name =JUICE_ROI_CAL_4_5_01
flyby =  ['2032 OCT 13 20:53:36', '2032 OCT 14 20:53:36']
Observation TW =  <SpiceCell dtype = 1, length = 0, size = 2800, card = 8, is_set = 1, adjust = 0, init = 1, base = 2554799152688, data = 2554799152736>
Res(t) =  [4.49800616 4.49969464 4.50138289 4.50307093 4.50475874 4.50644634
 4.50813372 4.50982088 4.51150781 4.51319453 4.51488103 4.51656731
 4.51825338 4.51993922 4.52162484 4.52331025 4.52499544 4.5266804
 4.52836515 4.53004969 4.531734   4.53341809 4.53510197 4.53678563
 4.53846907 4.54015229 4.5418353  4.54351809 4.54520066 4.54688301
 4.54856514 4.55024706 4.55192876 4.55361025 4.55529151 4.55697256
 4.55865339 4.56033401 4.56201441 4.56369459 4.56537455 4.5670543
 4.56873384 4.57041315 4.57209225 4.57377114 4.5754498  4.57712826
 4.57880649 4.58048451 4.58216232 4.58383991 4.58551728 4.58719444
 4.58887138 4.59054811 4.59222462 4.59390092 4.595577   4.59725287
 4.59892852 4.60060396 4.60227918 4.60395419 4.60562898 4.60730356
 4.60897793 4.61065208 4.61232602 4.61399974 4.61567325 4.61734655
 4.61901963 4.62069249 4.62236515 4.62403759 4.62570982 4.62738183
 4.62905363 4.63072522 4.63239659 4.63406775 4.6357387  4.63740944
 4.63907996 4.64075027 4.64242037 4.64409025 4.64575992 4.64742938
 4.64909863 4.65076767 4.65243649 4.6541051  4.6557735  4.65744169
 4.65910967 4.66077743 4.66244498 4.66411232 4.66577945 4.66744637
 4.66911308 4.67077958 4.67244586 4.67411194 4.6757778  4.67744345
 4.6791089  4.68077413 4.68243915 4.68410396 4.68576856 4.68743295
 4.68909713 4.6907611  4.69242486 4.69408841 4.69575175 4.69741488
 4.6990778  4.70074051 4.70240301 4.7040653  4.70572738 4.70738925
 4.70905092 4.71071237 4.71237362 4.71403465 4.71569548 4.7173561
 4.71901651 4.72067671 4.72233671 4.72399649 4.72565607 4.72731544
 4.7289746  4.73063355 4.7322923  4.73395083 4.73560916 4.73726728
 4.73892519 4.7405829  4.7422404  4.74389769 4.74555477 4.74721165
 4.74886832 4.75052478 4.75218103 4.75383708 4.75549292 4.75714856
 4.75880398 4.76045921 4.76211422 4.76376903 4.76542363 4.76707803
 4.76873222 4.7703862  4.77203998 4.77369355 4.77534692 4.77700008
 4.77865303 4.78030578 4.78195832 4.78361066 4.78526279 4.78691472
 4.78856644 4.79021796 4.79186927 4.79352038 4.79517128 4.79682198
 4.79847248 4.80012277 4.80177285 4.80342273 4.80507241 4.80672188
 4.80837114 4.81002021 4.81166907 4.81331772 4.81496617 4.81661442
 4.81826247 4.81991031 4.82155794 4.82320538 4.82485261 4.82649964
 4.82814646 4.82979308 4.8314395  4.83308571 4.83473173 4.83637754
 4.83802314 4.83966855 4.84131375 4.84295875 4.84460355 4.84624814
 4.84789254 4.84953673 4.85118072 4.8528245  4.85446809 4.85611147
 4.85775465 4.85939763 4.86104041 4.86268299 4.86432537 4.86596754
 4.86760951 4.86925129 4.87089286 4.87253423 4.8741754  4.87581637
 4.87745714 4.8790977  4.88073807 4.88237824 4.8840182  4.88565797
 4.88729754 4.8889369  4.89057607 4.89221503 4.8938538  4.89549237
 4.89713073 4.8987689  4.90040687 4.90204464 4.9036822  4.90531957
 4.90695674 4.90859372 4.91023049 4.91186706 4.91350344 4.91513961
 4.91677559 4.91841137 4.92004695 4.92168233 4.92331751 4.92495249
 4.92658728 4.92822187 4.92985626 4.93149045 4.93312445 4.93475824
 4.93639184 4.93802524 4.93965844 4.94129145 4.94292426 4.94455687
 4.94618928 4.9478215  4.94945352 4.95108534 4.95271697 4.9543484
 4.95597963 4.95761067 4.9592415  4.96087215 4.96250259 4.96413284
 4.9657629  4.96739275 4.96902241 4.97065188 4.97228115 4.97391022
 4.9755391  4.97716778 4.97879626 4.98042456 4.98205265 4.98368055
 4.98530825 4.98693576 4.98856308 4.99019019 4.99181712 4.99344385
 4.99507038 4.99669672 4.99832286 4.99994881 5.00157457 5.00320013
 5.0048255  5.00645067 5.00807565 5.00970043 5.01132502 5.01294942
 5.01457362 5.01619763 5.01782144 5.01944506 5.02106849 5.02269172
 5.02431476 5.02593761 5.02756026 5.02918272 5.03080499 5.03242707
 5.03404895 5.03567064 5.03729213 5.03891344 5.04053455 5.04215546
 5.04377619 5.04539672 5.04701706 5.04863721 5.05025717 5.05187693
 5.05349651 5.05511589 5.05673508 5.05835407 5.05997288 5.06159149
 5.06320991 5.06482814 5.06644618 5.06806403 5.06968169 5.07129915
 5.07291643 5.07453351 5.07615041 5.07776711 5.07938362 5.08099994
 5.08261607 5.08423201 5.08584776 5.08746332 5.08907869 5.09069387
 5.09230885 5.09392365 5.09553826 5.09715268 5.09876691 5.10038095
 5.1019948  5.10360846 5.10522193 5.10683521 5.1084483  5.1100612
 5.11167391 5.11328644 5.11489877 5.11651092 5.11812288 5.11973465
 5.12134623 5.12295762 5.12456882 5.12617983 5.12779066 5.1294013
 5.13101175 5.13262201 5.13423208 5.13584196 5.13745166 5.13906117
 5.14067049 5.14227963 5.14388857 5.14549733 5.1471059  5.14871428
 5.15032248 5.15193049 5.15353831 5.15514595 5.15675339 5.15836066
 5.15996773 5.16157462 5.16318132 5.16478783 5.16639416 5.1680003
 5.16960625 5.17121202 5.1728176  5.174423   5.17602821 5.17763323
 5.17923807 5.18084272 5.18244719 5.18405147 5.18565556 5.18725947
 5.1888632  5.19046673 5.19207009 5.19367325 5.19527624 5.19687903
 5.19848165 5.20008407 5.20168632 5.20328837 5.20489025 5.20649194
 5.20809344 5.20969476 5.21129589 5.21289685 5.21449761 5.21609819
 5.21769859 5.21929881 5.22089884 5.22249868 5.22409834 5.22569782
 5.22729712 5.22889623 5.23049516 5.2320939  5.23369246 5.23529084
 5.23688903 5.23848705 5.24008487 5.24168252 5.24327998 5.24487726
 5.24647436 5.24807127 5.249668   5.25126455 5.25286092 5.2544571
 5.25605311 5.25764892 5.25924456 5.26084002 5.26243529 5.26403038
 5.26562529 5.26722002 5.26881457 5.27040893 5.27200311 5.27359711
 5.27519093 5.27678457 5.27837803 5.27997131 5.2815644  5.28315732
 5.28475005 5.2863426  5.28793497 5.28952716 5.29111917 5.292711
 5.29430265 5.29589412 5.29748541 5.29907651 5.30066744 5.30225819
 5.30384876 5.30543914 5.30702935 5.30861938 5.31020923 5.31179889
 5.31338838 5.31497769 5.31656682 5.31815577 5.31974454 5.32133313
 5.32292154 5.32450978 5.32609783 5.3276857  5.3292734  5.33086092
 5.33244826 5.33403541 5.3356224  5.3372092  5.33879582 5.34038227
 5.34196854 5.34355462 5.34514054 5.34672627 5.34831182 5.3498972
 5.3514824  5.35306742 5.35465226 5.35623693 5.35782142 5.35940573
 5.36098986 5.36257382 5.3641576  5.3657412  5.36732462 5.36890787
 5.37049094 5.37207383 5.37365655 5.37523909 5.37682145 5.37840364
 5.37998565 5.38156748 5.38314914 5.38473062 5.38631192 5.38789305
 5.389474   5.39105478 5.39263537 5.3942158  5.39579605 5.39737612
 5.39895601 5.40053574 5.40211528 5.40369465 5.40527384 5.40685286
 5.40843171 5.41001038 5.41158887 5.41316719 5.41474533 5.4163233
 5.41790109 5.41947871 5.42105616 5.42263343 5.42421052 5.42578744
 5.42736419 5.42894076 5.43051716 5.43209338 5.43366943 5.4352453
 5.436821   5.43839653 5.43997188 5.44154706 5.44312207 5.4446969
 5.44627156 5.44784604 5.44942036 5.45099449 5.45256846 5.45414225
 5.45571587 5.45728932 5.45886259 5.46043569 5.46200862 5.46358137
 5.46515395 5.46672636 5.4682986  5.46987066 5.47144255 5.47301427
 5.47458582 5.47615719 5.47772839 5.47929942 5.48087028 5.48244097
 5.48401148 5.48558182 5.487152   5.48872199 5.49029182 5.49186148
 5.49343096 5.49500028 5.49656942 5.49813839 5.49970719 5.50127582
 5.50284427 5.50441256 5.50598068 5.50754862 5.5091164  5.510684
 5.51225143 5.51381869 5.51538579 5.51695271 5.51851946 5.52008604
 5.52165245 5.52321869 5.52478476 5.52635066 5.52791639 5.52948195
 5.53104734 5.53261257 5.53417762 5.5357425  5.53730721 5.53887176
 5.54043613 5.54200033 5.54356437 5.54512824 5.54669193 5.54825546
 5.54981882 5.55138201 5.55294503 5.55450788 5.55607057 5.55763308
 5.55919543 5.56075761 5.56231962 5.56388146 5.56544313 5.56700464
 5.56856598 5.57012715 5.57168815 5.57324898 5.57480965 5.57637014
 5.57793047 5.57949064 5.58105063 5.58261046 5.58417012 5.58572961
 5.58728894 5.58884809 5.59040709 5.59196591 5.59352457 5.59508306
 5.59664138 5.59819954 5.59975752 5.60131535 5.602873   5.60443049
 5.60598782 5.60754497 5.60910196 5.61065879 5.61221544 5.61377194
 5.61532826 5.61688442 5.61844042 5.61999624 5.62155191 5.6231074
 5.62466273 5.6262179  5.6277729  5.62932773 5.6308824  5.6324369
 5.63399124 5.63554541 5.63709942 5.63865326 5.64020694 5.64176045
 5.6433138  5.64486699 5.64642    5.64797286 5.64952555 5.65107807
 5.65263043 5.65418263 5.65573466 5.65728653 5.65883823 5.66038977
 5.66194114 5.66349235 5.6650434  5.66659428 5.668145   5.66969556
 5.67124595 5.67279618 5.67434624 5.67589615 5.67744588 5.67899546
 5.68054487 5.68209412 5.6836432  5.68519212 5.68674088 5.68828948
 5.68983791 5.69138618 5.69293429 5.69448224 5.69603002 5.69757764
 5.6991251  5.70067239 5.70221953 5.7037665  5.7053133  5.70685995
 5.70840643 5.70995276 5.71149892 5.71304492 5.71459075 5.71613643
 5.71768194 5.71922729 5.72077248 5.72231751 5.72386238 5.72540708
 5.72695163 5.72849601 5.73004023 5.73158429 5.73312819 5.73467193
 5.73621551 5.73775893 5.73930219 5.74084528 5.74238822 5.74393099
 5.74547361 5.74701606 5.74855835 5.75010049 5.75164246 5.75318427
 5.75472593 5.75626742 5.75780875 5.75934993 5.76089094 5.76243179
 5.76397249 5.76551302 5.76705339 5.76859361 5.77013366 5.77167356
 5.7732133  5.77475287 5.77629229 5.77783155 5.77937065 5.78090959
 5.78244837 5.783987   5.78552546 5.78706377 5.78860191 5.7901399
 5.79167773 5.7932154  5.79475292 5.79629027 5.79782747 5.79936451
 5.80090139 5.80243811 5.80397467 5.80551108 5.80704733 5.80858342
 5.81011935 5.81165512 5.81319074 5.8147262  5.8162615  5.81779664
 5.81933163 5.82086646 5.82240113 5.82393565 5.82547001 5.82700421
 5.82853825 5.83007214 5.83160587 5.83313944 5.83467286 5.83620612
 5.83773922 5.83927217 5.84080496 5.84233759 5.84387007 5.84540239
 5.84693455 5.84846656 5.84999841 5.85153011 5.85306165 5.85459303
 5.85612426 5.85765534 5.85918625 5.86071701 5.86224762 5.86377807
 5.86530836 5.8668385  5.86836849 5.86989831 5.87142799 5.87295751
 5.87448687 5.87601608 5.87754513 5.87907403 5.88060277 5.88213136
 5.88365979 5.88518807 5.88671619 5.88824416 5.88977198 5.89129964
 5.89282715 5.8943545  5.89588169 5.89740874 5.89893563 5.90046236
 5.90198894 5.90351537 5.90504165 5.90656776 5.90809373 5.90961954
 5.9111452  5.91267071 5.91419606 5.91572126 5.9172463  5.91877119
 5.92029593 5.92182052 5.92334495 5.92486923 5.92639335 5.92791732
 5.92944114 5.93096481 5.93248833 5.93401169 5.9355349  5.93705795
 5.93858086 5.94010361 5.94162621 5.94314865 5.94467095 5.94619309
 5.94771508 5.94923692 5.95075861 5.95228014 5.95380152 5.95532275
 5.95684383 5.95836476 5.95988553 5.96140616 5.96292663 5.96444695
 5.96596712 5.96748714 5.969007   5.97052672 5.97204628 5.97356569
 5.97508496 5.97660407 5.97812303 5.97964184 5.98116049 5.982679
 5.98419736 5.98571557 5.98723362 5.98875153 5.99026928 5.99178689
 5.99330434 5.99482164 5.9963388  5.9978558  5.99937265 6.00088936
 6.00240591 6.00392231 6.00543857 6.00695467 6.00847063 6.00998643
 6.01150209 6.01301759 6.01453295 6.01604815 6.01756321 6.01907812
 6.02059288 6.02210749 6.02362195 6.02513626 6.02665042 6.02816443
 6.0296783  6.03119201 6.03270558 6.034219   6.03573227 6.03724539
 6.03875836 6.04027119 6.04178386 6.04329639 6.04480877 6.046321
 6.04783308 6.04934501 6.0508568  6.05236844 6.05387993 6.05539127
 6.05690247 6.05841351 6.05992441 6.06143517 6.06294577 6.06445623
 6.06596654 6.0674767  6.06898671 6.07049658 6.0720063  6.07351587
 6.0750253  6.07653458 6.07804371 6.07955269 6.08106153 6.08257022
 6.08407877 6.08558716 6.08709542 6.08860352]
t =  [1.03465787e+09 1.03465788e+09 1.03465789e+09 1.03465791e+09
 1.03465792e+09 1.03465794e+09 1.03465795e+09 1.03465796e+09
 1.03465798e+09 1.03465799e+09 1.03465801e+09 1.03465802e+09
 1.03465804e+09 1.03465805e+09 1.03465806e+09 1.03465808e+09
 1.03465809e+09 1.03465811e+09 1.03465812e+09 1.03465814e+09
 1.03465815e+09 1.03465816e+09 1.03465818e+09 1.03465819e+09
 1.03465821e+09 1.03465822e+09 1.03465824e+09 1.03465825e+09
 1.03465826e+09 1.03465828e+09 1.03465829e+09 1.03465831e+09
 1.03465832e+09 1.03465833e+09 1.03465835e+09 1.03465836e+09
 1.03465838e+09 1.03465839e+09 1.03465841e+09 1.03465842e+09
 1.03465843e+09 1.03465845e+09 1.03465846e+09 1.03465848e+09
 1.03465849e+09 1.03465851e+09 1.03465852e+09 1.03465853e+09
 1.03465855e+09 1.03465856e+09 1.03465858e+09 1.03465859e+09
 1.03465861e+09 1.03465862e+09 1.03465863e+09 1.03465865e+09
 1.03465866e+09 1.03465868e+09 1.03465869e+09 1.03465871e+09
 1.03465872e+09 1.03465873e+09 1.03465875e+09 1.03465876e+09
 1.03465878e+09 1.03465879e+09 1.03465880e+09 1.03465882e+09
 1.03465883e+09 1.03465885e+09 1.03465886e+09 1.03465888e+09
 1.03465889e+09 1.03465890e+09 1.03465892e+09 1.03465893e+09
 1.03465895e+09 1.03465896e+09 1.03465898e+09 1.03465899e+09
 1.03465900e+09 1.03465902e+09 1.03465903e+09 1.03465905e+09
 1.03465906e+09 1.03465908e+09 1.03465909e+09 1.03465910e+09
 1.03465912e+09 1.03465913e+09 1.03465915e+09 1.03465916e+09
 1.03465917e+09 1.03465919e+09 1.03465920e+09 1.03465922e+09
 1.03465923e+09 1.03465925e+09 1.03465926e+09 1.03465927e+09
 1.03465929e+09 1.03465930e+09 1.03465932e+09 1.03465933e+09
 1.03465935e+09 1.03465936e+09 1.03465937e+09 1.03465939e+09
 1.03465940e+09 1.03465942e+09 1.03465943e+09 1.03465945e+09
 1.03465946e+09 1.03465947e+09 1.03465949e+09 1.03465950e+09
 1.03465952e+09 1.03465953e+09 1.03465954e+09 1.03465956e+09
 1.03465957e+09 1.03465959e+09 1.03465960e+09 1.03465962e+09
 1.03465963e+09 1.03465964e+09 1.03465966e+09 1.03465967e+09
 1.03465969e+09 1.03465970e+09 1.03465972e+09 1.03465973e+09
 1.03465974e+09 1.03465976e+09 1.03465977e+09 1.03465979e+09
 1.03465980e+09 1.03465982e+09 1.03465983e+09 1.03465984e+09
 1.03465986e+09 1.03465987e+09 1.03465989e+09 1.03465990e+09
 1.03465991e+09 1.03465993e+09 1.03465994e+09 1.03465996e+09
 1.03465997e+09 1.03465999e+09 1.03466000e+09 1.03466001e+09
 1.03466003e+09 1.03466004e+09 1.03466006e+09 1.03466007e+09
 1.03466009e+09 1.03466010e+09 1.03466011e+09 1.03466013e+09
 1.03466014e+09 1.03466016e+09 1.03466017e+09 1.03466019e+09
 1.03466020e+09 1.03466021e+09 1.03466023e+09 1.03466024e+09
 1.03466026e+09 1.03466027e+09 1.03466029e+09 1.03466030e+09
 1.03466031e+09 1.03466033e+09 1.03466034e+09 1.03466036e+09
 1.03466037e+09 1.03466038e+09 1.03466040e+09 1.03466041e+09
 1.03466043e+09 1.03466044e+09 1.03466046e+09 1.03466047e+09
 1.03466048e+09 1.03466050e+09 1.03466051e+09 1.03466053e+09
 1.03466054e+09 1.03466056e+09 1.03466057e+09 1.03466058e+09
 1.03466060e+09 1.03466061e+09 1.03466063e+09 1.03466064e+09
 1.03466066e+09 1.03466067e+09 1.03466068e+09 1.03466070e+09
 1.03466071e+09 1.03466073e+09 1.03466074e+09 1.03466075e+09
 1.03466077e+09 1.03466078e+09 1.03466080e+09 1.03466081e+09
 1.03466083e+09 1.03466084e+09 1.03466085e+09 1.03466087e+09
 1.03466088e+09 1.03466090e+09 1.03466091e+09 1.03466093e+09
 1.03466094e+09 1.03466095e+09 1.03466097e+09 1.03466098e+09
 1.03466100e+09 1.03466101e+09 1.03466103e+09 1.03466104e+09
 1.03466105e+09 1.03466107e+09 1.03466108e+09 1.03466110e+09
 1.03466111e+09 1.03466112e+09 1.03466114e+09 1.03466115e+09
 1.03466117e+09 1.03466118e+09 1.03466120e+09 1.03466121e+09
 1.03466122e+09 1.03466124e+09 1.03466125e+09 1.03466127e+09
 1.03466128e+09 1.03466130e+09 1.03466131e+09 1.03466132e+09
 1.03466134e+09 1.03466135e+09 1.03466137e+09 1.03466138e+09
 1.03466140e+09 1.03466141e+09 1.03466142e+09 1.03466144e+09
 1.03466145e+09 1.03466147e+09 1.03466148e+09 1.03466149e+09
 1.03466151e+09 1.03466152e+09 1.03466154e+09 1.03466155e+09
 1.03466157e+09 1.03466158e+09 1.03466159e+09 1.03466161e+09
 1.03466162e+09 1.03466164e+09 1.03466165e+09 1.03466167e+09
 1.03466168e+09 1.03466169e+09 1.03466171e+09 1.03466172e+09
 1.03466174e+09 1.03466175e+09 1.03466177e+09 1.03466178e+09
 1.03466179e+09 1.03466181e+09 1.03466182e+09 1.03466184e+09
 1.03466185e+09 1.03466187e+09 1.03466188e+09 1.03466189e+09
 1.03466191e+09 1.03466192e+09 1.03466194e+09 1.03466195e+09
 1.03466196e+09 1.03466198e+09 1.03466199e+09 1.03466201e+09
 1.03466202e+09 1.03466204e+09 1.03466205e+09 1.03466206e+09
 1.03466208e+09 1.03466209e+09 1.03466211e+09 1.03466212e+09
 1.03466214e+09 1.03466215e+09 1.03466216e+09 1.03466218e+09
 1.03466219e+09 1.03466221e+09 1.03466222e+09 1.03466224e+09
 1.03466225e+09 1.03466226e+09 1.03466228e+09 1.03466229e+09
 1.03466231e+09 1.03466232e+09 1.03466233e+09 1.03466235e+09
 1.03466236e+09 1.03466238e+09 1.03466239e+09 1.03466241e+09
 1.03466242e+09 1.03466243e+09 1.03466245e+09 1.03466246e+09
 1.03466248e+09 1.03466249e+09 1.03466251e+09 1.03466252e+09
 1.03466253e+09 1.03466255e+09 1.03466256e+09 1.03466258e+09
 1.03466259e+09 1.03466261e+09 1.03466262e+09 1.03466263e+09
 1.03466265e+09 1.03466266e+09 1.03466268e+09 1.03466269e+09
 1.03466270e+09 1.03466272e+09 1.03466273e+09 1.03466275e+09
 1.03466276e+09 1.03466278e+09 1.03466279e+09 1.03466280e+09
 1.03466282e+09 1.03466283e+09 1.03466285e+09 1.03466286e+09
 1.03466288e+09 1.03466289e+09 1.03466290e+09 1.03466292e+09
 1.03466293e+09 1.03466295e+09 1.03466296e+09 1.03466298e+09
 1.03466299e+09 1.03466300e+09 1.03466302e+09 1.03466303e+09
 1.03466305e+09 1.03466306e+09 1.03466307e+09 1.03466309e+09
 1.03466310e+09 1.03466312e+09 1.03466313e+09 1.03466315e+09
 1.03466316e+09 1.03466317e+09 1.03466319e+09 1.03466320e+09
 1.03466322e+09 1.03466323e+09 1.03466325e+09 1.03466326e+09
 1.03466327e+09 1.03466329e+09 1.03466330e+09 1.03466332e+09
 1.03466333e+09 1.03466335e+09 1.03466336e+09 1.03466337e+09
 1.03466339e+09 1.03466340e+09 1.03466342e+09 1.03466343e+09
 1.03466345e+09 1.03466346e+09 1.03466347e+09 1.03466349e+09
 1.03466350e+09 1.03466352e+09 1.03466353e+09 1.03466354e+09
 1.03466356e+09 1.03466357e+09 1.03466359e+09 1.03466360e+09
 1.03466362e+09 1.03466363e+09 1.03466364e+09 1.03466366e+09
 1.03466367e+09 1.03466369e+09 1.03466370e+09 1.03466372e+09
 1.03466373e+09 1.03466374e+09 1.03466376e+09 1.03466377e+09
 1.03466379e+09 1.03466380e+09 1.03466382e+09 1.03466383e+09
 1.03466384e+09 1.03466386e+09 1.03466387e+09 1.03466389e+09
 1.03466390e+09 1.03466391e+09 1.03466393e+09 1.03466394e+09
 1.03466396e+09 1.03466397e+09 1.03466399e+09 1.03466400e+09
 1.03466401e+09 1.03466403e+09 1.03466404e+09 1.03466406e+09
 1.03466407e+09 1.03466409e+09 1.03466410e+09 1.03466411e+09
 1.03466413e+09 1.03466414e+09 1.03466416e+09 1.03466417e+09
 1.03466419e+09 1.03466420e+09 1.03466421e+09 1.03466423e+09
 1.03466424e+09 1.03466426e+09 1.03466427e+09 1.03466428e+09
 1.03466430e+09 1.03466431e+09 1.03466433e+09 1.03466434e+09
 1.03466436e+09 1.03466437e+09 1.03466438e+09 1.03466440e+09
 1.03466441e+09 1.03466443e+09 1.03466444e+09 1.03466446e+09
 1.03466447e+09 1.03466448e+09 1.03466450e+09 1.03466451e+09
 1.03466453e+09 1.03466454e+09 1.03466456e+09 1.03466457e+09
 1.03466458e+09 1.03466460e+09 1.03466461e+09 1.03466463e+09
 1.03466464e+09 1.03466465e+09 1.03466467e+09 1.03466468e+09
 1.03466470e+09 1.03466471e+09 1.03466473e+09 1.03466474e+09
 1.03466475e+09 1.03466477e+09 1.03466478e+09 1.03466480e+09
 1.03466481e+09 1.03466483e+09 1.03466484e+09 1.03466485e+09
 1.03466487e+09 1.03466488e+09 1.03466490e+09 1.03466491e+09
 1.03466493e+09 1.03466494e+09 1.03466495e+09 1.03466497e+09
 1.03466498e+09 1.03466500e+09 1.03466501e+09 1.03466503e+09
 1.03466504e+09 1.03466505e+09 1.03466507e+09 1.03466508e+09
 1.03466510e+09 1.03466511e+09 1.03466512e+09 1.03466514e+09
 1.03466515e+09 1.03466517e+09 1.03466518e+09 1.03466520e+09
 1.03466521e+09 1.03466522e+09 1.03466524e+09 1.03466525e+09
 1.03466527e+09 1.03466528e+09 1.03466530e+09 1.03466531e+09
 1.03466532e+09 1.03466534e+09 1.03466535e+09 1.03466537e+09
 1.03466538e+09 1.03466540e+09 1.03466541e+09 1.03466542e+09
 1.03466544e+09 1.03466545e+09 1.03466547e+09 1.03466548e+09
 1.03466549e+09 1.03466551e+09 1.03466552e+09 1.03466554e+09
 1.03466555e+09 1.03466557e+09 1.03466558e+09 1.03466559e+09
 1.03466561e+09 1.03466562e+09 1.03466564e+09 1.03466565e+09
 1.03466567e+09 1.03466568e+09 1.03466569e+09 1.03466571e+09
 1.03466572e+09 1.03466574e+09 1.03466575e+09 1.03466577e+09
 1.03466578e+09 1.03466579e+09 1.03466581e+09 1.03466582e+09
 1.03466584e+09 1.03466585e+09 1.03466586e+09 1.03466588e+09
 1.03466589e+09 1.03466591e+09 1.03466592e+09 1.03466594e+09
 1.03466595e+09 1.03466596e+09 1.03466598e+09 1.03466599e+09
 1.03466601e+09 1.03466602e+09 1.03466604e+09 1.03466605e+09
 1.03466606e+09 1.03466608e+09 1.03466609e+09 1.03466611e+09
 1.03466612e+09 1.03466614e+09 1.03466615e+09 1.03466616e+09
 1.03466618e+09 1.03466619e+09 1.03466621e+09 1.03466622e+09
 1.03466623e+09 1.03466625e+09 1.03466626e+09 1.03466628e+09
 1.03466629e+09 1.03466631e+09 1.03466632e+09 1.03466633e+09
 1.03466635e+09 1.03466636e+09 1.03466638e+09 1.03466639e+09
 1.03466641e+09 1.03466642e+09 1.03466643e+09 1.03466645e+09
 1.03466646e+09 1.03466648e+09 1.03466649e+09 1.03466651e+09
 1.03466652e+09 1.03466653e+09 1.03466655e+09 1.03466656e+09
 1.03466658e+09 1.03466659e+09 1.03466661e+09 1.03466662e+09
 1.03466663e+09 1.03466665e+09 1.03466666e+09 1.03466668e+09
 1.03466669e+09 1.03466670e+09 1.03466672e+09 1.03466673e+09
 1.03466675e+09 1.03466676e+09 1.03466678e+09 1.03466679e+09
 1.03466680e+09 1.03466682e+09 1.03466683e+09 1.03466685e+09
 1.03466686e+09 1.03466688e+09 1.03466689e+09 1.03466690e+09
 1.03466692e+09 1.03466693e+09 1.03466695e+09 1.03466696e+09
 1.03466698e+09 1.03466699e+09 1.03466700e+09 1.03466702e+09
 1.03466703e+09 1.03466705e+09 1.03466706e+09 1.03466707e+09
 1.03466709e+09 1.03466710e+09 1.03466712e+09 1.03466713e+09
 1.03466715e+09 1.03466716e+09 1.03466717e+09 1.03466719e+09
 1.03466720e+09 1.03466722e+09 1.03466723e+09 1.03466725e+09
 1.03466726e+09 1.03466727e+09 1.03466729e+09 1.03466730e+09
 1.03466732e+09 1.03466733e+09 1.03466735e+09 1.03466736e+09
 1.03466737e+09 1.03466739e+09 1.03466740e+09 1.03466742e+09
 1.03466743e+09 1.03466744e+09 1.03466746e+09 1.03466747e+09
 1.03466749e+09 1.03466750e+09 1.03466752e+09 1.03466753e+09
 1.03466754e+09 1.03466756e+09 1.03466757e+09 1.03466759e+09
 1.03466760e+09 1.03466762e+09 1.03466763e+09 1.03466764e+09
 1.03466766e+09 1.03466767e+09 1.03466769e+09 1.03466770e+09
 1.03466772e+09 1.03466773e+09 1.03466774e+09 1.03466776e+09
 1.03466777e+09 1.03466779e+09 1.03466780e+09 1.03466781e+09
 1.03466783e+09 1.03466784e+09 1.03466786e+09 1.03466787e+09
 1.03466789e+09 1.03466790e+09 1.03466791e+09 1.03466793e+09
 1.03466794e+09 1.03466796e+09 1.03466797e+09 1.03466799e+09
 1.03466800e+09 1.03466801e+09 1.03466803e+09 1.03466804e+09
 1.03466806e+09 1.03466807e+09 1.03466809e+09 1.03466810e+09
 1.03466811e+09 1.03466813e+09 1.03466814e+09 1.03466816e+09
 1.03466817e+09 1.03466819e+09 1.03466820e+09 1.03466821e+09
 1.03466823e+09 1.03466824e+09 1.03466826e+09 1.03466827e+09
 1.03466828e+09 1.03466830e+09 1.03466831e+09 1.03466833e+09
 1.03466834e+09 1.03466836e+09 1.03466837e+09 1.03466838e+09
 1.03466840e+09 1.03466841e+09 1.03466843e+09 1.03466844e+09
 1.03466846e+09 1.03466847e+09 1.03466848e+09 1.03466850e+09
 1.03466851e+09 1.03466853e+09 1.03466854e+09 1.03466856e+09
 1.03466857e+09 1.03466858e+09 1.03466860e+09 1.03466861e+09
 1.03466863e+09 1.03466864e+09 1.03466865e+09 1.03466867e+09
 1.03466868e+09 1.03466870e+09 1.03466871e+09 1.03466873e+09
 1.03466874e+09 1.03466875e+09 1.03466877e+09 1.03466878e+09
 1.03466880e+09 1.03466881e+09 1.03466883e+09 1.03466884e+09
 1.03466885e+09 1.03466887e+09 1.03466888e+09 1.03466890e+09
 1.03466891e+09 1.03466893e+09 1.03466894e+09 1.03466895e+09
 1.03466897e+09 1.03466898e+09 1.03466900e+09 1.03466901e+09
 1.03466902e+09 1.03466904e+09 1.03466905e+09 1.03466907e+09
 1.03466908e+09 1.03466910e+09 1.03466911e+09 1.03466912e+09
 1.03466914e+09 1.03466915e+09 1.03466917e+09 1.03466918e+09
 1.03466920e+09 1.03466921e+09 1.03466922e+09 1.03466924e+09
 1.03466925e+09 1.03466927e+09 1.03466928e+09 1.03466930e+09
 1.03466931e+09 1.03466932e+09 1.03466934e+09 1.03466935e+09
 1.03466937e+09 1.03466938e+09 1.03466939e+09 1.03466941e+09
 1.03466942e+09 1.03466944e+09 1.03466945e+09 1.03466947e+09
 1.03466948e+09 1.03466949e+09 1.03466951e+09 1.03466952e+09
 1.03466954e+09 1.03466955e+09 1.03466957e+09 1.03466958e+09
 1.03466959e+09 1.03466961e+09 1.03466962e+09 1.03466964e+09
 1.03466965e+09 1.03466967e+09 1.03466968e+09 1.03466969e+09
 1.03466971e+09 1.03466972e+09 1.03466974e+09 1.03466975e+09
 1.03466977e+09 1.03466978e+09 1.03466979e+09 1.03466981e+09
 1.03466982e+09 1.03466984e+09 1.03466985e+09 1.03466986e+09
 1.03466988e+09 1.03466989e+09 1.03466991e+09 1.03466992e+09
 1.03466994e+09 1.03466995e+09 1.03466996e+09 1.03466998e+09
 1.03466999e+09 1.03467001e+09 1.03467002e+09 1.03467004e+09
 1.03467005e+09 1.03467006e+09 1.03467008e+09 1.03467009e+09
 1.03467011e+09 1.03467012e+09 1.03467014e+09 1.03467015e+09
 1.03467016e+09 1.03467018e+09 1.03467019e+09 1.03467021e+09
 1.03467022e+09 1.03467023e+09 1.03467025e+09 1.03467026e+09
 1.03467028e+09 1.03467029e+09 1.03467031e+09 1.03467032e+09
 1.03467033e+09 1.03467035e+09 1.03467036e+09 1.03467038e+09
 1.03467039e+09 1.03467041e+09 1.03467042e+09 1.03467043e+09
 1.03467045e+09 1.03467046e+09 1.03467048e+09 1.03467049e+09
 1.03467051e+09 1.03467052e+09 1.03467053e+09 1.03467055e+09
 1.03467056e+09 1.03467058e+09 1.03467059e+09 1.03467060e+09
 1.03467062e+09 1.03467063e+09 1.03467065e+09 1.03467066e+09
 1.03467068e+09 1.03467069e+09 1.03467070e+09 1.03467072e+09
 1.03467073e+09 1.03467075e+09 1.03467076e+09 1.03467078e+09
 1.03467079e+09 1.03467080e+09 1.03467082e+09 1.03467083e+09
 1.03467085e+09 1.03467086e+09 1.03467088e+09 1.03467089e+09
 1.03467090e+09 1.03467092e+09 1.03467093e+09 1.03467095e+09
 1.03467096e+09 1.03467097e+09 1.03467099e+09 1.03467100e+09
 1.03467102e+09 1.03467103e+09 1.03467105e+09 1.03467106e+09
 1.03467107e+09 1.03467109e+09 1.03467110e+09 1.03467112e+09
 1.03467113e+09 1.03467115e+09 1.03467116e+09 1.03467117e+09
 1.03467119e+09 1.03467120e+09 1.03467122e+09 1.03467123e+09
 1.03467125e+09 1.03467126e+09 1.03467127e+09 1.03467129e+09
 1.03467130e+09 1.03467132e+09 1.03467133e+09 1.03467135e+09
 1.03467136e+09 1.03467137e+09 1.03467139e+09 1.03467140e+09
 1.03467142e+09 1.03467143e+09 1.03467144e+09 1.03467146e+09
 1.03467147e+09 1.03467149e+09 1.03467150e+09 1.03467152e+09
 1.03467153e+09 1.03467154e+09 1.03467156e+09 1.03467157e+09
 1.03467159e+09 1.03467160e+09 1.03467162e+09 1.03467163e+09
 1.03467164e+09 1.03467166e+09 1.03467167e+09 1.03467169e+09
 1.03467170e+09 1.03467172e+09 1.03467173e+09 1.03467174e+09
 1.03467176e+09 1.03467177e+09 1.03467179e+09 1.03467180e+09
 1.03467181e+09 1.03467183e+09 1.03467184e+09 1.03467186e+09
 1.03467187e+09 1.03467189e+09 1.03467190e+09 1.03467191e+09
 1.03467193e+09 1.03467194e+09 1.03467196e+09 1.03467197e+09
 1.03467199e+09 1.03467200e+09 1.03467201e+09 1.03467203e+09
 1.03467204e+09 1.03467206e+09 1.03467207e+09 1.03467209e+09]
minRes = 4.498006160220557
minResTime =  [1.03465787e+09]
