name =JUICE_ROI_CAL_6_1_01
flyby =  ['2033 MAR 04 14:44:09', '2033 MAR 05 14:44:09']
Observation TW =  <SpiceCell dtype = 1, length = 0, size = 2600, card = 6, is_set = 1, adjust = 0, init = 1, base = 2554801829888, data = 2554801829936>
Res(t) =  [3.11983603 3.11752314 3.11521056 3.11289828 3.11058632 3.10827467
 3.10596332 3.10365228 3.10134155 3.09903113 3.09672102 3.09441122
 3.09210172 3.08979253 3.08748365 3.08517508 3.08286682 3.08055886
 3.07825121 3.07594387 3.07363684 3.07133012 3.0690237  3.06671759
 3.06441179 3.0621063  3.05980111 3.05749623 3.05519166 3.0528874
 3.05058345 3.0482798  3.04597646 3.04367342 3.0413707  3.03906828
 3.03676617 3.03446436 3.03216287 3.02986168 3.02756079 3.02526022
 3.02295995 3.02065999 3.01836033 3.01606098 3.01376194 3.01146321
 3.00916478 3.00686666 3.00456885 3.00227134 2.99997414 2.99767724
 2.99538066 2.99308437 2.9907884  2.98849273 2.98619737 2.98390231
 2.98160756 2.97931312 2.97701898 2.97472515 2.97243163 2.97013841
 2.9678455  2.96555289 2.96326059 2.9609686  2.95867691 2.95638553
 2.95409445 2.95180368 2.94951322 2.94722306 2.94493321 2.94264366
 2.94035442 2.93806548 2.93577685 2.93348853 2.93120051 2.9289128
 2.92662539 2.92433829 2.92205149 2.919765   2.91747881 2.91519293
 2.91290735 2.91062208 2.90833712 2.90605246 2.90376811 2.90148406
 2.89920031 2.89691687 2.89463374 2.89235091 2.89006839 2.88778617
 2.88550426 2.88322265 2.88094134 2.87866034 2.87637965 2.87409926
 2.87181918 2.8695394  2.86725992 2.86498075 2.86270189 2.86042333
 2.85814507 2.85586712 2.85358947 2.85131213 2.84903509 2.84675836
 2.84448193 2.84220581 2.83992999 2.83765447 2.83537926 2.83310435
 2.83082975 2.82855545 2.82628146 2.82400777 2.82173439 2.81946131
 2.81718853 2.81491606 2.81264389 2.81037203 2.80810047 2.80582921
 2.80355826 2.80128761 2.79901727 2.79674723 2.7944775  2.79220806
 2.78993894 2.78767011 2.78540159 2.78313338 2.78086547 2.77859786
 2.77633056 2.77406356 2.77179686 2.76953047 2.76726438 2.7649986
 2.76273312 2.76046794 2.75820306 2.7559385  2.75367423 2.75141027
 2.74914661 2.74688325 2.7446202  2.74235746 2.74009501 2.73783287
 2.73557103 2.7333095  2.73104827 2.72878735 2.72652672 2.7242664
 2.72200639 2.71974668 2.71748727 2.71522816 2.71296936 2.71071086
 2.70845267 2.70619478 2.70393719 2.70167991 2.69942293 2.69716625
 2.69490987 2.6926538  2.69039804 2.68814257 2.68588741 2.68363255
 2.681378   2.67912375 2.6768698  2.67461616 2.67236282 2.67010978
 2.66785705 2.66560462 2.66335249 2.66110067 2.65884914 2.65659793
 2.65434701 2.6520964  2.64984609 2.64759609 2.64534639 2.64309699
 2.6408479  2.63859911 2.63635062 2.63410243 2.63185455 2.62960697
 2.6273597  2.62511273 2.62286606 2.62061969 2.61837363 2.61612787
 2.61388242 2.61163726 2.60939242 2.60714787 2.60490363 2.60265969
 2.60041605 2.59817272 2.59592969 2.59368697 2.59144454 2.58920242
 2.58696061 2.5847191  2.58247789 2.58023698 2.57799638 2.57575608
 2.57351608 2.57127639 2.569037   2.56679792 2.56455913 2.56232065
 2.56008248 2.55784461 2.55560704 2.55336977 2.55113281 2.54889615
 2.5466598  2.54442375 2.542188   2.53995255 2.53771741 2.53548258
 2.53324804 2.53101381 2.52877989 2.52654626 2.52431294 2.52207993
 2.51984722 2.51761481 2.5153827  2.5131509  2.5109194  2.50868821
 2.50645732 2.50422673 2.50199645 2.49976647 2.4975368  2.49530743
 2.49307836 2.4908496  2.48862114 2.48639298 2.48416513 2.48193759
 2.47971034 2.4774834  2.47525677 2.47303044 2.47080441 2.46857869
 2.46635327 2.46412815 2.46190334 2.45967884 2.45745464 2.45523074
 2.45300715 2.45078386 2.44856087 2.44633819 2.44411582 2.44189374
 2.43967198 2.43745052 2.43522936 2.43300851 2.43078796 2.42856771
 2.42634777 2.42412814 2.42190881 2.41968979 2.41747107 2.41525265
 2.41303454 2.41081674 2.40859924 2.40638204 2.40416515 2.40194857
 2.39973229 2.39751631 2.39530064 2.39308528 2.39087022 2.38865547
 2.38644102 2.38422688 2.38201304 2.37979951 2.37758628 2.37537336
 2.37316074 2.37094844 2.36873643 2.36652473 2.36431334 2.36210226
 2.35989148 2.357681   2.35547084 2.35326097 2.35105142 2.34884217
 2.34663323 2.34442459 2.34221626 2.34000823 2.33780052 2.33559311
 2.333386   2.3311792  2.32897271 2.32676653 2.32456065 2.32235508
 2.32014981 2.31794486 2.31574021 2.31353586 2.31133183 2.3091281
 2.30692468 2.30472157 2.30251876 2.30031626 2.29811407 2.29591219
 2.29371061 2.29150934 2.28930838 2.28710773 2.28490738 2.28270735
 2.28050762 2.2783082  2.27610909 2.27391028 2.27171179 2.2695136
 2.26731572 2.26511815 2.26292089 2.26072394 2.25852729 2.25633096
 2.25413493 2.25193922 2.24974381 2.24754871 2.24535392 2.24315944
 2.24096527 2.23877141 2.23657786 2.23438462 2.23219169 2.22999907
 2.22780675 2.22561475 2.22342306 2.22123168 2.21904061 2.21684985
 2.2146594  2.21246926 2.21027943 2.20808991 2.20590071 2.20371181
 2.20152323 2.19933495 2.19714699 2.19495934 2.192772   2.19058497
 2.18839826 2.18621185 2.18402576 2.18183998 2.17965451 2.17746936
 2.17528451 2.17309998 2.17091576 2.16873185 2.16654826 2.16436498
 2.16218201 2.15999936 2.15781702 2.15563499 2.15345327 2.15127187
 2.14909078 2.14691001 2.14472955 2.1425494  2.14036957 2.13819006
 2.13601085 2.13383196 2.13165339 2.12947513 2.12729718 2.12511956
 2.12294224 2.12076524 2.11858856 2.11641219 2.11423614 2.1120604
 2.10988498 2.10770987 2.10553508 2.10336061 2.10118646 2.09901262
 2.09683909 2.09466589 2.092493   2.09032043 2.08814817 2.08597623
 2.08380461 2.08163331 2.07946233 2.07729166 2.07512132 2.07295129
 2.07078158 2.06861218 2.06644311 2.06427436 2.06210592 2.0599378
 2.05777001 2.05560253 2.05343537 2.05126854 2.04910202 2.04693582
 2.04476994 2.04260439 2.04043915 2.03827424 2.03610965 2.03394537
 2.03178142 2.02961779 2.02745449 2.0252915  2.02312884 2.0209665
 2.01880448 2.01664278 2.01448141 2.01232036 2.01015963 2.00799923
 2.00583915 2.0036794  2.00151997 1.99936086 1.99720208 1.99504362
 1.99288548 1.99072768 1.98857019 1.98641303 1.9842562  1.9820997
 1.97994351 1.97778766 1.97563213 1.97347693 1.97132206 1.96916751
 1.96701329 1.9648594  1.96270583 1.9605526  1.95839969 1.95624711
 1.95409486 1.95194293 1.94979134 1.94764008 1.94548914 1.94333854
 1.94118826 1.93903832 1.9368887  1.93473942 1.93259046 1.93044184
 1.92829355 1.92614559 1.92399797 1.92185067 1.91970371 1.91755708
 1.91541079 1.91326482 1.91111919 1.9089739  1.90682894 1.90468431
 1.90254002 1.90039606 1.89825243 1.89610915 1.89396619 1.89182358
 1.8896813  1.88753935 1.88539775 1.88325648 1.88111554 1.87897495
 1.87683469 1.87469477 1.87255519 1.87041595 1.86827704 1.86613848
 1.86400026 1.86186237 1.85972483 1.85758762 1.85545076 1.85331424
 1.85117806 1.84904222 1.84690673 1.84477157 1.84263676 1.84050229
 1.83836817 1.83623439 1.83410095 1.83196786 1.82983511 1.82770271
 1.82557065 1.82343894 1.82130758 1.81917656 1.81704589 1.81491556
 1.81278559 1.81065596 1.80852668 1.80639774 1.80426916 1.80214093
 1.80001304 1.79788551 1.79575833 1.79363149 1.79150501 1.78937888
 1.7872531  1.78512768 1.78300261 1.78087789 1.77875352 1.77662951
 1.77450585 1.77238255 1.7702596  1.76813701 1.76601477 1.76389289
 1.76177137 1.7596502  1.7575294  1.75540895 1.75328886 1.75116912
 1.74904975 1.74693074 1.74481209 1.7426938  1.74057587 1.7384583
 1.73634109 1.73422425 1.73210777 1.72999165 1.7278759  1.72576051
 1.72364549 1.72153083 1.71941654 1.71730261 1.71518905 1.71307586
 1.71096304 1.70885058 1.7067385  1.70462678 1.70251543 1.70040446
 1.69829385 1.69618362 1.69407376 1.69196427 1.68985515 1.68774641
 1.68563804 1.68353005 1.68142243 1.67931519 1.67720832 1.67510183
 1.67299572 1.67088999 1.66878464 1.66667966 1.66457507 1.66247085
 1.66036702 1.65826357 1.6561605  1.65405781 1.6519555  1.64985359
 1.64775205 1.6456509  1.64355014 1.64144976 1.63934977 1.63725017
 1.63515096 1.63305213 1.6309537  1.62885565 1.626758   1.62466074
 1.62256387 1.6204674  1.61837131 1.61627563 1.61418033 1.61208544
 1.60999094 1.60789684 1.60580313 1.60370983 1.60161692 1.59952442
 1.59743232 1.59534061 1.59324931 1.59115842 1.58906792 1.58697784
 1.58488815 1.58279888 1.58071001 1.57862155 1.5765335  1.57444585
 1.57235862 1.5702718  1.56818539 1.56609939 1.56401381 1.56192864
 1.55984389 1.55775955 1.55567563 1.55359213 1.55150905 1.54942638
 1.54734414 1.54526232 1.54318092 1.54109994 1.53901939 1.53693926
 1.53485956 1.53278029 1.53070144 1.52862303 1.52654504 1.52446748
 1.52239036 1.52031366 1.5182374  1.51616158 1.51408619 1.51201124
 1.50993672 1.50786265 1.50578901 1.50371582 1.50164307 1.49957076
 1.49749889 1.49542747 1.49335649 1.49128596 1.48921589 1.48714626
 1.48507708 1.48300835 1.48094007 1.47887225 1.47680489 1.47473798
 1.47267152 1.47060553 1.46854    1.46647492 1.46441031 1.46234617
 1.46028248 1.45821927 1.45615652 1.45409424 1.45203243 1.44997109
 1.44791022 1.44584983 1.44378991 1.44173047 1.4396715  1.43761302
 1.43555501 1.43349749 1.43144045 1.42938389 1.42732782 1.42527224
 1.42321714 1.42116254 1.41910842 1.4170548  1.41500168 1.41294905
 1.41089692 1.40884529 1.40679416 1.40474353 1.4026934  1.40064378
 1.39859467 1.39654606 1.39449797 1.39245038 1.39040331 1.38835676
 1.38631072 1.3842652  1.3822202  1.38017572 1.37813176 1.37608833
 1.37404543 1.37200306 1.36996121 1.3679199  1.36587912 1.36383888
 1.36179918 1.35976001 1.35772139 1.35568331 1.35364578 1.35160879
 1.34957235 1.34753646 1.34550113 1.34346635 1.34143213 1.33939847
 1.33736537 1.33533283 1.33330086 1.33126946 1.32923862 1.32720836
 1.32517867 1.32314956 1.32112102 1.31909307 1.3170657  1.31503891
 1.31301271 1.3109871  1.30896209 1.30693767 1.30491384 1.30289061
 1.30086799 1.29884597 1.29682455 1.29480375 1.29278356 1.29076398
 1.28874501 1.28672667 1.28470895 1.28269185 1.28067538 1.27865954
 1.27664433 1.27462976 1.27261582 1.27060253 1.26858988 1.26657787
 1.26456652 1.26255582 1.26054577 1.25853638 1.25652765 1.25451959
 1.25251219 1.25050546 1.24849941 1.24649403 1.24448934 1.24248532
 1.24048199 1.23847935 1.23647741 1.23447616 1.2324756  1.23047576
 1.22847661 1.22647818 1.22448046 1.22248345 1.22048717 1.21849161
 1.21649678 1.21450268 1.21250931 1.21051668 1.2085248  1.20653366
 1.20454327 1.20255363 1.20056475 1.19857664 1.19658929 1.19460271
 1.1926169  1.19063187 1.18864763 1.18666417 1.1846815  1.18269963
 1.18071856 1.17873829 1.17675883 1.17478018 1.17280236 1.17082535
 1.16884917 1.16687382 1.16489931 1.16292565 1.16095282 1.15898085
 1.15700974 1.15503948 1.1530701  1.15110158 1.14913394 1.14716719
 1.14520132 1.14323634 1.14127226 1.13930909 1.13734682 1.13538548
 1.13342505 1.13146554 1.12950697 1.12754934 1.12559266 1.12363692
 1.12168214 1.11972832 1.11777547 1.1158236  1.11387271 1.1119228
 1.10997389 1.10802598 1.10607908 1.1041332  1.10218833 1.1002445
 1.0983017  1.09635994 1.09441923 1.09247959 1.090541   1.08860349
 1.08666705 1.08473171 1.08279746 1.08086431 1.07893227 1.07700135
 1.07507156 1.07314291 1.07121539 1.06928903 1.06736383 1.0654398
 1.06351695 1.06159528 1.06305774 1.06113898 1.05922143 1.05730512
 1.05539004 1.05347621 1.05156364 1.04965233 1.04774229 1.04583355
 1.0439261  1.04201995 1.04011513 1.03821163 1.03630947 1.03440866
 1.03250921 1.03061113 1.02871444 1.02681914 1.02492525 1.02303278
 1.02114173 1.01925213 1.01736399 1.01547731 1.01359211 1.0117084
 1.0098262  1.00794552 1.00606638 1.00418877 1.00231273 1.00043826
 0.99856538 0.99669411 0.99482445 0.99295642 0.99109004 0.98922532
 0.98736228 0.98550093 0.98364129 0.98178337]
t =  [1.04685314e+09 1.04685315e+09 1.04685317e+09 1.04685319e+09
 1.04685320e+09 1.04685322e+09 1.04685323e+09 1.04685325e+09
 1.04685327e+09 1.04685328e+09 1.04685330e+09 1.04685331e+09
 1.04685333e+09 1.04685335e+09 1.04685336e+09 1.04685338e+09
 1.04685339e+09 1.04685341e+09 1.04685343e+09 1.04685344e+09
 1.04685346e+09 1.04685347e+09 1.04685349e+09 1.04685351e+09
 1.04685352e+09 1.04685354e+09 1.04685356e+09 1.04685357e+09
 1.04685359e+09 1.04685360e+09 1.04685362e+09 1.04685364e+09
 1.04685365e+09 1.04685367e+09 1.04685368e+09 1.04685370e+09
 1.04685372e+09 1.04685373e+09 1.04685375e+09 1.04685376e+09
 1.04685378e+09 1.04685380e+09 1.04685381e+09 1.04685383e+09
 1.04685384e+09 1.04685386e+09 1.04685388e+09 1.04685389e+09
 1.04685391e+09 1.04685392e+09 1.04685394e+09 1.04685396e+09
 1.04685397e+09 1.04685399e+09 1.04685400e+09 1.04685402e+09
 1.04685404e+09 1.04685405e+09 1.04685407e+09 1.04685408e+09
 1.04685410e+09 1.04685412e+09 1.04685413e+09 1.04685415e+09
 1.04685416e+09 1.04685418e+09 1.04685420e+09 1.04685421e+09
 1.04685423e+09 1.04685424e+09 1.04685426e+09 1.04685428e+09
 1.04685429e+09 1.04685431e+09 1.04685432e+09 1.04685434e+09
 1.04685436e+09 1.04685437e+09 1.04685439e+09 1.04685441e+09
 1.04685442e+09 1.04685444e+09 1.04685445e+09 1.04685447e+09
 1.04685449e+09 1.04685450e+09 1.04685452e+09 1.04685453e+09
 1.04685455e+09 1.04685457e+09 1.04685458e+09 1.04685460e+09
 1.04685461e+09 1.04685463e+09 1.04685465e+09 1.04685466e+09
 1.04685468e+09 1.04685469e+09 1.04685471e+09 1.04685473e+09
 1.04685474e+09 1.04685476e+09 1.04685477e+09 1.04685479e+09
 1.04685481e+09 1.04685482e+09 1.04685484e+09 1.04685485e+09
 1.04685487e+09 1.04685489e+09 1.04685490e+09 1.04685492e+09
 1.04685493e+09 1.04685495e+09 1.04685497e+09 1.04685498e+09
 1.04685500e+09 1.04685501e+09 1.04685503e+09 1.04685505e+09
 1.04685506e+09 1.04685508e+09 1.04685509e+09 1.04685511e+09
 1.04685513e+09 1.04685514e+09 1.04685516e+09 1.04685517e+09
 1.04685519e+09 1.04685521e+09 1.04685522e+09 1.04685524e+09
 1.04685525e+09 1.04685527e+09 1.04685529e+09 1.04685530e+09
 1.04685532e+09 1.04685534e+09 1.04685535e+09 1.04685537e+09
 1.04685538e+09 1.04685540e+09 1.04685542e+09 1.04685543e+09
 1.04685545e+09 1.04685546e+09 1.04685548e+09 1.04685550e+09
 1.04685551e+09 1.04685553e+09 1.04685554e+09 1.04685556e+09
 1.04685558e+09 1.04685559e+09 1.04685561e+09 1.04685562e+09
 1.04685564e+09 1.04685566e+09 1.04685567e+09 1.04685569e+09
 1.04685570e+09 1.04685572e+09 1.04685574e+09 1.04685575e+09
 1.04685577e+09 1.04685578e+09 1.04685580e+09 1.04685582e+09
 1.04685583e+09 1.04685585e+09 1.04685586e+09 1.04685588e+09
 1.04685590e+09 1.04685591e+09 1.04685593e+09 1.04685594e+09
 1.04685596e+09 1.04685598e+09 1.04685599e+09 1.04685601e+09
 1.04685602e+09 1.04685604e+09 1.04685606e+09 1.04685607e+09
 1.04685609e+09 1.04685610e+09 1.04685612e+09 1.04685614e+09
 1.04685615e+09 1.04685617e+09 1.04685619e+09 1.04685620e+09
 1.04685622e+09 1.04685623e+09 1.04685625e+09 1.04685627e+09
 1.04685628e+09 1.04685630e+09 1.04685631e+09 1.04685633e+09
 1.04685635e+09 1.04685636e+09 1.04685638e+09 1.04685639e+09
 1.04685641e+09 1.04685643e+09 1.04685644e+09 1.04685646e+09
 1.04685647e+09 1.04685649e+09 1.04685651e+09 1.04685652e+09
 1.04685654e+09 1.04685655e+09 1.04685657e+09 1.04685659e+09
 1.04685660e+09 1.04685662e+09 1.04685663e+09 1.04685665e+09
 1.04685667e+09 1.04685668e+09 1.04685670e+09 1.04685671e+09
 1.04685673e+09 1.04685675e+09 1.04685676e+09 1.04685678e+09
 1.04685679e+09 1.04685681e+09 1.04685683e+09 1.04685684e+09
 1.04685686e+09 1.04685687e+09 1.04685689e+09 1.04685691e+09
 1.04685692e+09 1.04685694e+09 1.04685695e+09 1.04685697e+09
 1.04685699e+09 1.04685700e+09 1.04685702e+09 1.04685703e+09
 1.04685705e+09 1.04685707e+09 1.04685708e+09 1.04685710e+09
 1.04685712e+09 1.04685713e+09 1.04685715e+09 1.04685716e+09
 1.04685718e+09 1.04685720e+09 1.04685721e+09 1.04685723e+09
 1.04685724e+09 1.04685726e+09 1.04685728e+09 1.04685729e+09
 1.04685731e+09 1.04685732e+09 1.04685734e+09 1.04685736e+09
 1.04685737e+09 1.04685739e+09 1.04685740e+09 1.04685742e+09
 1.04685744e+09 1.04685745e+09 1.04685747e+09 1.04685748e+09
 1.04685750e+09 1.04685752e+09 1.04685753e+09 1.04685755e+09
 1.04685756e+09 1.04685758e+09 1.04685760e+09 1.04685761e+09
 1.04685763e+09 1.04685764e+09 1.04685766e+09 1.04685768e+09
 1.04685769e+09 1.04685771e+09 1.04685772e+09 1.04685774e+09
 1.04685776e+09 1.04685777e+09 1.04685779e+09 1.04685780e+09
 1.04685782e+09 1.04685784e+09 1.04685785e+09 1.04685787e+09
 1.04685788e+09 1.04685790e+09 1.04685792e+09 1.04685793e+09
 1.04685795e+09 1.04685797e+09 1.04685798e+09 1.04685800e+09
 1.04685801e+09 1.04685803e+09 1.04685805e+09 1.04685806e+09
 1.04685808e+09 1.04685809e+09 1.04685811e+09 1.04685813e+09
 1.04685814e+09 1.04685816e+09 1.04685817e+09 1.04685819e+09
 1.04685821e+09 1.04685822e+09 1.04685824e+09 1.04685825e+09
 1.04685827e+09 1.04685829e+09 1.04685830e+09 1.04685832e+09
 1.04685833e+09 1.04685835e+09 1.04685837e+09 1.04685838e+09
 1.04685840e+09 1.04685841e+09 1.04685843e+09 1.04685845e+09
 1.04685846e+09 1.04685848e+09 1.04685849e+09 1.04685851e+09
 1.04685853e+09 1.04685854e+09 1.04685856e+09 1.04685857e+09
 1.04685859e+09 1.04685861e+09 1.04685862e+09 1.04685864e+09
 1.04685865e+09 1.04685867e+09 1.04685869e+09 1.04685870e+09
 1.04685872e+09 1.04685873e+09 1.04685875e+09 1.04685877e+09
 1.04685878e+09 1.04685880e+09 1.04685881e+09 1.04685883e+09
 1.04685885e+09 1.04685886e+09 1.04685888e+09 1.04685890e+09
 1.04685891e+09 1.04685893e+09 1.04685894e+09 1.04685896e+09
 1.04685898e+09 1.04685899e+09 1.04685901e+09 1.04685902e+09
 1.04685904e+09 1.04685906e+09 1.04685907e+09 1.04685909e+09
 1.04685910e+09 1.04685912e+09 1.04685914e+09 1.04685915e+09
 1.04685917e+09 1.04685918e+09 1.04685920e+09 1.04685922e+09
 1.04685923e+09 1.04685925e+09 1.04685926e+09 1.04685928e+09
 1.04685930e+09 1.04685931e+09 1.04685933e+09 1.04685934e+09
 1.04685936e+09 1.04685938e+09 1.04685939e+09 1.04685941e+09
 1.04685942e+09 1.04685944e+09 1.04685946e+09 1.04685947e+09
 1.04685949e+09 1.04685950e+09 1.04685952e+09 1.04685954e+09
 1.04685955e+09 1.04685957e+09 1.04685958e+09 1.04685960e+09
 1.04685962e+09 1.04685963e+09 1.04685965e+09 1.04685966e+09
 1.04685968e+09 1.04685970e+09 1.04685971e+09 1.04685973e+09
 1.04685975e+09 1.04685976e+09 1.04685978e+09 1.04685979e+09
 1.04685981e+09 1.04685983e+09 1.04685984e+09 1.04685986e+09
 1.04685987e+09 1.04685989e+09 1.04685991e+09 1.04685992e+09
 1.04685994e+09 1.04685995e+09 1.04685997e+09 1.04685999e+09
 1.04686000e+09 1.04686002e+09 1.04686003e+09 1.04686005e+09
 1.04686007e+09 1.04686008e+09 1.04686010e+09 1.04686011e+09
 1.04686013e+09 1.04686015e+09 1.04686016e+09 1.04686018e+09
 1.04686019e+09 1.04686021e+09 1.04686023e+09 1.04686024e+09
 1.04686026e+09 1.04686027e+09 1.04686029e+09 1.04686031e+09
 1.04686032e+09 1.04686034e+09 1.04686035e+09 1.04686037e+09
 1.04686039e+09 1.04686040e+09 1.04686042e+09 1.04686043e+09
 1.04686045e+09 1.04686047e+09 1.04686048e+09 1.04686050e+09
 1.04686051e+09 1.04686053e+09 1.04686055e+09 1.04686056e+09
 1.04686058e+09 1.04686059e+09 1.04686061e+09 1.04686063e+09
 1.04686064e+09 1.04686066e+09 1.04686068e+09 1.04686069e+09
 1.04686071e+09 1.04686072e+09 1.04686074e+09 1.04686076e+09
 1.04686077e+09 1.04686079e+09 1.04686080e+09 1.04686082e+09
 1.04686084e+09 1.04686085e+09 1.04686087e+09 1.04686088e+09
 1.04686090e+09 1.04686092e+09 1.04686093e+09 1.04686095e+09
 1.04686096e+09 1.04686098e+09 1.04686100e+09 1.04686101e+09
 1.04686103e+09 1.04686104e+09 1.04686106e+09 1.04686108e+09
 1.04686109e+09 1.04686111e+09 1.04686112e+09 1.04686114e+09
 1.04686116e+09 1.04686117e+09 1.04686119e+09 1.04686120e+09
 1.04686122e+09 1.04686124e+09 1.04686125e+09 1.04686127e+09
 1.04686128e+09 1.04686130e+09 1.04686132e+09 1.04686133e+09
 1.04686135e+09 1.04686136e+09 1.04686138e+09 1.04686140e+09
 1.04686141e+09 1.04686143e+09 1.04686144e+09 1.04686146e+09
 1.04686148e+09 1.04686149e+09 1.04686151e+09 1.04686153e+09
 1.04686154e+09 1.04686156e+09 1.04686157e+09 1.04686159e+09
 1.04686161e+09 1.04686162e+09 1.04686164e+09 1.04686165e+09
 1.04686167e+09 1.04686169e+09 1.04686170e+09 1.04686172e+09
 1.04686173e+09 1.04686175e+09 1.04686177e+09 1.04686178e+09
 1.04686180e+09 1.04686181e+09 1.04686183e+09 1.04686185e+09
 1.04686186e+09 1.04686188e+09 1.04686189e+09 1.04686191e+09
 1.04686193e+09 1.04686194e+09 1.04686196e+09 1.04686197e+09
 1.04686199e+09 1.04686201e+09 1.04686202e+09 1.04686204e+09
 1.04686205e+09 1.04686207e+09 1.04686209e+09 1.04686210e+09
 1.04686212e+09 1.04686213e+09 1.04686215e+09 1.04686217e+09
 1.04686218e+09 1.04686220e+09 1.04686221e+09 1.04686223e+09
 1.04686225e+09 1.04686226e+09 1.04686228e+09 1.04686229e+09
 1.04686231e+09 1.04686233e+09 1.04686234e+09 1.04686236e+09
 1.04686237e+09 1.04686239e+09 1.04686241e+09 1.04686242e+09
 1.04686244e+09 1.04686246e+09 1.04686247e+09 1.04686249e+09
 1.04686250e+09 1.04686252e+09 1.04686254e+09 1.04686255e+09
 1.04686257e+09 1.04686258e+09 1.04686260e+09 1.04686262e+09
 1.04686263e+09 1.04686265e+09 1.04686266e+09 1.04686268e+09
 1.04686270e+09 1.04686271e+09 1.04686273e+09 1.04686274e+09
 1.04686276e+09 1.04686278e+09 1.04686279e+09 1.04686281e+09
 1.04686282e+09 1.04686284e+09 1.04686286e+09 1.04686287e+09
 1.04686289e+09 1.04686290e+09 1.04686292e+09 1.04686294e+09
 1.04686295e+09 1.04686297e+09 1.04686298e+09 1.04686300e+09
 1.04686302e+09 1.04686303e+09 1.04686305e+09 1.04686306e+09
 1.04686308e+09 1.04686310e+09 1.04686311e+09 1.04686313e+09
 1.04686314e+09 1.04686316e+09 1.04686318e+09 1.04686319e+09
 1.04686321e+09 1.04686322e+09 1.04686324e+09 1.04686326e+09
 1.04686327e+09 1.04686329e+09 1.04686331e+09 1.04686332e+09
 1.04686334e+09 1.04686335e+09 1.04686337e+09 1.04686339e+09
 1.04686340e+09 1.04686342e+09 1.04686343e+09 1.04686345e+09
 1.04686347e+09 1.04686348e+09 1.04686350e+09 1.04686351e+09
 1.04686353e+09 1.04686355e+09 1.04686356e+09 1.04686358e+09
 1.04686359e+09 1.04686361e+09 1.04686363e+09 1.04686364e+09
 1.04686366e+09 1.04686367e+09 1.04686369e+09 1.04686371e+09
 1.04686372e+09 1.04686374e+09 1.04686375e+09 1.04686377e+09
 1.04686379e+09 1.04686380e+09 1.04686382e+09 1.04686383e+09
 1.04686385e+09 1.04686387e+09 1.04686388e+09 1.04686390e+09
 1.04686391e+09 1.04686393e+09 1.04686395e+09 1.04686396e+09
 1.04686398e+09 1.04686399e+09 1.04686401e+09 1.04686403e+09
 1.04686404e+09 1.04686406e+09 1.04686407e+09 1.04686409e+09
 1.04686411e+09 1.04686412e+09 1.04686414e+09 1.04686415e+09
 1.04686417e+09 1.04686419e+09 1.04686420e+09 1.04686422e+09
 1.04686424e+09 1.04686425e+09 1.04686427e+09 1.04686428e+09
 1.04686430e+09 1.04686432e+09 1.04686433e+09 1.04686435e+09
 1.04686436e+09 1.04686438e+09 1.04686440e+09 1.04686441e+09
 1.04686443e+09 1.04686444e+09 1.04686446e+09 1.04686448e+09
 1.04686449e+09 1.04686451e+09 1.04686452e+09 1.04686454e+09
 1.04686456e+09 1.04686457e+09 1.04686459e+09 1.04686460e+09
 1.04686462e+09 1.04686464e+09 1.04686465e+09 1.04686467e+09
 1.04686468e+09 1.04686470e+09 1.04686472e+09 1.04686473e+09
 1.04686475e+09 1.04686476e+09 1.04686478e+09 1.04686480e+09
 1.04686481e+09 1.04686483e+09 1.04686484e+09 1.04686486e+09
 1.04686488e+09 1.04686489e+09 1.04686491e+09 1.04686492e+09
 1.04686494e+09 1.04686496e+09 1.04686497e+09 1.04686499e+09
 1.04686500e+09 1.04686502e+09 1.04686504e+09 1.04686505e+09
 1.04686507e+09 1.04686509e+09 1.04686510e+09 1.04686512e+09
 1.04686513e+09 1.04686515e+09 1.04686517e+09 1.04686518e+09
 1.04686520e+09 1.04686521e+09 1.04686523e+09 1.04686525e+09
 1.04686526e+09 1.04686528e+09 1.04686529e+09 1.04686531e+09
 1.04686533e+09 1.04686534e+09 1.04686536e+09 1.04686537e+09
 1.04686539e+09 1.04686541e+09 1.04686542e+09 1.04686544e+09
 1.04686545e+09 1.04686547e+09 1.04686549e+09 1.04686550e+09
 1.04686552e+09 1.04686553e+09 1.04686555e+09 1.04686557e+09
 1.04686558e+09 1.04686560e+09 1.04686561e+09 1.04686563e+09
 1.04686565e+09 1.04686566e+09 1.04686568e+09 1.04686569e+09
 1.04686571e+09 1.04686573e+09 1.04686574e+09 1.04686576e+09
 1.04686577e+09 1.04686579e+09 1.04686581e+09 1.04686582e+09
 1.04686584e+09 1.04686585e+09 1.04686587e+09 1.04686589e+09
 1.04686590e+09 1.04686592e+09 1.04686593e+09 1.04686595e+09
 1.04686597e+09 1.04686598e+09 1.04686600e+09 1.04686602e+09
 1.04686603e+09 1.04686605e+09 1.04686606e+09 1.04686608e+09
 1.04686610e+09 1.04686611e+09 1.04686613e+09 1.04686614e+09
 1.04686616e+09 1.04686618e+09 1.04686619e+09 1.04686621e+09
 1.04686622e+09 1.04686624e+09 1.04686626e+09 1.04686627e+09
 1.04686629e+09 1.04686630e+09 1.04686632e+09 1.04686634e+09
 1.04686635e+09 1.04686637e+09 1.04686638e+09 1.04686640e+09
 1.04686642e+09 1.04686643e+09 1.04686645e+09 1.04686646e+09
 1.04686648e+09 1.04686650e+09 1.04686651e+09 1.04686653e+09
 1.04686654e+09 1.04686656e+09 1.04686658e+09 1.04686659e+09
 1.04686661e+09 1.04686662e+09 1.04686664e+09 1.04686666e+09
 1.04686667e+09 1.04686669e+09 1.04686670e+09 1.04686672e+09
 1.04686674e+09 1.04686675e+09 1.04686677e+09 1.04686678e+09
 1.04686680e+09 1.04686682e+09 1.04686683e+09 1.04686685e+09
 1.04686687e+09 1.04686688e+09 1.04686690e+09 1.04686691e+09
 1.04686693e+09 1.04686695e+09 1.04686696e+09 1.04686698e+09
 1.04686699e+09 1.04686701e+09 1.04686703e+09 1.04686704e+09
 1.04686706e+09 1.04686707e+09 1.04686709e+09 1.04686711e+09
 1.04686712e+09 1.04686714e+09 1.04686715e+09 1.04686717e+09
 1.04686719e+09 1.04686720e+09 1.04686722e+09 1.04686723e+09
 1.04686725e+09 1.04686727e+09 1.04686728e+09 1.04686730e+09
 1.04686731e+09 1.04686733e+09 1.04686735e+09 1.04686736e+09
 1.04686738e+09 1.04686739e+09 1.04686741e+09 1.04686743e+09
 1.04686744e+09 1.04686746e+09 1.04686747e+09 1.04686749e+09
 1.04686751e+09 1.04686752e+09 1.04686754e+09 1.04686755e+09
 1.04686757e+09 1.04686759e+09 1.04686760e+09 1.04686762e+09
 1.04686763e+09 1.04686765e+09 1.04686767e+09 1.04686768e+09
 1.04686770e+09 1.04686771e+09 1.04686773e+09 1.04686775e+09
 1.04686776e+09 1.04686778e+09 1.04686780e+09 1.04686781e+09
 1.04686783e+09 1.04686784e+09 1.04686786e+09 1.04686788e+09
 1.04686789e+09 1.04686791e+09 1.04686792e+09 1.04686794e+09
 1.04686796e+09 1.04686797e+09 1.04686799e+09 1.04686800e+09
 1.04686802e+09 1.04686804e+09 1.04686805e+09 1.04686807e+09
 1.04686808e+09 1.04686810e+09 1.04686812e+09 1.04686813e+09
 1.04686815e+09 1.04686816e+09 1.04686818e+09 1.04686820e+09
 1.04686821e+09 1.04686823e+09 1.04686824e+09 1.04686826e+09
 1.04686828e+09 1.04686829e+09 1.04686831e+09 1.04686832e+09
 1.04686834e+09 1.04686836e+09 1.04686837e+09 1.04686839e+09
 1.04686840e+09 1.04686842e+09 1.04686844e+09 1.04686845e+09
 1.04686847e+09 1.04686848e+09 1.04686850e+09 1.04686852e+09
 1.04686853e+09 1.04686855e+09 1.04686856e+09 1.04686858e+09
 1.04686860e+09 1.04686861e+09 1.04686863e+09 1.04686865e+09
 1.04686866e+09 1.04686868e+09 1.04686869e+09 1.04686871e+09
 1.04686873e+09 1.04686874e+09 1.04686876e+09 1.04686877e+09
 1.04686879e+09 1.04686881e+09 1.04686882e+09 1.04686884e+09
 1.04686885e+09 1.04686887e+09 1.04686889e+09 1.04686890e+09
 1.04686892e+09 1.04686893e+09 1.04686895e+09 1.04686897e+09
 1.04686898e+09 1.04686900e+09 1.04686901e+09 1.04686903e+09
 1.04686905e+09 1.04686906e+09 1.04686908e+09 1.04686909e+09
 1.04686911e+09 1.04686913e+09 1.04686914e+09 1.04686916e+09]
minRes = 0.9817833708149128
minResTime =  [1.04686916e+09]
