name =JUICE_ROI_CAL_4_6_01
flyby =  ['2033 APR 06 23:29:30', '2033 APR 07 23:29:30']
Observation TW =  <SpiceCell dtype = 1, length = 0, size = 3400, card = 14, is_set = 1, adjust = 0, init = 1, base = 2554796507664, data = 2554796507712>
Res(t) =  [3.53727731 3.53373593 3.53019466 3.52665351 3.52311248 3.51957156
 3.51603076 3.51249008 3.5089495  3.50540905 3.50186871 3.49832848
 3.49478837 3.49124838 3.4877085  3.48416874 3.48062909 3.47708956
 3.47355014 3.47001084 3.46647165 3.46293258 3.45939362 3.45585478
 3.45231606 3.44877744 3.44523895 3.44170057 3.4381623  3.43462416
 3.43108612 3.4275482  3.4240104  3.42047271 3.41693514 3.41339768
 3.40986033 3.40632311 3.40278599 3.399249   3.39571211 3.39217535
 3.38863869 3.38510216 3.38156573 3.37802943 3.37449323 3.37095716
 3.3674212  3.36388535 3.36034962 3.356814   3.3532785  3.34974311
 3.34620784 3.34267268 3.33913764 3.33560271 3.3320679  3.32853321
 3.32499862 3.32146416 3.3179298  3.31439557 3.31086144 3.30732744
 3.30379354 3.30025977 3.2967261  3.29319256 3.28965912 3.2861258
 3.2825926  3.27905951 3.27552654 3.27199368 3.26846093 3.2649283
 3.26139579 3.25786339 3.2543311  3.25079893 3.24726688 3.24373494
 3.24020311 3.2366714  3.2331398  3.22960832 3.22607695 3.2225457
 3.21901456 3.21548353 3.21195262 3.20842183 3.20489115 3.20136058
 3.19783013 3.1942998  3.19076957 3.18723947 3.18370947 3.18017959
 3.17664983 3.17312018 3.16959065 3.16606122 3.16253192 3.15900273
 3.15547365 3.15194469 3.14841584 3.1448871  3.14135848 3.13782998
 3.13430159 3.13077331 3.12724515 3.1237171  3.12018917 3.11666135
 3.11313364 3.10960605 3.10607858 3.10255121 3.09902397 3.09549683
 3.09196981 3.08844291 3.08491612 3.08138944 3.07786288 3.07433643
 3.07081009 3.06728387 3.06375777 3.06023177 3.0567059  3.05318013
 3.04965448 3.04612895 3.04260352 3.03907822 3.03555302 3.03202794
 3.02850298 3.02497812 3.02145339 3.01792876 3.01440425 3.01087986
 3.00735557 3.00383141 3.00030735 2.99678341 2.99325959 2.98973587
 2.98621227 2.98268879 2.97916542 2.97564216 2.97211902 2.96859599
 2.96507307 2.96155027 2.95802758 2.954505   2.95098254 2.9474602
 2.94393796 2.94041584 2.93689384 2.93337194 2.92985016 2.9263285
 2.92280695 2.91928551 2.91576418 2.91224297 2.90872187 2.90520089
 2.90168002 2.89815926 2.89463862 2.89111809 2.88759767 2.88407737
 2.88055718 2.8770371  2.87351714 2.86999729 2.86647755 2.86295793
 2.85943842 2.85591902 2.85239974 2.84888057 2.84536151 2.84184257
 2.83832374 2.83480503 2.83128642 2.82776793 2.82424956 2.82073129
 2.81721314 2.8136951  2.81017718 2.80665937 2.80314167 2.79962409
 2.79610661 2.79258926 2.78907201 2.78555488 2.78203786 2.77852095
 2.77500416 2.77148748 2.76797091 2.76445446 2.76093812 2.75742189
 2.75390577 2.75038977 2.74687388 2.7433581  2.73984244 2.73632689
 2.73281145 2.72929612 2.72578091 2.72226581 2.71875082 2.71523595
 2.71172118 2.70820654 2.704692   2.70117757 2.69766326 2.69414906
 2.69063498 2.68712101 2.68360715 2.6800934  2.67657976 2.67306624
 2.66955283 2.66603953 2.66252634 2.65901327 2.65550031 2.65198746
 2.64847473 2.6449621  2.64144959 2.6379372  2.63442491 2.63091274
 2.62740067 2.62388873 2.62037689 2.61686517 2.61335355 2.60984205
 2.60633067 2.60281939 2.59930823 2.59579718 2.59228624 2.58877541
 2.5852647  2.5817541  2.57824361 2.57473323 2.57122296 2.56771281
 2.56420277 2.56069284 2.55718302 2.55367331 2.55016372 2.54665424
 2.54314487 2.53963561 2.53612647 2.53261743 2.52910851 2.5255997
 2.522091   2.51858241 2.51507394 2.51156558 2.50805733 2.50454919
 2.50104116 2.49753324 2.49402544 2.49051775 2.48701017 2.4835027
 2.47999534 2.47648809 2.47298096 2.46947394 2.46596703 2.46246023
 2.45895354 2.45544696 2.4519405  2.44843414 2.4449279  2.44142177
 2.43791575 2.43440984 2.43090405 2.42739836 2.42389279 2.42038733
 2.41688198 2.41337674 2.40987161 2.40636659 2.40286169 2.39935689
 2.39585221 2.39234764 2.38884318 2.38533883 2.38183459 2.37833046
 2.37482645 2.37132254 2.36781875 2.36431506 2.36081149 2.35730803
 2.35380468 2.35030144 2.34679832 2.3432953  2.33979239 2.3362896
 2.33278691 2.32928434 2.32578188 2.32227953 2.31877729 2.31527516
 2.31177314 2.30827123 2.30476943 2.30126774 2.29776617 2.2942647
 2.29076335 2.28726211 2.28376097 2.28025995 2.27675904 2.27325824
 2.26975755 2.26625697 2.2627565  2.25925614 2.25575589 2.25225575
 2.24875572 2.2452558  2.241756   2.2382563  2.23475672 2.23125724
 2.22775787 2.22425862 2.22075948 2.21726044 2.21376152 2.2102627
 2.206764   2.20326541 2.19976692 2.19626855 2.19277029 2.18927214
 2.18577409 2.18227616 2.17877834 2.17528063 2.17178303 2.16828553
 2.16478815 2.16129088 2.15779372 2.15429667 2.15079973 2.14730289
 2.14380617 2.14030956 2.13681306 2.13331667 2.12982038 2.12632421
 2.12282815 2.11933219 2.11583635 2.11234062 2.10884499 2.10534948
 2.10185408 2.09835878 2.0948636  2.09136852 2.08787356 2.0843787
 2.08088395 2.07738932 2.07389479 2.07040037 2.06690606 2.06341187
 2.05991778 2.0564238  2.05292993 2.04943617 2.04594252 2.04244897
 2.03895554 2.03546222 2.03196901 2.0284759  2.02498291 2.02149002
 2.01799724 2.01450458 2.01101202 2.00751957 2.00402723 2.000535
 1.99704288 1.99355087 1.99005897 1.98656717 1.98307549 1.97958391
 1.97609245 1.97260109 1.96910984 1.9656187  1.96212767 1.95863675
 1.95514594 1.95165524 1.94816464 1.94467416 1.94118378 1.93769351
 1.93420335 1.93071331 1.92722336 1.92373353 1.92024381 1.9167542
 1.91326469 1.90977529 1.90628601 1.90279683 1.89930776 1.89581879
 1.89232994 1.8888412  1.88535256 1.88186404 1.87837562 1.87488731
 1.87139911 1.86791101 1.86442303 1.86093515 1.85744739 1.85395973
 1.85047218 1.84698474 1.84349741 1.84001018 1.83652307 1.83303606
 1.82954916 1.82606237 1.82257569 1.81908912 1.81560265 1.81211629
 1.80863005 1.80514391 1.80165787 1.79817195 1.79468614 1.79120043
 1.78771483 1.78422934 1.78074396 1.77725869 1.77377352 1.77028846
 1.76680352 1.76331868 1.75983394 1.75634932 1.7528648  1.7493804
 1.7458961  1.7424119  1.73892782 1.73544385 1.73195998 1.72847622
 1.72499257 1.72150903 1.71802559 1.71454227 1.71105905 1.70757594
 1.70409294 1.70061004 1.69712726 1.69364458 1.69016201 1.68667955
 1.68319719 1.67971495 1.67623281 1.67275078 1.66926886 1.66578704
 1.66230534 1.65882374 1.65534225 1.65186087 1.64837959 1.64489843
 1.64141737 1.63793642 1.63445558 1.63097484 1.62749422 1.6240137
 1.62053329 1.61705299 1.61357279 1.61009271 1.60661273 1.60313286
 1.5996531  1.59617344 1.5926939  1.58921446 1.58573513 1.5822559
 1.57877679 1.57529778 1.57181888 1.56834009 1.56486141 1.56138284
 1.55790437 1.55442601 1.55094776 1.54746962 1.54399158 1.54051366
 1.53703584 1.53355813 1.53008053 1.52660303 1.52312564 1.51964837
 1.5161712  1.51269413 1.50921718 1.50574033 1.5022636  1.49878697
 1.49531045 1.49183403 1.48835773 1.48488153 1.48140544 1.47792946
 1.47445359 1.47097782 1.46750217 1.46402662 1.46055118 1.45707585
 1.45360063 1.45012552 1.44665051 1.44317561 1.43970082 1.43622614
 1.43275157 1.42927711 1.42580275 1.42232851 1.41885437 1.41538034
 1.41190642 1.40843261 1.40495891 1.40148531 1.39801183 1.39453845
 1.39106519 1.38759203 1.38411898 1.38064604 1.3771732  1.37370048
 1.37022787 1.36675536 1.36328297 1.35981068 1.35633851 1.35286644
 1.34939448 1.34592263 1.34245089 1.33897926 1.33550774 1.33203633
 1.32856503 1.32509384 1.32162275 1.31815178 1.31468092 1.31121017
 1.30773953 1.30426899 1.30079857 1.29732826 1.29385806 1.29038796
 1.28691798 1.28344811 1.27997835 1.2765087  1.27303916 1.26956973
 1.26610042 1.26263121 1.25916211 1.25569313 1.25222425 1.24875549
 1.24528684 1.2418183  1.23834987 1.23488155 1.23141335 1.22794525
 1.22447727 1.2210094  1.21754164 1.214074   1.21060646 1.20713904
 1.20367173 1.20020453 1.19673745 1.19327048 1.18980362 1.18633688
 1.18287024 1.17940372 1.17593732 1.17247103 1.16900485 1.16553878
 1.16207283 1.15860699 1.15514127 1.15167566 1.14821017 1.14474479
 1.14127952 1.13781438 1.13434934 1.13088442 1.12741962 1.12395493
 1.12049036 1.1170259  1.11356156 1.11009733 1.10663323 1.10316923
 1.09970536 1.0962416  1.09277796 1.08931444 1.08585103 1.08238775
 1.07892458 1.07546152 1.07199859 1.06853578 1.06507308 1.06161051
 1.05814805 1.05468571 1.0512235  1.0477614  1.04429942 1.04083757
 1.03737583 1.03391422 1.03045272 1.02699135 1.0235301  1.02006898
 1.01660797 1.01314709 1.00968634 1.0062257  1.00276519 0.99930481
 0.99584454 0.99238441 0.9889244  0.98546451 0.98200475 0.97854512
 0.97508561 0.97162623 0.96816698 0.96470785 0.96124886 0.95778999
 0.95433125 0.95087264 0.94741416 0.94395581 0.94049759 0.9370395
 0.93358155 0.93012373 0.92666604 0.92320848 0.91975105 0.91629376
 0.91283661 0.90937959 0.90592271 0.90246596 0.89900935 0.89555287
 0.89209654 0.88864034 0.88518429 0.88172837 0.87827259 0.87481696
 0.87136147 0.86790611 0.86445091 0.86099584 0.85754092 0.85408615
 0.85063152 0.84717704 0.84372271 0.84026853 0.83681449 0.83336061
 0.82990688 0.82645329 0.82299987 0.81954659 0.81609347 0.81264051
 0.8091877  0.80573505 0.80228255 0.79883022 0.79537805 0.79192604
 0.78847419 0.78502251 0.78157099 0.77811964 0.77466845 0.77121743
 0.76776658 0.76431591 0.7608654  0.75741507 0.75396492 0.75051494
 0.74706514 0.74361552 0.74016608 0.73671682 0.73326774 0.72981885
 0.72637015 0.72292163 0.71947331 0.71602518 0.71257724 0.7091295
 0.70568195 0.70223461 0.69878746 0.69534052 0.69189379 0.68844726
 0.68500094 0.68155483 0.67810894 0.67466326 0.67121781 0.66777257
 0.66432756 0.66088277 0.65743821 0.65399388 0.65054979 0.64710593
 0.64366231 0.64021894 0.63677581 0.63333292 0.62989029 0.62644792
 0.6230058  0.61956395 0.61612236 0.61268103 0.60923998 0.60579921
 0.60235872 0.59891851 0.59547859 0.59203896 0.58859962 0.58516059
 0.58172187 0.57828345 0.57484535 0.57140757 0.56797011 0.56453298
 0.56109619 0.55898715 0.55555024 0.55211368 0.54867747 0.54524162
 0.54180612 0.53837099 0.53493624 0.53150186 0.52806788 0.52463428
 0.52120109 0.51776831 0.51433594 0.510904   0.5074725  0.50404143
 0.50061081 0.49718066 0.49375097 0.49032176 0.48689304 0.48346482
 0.4800371  0.47660991 0.47318325 0.46975713 0.46633157 0.46290657
 0.45948216 0.45605833 0.45263512 0.44921253 0.44579057 0.44236927
 0.43894864 0.43552869 0.43210944 0.42869091 0.42527311 0.42185608
 0.41843982 0.41502436 0.41160971 0.4081959  0.40478296 0.4013709
 0.39795976 0.39454955 0.3911403  0.38773205 0.38432481 0.38091863
 0.37751352 0.37410953 0.37070669 0.36730503 0.36390459 0.36050542
 0.35710754 0.353711   0.35031584 0.34692212 0.34352987 0.34013916
 0.33675002 0.33336253 0.32997672 0.32659267 0.32321044 0.31983009
 0.3164517  0.31307533 0.30970107 0.30632899 0.30295918 0.29959172
 0.29622673 0.29286428 0.28950449 0.28614747 0.28279333 0.2794422
 0.2760942  0.27274949 0.26940819 0.26607047 0.26273649 0.25940643
 0.25608046 0.2527588  0.24944164 0.24612921 0.24282174 0.2395195
 0.23622275 0.23293179 0.22964692 0.22636847 0.22309681 0.21983232
 0.21657541 0.21332653 0.21008615 0.2068548  0.20363303 0.20042145
 0.19722073 0.19403157 0.19085475 0.18769113 0.18454163 0.18140727
 0.17828916 0.17518853 0.17210672 0.16904522 0.16600569 0.16298995
 0.16000003 0.15703821 0.15410703 0.15120935 0.14834838 0.14552777
 0.14275166 0.14002476 0.13735248 0.13474105 0.13219768 0.12973079
 0.12735022 0.12506761 0.12289682 0.12085447 0.11896074 0.11724034
 0.11572399 0.11445034 0.1134689  0.11284434 0.11266301 0.11304348
 0.11415409 0.11624388 0.1197011  0.12517414]
t =  [1.04971504e+09 1.04971508e+09 1.04971512e+09 1.04971517e+09
 1.04971521e+09 1.04971525e+09 1.04971529e+09 1.04971534e+09
 1.04971538e+09 1.04971542e+09 1.04971546e+09 1.04971551e+09
 1.04971555e+09 1.04971559e+09 1.04971563e+09 1.04971567e+09
 1.04971572e+09 1.04971576e+09 1.04971580e+09 1.04971584e+09
 1.04971589e+09 1.04971593e+09 1.04971597e+09 1.04971601e+09
 1.04971606e+09 1.04971610e+09 1.04971614e+09 1.04971618e+09
 1.04971623e+09 1.04971627e+09 1.04971631e+09 1.04971635e+09
 1.04971640e+09 1.04971644e+09 1.04971648e+09 1.04971652e+09
 1.04971656e+09 1.04971661e+09 1.04971665e+09 1.04971669e+09
 1.04971673e+09 1.04971678e+09 1.04971682e+09 1.04971686e+09
 1.04971690e+09 1.04971695e+09 1.04971699e+09 1.04971703e+09
 1.04971707e+09 1.04971712e+09 1.04971716e+09 1.04971720e+09
 1.04971724e+09 1.04971729e+09 1.04971733e+09 1.04971737e+09
 1.04971741e+09 1.04971745e+09 1.04971750e+09 1.04971754e+09
 1.04971758e+09 1.04971762e+09 1.04971767e+09 1.04971771e+09
 1.04971775e+09 1.04971779e+09 1.04971784e+09 1.04971788e+09
 1.04971792e+09 1.04971796e+09 1.04971801e+09 1.04971805e+09
 1.04971809e+09 1.04971813e+09 1.04971818e+09 1.04971822e+09
 1.04971826e+09 1.04971830e+09 1.04971834e+09 1.04971839e+09
 1.04971843e+09 1.04971847e+09 1.04971851e+09 1.04971856e+09
 1.04971860e+09 1.04971864e+09 1.04971868e+09 1.04971873e+09
 1.04971877e+09 1.04971881e+09 1.04971885e+09 1.04971890e+09
 1.04971894e+09 1.04971898e+09 1.04971902e+09 1.04971907e+09
 1.04971911e+09 1.04971915e+09 1.04971919e+09 1.04971923e+09
 1.04971928e+09 1.04971932e+09 1.04971936e+09 1.04971940e+09
 1.04971945e+09 1.04971949e+09 1.04971953e+09 1.04971957e+09
 1.04971962e+09 1.04971966e+09 1.04971970e+09 1.04971974e+09
 1.04971979e+09 1.04971983e+09 1.04971987e+09 1.04971991e+09
 1.04971996e+09 1.04972000e+09 1.04972004e+09 1.04972008e+09
 1.04972012e+09 1.04972017e+09 1.04972021e+09 1.04972025e+09
 1.04972029e+09 1.04972034e+09 1.04972038e+09 1.04972042e+09
 1.04972046e+09 1.04972051e+09 1.04972055e+09 1.04972059e+09
 1.04972063e+09 1.04972068e+09 1.04972072e+09 1.04972076e+09
 1.04972080e+09 1.04972085e+09 1.04972089e+09 1.04972093e+09
 1.04972097e+09 1.04972101e+09 1.04972106e+09 1.04972110e+09
 1.04972114e+09 1.04972118e+09 1.04972123e+09 1.04972127e+09
 1.04972131e+09 1.04972135e+09 1.04972140e+09 1.04972144e+09
 1.04972148e+09 1.04972152e+09 1.04972157e+09 1.04972161e+09
 1.04972165e+09 1.04972169e+09 1.04972174e+09 1.04972178e+09
 1.04972182e+09 1.04972186e+09 1.04972190e+09 1.04972195e+09
 1.04972199e+09 1.04972203e+09 1.04972207e+09 1.04972212e+09
 1.04972216e+09 1.04972220e+09 1.04972224e+09 1.04972229e+09
 1.04972233e+09 1.04972237e+09 1.04972241e+09 1.04972246e+09
 1.04972250e+09 1.04972254e+09 1.04972258e+09 1.04972263e+09
 1.04972267e+09 1.04972271e+09 1.04972275e+09 1.04972279e+09
 1.04972284e+09 1.04972288e+09 1.04972292e+09 1.04972296e+09
 1.04972301e+09 1.04972305e+09 1.04972309e+09 1.04972313e+09
 1.04972318e+09 1.04972322e+09 1.04972326e+09 1.04972330e+09
 1.04972335e+09 1.04972339e+09 1.04972343e+09 1.04972347e+09
 1.04972352e+09 1.04972356e+09 1.04972360e+09 1.04972364e+09
 1.04972368e+09 1.04972373e+09 1.04972377e+09 1.04972381e+09
 1.04972385e+09 1.04972390e+09 1.04972394e+09 1.04972398e+09
 1.04972402e+09 1.04972407e+09 1.04972411e+09 1.04972415e+09
 1.04972419e+09 1.04972424e+09 1.04972428e+09 1.04972432e+09
 1.04972436e+09 1.04972441e+09 1.04972445e+09 1.04972449e+09
 1.04972453e+09 1.04972457e+09 1.04972462e+09 1.04972466e+09
 1.04972470e+09 1.04972474e+09 1.04972479e+09 1.04972483e+09
 1.04972487e+09 1.04972491e+09 1.04972496e+09 1.04972500e+09
 1.04972504e+09 1.04972508e+09 1.04972513e+09 1.04972517e+09
 1.04972521e+09 1.04972525e+09 1.04972530e+09 1.04972534e+09
 1.04972538e+09 1.04972542e+09 1.04972546e+09 1.04972551e+09
 1.04972555e+09 1.04972559e+09 1.04972563e+09 1.04972568e+09
 1.04972572e+09 1.04972576e+09 1.04972580e+09 1.04972585e+09
 1.04972589e+09 1.04972593e+09 1.04972597e+09 1.04972602e+09
 1.04972606e+09 1.04972610e+09 1.04972614e+09 1.04972619e+09
 1.04972623e+09 1.04972627e+09 1.04972631e+09 1.04972635e+09
 1.04972640e+09 1.04972644e+09 1.04972648e+09 1.04972652e+09
 1.04972657e+09 1.04972661e+09 1.04972665e+09 1.04972669e+09
 1.04972674e+09 1.04972678e+09 1.04972682e+09 1.04972686e+09
 1.04972691e+09 1.04972695e+09 1.04972699e+09 1.04972703e+09
 1.04972708e+09 1.04972712e+09 1.04972716e+09 1.04972720e+09
 1.04972724e+09 1.04972729e+09 1.04972733e+09 1.04972737e+09
 1.04972741e+09 1.04972746e+09 1.04972750e+09 1.04972754e+09
 1.04972758e+09 1.04972763e+09 1.04972767e+09 1.04972771e+09
 1.04972775e+09 1.04972780e+09 1.04972784e+09 1.04972788e+09
 1.04972792e+09 1.04972797e+09 1.04972801e+09 1.04972805e+09
 1.04972809e+09 1.04972813e+09 1.04972818e+09 1.04972822e+09
 1.04972826e+09 1.04972830e+09 1.04972835e+09 1.04972839e+09
 1.04972843e+09 1.04972847e+09 1.04972852e+09 1.04972856e+09
 1.04972860e+09 1.04972864e+09 1.04972869e+09 1.04972873e+09
 1.04972877e+09 1.04972881e+09 1.04972886e+09 1.04972890e+09
 1.04972894e+09 1.04972898e+09 1.04972902e+09 1.04972907e+09
 1.04972911e+09 1.04972915e+09 1.04972919e+09 1.04972924e+09
 1.04972928e+09 1.04972932e+09 1.04972936e+09 1.04972941e+09
 1.04972945e+09 1.04972949e+09 1.04972953e+09 1.04972958e+09
 1.04972962e+09 1.04972966e+09 1.04972970e+09 1.04972975e+09
 1.04972979e+09 1.04972983e+09 1.04972987e+09 1.04972991e+09
 1.04972996e+09 1.04973000e+09 1.04973004e+09 1.04973008e+09
 1.04973013e+09 1.04973017e+09 1.04973021e+09 1.04973025e+09
 1.04973030e+09 1.04973034e+09 1.04973038e+09 1.04973042e+09
 1.04973047e+09 1.04973051e+09 1.04973055e+09 1.04973059e+09
 1.04973063e+09 1.04973068e+09 1.04973072e+09 1.04973076e+09
 1.04973080e+09 1.04973085e+09 1.04973089e+09 1.04973093e+09
 1.04973097e+09 1.04973102e+09 1.04973106e+09 1.04973110e+09
 1.04973114e+09 1.04973119e+09 1.04973123e+09 1.04973127e+09
 1.04973131e+09 1.04973136e+09 1.04973140e+09 1.04973144e+09
 1.04973148e+09 1.04973152e+09 1.04973157e+09 1.04973161e+09
 1.04973165e+09 1.04973169e+09 1.04973174e+09 1.04973178e+09
 1.04973182e+09 1.04973186e+09 1.04973191e+09 1.04973195e+09
 1.04973199e+09 1.04973203e+09 1.04973208e+09 1.04973212e+09
 1.04973216e+09 1.04973220e+09 1.04973225e+09 1.04973229e+09
 1.04973233e+09 1.04973237e+09 1.04973241e+09 1.04973246e+09
 1.04973250e+09 1.04973254e+09 1.04973258e+09 1.04973263e+09
 1.04973267e+09 1.04973271e+09 1.04973275e+09 1.04973280e+09
 1.04973284e+09 1.04973288e+09 1.04973292e+09 1.04973297e+09
 1.04973301e+09 1.04973305e+09 1.04973309e+09 1.04973314e+09
 1.04973318e+09 1.04973322e+09 1.04973326e+09 1.04973330e+09
 1.04973335e+09 1.04973339e+09 1.04973343e+09 1.04973347e+09
 1.04973352e+09 1.04973356e+09 1.04973360e+09 1.04973364e+09
 1.04973369e+09 1.04973373e+09 1.04973377e+09 1.04973381e+09
 1.04973386e+09 1.04973390e+09 1.04973394e+09 1.04973398e+09
 1.04973403e+09 1.04973407e+09 1.04973411e+09 1.04973415e+09
 1.04973419e+09 1.04973424e+09 1.04973428e+09 1.04973432e+09
 1.04973436e+09 1.04973441e+09 1.04973445e+09 1.04973449e+09
 1.04973453e+09 1.04973458e+09 1.04973462e+09 1.04973466e+09
 1.04973470e+09 1.04973475e+09 1.04973479e+09 1.04973483e+09
 1.04973487e+09 1.04973492e+09 1.04973496e+09 1.04973500e+09
 1.04973504e+09 1.04973508e+09 1.04973513e+09 1.04973517e+09
 1.04973521e+09 1.04973525e+09 1.04973530e+09 1.04973534e+09
 1.04973538e+09 1.04973542e+09 1.04973547e+09 1.04973551e+09
 1.04973555e+09 1.04973559e+09 1.04973564e+09 1.04973568e+09
 1.04973572e+09 1.04973576e+09 1.04973581e+09 1.04973585e+09
 1.04973589e+09 1.04973593e+09 1.04973597e+09 1.04973602e+09
 1.04973606e+09 1.04973610e+09 1.04973614e+09 1.04973619e+09
 1.04973623e+09 1.04973627e+09 1.04973631e+09 1.04973636e+09
 1.04973640e+09 1.04973644e+09 1.04973648e+09 1.04973653e+09
 1.04973657e+09 1.04973661e+09 1.04973665e+09 1.04973670e+09
 1.04973674e+09 1.04973678e+09 1.04973682e+09 1.04973686e+09
 1.04973691e+09 1.04973695e+09 1.04973699e+09 1.04973703e+09
 1.04973708e+09 1.04973712e+09 1.04973716e+09 1.04973720e+09
 1.04973725e+09 1.04973729e+09 1.04973733e+09 1.04973737e+09
 1.04973742e+09 1.04973746e+09 1.04973750e+09 1.04973754e+09
 1.04973759e+09 1.04973763e+09 1.04973767e+09 1.04973771e+09
 1.04973775e+09 1.04973780e+09 1.04973784e+09 1.04973788e+09
 1.04973792e+09 1.04973797e+09 1.04973801e+09 1.04973805e+09
 1.04973809e+09 1.04973814e+09 1.04973818e+09 1.04973822e+09
 1.04973826e+09 1.04973831e+09 1.04973835e+09 1.04973839e+09
 1.04973843e+09 1.04973848e+09 1.04973852e+09 1.04973856e+09
 1.04973860e+09 1.04973864e+09 1.04973869e+09 1.04973873e+09
 1.04973877e+09 1.04973881e+09 1.04973886e+09 1.04973890e+09
 1.04973894e+09 1.04973898e+09 1.04973903e+09 1.04973907e+09
 1.04973911e+09 1.04973915e+09 1.04973920e+09 1.04973924e+09
 1.04973928e+09 1.04973932e+09 1.04973937e+09 1.04973941e+09
 1.04973945e+09 1.04973949e+09 1.04973953e+09 1.04973958e+09
 1.04973962e+09 1.04973966e+09 1.04973970e+09 1.04973975e+09
 1.04973979e+09 1.04973983e+09 1.04973987e+09 1.04973992e+09
 1.04973996e+09 1.04974000e+09 1.04974004e+09 1.04974009e+09
 1.04974013e+09 1.04974017e+09 1.04974021e+09 1.04974026e+09
 1.04974030e+09 1.04974034e+09 1.04974038e+09 1.04974042e+09
 1.04974047e+09 1.04974051e+09 1.04974055e+09 1.04974059e+09
 1.04974064e+09 1.04974068e+09 1.04974072e+09 1.04974076e+09
 1.04974081e+09 1.04974085e+09 1.04974089e+09 1.04974093e+09
 1.04974098e+09 1.04974102e+09 1.04974106e+09 1.04974110e+09
 1.04974115e+09 1.04974119e+09 1.04974123e+09 1.04974127e+09
 1.04974131e+09 1.04974136e+09 1.04974140e+09 1.04974144e+09
 1.04974148e+09 1.04974153e+09 1.04974157e+09 1.04974161e+09
 1.04974165e+09 1.04974170e+09 1.04974174e+09 1.04974178e+09
 1.04974182e+09 1.04974187e+09 1.04974191e+09 1.04974195e+09
 1.04974199e+09 1.04974204e+09 1.04974208e+09 1.04974212e+09
 1.04974216e+09 1.04974220e+09 1.04974225e+09 1.04974229e+09
 1.04974233e+09 1.04974237e+09 1.04974242e+09 1.04974246e+09
 1.04974250e+09 1.04974254e+09 1.04974259e+09 1.04974263e+09
 1.04974267e+09 1.04974271e+09 1.04974276e+09 1.04974280e+09
 1.04974284e+09 1.04974288e+09 1.04974293e+09 1.04974297e+09
 1.04974301e+09 1.04974305e+09 1.04974309e+09 1.04974314e+09
 1.04974318e+09 1.04974322e+09 1.04974326e+09 1.04974331e+09
 1.04974335e+09 1.04974339e+09 1.04974343e+09 1.04974348e+09
 1.04974352e+09 1.04974356e+09 1.04974360e+09 1.04974365e+09
 1.04974369e+09 1.04974373e+09 1.04974377e+09 1.04974382e+09
 1.04974386e+09 1.04974390e+09 1.04974394e+09 1.04974398e+09
 1.04974403e+09 1.04974407e+09 1.04974411e+09 1.04974415e+09
 1.04974420e+09 1.04974424e+09 1.04974428e+09 1.04974432e+09
 1.04974437e+09 1.04974441e+09 1.04974445e+09 1.04974449e+09
 1.04974454e+09 1.04974458e+09 1.04974462e+09 1.04974466e+09
 1.04974471e+09 1.04974475e+09 1.04974479e+09 1.04974483e+09
 1.04974487e+09 1.04974492e+09 1.04974496e+09 1.04974500e+09
 1.04974504e+09 1.04974509e+09 1.04974513e+09 1.04974517e+09
 1.04974521e+09 1.04974526e+09 1.04974530e+09 1.04974534e+09
 1.04974538e+09 1.04974543e+09 1.04974547e+09 1.04974551e+09
 1.04974555e+09 1.04974560e+09 1.04974564e+09 1.04974568e+09
 1.04974572e+09 1.04974576e+09 1.04974581e+09 1.04974585e+09
 1.04974589e+09 1.04974593e+09 1.04974598e+09 1.04974602e+09
 1.04974606e+09 1.04974610e+09 1.04974615e+09 1.04974619e+09
 1.04974623e+09 1.04974627e+09 1.04974632e+09 1.04974636e+09
 1.04974640e+09 1.04974644e+09 1.04974649e+09 1.04974653e+09
 1.04974657e+09 1.04974661e+09 1.04974665e+09 1.04974670e+09
 1.04974674e+09 1.04974678e+09 1.04974682e+09 1.04974687e+09
 1.04974691e+09 1.04974695e+09 1.04974699e+09 1.04974704e+09
 1.04974708e+09 1.04974712e+09 1.04974716e+09 1.04974721e+09
 1.04974725e+09 1.04974729e+09 1.04974733e+09 1.04974738e+09
 1.04974742e+09 1.04974746e+09 1.04974750e+09 1.04974754e+09
 1.04974759e+09 1.04974763e+09 1.04974767e+09 1.04974771e+09
 1.04974776e+09 1.04974780e+09 1.04974784e+09 1.04974788e+09
 1.04974793e+09 1.04974797e+09 1.04974801e+09 1.04974805e+09
 1.04974810e+09 1.04974814e+09 1.04974818e+09 1.04974822e+09
 1.04974827e+09 1.04974831e+09 1.04974835e+09 1.04974839e+09
 1.04974843e+09 1.04974848e+09 1.04974852e+09 1.04974856e+09
 1.04974860e+09 1.04974865e+09 1.04974869e+09 1.04974873e+09
 1.04974877e+09 1.04974882e+09 1.04974886e+09 1.04974890e+09
 1.04974894e+09 1.04974899e+09 1.04974903e+09 1.04974907e+09
 1.04974911e+09 1.04974915e+09 1.04974920e+09 1.04974924e+09
 1.04974928e+09 1.04974932e+09 1.04974937e+09 1.04974941e+09
 1.04974945e+09 1.04974949e+09 1.04974954e+09 1.04974958e+09
 1.04974962e+09 1.04974966e+09 1.04974971e+09 1.04974975e+09
 1.04974979e+09 1.04974983e+09 1.04974988e+09 1.04974992e+09
 1.04974996e+09 1.04975000e+09 1.04975004e+09 1.04975009e+09
 1.04975013e+09 1.04975017e+09 1.04975021e+09 1.04975026e+09
 1.04975030e+09 1.04975034e+09 1.04975038e+09 1.04975043e+09
 1.04975047e+09 1.04975051e+09 1.04975055e+09 1.04975060e+09
 1.04975064e+09 1.04975068e+09 1.04975072e+09 1.04975077e+09
 1.04975081e+09 1.04975085e+09 1.04975089e+09 1.04975093e+09
 1.04975098e+09 1.04975102e+09 1.04975106e+09 1.04975110e+09
 1.04975115e+09 1.04975119e+09 1.04975123e+09 1.04975127e+09
 1.04975132e+09 1.04975136e+09 1.04975140e+09 1.04975144e+09
 1.04975149e+09 1.04975153e+09 1.04975157e+09 1.04975161e+09
 1.04975166e+09 1.04975170e+09 1.04975174e+09 1.04975178e+09
 1.04975182e+09 1.04975187e+09 1.04975191e+09 1.04975195e+09
 1.04975199e+09 1.04975204e+09 1.04975208e+09 1.04975212e+09
 1.04975216e+09 1.04975221e+09 1.04975225e+09 1.04975229e+09
 1.04975233e+09 1.04975238e+09 1.04975242e+09 1.04975246e+09
 1.04975250e+09 1.04975255e+09 1.04975259e+09 1.04975263e+09
 1.04975267e+09 1.04975271e+09 1.04975276e+09 1.04975280e+09
 1.04975284e+09 1.04975288e+09 1.04975293e+09 1.04975297e+09
 1.04975301e+09 1.04975305e+09 1.04975310e+09 1.04975314e+09
 1.04975318e+09 1.04975322e+09 1.04975327e+09 1.04975331e+09
 1.04975335e+09 1.04975339e+09 1.04975344e+09 1.04975348e+09
 1.04975352e+09 1.04975356e+09 1.04975360e+09 1.04975365e+09
 1.04975369e+09 1.04975373e+09 1.04975377e+09 1.04975382e+09
 1.04975386e+09 1.04975390e+09 1.04975394e+09 1.04975399e+09
 1.04975403e+09 1.04975407e+09 1.04975411e+09 1.04975416e+09
 1.04975420e+09 1.04975424e+09 1.04975428e+09 1.04975433e+09
 1.04975437e+09 1.04975441e+09 1.04975445e+09 1.04975449e+09
 1.04975454e+09 1.04975458e+09 1.04975462e+09 1.04975466e+09
 1.04975471e+09 1.04975475e+09 1.04975479e+09 1.04975483e+09
 1.04975488e+09 1.04975492e+09 1.04975496e+09 1.04975500e+09
 1.04975505e+09 1.04975509e+09 1.04975513e+09 1.04975517e+09
 1.04975522e+09 1.04975526e+09 1.04975530e+09 1.04975534e+09
 1.04975538e+09 1.04975543e+09 1.04975547e+09 1.04975551e+09
 1.04975555e+09 1.04975560e+09 1.04975564e+09 1.04975568e+09
 1.04975572e+09 1.04975577e+09 1.04975581e+09 1.04975585e+09
 1.04975589e+09 1.04975594e+09 1.04975598e+09 1.04975602e+09
 1.04975606e+09 1.04975611e+09 1.04975615e+09 1.04975619e+09
 1.04975623e+09 1.04975627e+09 1.04975632e+09 1.04975636e+09
 1.04975640e+09 1.04975644e+09 1.04975649e+09 1.04975653e+09
 1.04975657e+09 1.04975661e+09 1.04975666e+09 1.04975670e+09
 1.04975674e+09 1.04975678e+09 1.04975683e+09 1.04975687e+09
 1.04975691e+09 1.04975695e+09 1.04975700e+09 1.04975704e+09
 1.04975708e+09 1.04975712e+09 1.04975716e+09 1.04975721e+09
 1.04975725e+09 1.04975729e+09 1.04975733e+09 1.04975738e+09]
minRes = 0.11266300588099427
minResTime =  [1.04975716e+09]
