name =JUICE_ROI_CAL_4_7_03
flyby =  ['2032 OCT 30 14:21:22', '2032 OCT 31 14:21:22']
Observation TW =  <SpiceCell dtype = 1, length = 0, size = 3000, card = 10, is_set = 1, adjust = 0, init = 1, base = 2554802118672, data = 2554802118720>
Res(t) =  [3.20701287 3.20380044 3.20058822 3.19737621 3.19416442 3.19095283
 3.18774145 3.18453028 3.18131932 3.17810857 3.17489802 3.17168769
 3.16847756 3.16526764 3.16205792 3.15884841 3.15563911 3.15243002
 3.14922113 3.14601245 3.14280397 3.13959569 3.13638763 3.13317976
 3.1299721  3.12676465 3.12355739 3.12035034 3.1171435  3.11393685
 3.11073041 3.10752417 3.10431814 3.1011123  3.09790666 3.09470123
 3.091496   3.08829097 3.08508613 3.0818815  3.07867707 3.07547283
 3.0722688  3.06906496 3.06586132 3.06265788 3.05945464 3.05625159
 3.05304875 3.04984609 3.04664364 3.04344138 3.04023932 3.03703745
 3.03383578 3.03063431 3.02743302 3.02423194 3.02103105 3.01783035
 3.01462984 3.01142953 3.00822941 3.00502949 3.00182976 2.99863022
 2.99543087 2.99223171 2.98903275 2.98583397 2.98263539 2.979437
 2.97623879 2.97304078 2.96984296 2.96664533 2.96344788 2.96025063
 2.95705356 2.95385668 2.95065999 2.94746349 2.94426717 2.94107105
 2.9378751  2.93467935 2.93148378 2.9282884  2.9250932  2.92189819
 2.91870336 2.91550872 2.91231426 2.90911999 2.9059259  2.902732
 2.89953828 2.89634474 2.89315138 2.88995821 2.88676522 2.88357241
 2.88037978 2.87718734 2.87399507 2.87080299 2.86761109 2.86441936
 2.86122782 2.85803646 2.85484528 2.85165427 2.84846345 2.8452728
 2.84208233 2.83889204 2.83570193 2.83251199 2.82932224 2.82613266
 2.82294325 2.81975402 2.81656497 2.8133761  2.81018739 2.80699887
 2.80381052 2.80062234 2.79743434 2.79424651 2.79105886 2.78787138
 2.78468408 2.78149694 2.77830998 2.77512319 2.77193658 2.76875013
 2.76556386 2.76237776 2.75919183 2.75600607 2.75282048 2.74963506
 2.74644981 2.74326473 2.74007982 2.73689508 2.73371051 2.7305261
 2.72734187 2.7241578  2.7209739  2.71779017 2.7146066  2.7114232
 2.70823997 2.7050569  2.701874   2.69869127 2.6955087  2.6923263
 2.68914406 2.68596199 2.68278008 2.67959833 2.67641675 2.67323533
 2.67005408 2.66687298 2.66369205 2.66051129 2.65733068 2.65415024
 2.65096996 2.64778984 2.64460988 2.64143008 2.63825044 2.63507097
 2.63189165 2.62871249 2.62553349 2.62235465 2.61917597 2.61599745
 2.61281908 2.60964088 2.60646283 2.60328494 2.6001072  2.59692963
 2.59375221 2.59057494 2.58739784 2.58422088 2.58104409 2.57786745
 2.57469096 2.57151463 2.56833845 2.56516243 2.56198656 2.55881084
 2.55563528 2.55245987 2.54928461 2.54610951 2.54293456 2.53975976
 2.53658511 2.53341061 2.53023627 2.52706207 2.52388803 2.52071413
 2.51754039 2.5143668  2.51119335 2.50802006 2.50484691 2.50167391
 2.49850106 2.49532836 2.49215581 2.4889834  2.48581115 2.48263904
 2.47946707 2.47629525 2.47312358 2.46995206 2.46678068 2.46360944
 2.46043835 2.45726741 2.45409661 2.45092595 2.44775544 2.44458507
 2.44141485 2.43824477 2.43507483 2.43190504 2.42873538 2.42556587
 2.4223965  2.41922728 2.41605819 2.41288925 2.40972045 2.40655178
 2.40338326 2.40021488 2.39704663 2.39387853 2.39071057 2.38754274
 2.38437506 2.38120751 2.3780401  2.37487283 2.37170569 2.3685387
 2.36537184 2.36220511 2.35903853 2.35587208 2.35270576 2.34953959
 2.34637354 2.34320764 2.34004186 2.33687623 2.33371072 2.33054535
 2.32738012 2.32421502 2.32105005 2.31788521 2.31472051 2.31155594
 2.3083915  2.3052272  2.30206302 2.29889898 2.29573507 2.29257129
 2.28940764 2.28624412 2.28308073 2.27991748 2.27675435 2.27359135
 2.27042848 2.26726573 2.26410312 2.26094064 2.25777828 2.25461605
 2.25145395 2.24829198 2.24513013 2.24196841 2.23880682 2.23564535
 2.23248401 2.22932279 2.2261617  2.22300074 2.2198399  2.21667918
 2.21351859 2.21035812 2.20719778 2.20403756 2.20087746 2.19771749
 2.19455764 2.19139791 2.18823831 2.18507882 2.18191946 2.17876022
 2.1756011  2.1724421  2.16928323 2.16612447 2.16296583 2.15980732
 2.15664892 2.15349064 2.15033248 2.14717444 2.14401652 2.14085872
 2.13770104 2.13454347 2.13138602 2.12822869 2.12507148 2.12191438
 2.1187574  2.11560053 2.11244379 2.10928715 2.10613064 2.10297423
 2.09981795 2.09666178 2.09350572 2.09034978 2.08719395 2.08403823
 2.08088263 2.07772714 2.07457176 2.0714165  2.06826135 2.06510631
 2.06195139 2.05879657 2.05564187 2.05248728 2.0493328  2.04617842
 2.04302416 2.03987001 2.03671598 2.03356204 2.03040822 2.02725451
 2.02410091 2.02094742 2.01779403 2.01464075 2.01148758 2.00833452
 2.00518156 2.00202872 1.99887598 1.99572334 1.99257081 1.98941839
 1.98626608 1.98311387 1.97996176 1.97680976 1.97365786 1.97050607
 1.96735439 1.96420281 1.96105133 1.95789995 1.95474868 1.95159751
 1.94844645 1.94529548 1.94214462 1.93899387 1.93584321 1.93269265
 1.9295422  1.92639185 1.92324159 1.92009144 1.91694139 1.91379144
 1.91064159 1.90749184 1.90434219 1.90119263 1.89804318 1.89489382
 1.89174456 1.88859541 1.88544634 1.88229738 1.87914851 1.87599974
 1.87285107 1.86970249 1.86655401 1.86340563 1.86025734 1.85710915
 1.85396105 1.85081305 1.84766515 1.84451733 1.84136962 1.83822199
 1.83507446 1.83192703 1.82877968 1.82563243 1.82248528 1.81933821
 1.81619124 1.81304436 1.80989758 1.80675088 1.80360428 1.80045776
 1.79731134 1.79416501 1.79101877 1.78787262 1.78472656 1.78158059
 1.7784347  1.77528891 1.77214321 1.7689976  1.76585207 1.76270663
 1.75956128 1.75641602 1.75327085 1.75012576 1.74698076 1.74383585
 1.74069102 1.73754628 1.73440163 1.73125706 1.72811258 1.72496819
 1.72182387 1.71867965 1.71553551 1.71239145 1.70924748 1.70610359
 1.70295978 1.69981606 1.69667243 1.69352887 1.6903854  1.68724201
 1.6840987  1.68095548 1.67781234 1.67466928 1.6715263  1.6683834
 1.66524058 1.66209784 1.65895519 1.65581261 1.65267012 1.6495277
 1.64638536 1.64324311 1.64010093 1.63695883 1.63381681 1.63067487
 1.62753301 1.62439122 1.62124951 1.61810788 1.61496633 1.61182485
 1.60868345 1.60554213 1.60240089 1.59925972 1.59611862 1.59297761
 1.58983666 1.5866958  1.583555   1.58041429 1.57727364 1.57413308
 1.57099258 1.56785216 1.56471181 1.56157154 1.55843134 1.55529122
 1.55215116 1.54901118 1.54587127 1.54273144 1.53959167 1.53645198
 1.53331236 1.53017281 1.52703333 1.52389392 1.52075458 1.51761532
 1.51447612 1.51133699 1.50819794 1.50505895 1.50192003 1.49878118
 1.4956424  1.49250369 1.48936505 1.48622648 1.48308797 1.47994953
 1.47681116 1.47367286 1.47053462 1.46739646 1.46425835 1.46112032
 1.45798235 1.45484445 1.45170661 1.44856884 1.44543114 1.4422935
 1.43915592 1.43601841 1.43288097 1.42974359 1.42660627 1.42346902
 1.42033184 1.41719471 1.41405765 1.41092066 1.40778372 1.40464685
 1.40151005 1.3983733  1.39523662 1.3921     1.38896344 1.38582695
 1.38269051 1.37955414 1.37641783 1.37328158 1.37014539 1.36700926
 1.36387319 1.36073718 1.35760124 1.35446535 1.35132952 1.34819375
 1.34505804 1.34192239 1.3387868  1.33565127 1.3325158  1.32938039
 1.32624503 1.32310973 1.31997449 1.31683931 1.31370419 1.31056912
 1.30743411 1.30429916 1.30116427 1.29802943 1.29489465 1.29175992
 1.28862525 1.28549064 1.28235609 1.27922158 1.27608714 1.27295275
 1.26981842 1.26668414 1.26354991 1.26041575 1.25728163 1.25414757
 1.25101357 1.24787962 1.24474572 1.24161188 1.23847809 1.23534436
 1.23221068 1.22907705 1.22594347 1.22280995 1.21967648 1.21654307
 1.21340971 1.2102764  1.20714314 1.20400994 1.20087678 1.19774368
 1.19461063 1.19147764 1.18834469 1.1852118  1.18207896 1.17894617
 1.17581343 1.17268074 1.1695481  1.16641552 1.16328298 1.1601505
 1.15701806 1.15388568 1.15075335 1.14762107 1.14448883 1.14135665
 1.13822452 1.13509244 1.13196041 1.12882842 1.12569649 1.12256461
 1.11943277 1.11630099 1.11316926 1.11003757 1.10690594 1.10377435
 1.10064281 1.09751132 1.09437988 1.09124849 1.08811715 1.08498586
 1.08185462 1.07872342 1.07559228 1.07246118 1.06933013 1.06619913
 1.06306818 1.05993728 1.05680642 1.05367562 1.05054486 1.04741415
 1.04428349 1.04115288 1.03802232 1.0348918  1.03176133 1.02863092
 1.02550055 1.02237023 1.01923996 1.01610973 1.01297956 1.00984943
 1.00671935 1.00358933 1.00045935 0.99732942 0.99419953 0.9910697
 0.98793992 0.98481018 0.9816805  0.97855086 0.97542127 0.97229174
 0.96916225 0.96603281 0.96290342 0.95977408 0.95664479 0.95351555
 0.95038636 0.94725723 0.94412814 0.9409991  0.93787011 0.93474118
 0.93161229 0.92848346 0.92535468 0.92222595 0.91909727 0.91596864
 0.91284007 0.90971155 0.90658308 0.90345466 0.9003263  0.89719799
 0.89406973 0.89094153 0.88781338 0.88468529 0.88155725 0.87842927
 0.87530134 0.87217347 0.86904565 0.86591789 0.86279018 0.85966254
 0.85653495 0.85340741 0.85027994 0.84715252 0.84402517 0.84089787
 0.83777063 0.83464346 0.83151634 0.82838928 0.82526229 0.82213536
 0.81900849 0.81588168 0.81275494 0.80962826 0.80650165 0.8033751
 0.80024862 0.7971222  0.79399586 0.79086957 0.78774336 0.78461722
 0.78149115 0.77836514 0.77523921 0.77211335 0.76898757 0.76586185
 0.76273622 0.75961065 0.75648516 0.75335975 0.75023442 0.74710917
 0.74398399 0.7408589  0.73773389 0.73460896 0.73148411 0.72835935
 0.72523467 0.72211008 0.71898558 0.71586117 0.71273684 0.70961261
 0.70648848 0.70336443 0.70024048 0.69711663 0.69399288 0.69086922
 0.68774567 0.68462221 0.68149887 0.67837562 0.67525249 0.67212946
 0.66900654 0.66588374 0.66276105 0.65963847 0.65651601 0.65339367
 0.65027146 0.64714936 0.64402739 0.64090555 0.63778383 0.63466225
 0.63154081 0.62841949 0.62529832 0.62217729 0.6190564  0.61593565
 0.61281506 0.60969462 0.60657433 0.60345419 0.60033422 0.59721441
 0.59409476 0.59097529 0.58785598 0.58473685 0.5816179  0.57849913
 0.57538055 0.57226215 0.56914395 0.56602595 0.56290814 0.55979054
 0.5569316  0.55381396 0.55069652 0.54757931 0.54446232 0.54134556
 0.53822903 0.53511274 0.5319967  0.5288809  0.52576536 0.52265008
 0.51953506 0.51642031 0.51330584 0.51019166 0.50707777 0.50396417
 0.50085087 0.49773789 0.49462523 0.49151288 0.48840088 0.48528921
 0.48217789 0.47906693 0.47595633 0.47284611 0.46973628 0.46662683
 0.46351779 0.46040916 0.45730096 0.45419319 0.45108586 0.447979
 0.4448726  0.44176668 0.43866125 0.43555633 0.43245193 0.42934806
 0.42624474 0.42314198 0.4200398  0.41693822 0.41383724 0.41073689
 0.40763719 0.40453815 0.40143979 0.39834213 0.39524519 0.392149
 0.38905357 0.38595893 0.3828651  0.3797721  0.37667996 0.37358871
 0.37049838 0.36740898 0.36432056 0.36123313 0.35814675 0.35506142
 0.3519772  0.34889412 0.34581221 0.34273152 0.33965208 0.33657393
 0.33349713 0.33042171 0.32734773 0.32427523 0.32120427 0.31813491
 0.31506719 0.31200118 0.30893694 0.30587455 0.30281406 0.29975555
 0.2966991  0.29364478 0.29059268 0.28754288 0.28449549 0.28145058
 0.27840828 0.27536868 0.2723319  0.26929806 0.26626728 0.2632397
 0.26021545 0.25719469 0.25417757 0.25116426 0.24815493 0.24514977
 0.24214898 0.23915277 0.23616136 0.23317499 0.23019392 0.22721841
 0.22424875 0.22128525 0.21832824 0.21537807 0.21243511 0.20949978
 0.20657251 0.20365375 0.20074403 0.19784387 0.19495387 0.19207466
 0.18920692 0.18635139 0.18350889 0.1806803  0.17786656 0.17506873
 0.17228796 0.16952549 0.1667827  0.16406113 0.16136243 0.15868847
 0.15604131 0.15342323 0.1508368  0.14828488 0.14577068 0.14329783
 0.14087043 0.13849314 0.13617129 0.13391098 0.13171925 0.12960426
 0.12757553 0.12564425 0.12382364 0.12212951 0.12058089 0.11920092
 0.11801814 0.11706813 0.11639601 0.11605999 0.11613676 0.11672986
 0.11798333 0.12010487 0.12340785 0.12839316]
t =  [1.03603095e+09 1.03603099e+09 1.03603103e+09 1.03603107e+09
 1.03603111e+09 1.03603114e+09 1.03603118e+09 1.03603122e+09
 1.03603126e+09 1.03603130e+09 1.03603134e+09 1.03603138e+09
 1.03603142e+09 1.03603145e+09 1.03603149e+09 1.03603153e+09
 1.03603157e+09 1.03603161e+09 1.03603165e+09 1.03603169e+09
 1.03603173e+09 1.03603177e+09 1.03603180e+09 1.03603184e+09
 1.03603188e+09 1.03603192e+09 1.03603196e+09 1.03603200e+09
 1.03603204e+09 1.03603208e+09 1.03603211e+09 1.03603215e+09
 1.03603219e+09 1.03603223e+09 1.03603227e+09 1.03603231e+09
 1.03603235e+09 1.03603239e+09 1.03603242e+09 1.03603246e+09
 1.03603250e+09 1.03603254e+09 1.03603258e+09 1.03603262e+09
 1.03603266e+09 1.03603270e+09 1.03603273e+09 1.03603277e+09
 1.03603281e+09 1.03603285e+09 1.03603289e+09 1.03603293e+09
 1.03603297e+09 1.03603301e+09 1.03603304e+09 1.03603308e+09
 1.03603312e+09 1.03603316e+09 1.03603320e+09 1.03603324e+09
 1.03603328e+09 1.03603332e+09 1.03603335e+09 1.03603339e+09
 1.03603343e+09 1.03603347e+09 1.03603351e+09 1.03603355e+09
 1.03603359e+09 1.03603363e+09 1.03603366e+09 1.03603370e+09
 1.03603374e+09 1.03603378e+09 1.03603382e+09 1.03603386e+09
 1.03603390e+09 1.03603394e+09 1.03603397e+09 1.03603401e+09
 1.03603405e+09 1.03603409e+09 1.03603413e+09 1.03603417e+09
 1.03603421e+09 1.03603425e+09 1.03603428e+09 1.03603432e+09
 1.03603436e+09 1.03603440e+09 1.03603444e+09 1.03603448e+09
 1.03603452e+09 1.03603456e+09 1.03603459e+09 1.03603463e+09
 1.03603467e+09 1.03603471e+09 1.03603475e+09 1.03603479e+09
 1.03603483e+09 1.03603487e+09 1.03603490e+09 1.03603494e+09
 1.03603498e+09 1.03603502e+09 1.03603506e+09 1.03603510e+09
 1.03603514e+09 1.03603518e+09 1.03603521e+09 1.03603525e+09
 1.03603529e+09 1.03603533e+09 1.03603537e+09 1.03603541e+09
 1.03603545e+09 1.03603549e+09 1.03603552e+09 1.03603556e+09
 1.03603560e+09 1.03603564e+09 1.03603568e+09 1.03603572e+09
 1.03603576e+09 1.03603580e+09 1.03603583e+09 1.03603587e+09
 1.03603591e+09 1.03603595e+09 1.03603599e+09 1.03603603e+09
 1.03603607e+09 1.03603611e+09 1.03603614e+09 1.03603618e+09
 1.03603622e+09 1.03603626e+09 1.03603630e+09 1.03603634e+09
 1.03603638e+09 1.03603642e+09 1.03603645e+09 1.03603649e+09
 1.03603653e+09 1.03603657e+09 1.03603661e+09 1.03603665e+09
 1.03603669e+09 1.03603673e+09 1.03603676e+09 1.03603680e+09
 1.03603684e+09 1.03603688e+09 1.03603692e+09 1.03603696e+09
 1.03603700e+09 1.03603704e+09 1.03603707e+09 1.03603711e+09
 1.03603715e+09 1.03603719e+09 1.03603723e+09 1.03603727e+09
 1.03603731e+09 1.03603735e+09 1.03603738e+09 1.03603742e+09
 1.03603746e+09 1.03603750e+09 1.03603754e+09 1.03603758e+09
 1.03603762e+09 1.03603766e+09 1.03603769e+09 1.03603773e+09
 1.03603777e+09 1.03603781e+09 1.03603785e+09 1.03603789e+09
 1.03603793e+09 1.03603797e+09 1.03603800e+09 1.03603804e+09
 1.03603808e+09 1.03603812e+09 1.03603816e+09 1.03603820e+09
 1.03603824e+09 1.03603828e+09 1.03603831e+09 1.03603835e+09
 1.03603839e+09 1.03603843e+09 1.03603847e+09 1.03603851e+09
 1.03603855e+09 1.03603859e+09 1.03603862e+09 1.03603866e+09
 1.03603870e+09 1.03603874e+09 1.03603878e+09 1.03603882e+09
 1.03603886e+09 1.03603890e+09 1.03603893e+09 1.03603897e+09
 1.03603901e+09 1.03603905e+09 1.03603909e+09 1.03603913e+09
 1.03603917e+09 1.03603921e+09 1.03603924e+09 1.03603928e+09
 1.03603932e+09 1.03603936e+09 1.03603940e+09 1.03603944e+09
 1.03603948e+09 1.03603952e+09 1.03603955e+09 1.03603959e+09
 1.03603963e+09 1.03603967e+09 1.03603971e+09 1.03603975e+09
 1.03603979e+09 1.03603983e+09 1.03603986e+09 1.03603990e+09
 1.03603994e+09 1.03603998e+09 1.03604002e+09 1.03604006e+09
 1.03604010e+09 1.03604014e+09 1.03604017e+09 1.03604021e+09
 1.03604025e+09 1.03604029e+09 1.03604033e+09 1.03604037e+09
 1.03604041e+09 1.03604045e+09 1.03604048e+09 1.03604052e+09
 1.03604056e+09 1.03604060e+09 1.03604064e+09 1.03604068e+09
 1.03604072e+09 1.03604076e+09 1.03604079e+09 1.03604083e+09
 1.03604087e+09 1.03604091e+09 1.03604095e+09 1.03604099e+09
 1.03604103e+09 1.03604107e+09 1.03604110e+09 1.03604114e+09
 1.03604118e+09 1.03604122e+09 1.03604126e+09 1.03604130e+09
 1.03604134e+09 1.03604138e+09 1.03604141e+09 1.03604145e+09
 1.03604149e+09 1.03604153e+09 1.03604157e+09 1.03604161e+09
 1.03604165e+09 1.03604169e+09 1.03604172e+09 1.03604176e+09
 1.03604180e+09 1.03604184e+09 1.03604188e+09 1.03604192e+09
 1.03604196e+09 1.03604200e+09 1.03604203e+09 1.03604207e+09
 1.03604211e+09 1.03604215e+09 1.03604219e+09 1.03604223e+09
 1.03604227e+09 1.03604231e+09 1.03604234e+09 1.03604238e+09
 1.03604242e+09 1.03604246e+09 1.03604250e+09 1.03604254e+09
 1.03604258e+09 1.03604262e+09 1.03604265e+09 1.03604269e+09
 1.03604273e+09 1.03604277e+09 1.03604281e+09 1.03604285e+09
 1.03604289e+09 1.03604293e+09 1.03604296e+09 1.03604300e+09
 1.03604304e+09 1.03604308e+09 1.03604312e+09 1.03604316e+09
 1.03604320e+09 1.03604324e+09 1.03604327e+09 1.03604331e+09
 1.03604335e+09 1.03604339e+09 1.03604343e+09 1.03604347e+09
 1.03604351e+09 1.03604355e+09 1.03604358e+09 1.03604362e+09
 1.03604366e+09 1.03604370e+09 1.03604374e+09 1.03604378e+09
 1.03604382e+09 1.03604386e+09 1.03604389e+09 1.03604393e+09
 1.03604397e+09 1.03604401e+09 1.03604405e+09 1.03604409e+09
 1.03604413e+09 1.03604417e+09 1.03604420e+09 1.03604424e+09
 1.03604428e+09 1.03604432e+09 1.03604436e+09 1.03604440e+09
 1.03604444e+09 1.03604448e+09 1.03604451e+09 1.03604455e+09
 1.03604459e+09 1.03604463e+09 1.03604467e+09 1.03604471e+09
 1.03604475e+09 1.03604479e+09 1.03604483e+09 1.03604486e+09
 1.03604490e+09 1.03604494e+09 1.03604498e+09 1.03604502e+09
 1.03604506e+09 1.03604510e+09 1.03604514e+09 1.03604517e+09
 1.03604521e+09 1.03604525e+09 1.03604529e+09 1.03604533e+09
 1.03604537e+09 1.03604541e+09 1.03604545e+09 1.03604548e+09
 1.03604552e+09 1.03604556e+09 1.03604560e+09 1.03604564e+09
 1.03604568e+09 1.03604572e+09 1.03604576e+09 1.03604579e+09
 1.03604583e+09 1.03604587e+09 1.03604591e+09 1.03604595e+09
 1.03604599e+09 1.03604603e+09 1.03604607e+09 1.03604610e+09
 1.03604614e+09 1.03604618e+09 1.03604622e+09 1.03604626e+09
 1.03604630e+09 1.03604634e+09 1.03604638e+09 1.03604641e+09
 1.03604645e+09 1.03604649e+09 1.03604653e+09 1.03604657e+09
 1.03604661e+09 1.03604665e+09 1.03604669e+09 1.03604672e+09
 1.03604676e+09 1.03604680e+09 1.03604684e+09 1.03604688e+09
 1.03604692e+09 1.03604696e+09 1.03604700e+09 1.03604703e+09
 1.03604707e+09 1.03604711e+09 1.03604715e+09 1.03604719e+09
 1.03604723e+09 1.03604727e+09 1.03604731e+09 1.03604734e+09
 1.03604738e+09 1.03604742e+09 1.03604746e+09 1.03604750e+09
 1.03604754e+09 1.03604758e+09 1.03604762e+09 1.03604765e+09
 1.03604769e+09 1.03604773e+09 1.03604777e+09 1.03604781e+09
 1.03604785e+09 1.03604789e+09 1.03604793e+09 1.03604796e+09
 1.03604800e+09 1.03604804e+09 1.03604808e+09 1.03604812e+09
 1.03604816e+09 1.03604820e+09 1.03604824e+09 1.03604827e+09
 1.03604831e+09 1.03604835e+09 1.03604839e+09 1.03604843e+09
 1.03604847e+09 1.03604851e+09 1.03604855e+09 1.03604858e+09
 1.03604862e+09 1.03604866e+09 1.03604870e+09 1.03604874e+09
 1.03604878e+09 1.03604882e+09 1.03604886e+09 1.03604889e+09
 1.03604893e+09 1.03604897e+09 1.03604901e+09 1.03604905e+09
 1.03604909e+09 1.03604913e+09 1.03604917e+09 1.03604920e+09
 1.03604924e+09 1.03604928e+09 1.03604932e+09 1.03604936e+09
 1.03604940e+09 1.03604944e+09 1.03604948e+09 1.03604951e+09
 1.03604955e+09 1.03604959e+09 1.03604963e+09 1.03604967e+09
 1.03604971e+09 1.03604975e+09 1.03604979e+09 1.03604982e+09
 1.03604986e+09 1.03604990e+09 1.03604994e+09 1.03604998e+09
 1.03605002e+09 1.03605006e+09 1.03605010e+09 1.03605013e+09
 1.03605017e+09 1.03605021e+09 1.03605025e+09 1.03605029e+09
 1.03605033e+09 1.03605037e+09 1.03605041e+09 1.03605044e+09
 1.03605048e+09 1.03605052e+09 1.03605056e+09 1.03605060e+09
 1.03605064e+09 1.03605068e+09 1.03605072e+09 1.03605075e+09
 1.03605079e+09 1.03605083e+09 1.03605087e+09 1.03605091e+09
 1.03605095e+09 1.03605099e+09 1.03605103e+09 1.03605106e+09
 1.03605110e+09 1.03605114e+09 1.03605118e+09 1.03605122e+09
 1.03605126e+09 1.03605130e+09 1.03605134e+09 1.03605137e+09
 1.03605141e+09 1.03605145e+09 1.03605149e+09 1.03605153e+09
 1.03605157e+09 1.03605161e+09 1.03605165e+09 1.03605168e+09
 1.03605172e+09 1.03605176e+09 1.03605180e+09 1.03605184e+09
 1.03605188e+09 1.03605192e+09 1.03605196e+09 1.03605199e+09
 1.03605203e+09 1.03605207e+09 1.03605211e+09 1.03605215e+09
 1.03605219e+09 1.03605223e+09 1.03605227e+09 1.03605230e+09
 1.03605234e+09 1.03605238e+09 1.03605242e+09 1.03605246e+09
 1.03605250e+09 1.03605254e+09 1.03605258e+09 1.03605261e+09
 1.03605265e+09 1.03605269e+09 1.03605273e+09 1.03605277e+09
 1.03605281e+09 1.03605285e+09 1.03605289e+09 1.03605292e+09
 1.03605296e+09 1.03605300e+09 1.03605304e+09 1.03605308e+09
 1.03605312e+09 1.03605316e+09 1.03605320e+09 1.03605323e+09
 1.03605327e+09 1.03605331e+09 1.03605335e+09 1.03605339e+09
 1.03605343e+09 1.03605347e+09 1.03605351e+09 1.03605354e+09
 1.03605358e+09 1.03605362e+09 1.03605366e+09 1.03605370e+09
 1.03605374e+09 1.03605378e+09 1.03605382e+09 1.03605385e+09
 1.03605389e+09 1.03605393e+09 1.03605397e+09 1.03605401e+09
 1.03605405e+09 1.03605409e+09 1.03605413e+09 1.03605416e+09
 1.03605420e+09 1.03605424e+09 1.03605428e+09 1.03605432e+09
 1.03605436e+09 1.03605440e+09 1.03605444e+09 1.03605447e+09
 1.03605451e+09 1.03605455e+09 1.03605459e+09 1.03605463e+09
 1.03605467e+09 1.03605471e+09 1.03605475e+09 1.03605478e+09
 1.03605482e+09 1.03605486e+09 1.03605490e+09 1.03605494e+09
 1.03605498e+09 1.03605502e+09 1.03605506e+09 1.03605509e+09
 1.03605513e+09 1.03605517e+09 1.03605521e+09 1.03605525e+09
 1.03605529e+09 1.03605533e+09 1.03605537e+09 1.03605540e+09
 1.03605544e+09 1.03605548e+09 1.03605552e+09 1.03605556e+09
 1.03605560e+09 1.03605564e+09 1.03605568e+09 1.03605571e+09
 1.03605575e+09 1.03605579e+09 1.03605583e+09 1.03605587e+09
 1.03605591e+09 1.03605595e+09 1.03605599e+09 1.03605602e+09
 1.03605606e+09 1.03605610e+09 1.03605614e+09 1.03605618e+09
 1.03605622e+09 1.03605626e+09 1.03605630e+09 1.03605633e+09
 1.03605637e+09 1.03605641e+09 1.03605645e+09 1.03605649e+09
 1.03605653e+09 1.03605657e+09 1.03605661e+09 1.03605664e+09
 1.03605668e+09 1.03605672e+09 1.03605676e+09 1.03605680e+09
 1.03605684e+09 1.03605688e+09 1.03605692e+09 1.03605695e+09
 1.03605699e+09 1.03605703e+09 1.03605707e+09 1.03605711e+09
 1.03605715e+09 1.03605719e+09 1.03605723e+09 1.03605726e+09
 1.03605730e+09 1.03605734e+09 1.03605738e+09 1.03605742e+09
 1.03605746e+09 1.03605750e+09 1.03605754e+09 1.03605758e+09
 1.03605761e+09 1.03605765e+09 1.03605769e+09 1.03605773e+09
 1.03605777e+09 1.03605781e+09 1.03605785e+09 1.03605789e+09
 1.03605792e+09 1.03605796e+09 1.03605800e+09 1.03605804e+09
 1.03605808e+09 1.03605812e+09 1.03605816e+09 1.03605820e+09
 1.03605823e+09 1.03605827e+09 1.03605831e+09 1.03605835e+09
 1.03605839e+09 1.03605843e+09 1.03605847e+09 1.03605851e+09
 1.03605854e+09 1.03605858e+09 1.03605862e+09 1.03605866e+09
 1.03605870e+09 1.03605874e+09 1.03605878e+09 1.03605882e+09
 1.03605885e+09 1.03605889e+09 1.03605893e+09 1.03605897e+09
 1.03605901e+09 1.03605905e+09 1.03605909e+09 1.03605913e+09
 1.03605916e+09 1.03605920e+09 1.03605924e+09 1.03605928e+09
 1.03605932e+09 1.03605936e+09 1.03605940e+09 1.03605944e+09
 1.03605947e+09 1.03605951e+09 1.03605955e+09 1.03605959e+09
 1.03605963e+09 1.03605967e+09 1.03605971e+09 1.03605975e+09
 1.03605978e+09 1.03605982e+09 1.03605986e+09 1.03605990e+09
 1.03605994e+09 1.03605998e+09 1.03606002e+09 1.03606006e+09
 1.03606009e+09 1.03606013e+09 1.03606017e+09 1.03606021e+09
 1.03606025e+09 1.03606029e+09 1.03606033e+09 1.03606037e+09
 1.03606040e+09 1.03606044e+09 1.03606048e+09 1.03606052e+09
 1.03606056e+09 1.03606060e+09 1.03606064e+09 1.03606068e+09
 1.03606071e+09 1.03606075e+09 1.03606079e+09 1.03606083e+09
 1.03606087e+09 1.03606091e+09 1.03606095e+09 1.03606099e+09
 1.03606102e+09 1.03606106e+09 1.03606110e+09 1.03606114e+09
 1.03606118e+09 1.03606122e+09 1.03606126e+09 1.03606130e+09
 1.03606133e+09 1.03606137e+09 1.03606141e+09 1.03606145e+09
 1.03606149e+09 1.03606153e+09 1.03606157e+09 1.03606161e+09
 1.03606164e+09 1.03606168e+09 1.03606172e+09 1.03606176e+09
 1.03606180e+09 1.03606184e+09 1.03606188e+09 1.03606192e+09
 1.03606195e+09 1.03606199e+09 1.03606203e+09 1.03606207e+09
 1.03606211e+09 1.03606215e+09 1.03606219e+09 1.03606223e+09
 1.03606226e+09 1.03606230e+09 1.03606234e+09 1.03606238e+09
 1.03606242e+09 1.03606246e+09 1.03606250e+09 1.03606254e+09
 1.03606257e+09 1.03606261e+09 1.03606265e+09 1.03606269e+09
 1.03606273e+09 1.03606277e+09 1.03606281e+09 1.03606285e+09
 1.03606288e+09 1.03606292e+09 1.03606296e+09 1.03606300e+09
 1.03606304e+09 1.03606308e+09 1.03606312e+09 1.03606316e+09
 1.03606319e+09 1.03606323e+09 1.03606327e+09 1.03606331e+09
 1.03606335e+09 1.03606339e+09 1.03606343e+09 1.03606347e+09
 1.03606350e+09 1.03606354e+09 1.03606358e+09 1.03606362e+09
 1.03606366e+09 1.03606370e+09 1.03606374e+09 1.03606378e+09
 1.03606381e+09 1.03606385e+09 1.03606389e+09 1.03606393e+09
 1.03606397e+09 1.03606401e+09 1.03606405e+09 1.03606409e+09
 1.03606412e+09 1.03606416e+09 1.03606420e+09 1.03606424e+09
 1.03606428e+09 1.03606432e+09 1.03606436e+09 1.03606440e+09
 1.03606443e+09 1.03606447e+09 1.03606451e+09 1.03606455e+09
 1.03606459e+09 1.03606463e+09 1.03606467e+09 1.03606471e+09
 1.03606474e+09 1.03606478e+09 1.03606482e+09 1.03606486e+09
 1.03606490e+09 1.03606494e+09 1.03606498e+09 1.03606502e+09
 1.03606505e+09 1.03606509e+09 1.03606513e+09 1.03606517e+09
 1.03606521e+09 1.03606525e+09 1.03606529e+09 1.03606533e+09
 1.03606536e+09 1.03606540e+09 1.03606544e+09 1.03606548e+09
 1.03606552e+09 1.03606556e+09 1.03606560e+09 1.03606564e+09
 1.03606567e+09 1.03606571e+09 1.03606575e+09 1.03606579e+09
 1.03606583e+09 1.03606587e+09 1.03606591e+09 1.03606595e+09
 1.03606598e+09 1.03606602e+09 1.03606606e+09 1.03606610e+09
 1.03606614e+09 1.03606618e+09 1.03606622e+09 1.03606626e+09
 1.03606629e+09 1.03606633e+09 1.03606637e+09 1.03606641e+09
 1.03606645e+09 1.03606649e+09 1.03606653e+09 1.03606657e+09
 1.03606660e+09 1.03606664e+09 1.03606668e+09 1.03606672e+09
 1.03606676e+09 1.03606680e+09 1.03606684e+09 1.03606688e+09
 1.03606691e+09 1.03606695e+09 1.03606699e+09 1.03606703e+09
 1.03606707e+09 1.03606711e+09 1.03606715e+09 1.03606719e+09
 1.03606722e+09 1.03606726e+09 1.03606730e+09 1.03606734e+09
 1.03606738e+09 1.03606742e+09 1.03606746e+09 1.03606750e+09
 1.03606753e+09 1.03606757e+09 1.03606761e+09 1.03606765e+09
 1.03606769e+09 1.03606773e+09 1.03606777e+09 1.03606781e+09
 1.03606784e+09 1.03606788e+09 1.03606792e+09 1.03606796e+09
 1.03606800e+09 1.03606804e+09 1.03606808e+09 1.03606812e+09
 1.03606815e+09 1.03606819e+09 1.03606823e+09 1.03606827e+09
 1.03606831e+09 1.03606835e+09 1.03606839e+09 1.03606843e+09
 1.03606846e+09 1.03606850e+09 1.03606854e+09 1.03606858e+09
 1.03606862e+09 1.03606866e+09 1.03606870e+09 1.03606874e+09
 1.03606877e+09 1.03606881e+09 1.03606885e+09 1.03606889e+09
 1.03606893e+09 1.03606897e+09 1.03606901e+09 1.03606905e+09
 1.03606908e+09 1.03606912e+09 1.03606916e+09 1.03606920e+09
 1.03606924e+09 1.03606928e+09 1.03606932e+09 1.03606936e+09
 1.03606939e+09 1.03606943e+09 1.03606947e+09 1.03606951e+09
 1.03606955e+09 1.03606959e+09 1.03606963e+09 1.03606967e+09]
minRes = 0.11605998788665527
minResTime =  [1.03606943e+09]
