name =JUICE_ROI_CAL_6_1_08
flyby =  ['2033 MAR 04 14:44:09', '2033 MAR 05 14:44:09']
Observation TW =  <SpiceCell dtype = 1, length = 0, size = 3400, card = 14, is_set = 1, adjust = 0, init = 1, base = 2554805375024, data = 2554805375072>
Res(t) =  [3.4291374  3.42576698 3.42239649 3.41902594 3.41565531 3.41228462
 3.40891386 3.40554303 3.40217213 3.39880116 3.39543012 3.39205901
 3.38868784 3.38531659 3.38194528 3.3785739  3.37520244 3.37183092
 3.36845933 3.36508767 3.36171594 3.35834414 3.35497227 3.35160033
 3.34822832 3.34485624 3.34148409 3.33811187 3.33473958 3.33136722
 3.32799478 3.32462228 3.32124971 3.31787707 3.31450435 3.31113157
 3.30775871 3.30438579 3.30101279 3.29763972 3.29426658 3.29089337
 3.28752009 3.28414674 3.28077331 3.27739981 3.27402625 3.27065261
 3.2672789  3.26390511 3.26053126 3.25715733 3.25378333 3.25040926
 3.24703512 3.2436609  3.24028661 3.23691225 3.23353782 3.23016331
 3.22678874 3.22341409 3.22003936 3.21666457 3.2132897  3.20991475
 3.20653974 3.20316465 3.19978949 3.19641425 3.19303894 3.18966356
 3.18628811 3.18291258 3.17953697 3.1761613  3.17278555 3.16940972
 3.16603382 3.16265785 3.1592818  3.15590568 3.15252949 3.14915322
 3.14577687 3.14240045 3.13902396 3.13564739 3.13227075 3.12889403
 3.12551724 3.12214037 3.11876343 3.11538641 3.11200932 3.10863215
 3.1052549  3.10187758 3.09850019 3.09512272 3.09174517 3.08836755
 3.08498985 3.08161207 3.07823422 3.0748563  3.07147829 3.06810021
 3.06472206 3.06134382 3.05796552 3.05458713 3.05120867 3.04783013
 3.04445151 3.04107282 3.03769405 3.0343152  3.03093628 3.02755728
 3.0241782  3.02079904 3.01741981 3.0140405  3.01066111 3.00728164
 3.0039021  3.00052248 2.99714278 2.993763   2.99038314 2.98700321
 2.98362319 2.9802431  2.97686293 2.97348268 2.97010236 2.96672195
 2.96334146 2.9599609  2.95658026 2.95319954 2.94981873 2.94643785
 2.94305689 2.93967586 2.93629474 2.93291354 2.92953226 2.9261509
 2.92276947 2.91938795 2.91600635 2.91262467 2.90924292 2.90586108
 2.90247916 2.89909716 2.89571508 2.89233292 2.88895068 2.88556836
 2.88218596 2.87880348 2.87542091 2.87203827 2.86865554 2.86527273
 2.86188984 2.85850687 2.85512382 2.85174069 2.84835747 2.84497418
 2.8415908  2.83820734 2.83482379 2.83144017 2.82805646 2.82467267
 2.8212888  2.81790485 2.81452081 2.81113669 2.80775249 2.8043682
 2.80098383 2.79759938 2.79421485 2.79083023 2.78744553 2.78406075
 2.78067588 2.77729093 2.77390589 2.77052078 2.76713557 2.76375029
 2.76036492 2.75697947 2.75359393 2.7502083  2.7468226  2.74343681
 2.74005093 2.73666497 2.73327893 2.7298928  2.72650658 2.72312028
 2.7197339  2.71634743 2.71296087 2.70957423 2.70618751 2.7028007
 2.6994138  2.69602682 2.69263975 2.6892526  2.68586536 2.68247803
 2.67909062 2.67570312 2.67231554 2.66892786 2.66554011 2.66215226
 2.65876433 2.65537631 2.65198821 2.64860002 2.64521174 2.64182337
 2.63843492 2.63504638 2.63165775 2.62826904 2.62488024 2.62149135
 2.61810237 2.6147133  2.61132415 2.60793491 2.60454558 2.60115616
 2.59776665 2.59437705 2.59098737 2.5875976  2.58420774 2.58081779
 2.57742775 2.57403762 2.5706474  2.5672571  2.5638667  2.56047622
 2.55708564 2.55369498 2.55030422 2.54691338 2.54352245 2.54013142
 2.53674031 2.53334911 2.52995781 2.52656643 2.52317495 2.51978339
 2.51639173 2.51299999 2.50960815 2.50621622 2.5028242  2.49943209
 2.49603989 2.4926476  2.48925521 2.48586274 2.48247017 2.47907751
 2.47568476 2.47229192 2.46889898 2.46550595 2.46211283 2.45871962
 2.45532632 2.45193292 2.44853943 2.44514585 2.44175218 2.43835841
 2.43496455 2.4315706  2.42817655 2.42478241 2.42138818 2.41799385
 2.41459943 2.41120492 2.40781031 2.40441561 2.40102081 2.39762592
 2.39423094 2.39083586 2.38744069 2.38404542 2.38065006 2.3772546
 2.37385905 2.3704634  2.36706766 2.36367182 2.36027589 2.35687987
 2.35348374 2.35008753 2.34669121 2.3432948  2.3398983  2.3365017
 2.333105   2.32970821 2.32631132 2.32291433 2.31951725 2.31612007
 2.3127228  2.30932543 2.30592796 2.30253039 2.29913273 2.29573497
 2.29233711 2.28893916 2.2855411  2.28214295 2.27874471 2.27534636
 2.27194792 2.26854938 2.26515074 2.261752   2.25835316 2.25495423
 2.2515552  2.24815606 2.24475683 2.24135751 2.23795808 2.23455855
 2.23115892 2.2277592  2.22435937 2.22095945 2.21755942 2.2141593
 2.21075908 2.20735875 2.20395833 2.2005578  2.19715718 2.19375646
 2.19035563 2.1869547  2.18355368 2.18015255 2.17675132 2.17334999
 2.16994856 2.16654703 2.1631454  2.15974366 2.15634183 2.15293989
 2.14953785 2.14613571 2.14273347 2.13933112 2.13592867 2.13252612
 2.12912347 2.12572071 2.12231786 2.11891489 2.11551183 2.11210866
 2.10870539 2.10530202 2.10189854 2.09849496 2.09509128 2.09168749
 2.0882836  2.08487961 2.08147551 2.07807131 2.074667   2.07126259
 2.06785807 2.06445345 2.06104872 2.05764389 2.05423896 2.05083392
 2.04742877 2.04402352 2.04061816 2.0372127  2.03380713 2.03040146
 2.02699568 2.02358979 2.0201838  2.0167777  2.0133715  2.00996519
 2.00655877 2.00315225 1.99974562 1.99633888 1.99293203 1.98952508
 1.98611802 1.98271085 1.97930358 1.9758962  1.97248871 1.96908111
 1.96567341 1.96226559 1.95885767 1.95544964 1.9520415  1.94863325
 1.9452249  1.94181643 1.93840786 1.93499917 1.93159038 1.92818148
 1.92477247 1.92136335 1.91795412 1.91454478 1.91113533 1.90772577
 1.9043161  1.90090632 1.89749643 1.89408642 1.89067631 1.88726609
 1.88385575 1.88044531 1.87703475 1.87362408 1.87021331 1.86680242
 1.86339141 1.8599803  1.85656907 1.85315773 1.84974628 1.84633472
 1.84292305 1.83951126 1.83609936 1.83268735 1.82927522 1.82586298
 1.82245063 1.81903816 1.81562559 1.81221289 1.80880009 1.80538717
 1.80197413 1.79856099 1.79514772 1.79173435 1.78832086 1.78490725
 1.78149353 1.7780797  1.77466575 1.77125168 1.7678375  1.76442321
 1.76100879 1.75759427 1.75417963 1.75076487 1.74734999 1.743935
 1.7405199  1.73710467 1.73368933 1.73027388 1.7268583  1.72344261
 1.72002681 1.71661088 1.71319484 1.70977868 1.7063624  1.70294601
 1.6995295  1.69611287 1.69269612 1.68927925 1.68586227 1.68244516
 1.67902794 1.6756106  1.67219314 1.66877556 1.66535786 1.66194004
 1.65852211 1.65510405 1.65168587 1.64826758 1.64484916 1.64143062
 1.63801197 1.63459319 1.63117429 1.62775527 1.62433613 1.62091687
 1.61749749 1.61407799 1.61065837 1.60723862 1.60381875 1.60039876
 1.59697865 1.59355842 1.59013806 1.58671758 1.58329698 1.57987626
 1.57645541 1.57303445 1.56961335 1.56619214 1.5627708  1.55934934
 1.55592775 1.55250604 1.54908421 1.54566225 1.54224017 1.53881796
 1.53539563 1.53197318 1.5285506  1.52512789 1.52170506 1.5182821
 1.51485902 1.51143582 1.50801248 1.50458903 1.50116544 1.49774173
 1.4943179  1.49089393 1.48746984 1.48404563 1.48062129 1.47719682
 1.47377222 1.47034749 1.46692264 1.46349766 1.46007256 1.45664732
 1.45322196 1.44979647 1.44637085 1.4429451  1.43951922 1.43609322
 1.43266708 1.42924082 1.42581443 1.42238791 1.41896125 1.41553447
 1.41210756 1.40868052 1.40525335 1.40182605 1.39839862 1.39497105
 1.39154336 1.38811554 1.38468758 1.3812595  1.37783128 1.37440293
 1.37097445 1.36754584 1.36411709 1.36068821 1.35725921 1.35383006
 1.35040079 1.34697138 1.34354184 1.34011217 1.33668236 1.33325242
 1.32982235 1.32639214 1.3229618  1.31953133 1.31610072 1.31266998
 1.3092391  1.30580809 1.30237694 1.29894566 1.29551424 1.29208269
 1.288651   1.28521918 1.28178722 1.27835513 1.27492289 1.27149053
 1.26805802 1.26462538 1.26119261 1.25775969 1.25432664 1.25089346
 1.24746013 1.24402667 1.24059307 1.23715933 1.23372545 1.23029144
 1.22685729 1.223423   1.21998857 1.216554   1.21311929 1.20968444
 1.20624946 1.20281433 1.19937907 1.19594366 1.19250812 1.18907244
 1.18563661 1.18220065 1.17876454 1.17532829 1.17189191 1.16845538
 1.16501871 1.1615819  1.15814495 1.15470785 1.15127062 1.14783324
 1.14439572 1.14095806 1.13752025 1.1340823  1.13064421 1.12720598
 1.1237676  1.12032908 1.11689042 1.11345161 1.11001266 1.10657357
 1.10313433 1.09969494 1.09625542 1.09281574 1.08937593 1.08593596
 1.08249586 1.07905561 1.07561521 1.07217466 1.06873397 1.06529314
 1.06185216 1.05841103 1.05496976 1.05152834 1.04808677 1.04464506
 1.0412032  1.03776119 1.03431903 1.03087673 1.02743428 1.02399168
 1.02054894 1.01710604 1.013663   1.01021981 1.00677647 1.00333298
 0.99988935 0.99644556 0.99300163 0.98955754 0.98611331 0.98266892
 0.97922439 0.97577971 0.97233488 0.96888989 0.96544476 0.96199948
 0.95855404 0.95510846 0.95166272 0.94821683 0.9447708  0.94132461
 0.93787826 0.93443177 0.93098513 0.92753833 0.92409138 0.92064428
 0.91719703 0.91374963 0.91030207 0.90685436 0.9034065  0.89995848
 0.89651031 0.89306199 0.88961352 0.88616489 0.88271611 0.87926717
 0.87581808 0.87236884 0.86891944 0.86546989 0.86202019 0.85857033
 0.85512032 0.85167015 0.84821983 0.84476936 0.84131872 0.83786794
 0.834417   0.83096591 0.82751466 0.82406325 0.82061169 0.81715998
 0.81370811 0.81025608 0.8068039  0.80335157 0.79989908 0.79644643
 0.79299363 0.78954067 0.78608756 0.78263429 0.77918087 0.77572729
 0.77227356 0.76881967 0.76536562 0.76191142 0.75845706 0.75500255
 0.75154789 0.74809306 0.74463809 0.74118295 0.73772766 0.73427222
 0.73081662 0.72736087 0.72390496 0.7204489  0.71699268 0.71353631
 0.71007978 0.7066231  0.70316626 0.69970927 0.69625213 0.69279483
 0.68933738 0.68587978 0.68242202 0.67896411 0.67550605 0.67204783
 0.66858946 0.66513094 0.66167227 0.65821345 0.65475448 0.65129535
 0.64783608 0.64437665 0.64091708 0.63745735 0.63399748 0.63053746
 0.62707729 0.62361697 0.62015651 0.6166959  0.61323514 0.60977424
 0.60631319 0.602852   0.59939067 0.59592919 0.59246757 0.58900581
 0.58554391 0.58208187 0.57861969 0.57515737 0.57169491 0.56823232
 0.56476959 0.56130673 0.55784373 0.5543806  0.55091734 0.54745395
 0.54525267 0.54178877 0.53832475 0.5348606  0.53139632 0.52793191
 0.52446739 0.52100274 0.51753797 0.51407309 0.51060808 0.50714297
 0.50367774 0.5002124  0.49674695 0.49328139 0.48981573 0.48634996
 0.4828841  0.47941813 0.47595208 0.47248592 0.46901968 0.46555335
 0.46208694 0.45862045 0.45515387 0.45168722 0.4482205  0.44475372
 0.44128686 0.43781995 0.43435298 0.43088596 0.42741889 0.42395177
 0.42048462 0.41701743 0.41355022 0.41008298 0.40661572 0.40314845
 0.39968118 0.3962139  0.39274663 0.38927938 0.38581214 0.38234494
 0.37887777 0.37541064 0.37194357 0.36847655 0.36500961 0.36154275
 0.35807598 0.35460931 0.35114275 0.34767632 0.34421002 0.34074387
 0.33727788 0.33381207 0.33034645 0.32688104 0.32341585 0.3199509
 0.3164862  0.31302179 0.30955767 0.30609386 0.3026304  0.29916729
 0.29570457 0.29224227 0.2887804  0.285319   0.28185809 0.27839772
 0.2749379  0.27147868 0.2680201  0.26456219 0.26110499 0.25764856
 0.25419293 0.25073816 0.24728429 0.2438314  0.24037953 0.23692875
 0.23347913 0.23003074 0.22658365 0.22313796 0.21969374 0.21625109
 0.21281012 0.20937092 0.20593362 0.20249835 0.19906522 0.1956344
 0.19220603 0.18878028 0.18535733 0.18193738 0.17852064 0.17510733
 0.17169772 0.16829206 0.16489065 0.16149383 0.15810193 0.15471534
 0.1513345  0.14795985 0.14459193 0.14123128 0.13787853 0.13453439
 0.13119961 0.12787505 0.12456168 0.12126057 0.11797292 0.11470008
 0.1114436  0.10820522 0.10498692 0.10179097 0.09861997 0.09547693
 0.09236531 0.08928916 0.08625323 0.08326307 0.0803253  0.07744779
 0.07463997 0.07191331 0.06928176 0.06676254 0.06437712 0.06215255
 0.06012345 0.05833479 0.05684619 0.05573856 0.05512502 0.05517011
 0.05612588 0.05840725 0.06277101 0.07082779]
t =  [1.04683232e+09 1.04683236e+09 1.04683240e+09 1.04683245e+09
 1.04683249e+09 1.04683253e+09 1.04683257e+09 1.04683262e+09
 1.04683266e+09 1.04683270e+09 1.04683275e+09 1.04683279e+09
 1.04683283e+09 1.04683287e+09 1.04683292e+09 1.04683296e+09
 1.04683300e+09 1.04683304e+09 1.04683309e+09 1.04683313e+09
 1.04683317e+09 1.04683322e+09 1.04683326e+09 1.04683330e+09
 1.04683334e+09 1.04683339e+09 1.04683343e+09 1.04683347e+09
 1.04683351e+09 1.04683356e+09 1.04683360e+09 1.04683364e+09
 1.04683369e+09 1.04683373e+09 1.04683377e+09 1.04683381e+09
 1.04683386e+09 1.04683390e+09 1.04683394e+09 1.04683398e+09
 1.04683403e+09 1.04683407e+09 1.04683411e+09 1.04683416e+09
 1.04683420e+09 1.04683424e+09 1.04683428e+09 1.04683433e+09
 1.04683437e+09 1.04683441e+09 1.04683446e+09 1.04683450e+09
 1.04683454e+09 1.04683458e+09 1.04683463e+09 1.04683467e+09
 1.04683471e+09 1.04683475e+09 1.04683480e+09 1.04683484e+09
 1.04683488e+09 1.04683493e+09 1.04683497e+09 1.04683501e+09
 1.04683505e+09 1.04683510e+09 1.04683514e+09 1.04683518e+09
 1.04683522e+09 1.04683527e+09 1.04683531e+09 1.04683535e+09
 1.04683540e+09 1.04683544e+09 1.04683548e+09 1.04683552e+09
 1.04683557e+09 1.04683561e+09 1.04683565e+09 1.04683569e+09
 1.04683574e+09 1.04683578e+09 1.04683582e+09 1.04683587e+09
 1.04683591e+09 1.04683595e+09 1.04683599e+09 1.04683604e+09
 1.04683608e+09 1.04683612e+09 1.04683616e+09 1.04683621e+09
 1.04683625e+09 1.04683629e+09 1.04683634e+09 1.04683638e+09
 1.04683642e+09 1.04683646e+09 1.04683651e+09 1.04683655e+09
 1.04683659e+09 1.04683663e+09 1.04683668e+09 1.04683672e+09
 1.04683676e+09 1.04683681e+09 1.04683685e+09 1.04683689e+09
 1.04683693e+09 1.04683698e+09 1.04683702e+09 1.04683706e+09
 1.04683710e+09 1.04683715e+09 1.04683719e+09 1.04683723e+09
 1.04683728e+09 1.04683732e+09 1.04683736e+09 1.04683740e+09
 1.04683745e+09 1.04683749e+09 1.04683753e+09 1.04683757e+09
 1.04683762e+09 1.04683766e+09 1.04683770e+09 1.04683775e+09
 1.04683779e+09 1.04683783e+09 1.04683787e+09 1.04683792e+09
 1.04683796e+09 1.04683800e+09 1.04683804e+09 1.04683809e+09
 1.04683813e+09 1.04683817e+09 1.04683822e+09 1.04683826e+09
 1.04683830e+09 1.04683834e+09 1.04683839e+09 1.04683843e+09
 1.04683847e+09 1.04683851e+09 1.04683856e+09 1.04683860e+09
 1.04683864e+09 1.04683869e+09 1.04683873e+09 1.04683877e+09
 1.04683881e+09 1.04683886e+09 1.04683890e+09 1.04683894e+09
 1.04683899e+09 1.04683903e+09 1.04683907e+09 1.04683911e+09
 1.04683916e+09 1.04683920e+09 1.04683924e+09 1.04683928e+09
 1.04683933e+09 1.04683937e+09 1.04683941e+09 1.04683946e+09
 1.04683950e+09 1.04683954e+09 1.04683958e+09 1.04683963e+09
 1.04683967e+09 1.04683971e+09 1.04683975e+09 1.04683980e+09
 1.04683984e+09 1.04683988e+09 1.04683993e+09 1.04683997e+09
 1.04684001e+09 1.04684005e+09 1.04684010e+09 1.04684014e+09
 1.04684018e+09 1.04684022e+09 1.04684027e+09 1.04684031e+09
 1.04684035e+09 1.04684040e+09 1.04684044e+09 1.04684048e+09
 1.04684052e+09 1.04684057e+09 1.04684061e+09 1.04684065e+09
 1.04684069e+09 1.04684074e+09 1.04684078e+09 1.04684082e+09
 1.04684087e+09 1.04684091e+09 1.04684095e+09 1.04684099e+09
 1.04684104e+09 1.04684108e+09 1.04684112e+09 1.04684116e+09
 1.04684121e+09 1.04684125e+09 1.04684129e+09 1.04684134e+09
 1.04684138e+09 1.04684142e+09 1.04684146e+09 1.04684151e+09
 1.04684155e+09 1.04684159e+09 1.04684163e+09 1.04684168e+09
 1.04684172e+09 1.04684176e+09 1.04684181e+09 1.04684185e+09
 1.04684189e+09 1.04684193e+09 1.04684198e+09 1.04684202e+09
 1.04684206e+09 1.04684210e+09 1.04684215e+09 1.04684219e+09
 1.04684223e+09 1.04684228e+09 1.04684232e+09 1.04684236e+09
 1.04684240e+09 1.04684245e+09 1.04684249e+09 1.04684253e+09
 1.04684257e+09 1.04684262e+09 1.04684266e+09 1.04684270e+09
 1.04684275e+09 1.04684279e+09 1.04684283e+09 1.04684287e+09
 1.04684292e+09 1.04684296e+09 1.04684300e+09 1.04684305e+09
 1.04684309e+09 1.04684313e+09 1.04684317e+09 1.04684322e+09
 1.04684326e+09 1.04684330e+09 1.04684334e+09 1.04684339e+09
 1.04684343e+09 1.04684347e+09 1.04684352e+09 1.04684356e+09
 1.04684360e+09 1.04684364e+09 1.04684369e+09 1.04684373e+09
 1.04684377e+09 1.04684381e+09 1.04684386e+09 1.04684390e+09
 1.04684394e+09 1.04684399e+09 1.04684403e+09 1.04684407e+09
 1.04684411e+09 1.04684416e+09 1.04684420e+09 1.04684424e+09
 1.04684428e+09 1.04684433e+09 1.04684437e+09 1.04684441e+09
 1.04684446e+09 1.04684450e+09 1.04684454e+09 1.04684458e+09
 1.04684463e+09 1.04684467e+09 1.04684471e+09 1.04684475e+09
 1.04684480e+09 1.04684484e+09 1.04684488e+09 1.04684493e+09
 1.04684497e+09 1.04684501e+09 1.04684505e+09 1.04684510e+09
 1.04684514e+09 1.04684518e+09 1.04684522e+09 1.04684527e+09
 1.04684531e+09 1.04684535e+09 1.04684540e+09 1.04684544e+09
 1.04684548e+09 1.04684552e+09 1.04684557e+09 1.04684561e+09
 1.04684565e+09 1.04684569e+09 1.04684574e+09 1.04684578e+09
 1.04684582e+09 1.04684587e+09 1.04684591e+09 1.04684595e+09
 1.04684599e+09 1.04684604e+09 1.04684608e+09 1.04684612e+09
 1.04684616e+09 1.04684621e+09 1.04684625e+09 1.04684629e+09
 1.04684634e+09 1.04684638e+09 1.04684642e+09 1.04684646e+09
 1.04684651e+09 1.04684655e+09 1.04684659e+09 1.04684663e+09
 1.04684668e+09 1.04684672e+09 1.04684676e+09 1.04684681e+09
 1.04684685e+09 1.04684689e+09 1.04684693e+09 1.04684698e+09
 1.04684702e+09 1.04684706e+09 1.04684711e+09 1.04684715e+09
 1.04684719e+09 1.04684723e+09 1.04684728e+09 1.04684732e+09
 1.04684736e+09 1.04684740e+09 1.04684745e+09 1.04684749e+09
 1.04684753e+09 1.04684758e+09 1.04684762e+09 1.04684766e+09
 1.04684770e+09 1.04684775e+09 1.04684779e+09 1.04684783e+09
 1.04684787e+09 1.04684792e+09 1.04684796e+09 1.04684800e+09
 1.04684805e+09 1.04684809e+09 1.04684813e+09 1.04684817e+09
 1.04684822e+09 1.04684826e+09 1.04684830e+09 1.04684834e+09
 1.04684839e+09 1.04684843e+09 1.04684847e+09 1.04684852e+09
 1.04684856e+09 1.04684860e+09 1.04684864e+09 1.04684869e+09
 1.04684873e+09 1.04684877e+09 1.04684881e+09 1.04684886e+09
 1.04684890e+09 1.04684894e+09 1.04684899e+09 1.04684903e+09
 1.04684907e+09 1.04684911e+09 1.04684916e+09 1.04684920e+09
 1.04684924e+09 1.04684928e+09 1.04684933e+09 1.04684937e+09
 1.04684941e+09 1.04684946e+09 1.04684950e+09 1.04684954e+09
 1.04684958e+09 1.04684963e+09 1.04684967e+09 1.04684971e+09
 1.04684975e+09 1.04684980e+09 1.04684984e+09 1.04684988e+09
 1.04684993e+09 1.04684997e+09 1.04685001e+09 1.04685005e+09
 1.04685010e+09 1.04685014e+09 1.04685018e+09 1.04685022e+09
 1.04685027e+09 1.04685031e+09 1.04685035e+09 1.04685040e+09
 1.04685044e+09 1.04685048e+09 1.04685052e+09 1.04685057e+09
 1.04685061e+09 1.04685065e+09 1.04685069e+09 1.04685074e+09
 1.04685078e+09 1.04685082e+09 1.04685087e+09 1.04685091e+09
 1.04685095e+09 1.04685099e+09 1.04685104e+09 1.04685108e+09
 1.04685112e+09 1.04685116e+09 1.04685121e+09 1.04685125e+09
 1.04685129e+09 1.04685134e+09 1.04685138e+09 1.04685142e+09
 1.04685146e+09 1.04685151e+09 1.04685155e+09 1.04685159e+09
 1.04685164e+09 1.04685168e+09 1.04685172e+09 1.04685176e+09
 1.04685181e+09 1.04685185e+09 1.04685189e+09 1.04685193e+09
 1.04685198e+09 1.04685202e+09 1.04685206e+09 1.04685211e+09
 1.04685215e+09 1.04685219e+09 1.04685223e+09 1.04685228e+09
 1.04685232e+09 1.04685236e+09 1.04685240e+09 1.04685245e+09
 1.04685249e+09 1.04685253e+09 1.04685258e+09 1.04685262e+09
 1.04685266e+09 1.04685270e+09 1.04685275e+09 1.04685279e+09
 1.04685283e+09 1.04685287e+09 1.04685292e+09 1.04685296e+09
 1.04685300e+09 1.04685305e+09 1.04685309e+09 1.04685313e+09
 1.04685317e+09 1.04685322e+09 1.04685326e+09 1.04685330e+09
 1.04685334e+09 1.04685339e+09 1.04685343e+09 1.04685347e+09
 1.04685352e+09 1.04685356e+09 1.04685360e+09 1.04685364e+09
 1.04685369e+09 1.04685373e+09 1.04685377e+09 1.04685381e+09
 1.04685386e+09 1.04685390e+09 1.04685394e+09 1.04685399e+09
 1.04685403e+09 1.04685407e+09 1.04685411e+09 1.04685416e+09
 1.04685420e+09 1.04685424e+09 1.04685428e+09 1.04685433e+09
 1.04685437e+09 1.04685441e+09 1.04685446e+09 1.04685450e+09
 1.04685454e+09 1.04685458e+09 1.04685463e+09 1.04685467e+09
 1.04685471e+09 1.04685475e+09 1.04685480e+09 1.04685484e+09
 1.04685488e+09 1.04685493e+09 1.04685497e+09 1.04685501e+09
 1.04685505e+09 1.04685510e+09 1.04685514e+09 1.04685518e+09
 1.04685522e+09 1.04685527e+09 1.04685531e+09 1.04685535e+09
 1.04685540e+09 1.04685544e+09 1.04685548e+09 1.04685552e+09
 1.04685557e+09 1.04685561e+09 1.04685565e+09 1.04685570e+09
 1.04685574e+09 1.04685578e+09 1.04685582e+09 1.04685587e+09
 1.04685591e+09 1.04685595e+09 1.04685599e+09 1.04685604e+09
 1.04685608e+09 1.04685612e+09 1.04685617e+09 1.04685621e+09
 1.04685625e+09 1.04685629e+09 1.04685634e+09 1.04685638e+09
 1.04685642e+09 1.04685646e+09 1.04685651e+09 1.04685655e+09
 1.04685659e+09 1.04685664e+09 1.04685668e+09 1.04685672e+09
 1.04685676e+09 1.04685681e+09 1.04685685e+09 1.04685689e+09
 1.04685693e+09 1.04685698e+09 1.04685702e+09 1.04685706e+09
 1.04685711e+09 1.04685715e+09 1.04685719e+09 1.04685723e+09
 1.04685728e+09 1.04685732e+09 1.04685736e+09 1.04685740e+09
 1.04685745e+09 1.04685749e+09 1.04685753e+09 1.04685758e+09
 1.04685762e+09 1.04685766e+09 1.04685770e+09 1.04685775e+09
 1.04685779e+09 1.04685783e+09 1.04685787e+09 1.04685792e+09
 1.04685796e+09 1.04685800e+09 1.04685805e+09 1.04685809e+09
 1.04685813e+09 1.04685817e+09 1.04685822e+09 1.04685826e+09
 1.04685830e+09 1.04685834e+09 1.04685839e+09 1.04685843e+09
 1.04685847e+09 1.04685852e+09 1.04685856e+09 1.04685860e+09
 1.04685864e+09 1.04685869e+09 1.04685873e+09 1.04685877e+09
 1.04685881e+09 1.04685886e+09 1.04685890e+09 1.04685894e+09
 1.04685899e+09 1.04685903e+09 1.04685907e+09 1.04685911e+09
 1.04685916e+09 1.04685920e+09 1.04685924e+09 1.04685928e+09
 1.04685933e+09 1.04685937e+09 1.04685941e+09 1.04685946e+09
 1.04685950e+09 1.04685954e+09 1.04685958e+09 1.04685963e+09
 1.04685967e+09 1.04685971e+09 1.04685976e+09 1.04685980e+09
 1.04685984e+09 1.04685988e+09 1.04685993e+09 1.04685997e+09
 1.04686001e+09 1.04686005e+09 1.04686010e+09 1.04686014e+09
 1.04686018e+09 1.04686023e+09 1.04686027e+09 1.04686031e+09
 1.04686035e+09 1.04686040e+09 1.04686044e+09 1.04686048e+09
 1.04686052e+09 1.04686057e+09 1.04686061e+09 1.04686065e+09
 1.04686070e+09 1.04686074e+09 1.04686078e+09 1.04686082e+09
 1.04686087e+09 1.04686091e+09 1.04686095e+09 1.04686099e+09
 1.04686104e+09 1.04686108e+09 1.04686112e+09 1.04686117e+09
 1.04686121e+09 1.04686125e+09 1.04686129e+09 1.04686134e+09
 1.04686138e+09 1.04686142e+09 1.04686146e+09 1.04686151e+09
 1.04686155e+09 1.04686159e+09 1.04686164e+09 1.04686168e+09
 1.04686172e+09 1.04686176e+09 1.04686181e+09 1.04686185e+09
 1.04686189e+09 1.04686193e+09 1.04686198e+09 1.04686202e+09
 1.04686206e+09 1.04686211e+09 1.04686215e+09 1.04686219e+09
 1.04686223e+09 1.04686228e+09 1.04686232e+09 1.04686236e+09
 1.04686240e+09 1.04686245e+09 1.04686249e+09 1.04686253e+09
 1.04686258e+09 1.04686262e+09 1.04686266e+09 1.04686270e+09
 1.04686275e+09 1.04686279e+09 1.04686283e+09 1.04686287e+09
 1.04686292e+09 1.04686296e+09 1.04686300e+09 1.04686305e+09
 1.04686309e+09 1.04686313e+09 1.04686317e+09 1.04686322e+09
 1.04686326e+09 1.04686330e+09 1.04686334e+09 1.04686339e+09
 1.04686343e+09 1.04686347e+09 1.04686352e+09 1.04686356e+09
 1.04686360e+09 1.04686364e+09 1.04686369e+09 1.04686373e+09
 1.04686377e+09 1.04686381e+09 1.04686386e+09 1.04686390e+09
 1.04686394e+09 1.04686399e+09 1.04686403e+09 1.04686407e+09
 1.04686411e+09 1.04686416e+09 1.04686420e+09 1.04686424e+09
 1.04686429e+09 1.04686433e+09 1.04686437e+09 1.04686441e+09
 1.04686446e+09 1.04686450e+09 1.04686454e+09 1.04686458e+09
 1.04686463e+09 1.04686467e+09 1.04686471e+09 1.04686476e+09
 1.04686480e+09 1.04686484e+09 1.04686488e+09 1.04686493e+09
 1.04686497e+09 1.04686501e+09 1.04686505e+09 1.04686510e+09
 1.04686514e+09 1.04686518e+09 1.04686523e+09 1.04686527e+09
 1.04686531e+09 1.04686535e+09 1.04686540e+09 1.04686544e+09
 1.04686548e+09 1.04686552e+09 1.04686557e+09 1.04686561e+09
 1.04686565e+09 1.04686570e+09 1.04686574e+09 1.04686578e+09
 1.04686582e+09 1.04686587e+09 1.04686591e+09 1.04686595e+09
 1.04686599e+09 1.04686604e+09 1.04686608e+09 1.04686612e+09
 1.04686617e+09 1.04686621e+09 1.04686625e+09 1.04686629e+09
 1.04686634e+09 1.04686638e+09 1.04686642e+09 1.04686646e+09
 1.04686651e+09 1.04686655e+09 1.04686659e+09 1.04686664e+09
 1.04686668e+09 1.04686672e+09 1.04686676e+09 1.04686681e+09
 1.04686685e+09 1.04686689e+09 1.04686693e+09 1.04686698e+09
 1.04686702e+09 1.04686706e+09 1.04686711e+09 1.04686715e+09
 1.04686719e+09 1.04686723e+09 1.04686728e+09 1.04686732e+09
 1.04686736e+09 1.04686740e+09 1.04686745e+09 1.04686749e+09
 1.04686753e+09 1.04686758e+09 1.04686762e+09 1.04686766e+09
 1.04686770e+09 1.04686775e+09 1.04686779e+09 1.04686783e+09
 1.04686787e+09 1.04686792e+09 1.04686796e+09 1.04686800e+09
 1.04686805e+09 1.04686809e+09 1.04686813e+09 1.04686817e+09
 1.04686822e+09 1.04686826e+09 1.04686830e+09 1.04686835e+09
 1.04686839e+09 1.04686843e+09 1.04686847e+09 1.04686852e+09
 1.04686856e+09 1.04686860e+09 1.04686864e+09 1.04686869e+09
 1.04686873e+09 1.04686877e+09 1.04686882e+09 1.04686886e+09
 1.04686890e+09 1.04686894e+09 1.04686899e+09 1.04686903e+09
 1.04686907e+09 1.04686911e+09 1.04686916e+09 1.04686920e+09
 1.04686924e+09 1.04686929e+09 1.04686933e+09 1.04686937e+09
 1.04686941e+09 1.04686946e+09 1.04686950e+09 1.04686954e+09
 1.04686958e+09 1.04686963e+09 1.04686967e+09 1.04686971e+09
 1.04686976e+09 1.04686980e+09 1.04686984e+09 1.04686988e+09
 1.04686993e+09 1.04686997e+09 1.04687001e+09 1.04687005e+09
 1.04687010e+09 1.04687014e+09 1.04687018e+09 1.04687023e+09
 1.04687027e+09 1.04687031e+09 1.04687035e+09 1.04687040e+09
 1.04687044e+09 1.04687048e+09 1.04687052e+09 1.04687057e+09
 1.04687061e+09 1.04687065e+09 1.04687070e+09 1.04687074e+09
 1.04687078e+09 1.04687082e+09 1.04687087e+09 1.04687091e+09
 1.04687095e+09 1.04687099e+09 1.04687104e+09 1.04687108e+09
 1.04687112e+09 1.04687117e+09 1.04687121e+09 1.04687125e+09
 1.04687129e+09 1.04687134e+09 1.04687138e+09 1.04687142e+09
 1.04687146e+09 1.04687151e+09 1.04687155e+09 1.04687159e+09
 1.04687164e+09 1.04687168e+09 1.04687172e+09 1.04687176e+09
 1.04687181e+09 1.04687185e+09 1.04687189e+09 1.04687193e+09
 1.04687198e+09 1.04687202e+09 1.04687206e+09 1.04687211e+09
 1.04687215e+09 1.04687219e+09 1.04687223e+09 1.04687228e+09
 1.04687232e+09 1.04687236e+09 1.04687241e+09 1.04687245e+09
 1.04687249e+09 1.04687253e+09 1.04687258e+09 1.04687262e+09
 1.04687266e+09 1.04687270e+09 1.04687275e+09 1.04687279e+09
 1.04687283e+09 1.04687288e+09 1.04687292e+09 1.04687296e+09
 1.04687300e+09 1.04687305e+09 1.04687309e+09 1.04687313e+09
 1.04687317e+09 1.04687322e+09 1.04687326e+09 1.04687330e+09
 1.04687335e+09 1.04687339e+09 1.04687343e+09 1.04687347e+09
 1.04687352e+09 1.04687356e+09 1.04687360e+09 1.04687364e+09
 1.04687369e+09 1.04687373e+09 1.04687377e+09 1.04687382e+09
 1.04687386e+09 1.04687390e+09 1.04687394e+09 1.04687399e+09
 1.04687403e+09 1.04687407e+09 1.04687411e+09 1.04687416e+09
 1.04687420e+09 1.04687424e+09 1.04687429e+09 1.04687433e+09
 1.04687437e+09 1.04687441e+09 1.04687446e+09 1.04687450e+09
 1.04687454e+09 1.04687458e+09 1.04687463e+09 1.04687467e+09
 1.04687471e+09 1.04687476e+09 1.04687480e+09 1.04687484e+09
 1.04687488e+09 1.04687493e+09 1.04687497e+09 1.04687501e+09]
minRes = 0.055125020582526406
minResTime =  [1.0468748e+09]
