name =JUICE_ROI_CAL_4_3_06
flyby =  ['2032 SEP 27 04:26:36', '2032 SEP 28 04:26:36']
Observation TW =  <SpiceCell dtype = 1, length = 0, size = 2600, card = 6, is_set = 1, adjust = 0, init = 1, base = 2554797834144, data = 2554797834192>
Res(t) =  [4.69616572 4.69205819 4.68795067 4.68384317 4.67973567 4.67562818
 4.67152069 4.66741321 4.66330574 4.65919828 4.65509082 4.65098336
 4.64687591 4.64276846 4.63866102 4.63455357 4.63044613 4.62633869
 4.62223125 4.61812381 4.61401637 4.60990892 4.60580148 4.60169403
 4.59758658 4.59347913 4.58937167 4.58526421 4.58115674 4.57704926
 4.57294178 4.5688343  4.5647268  4.5606193  4.55651179 4.55240426
 4.54829673 4.54418919 4.54008164 4.53597407 4.5318665  4.52775891
 4.5236513  4.51954369 4.51543606 4.51132841 4.50722075 4.50311307
 4.49900538 4.49489766 4.49078993 4.48668218 4.48257442 4.47846663
 4.47435882 4.47025099 4.46614314 4.46203527 4.45792738 4.45381946
 4.44971152 4.44560355 4.44149556 4.43738755 4.43327951 4.42917144
 4.42506334 4.42095522 4.41684707 4.41273889 4.40863068 4.40452244
 4.40041417 4.39630587 4.39219754 4.38808918 4.38398078 4.37987235
 4.37576389 4.37165539 4.36754686 4.36343829 4.35932968 4.35522104
 4.35111236 4.34700364 4.34289489 4.33878609 4.33467726 4.33056839
 4.32645947 4.32235052 4.31824152 4.31413248 4.3100234  4.30591427
 4.3018051  4.29769588 4.29358662 4.28947732 4.28536797 4.28125857
 4.27714912 4.27303963 4.26893008 4.26482049 4.26071085 4.25660116
 4.25249141 4.24838162 4.24427177 4.24016188 4.23605192 4.23194192
 4.22783186 4.22372174 4.21961158 4.21550135 4.21139107 4.20728073
 4.20317033 4.19905988 4.19494937 4.19083879 4.18672816 4.18261747
 4.17850672 4.1743959  4.17028503 4.16617409 4.16206308 4.15795202
 4.15384089 4.14972969 4.14561843 4.14150711 4.13739571 4.13328425
 4.12917273 4.12506113 4.12094947 4.11683773 4.11272593 4.10861406
 4.10450211 4.1003901  4.09627801 4.09216585 4.08805362 4.08394131
 4.07982893 4.07571647 4.07160394 4.06749133 4.06337865 4.05926589
 4.05515305 4.05104013 4.04692714 4.04281407 4.03870091 4.03458768
 4.03047436 4.02636097 4.02224749 4.01813393 4.01402028 4.00990656
 4.00579274 4.00167885 3.99756487 3.9934508  3.98933664 3.9852224
 3.98110808 3.97699366 3.97287916 3.96876456 3.96464988 3.9605351
 3.95642024 3.95230529 3.94819024 3.9440751  3.93995987 3.93584454
 3.93172912 3.92761361 3.923498   3.91938229 3.91526649 3.91115059
 3.9070346  3.9029185  3.89880231 3.89468602 3.89056963 3.88645314
 3.88233655 3.87821986 3.87410306 3.86998617 3.86586917 3.86175207
 3.85763487 3.85351756 3.84940014 3.84528262 3.841165   3.83704726
 3.83292943 3.82881148 3.82469342 3.82057526 3.81645699 3.81233861
 3.80822011 3.80410151 3.7999828  3.79586397 3.79174503 3.78762598
 3.78350681 3.77938753 3.77526814 3.77114863 3.76702901 3.76290927
 3.75878941 3.75466943 3.75054934 3.74642913 3.7423088  3.73818835
 3.73406778 3.7299471  3.72582629 3.72170535 3.7175843  3.71346312
 3.70934183 3.7052204  3.70109886 3.69697718 3.69285539 3.68873347
 3.68461142 3.68048924 3.67636694 3.67224451 3.66812195 3.66399926
 3.65987644 3.6557535  3.65163042 3.64750721 3.64338387 3.6392604
 3.63513679 3.63101305 3.62688918 3.62276518 3.61864104 3.61451676
 3.61039235 3.6062678  3.60214312 3.5980183  3.59389334 3.58976824
 3.585643   3.58151763 3.57739211 3.57326645 3.56914066 3.56501472
 3.56088864 3.55676242 3.55263605 3.54850954 3.54438289 3.54025609
 3.53612914 3.53200206 3.52787482 3.52374744 3.51961991 3.51549223
 3.51136441 3.50723644 3.50310831 3.49898004 3.49485162 3.49072305
 3.48659432 3.48246544 3.47833642 3.47420724 3.4700779  3.46594841
 3.46181877 3.45768897 3.45355902 3.44942891 3.44529865 3.44116822
 3.43703764 3.43290691 3.42877601 3.42464496 3.42051374 3.41638237
 3.41225084 3.40811914 3.40398729 3.39985527 3.39572309 3.39159074
 3.38745824 3.38332556 3.37919273 3.37505973 3.37092656 3.36679323
 3.36265973 3.35852607 3.35439224 3.35025824 3.34612407 3.34198973
 3.33785522 3.33372055 3.3295857  3.32545068 3.32131549 3.31718013
 3.31304459 3.30890889 3.30477301 3.30063695 3.29650073 3.29236432
 3.28822774 3.28409099 3.27995406 3.27581695 3.27167967 3.2675422
 3.26340456 3.25926674 3.25512875 3.25099057 3.24685221 3.24271367
 3.23857495 3.23443605 3.23029696 3.2261577  3.22201825 3.21787861
 3.2137388  3.20959879 3.20545861 3.20131823 3.19717768 3.19303693
 3.188896   3.18475488 3.18061357 3.17647208 3.17233039 3.16818852
 3.16404646 3.1599042  3.15576176 3.15161912 3.1474763  3.14333328
 3.13919007 3.13504666 3.13090306 3.12675927 3.12261528 3.1184711
 3.11432673 3.11018215 3.10603738 3.10189242 3.09774725 3.09360189
 3.08945633 3.08531058 3.08116462 3.07701846 3.07287211 3.06872555
 3.06457879 3.06043184 3.05628467 3.05213731 3.04798975 3.04384198
 3.03969401 3.03554583 3.03139745 3.02724886 3.02310007 3.01895107
 3.01480187 3.01065246 3.00650284 3.00235302 2.99820299 2.99405274
 2.98990229 2.98575163 2.98160076 2.97744968 2.97329839 2.96914689
 2.96499518 2.96084325 2.95669111 2.95253876 2.9483862  2.94423342
 2.94008043 2.93592722 2.9317738  2.92762016 2.92346631 2.91931224
 2.91515796 2.91100345 2.90684873 2.90269379 2.89853864 2.89438326
 2.89022767 2.88607185 2.88191582 2.87775956 2.87360308 2.86944639
 2.86528947 2.86113233 2.85697496 2.85281737 2.84865956 2.84450153
 2.84034327 2.83618479 2.83202608 2.82786715 2.82370799 2.8195486
 2.81538899 2.81122915 2.80706909 2.80290879 2.79874827 2.79458752
 2.79042654 2.78626533 2.78210389 2.77794223 2.77378033 2.7696182
 2.76545584 2.76129324 2.75713042 2.75296736 2.74880407 2.74464055
 2.74047679 2.7363128  2.73214858 2.72798412 2.72381942 2.71965449
 2.71548933 2.71132393 2.70715829 2.70299241 2.6988263  2.69465995
 2.69049336 2.68632654 2.68215947 2.67799217 2.67382463 2.66965685
 2.66548883 2.66132056 2.65715206 2.65298332 2.64881433 2.6446451
 2.64047564 2.63630592 2.63213597 2.62796577 2.62379533 2.61962465
 2.61545372 2.61128255 2.60711113 2.60293947 2.59876756 2.59459541
 2.59042301 2.58625037 2.58207748 2.57790434 2.57373095 2.56955732
 2.56538344 2.56120931 2.55703494 2.55286031 2.54868544 2.54451031
 2.54033494 2.53615932 2.53198345 2.52780732 2.52363095 2.51945433
 2.51527745 2.51110032 2.50692295 2.50274531 2.49856743 2.4943893
 2.49021091 2.48603227 2.48185337 2.47767422 2.47349482 2.46931517
 2.46513526 2.46095509 2.45677467 2.452594   2.44841307 2.44423188
 2.44005044 2.43586875 2.43168679 2.42750458 2.42332212 2.4191394
 2.41495642 2.41077318 2.40658969 2.40240593 2.39822192 2.39403766
 2.38985313 2.38566835 2.3814833  2.377298   2.37311244 2.36892662
 2.36474054 2.3605542  2.35636761 2.35218075 2.34799363 2.34380625
 2.33961861 2.33543072 2.33124256 2.32705414 2.32286546 2.31867651
 2.31448731 2.31029785 2.30610812 2.30191813 2.29772788 2.29353737
 2.2893466  2.28515557 2.28096427 2.27677271 2.27258089 2.26838881
 2.26419646 2.26000386 2.25581098 2.25161785 2.24742446 2.2432308
 2.23903688 2.23484269 2.23064824 2.22645353 2.22225856 2.21806332
 2.21386783 2.20967206 2.20547604 2.20127975 2.1970832  2.19288638
 2.1886893  2.18449196 2.18029436 2.17609649 2.17189836 2.16769997
 2.16350131 2.15930239 2.15510321 2.15090376 2.14670406 2.14250409
 2.13830385 2.13410336 2.1299026  2.12570158 2.12150029 2.11729875
 2.11309694 2.10889487 2.10469254 2.10048994 2.09628709 2.09208397
 2.08788059 2.08367695 2.07947305 2.07526889 2.07106447 2.06685979
 2.06265485 2.05844964 2.05424418 2.05003846 2.04583247 2.04162623
 2.03741973 2.03321297 2.02900596 2.02479868 2.02059114 2.01638335
 2.0121753  2.007967   2.00375843 1.99954961 1.99534054 1.9911312
 1.98692162 1.98271177 1.97850168 1.97429132 1.97008072 1.96586986
 1.96165874 1.95744738 1.95323576 1.94902389 1.94481176 1.94059939
 1.93638676 1.93217389 1.92796076 1.92374739 1.91953376 1.91531989
 1.91110577 1.90689141 1.90267679 1.89846194 1.89424683 1.89003148
 1.88581589 1.88160005 1.87738397 1.87316764 1.86895108 1.86473427
 1.86051723 1.85629994 1.85208241 1.84786465 1.84364665 1.83942841
 1.83520993 1.83099122 1.82677228 1.8225531  1.81833369 1.81411404
 1.80989417 1.80567406 1.80145373 1.79723317 1.79301238 1.78879136
 1.78457012 1.78034865 1.77612696 1.77190504 1.76768291 1.76346055
 1.75923797 1.75501518 1.75079217 1.74656894 1.7423455  1.73812184
 1.73389797 1.72967389 1.7254496  1.72122509 1.71700039 1.71277547
 1.70855035 1.70432503 1.7000995  1.69587377 1.69164785 1.68742172
 1.6831954  1.67896888 1.67474217 1.67051527 1.66628818 1.6620609
 1.65783343 1.65360577 1.64937794 1.64514991 1.64092171 1.63669333
 1.63246478 1.62823604 1.62400714 1.61977806 1.61554882 1.6113194
 1.60708982 1.60286008 1.59863018 1.59440011 1.59016989 1.58593952
 1.58170899 1.57747831 1.57324749 1.56901651 1.5647854  1.56055414
 1.55632274 1.55209121 1.54785955 1.54362775 1.53939582 1.53516377
 1.5309316  1.5266993  1.52246689 1.51823436 1.51400173 1.50976898
 1.50553612 1.50130317 1.49707011 1.49283696 1.48860371 1.48437037
 1.48013695 1.47590344 1.47166985 1.46743619 1.46320245 1.45896864
 1.45473477 1.45050084 1.44626684 1.4420328  1.4377987  1.43356455
 1.42933036 1.42509614 1.42086188 1.41662759 1.41239327 1.40815893
 1.40392458 1.39969021 1.39545584 1.39122146 1.38698709 1.38275272
 1.37851837 1.37428403 1.37004972 1.36581543 1.36158118 1.35734696
 1.35311279 1.34887866 1.3446446  1.34041059 1.33617665 1.33194279
 1.327709   1.3234753  1.31924169 1.31500819 1.31077478 1.30654149
 1.30230832 1.29807527 1.29384236 1.28960959 1.28537696 1.2811445
 1.27691219 1.27268006 1.2684481  1.26421634 1.25998477 1.2557534
 1.25152224 1.24729131 1.24306061 1.23883015 1.23459994 1.23036998
 1.22614029 1.22191089 1.21768177 1.21345295 1.20922443 1.20499624
 1.20076838 1.19654086 1.19231369 1.18808689 1.18386047 1.17963443
 1.17540879 1.17118357 1.16695877 1.16273442 1.15851051 1.15428707
 1.15006411 1.14584165 1.1416197  1.13739826 1.13317737 1.12895703
 1.12473726 1.12051808 1.1162995  1.11208154 1.10786422 1.10364755
 1.09943155 1.09521624 1.09100164 1.08678777 1.08257465 1.07836229
 1.07415073 1.06993997 1.06573004 1.06152097 1.05731277 1.05310547
 1.04889909 1.04469366 1.0404892  1.03628573 1.03208328 1.02788188
 1.02368156 1.01948233 1.01528424 1.01108731 1.00689157 1.00269704
 0.99850377 0.99431178 0.99012111 0.98593179 0.98174385 0.97755733
 0.97337227 0.9691887  0.96500666 0.9608262  0.95664734 0.95247014
 0.94829463 0.94412086 0.93994887 0.93577871 0.93161042 0.92744407
 0.92327968 0.91911732 0.91495704 0.9107989  0.90664294 0.90248922
 0.89833781 0.89349932 0.88934874 0.8852006  0.88105495 0.87691187
 0.87277142 0.86863368 0.86449871 0.86036659 0.8562374  0.85211122
 0.84798813 0.84386822 0.83975157 0.83563827 0.83152842 0.82742212
 0.82331945 0.81922053 0.81512547 0.81103436 0.80694733 0.8028645
 0.79878597 0.79471189 0.79064237 0.78657756 0.7825176  0.77846262
 0.77441278 0.77036823 0.76632913 0.76229566 0.75826798 0.75424627
 0.75023073 0.74622154 0.7422189  0.73822304 0.73423415 0.73025248
 0.72627825 0.72231171 0.71835312 0.71440275 0.71046086 0.70652776
 0.70260375 0.69868913 0.69478425 0.69088944 0.68700506 0.6831315
 0.67926914 0.67541841 0.67157972 0.66775355 0.66394035 0.66014063
 0.65635492 0.65258376 0.64882774 0.64508746 0.64136357 0.63765673
 0.63396768 0.63029714 0.62664593 0.62301487 0.61940486 0.61581683
 0.61225178 0.60871077 0.6051949  0.60170538 0.59824346 0.59481048
 0.59140789 0.58803721 0.58470007 0.58139821 0.57813351 0.57490795
 0.57172369 0.56858303 0.56548845 0.56244262]
t =  [1.03314407e+09 1.03314410e+09 1.03314414e+09 1.03314418e+09
 1.03314422e+09 1.03314426e+09 1.03314430e+09 1.03314434e+09
 1.03314438e+09 1.03314442e+09 1.03314446e+09 1.03314450e+09
 1.03314454e+09 1.03314458e+09 1.03314462e+09 1.03314466e+09
 1.03314470e+09 1.03314474e+09 1.03314478e+09 1.03314482e+09
 1.03314486e+09 1.03314490e+09 1.03314494e+09 1.03314498e+09
 1.03314502e+09 1.03314505e+09 1.03314509e+09 1.03314513e+09
 1.03314517e+09 1.03314521e+09 1.03314525e+09 1.03314529e+09
 1.03314533e+09 1.03314537e+09 1.03314541e+09 1.03314545e+09
 1.03314549e+09 1.03314553e+09 1.03314557e+09 1.03314561e+09
 1.03314565e+09 1.03314569e+09 1.03314573e+09 1.03314577e+09
 1.03314581e+09 1.03314585e+09 1.03314589e+09 1.03314593e+09
 1.03314597e+09 1.03314600e+09 1.03314604e+09 1.03314608e+09
 1.03314612e+09 1.03314616e+09 1.03314620e+09 1.03314624e+09
 1.03314628e+09 1.03314632e+09 1.03314636e+09 1.03314640e+09
 1.03314644e+09 1.03314648e+09 1.03314652e+09 1.03314656e+09
 1.03314660e+09 1.03314664e+09 1.03314668e+09 1.03314672e+09
 1.03314676e+09 1.03314680e+09 1.03314684e+09 1.03314688e+09
 1.03314691e+09 1.03314695e+09 1.03314699e+09 1.03314703e+09
 1.03314707e+09 1.03314711e+09 1.03314715e+09 1.03314719e+09
 1.03314723e+09 1.03314727e+09 1.03314731e+09 1.03314735e+09
 1.03314739e+09 1.03314743e+09 1.03314747e+09 1.03314751e+09
 1.03314755e+09 1.03314759e+09 1.03314763e+09 1.03314767e+09
 1.03314771e+09 1.03314775e+09 1.03314779e+09 1.03314783e+09
 1.03314786e+09 1.03314790e+09 1.03314794e+09 1.03314798e+09
 1.03314802e+09 1.03314806e+09 1.03314810e+09 1.03314814e+09
 1.03314818e+09 1.03314822e+09 1.03314826e+09 1.03314830e+09
 1.03314834e+09 1.03314838e+09 1.03314842e+09 1.03314846e+09
 1.03314850e+09 1.03314854e+09 1.03314858e+09 1.03314862e+09
 1.03314866e+09 1.03314870e+09 1.03314874e+09 1.03314878e+09
 1.03314881e+09 1.03314885e+09 1.03314889e+09 1.03314893e+09
 1.03314897e+09 1.03314901e+09 1.03314905e+09 1.03314909e+09
 1.03314913e+09 1.03314917e+09 1.03314921e+09 1.03314925e+09
 1.03314929e+09 1.03314933e+09 1.03314937e+09 1.03314941e+09
 1.03314945e+09 1.03314949e+09 1.03314953e+09 1.03314957e+09
 1.03314961e+09 1.03314965e+09 1.03314969e+09 1.03314973e+09
 1.03314976e+09 1.03314980e+09 1.03314984e+09 1.03314988e+09
 1.03314992e+09 1.03314996e+09 1.03315000e+09 1.03315004e+09
 1.03315008e+09 1.03315012e+09 1.03315016e+09 1.03315020e+09
 1.03315024e+09 1.03315028e+09 1.03315032e+09 1.03315036e+09
 1.03315040e+09 1.03315044e+09 1.03315048e+09 1.03315052e+09
 1.03315056e+09 1.03315060e+09 1.03315064e+09 1.03315067e+09
 1.03315071e+09 1.03315075e+09 1.03315079e+09 1.03315083e+09
 1.03315087e+09 1.03315091e+09 1.03315095e+09 1.03315099e+09
 1.03315103e+09 1.03315107e+09 1.03315111e+09 1.03315115e+09
 1.03315119e+09 1.03315123e+09 1.03315127e+09 1.03315131e+09
 1.03315135e+09 1.03315139e+09 1.03315143e+09 1.03315147e+09
 1.03315151e+09 1.03315155e+09 1.03315159e+09 1.03315162e+09
 1.03315166e+09 1.03315170e+09 1.03315174e+09 1.03315178e+09
 1.03315182e+09 1.03315186e+09 1.03315190e+09 1.03315194e+09
 1.03315198e+09 1.03315202e+09 1.03315206e+09 1.03315210e+09
 1.03315214e+09 1.03315218e+09 1.03315222e+09 1.03315226e+09
 1.03315230e+09 1.03315234e+09 1.03315238e+09 1.03315242e+09
 1.03315246e+09 1.03315250e+09 1.03315254e+09 1.03315257e+09
 1.03315261e+09 1.03315265e+09 1.03315269e+09 1.03315273e+09
 1.03315277e+09 1.03315281e+09 1.03315285e+09 1.03315289e+09
 1.03315293e+09 1.03315297e+09 1.03315301e+09 1.03315305e+09
 1.03315309e+09 1.03315313e+09 1.03315317e+09 1.03315321e+09
 1.03315325e+09 1.03315329e+09 1.03315333e+09 1.03315337e+09
 1.03315341e+09 1.03315345e+09 1.03315349e+09 1.03315352e+09
 1.03315356e+09 1.03315360e+09 1.03315364e+09 1.03315368e+09
 1.03315372e+09 1.03315376e+09 1.03315380e+09 1.03315384e+09
 1.03315388e+09 1.03315392e+09 1.03315396e+09 1.03315400e+09
 1.03315404e+09 1.03315408e+09 1.03315412e+09 1.03315416e+09
 1.03315420e+09 1.03315424e+09 1.03315428e+09 1.03315432e+09
 1.03315436e+09 1.03315440e+09 1.03315444e+09 1.03315447e+09
 1.03315451e+09 1.03315455e+09 1.03315459e+09 1.03315463e+09
 1.03315467e+09 1.03315471e+09 1.03315475e+09 1.03315479e+09
 1.03315483e+09 1.03315487e+09 1.03315491e+09 1.03315495e+09
 1.03315499e+09 1.03315503e+09 1.03315507e+09 1.03315511e+09
 1.03315515e+09 1.03315519e+09 1.03315523e+09 1.03315527e+09
 1.03315531e+09 1.03315535e+09 1.03315538e+09 1.03315542e+09
 1.03315546e+09 1.03315550e+09 1.03315554e+09 1.03315558e+09
 1.03315562e+09 1.03315566e+09 1.03315570e+09 1.03315574e+09
 1.03315578e+09 1.03315582e+09 1.03315586e+09 1.03315590e+09
 1.03315594e+09 1.03315598e+09 1.03315602e+09 1.03315606e+09
 1.03315610e+09 1.03315614e+09 1.03315618e+09 1.03315622e+09
 1.03315626e+09 1.03315630e+09 1.03315633e+09 1.03315637e+09
 1.03315641e+09 1.03315645e+09 1.03315649e+09 1.03315653e+09
 1.03315657e+09 1.03315661e+09 1.03315665e+09 1.03315669e+09
 1.03315673e+09 1.03315677e+09 1.03315681e+09 1.03315685e+09
 1.03315689e+09 1.03315693e+09 1.03315697e+09 1.03315701e+09
 1.03315705e+09 1.03315709e+09 1.03315713e+09 1.03315717e+09
 1.03315721e+09 1.03315725e+09 1.03315728e+09 1.03315732e+09
 1.03315736e+09 1.03315740e+09 1.03315744e+09 1.03315748e+09
 1.03315752e+09 1.03315756e+09 1.03315760e+09 1.03315764e+09
 1.03315768e+09 1.03315772e+09 1.03315776e+09 1.03315780e+09
 1.03315784e+09 1.03315788e+09 1.03315792e+09 1.03315796e+09
 1.03315800e+09 1.03315804e+09 1.03315808e+09 1.03315812e+09
 1.03315816e+09 1.03315820e+09 1.03315823e+09 1.03315827e+09
 1.03315831e+09 1.03315835e+09 1.03315839e+09 1.03315843e+09
 1.03315847e+09 1.03315851e+09 1.03315855e+09 1.03315859e+09
 1.03315863e+09 1.03315867e+09 1.03315871e+09 1.03315875e+09
 1.03315879e+09 1.03315883e+09 1.03315887e+09 1.03315891e+09
 1.03315895e+09 1.03315899e+09 1.03315903e+09 1.03315907e+09
 1.03315911e+09 1.03315915e+09 1.03315918e+09 1.03315922e+09
 1.03315926e+09 1.03315930e+09 1.03315934e+09 1.03315938e+09
 1.03315942e+09 1.03315946e+09 1.03315950e+09 1.03315954e+09
 1.03315958e+09 1.03315962e+09 1.03315966e+09 1.03315970e+09
 1.03315974e+09 1.03315978e+09 1.03315982e+09 1.03315986e+09
 1.03315990e+09 1.03315994e+09 1.03315998e+09 1.03316002e+09
 1.03316006e+09 1.03316009e+09 1.03316013e+09 1.03316017e+09
 1.03316021e+09 1.03316025e+09 1.03316029e+09 1.03316033e+09
 1.03316037e+09 1.03316041e+09 1.03316045e+09 1.03316049e+09
 1.03316053e+09 1.03316057e+09 1.03316061e+09 1.03316065e+09
 1.03316069e+09 1.03316073e+09 1.03316077e+09 1.03316081e+09
 1.03316085e+09 1.03316089e+09 1.03316093e+09 1.03316097e+09
 1.03316101e+09 1.03316104e+09 1.03316108e+09 1.03316112e+09
 1.03316116e+09 1.03316120e+09 1.03316124e+09 1.03316128e+09
 1.03316132e+09 1.03316136e+09 1.03316140e+09 1.03316144e+09
 1.03316148e+09 1.03316152e+09 1.03316156e+09 1.03316160e+09
 1.03316164e+09 1.03316168e+09 1.03316172e+09 1.03316176e+09
 1.03316180e+09 1.03316184e+09 1.03316188e+09 1.03316192e+09
 1.03316196e+09 1.03316199e+09 1.03316203e+09 1.03316207e+09
 1.03316211e+09 1.03316215e+09 1.03316219e+09 1.03316223e+09
 1.03316227e+09 1.03316231e+09 1.03316235e+09 1.03316239e+09
 1.03316243e+09 1.03316247e+09 1.03316251e+09 1.03316255e+09
 1.03316259e+09 1.03316263e+09 1.03316267e+09 1.03316271e+09
 1.03316275e+09 1.03316279e+09 1.03316283e+09 1.03316287e+09
 1.03316291e+09 1.03316294e+09 1.03316298e+09 1.03316302e+09
 1.03316306e+09 1.03316310e+09 1.03316314e+09 1.03316318e+09
 1.03316322e+09 1.03316326e+09 1.03316330e+09 1.03316334e+09
 1.03316338e+09 1.03316342e+09 1.03316346e+09 1.03316350e+09
 1.03316354e+09 1.03316358e+09 1.03316362e+09 1.03316366e+09
 1.03316370e+09 1.03316374e+09 1.03316378e+09 1.03316382e+09
 1.03316385e+09 1.03316389e+09 1.03316393e+09 1.03316397e+09
 1.03316401e+09 1.03316405e+09 1.03316409e+09 1.03316413e+09
 1.03316417e+09 1.03316421e+09 1.03316425e+09 1.03316429e+09
 1.03316433e+09 1.03316437e+09 1.03316441e+09 1.03316445e+09
 1.03316449e+09 1.03316453e+09 1.03316457e+09 1.03316461e+09
 1.03316465e+09 1.03316469e+09 1.03316473e+09 1.03316477e+09
 1.03316480e+09 1.03316484e+09 1.03316488e+09 1.03316492e+09
 1.03316496e+09 1.03316500e+09 1.03316504e+09 1.03316508e+09
 1.03316512e+09 1.03316516e+09 1.03316520e+09 1.03316524e+09
 1.03316528e+09 1.03316532e+09 1.03316536e+09 1.03316540e+09
 1.03316544e+09 1.03316548e+09 1.03316552e+09 1.03316556e+09
 1.03316560e+09 1.03316564e+09 1.03316568e+09 1.03316572e+09
 1.03316575e+09 1.03316579e+09 1.03316583e+09 1.03316587e+09
 1.03316591e+09 1.03316595e+09 1.03316599e+09 1.03316603e+09
 1.03316607e+09 1.03316611e+09 1.03316615e+09 1.03316619e+09
 1.03316623e+09 1.03316627e+09 1.03316631e+09 1.03316635e+09
 1.03316639e+09 1.03316643e+09 1.03316647e+09 1.03316651e+09
 1.03316655e+09 1.03316659e+09 1.03316663e+09 1.03316667e+09
 1.03316670e+09 1.03316674e+09 1.03316678e+09 1.03316682e+09
 1.03316686e+09 1.03316690e+09 1.03316694e+09 1.03316698e+09
 1.03316702e+09 1.03316706e+09 1.03316710e+09 1.03316714e+09
 1.03316718e+09 1.03316722e+09 1.03316726e+09 1.03316730e+09
 1.03316734e+09 1.03316738e+09 1.03316742e+09 1.03316746e+09
 1.03316750e+09 1.03316754e+09 1.03316758e+09 1.03316762e+09
 1.03316765e+09 1.03316769e+09 1.03316773e+09 1.03316777e+09
 1.03316781e+09 1.03316785e+09 1.03316789e+09 1.03316793e+09
 1.03316797e+09 1.03316801e+09 1.03316805e+09 1.03316809e+09
 1.03316813e+09 1.03316817e+09 1.03316821e+09 1.03316825e+09
 1.03316829e+09 1.03316833e+09 1.03316837e+09 1.03316841e+09
 1.03316845e+09 1.03316849e+09 1.03316853e+09 1.03316856e+09
 1.03316860e+09 1.03316864e+09 1.03316868e+09 1.03316872e+09
 1.03316876e+09 1.03316880e+09 1.03316884e+09 1.03316888e+09
 1.03316892e+09 1.03316896e+09 1.03316900e+09 1.03316904e+09
 1.03316908e+09 1.03316912e+09 1.03316916e+09 1.03316920e+09
 1.03316924e+09 1.03316928e+09 1.03316932e+09 1.03316936e+09
 1.03316940e+09 1.03316944e+09 1.03316948e+09 1.03316951e+09
 1.03316955e+09 1.03316959e+09 1.03316963e+09 1.03316967e+09
 1.03316971e+09 1.03316975e+09 1.03316979e+09 1.03316983e+09
 1.03316987e+09 1.03316991e+09 1.03316995e+09 1.03316999e+09
 1.03317003e+09 1.03317007e+09 1.03317011e+09 1.03317015e+09
 1.03317019e+09 1.03317023e+09 1.03317027e+09 1.03317031e+09
 1.03317035e+09 1.03317039e+09 1.03317043e+09 1.03317046e+09
 1.03317050e+09 1.03317054e+09 1.03317058e+09 1.03317062e+09
 1.03317066e+09 1.03317070e+09 1.03317074e+09 1.03317078e+09
 1.03317082e+09 1.03317086e+09 1.03317090e+09 1.03317094e+09
 1.03317098e+09 1.03317102e+09 1.03317106e+09 1.03317110e+09
 1.03317114e+09 1.03317118e+09 1.03317122e+09 1.03317126e+09
 1.03317130e+09 1.03317134e+09 1.03317138e+09 1.03317141e+09
 1.03317145e+09 1.03317149e+09 1.03317153e+09 1.03317157e+09
 1.03317161e+09 1.03317165e+09 1.03317169e+09 1.03317173e+09
 1.03317177e+09 1.03317181e+09 1.03317185e+09 1.03317189e+09
 1.03317193e+09 1.03317197e+09 1.03317201e+09 1.03317205e+09
 1.03317209e+09 1.03317213e+09 1.03317217e+09 1.03317221e+09
 1.03317225e+09 1.03317229e+09 1.03317233e+09 1.03317236e+09
 1.03317240e+09 1.03317244e+09 1.03317248e+09 1.03317252e+09
 1.03317256e+09 1.03317260e+09 1.03317264e+09 1.03317268e+09
 1.03317272e+09 1.03317276e+09 1.03317280e+09 1.03317284e+09
 1.03317288e+09 1.03317292e+09 1.03317296e+09 1.03317300e+09
 1.03317304e+09 1.03317308e+09 1.03317312e+09 1.03317316e+09
 1.03317320e+09 1.03317324e+09 1.03317327e+09 1.03317331e+09
 1.03317335e+09 1.03317339e+09 1.03317343e+09 1.03317347e+09
 1.03317351e+09 1.03317355e+09 1.03317359e+09 1.03317363e+09
 1.03317367e+09 1.03317371e+09 1.03317375e+09 1.03317379e+09
 1.03317383e+09 1.03317387e+09 1.03317391e+09 1.03317395e+09
 1.03317399e+09 1.03317403e+09 1.03317407e+09 1.03317411e+09
 1.03317415e+09 1.03317419e+09 1.03317422e+09 1.03317426e+09
 1.03317430e+09 1.03317434e+09 1.03317438e+09 1.03317442e+09
 1.03317446e+09 1.03317450e+09 1.03317454e+09 1.03317458e+09
 1.03317462e+09 1.03317466e+09 1.03317470e+09 1.03317474e+09
 1.03317478e+09 1.03317482e+09 1.03317486e+09 1.03317490e+09
 1.03317494e+09 1.03317498e+09 1.03317502e+09 1.03317506e+09
 1.03317510e+09 1.03317514e+09 1.03317517e+09 1.03317521e+09
 1.03317525e+09 1.03317529e+09 1.03317533e+09 1.03317537e+09
 1.03317541e+09 1.03317545e+09 1.03317549e+09 1.03317553e+09
 1.03317557e+09 1.03317561e+09 1.03317565e+09 1.03317569e+09
 1.03317573e+09 1.03317577e+09 1.03317581e+09 1.03317585e+09
 1.03317589e+09 1.03317593e+09 1.03317597e+09 1.03317601e+09
 1.03317605e+09 1.03317609e+09 1.03317612e+09 1.03317616e+09
 1.03317620e+09 1.03317624e+09 1.03317628e+09 1.03317632e+09
 1.03317636e+09 1.03317640e+09 1.03317644e+09 1.03317648e+09
 1.03317652e+09 1.03317656e+09 1.03317660e+09 1.03317664e+09
 1.03317668e+09 1.03317672e+09 1.03317676e+09 1.03317680e+09
 1.03317684e+09 1.03317688e+09 1.03317692e+09 1.03317696e+09
 1.03317700e+09 1.03317703e+09 1.03317707e+09 1.03317711e+09
 1.03317715e+09 1.03317719e+09 1.03317723e+09 1.03317727e+09
 1.03317731e+09 1.03317735e+09 1.03317739e+09 1.03317743e+09
 1.03317747e+09 1.03317751e+09 1.03317755e+09 1.03317759e+09
 1.03317763e+09 1.03317767e+09 1.03317771e+09 1.03317775e+09
 1.03317779e+09 1.03317783e+09 1.03317787e+09 1.03317791e+09
 1.03317795e+09 1.03317798e+09 1.03317802e+09 1.03317806e+09
 1.03317810e+09 1.03317814e+09 1.03317818e+09 1.03317822e+09
 1.03317826e+09 1.03317830e+09 1.03317834e+09 1.03317838e+09
 1.03317842e+09 1.03317846e+09 1.03317850e+09 1.03317854e+09
 1.03317858e+09 1.03317862e+09 1.03317866e+09 1.03317870e+09
 1.03317874e+09 1.03317878e+09 1.03317882e+09 1.03317886e+09
 1.03317890e+09 1.03317893e+09 1.03317897e+09 1.03317901e+09
 1.03317905e+09 1.03317909e+09 1.03317913e+09 1.03317917e+09
 1.03317921e+09 1.03317925e+09 1.03317929e+09 1.03317933e+09
 1.03317937e+09 1.03317941e+09 1.03317945e+09 1.03317949e+09
 1.03317953e+09 1.03317957e+09 1.03317961e+09 1.03317965e+09
 1.03317969e+09 1.03317973e+09 1.03317977e+09 1.03317981e+09
 1.03317985e+09 1.03317988e+09 1.03317992e+09 1.03317996e+09
 1.03318000e+09 1.03318004e+09 1.03318008e+09 1.03318012e+09
 1.03318016e+09 1.03318020e+09 1.03318024e+09 1.03318028e+09
 1.03318032e+09 1.03318036e+09 1.03318040e+09 1.03318044e+09
 1.03318048e+09 1.03318052e+09 1.03318056e+09 1.03318060e+09
 1.03318064e+09 1.03318068e+09 1.03318072e+09 1.03318076e+09
 1.03318080e+09 1.03318083e+09 1.03318087e+09 1.03318091e+09
 1.03318095e+09 1.03318099e+09 1.03318103e+09 1.03318107e+09
 1.03318111e+09 1.03318115e+09 1.03318119e+09 1.03318123e+09
 1.03318127e+09 1.03318131e+09 1.03318135e+09 1.03318139e+09
 1.03318143e+09 1.03318147e+09 1.03318151e+09 1.03318155e+09
 1.03318159e+09 1.03318163e+09 1.03318167e+09 1.03318171e+09
 1.03318174e+09 1.03318178e+09 1.03318182e+09 1.03318186e+09
 1.03318190e+09 1.03318194e+09 1.03318198e+09 1.03318202e+09
 1.03318206e+09 1.03318210e+09 1.03318214e+09 1.03318218e+09
 1.03318222e+09 1.03318226e+09 1.03318230e+09 1.03318234e+09
 1.03318238e+09 1.03318242e+09 1.03318246e+09 1.03318250e+09
 1.03318254e+09 1.03318258e+09 1.03318262e+09 1.03318266e+09
 1.03318269e+09 1.03318273e+09 1.03318277e+09 1.03318281e+09
 1.03318285e+09 1.03318289e+09 1.03318293e+09 1.03318297e+09
 1.03318301e+09 1.03318305e+09 1.03318309e+09 1.03318313e+09
 1.03318317e+09 1.03318321e+09 1.03318325e+09 1.03318329e+09
 1.03318333e+09 1.03318337e+09 1.03318341e+09 1.03318345e+09
 1.03318349e+09 1.03318353e+09 1.03318357e+09 1.03318361e+09]
minRes = 0.5624426216681113
minResTime =  [1.03318361e+09]
