name =JUICE_ROI_CAL_6_1_04
flyby =  ['2033 JUL 16 02:11:44', '2033 JUL 17 02:11:44']
Observation TW =  <SpiceCell dtype = 1, length = 0, size = 3200, card = 12, is_set = 1, adjust = 0, init = 1, base = 2554805464624, data = 2554805464672>
Res(t) =  [3.6599794  3.65653312 3.65308664 3.64963996 3.64619308 3.642746
 3.63929872 3.63585124 3.63240356 3.62895567 3.62550759 3.62205931
 3.61861083 3.61516215 3.61171326 3.60826418 3.6048149  3.60136542
 3.59791573 3.59446585 3.59101577 3.58756549 3.584115   3.58066432
 3.57721344 3.57376235 3.57031107 3.56685959 3.56340791 3.55995603
 3.55650394 3.55305166 3.54959918 3.5461465  3.54269362 3.53924054
 3.53578726 3.53233378 3.5288801  3.52542622 3.52197214 3.51851786
 3.51506338 3.5116087  3.50815382 3.50469875 3.50124347 3.49778799
 3.49433232 3.49087644 3.48742037 3.4839641  3.48050762 3.47705095
 3.47359408 3.47013701 3.46667973 3.46322226 3.45976459 3.45630673
 3.45284866 3.44939039 3.44593192 3.44247326 3.43901439 3.43555533
 3.43209607 3.4286366  3.42517694 3.42171708 3.41825702 3.41479676
 3.4113363  3.40787565 3.40441479 3.40095374 3.39749248 3.39403103
 3.39056938 3.38710753 3.38364548 3.38018323 3.37672078 3.37325814
 3.36979529 3.36633225 3.36286901 3.35940557 3.35594193 3.35247809
 3.34901405 3.34554981 3.34208538 3.33862075 3.33515591 3.33169088
 3.32822565 3.32476023 3.3212946  3.31782878 3.31436275 3.31089653
 3.30743011 3.30396349 3.30049667 3.29702966 3.29356244 3.29009503
 3.28662742 3.28315961 3.2796916  3.2762234  3.27275499 3.26928639
 3.26581759 3.26234859 3.2588794  3.25541    3.25194041 3.24847061
 3.24500063 3.24153044 3.23806005 3.23458947 3.23111868 3.2276477
 3.22417653 3.22070515 3.21723358 3.2137618  3.21028983 3.20681766
 3.2033453  3.19987273 3.19639997 3.19292701 3.18945385 3.1859805
 3.18250695 3.17903319 3.17555925 3.1720851  3.16861075 3.16513621
 3.16166147 3.15818653 3.1547114  3.15123607 3.14776054 3.14428481
 3.14080888 3.13733276 3.13385644 3.13037992 3.1269032  3.12342629
 3.11994918 3.11647187 3.11299436 3.10951666 3.10603876 3.10256066
 3.09908237 3.09560387 3.09212518 3.0886463  3.08516721 3.08168793
 3.07820845 3.07472877 3.0712489  3.06776883 3.06428856 3.06080809
 3.05732743 3.05384657 3.05036552 3.04688426 3.04340281 3.03992116
 3.03643932 3.03295727 3.02947504 3.0259926  3.02250997 3.01902714
 3.01554411 3.01206088 3.00857746 3.00509385 3.00161003 2.99812602
 2.99464181 2.99115741 2.9876728  2.98418801 2.98070301 2.97721782
 2.97373243 2.97024684 2.96676106 2.96327508 2.95978891 2.95630254
 2.95281597 2.9493292  2.94584224 2.94235508 2.93886773 2.93538017
 2.93189243 2.92840448 2.92491634 2.921428   2.91793947 2.91445074
 2.91096181 2.90747269 2.90398337 2.90049386 2.89700414 2.89351424
 2.89002413 2.88653383 2.88304333 2.87955264 2.87606175 2.87257067
 2.86907938 2.86558791 2.86209623 2.85860436 2.8551123  2.85162003
 2.84812758 2.84463492 2.84114207 2.83764903 2.83415578 2.83066235
 2.82716871 2.82367488 2.82018086 2.81668663 2.81319222 2.8096976
 2.8062028  2.80270779 2.79921259 2.79571719 2.7922216  2.78872581
 2.78522983 2.78173365 2.77823728 2.77474071 2.77124394 2.76774698
 2.76424982 2.76075247 2.75725492 2.75375718 2.75025924 2.7467611
 2.74326277 2.73976425 2.73626553 2.73276661 2.7292675  2.72576819
 2.72226869 2.71876899 2.7152691  2.71176901 2.70826872 2.70476825
 2.70126757 2.6977667  2.69426564 2.69076438 2.68726292 2.68376127
 2.68025943 2.67675739 2.67325515 2.66975272 2.6662501  2.66274728
 2.65924426 2.65574105 2.65223765 2.64873405 2.64523026 2.64172627
 2.63822208 2.6347177  2.63121313 2.62770836 2.6242034  2.62069824
 2.61719289 2.61368734 2.6101816  2.60667566 2.60316953 2.5996632
 2.59615668 2.59264997 2.58914306 2.58563595 2.58212865 2.57862116
 2.57511347 2.57160559 2.56809751 2.56458924 2.56108078 2.55757212
 2.55406326 2.55055422 2.54704497 2.54353554 2.54002591 2.53651608
 2.53300606 2.52949585 2.52598544 2.52247484 2.51896404 2.51545305
 2.51194187 2.50843049 2.50491892 2.50140716 2.4978952  2.49438304
 2.49087069 2.48735815 2.48384542 2.48033249 2.47681937 2.47330605
 2.46979254 2.46627884 2.46276494 2.45925085 2.45573656 2.45222208
 2.44870741 2.44519254 2.44167748 2.43816223 2.43464679 2.43113115
 2.42761531 2.42409928 2.42058306 2.41706665 2.41355004 2.41003324
 2.40651625 2.40299906 2.39948168 2.39596411 2.39244634 2.38892838
 2.38541023 2.38189189 2.37837335 2.37485461 2.37133569 2.36781657
 2.36429726 2.36077776 2.35725806 2.35373817 2.35021809 2.34669781
 2.34317734 2.33965668 2.33613583 2.33261478 2.32909354 2.32557211
 2.32205048 2.31852867 2.31500666 2.31148446 2.30796206 2.30443947
 2.30091669 2.29739372 2.29387056 2.2903472  2.28682365 2.28329991
 2.27977597 2.27625185 2.27272753 2.26920302 2.26567832 2.26215342
 2.25862833 2.25510306 2.25157758 2.24805192 2.24452607 2.24100002
 2.23747378 2.23394735 2.23042073 2.22689391 2.22336691 2.21983971
 2.21631232 2.21278474 2.20925697 2.205729   2.20220085 2.1986725
 2.19514396 2.19161523 2.18808631 2.18455719 2.18102789 2.17749839
 2.17396871 2.17043883 2.16690876 2.1633785  2.15984805 2.1563174
 2.15278657 2.14925554 2.14572433 2.14219292 2.13866132 2.13512953
 2.13159755 2.12806538 2.12453302 2.12100047 2.11746773 2.1139348
 2.11040167 2.10686836 2.10333485 2.09980116 2.09626727 2.0927332
 2.08919893 2.08566447 2.08212983 2.07859499 2.07505996 2.07152474
 2.06798934 2.06445374 2.06091795 2.05738197 2.05384581 2.05030945
 2.0467729  2.04323617 2.03969924 2.03616212 2.03262482 2.02908732
 2.02554964 2.02201176 2.0184737  2.01493545 2.011397   2.00785837
 2.00431955 2.00078054 1.99724134 1.99370195 1.99016238 1.98662261
 1.98308265 1.97954251 1.97600218 1.97246165 1.96892094 1.96538004
 1.96183896 1.95829768 1.95475622 1.95121456 1.94767272 1.94413069
 1.94058847 1.93704607 1.93350347 1.92996069 1.92641772 1.92287456
 1.91933121 1.91578768 1.91224396 1.90870005 1.90515595 1.90161166
 1.89806719 1.89452253 1.89097768 1.88743265 1.88388743 1.88034202
 1.87679642 1.87325064 1.86970467 1.86615851 1.86261216 1.85906563
 1.85551891 1.85197201 1.84842492 1.84487764 1.84133018 1.83778253
 1.83423469 1.83068667 1.82713846 1.82359006 1.82004148 1.81649271
 1.81294376 1.80939462 1.8058453  1.80229578 1.79874609 1.79519621
 1.79164614 1.78809589 1.78454545 1.78099483 1.77744402 1.77389303
 1.77034185 1.76679049 1.76323894 1.75968721 1.7561353  1.7525832
 1.74903091 1.74547844 1.74192579 1.73837295 1.73481993 1.73126673
 1.72771334 1.72415977 1.72060601 1.71705207 1.71349795 1.70994364
 1.70638916 1.70283448 1.69927963 1.69572459 1.69216937 1.68861397
 1.68505838 1.68150261 1.67794666 1.67439053 1.67083422 1.66727772
 1.66372104 1.66016418 1.65660714 1.65304991 1.64949251 1.64593492
 1.64237716 1.63881921 1.63526108 1.63170277 1.62814428 1.62458561
 1.62102676 1.61746773 1.61390851 1.61034912 1.60678955 1.6032298
 1.59966987 1.59610976 1.59254947 1.588989   1.58542835 1.58186753
 1.57830652 1.57474534 1.57118398 1.56762244 1.56406072 1.56049882
 1.55693675 1.5533745  1.54981207 1.54624946 1.54268668 1.53912372
 1.53556058 1.53199727 1.52843378 1.52487011 1.52130627 1.51774225
 1.51417805 1.51061368 1.50704914 1.50348442 1.49991952 1.49635445
 1.49278921 1.48922379 1.48565819 1.48209243 1.47852648 1.47496037
 1.47139408 1.46782762 1.46426098 1.46069418 1.4571272  1.45356004
 1.44999272 1.44642522 1.44285756 1.43928972 1.43572171 1.43215352
 1.42858517 1.42501665 1.42144795 1.41787909 1.41431006 1.41074086
 1.40717148 1.40360194 1.40003223 1.39646236 1.39289231 1.38932209
 1.38575171 1.38218116 1.37861045 1.37503956 1.37146851 1.3678973
 1.36432592 1.36075437 1.35718266 1.35361078 1.35003873 1.34646653
 1.34289416 1.33932162 1.33574892 1.33217606 1.32860304 1.32502985
 1.3214565  1.31788299 1.31430932 1.31073548 1.30716149 1.30358734
 1.30001302 1.29643855 1.29286391 1.28928912 1.28571417 1.28213906
 1.2785638  1.27498837 1.27141279 1.26783706 1.26426117 1.26068512
 1.25710891 1.25353256 1.24995605 1.24637938 1.24280256 1.23922559
 1.23564846 1.23207119 1.22849376 1.22491618 1.22133845 1.21776058
 1.21418255 1.21060437 1.20702604 1.20344757 1.19986895 1.19629018
 1.19271127 1.18913221 1.18555301 1.18197366 1.17839417 1.17481453
 1.17123475 1.16765483 1.16407477 1.16049457 1.15691422 1.15333374
 1.14975312 1.14617236 1.14259147 1.13901043 1.13542926 1.13184796
 1.12826652 1.12468494 1.12110324 1.1175214  1.11393943 1.11035733
 1.10677509 1.10319273 1.09961024 1.09602763 1.09244488 1.08886201
 1.08527902 1.0816959  1.07811266 1.07452929 1.07094581 1.0673622
 1.06377847 1.06019463 1.05661067 1.05302659 1.04944239 1.04585808
 1.04227366 1.03868912 1.03510448 1.03151972 1.02793485 1.02434988
 1.0207648  1.01717961 1.01359432 1.01000893 1.00642343 1.00283783
 0.99925214 0.99566634 0.99208045 0.98849446 0.98490838 0.98132221
 0.97773594 0.97414959 0.97056314 0.96697661 0.96339    0.9598033
 0.95621651 0.95262965 0.94904271 0.94545569 0.94186859 0.93828142
 0.93469418 0.93110687 0.92751948 0.92393204 0.92034452 0.91675695
 0.91316931 0.90958161 0.90599386 0.90240605 0.89881818 0.89523027
 0.89164231 0.8880543  0.88446625 0.88087815 0.87729002 0.87370184
 0.87011364 0.8665254  0.86293713 0.85934883 0.85576051 0.85217217
 0.84858381 0.84499543 0.84140704 0.83781864 0.83423023 0.83064181
 0.82705339 0.82346498 0.81987657 0.81628817 0.81269978 0.8091114
 0.80552304 0.80193471 0.7983464  0.79475812 0.79116987 0.78758166
 0.78399349 0.78040536 0.77681729 0.77322926 0.7696413  0.7660534
 0.76246556 0.75887779 0.7552901  0.75170249 0.74811496 0.74452753
 0.74094019 0.73735295 0.73376582 0.7301788  0.7265919  0.72300512
 0.71941847 0.71583195 0.71224558 0.70865935 0.70507328 0.70148736
 0.69790162 0.69431605 0.69073066 0.68714546 0.68356046 0.67997566
 0.67639107 0.6728067  0.66922256 0.66563866 0.662055   0.6584716
 0.65488846 0.6513056  0.64772301 0.64414072 0.64055873 0.63697706
 0.63339571 0.62981469 0.62623402 0.6226537  0.61979296 0.6162117
 0.61263081 0.60905031 0.6054702  0.6018905  0.59831122 0.59473237
 0.59115397 0.58757604 0.58399859 0.58042163 0.57684518 0.57326927
 0.56969389 0.56611908 0.56254485 0.55897121 0.5553982  0.55182582
 0.5482541  0.54468306 0.54111272 0.5375431  0.53397423 0.53040613
 0.52683883 0.52327234 0.51970671 0.51614195 0.51257809 0.50901516
 0.50545319 0.50189222 0.49833227 0.49477338 0.49121559 0.48765892
 0.48410342 0.48054913 0.47699608 0.47344431 0.46989388 0.46634482
 0.46279718 0.45925101 0.45570635 0.45216327 0.44862181 0.44508203
 0.44154399 0.43800774 0.43447336 0.43094091 0.42741045 0.42388207
 0.42035582 0.4168318  0.41331008 0.40979074 0.40627388 0.40275959
 0.39924796 0.39573909 0.3922331  0.38873009 0.38523018 0.38173349
 0.37824014 0.37475028 0.37126404 0.36778157 0.36430303 0.36082857
 0.35735838 0.35389263 0.35043151 0.34697522 0.34352398 0.34007801
 0.33663755 0.33320285 0.32977417 0.32635179 0.32293602 0.31952716
 0.31612556 0.31273157 0.30934557 0.30596796 0.30259918 0.29923969
 0.29588997 0.29255056 0.28922201 0.28590493 0.28259997 0.27930782
 0.27602923 0.27276502 0.26951604 0.26628324 0.26306764 0.25987034
 0.25669256 0.25353558 0.25040084 0.24728988 0.24420442 0.24114633
 0.23811764 0.23512063 0.23215779 0.22923189 0.22634602 0.2235036
 0.22070847 0.21796491 0.21527779 0.21265256 0.21009545 0.20761353
 0.20521493 0.20290898 0.20070653 0.19862018 0.19666476 0.19485777
 0.19322009 0.19177684 0.19055854 0.1896027  0.18895601 0.18867747
 0.18884284 0.18955131 0.19093572 0.19317874]
t =  [1.05836477e+09 1.05836482e+09 1.05836486e+09 1.05836490e+09
 1.05836494e+09 1.05836498e+09 1.05836502e+09 1.05836507e+09
 1.05836511e+09 1.05836515e+09 1.05836519e+09 1.05836523e+09
 1.05836528e+09 1.05836532e+09 1.05836536e+09 1.05836540e+09
 1.05836544e+09 1.05836549e+09 1.05836553e+09 1.05836557e+09
 1.05836561e+09 1.05836565e+09 1.05836570e+09 1.05836574e+09
 1.05836578e+09 1.05836582e+09 1.05836586e+09 1.05836591e+09
 1.05836595e+09 1.05836599e+09 1.05836603e+09 1.05836607e+09
 1.05836612e+09 1.05836616e+09 1.05836620e+09 1.05836624e+09
 1.05836628e+09 1.05836632e+09 1.05836637e+09 1.05836641e+09
 1.05836645e+09 1.05836649e+09 1.05836653e+09 1.05836658e+09
 1.05836662e+09 1.05836666e+09 1.05836670e+09 1.05836674e+09
 1.05836679e+09 1.05836683e+09 1.05836687e+09 1.05836691e+09
 1.05836695e+09 1.05836700e+09 1.05836704e+09 1.05836708e+09
 1.05836712e+09 1.05836716e+09 1.05836721e+09 1.05836725e+09
 1.05836729e+09 1.05836733e+09 1.05836737e+09 1.05836742e+09
 1.05836746e+09 1.05836750e+09 1.05836754e+09 1.05836758e+09
 1.05836762e+09 1.05836767e+09 1.05836771e+09 1.05836775e+09
 1.05836779e+09 1.05836783e+09 1.05836788e+09 1.05836792e+09
 1.05836796e+09 1.05836800e+09 1.05836804e+09 1.05836809e+09
 1.05836813e+09 1.05836817e+09 1.05836821e+09 1.05836825e+09
 1.05836830e+09 1.05836834e+09 1.05836838e+09 1.05836842e+09
 1.05836846e+09 1.05836851e+09 1.05836855e+09 1.05836859e+09
 1.05836863e+09 1.05836867e+09 1.05836872e+09 1.05836876e+09
 1.05836880e+09 1.05836884e+09 1.05836888e+09 1.05836892e+09
 1.05836897e+09 1.05836901e+09 1.05836905e+09 1.05836909e+09
 1.05836913e+09 1.05836918e+09 1.05836922e+09 1.05836926e+09
 1.05836930e+09 1.05836934e+09 1.05836939e+09 1.05836943e+09
 1.05836947e+09 1.05836951e+09 1.05836955e+09 1.05836960e+09
 1.05836964e+09 1.05836968e+09 1.05836972e+09 1.05836976e+09
 1.05836981e+09 1.05836985e+09 1.05836989e+09 1.05836993e+09
 1.05836997e+09 1.05837002e+09 1.05837006e+09 1.05837010e+09
 1.05837014e+09 1.05837018e+09 1.05837022e+09 1.05837027e+09
 1.05837031e+09 1.05837035e+09 1.05837039e+09 1.05837043e+09
 1.05837048e+09 1.05837052e+09 1.05837056e+09 1.05837060e+09
 1.05837064e+09 1.05837069e+09 1.05837073e+09 1.05837077e+09
 1.05837081e+09 1.05837085e+09 1.05837090e+09 1.05837094e+09
 1.05837098e+09 1.05837102e+09 1.05837106e+09 1.05837111e+09
 1.05837115e+09 1.05837119e+09 1.05837123e+09 1.05837127e+09
 1.05837132e+09 1.05837136e+09 1.05837140e+09 1.05837144e+09
 1.05837148e+09 1.05837153e+09 1.05837157e+09 1.05837161e+09
 1.05837165e+09 1.05837169e+09 1.05837173e+09 1.05837178e+09
 1.05837182e+09 1.05837186e+09 1.05837190e+09 1.05837194e+09
 1.05837199e+09 1.05837203e+09 1.05837207e+09 1.05837211e+09
 1.05837215e+09 1.05837220e+09 1.05837224e+09 1.05837228e+09
 1.05837232e+09 1.05837236e+09 1.05837241e+09 1.05837245e+09
 1.05837249e+09 1.05837253e+09 1.05837257e+09 1.05837262e+09
 1.05837266e+09 1.05837270e+09 1.05837274e+09 1.05837278e+09
 1.05837283e+09 1.05837287e+09 1.05837291e+09 1.05837295e+09
 1.05837299e+09 1.05837303e+09 1.05837308e+09 1.05837312e+09
 1.05837316e+09 1.05837320e+09 1.05837324e+09 1.05837329e+09
 1.05837333e+09 1.05837337e+09 1.05837341e+09 1.05837345e+09
 1.05837350e+09 1.05837354e+09 1.05837358e+09 1.05837362e+09
 1.05837366e+09 1.05837371e+09 1.05837375e+09 1.05837379e+09
 1.05837383e+09 1.05837387e+09 1.05837392e+09 1.05837396e+09
 1.05837400e+09 1.05837404e+09 1.05837408e+09 1.05837413e+09
 1.05837417e+09 1.05837421e+09 1.05837425e+09 1.05837429e+09
 1.05837433e+09 1.05837438e+09 1.05837442e+09 1.05837446e+09
 1.05837450e+09 1.05837454e+09 1.05837459e+09 1.05837463e+09
 1.05837467e+09 1.05837471e+09 1.05837475e+09 1.05837480e+09
 1.05837484e+09 1.05837488e+09 1.05837492e+09 1.05837496e+09
 1.05837501e+09 1.05837505e+09 1.05837509e+09 1.05837513e+09
 1.05837517e+09 1.05837522e+09 1.05837526e+09 1.05837530e+09
 1.05837534e+09 1.05837538e+09 1.05837543e+09 1.05837547e+09
 1.05837551e+09 1.05837555e+09 1.05837559e+09 1.05837563e+09
 1.05837568e+09 1.05837572e+09 1.05837576e+09 1.05837580e+09
 1.05837584e+09 1.05837589e+09 1.05837593e+09 1.05837597e+09
 1.05837601e+09 1.05837605e+09 1.05837610e+09 1.05837614e+09
 1.05837618e+09 1.05837622e+09 1.05837626e+09 1.05837631e+09
 1.05837635e+09 1.05837639e+09 1.05837643e+09 1.05837647e+09
 1.05837652e+09 1.05837656e+09 1.05837660e+09 1.05837664e+09
 1.05837668e+09 1.05837673e+09 1.05837677e+09 1.05837681e+09
 1.05837685e+09 1.05837689e+09 1.05837693e+09 1.05837698e+09
 1.05837702e+09 1.05837706e+09 1.05837710e+09 1.05837714e+09
 1.05837719e+09 1.05837723e+09 1.05837727e+09 1.05837731e+09
 1.05837735e+09 1.05837740e+09 1.05837744e+09 1.05837748e+09
 1.05837752e+09 1.05837756e+09 1.05837761e+09 1.05837765e+09
 1.05837769e+09 1.05837773e+09 1.05837777e+09 1.05837782e+09
 1.05837786e+09 1.05837790e+09 1.05837794e+09 1.05837798e+09
 1.05837803e+09 1.05837807e+09 1.05837811e+09 1.05837815e+09
 1.05837819e+09 1.05837823e+09 1.05837828e+09 1.05837832e+09
 1.05837836e+09 1.05837840e+09 1.05837844e+09 1.05837849e+09
 1.05837853e+09 1.05837857e+09 1.05837861e+09 1.05837865e+09
 1.05837870e+09 1.05837874e+09 1.05837878e+09 1.05837882e+09
 1.05837886e+09 1.05837891e+09 1.05837895e+09 1.05837899e+09
 1.05837903e+09 1.05837907e+09 1.05837912e+09 1.05837916e+09
 1.05837920e+09 1.05837924e+09 1.05837928e+09 1.05837933e+09
 1.05837937e+09 1.05837941e+09 1.05837945e+09 1.05837949e+09
 1.05837953e+09 1.05837958e+09 1.05837962e+09 1.05837966e+09
 1.05837970e+09 1.05837974e+09 1.05837979e+09 1.05837983e+09
 1.05837987e+09 1.05837991e+09 1.05837995e+09 1.05838000e+09
 1.05838004e+09 1.05838008e+09 1.05838012e+09 1.05838016e+09
 1.05838021e+09 1.05838025e+09 1.05838029e+09 1.05838033e+09
 1.05838037e+09 1.05838042e+09 1.05838046e+09 1.05838050e+09
 1.05838054e+09 1.05838058e+09 1.05838063e+09 1.05838067e+09
 1.05838071e+09 1.05838075e+09 1.05838079e+09 1.05838084e+09
 1.05838088e+09 1.05838092e+09 1.05838096e+09 1.05838100e+09
 1.05838104e+09 1.05838109e+09 1.05838113e+09 1.05838117e+09
 1.05838121e+09 1.05838125e+09 1.05838130e+09 1.05838134e+09
 1.05838138e+09 1.05838142e+09 1.05838146e+09 1.05838151e+09
 1.05838155e+09 1.05838159e+09 1.05838163e+09 1.05838167e+09
 1.05838172e+09 1.05838176e+09 1.05838180e+09 1.05838184e+09
 1.05838188e+09 1.05838193e+09 1.05838197e+09 1.05838201e+09
 1.05838205e+09 1.05838209e+09 1.05838214e+09 1.05838218e+09
 1.05838222e+09 1.05838226e+09 1.05838230e+09 1.05838234e+09
 1.05838239e+09 1.05838243e+09 1.05838247e+09 1.05838251e+09
 1.05838255e+09 1.05838260e+09 1.05838264e+09 1.05838268e+09
 1.05838272e+09 1.05838276e+09 1.05838281e+09 1.05838285e+09
 1.05838289e+09 1.05838293e+09 1.05838297e+09 1.05838302e+09
 1.05838306e+09 1.05838310e+09 1.05838314e+09 1.05838318e+09
 1.05838323e+09 1.05838327e+09 1.05838331e+09 1.05838335e+09
 1.05838339e+09 1.05838344e+09 1.05838348e+09 1.05838352e+09
 1.05838356e+09 1.05838360e+09 1.05838364e+09 1.05838369e+09
 1.05838373e+09 1.05838377e+09 1.05838381e+09 1.05838385e+09
 1.05838390e+09 1.05838394e+09 1.05838398e+09 1.05838402e+09
 1.05838406e+09 1.05838411e+09 1.05838415e+09 1.05838419e+09
 1.05838423e+09 1.05838427e+09 1.05838432e+09 1.05838436e+09
 1.05838440e+09 1.05838444e+09 1.05838448e+09 1.05838453e+09
 1.05838457e+09 1.05838461e+09 1.05838465e+09 1.05838469e+09
 1.05838474e+09 1.05838478e+09 1.05838482e+09 1.05838486e+09
 1.05838490e+09 1.05838494e+09 1.05838499e+09 1.05838503e+09
 1.05838507e+09 1.05838511e+09 1.05838515e+09 1.05838520e+09
 1.05838524e+09 1.05838528e+09 1.05838532e+09 1.05838536e+09
 1.05838541e+09 1.05838545e+09 1.05838549e+09 1.05838553e+09
 1.05838557e+09 1.05838562e+09 1.05838566e+09 1.05838570e+09
 1.05838574e+09 1.05838578e+09 1.05838583e+09 1.05838587e+09
 1.05838591e+09 1.05838595e+09 1.05838599e+09 1.05838604e+09
 1.05838608e+09 1.05838612e+09 1.05838616e+09 1.05838620e+09
 1.05838624e+09 1.05838629e+09 1.05838633e+09 1.05838637e+09
 1.05838641e+09 1.05838645e+09 1.05838650e+09 1.05838654e+09
 1.05838658e+09 1.05838662e+09 1.05838666e+09 1.05838671e+09
 1.05838675e+09 1.05838679e+09 1.05838683e+09 1.05838687e+09
 1.05838692e+09 1.05838696e+09 1.05838700e+09 1.05838704e+09
 1.05838708e+09 1.05838713e+09 1.05838717e+09 1.05838721e+09
 1.05838725e+09 1.05838729e+09 1.05838734e+09 1.05838738e+09
 1.05838742e+09 1.05838746e+09 1.05838750e+09 1.05838754e+09
 1.05838759e+09 1.05838763e+09 1.05838767e+09 1.05838771e+09
 1.05838775e+09 1.05838780e+09 1.05838784e+09 1.05838788e+09
 1.05838792e+09 1.05838796e+09 1.05838801e+09 1.05838805e+09
 1.05838809e+09 1.05838813e+09 1.05838817e+09 1.05838822e+09
 1.05838826e+09 1.05838830e+09 1.05838834e+09 1.05838838e+09
 1.05838843e+09 1.05838847e+09 1.05838851e+09 1.05838855e+09
 1.05838859e+09 1.05838864e+09 1.05838868e+09 1.05838872e+09
 1.05838876e+09 1.05838880e+09 1.05838884e+09 1.05838889e+09
 1.05838893e+09 1.05838897e+09 1.05838901e+09 1.05838905e+09
 1.05838910e+09 1.05838914e+09 1.05838918e+09 1.05838922e+09
 1.05838926e+09 1.05838931e+09 1.05838935e+09 1.05838939e+09
 1.05838943e+09 1.05838947e+09 1.05838952e+09 1.05838956e+09
 1.05838960e+09 1.05838964e+09 1.05838968e+09 1.05838973e+09
 1.05838977e+09 1.05838981e+09 1.05838985e+09 1.05838989e+09
 1.05838994e+09 1.05838998e+09 1.05839002e+09 1.05839006e+09
 1.05839010e+09 1.05839015e+09 1.05839019e+09 1.05839023e+09
 1.05839027e+09 1.05839031e+09 1.05839035e+09 1.05839040e+09
 1.05839044e+09 1.05839048e+09 1.05839052e+09 1.05839056e+09
 1.05839061e+09 1.05839065e+09 1.05839069e+09 1.05839073e+09
 1.05839077e+09 1.05839082e+09 1.05839086e+09 1.05839090e+09
 1.05839094e+09 1.05839098e+09 1.05839103e+09 1.05839107e+09
 1.05839111e+09 1.05839115e+09 1.05839119e+09 1.05839124e+09
 1.05839128e+09 1.05839132e+09 1.05839136e+09 1.05839140e+09
 1.05839145e+09 1.05839149e+09 1.05839153e+09 1.05839157e+09
 1.05839161e+09 1.05839165e+09 1.05839170e+09 1.05839174e+09
 1.05839178e+09 1.05839182e+09 1.05839186e+09 1.05839191e+09
 1.05839195e+09 1.05839199e+09 1.05839203e+09 1.05839207e+09
 1.05839212e+09 1.05839216e+09 1.05839220e+09 1.05839224e+09
 1.05839228e+09 1.05839233e+09 1.05839237e+09 1.05839241e+09
 1.05839245e+09 1.05839249e+09 1.05839254e+09 1.05839258e+09
 1.05839262e+09 1.05839266e+09 1.05839270e+09 1.05839275e+09
 1.05839279e+09 1.05839283e+09 1.05839287e+09 1.05839291e+09
 1.05839295e+09 1.05839300e+09 1.05839304e+09 1.05839308e+09
 1.05839312e+09 1.05839316e+09 1.05839321e+09 1.05839325e+09
 1.05839329e+09 1.05839333e+09 1.05839337e+09 1.05839342e+09
 1.05839346e+09 1.05839350e+09 1.05839354e+09 1.05839358e+09
 1.05839363e+09 1.05839367e+09 1.05839371e+09 1.05839375e+09
 1.05839379e+09 1.05839384e+09 1.05839388e+09 1.05839392e+09
 1.05839396e+09 1.05839400e+09 1.05839405e+09 1.05839409e+09
 1.05839413e+09 1.05839417e+09 1.05839421e+09 1.05839425e+09
 1.05839430e+09 1.05839434e+09 1.05839438e+09 1.05839442e+09
 1.05839446e+09 1.05839451e+09 1.05839455e+09 1.05839459e+09
 1.05839463e+09 1.05839467e+09 1.05839472e+09 1.05839476e+09
 1.05839480e+09 1.05839484e+09 1.05839488e+09 1.05839493e+09
 1.05839497e+09 1.05839501e+09 1.05839505e+09 1.05839509e+09
 1.05839514e+09 1.05839518e+09 1.05839522e+09 1.05839526e+09
 1.05839530e+09 1.05839535e+09 1.05839539e+09 1.05839543e+09
 1.05839547e+09 1.05839551e+09 1.05839555e+09 1.05839560e+09
 1.05839564e+09 1.05839568e+09 1.05839572e+09 1.05839576e+09
 1.05839581e+09 1.05839585e+09 1.05839589e+09 1.05839593e+09
 1.05839597e+09 1.05839602e+09 1.05839606e+09 1.05839610e+09
 1.05839614e+09 1.05839618e+09 1.05839623e+09 1.05839627e+09
 1.05839631e+09 1.05839635e+09 1.05839639e+09 1.05839644e+09
 1.05839648e+09 1.05839652e+09 1.05839656e+09 1.05839660e+09
 1.05839665e+09 1.05839669e+09 1.05839673e+09 1.05839677e+09
 1.05839681e+09 1.05839685e+09 1.05839690e+09 1.05839694e+09
 1.05839698e+09 1.05839702e+09 1.05839706e+09 1.05839711e+09
 1.05839715e+09 1.05839719e+09 1.05839723e+09 1.05839727e+09
 1.05839732e+09 1.05839736e+09 1.05839740e+09 1.05839744e+09
 1.05839748e+09 1.05839753e+09 1.05839757e+09 1.05839761e+09
 1.05839765e+09 1.05839769e+09 1.05839774e+09 1.05839778e+09
 1.05839782e+09 1.05839786e+09 1.05839790e+09 1.05839795e+09
 1.05839799e+09 1.05839803e+09 1.05839807e+09 1.05839811e+09
 1.05839815e+09 1.05839820e+09 1.05839824e+09 1.05839828e+09
 1.05839832e+09 1.05839836e+09 1.05839841e+09 1.05839845e+09
 1.05839849e+09 1.05839853e+09 1.05839857e+09 1.05839862e+09
 1.05839866e+09 1.05839870e+09 1.05839874e+09 1.05839878e+09
 1.05839883e+09 1.05839887e+09 1.05839891e+09 1.05839895e+09
 1.05839899e+09 1.05839904e+09 1.05839908e+09 1.05839912e+09
 1.05839916e+09 1.05839920e+09 1.05839925e+09 1.05839929e+09
 1.05839933e+09 1.05839937e+09 1.05839941e+09 1.05839946e+09
 1.05839950e+09 1.05839954e+09 1.05839958e+09 1.05839962e+09
 1.05839966e+09 1.05839971e+09 1.05839975e+09 1.05839979e+09
 1.05839983e+09 1.05839987e+09 1.05839992e+09 1.05839996e+09
 1.05840000e+09 1.05840004e+09 1.05840008e+09 1.05840013e+09
 1.05840017e+09 1.05840021e+09 1.05840025e+09 1.05840029e+09
 1.05840034e+09 1.05840038e+09 1.05840042e+09 1.05840046e+09
 1.05840050e+09 1.05840055e+09 1.05840059e+09 1.05840063e+09
 1.05840067e+09 1.05840071e+09 1.05840076e+09 1.05840080e+09
 1.05840084e+09 1.05840088e+09 1.05840092e+09 1.05840096e+09
 1.05840101e+09 1.05840105e+09 1.05840109e+09 1.05840113e+09
 1.05840117e+09 1.05840122e+09 1.05840126e+09 1.05840130e+09
 1.05840134e+09 1.05840138e+09 1.05840143e+09 1.05840147e+09
 1.05840151e+09 1.05840155e+09 1.05840159e+09 1.05840164e+09
 1.05840168e+09 1.05840172e+09 1.05840176e+09 1.05840180e+09
 1.05840185e+09 1.05840189e+09 1.05840193e+09 1.05840197e+09
 1.05840201e+09 1.05840206e+09 1.05840210e+09 1.05840214e+09
 1.05840218e+09 1.05840222e+09 1.05840226e+09 1.05840231e+09
 1.05840235e+09 1.05840239e+09 1.05840243e+09 1.05840247e+09
 1.05840252e+09 1.05840256e+09 1.05840260e+09 1.05840264e+09
 1.05840268e+09 1.05840273e+09 1.05840277e+09 1.05840281e+09
 1.05840285e+09 1.05840289e+09 1.05840294e+09 1.05840298e+09
 1.05840302e+09 1.05840306e+09 1.05840310e+09 1.05840315e+09
 1.05840319e+09 1.05840323e+09 1.05840327e+09 1.05840331e+09
 1.05840336e+09 1.05840340e+09 1.05840344e+09 1.05840348e+09
 1.05840352e+09 1.05840356e+09 1.05840361e+09 1.05840365e+09
 1.05840369e+09 1.05840373e+09 1.05840377e+09 1.05840382e+09
 1.05840386e+09 1.05840390e+09 1.05840394e+09 1.05840398e+09
 1.05840403e+09 1.05840407e+09 1.05840411e+09 1.05840415e+09
 1.05840419e+09 1.05840424e+09 1.05840428e+09 1.05840432e+09
 1.05840436e+09 1.05840440e+09 1.05840445e+09 1.05840449e+09
 1.05840453e+09 1.05840457e+09 1.05840461e+09 1.05840466e+09
 1.05840470e+09 1.05840474e+09 1.05840478e+09 1.05840482e+09
 1.05840486e+09 1.05840491e+09 1.05840495e+09 1.05840499e+09
 1.05840503e+09 1.05840507e+09 1.05840512e+09 1.05840516e+09
 1.05840520e+09 1.05840524e+09 1.05840528e+09 1.05840533e+09
 1.05840537e+09 1.05840541e+09 1.05840545e+09 1.05840549e+09
 1.05840554e+09 1.05840558e+09 1.05840562e+09 1.05840566e+09
 1.05840570e+09 1.05840575e+09 1.05840579e+09 1.05840583e+09
 1.05840587e+09 1.05840591e+09 1.05840596e+09 1.05840600e+09
 1.05840604e+09 1.05840608e+09 1.05840612e+09 1.05840616e+09
 1.05840621e+09 1.05840625e+09 1.05840629e+09 1.05840633e+09
 1.05840637e+09 1.05840642e+09 1.05840646e+09 1.05840650e+09
 1.05840654e+09 1.05840658e+09 1.05840663e+09 1.05840667e+09]
minRes = 0.18867747214833608
minResTime =  [1.0584065e+09]
