name =JUICE_ROI_CAL_6_1_09
flyby =  ['2032 OCT 30 14:21:22', '2032 OCT 31 14:21:22']
Observation TW =  <SpiceCell dtype = 1, length = 0, size = 2800, card = 8, is_set = 1, adjust = 0, init = 1, base = 2554805402288, data = 2554805402336>
Res(t) =  [0.65746498 0.65690846 0.65635195 0.65579546 0.65523897 0.6546825
 0.65412604 0.6535696  0.65301316 0.65245674 0.65190033 0.65134393
 0.65078754 0.65023116 0.6496748  0.64911845 0.64856211 0.64800579
 0.64744947 0.64689317 0.64633688 0.64578061 0.64522434 0.64466809
 0.64411185 0.64355563 0.64299941 0.64244321 0.64188702 0.64133085
 0.64077468 0.64021853 0.63966239 0.63910627 0.63855015 0.63799405
 0.63743797 0.63688189 0.63632583 0.63576978 0.63521374 0.63465772
 0.63410171 0.63354571 0.63298973 0.63243375 0.6318778  0.63132185
 0.63076592 0.63021    0.62965409 0.6290982  0.62854232 0.62798645
 0.6274306  0.62687476 0.62631893 0.62576312 0.62520732 0.62465153
 0.62409576 0.62354    0.62298425 0.62242852 0.6218728  0.62131709
 0.6207614  0.62020572 0.61965005 0.6190944  0.61853877 0.61798314
 0.61742753 0.61687193 0.61631635 0.61576078 0.61520523 0.61464969
 0.61409416 0.61353865 0.61298315 0.61242766 0.61187219 0.61204905
 0.61149362 0.6109382  0.6103828  0.60982741 0.60927203 0.60871667
 0.60816132 0.60760599 0.60705067 0.60649537 0.60594008 0.60538481
 0.60482955 0.6042743  0.60371907 0.60316386 0.60260866 0.60205347
 0.6014983  0.60094315 0.60038801 0.59983288 0.59927777 0.59872267
 0.59816759 0.59761253 0.59705748 0.59650244 0.59594742 0.59539242
 0.59483743 0.59428246 0.5937275  0.59317255 0.59261763 0.59206271
 0.59150782 0.59095294 0.59039807 0.58984322 0.58928839 0.58873357
 0.58817877 0.58762398 0.58706921 0.58651445 0.58595972 0.58540499
 0.58485029 0.58429559 0.58374092 0.58318626 0.58263162 0.58207699
 0.58152238 0.58096779 0.58041321 0.57985865 0.5793041  0.57874958
 0.57819506 0.57764057 0.57708609 0.57653163 0.57597718 0.57542275
 0.57486834 0.57431395 0.57375957 0.57320521 0.57265086 0.57209654
 0.57154222 0.57098793 0.57043365 0.5698794  0.56932515 0.56877093
 0.56821672 0.56766253 0.56710836 0.5665542  0.56600007 0.56544595
 0.56489184 0.56433776 0.56378369 0.56322964 0.56267561 0.5621216
 0.5615676  0.56101362 0.56045966 0.55990572 0.55935179 0.55879789
 0.558244   0.55769013 0.55713628 0.55658245 0.55602863 0.55547483
 0.55492106 0.5543673  0.55381356 0.55325983 0.55270613 0.55215245
 0.55159878 0.55104513 0.5504915  0.54993789 0.5493843  0.54883073
 0.54827718 0.54772365 0.54717013 0.54661664 0.54606316 0.54550971
 0.54495627 0.54440285 0.54384946 0.54329608 0.54274272 0.54218938
 0.54163606 0.54108276 0.54052948 0.53997623 0.53942299 0.53886977
 0.53831657 0.53776339 0.53721023 0.53665709 0.53610398 0.53555088
 0.5349978  0.53444474 0.53389171 0.53333869 0.5327857  0.53223273
 0.53167977 0.53112684 0.53057393 0.53002104 0.52946817 0.52891533
 0.5283625  0.52780969 0.52725691 0.52670415 0.52615141 0.52559869
 0.52504599 0.52449332 0.52394066 0.52338803 0.52283542 0.52228283
 0.52173027 0.52117772 0.5206252  0.5200727  0.51952023 0.51896777
 0.51841534 0.51786293 0.51731054 0.51675818 0.51620584 0.51565352
 0.51510122 0.51454895 0.5139967  0.51344447 0.51289227 0.51234009
 0.51178793 0.5112358  0.51068369 0.5101316  0.50957954 0.5090275
 0.50847549 0.5079235  0.50737153 0.50681959 0.50626767 0.50571577
 0.5051639  0.50461206 0.50406023 0.50350844 0.50295666 0.50240492
 0.50185319 0.5013015  0.50074982 0.50019817 0.49964655 0.49909495
 0.49854338 0.49799183 0.49744031 0.49688882 0.49633735 0.4957859
 0.49523448 0.49468309 0.49413172 0.49358038 0.49302907 0.49247778
 0.49192652 0.49137528 0.49082407 0.49027289 0.48972173 0.4891706
 0.4886195  0.48806843 0.48751738 0.48696636 0.48641537 0.4858644
 0.48531346 0.48476255 0.48421167 0.48366081 0.48310999 0.48255919
 0.48200841 0.48145767 0.48090696 0.48035627 0.47980561 0.47925498
 0.47870438 0.47815381 0.47760327 0.47705275 0.47650227 0.47595181
 0.47540139 0.47485099 0.47430062 0.47375029 0.47319998 0.4726497
 0.47209945 0.47154924 0.47099905 0.47044889 0.46989877 0.46934867
 0.4687986  0.46824857 0.46769857 0.46714859 0.46659865 0.46604874
 0.46549886 0.46494902 0.4643992  0.46384942 0.46329966 0.46274994
 0.46220026 0.4616506  0.46110098 0.46055139 0.46000183 0.4594523
 0.45890281 0.45835335 0.45780392 0.45725453 0.45670517 0.45615585
 0.45560655 0.45505729 0.45450807 0.45395888 0.45340972 0.4528606
 0.45231151 0.45176246 0.45121344 0.45066446 0.45011551 0.4495666
 0.44901772 0.44846888 0.44792007 0.4473713  0.44682256 0.44627386
 0.4457252  0.44517657 0.44462798 0.44407943 0.44353091 0.44298243
 0.44243399 0.44188558 0.44133721 0.44078888 0.44024059 0.43969233
 0.43914412 0.43859594 0.4380478  0.43749969 0.43695163 0.43640361
 0.43585562 0.43530767 0.43475977 0.4342119  0.43366407 0.43311628
 0.43256853 0.43202082 0.43147315 0.43092553 0.43037794 0.42983039
 0.42928289 0.42873542 0.428188   0.42764062 0.42709328 0.42654598
 0.42599873 0.42545152 0.42490434 0.42435722 0.42381013 0.42326309
 0.42271609 0.42216914 0.42162222 0.42107536 0.42052853 0.41998175
 0.41943502 0.41888833 0.41834168 0.41779508 0.41724852 0.41670201
 0.41615555 0.41560913 0.41506275 0.41451643 0.41397015 0.41342391
 0.41287772 0.41233158 0.41178549 0.41123945 0.41069345 0.4101475
 0.4096016  0.40905574 0.40850994 0.40796418 0.40741848 0.40687282
 0.40632721 0.40578165 0.40523615 0.40469069 0.40414528 0.40359992
 0.40305462 0.40250936 0.40196416 0.40141901 0.40087391 0.40032886
 0.39978387 0.39923892 0.39869403 0.3981492  0.39760441 0.39705969
 0.39651501 0.39597039 0.39542582 0.39488131 0.39433685 0.39379245
 0.3932481  0.39270381 0.39215958 0.3916154  0.39107128 0.39052721
 0.38998321 0.38943926 0.38889536 0.38835153 0.38780775 0.38726404
 0.38672038 0.38617678 0.38563324 0.38508976 0.38454634 0.38400298
 0.38345968 0.38291645 0.38237327 0.38183016 0.3812871  0.38074411
 0.38020119 0.37965832 0.37911552 0.37857278 0.37803011 0.3774875
 0.37694495 0.37640247 0.37586006 0.37531771 0.37477542 0.37423321
 0.37369106 0.37314897 0.37260696 0.37206501 0.37152313 0.37098131
 0.37043957 0.3698979  0.36935629 0.36881476 0.36827329 0.3677319
 0.36719058 0.36664932 0.36610814 0.36556704 0.365026   0.36448504
 0.36394415 0.36340334 0.36286259 0.36232193 0.36178134 0.36124082
 0.36070038 0.36016002 0.35961973 0.35907952 0.35853939 0.35799933
 0.35745935 0.35691946 0.35637964 0.3558399  0.35530024 0.35476066
 0.35422116 0.35368175 0.35314242 0.35260316 0.352064   0.35152491
 0.35098591 0.35044699 0.34990816 0.34936941 0.34883075 0.34829218
 0.34775369 0.34721529 0.34667698 0.34613875 0.34560062 0.34506257
 0.34452461 0.34398675 0.34344897 0.34291129 0.3423737  0.3418362
 0.34129879 0.34076148 0.34022426 0.33968714 0.33915011 0.33861318
 0.33807634 0.33753961 0.33700296 0.33646642 0.33592998 0.33539363
 0.33485739 0.33432125 0.3337852  0.33324926 0.33271343 0.33217769
 0.33164206 0.33110654 0.33057111 0.3300358  0.32950059 0.32896549
 0.32843049 0.32789561 0.32736083 0.32682617 0.32629161 0.32575716
 0.32522283 0.32468861 0.3241545  0.32362051 0.32308663 0.32255287
 0.32201922 0.32148569 0.32095228 0.32041899 0.31988581 0.31935276
 0.31881983 0.31828702 0.31775433 0.31722176 0.31668932 0.316157
 0.31562481 0.31509275 0.31456081 0.314029   0.31349732 0.31296577
 0.31243436 0.31190307 0.31137191 0.31084089 0.31031001 0.30977926
 0.30924864 0.30871816 0.30818782 0.30765762 0.30712756 0.30659764
 0.30606786 0.30553823 0.30500874 0.30447939 0.30395019 0.30342113
 0.30289223 0.30236347 0.30183487 0.30130641 0.30077811 0.30024996
 0.29972196 0.29919412 0.29866644 0.29813891 0.29761154 0.29708433
 0.29655729 0.2960304  0.29550368 0.29497712 0.29445073 0.29392451
 0.29339845 0.29287257 0.29234685 0.29182131 0.29129594 0.29077074
 0.29024572 0.28972088 0.28919622 0.28867173 0.28814743 0.2876233
 0.28709937 0.28657561 0.28605205 0.28552867 0.28500548 0.28448249
 0.28395968 0.28343707 0.28291465 0.28239243 0.28187041 0.28134859
 0.28082697 0.28030556 0.27978434 0.27926334 0.27874254 0.27822195
 0.27770157 0.27718141 0.27666146 0.27614172 0.27562221 0.27510291
 0.27458384 0.27406498 0.27354636 0.27302796 0.27250978 0.27199184
 0.27147413 0.27095666 0.27043942 0.26992242 0.26940566 0.26888914
 0.26837287 0.26785684 0.26734106 0.26682553 0.26631025 0.26579523
 0.26528046 0.26476595 0.26425171 0.26373772 0.263224   0.26271055
 0.26219737 0.26168446 0.26117183 0.26065947 0.2601474  0.2596356
 0.25912409 0.25861286 0.25810193 0.25759128 0.25708094 0.25657088
 0.25606113 0.25555168 0.25504254 0.2545337  0.25402517 0.25351696
 0.25300906 0.25250148 0.25199422 0.25148729 0.25098069 0.25047441
 0.24996847 0.24946287 0.24895761 0.24845269 0.24794812 0.24744389
 0.24694002 0.24643651 0.24593335 0.24543056 0.24492814 0.24442608
 0.2439244  0.2434231  0.24292217 0.24242163 0.24192148 0.24142172
 0.24092236 0.24042339 0.23992483 0.23942668 0.23892894 0.23843161
 0.2379347  0.23743822 0.23694216 0.23644654 0.23595135 0.23545661
 0.23496231 0.23446846 0.23397507 0.23348213 0.23298966 0.23249766
 0.23200613 0.23151508 0.23102451 0.23053443 0.23004485 0.22955576
 0.22906718 0.22857911 0.22809156 0.22760452 0.22711801 0.22663203
 0.22614659 0.2256617  0.22517735 0.22469356 0.22421033 0.22372767
 0.22324558 0.22276407 0.22228314 0.22180281 0.22132308 0.22084396
 0.22036545 0.21988756 0.2194103  0.21893367 0.21845769 0.21798235
 0.21750767 0.21703366 0.21656031 0.21608765 0.21561567 0.2151444
 0.21467382 0.21420396 0.21373482 0.2132664  0.21279873 0.21233181
 0.21186564 0.21140023 0.2109356  0.21047176 0.21000871 0.20954647
 0.20908503 0.20862443 0.20816465 0.20770573 0.20724765 0.20679045
 0.20633412 0.20587868 0.20542414 0.20497052 0.20451781 0.20406605
 0.20361523 0.20316537 0.20271649 0.20226859 0.20182169 0.2013758
 0.20093094 0.20048712 0.20004436 0.19960266 0.19916204 0.19872253
 0.19828413 0.19784685 0.19741073 0.19697576 0.19654197 0.19610937
 0.19567799 0.19524783 0.19481892 0.19439127 0.19396491 0.19353985
 0.1931161  0.1926937  0.19227266 0.19185299 0.19143473 0.19101789
 0.19060249 0.19018855 0.18977611 0.18936517 0.18895577 0.18854793
 0.18814166 0.18773701 0.18733399 0.18693262 0.18653294 0.18613498
 0.18573875 0.18534429 0.18495163 0.18456079 0.18417181 0.18378472
 0.18339955 0.18301633 0.1826351  0.18225588 0.18187872 0.18150364
 0.18113069 0.18075991 0.18039132 0.18002497 0.1796609  0.17929916
 0.17893977 0.17858279 0.17822826 0.17787622 0.17752672 0.17717981
 0.17683554 0.17649395 0.1761551  0.17581904 0.17548582 0.1751555
 0.17482814 0.17450379 0.17418251 0.17386437 0.17354943 0.17323775
 0.1729294  0.17262446 0.17232298 0.17202504 0.17173072 0.17144009
 0.17115323 0.17087023 0.17059117 0.17031614 0.17004521 0.16977849
 0.16951608 0.16925806 0.16900453 0.16875561 0.1685114  0.16827201
 0.16803756 0.16780815 0.16758392 0.16736499 0.16715148 0.16694355
 0.16674131 0.16654493 0.16635454 0.1661703  0.16599237 0.16582092
 0.16565612 0.16549815 0.16534719 0.16520343 0.16506707 0.16493833
 0.16481741 0.16470454 0.16459994 0.16450387 0.16441658 0.16433832
 0.16426937 0.16421001 0.16416055 0.16412128 0.16409254 0.16407465
 0.16406799 0.1640729  0.16408978 0.16411904 0.16416109 0.16421638
 0.16428538 0.16436857 0.16446646 0.16457961 0.16470856 0.16485393
 0.16501634 0.16519645 0.16539496 0.16561261 0.16585018 0.1661085
 0.16638844 0.16669092 0.16701693 0.16736752 0.16774379 0.16814692
 0.16857817 0.16903887 0.16953048 0.1700545 ]
t =  [1.03606293e+09 1.03606294e+09 1.03606294e+09 1.03606295e+09
 1.03606296e+09 1.03606296e+09 1.03606297e+09 1.03606298e+09
 1.03606298e+09 1.03606299e+09 1.03606300e+09 1.03606300e+09
 1.03606301e+09 1.03606302e+09 1.03606302e+09 1.03606303e+09
 1.03606303e+09 1.03606304e+09 1.03606305e+09 1.03606305e+09
 1.03606306e+09 1.03606307e+09 1.03606307e+09 1.03606308e+09
 1.03606309e+09 1.03606309e+09 1.03606310e+09 1.03606311e+09
 1.03606311e+09 1.03606312e+09 1.03606313e+09 1.03606313e+09
 1.03606314e+09 1.03606314e+09 1.03606315e+09 1.03606316e+09
 1.03606316e+09 1.03606317e+09 1.03606318e+09 1.03606318e+09
 1.03606319e+09 1.03606320e+09 1.03606320e+09 1.03606321e+09
 1.03606322e+09 1.03606322e+09 1.03606323e+09 1.03606324e+09
 1.03606324e+09 1.03606325e+09 1.03606325e+09 1.03606326e+09
 1.03606327e+09 1.03606327e+09 1.03606328e+09 1.03606329e+09
 1.03606329e+09 1.03606330e+09 1.03606331e+09 1.03606331e+09
 1.03606332e+09 1.03606333e+09 1.03606333e+09 1.03606334e+09
 1.03606335e+09 1.03606335e+09 1.03606336e+09 1.03606336e+09
 1.03606337e+09 1.03606338e+09 1.03606338e+09 1.03606339e+09
 1.03606340e+09 1.03606340e+09 1.03606341e+09 1.03606342e+09
 1.03606342e+09 1.03606343e+09 1.03606344e+09 1.03606344e+09
 1.03606345e+09 1.03606346e+09 1.03606346e+09 1.03606347e+09
 1.03606347e+09 1.03606348e+09 1.03606349e+09 1.03606349e+09
 1.03606350e+09 1.03606351e+09 1.03606351e+09 1.03606352e+09
 1.03606353e+09 1.03606353e+09 1.03606354e+09 1.03606355e+09
 1.03606355e+09 1.03606356e+09 1.03606357e+09 1.03606357e+09
 1.03606358e+09 1.03606358e+09 1.03606359e+09 1.03606360e+09
 1.03606360e+09 1.03606361e+09 1.03606362e+09 1.03606362e+09
 1.03606363e+09 1.03606364e+09 1.03606364e+09 1.03606365e+09
 1.03606366e+09 1.03606366e+09 1.03606367e+09 1.03606368e+09
 1.03606368e+09 1.03606369e+09 1.03606369e+09 1.03606370e+09
 1.03606371e+09 1.03606371e+09 1.03606372e+09 1.03606373e+09
 1.03606373e+09 1.03606374e+09 1.03606375e+09 1.03606375e+09
 1.03606376e+09 1.03606377e+09 1.03606377e+09 1.03606378e+09
 1.03606379e+09 1.03606379e+09 1.03606380e+09 1.03606380e+09
 1.03606381e+09 1.03606382e+09 1.03606382e+09 1.03606383e+09
 1.03606384e+09 1.03606384e+09 1.03606385e+09 1.03606386e+09
 1.03606386e+09 1.03606387e+09 1.03606388e+09 1.03606388e+09
 1.03606389e+09 1.03606390e+09 1.03606390e+09 1.03606391e+09
 1.03606391e+09 1.03606392e+09 1.03606393e+09 1.03606393e+09
 1.03606394e+09 1.03606395e+09 1.03606395e+09 1.03606396e+09
 1.03606397e+09 1.03606397e+09 1.03606398e+09 1.03606399e+09
 1.03606399e+09 1.03606400e+09 1.03606401e+09 1.03606401e+09
 1.03606402e+09 1.03606402e+09 1.03606403e+09 1.03606404e+09
 1.03606404e+09 1.03606405e+09 1.03606406e+09 1.03606406e+09
 1.03606407e+09 1.03606408e+09 1.03606408e+09 1.03606409e+09
 1.03606410e+09 1.03606410e+09 1.03606411e+09 1.03606412e+09
 1.03606412e+09 1.03606413e+09 1.03606413e+09 1.03606414e+09
 1.03606415e+09 1.03606415e+09 1.03606416e+09 1.03606417e+09
 1.03606417e+09 1.03606418e+09 1.03606419e+09 1.03606419e+09
 1.03606420e+09 1.03606421e+09 1.03606421e+09 1.03606422e+09
 1.03606423e+09 1.03606423e+09 1.03606424e+09 1.03606424e+09
 1.03606425e+09 1.03606426e+09 1.03606426e+09 1.03606427e+09
 1.03606428e+09 1.03606428e+09 1.03606429e+09 1.03606430e+09
 1.03606430e+09 1.03606431e+09 1.03606432e+09 1.03606432e+09
 1.03606433e+09 1.03606434e+09 1.03606434e+09 1.03606435e+09
 1.03606435e+09 1.03606436e+09 1.03606437e+09 1.03606437e+09
 1.03606438e+09 1.03606439e+09 1.03606439e+09 1.03606440e+09
 1.03606441e+09 1.03606441e+09 1.03606442e+09 1.03606443e+09
 1.03606443e+09 1.03606444e+09 1.03606445e+09 1.03606445e+09
 1.03606446e+09 1.03606446e+09 1.03606447e+09 1.03606448e+09
 1.03606448e+09 1.03606449e+09 1.03606450e+09 1.03606450e+09
 1.03606451e+09 1.03606452e+09 1.03606452e+09 1.03606453e+09
 1.03606454e+09 1.03606454e+09 1.03606455e+09 1.03606456e+09
 1.03606456e+09 1.03606457e+09 1.03606457e+09 1.03606458e+09
 1.03606459e+09 1.03606459e+09 1.03606460e+09 1.03606461e+09
 1.03606461e+09 1.03606462e+09 1.03606463e+09 1.03606463e+09
 1.03606464e+09 1.03606465e+09 1.03606465e+09 1.03606466e+09
 1.03606467e+09 1.03606467e+09 1.03606468e+09 1.03606468e+09
 1.03606469e+09 1.03606470e+09 1.03606470e+09 1.03606471e+09
 1.03606472e+09 1.03606472e+09 1.03606473e+09 1.03606474e+09
 1.03606474e+09 1.03606475e+09 1.03606476e+09 1.03606476e+09
 1.03606477e+09 1.03606478e+09 1.03606478e+09 1.03606479e+09
 1.03606479e+09 1.03606480e+09 1.03606481e+09 1.03606481e+09
 1.03606482e+09 1.03606483e+09 1.03606483e+09 1.03606484e+09
 1.03606485e+09 1.03606485e+09 1.03606486e+09 1.03606487e+09
 1.03606487e+09 1.03606488e+09 1.03606489e+09 1.03606489e+09
 1.03606490e+09 1.03606490e+09 1.03606491e+09 1.03606492e+09
 1.03606492e+09 1.03606493e+09 1.03606494e+09 1.03606494e+09
 1.03606495e+09 1.03606496e+09 1.03606496e+09 1.03606497e+09
 1.03606498e+09 1.03606498e+09 1.03606499e+09 1.03606500e+09
 1.03606500e+09 1.03606501e+09 1.03606501e+09 1.03606502e+09
 1.03606503e+09 1.03606503e+09 1.03606504e+09 1.03606505e+09
 1.03606505e+09 1.03606506e+09 1.03606507e+09 1.03606507e+09
 1.03606508e+09 1.03606509e+09 1.03606509e+09 1.03606510e+09
 1.03606511e+09 1.03606511e+09 1.03606512e+09 1.03606513e+09
 1.03606513e+09 1.03606514e+09 1.03606514e+09 1.03606515e+09
 1.03606516e+09 1.03606516e+09 1.03606517e+09 1.03606518e+09
 1.03606518e+09 1.03606519e+09 1.03606520e+09 1.03606520e+09
 1.03606521e+09 1.03606522e+09 1.03606522e+09 1.03606523e+09
 1.03606524e+09 1.03606524e+09 1.03606525e+09 1.03606525e+09
 1.03606526e+09 1.03606527e+09 1.03606527e+09 1.03606528e+09
 1.03606529e+09 1.03606529e+09 1.03606530e+09 1.03606531e+09
 1.03606531e+09 1.03606532e+09 1.03606533e+09 1.03606533e+09
 1.03606534e+09 1.03606535e+09 1.03606535e+09 1.03606536e+09
 1.03606536e+09 1.03606537e+09 1.03606538e+09 1.03606538e+09
 1.03606539e+09 1.03606540e+09 1.03606540e+09 1.03606541e+09
 1.03606542e+09 1.03606542e+09 1.03606543e+09 1.03606544e+09
 1.03606544e+09 1.03606545e+09 1.03606546e+09 1.03606546e+09
 1.03606547e+09 1.03606547e+09 1.03606548e+09 1.03606549e+09
 1.03606549e+09 1.03606550e+09 1.03606551e+09 1.03606551e+09
 1.03606552e+09 1.03606553e+09 1.03606553e+09 1.03606554e+09
 1.03606555e+09 1.03606555e+09 1.03606556e+09 1.03606557e+09
 1.03606557e+09 1.03606558e+09 1.03606558e+09 1.03606559e+09
 1.03606560e+09 1.03606560e+09 1.03606561e+09 1.03606562e+09
 1.03606562e+09 1.03606563e+09 1.03606564e+09 1.03606564e+09
 1.03606565e+09 1.03606566e+09 1.03606566e+09 1.03606567e+09
 1.03606568e+09 1.03606568e+09 1.03606569e+09 1.03606569e+09
 1.03606570e+09 1.03606571e+09 1.03606571e+09 1.03606572e+09
 1.03606573e+09 1.03606573e+09 1.03606574e+09 1.03606575e+09
 1.03606575e+09 1.03606576e+09 1.03606577e+09 1.03606577e+09
 1.03606578e+09 1.03606579e+09 1.03606579e+09 1.03606580e+09
 1.03606580e+09 1.03606581e+09 1.03606582e+09 1.03606582e+09
 1.03606583e+09 1.03606584e+09 1.03606584e+09 1.03606585e+09
 1.03606586e+09 1.03606586e+09 1.03606587e+09 1.03606588e+09
 1.03606588e+09 1.03606589e+09 1.03606590e+09 1.03606590e+09
 1.03606591e+09 1.03606591e+09 1.03606592e+09 1.03606593e+09
 1.03606593e+09 1.03606594e+09 1.03606595e+09 1.03606595e+09
 1.03606596e+09 1.03606597e+09 1.03606597e+09 1.03606598e+09
 1.03606599e+09 1.03606599e+09 1.03606600e+09 1.03606601e+09
 1.03606601e+09 1.03606602e+09 1.03606602e+09 1.03606603e+09
 1.03606604e+09 1.03606604e+09 1.03606605e+09 1.03606606e+09
 1.03606606e+09 1.03606607e+09 1.03606608e+09 1.03606608e+09
 1.03606609e+09 1.03606610e+09 1.03606610e+09 1.03606611e+09
 1.03606612e+09 1.03606612e+09 1.03606613e+09 1.03606613e+09
 1.03606614e+09 1.03606615e+09 1.03606615e+09 1.03606616e+09
 1.03606617e+09 1.03606617e+09 1.03606618e+09 1.03606619e+09
 1.03606619e+09 1.03606620e+09 1.03606621e+09 1.03606621e+09
 1.03606622e+09 1.03606623e+09 1.03606623e+09 1.03606624e+09
 1.03606624e+09 1.03606625e+09 1.03606626e+09 1.03606626e+09
 1.03606627e+09 1.03606628e+09 1.03606628e+09 1.03606629e+09
 1.03606630e+09 1.03606630e+09 1.03606631e+09 1.03606632e+09
 1.03606632e+09 1.03606633e+09 1.03606634e+09 1.03606634e+09
 1.03606635e+09 1.03606635e+09 1.03606636e+09 1.03606637e+09
 1.03606637e+09 1.03606638e+09 1.03606639e+09 1.03606639e+09
 1.03606640e+09 1.03606641e+09 1.03606641e+09 1.03606642e+09
 1.03606643e+09 1.03606643e+09 1.03606644e+09 1.03606645e+09
 1.03606645e+09 1.03606646e+09 1.03606646e+09 1.03606647e+09
 1.03606648e+09 1.03606648e+09 1.03606649e+09 1.03606650e+09
 1.03606650e+09 1.03606651e+09 1.03606652e+09 1.03606652e+09
 1.03606653e+09 1.03606654e+09 1.03606654e+09 1.03606655e+09
 1.03606656e+09 1.03606656e+09 1.03606657e+09 1.03606657e+09
 1.03606658e+09 1.03606659e+09 1.03606659e+09 1.03606660e+09
 1.03606661e+09 1.03606661e+09 1.03606662e+09 1.03606663e+09
 1.03606663e+09 1.03606664e+09 1.03606665e+09 1.03606665e+09
 1.03606666e+09 1.03606667e+09 1.03606667e+09 1.03606668e+09
 1.03606668e+09 1.03606669e+09 1.03606670e+09 1.03606670e+09
 1.03606671e+09 1.03606672e+09 1.03606672e+09 1.03606673e+09
 1.03606674e+09 1.03606674e+09 1.03606675e+09 1.03606676e+09
 1.03606676e+09 1.03606677e+09 1.03606678e+09 1.03606678e+09
 1.03606679e+09 1.03606679e+09 1.03606680e+09 1.03606681e+09
 1.03606681e+09 1.03606682e+09 1.03606683e+09 1.03606683e+09
 1.03606684e+09 1.03606685e+09 1.03606685e+09 1.03606686e+09
 1.03606687e+09 1.03606687e+09 1.03606688e+09 1.03606689e+09
 1.03606689e+09 1.03606690e+09 1.03606690e+09 1.03606691e+09
 1.03606692e+09 1.03606692e+09 1.03606693e+09 1.03606694e+09
 1.03606694e+09 1.03606695e+09 1.03606696e+09 1.03606696e+09
 1.03606697e+09 1.03606698e+09 1.03606698e+09 1.03606699e+09
 1.03606700e+09 1.03606700e+09 1.03606701e+09 1.03606701e+09
 1.03606702e+09 1.03606703e+09 1.03606703e+09 1.03606704e+09
 1.03606705e+09 1.03606705e+09 1.03606706e+09 1.03606707e+09
 1.03606707e+09 1.03606708e+09 1.03606709e+09 1.03606709e+09
 1.03606710e+09 1.03606711e+09 1.03606711e+09 1.03606712e+09
 1.03606712e+09 1.03606713e+09 1.03606714e+09 1.03606714e+09
 1.03606715e+09 1.03606716e+09 1.03606716e+09 1.03606717e+09
 1.03606718e+09 1.03606718e+09 1.03606719e+09 1.03606720e+09
 1.03606720e+09 1.03606721e+09 1.03606722e+09 1.03606722e+09
 1.03606723e+09 1.03606723e+09 1.03606724e+09 1.03606725e+09
 1.03606725e+09 1.03606726e+09 1.03606727e+09 1.03606727e+09
 1.03606728e+09 1.03606729e+09 1.03606729e+09 1.03606730e+09
 1.03606731e+09 1.03606731e+09 1.03606732e+09 1.03606733e+09
 1.03606733e+09 1.03606734e+09 1.03606734e+09 1.03606735e+09
 1.03606736e+09 1.03606736e+09 1.03606737e+09 1.03606738e+09
 1.03606738e+09 1.03606739e+09 1.03606740e+09 1.03606740e+09
 1.03606741e+09 1.03606742e+09 1.03606742e+09 1.03606743e+09
 1.03606744e+09 1.03606744e+09 1.03606745e+09 1.03606745e+09
 1.03606746e+09 1.03606747e+09 1.03606747e+09 1.03606748e+09
 1.03606749e+09 1.03606749e+09 1.03606750e+09 1.03606751e+09
 1.03606751e+09 1.03606752e+09 1.03606753e+09 1.03606753e+09
 1.03606754e+09 1.03606755e+09 1.03606755e+09 1.03606756e+09
 1.03606756e+09 1.03606757e+09 1.03606758e+09 1.03606758e+09
 1.03606759e+09 1.03606760e+09 1.03606760e+09 1.03606761e+09
 1.03606762e+09 1.03606762e+09 1.03606763e+09 1.03606764e+09
 1.03606764e+09 1.03606765e+09 1.03606766e+09 1.03606766e+09
 1.03606767e+09 1.03606767e+09 1.03606768e+09 1.03606769e+09
 1.03606769e+09 1.03606770e+09 1.03606771e+09 1.03606771e+09
 1.03606772e+09 1.03606773e+09 1.03606773e+09 1.03606774e+09
 1.03606775e+09 1.03606775e+09 1.03606776e+09 1.03606777e+09
 1.03606777e+09 1.03606778e+09 1.03606778e+09 1.03606779e+09
 1.03606780e+09 1.03606780e+09 1.03606781e+09 1.03606782e+09
 1.03606782e+09 1.03606783e+09 1.03606784e+09 1.03606784e+09
 1.03606785e+09 1.03606786e+09 1.03606786e+09 1.03606787e+09
 1.03606788e+09 1.03606788e+09 1.03606789e+09 1.03606789e+09
 1.03606790e+09 1.03606791e+09 1.03606791e+09 1.03606792e+09
 1.03606793e+09 1.03606793e+09 1.03606794e+09 1.03606795e+09
 1.03606795e+09 1.03606796e+09 1.03606797e+09 1.03606797e+09
 1.03606798e+09 1.03606799e+09 1.03606799e+09 1.03606800e+09
 1.03606800e+09 1.03606801e+09 1.03606802e+09 1.03606802e+09
 1.03606803e+09 1.03606804e+09 1.03606804e+09 1.03606805e+09
 1.03606806e+09 1.03606806e+09 1.03606807e+09 1.03606808e+09
 1.03606808e+09 1.03606809e+09 1.03606810e+09 1.03606810e+09
 1.03606811e+09 1.03606811e+09 1.03606812e+09 1.03606813e+09
 1.03606813e+09 1.03606814e+09 1.03606815e+09 1.03606815e+09
 1.03606816e+09 1.03606817e+09 1.03606817e+09 1.03606818e+09
 1.03606819e+09 1.03606819e+09 1.03606820e+09 1.03606821e+09
 1.03606821e+09 1.03606822e+09 1.03606822e+09 1.03606823e+09
 1.03606824e+09 1.03606824e+09 1.03606825e+09 1.03606826e+09
 1.03606826e+09 1.03606827e+09 1.03606828e+09 1.03606828e+09
 1.03606829e+09 1.03606830e+09 1.03606830e+09 1.03606831e+09
 1.03606832e+09 1.03606832e+09 1.03606833e+09 1.03606833e+09
 1.03606834e+09 1.03606835e+09 1.03606835e+09 1.03606836e+09
 1.03606837e+09 1.03606837e+09 1.03606838e+09 1.03606839e+09
 1.03606839e+09 1.03606840e+09 1.03606841e+09 1.03606841e+09
 1.03606842e+09 1.03606843e+09 1.03606843e+09 1.03606844e+09
 1.03606844e+09 1.03606845e+09 1.03606846e+09 1.03606846e+09
 1.03606847e+09 1.03606848e+09 1.03606848e+09 1.03606849e+09
 1.03606850e+09 1.03606850e+09 1.03606851e+09 1.03606852e+09
 1.03606852e+09 1.03606853e+09 1.03606854e+09 1.03606854e+09
 1.03606855e+09 1.03606855e+09 1.03606856e+09 1.03606857e+09
 1.03606857e+09 1.03606858e+09 1.03606859e+09 1.03606859e+09
 1.03606860e+09 1.03606861e+09 1.03606861e+09 1.03606862e+09
 1.03606863e+09 1.03606863e+09 1.03606864e+09 1.03606865e+09
 1.03606865e+09 1.03606866e+09 1.03606866e+09 1.03606867e+09
 1.03606868e+09 1.03606868e+09 1.03606869e+09 1.03606870e+09
 1.03606870e+09 1.03606871e+09 1.03606872e+09 1.03606872e+09
 1.03606873e+09 1.03606874e+09 1.03606874e+09 1.03606875e+09
 1.03606876e+09 1.03606876e+09 1.03606877e+09 1.03606877e+09
 1.03606878e+09 1.03606879e+09 1.03606879e+09 1.03606880e+09
 1.03606881e+09 1.03606881e+09 1.03606882e+09 1.03606883e+09
 1.03606883e+09 1.03606884e+09 1.03606885e+09 1.03606885e+09
 1.03606886e+09 1.03606887e+09 1.03606887e+09 1.03606888e+09
 1.03606888e+09 1.03606889e+09 1.03606890e+09 1.03606890e+09
 1.03606891e+09 1.03606892e+09 1.03606892e+09 1.03606893e+09
 1.03606894e+09 1.03606894e+09 1.03606895e+09 1.03606896e+09
 1.03606896e+09 1.03606897e+09 1.03606898e+09 1.03606898e+09
 1.03606899e+09 1.03606899e+09 1.03606900e+09 1.03606901e+09
 1.03606901e+09 1.03606902e+09 1.03606903e+09 1.03606903e+09
 1.03606904e+09 1.03606905e+09 1.03606905e+09 1.03606906e+09
 1.03606907e+09 1.03606907e+09 1.03606908e+09 1.03606909e+09
 1.03606909e+09 1.03606910e+09 1.03606910e+09 1.03606911e+09
 1.03606912e+09 1.03606912e+09 1.03606913e+09 1.03606914e+09
 1.03606914e+09 1.03606915e+09 1.03606916e+09 1.03606916e+09
 1.03606917e+09 1.03606918e+09 1.03606918e+09 1.03606919e+09
 1.03606920e+09 1.03606920e+09 1.03606921e+09 1.03606921e+09
 1.03606922e+09 1.03606923e+09 1.03606923e+09 1.03606924e+09
 1.03606925e+09 1.03606925e+09 1.03606926e+09 1.03606927e+09
 1.03606927e+09 1.03606928e+09 1.03606929e+09 1.03606929e+09
 1.03606930e+09 1.03606931e+09 1.03606931e+09 1.03606932e+09
 1.03606932e+09 1.03606933e+09 1.03606934e+09 1.03606934e+09
 1.03606935e+09 1.03606936e+09 1.03606936e+09 1.03606937e+09
 1.03606938e+09 1.03606938e+09 1.03606939e+09 1.03606940e+09]
minRes = 0.1640679859662666
minResTime =  [1.03606922e+09]
