name =JUICE_ROI_CAL_3_0_01
flyby =  ['2032 AUG 14 10:09:17', '2032 AUG 15 10:09:17']
Observation TW =  <SpiceCell dtype = 1, length = 0, size = 2600, card = 6, is_set = 1, adjust = 0, init = 1, base = 2554798009520, data = 2554798009568>
Res(t) =  [6.33107819 6.33005879 6.32903935 6.32801985 6.32700031 6.32598073
 6.32496109 6.32394141 6.32292167 6.32190189 6.32088207 6.31986219
 6.31884227 6.3178223  6.31680228 6.31578221 6.3147621  6.31374194
 6.31272173 6.31170147 6.31068116 6.30966081 6.3086404  6.30761995
 6.30659946 6.30557891 6.30455832 6.30353767 6.30251698 6.30149625
 6.30047546 6.29945462 6.29843374 6.29741281 6.29639183 6.29537081
 6.29434973 6.29332861 6.29230744 6.29128622 6.29026495 6.28924364
 6.28822227 6.28720086 6.2861794  6.28515789 6.28413633 6.28311473
 6.28209308 6.28107137 6.28004962 6.27902783 6.27800598 6.27698409
 6.27596214 6.27494015 6.27391811 6.27289602 6.27187389 6.2708517
 6.26982947 6.26880719 6.26778486 6.26676248 6.26574005 6.26471758
 6.26369505 6.26267248 6.26164986 6.26062719 6.25960447 6.25858171
 6.25755889 6.25653603 6.25551312 6.25449016 6.25346715 6.25244409
 6.25142098 6.25039783 6.24937462 6.24835137 6.24732807 6.24630472
 6.24528132 6.24425788 6.24323438 6.24221084 6.24118724 6.2401636
 6.23913991 6.23811617 6.23709238 6.23606855 6.23504466 6.23402073
 6.23299674 6.23197271 6.23094863 6.2299245  6.22890032 6.2278761
 6.22685182 6.2258275  6.22480312 6.2237787  6.22275423 6.22172971
 6.22070514 6.21968052 6.21865585 6.21763113 6.21660637 6.21558155
 6.21455669 6.21353178 6.21250682 6.2114818  6.21045674 6.20943164
 6.20840648 6.20738127 6.20635601 6.20533071 6.20430535 6.20327995
 6.2022545  6.201229   6.20020345 6.19917785 6.1981522  6.1971265
 6.19610075 6.19507495 6.19404911 6.19302321 6.19199727 6.19097127
 6.18994523 6.18891914 6.18789299 6.1868668  6.18584056 6.18481427
 6.18378793 6.18276154 6.1817351  6.18070862 6.17968208 6.17865549
 6.17762886 6.17660217 6.17557544 6.17454865 6.17352182 6.17249494
 6.171468   6.17044102 6.16941399 6.16838691 6.16735978 6.1663326
 6.16530537 6.16427809 6.16325076 6.16222338 6.16119595 6.16016848
 6.15914095 6.15811337 6.15708574 6.15605807 6.15503034 6.15400257
 6.15297474 6.15194686 6.15091894 6.14989097 6.14886294 6.14783487
 6.14680674 6.14577857 6.14475034 6.14372207 6.14269375 6.14166538
 6.14063695 6.13960848 6.13857996 6.13755138 6.13652276 6.13549409
 6.13446537 6.1334366  6.13240777 6.1313789  6.13034998 6.12932101
 6.12829199 6.12726291 6.12623379 6.12520462 6.1241754  6.12314613
 6.1221168  6.12108743 6.12005801 6.11902854 6.11799901 6.11696944
 6.11593982 6.11491015 6.11388042 6.11285065 6.11182083 6.11079095
 6.10976103 6.10873106 6.10770103 6.10667096 6.10564083 6.10461066
 6.10358043 6.10255016 6.10151983 6.10048946 6.09945903 6.09842856
 6.09739803 6.09636745 6.09533682 6.09430615 6.09327542 6.09224464
 6.09121381 6.09018293 6.089152   6.08812102 6.08708999 6.08605891
 6.08502778 6.0839966  6.08296536 6.08193408 6.08090275 6.07987136
 6.07883993 6.07780844 6.07677691 6.07574532 6.07471368 6.073682
 6.07265026 6.07161847 6.07058663 6.06955474 6.0685228  6.06749081
 6.06645877 6.06542667 6.06439453 6.06336234 6.06233009 6.0612978
 6.06026545 6.05923305 6.05820061 6.05716811 6.05613556 6.05510296
 6.05407031 6.0530376  6.05200485 6.05097205 6.04993919 6.04890629
 6.04787333 6.04684033 6.04580727 6.04477416 6.043741   6.04270779
 6.04167453 6.04064121 6.03960785 6.03857444 6.03754097 6.03650745
 6.03547389 6.03444027 6.0334066  6.03237288 6.03133911 6.03030528
 6.02927141 6.02823748 6.02720351 6.02616948 6.0251354  6.02410127
 6.02306709 6.02203286 6.02099858 6.01996424 6.01892986 6.01789542
 6.01686093 6.01582639 6.0147918  6.01375716 6.01272247 6.01168772
 6.01065293 6.00961808 6.00858318 6.00754823 6.00651323 6.00547818
 6.00444308 6.00340792 6.00237272 6.00133746 6.00030215 5.99926679
 5.99823138 5.99719591 5.9961604  5.99512483 5.99408921 5.99305354
 5.99201782 5.99098205 5.98994623 5.98891035 5.98787442 5.98683844
 5.98580241 5.98476633 5.9837302  5.98269401 5.98165778 5.98062149
 5.97958515 5.97854876 5.97751231 5.97647582 5.97543927 5.97440267
 5.97336602 5.97232932 5.97129257 5.97025576 5.96921891 5.968182
 5.96714504 5.96610802 5.96507096 5.96403384 5.96299667 5.96195946
 5.96092218 5.95988486 5.95884748 5.95781006 5.95677258 5.95573505
 5.95469746 5.95365983 5.95262214 5.9515844  5.95054661 5.94950877
 5.94847087 5.94743293 5.94639493 5.94535688 5.94431878 5.94328062
 5.94224241 5.94120415 5.94016584 5.93912748 5.93808906 5.9370506
 5.93601208 5.93497351 5.93393488 5.93289621 5.93185748 5.9308187
 5.92977986 5.92874098 5.92770204 5.92666305 5.92562401 5.92458492
 5.92354577 5.92250657 5.92146732 5.92042802 5.91938866 5.91834926
 5.9173098  5.91627028 5.91523072 5.9141911  5.91315143 5.91211171
 5.91107193 5.91003211 5.90899223 5.9079523  5.90691231 5.90587228
 5.90483219 5.90379205 5.90275185 5.90171161 5.90067131 5.89963095
 5.89859055 5.89755009 5.89650958 5.89546902 5.89442841 5.89338774
 5.89234702 5.89130625 5.89026542 5.88922455 5.88818361 5.88714263
 5.8861016  5.88506051 5.88401937 5.88297817 5.88193693 5.88089563
 5.87985427 5.87881287 5.87777141 5.8767299  5.87568834 5.87464672
 5.87360505 5.87256333 5.87152156 5.87047973 5.86943785 5.86839592
 5.86735393 5.86631189 5.8652698  5.86422765 5.86318546 5.8621432
 5.8611009  5.86005854 5.85901613 5.85797367 5.85693116 5.85588859
 5.85484596 5.85380329 5.85276056 5.85171778 5.85067495 5.84963206
 5.84858912 5.84754613 5.84650308 5.84545998 5.84441683 5.84337362
 5.84233036 5.84128705 5.84024368 5.83920026 5.83815679 5.83711327
 5.83606969 5.83502606 5.83398237 5.83293863 5.83189484 5.830851
 5.8298071  5.82876315 5.82771914 5.82667508 5.82563097 5.82458681
 5.82354259 5.82249832 5.82145399 5.82040961 5.81936518 5.8183207
 5.81727616 5.81623156 5.81518692 5.81414222 5.81309747 5.81205266
 5.8110078  5.80996289 5.80891792 5.8078729  5.80682783 5.8057827
 5.80473752 5.80369228 5.80264699 5.80160165 5.80055626 5.79951081
 5.7984653  5.79741975 5.79637414 5.79532847 5.79428275 5.79323698
 5.79219116 5.79114528 5.79009935 5.78905336 5.78800732 5.78696122
 5.78591508 5.78486887 5.78382262 5.78277631 5.78172995 5.78068353
 5.77963706 5.77859053 5.77754396 5.77649732 5.77545064 5.7744039
 5.7733571  5.77231025 5.77126335 5.77021639 5.76916938 5.76812232
 5.7670752  5.76602803 5.7649808  5.76393352 5.76288619 5.7618388
 5.76079136 5.75974386 5.75869631 5.75764871 5.75660105 5.75555333
 5.75450557 5.75345774 5.75240987 5.75136194 5.75031396 5.74926592
 5.74821783 5.74716968 5.74612148 5.74507322 5.74402491 5.74297655
 5.74192813 5.74087966 5.73983113 5.73878255 5.73773392 5.73668523
 5.73563648 5.73458769 5.73353883 5.73248993 5.73144097 5.73039195
 5.72934288 5.72829376 5.72724458 5.72619534 5.72514605 5.72409671
 5.72304732 5.72199786 5.72094836 5.7198988  5.71884918 5.71779951
 5.71674979 5.71570001 5.71465018 5.71360029 5.71255035 5.71150035
 5.7104503  5.70940019 5.70835003 5.70729982 5.70624955 5.70519922
 5.70414884 5.70309841 5.70204792 5.70099737 5.69994678 5.69889612
 5.69784541 5.69679465 5.69574383 5.69469296 5.69364203 5.69259105
 5.69154002 5.69048892 5.68943778 5.68838658 5.68733532 5.68628401
 5.68523264 5.68418122 5.68312975 5.68207821 5.68102663 5.67997499
 5.67892329 5.67787154 5.67681974 5.67576788 5.67471596 5.67366399
 5.67261196 5.67155988 5.67050775 5.66945556 5.66840331 5.66735101
 5.66629865 5.66524624 5.66419378 5.66314125 5.66208868 5.66103605
 5.65998336 5.65893062 5.65787782 5.65682497 5.65577206 5.65471909
 5.65366608 5.652613   5.65155987 5.65050669 5.64945345 5.64840016
 5.64734681 5.6462934  5.64523994 5.64418642 5.64313285 5.64207923
 5.64102554 5.63997181 5.63891801 5.63786417 5.63681026 5.6357563
 5.63470229 5.63364822 5.63259409 5.63153991 5.63048568 5.62943138
 5.62837704 5.62732263 5.62626817 5.62521366 5.62415909 5.62310447
 5.62204978 5.62099505 5.61994026 5.61888541 5.61783051 5.61677555
 5.61572053 5.61466546 5.61361034 5.61255516 5.61149992 5.61044463
 5.60938928 5.60833387 5.60727841 5.6062229  5.60516732 5.6041117
 5.60305601 5.60200028 5.60094448 5.59988863 5.59883272 5.59777676
 5.59672074 5.59566467 5.59460854 5.59355235 5.59249611 5.59143982
 5.59038346 5.58932705 5.58827059 5.58721407 5.58615749 5.58510086
 5.58404417 5.58298742 5.58193062 5.58087376 5.57981685 5.57875988
 5.57770286 5.57664578 5.57558864 5.57453144 5.5734742  5.57241689
 5.57135953 5.57030211 5.56924464 5.56818711 5.56712952 5.56607188
 5.56501418 5.56395642 5.56289861 5.56184074 5.56078282 5.55972484
 5.55866681 5.55760871 5.55655056 5.55549236 5.5544341  5.55337578
 5.55231741 5.55125898 5.55020049 5.54914195 5.54808335 5.54702469
 5.54596598 5.54490721 5.54384839 5.54278951 5.54173057 5.54067158
 5.53961253 5.53855342 5.53749426 5.53643504 5.53537576 5.53431643
 5.53325704 5.53219759 5.53113809 5.53007853 5.52901891 5.52795924
 5.52689951 5.52583973 5.52477989 5.52371999 5.52266003 5.52160002
 5.52053995 5.51947983 5.51841965 5.51735941 5.51629911 5.51523876
 5.51417835 5.51311789 5.51205736 5.51099679 5.50993615 5.50887546
 5.50781471 5.5067539  5.50569304 5.50463212 5.50357115 5.50251011
 5.50144902 5.50038788 5.49932667 5.49826541 5.49720409 5.49614272
 5.49508129 5.4940198  5.49295825 5.49189665 5.49083499 5.48977328
 5.4887115  5.48764967 5.48658779 5.48552584 5.48446384 5.48340178
 5.48233967 5.4812775  5.48021527 5.47915298 5.47809064 5.47702824
 5.47596578 5.47490327 5.47384069 5.47277806 5.47171538 5.47065264
 5.46958984 5.46852698 5.46746406 5.46640109 5.46533806 5.46427497
 5.46321183 5.46214863 5.46108537 5.46002206 5.45895868 5.45789525
 5.45683177 5.45576822 5.45470462 5.45364096 5.45257724 5.45151347
 5.45044964 5.44938575 5.4483218  5.4472578  5.44619374 5.44512962
 5.44406544 5.44300121 5.44193692 5.44087257 5.43980817 5.4387437
 5.43767918 5.4366146  5.43554997 5.43448528 5.43342052 5.43235572
 5.43129085 5.43022593 5.42916095 5.42809591 5.42703081 5.42596566
 5.42490045 5.42383518 5.42276985 5.42170447 5.42063902 5.41957352
 5.41850797 5.41744235 5.41637668 5.41531095 5.41424516 5.41317931
 5.41211341 5.41104745 5.40998143 5.40891535 5.40784922 5.40678302
 5.40571677 5.40465046 5.4035841  5.40251767 5.40145119 5.40038465
 5.39931805 5.3982514  5.39718469 5.39611791 5.39505108 5.3939842
 5.39291725 5.39185025 5.39078319 5.38971607 5.38864889 5.38758166
 5.38651436 5.38544701 5.3843796  5.38331214 5.38224461 5.38117703
 5.38010939 5.37904169 5.37797393 5.37690611 5.37583824 5.37477031
 5.37370232 5.37263427 5.37156616 5.370498   5.36942978 5.3683615
 5.36729316 5.36622476 5.3651563  5.36408779 5.36301922 5.36195059
 5.3608819  5.35981315 5.35874435 5.35767549 5.35660656 5.35553758
 5.35446855 5.35339945 5.3523303  5.35126108 5.35019181 5.34912248
 5.34805309 5.34698365 5.34591414 5.34484458 5.34377495 5.34270527
 5.34163554 5.34056574 5.33949588 5.33842597 5.337356   5.33628596
 5.33521588 5.33414573 5.33307552 5.33200525 5.33093493 5.32986455
 5.32879411 5.32772361 5.32665305 5.32558243 5.32451176 5.32344102
 5.32237023 5.32129938 5.32022847 5.3191575  5.31808648 5.31701539
 5.31594424 5.31487304 5.31380178 5.31273046 5.31165908 5.31058764
 5.30951614 5.30844459 5.30737297 5.3063013  5.30522957 5.30415778
 5.30308593 5.30201402 5.30094205 5.29987003 5.29879794 5.2977258
 5.2966536  5.29558133 5.29450901 5.29343663 5.2923642  5.2912917
 5.29021914 5.28914653 5.28807385 5.28700112]
t =  [1.02936303e+09 1.02936304e+09 1.02936304e+09 1.02936305e+09
 1.02936306e+09 1.02936307e+09 1.02936308e+09 1.02936309e+09
 1.02936310e+09 1.02936311e+09 1.02936312e+09 1.02936313e+09
 1.02936314e+09 1.02936315e+09 1.02936315e+09 1.02936316e+09
 1.02936317e+09 1.02936318e+09 1.02936319e+09 1.02936320e+09
 1.02936321e+09 1.02936322e+09 1.02936323e+09 1.02936324e+09
 1.02936325e+09 1.02936326e+09 1.02936327e+09 1.02936327e+09
 1.02936328e+09 1.02936329e+09 1.02936330e+09 1.02936331e+09
 1.02936332e+09 1.02936333e+09 1.02936334e+09 1.02936335e+09
 1.02936336e+09 1.02936337e+09 1.02936338e+09 1.02936338e+09
 1.02936339e+09 1.02936340e+09 1.02936341e+09 1.02936342e+09
 1.02936343e+09 1.02936344e+09 1.02936345e+09 1.02936346e+09
 1.02936347e+09 1.02936348e+09 1.02936349e+09 1.02936349e+09
 1.02936350e+09 1.02936351e+09 1.02936352e+09 1.02936353e+09
 1.02936354e+09 1.02936355e+09 1.02936356e+09 1.02936357e+09
 1.02936358e+09 1.02936359e+09 1.02936360e+09 1.02936361e+09
 1.02936361e+09 1.02936362e+09 1.02936363e+09 1.02936364e+09
 1.02936365e+09 1.02936366e+09 1.02936367e+09 1.02936368e+09
 1.02936369e+09 1.02936370e+09 1.02936371e+09 1.02936372e+09
 1.02936372e+09 1.02936373e+09 1.02936374e+09 1.02936375e+09
 1.02936376e+09 1.02936377e+09 1.02936378e+09 1.02936379e+09
 1.02936380e+09 1.02936381e+09 1.02936382e+09 1.02936383e+09
 1.02936383e+09 1.02936384e+09 1.02936385e+09 1.02936386e+09
 1.02936387e+09 1.02936388e+09 1.02936389e+09 1.02936390e+09
 1.02936391e+09 1.02936392e+09 1.02936393e+09 1.02936394e+09
 1.02936395e+09 1.02936395e+09 1.02936396e+09 1.02936397e+09
 1.02936398e+09 1.02936399e+09 1.02936400e+09 1.02936401e+09
 1.02936402e+09 1.02936403e+09 1.02936404e+09 1.02936405e+09
 1.02936406e+09 1.02936406e+09 1.02936407e+09 1.02936408e+09
 1.02936409e+09 1.02936410e+09 1.02936411e+09 1.02936412e+09
 1.02936413e+09 1.02936414e+09 1.02936415e+09 1.02936416e+09
 1.02936417e+09 1.02936417e+09 1.02936418e+09 1.02936419e+09
 1.02936420e+09 1.02936421e+09 1.02936422e+09 1.02936423e+09
 1.02936424e+09 1.02936425e+09 1.02936426e+09 1.02936427e+09
 1.02936428e+09 1.02936429e+09 1.02936429e+09 1.02936430e+09
 1.02936431e+09 1.02936432e+09 1.02936433e+09 1.02936434e+09
 1.02936435e+09 1.02936436e+09 1.02936437e+09 1.02936438e+09
 1.02936439e+09 1.02936440e+09 1.02936440e+09 1.02936441e+09
 1.02936442e+09 1.02936443e+09 1.02936444e+09 1.02936445e+09
 1.02936446e+09 1.02936447e+09 1.02936448e+09 1.02936449e+09
 1.02936450e+09 1.02936451e+09 1.02936451e+09 1.02936452e+09
 1.02936453e+09 1.02936454e+09 1.02936455e+09 1.02936456e+09
 1.02936457e+09 1.02936458e+09 1.02936459e+09 1.02936460e+09
 1.02936461e+09 1.02936462e+09 1.02936463e+09 1.02936463e+09
 1.02936464e+09 1.02936465e+09 1.02936466e+09 1.02936467e+09
 1.02936468e+09 1.02936469e+09 1.02936470e+09 1.02936471e+09
 1.02936472e+09 1.02936473e+09 1.02936474e+09 1.02936474e+09
 1.02936475e+09 1.02936476e+09 1.02936477e+09 1.02936478e+09
 1.02936479e+09 1.02936480e+09 1.02936481e+09 1.02936482e+09
 1.02936483e+09 1.02936484e+09 1.02936485e+09 1.02936485e+09
 1.02936486e+09 1.02936487e+09 1.02936488e+09 1.02936489e+09
 1.02936490e+09 1.02936491e+09 1.02936492e+09 1.02936493e+09
 1.02936494e+09 1.02936495e+09 1.02936496e+09 1.02936497e+09
 1.02936497e+09 1.02936498e+09 1.02936499e+09 1.02936500e+09
 1.02936501e+09 1.02936502e+09 1.02936503e+09 1.02936504e+09
 1.02936505e+09 1.02936506e+09 1.02936507e+09 1.02936508e+09
 1.02936508e+09 1.02936509e+09 1.02936510e+09 1.02936511e+09
 1.02936512e+09 1.02936513e+09 1.02936514e+09 1.02936515e+09
 1.02936516e+09 1.02936517e+09 1.02936518e+09 1.02936519e+09
 1.02936519e+09 1.02936520e+09 1.02936521e+09 1.02936522e+09
 1.02936523e+09 1.02936524e+09 1.02936525e+09 1.02936526e+09
 1.02936527e+09 1.02936528e+09 1.02936529e+09 1.02936530e+09
 1.02936531e+09 1.02936531e+09 1.02936532e+09 1.02936533e+09
 1.02936534e+09 1.02936535e+09 1.02936536e+09 1.02936537e+09
 1.02936538e+09 1.02936539e+09 1.02936540e+09 1.02936541e+09
 1.02936542e+09 1.02936542e+09 1.02936543e+09 1.02936544e+09
 1.02936545e+09 1.02936546e+09 1.02936547e+09 1.02936548e+09
 1.02936549e+09 1.02936550e+09 1.02936551e+09 1.02936552e+09
 1.02936553e+09 1.02936553e+09 1.02936554e+09 1.02936555e+09
 1.02936556e+09 1.02936557e+09 1.02936558e+09 1.02936559e+09
 1.02936560e+09 1.02936561e+09 1.02936562e+09 1.02936563e+09
 1.02936564e+09 1.02936565e+09 1.02936565e+09 1.02936566e+09
 1.02936567e+09 1.02936568e+09 1.02936569e+09 1.02936570e+09
 1.02936571e+09 1.02936572e+09 1.02936573e+09 1.02936574e+09
 1.02936575e+09 1.02936576e+09 1.02936576e+09 1.02936577e+09
 1.02936578e+09 1.02936579e+09 1.02936580e+09 1.02936581e+09
 1.02936582e+09 1.02936583e+09 1.02936584e+09 1.02936585e+09
 1.02936586e+09 1.02936587e+09 1.02936587e+09 1.02936588e+09
 1.02936589e+09 1.02936590e+09 1.02936591e+09 1.02936592e+09
 1.02936593e+09 1.02936594e+09 1.02936595e+09 1.02936596e+09
 1.02936597e+09 1.02936598e+09 1.02936599e+09 1.02936599e+09
 1.02936600e+09 1.02936601e+09 1.02936602e+09 1.02936603e+09
 1.02936604e+09 1.02936605e+09 1.02936606e+09 1.02936607e+09
 1.02936608e+09 1.02936609e+09 1.02936610e+09 1.02936610e+09
 1.02936611e+09 1.02936612e+09 1.02936613e+09 1.02936614e+09
 1.02936615e+09 1.02936616e+09 1.02936617e+09 1.02936618e+09
 1.02936619e+09 1.02936620e+09 1.02936621e+09 1.02936621e+09
 1.02936622e+09 1.02936623e+09 1.02936624e+09 1.02936625e+09
 1.02936626e+09 1.02936627e+09 1.02936628e+09 1.02936629e+09
 1.02936630e+09 1.02936631e+09 1.02936632e+09 1.02936633e+09
 1.02936633e+09 1.02936634e+09 1.02936635e+09 1.02936636e+09
 1.02936637e+09 1.02936638e+09 1.02936639e+09 1.02936640e+09
 1.02936641e+09 1.02936642e+09 1.02936643e+09 1.02936644e+09
 1.02936644e+09 1.02936645e+09 1.02936646e+09 1.02936647e+09
 1.02936648e+09 1.02936649e+09 1.02936650e+09 1.02936651e+09
 1.02936652e+09 1.02936653e+09 1.02936654e+09 1.02936655e+09
 1.02936655e+09 1.02936656e+09 1.02936657e+09 1.02936658e+09
 1.02936659e+09 1.02936660e+09 1.02936661e+09 1.02936662e+09
 1.02936663e+09 1.02936664e+09 1.02936665e+09 1.02936666e+09
 1.02936667e+09 1.02936667e+09 1.02936668e+09 1.02936669e+09
 1.02936670e+09 1.02936671e+09 1.02936672e+09 1.02936673e+09
 1.02936674e+09 1.02936675e+09 1.02936676e+09 1.02936677e+09
 1.02936678e+09 1.02936678e+09 1.02936679e+09 1.02936680e+09
 1.02936681e+09 1.02936682e+09 1.02936683e+09 1.02936684e+09
 1.02936685e+09 1.02936686e+09 1.02936687e+09 1.02936688e+09
 1.02936689e+09 1.02936689e+09 1.02936690e+09 1.02936691e+09
 1.02936692e+09 1.02936693e+09 1.02936694e+09 1.02936695e+09
 1.02936696e+09 1.02936697e+09 1.02936698e+09 1.02936699e+09
 1.02936700e+09 1.02936701e+09 1.02936701e+09 1.02936702e+09
 1.02936703e+09 1.02936704e+09 1.02936705e+09 1.02936706e+09
 1.02936707e+09 1.02936708e+09 1.02936709e+09 1.02936710e+09
 1.02936711e+09 1.02936712e+09 1.02936712e+09 1.02936713e+09
 1.02936714e+09 1.02936715e+09 1.02936716e+09 1.02936717e+09
 1.02936718e+09 1.02936719e+09 1.02936720e+09 1.02936721e+09
 1.02936722e+09 1.02936723e+09 1.02936723e+09 1.02936724e+09
 1.02936725e+09 1.02936726e+09 1.02936727e+09 1.02936728e+09
 1.02936729e+09 1.02936730e+09 1.02936731e+09 1.02936732e+09
 1.02936733e+09 1.02936734e+09 1.02936735e+09 1.02936735e+09
 1.02936736e+09 1.02936737e+09 1.02936738e+09 1.02936739e+09
 1.02936740e+09 1.02936741e+09 1.02936742e+09 1.02936743e+09
 1.02936744e+09 1.02936745e+09 1.02936746e+09 1.02936746e+09
 1.02936747e+09 1.02936748e+09 1.02936749e+09 1.02936750e+09
 1.02936751e+09 1.02936752e+09 1.02936753e+09 1.02936754e+09
 1.02936755e+09 1.02936756e+09 1.02936757e+09 1.02936757e+09
 1.02936758e+09 1.02936759e+09 1.02936760e+09 1.02936761e+09
 1.02936762e+09 1.02936763e+09 1.02936764e+09 1.02936765e+09
 1.02936766e+09 1.02936767e+09 1.02936768e+09 1.02936769e+09
 1.02936769e+09 1.02936770e+09 1.02936771e+09 1.02936772e+09
 1.02936773e+09 1.02936774e+09 1.02936775e+09 1.02936776e+09
 1.02936777e+09 1.02936778e+09 1.02936779e+09 1.02936780e+09
 1.02936780e+09 1.02936781e+09 1.02936782e+09 1.02936783e+09
 1.02936784e+09 1.02936785e+09 1.02936786e+09 1.02936787e+09
 1.02936788e+09 1.02936789e+09 1.02936790e+09 1.02936791e+09
 1.02936791e+09 1.02936792e+09 1.02936793e+09 1.02936794e+09
 1.02936795e+09 1.02936796e+09 1.02936797e+09 1.02936798e+09
 1.02936799e+09 1.02936800e+09 1.02936801e+09 1.02936802e+09
 1.02936803e+09 1.02936803e+09 1.02936804e+09 1.02936805e+09
 1.02936806e+09 1.02936807e+09 1.02936808e+09 1.02936809e+09
 1.02936810e+09 1.02936811e+09 1.02936812e+09 1.02936813e+09
 1.02936814e+09 1.02936814e+09 1.02936815e+09 1.02936816e+09
 1.02936817e+09 1.02936818e+09 1.02936819e+09 1.02936820e+09
 1.02936821e+09 1.02936822e+09 1.02936823e+09 1.02936824e+09
 1.02936825e+09 1.02936825e+09 1.02936826e+09 1.02936827e+09
 1.02936828e+09 1.02936829e+09 1.02936830e+09 1.02936831e+09
 1.02936832e+09 1.02936833e+09 1.02936834e+09 1.02936835e+09
 1.02936836e+09 1.02936837e+09 1.02936837e+09 1.02936838e+09
 1.02936839e+09 1.02936840e+09 1.02936841e+09 1.02936842e+09
 1.02936843e+09 1.02936844e+09 1.02936845e+09 1.02936846e+09
 1.02936847e+09 1.02936848e+09 1.02936848e+09 1.02936849e+09
 1.02936850e+09 1.02936851e+09 1.02936852e+09 1.02936853e+09
 1.02936854e+09 1.02936855e+09 1.02936856e+09 1.02936857e+09
 1.02936858e+09 1.02936859e+09 1.02936859e+09 1.02936860e+09
 1.02936861e+09 1.02936862e+09 1.02936863e+09 1.02936864e+09
 1.02936865e+09 1.02936866e+09 1.02936867e+09 1.02936868e+09
 1.02936869e+09 1.02936870e+09 1.02936871e+09 1.02936871e+09
 1.02936872e+09 1.02936873e+09 1.02936874e+09 1.02936875e+09
 1.02936876e+09 1.02936877e+09 1.02936878e+09 1.02936879e+09
 1.02936880e+09 1.02936881e+09 1.02936882e+09 1.02936882e+09
 1.02936883e+09 1.02936884e+09 1.02936885e+09 1.02936886e+09
 1.02936887e+09 1.02936888e+09 1.02936889e+09 1.02936890e+09
 1.02936891e+09 1.02936892e+09 1.02936893e+09 1.02936893e+09
 1.02936894e+09 1.02936895e+09 1.02936896e+09 1.02936897e+09
 1.02936898e+09 1.02936899e+09 1.02936900e+09 1.02936901e+09
 1.02936902e+09 1.02936903e+09 1.02936904e+09 1.02936905e+09
 1.02936905e+09 1.02936906e+09 1.02936907e+09 1.02936908e+09
 1.02936909e+09 1.02936910e+09 1.02936911e+09 1.02936912e+09
 1.02936913e+09 1.02936914e+09 1.02936915e+09 1.02936916e+09
 1.02936916e+09 1.02936917e+09 1.02936918e+09 1.02936919e+09
 1.02936920e+09 1.02936921e+09 1.02936922e+09 1.02936923e+09
 1.02936924e+09 1.02936925e+09 1.02936926e+09 1.02936927e+09
 1.02936927e+09 1.02936928e+09 1.02936929e+09 1.02936930e+09
 1.02936931e+09 1.02936932e+09 1.02936933e+09 1.02936934e+09
 1.02936935e+09 1.02936936e+09 1.02936937e+09 1.02936938e+09
 1.02936939e+09 1.02936939e+09 1.02936940e+09 1.02936941e+09
 1.02936942e+09 1.02936943e+09 1.02936944e+09 1.02936945e+09
 1.02936946e+09 1.02936947e+09 1.02936948e+09 1.02936949e+09
 1.02936950e+09 1.02936950e+09 1.02936951e+09 1.02936952e+09
 1.02936953e+09 1.02936954e+09 1.02936955e+09 1.02936956e+09
 1.02936957e+09 1.02936958e+09 1.02936959e+09 1.02936960e+09
 1.02936961e+09 1.02936961e+09 1.02936962e+09 1.02936963e+09
 1.02936964e+09 1.02936965e+09 1.02936966e+09 1.02936967e+09
 1.02936968e+09 1.02936969e+09 1.02936970e+09 1.02936971e+09
 1.02936972e+09 1.02936973e+09 1.02936973e+09 1.02936974e+09
 1.02936975e+09 1.02936976e+09 1.02936977e+09 1.02936978e+09
 1.02936979e+09 1.02936980e+09 1.02936981e+09 1.02936982e+09
 1.02936983e+09 1.02936984e+09 1.02936984e+09 1.02936985e+09
 1.02936986e+09 1.02936987e+09 1.02936988e+09 1.02936989e+09
 1.02936990e+09 1.02936991e+09 1.02936992e+09 1.02936993e+09
 1.02936994e+09 1.02936995e+09 1.02936995e+09 1.02936996e+09
 1.02936997e+09 1.02936998e+09 1.02936999e+09 1.02937000e+09
 1.02937001e+09 1.02937002e+09 1.02937003e+09 1.02937004e+09
 1.02937005e+09 1.02937006e+09 1.02937007e+09 1.02937007e+09
 1.02937008e+09 1.02937009e+09 1.02937010e+09 1.02937011e+09
 1.02937012e+09 1.02937013e+09 1.02937014e+09 1.02937015e+09
 1.02937016e+09 1.02937017e+09 1.02937018e+09 1.02937018e+09
 1.02937019e+09 1.02937020e+09 1.02937021e+09 1.02937022e+09
 1.02937023e+09 1.02937024e+09 1.02937025e+09 1.02937026e+09
 1.02937027e+09 1.02937028e+09 1.02937029e+09 1.02937029e+09
 1.02937030e+09 1.02937031e+09 1.02937032e+09 1.02937033e+09
 1.02937034e+09 1.02937035e+09 1.02937036e+09 1.02937037e+09
 1.02937038e+09 1.02937039e+09 1.02937040e+09 1.02937041e+09
 1.02937041e+09 1.02937042e+09 1.02937043e+09 1.02937044e+09
 1.02937045e+09 1.02937046e+09 1.02937047e+09 1.02937048e+09
 1.02937049e+09 1.02937050e+09 1.02937051e+09 1.02937052e+09
 1.02937052e+09 1.02937053e+09 1.02937054e+09 1.02937055e+09
 1.02937056e+09 1.02937057e+09 1.02937058e+09 1.02937059e+09
 1.02937060e+09 1.02937061e+09 1.02937062e+09 1.02937063e+09
 1.02937063e+09 1.02937064e+09 1.02937065e+09 1.02937066e+09
 1.02937067e+09 1.02937068e+09 1.02937069e+09 1.02937070e+09
 1.02937071e+09 1.02937072e+09 1.02937073e+09 1.02937074e+09
 1.02937075e+09 1.02937075e+09 1.02937076e+09 1.02937077e+09
 1.02937078e+09 1.02937079e+09 1.02937080e+09 1.02937081e+09
 1.02937082e+09 1.02937083e+09 1.02937084e+09 1.02937085e+09
 1.02937086e+09 1.02937086e+09 1.02937087e+09 1.02937088e+09
 1.02937089e+09 1.02937090e+09 1.02937091e+09 1.02937092e+09
 1.02937093e+09 1.02937094e+09 1.02937095e+09 1.02937096e+09
 1.02937097e+09 1.02937097e+09 1.02937098e+09 1.02937099e+09
 1.02937100e+09 1.02937101e+09 1.02937102e+09 1.02937103e+09
 1.02937104e+09 1.02937105e+09 1.02937106e+09 1.02937107e+09
 1.02937108e+09 1.02937109e+09 1.02937109e+09 1.02937110e+09
 1.02937111e+09 1.02937112e+09 1.02937113e+09 1.02937114e+09
 1.02937115e+09 1.02937116e+09 1.02937117e+09 1.02937118e+09
 1.02937119e+09 1.02937120e+09 1.02937120e+09 1.02937121e+09
 1.02937122e+09 1.02937123e+09 1.02937124e+09 1.02937125e+09
 1.02937126e+09 1.02937127e+09 1.02937128e+09 1.02937129e+09
 1.02937130e+09 1.02937131e+09 1.02937131e+09 1.02937132e+09
 1.02937133e+09 1.02937134e+09 1.02937135e+09 1.02937136e+09
 1.02937137e+09 1.02937138e+09 1.02937139e+09 1.02937140e+09
 1.02937141e+09 1.02937142e+09 1.02937143e+09 1.02937143e+09
 1.02937144e+09 1.02937145e+09 1.02937146e+09 1.02937147e+09
 1.02937148e+09 1.02937149e+09 1.02937150e+09 1.02937151e+09
 1.02937152e+09 1.02937153e+09 1.02937154e+09 1.02937154e+09
 1.02937155e+09 1.02937156e+09 1.02937157e+09 1.02937158e+09
 1.02937159e+09 1.02937160e+09 1.02937161e+09 1.02937162e+09
 1.02937163e+09 1.02937164e+09 1.02937165e+09 1.02937165e+09
 1.02937166e+09 1.02937167e+09 1.02937168e+09 1.02937169e+09
 1.02937170e+09 1.02937171e+09 1.02937172e+09 1.02937173e+09
 1.02937174e+09 1.02937175e+09 1.02937176e+09 1.02937177e+09
 1.02937177e+09 1.02937178e+09 1.02937179e+09 1.02937180e+09
 1.02937181e+09 1.02937182e+09 1.02937183e+09 1.02937184e+09
 1.02937185e+09 1.02937186e+09 1.02937187e+09 1.02937188e+09
 1.02937188e+09 1.02937189e+09 1.02937190e+09 1.02937191e+09
 1.02937192e+09 1.02937193e+09 1.02937194e+09 1.02937195e+09
 1.02937196e+09 1.02937197e+09 1.02937198e+09 1.02937199e+09
 1.02937199e+09 1.02937200e+09 1.02937201e+09 1.02937202e+09
 1.02937203e+09 1.02937204e+09 1.02937205e+09 1.02937206e+09
 1.02937207e+09 1.02937208e+09 1.02937209e+09 1.02937210e+09
 1.02937211e+09 1.02937211e+09 1.02937212e+09 1.02937213e+09
 1.02937214e+09 1.02937215e+09 1.02937216e+09 1.02937217e+09
 1.02937218e+09 1.02937219e+09 1.02937220e+09 1.02937221e+09]
minRes = 5.287001121056692
minResTime =  [1.02937221e+09]
