name =JUICE_ROI_CAL_5_0_03
flyby =  ['2033 JUL 16 02:11:44', '2033 JUL 17 02:11:44']
Observation TW =  <SpiceCell dtype = 1, length = 0, size = 3200, card = 12, is_set = 1, adjust = 0, init = 1, base = 2554801769136, data = 2554801769184>
Res(t) =  [1.76028054 1.75849348 1.75670647 1.75491951 1.75313261 1.75134575
 1.74955895 1.7477722  1.7459855  1.74419885 1.74241225 1.7406257
 1.73883921 1.73705276 1.73526637 1.73348003 1.73169374 1.7299075
 1.72812131 1.72633518 1.72454909 1.72276306 1.72097708 1.71919115
 1.71740527 1.71561944 1.71383366 1.71204794 1.71026226 1.70847664
 1.70669107 1.70490555 1.70312008 1.70133467 1.6995493  1.69776399
 1.69597872 1.69419351 1.69240835 1.69062325 1.68883819 1.68705318
 1.68526823 1.68348332 1.68169847 1.67991367 1.67812892 1.67634423
 1.67455958 1.67277498 1.67099044 1.66920595 1.66742151 1.66563712
 1.66385278 1.66206849 1.66028426 1.65850007 1.65671594 1.65493186
 1.65314783 1.65136385 1.64957992 1.64779605 1.64601222 1.64422845
 1.64244473 1.64066106 1.63887744 1.63709387 1.63531035 1.63352689
 1.63174348 1.62996011 1.6281768  1.62639354 1.62461033 1.62282718
 1.62104407 1.61926102 1.61747801 1.61569506 1.61391216 1.61212931
 1.61034651 1.60856377 1.60678107 1.60499843 1.60321584 1.60143329
 1.5996508  1.59786837 1.59608598 1.59430364 1.59252136 1.59073912
 1.58895694 1.58717481 1.58539273 1.5836107  1.58182873 1.5800468
 1.57826493 1.5764831  1.57470133 1.57291961 1.57113794 1.56935633
 1.56757476 1.56579324 1.56401178 1.56223037 1.56044901 1.5586677
 1.55688644 1.55510523 1.55332407 1.55154297 1.54976192 1.54798091
 1.54619996 1.54441906 1.54263821 1.54085742 1.53907667 1.53729598
 1.53551533 1.53373474 1.5319542  1.53017371 1.52839327 1.52661288
 1.52483255 1.52305226 1.52127203 1.51949185 1.51771172 1.51593164
 1.51415161 1.51237163 1.5105917  1.50881183 1.50703201 1.50525223
 1.50347251 1.50169284 1.49991322 1.49813366 1.49635414 1.49457467
 1.49279526 1.4910159  1.48923659 1.48745733 1.48567812 1.48389896
 1.48211985 1.4803408  1.47856179 1.47678284 1.47500394 1.47322509
 1.47144629 1.46966754 1.46788884 1.46611019 1.4643316  1.46255305
 1.46077456 1.45899612 1.45721773 1.45543939 1.4536611  1.45188286
 1.45010468 1.44832654 1.44654846 1.44477043 1.44299245 1.44121452
 1.43943664 1.43765881 1.43588103 1.43410331 1.43232563 1.43054801
 1.42877044 1.42699291 1.42521544 1.42343802 1.42166066 1.41988334
 1.41810607 1.41632886 1.41455169 1.41277458 1.41099752 1.40922051
 1.40744355 1.40566664 1.40388978 1.40211298 1.40033622 1.39855952
 1.39678286 1.39500626 1.39322971 1.39145321 1.38967676 1.38790036
 1.38612401 1.38434772 1.38257147 1.38079528 1.37901913 1.37724304
 1.375467   1.37369101 1.37191507 1.37013918 1.36836334 1.36658756
 1.36481182 1.36303614 1.3612605  1.35948492 1.35770939 1.35593391
 1.35415848 1.3523831  1.35060777 1.34883249 1.34705727 1.34528209
 1.34350697 1.34173189 1.33995687 1.3381819  1.33640698 1.33463211
 1.33285729 1.33108252 1.3293078  1.32753314 1.32575852 1.32398396
 1.32220944 1.32043498 1.31866057 1.3168862  1.31511189 1.31333763
 1.31156343 1.30978927 1.30801516 1.3062411  1.3044671  1.30269314
 1.30091924 1.29914538 1.29737158 1.29559783 1.29382413 1.29205048
 1.29027688 1.28850333 1.28672983 1.28495638 1.28318299 1.28140964
 1.27963635 1.2778631  1.27608991 1.27431676 1.27254367 1.27077063
 1.26899764 1.2672247  1.26545181 1.26367897 1.26190618 1.26013344
 1.25836075 1.25658812 1.25481553 1.253043   1.25127051 1.24949808
 1.24772569 1.24595336 1.24418108 1.24240885 1.24063667 1.23886454
 1.23709246 1.23532043 1.23354845 1.23177652 1.23000464 1.22823281
 1.22646104 1.22468931 1.22291764 1.22114601 1.21937444 1.21760291
 1.21583144 1.21406001 1.21228864 1.21051732 1.20874605 1.20697483
 1.20520366 1.20343253 1.20166146 1.19989045 1.19811948 1.19634856
 1.19457769 1.19280687 1.1910361  1.18926539 1.18749472 1.1857241
 1.18395354 1.18218302 1.18041255 1.17864214 1.17687177 1.17510146
 1.1733312  1.17156098 1.16979082 1.16802071 1.16625064 1.16448063
 1.16271067 1.16094075 1.15917089 1.15740108 1.15563132 1.15386161
 1.15209195 1.15032234 1.14855278 1.14678326 1.1450138  1.14324439
 1.14147503 1.13970572 1.13793646 1.13616726 1.1343981  1.13262899
 1.13085993 1.12909092 1.12732196 1.12555305 1.12378419 1.12201538
 1.12024662 1.11847792 1.11670926 1.11494065 1.11317209 1.11140358
 1.10963512 1.10786671 1.10609836 1.10433005 1.10256179 1.10079358
 1.09902542 1.09725731 1.09548925 1.09372125 1.09195329 1.09018538
 1.08841752 1.08664971 1.08488195 1.08311424 1.08134658 1.07957897
 1.07781141 1.0760439  1.07427644 1.07250903 1.07074167 1.06897436
 1.0672071  1.06543988 1.06367272 1.06190561 1.06013855 1.05837154
 1.05660457 1.05483766 1.0530708  1.05130398 1.04953722 1.0477705
 1.04600384 1.04423722 1.04247066 1.04070414 1.03893768 1.03717126
 1.03540489 1.03363857 1.03187231 1.03010609 1.02833992 1.0265738
 1.02480773 1.02304171 1.02127574 1.01950982 1.01774395 1.01597812
 1.01421235 1.01244663 1.01068095 1.00891533 1.00714975 1.00538423
 1.00361875 1.00185332 1.00008795 0.99832262 0.99655734 0.99479211
 0.99302693 0.9912618  0.98949671 0.98773168 0.9859667  0.98420176
 0.98243688 0.98067204 0.97890726 0.97714252 0.97537783 0.97361319
 0.9718486  0.97008406 0.96831957 0.96655513 0.96479074 0.96302639
 0.9612621  0.95949785 0.95773366 0.95596951 0.95420541 0.95244136
 0.95067736 0.94891341 0.9471495  0.94538565 0.94362185 0.94185809
 0.94009438 0.93833073 0.93656712 0.93480356 0.93304005 0.93127658
 0.92951317 0.92774981 0.92598649 0.92422322 0.92246    0.92069684
 0.91893371 0.91717064 0.91540762 0.91364465 0.91188172 0.91011884
 0.90835602 0.90659324 0.90483051 0.90306782 0.90130519 0.8995426
 0.89778007 0.89601758 0.89425514 0.89249275 0.89073041 0.88896812
 0.88720587 0.88544368 0.88368153 0.88191943 0.88015738 0.87839538
 0.87663342 0.87487152 0.87310966 0.87134785 0.86958609 0.86782438
 0.86606272 0.8643011  0.86253953 0.86077801 0.85901654 0.85725512
 0.85549375 0.85373242 0.85197115 0.85020992 0.84844874 0.84668761
 0.84492652 0.84316549 0.8414045  0.83964356 0.83788267 0.83612182
 0.83436103 0.83260028 0.83083958 0.82907893 0.82731833 0.82555777
 0.82379727 0.82203681 0.8202764  0.81851604 0.81675572 0.81499545
 0.81323523 0.81147506 0.80971494 0.80795487 0.80619484 0.80443486
 0.80267493 0.80091504 0.79915521 0.79739542 0.79563568 0.79387599
 0.79211634 0.79035675 0.7885972  0.78683769 0.78507824 0.78331883
 0.78155948 0.77980017 0.7780409  0.77628169 0.77452252 0.7727634
 0.77100433 0.7692453  0.76748632 0.76572739 0.76396851 0.76220968
 0.76045089 0.75869215 0.75693346 0.75517481 0.75341621 0.75165766
 0.74989916 0.74814071 0.7463823  0.74462394 0.74286563 0.74110736
 0.73934914 0.73759097 0.73583285 0.73407477 0.73231674 0.73055876
 0.72880083 0.72704294 0.7252851  0.72352731 0.72176956 0.72001187
 0.71825422 0.71649661 0.71473906 0.71298155 0.71122409 0.70946667
 0.7077093  0.70595198 0.70419471 0.70243748 0.7006803  0.69892317
 0.69716609 0.69540905 0.69365206 0.69189512 0.69013822 0.68838137
 0.68662457 0.68486781 0.6831111  0.68135444 0.67959783 0.67784126
 0.67608474 0.67432827 0.67257184 0.67081546 0.66905913 0.66730284
 0.6655466  0.66379041 0.66203427 0.66027817 0.65852212 0.65676612
 0.65501016 0.65325425 0.65149839 0.64974257 0.6479868  0.64623108
 0.6444754  0.64271978 0.64096419 0.63920866 0.63745317 0.63569773
 0.63394234 0.63218699 0.63043169 0.62867644 0.62692123 0.62516607
 0.62341096 0.62165589 0.61990088 0.6181459  0.61639098 0.6146361
 0.61288127 0.61242375 0.6106686  0.6089135  0.60715844 0.60540343
 0.60364847 0.60189355 0.60013867 0.59838384 0.59662906 0.59487432
 0.59311963 0.59136498 0.58961037 0.58785581 0.5861013  0.58434683
 0.58259241 0.58083803 0.5790837  0.57732941 0.57557516 0.57382097
 0.57206681 0.57031271 0.56855864 0.56680463 0.56505065 0.56329673
 0.56154285 0.55978901 0.55803522 0.55628147 0.55452777 0.55277411
 0.5510205  0.54926694 0.54751342 0.54575994 0.54400651 0.54225313
 0.54049979 0.53874649 0.53699325 0.53524004 0.53348688 0.53173377
 0.52998071 0.52822768 0.52647471 0.52472178 0.52296889 0.52121605
 0.51946326 0.51771051 0.51595781 0.51420515 0.51245254 0.51069998
 0.50894746 0.50719498 0.50544256 0.50369017 0.50193784 0.50018555
 0.49843331 0.49668111 0.49492896 0.49317685 0.49142479 0.48967278
 0.48792082 0.4861689  0.48441703 0.4826652  0.48091342 0.47916169
 0.47741    0.47565836 0.47390677 0.47215523 0.47040373 0.46865228
 0.46690088 0.46514952 0.46339821 0.46164695 0.45989574 0.45814458
 0.45639346 0.45464239 0.45289137 0.4511404  0.44938948 0.4476386
 0.44588778 0.444137   0.44238627 0.44063559 0.43888496 0.43713438
 0.43538385 0.43363337 0.43188294 0.43013255 0.42838222 0.42663194
 0.42488171 0.42313153 0.4213814  0.41963132 0.4178813  0.41613132
 0.4143814  0.41263153 0.41088171 0.40913194 0.40738223 0.40563256
 0.40388296 0.4021334  0.4003839  0.39863445 0.39688506 0.39513572
 0.39338643 0.39163721 0.38988803 0.38813891 0.38638985 0.38464085
 0.3828919  0.381143   0.37939417 0.37764539 0.37589667 0.37414801
 0.37239941 0.37065087 0.36890239 0.36715396 0.3654056  0.3636573
 0.36190906 0.36016089 0.35841277 0.35666472 0.35491673 0.35316881
 0.35142095 0.34967316 0.34792543 0.34617777 0.34443017 0.34268265
 0.34093519 0.3391878  0.33744048 0.33569323 0.33394605 0.33219895
 0.33045191 0.32870495 0.32695807 0.32521125 0.32346452 0.32171786
 0.31997128 0.31822478 0.31647836 0.31473201 0.31298575 0.31123958
 0.30949348 0.30774747 0.30600155 0.30425572 0.30250997 0.30076431
 0.29901874 0.29727327 0.29552789 0.2937826  0.29203741 0.29029232
 0.28854732 0.28680243 0.28505764 0.28331295 0.28156837 0.2798239
 0.27807954 0.27633529 0.27459115 0.27284712 0.27110322 0.26935943
 0.26761576 0.26587222 0.2641288  0.26238552 0.26064236 0.25889933
 0.25715645 0.2554137  0.25367109 0.25192863 0.25018631 0.24844414
 0.24670213 0.24496027 0.24321858 0.24147704 0.23973568 0.23799448
 0.23625346 0.23451262 0.23277197 0.23103149 0.22929121 0.22755113
 0.22581125 0.22407157 0.2223321  0.22059285 0.21885382 0.21711502
 0.21537644 0.21363811 0.21190002 0.21016219 0.20842461 0.20668729
 0.20495025 0.20321349 0.20147702 0.19974084 0.19800496 0.1962694
 0.19453416 0.19279924 0.19106467 0.18933045 0.18759659 0.18586311
 0.18413    0.18239729 0.18066499 0.17893311 0.17720167 0.17547067
 0.17374013 0.17201008 0.17028051 0.16855146 0.16682293 0.16509495
 0.16336753 0.1616407  0.15991447 0.15818887 0.15646391 0.15473963
 0.15301605 0.15129318 0.14957107 0.14784973 0.14612921 0.14440952
 0.1426907  0.1409728  0.13925583 0.13753985 0.13582488 0.13411098
 0.13239819 0.13068656 0.12897613 0.12726695 0.12555909 0.1238526
 0.12214754 0.12044397 0.11874198 0.11704162 0.11534298 0.11364613
 0.11195117 0.1102582  0.10856729 0.10687857 0.10519215 0.10350813
 0.10182666 0.10014785 0.09847187 0.09679887 0.095129   0.09346246
 0.09179942 0.0901401  0.08848471 0.0868335  0.08518672 0.08354464
 0.08190757 0.08027583 0.07864977 0.07702978 0.07541625 0.07380965
 0.07221047 0.07061924 0.06903655 0.06746305 0.06589944 0.06434649
 0.06280507 0.06127612 0.05976068 0.05825992 0.05677513 0.05530775
 0.05385939 0.05243184 0.05102712 0.04964752 0.04829561 0.04697429
 0.04568688 0.04443716 0.04322943 0.04206866 0.04096056 0.03991174
 0.03892991 0.03802404 0.03720468 0.03648432 0.0358778  0.03540295
 0.03508134 0.03493947 0.0350103  0.03533562 0.03596962 0.03698464
 0.03848076 0.04060277 0.04357239 0.04775497]
t =  [1.05838847e+09 1.05838849e+09 1.05838851e+09 1.05838853e+09
 1.05838855e+09 1.05838857e+09 1.05838859e+09 1.05838861e+09
 1.05838863e+09 1.05838865e+09 1.05838866e+09 1.05838868e+09
 1.05838870e+09 1.05838872e+09 1.05838874e+09 1.05838876e+09
 1.05838878e+09 1.05838880e+09 1.05838882e+09 1.05838884e+09
 1.05838886e+09 1.05838888e+09 1.05838889e+09 1.05838891e+09
 1.05838893e+09 1.05838895e+09 1.05838897e+09 1.05838899e+09
 1.05838901e+09 1.05838903e+09 1.05838905e+09 1.05838907e+09
 1.05838909e+09 1.05838911e+09 1.05838913e+09 1.05838914e+09
 1.05838916e+09 1.05838918e+09 1.05838920e+09 1.05838922e+09
 1.05838924e+09 1.05838926e+09 1.05838928e+09 1.05838930e+09
 1.05838932e+09 1.05838934e+09 1.05838936e+09 1.05838937e+09
 1.05838939e+09 1.05838941e+09 1.05838943e+09 1.05838945e+09
 1.05838947e+09 1.05838949e+09 1.05838951e+09 1.05838953e+09
 1.05838955e+09 1.05838957e+09 1.05838959e+09 1.05838960e+09
 1.05838962e+09 1.05838964e+09 1.05838966e+09 1.05838968e+09
 1.05838970e+09 1.05838972e+09 1.05838974e+09 1.05838976e+09
 1.05838978e+09 1.05838980e+09 1.05838982e+09 1.05838983e+09
 1.05838985e+09 1.05838987e+09 1.05838989e+09 1.05838991e+09
 1.05838993e+09 1.05838995e+09 1.05838997e+09 1.05838999e+09
 1.05839001e+09 1.05839003e+09 1.05839005e+09 1.05839006e+09
 1.05839008e+09 1.05839010e+09 1.05839012e+09 1.05839014e+09
 1.05839016e+09 1.05839018e+09 1.05839020e+09 1.05839022e+09
 1.05839024e+09 1.05839026e+09 1.05839028e+09 1.05839029e+09
 1.05839031e+09 1.05839033e+09 1.05839035e+09 1.05839037e+09
 1.05839039e+09 1.05839041e+09 1.05839043e+09 1.05839045e+09
 1.05839047e+09 1.05839049e+09 1.05839051e+09 1.05839052e+09
 1.05839054e+09 1.05839056e+09 1.05839058e+09 1.05839060e+09
 1.05839062e+09 1.05839064e+09 1.05839066e+09 1.05839068e+09
 1.05839070e+09 1.05839072e+09 1.05839074e+09 1.05839075e+09
 1.05839077e+09 1.05839079e+09 1.05839081e+09 1.05839083e+09
 1.05839085e+09 1.05839087e+09 1.05839089e+09 1.05839091e+09
 1.05839093e+09 1.05839095e+09 1.05839097e+09 1.05839098e+09
 1.05839100e+09 1.05839102e+09 1.05839104e+09 1.05839106e+09
 1.05839108e+09 1.05839110e+09 1.05839112e+09 1.05839114e+09
 1.05839116e+09 1.05839118e+09 1.05839120e+09 1.05839121e+09
 1.05839123e+09 1.05839125e+09 1.05839127e+09 1.05839129e+09
 1.05839131e+09 1.05839133e+09 1.05839135e+09 1.05839137e+09
 1.05839139e+09 1.05839141e+09 1.05839143e+09 1.05839144e+09
 1.05839146e+09 1.05839148e+09 1.05839150e+09 1.05839152e+09
 1.05839154e+09 1.05839156e+09 1.05839158e+09 1.05839160e+09
 1.05839162e+09 1.05839164e+09 1.05839166e+09 1.05839167e+09
 1.05839169e+09 1.05839171e+09 1.05839173e+09 1.05839175e+09
 1.05839177e+09 1.05839179e+09 1.05839181e+09 1.05839183e+09
 1.05839185e+09 1.05839187e+09 1.05839189e+09 1.05839191e+09
 1.05839192e+09 1.05839194e+09 1.05839196e+09 1.05839198e+09
 1.05839200e+09 1.05839202e+09 1.05839204e+09 1.05839206e+09
 1.05839208e+09 1.05839210e+09 1.05839212e+09 1.05839214e+09
 1.05839215e+09 1.05839217e+09 1.05839219e+09 1.05839221e+09
 1.05839223e+09 1.05839225e+09 1.05839227e+09 1.05839229e+09
 1.05839231e+09 1.05839233e+09 1.05839235e+09 1.05839237e+09
 1.05839238e+09 1.05839240e+09 1.05839242e+09 1.05839244e+09
 1.05839246e+09 1.05839248e+09 1.05839250e+09 1.05839252e+09
 1.05839254e+09 1.05839256e+09 1.05839258e+09 1.05839260e+09
 1.05839261e+09 1.05839263e+09 1.05839265e+09 1.05839267e+09
 1.05839269e+09 1.05839271e+09 1.05839273e+09 1.05839275e+09
 1.05839277e+09 1.05839279e+09 1.05839281e+09 1.05839283e+09
 1.05839284e+09 1.05839286e+09 1.05839288e+09 1.05839290e+09
 1.05839292e+09 1.05839294e+09 1.05839296e+09 1.05839298e+09
 1.05839300e+09 1.05839302e+09 1.05839304e+09 1.05839306e+09
 1.05839307e+09 1.05839309e+09 1.05839311e+09 1.05839313e+09
 1.05839315e+09 1.05839317e+09 1.05839319e+09 1.05839321e+09
 1.05839323e+09 1.05839325e+09 1.05839327e+09 1.05839329e+09
 1.05839330e+09 1.05839332e+09 1.05839334e+09 1.05839336e+09
 1.05839338e+09 1.05839340e+09 1.05839342e+09 1.05839344e+09
 1.05839346e+09 1.05839348e+09 1.05839350e+09 1.05839352e+09
 1.05839353e+09 1.05839355e+09 1.05839357e+09 1.05839359e+09
 1.05839361e+09 1.05839363e+09 1.05839365e+09 1.05839367e+09
 1.05839369e+09 1.05839371e+09 1.05839373e+09 1.05839375e+09
 1.05839376e+09 1.05839378e+09 1.05839380e+09 1.05839382e+09
 1.05839384e+09 1.05839386e+09 1.05839388e+09 1.05839390e+09
 1.05839392e+09 1.05839394e+09 1.05839396e+09 1.05839398e+09
 1.05839399e+09 1.05839401e+09 1.05839403e+09 1.05839405e+09
 1.05839407e+09 1.05839409e+09 1.05839411e+09 1.05839413e+09
 1.05839415e+09 1.05839417e+09 1.05839419e+09 1.05839421e+09
 1.05839422e+09 1.05839424e+09 1.05839426e+09 1.05839428e+09
 1.05839430e+09 1.05839432e+09 1.05839434e+09 1.05839436e+09
 1.05839438e+09 1.05839440e+09 1.05839442e+09 1.05839444e+09
 1.05839445e+09 1.05839447e+09 1.05839449e+09 1.05839451e+09
 1.05839453e+09 1.05839455e+09 1.05839457e+09 1.05839459e+09
 1.05839461e+09 1.05839463e+09 1.05839465e+09 1.05839467e+09
 1.05839469e+09 1.05839470e+09 1.05839472e+09 1.05839474e+09
 1.05839476e+09 1.05839478e+09 1.05839480e+09 1.05839482e+09
 1.05839484e+09 1.05839486e+09 1.05839488e+09 1.05839490e+09
 1.05839492e+09 1.05839493e+09 1.05839495e+09 1.05839497e+09
 1.05839499e+09 1.05839501e+09 1.05839503e+09 1.05839505e+09
 1.05839507e+09 1.05839509e+09 1.05839511e+09 1.05839513e+09
 1.05839515e+09 1.05839516e+09 1.05839518e+09 1.05839520e+09
 1.05839522e+09 1.05839524e+09 1.05839526e+09 1.05839528e+09
 1.05839530e+09 1.05839532e+09 1.05839534e+09 1.05839536e+09
 1.05839538e+09 1.05839539e+09 1.05839541e+09 1.05839543e+09
 1.05839545e+09 1.05839547e+09 1.05839549e+09 1.05839551e+09
 1.05839553e+09 1.05839555e+09 1.05839557e+09 1.05839559e+09
 1.05839561e+09 1.05839562e+09 1.05839564e+09 1.05839566e+09
 1.05839568e+09 1.05839570e+09 1.05839572e+09 1.05839574e+09
 1.05839576e+09 1.05839578e+09 1.05839580e+09 1.05839582e+09
 1.05839584e+09 1.05839585e+09 1.05839587e+09 1.05839589e+09
 1.05839591e+09 1.05839593e+09 1.05839595e+09 1.05839597e+09
 1.05839599e+09 1.05839601e+09 1.05839603e+09 1.05839605e+09
 1.05839607e+09 1.05839608e+09 1.05839610e+09 1.05839612e+09
 1.05839614e+09 1.05839616e+09 1.05839618e+09 1.05839620e+09
 1.05839622e+09 1.05839624e+09 1.05839626e+09 1.05839628e+09
 1.05839630e+09 1.05839631e+09 1.05839633e+09 1.05839635e+09
 1.05839637e+09 1.05839639e+09 1.05839641e+09 1.05839643e+09
 1.05839645e+09 1.05839647e+09 1.05839649e+09 1.05839651e+09
 1.05839653e+09 1.05839654e+09 1.05839656e+09 1.05839658e+09
 1.05839660e+09 1.05839662e+09 1.05839664e+09 1.05839666e+09
 1.05839668e+09 1.05839670e+09 1.05839672e+09 1.05839674e+09
 1.05839676e+09 1.05839677e+09 1.05839679e+09 1.05839681e+09
 1.05839683e+09 1.05839685e+09 1.05839687e+09 1.05839689e+09
 1.05839691e+09 1.05839693e+09 1.05839695e+09 1.05839697e+09
 1.05839699e+09 1.05839700e+09 1.05839702e+09 1.05839704e+09
 1.05839706e+09 1.05839708e+09 1.05839710e+09 1.05839712e+09
 1.05839714e+09 1.05839716e+09 1.05839718e+09 1.05839720e+09
 1.05839722e+09 1.05839723e+09 1.05839725e+09 1.05839727e+09
 1.05839729e+09 1.05839731e+09 1.05839733e+09 1.05839735e+09
 1.05839737e+09 1.05839739e+09 1.05839741e+09 1.05839743e+09
 1.05839745e+09 1.05839746e+09 1.05839748e+09 1.05839750e+09
 1.05839752e+09 1.05839754e+09 1.05839756e+09 1.05839758e+09
 1.05839760e+09 1.05839762e+09 1.05839764e+09 1.05839766e+09
 1.05839768e+09 1.05839770e+09 1.05839771e+09 1.05839773e+09
 1.05839775e+09 1.05839777e+09 1.05839779e+09 1.05839781e+09
 1.05839783e+09 1.05839785e+09 1.05839787e+09 1.05839789e+09
 1.05839791e+09 1.05839793e+09 1.05839794e+09 1.05839796e+09
 1.05839798e+09 1.05839800e+09 1.05839802e+09 1.05839804e+09
 1.05839806e+09 1.05839808e+09 1.05839810e+09 1.05839812e+09
 1.05839814e+09 1.05839816e+09 1.05839817e+09 1.05839819e+09
 1.05839821e+09 1.05839823e+09 1.05839825e+09 1.05839827e+09
 1.05839829e+09 1.05839831e+09 1.05839833e+09 1.05839835e+09
 1.05839837e+09 1.05839839e+09 1.05839840e+09 1.05839842e+09
 1.05839844e+09 1.05839846e+09 1.05839848e+09 1.05839850e+09
 1.05839852e+09 1.05839854e+09 1.05839856e+09 1.05839858e+09
 1.05839860e+09 1.05839862e+09 1.05839863e+09 1.05839865e+09
 1.05839867e+09 1.05839869e+09 1.05839871e+09 1.05839873e+09
 1.05839875e+09 1.05839877e+09 1.05839879e+09 1.05839881e+09
 1.05839883e+09 1.05839885e+09 1.05839886e+09 1.05839888e+09
 1.05839890e+09 1.05839892e+09 1.05839894e+09 1.05839896e+09
 1.05839898e+09 1.05839900e+09 1.05839902e+09 1.05839904e+09
 1.05839906e+09 1.05839908e+09 1.05839909e+09 1.05839911e+09
 1.05839913e+09 1.05839915e+09 1.05839917e+09 1.05839919e+09
 1.05839921e+09 1.05839923e+09 1.05839925e+09 1.05839927e+09
 1.05839929e+09 1.05839931e+09 1.05839932e+09 1.05839934e+09
 1.05839936e+09 1.05839938e+09 1.05839940e+09 1.05839942e+09
 1.05839944e+09 1.05839946e+09 1.05839948e+09 1.05839950e+09
 1.05839952e+09 1.05839954e+09 1.05839955e+09 1.05839957e+09
 1.05839959e+09 1.05839961e+09 1.05839963e+09 1.05839965e+09
 1.05839967e+09 1.05839969e+09 1.05839971e+09 1.05839973e+09
 1.05839975e+09 1.05839977e+09 1.05839978e+09 1.05839980e+09
 1.05839982e+09 1.05839984e+09 1.05839986e+09 1.05839988e+09
 1.05839990e+09 1.05839992e+09 1.05839994e+09 1.05839996e+09
 1.05839998e+09 1.05840000e+09 1.05840001e+09 1.05840003e+09
 1.05840005e+09 1.05840007e+09 1.05840009e+09 1.05840011e+09
 1.05840013e+09 1.05840015e+09 1.05840017e+09 1.05840019e+09
 1.05840021e+09 1.05840023e+09 1.05840024e+09 1.05840026e+09
 1.05840028e+09 1.05840030e+09 1.05840032e+09 1.05840034e+09
 1.05840036e+09 1.05840038e+09 1.05840040e+09 1.05840042e+09
 1.05840044e+09 1.05840046e+09 1.05840048e+09 1.05840049e+09
 1.05840051e+09 1.05840053e+09 1.05840055e+09 1.05840057e+09
 1.05840059e+09 1.05840061e+09 1.05840063e+09 1.05840065e+09
 1.05840067e+09 1.05840069e+09 1.05840071e+09 1.05840072e+09
 1.05840074e+09 1.05840076e+09 1.05840078e+09 1.05840080e+09
 1.05840082e+09 1.05840084e+09 1.05840086e+09 1.05840088e+09
 1.05840090e+09 1.05840092e+09 1.05840094e+09 1.05840095e+09
 1.05840097e+09 1.05840099e+09 1.05840101e+09 1.05840103e+09
 1.05840105e+09 1.05840107e+09 1.05840109e+09 1.05840111e+09
 1.05840113e+09 1.05840115e+09 1.05840117e+09 1.05840118e+09
 1.05840120e+09 1.05840122e+09 1.05840124e+09 1.05840126e+09
 1.05840128e+09 1.05840130e+09 1.05840132e+09 1.05840134e+09
 1.05840136e+09 1.05840138e+09 1.05840140e+09 1.05840141e+09
 1.05840143e+09 1.05840145e+09 1.05840147e+09 1.05840149e+09
 1.05840151e+09 1.05840153e+09 1.05840155e+09 1.05840157e+09
 1.05840159e+09 1.05840161e+09 1.05840163e+09 1.05840164e+09
 1.05840166e+09 1.05840168e+09 1.05840170e+09 1.05840172e+09
 1.05840174e+09 1.05840176e+09 1.05840178e+09 1.05840180e+09
 1.05840182e+09 1.05840184e+09 1.05840186e+09 1.05840187e+09
 1.05840189e+09 1.05840191e+09 1.05840193e+09 1.05840195e+09
 1.05840197e+09 1.05840199e+09 1.05840201e+09 1.05840203e+09
 1.05840205e+09 1.05840207e+09 1.05840209e+09 1.05840210e+09
 1.05840212e+09 1.05840214e+09 1.05840216e+09 1.05840218e+09
 1.05840220e+09 1.05840222e+09 1.05840224e+09 1.05840226e+09
 1.05840228e+09 1.05840230e+09 1.05840232e+09 1.05840233e+09
 1.05840235e+09 1.05840237e+09 1.05840239e+09 1.05840241e+09
 1.05840243e+09 1.05840245e+09 1.05840247e+09 1.05840249e+09
 1.05840251e+09 1.05840253e+09 1.05840255e+09 1.05840256e+09
 1.05840258e+09 1.05840260e+09 1.05840262e+09 1.05840264e+09
 1.05840266e+09 1.05840268e+09 1.05840270e+09 1.05840272e+09
 1.05840274e+09 1.05840276e+09 1.05840278e+09 1.05840279e+09
 1.05840281e+09 1.05840283e+09 1.05840285e+09 1.05840287e+09
 1.05840289e+09 1.05840291e+09 1.05840293e+09 1.05840295e+09
 1.05840297e+09 1.05840299e+09 1.05840301e+09 1.05840302e+09
 1.05840304e+09 1.05840306e+09 1.05840308e+09 1.05840310e+09
 1.05840312e+09 1.05840314e+09 1.05840316e+09 1.05840318e+09
 1.05840320e+09 1.05840322e+09 1.05840324e+09 1.05840326e+09
 1.05840327e+09 1.05840329e+09 1.05840331e+09 1.05840333e+09
 1.05840335e+09 1.05840337e+09 1.05840339e+09 1.05840341e+09
 1.05840343e+09 1.05840345e+09 1.05840347e+09 1.05840349e+09
 1.05840350e+09 1.05840352e+09 1.05840354e+09 1.05840356e+09
 1.05840358e+09 1.05840360e+09 1.05840362e+09 1.05840364e+09
 1.05840366e+09 1.05840368e+09 1.05840370e+09 1.05840372e+09
 1.05840373e+09 1.05840375e+09 1.05840377e+09 1.05840379e+09
 1.05840381e+09 1.05840383e+09 1.05840385e+09 1.05840387e+09
 1.05840389e+09 1.05840391e+09 1.05840393e+09 1.05840395e+09
 1.05840396e+09 1.05840398e+09 1.05840400e+09 1.05840402e+09
 1.05840404e+09 1.05840406e+09 1.05840408e+09 1.05840410e+09
 1.05840412e+09 1.05840414e+09 1.05840416e+09 1.05840418e+09
 1.05840419e+09 1.05840421e+09 1.05840423e+09 1.05840425e+09
 1.05840427e+09 1.05840429e+09 1.05840431e+09 1.05840433e+09
 1.05840435e+09 1.05840437e+09 1.05840439e+09 1.05840441e+09
 1.05840442e+09 1.05840444e+09 1.05840446e+09 1.05840448e+09
 1.05840450e+09 1.05840452e+09 1.05840454e+09 1.05840456e+09
 1.05840458e+09 1.05840460e+09 1.05840462e+09 1.05840464e+09
 1.05840465e+09 1.05840467e+09 1.05840469e+09 1.05840471e+09
 1.05840473e+09 1.05840475e+09 1.05840477e+09 1.05840479e+09
 1.05840481e+09 1.05840483e+09 1.05840485e+09 1.05840487e+09
 1.05840488e+09 1.05840490e+09 1.05840492e+09 1.05840494e+09
 1.05840496e+09 1.05840498e+09 1.05840500e+09 1.05840502e+09
 1.05840504e+09 1.05840506e+09 1.05840508e+09 1.05840510e+09
 1.05840511e+09 1.05840513e+09 1.05840515e+09 1.05840517e+09
 1.05840519e+09 1.05840521e+09 1.05840523e+09 1.05840525e+09
 1.05840527e+09 1.05840529e+09 1.05840531e+09 1.05840533e+09
 1.05840534e+09 1.05840536e+09 1.05840538e+09 1.05840540e+09
 1.05840542e+09 1.05840544e+09 1.05840546e+09 1.05840548e+09
 1.05840550e+09 1.05840552e+09 1.05840554e+09 1.05840556e+09
 1.05840557e+09 1.05840559e+09 1.05840561e+09 1.05840563e+09
 1.05840565e+09 1.05840567e+09 1.05840569e+09 1.05840571e+09
 1.05840573e+09 1.05840575e+09 1.05840577e+09 1.05840579e+09
 1.05840580e+09 1.05840582e+09 1.05840584e+09 1.05840586e+09
 1.05840588e+09 1.05840590e+09 1.05840592e+09 1.05840594e+09
 1.05840596e+09 1.05840598e+09 1.05840600e+09 1.05840602e+09
 1.05840604e+09 1.05840605e+09 1.05840607e+09 1.05840609e+09
 1.05840611e+09 1.05840613e+09 1.05840615e+09 1.05840617e+09
 1.05840619e+09 1.05840621e+09 1.05840623e+09 1.05840625e+09
 1.05840627e+09 1.05840628e+09 1.05840630e+09 1.05840632e+09
 1.05840634e+09 1.05840636e+09 1.05840638e+09 1.05840640e+09
 1.05840642e+09 1.05840644e+09 1.05840646e+09 1.05840648e+09
 1.05840650e+09 1.05840651e+09 1.05840653e+09 1.05840655e+09
 1.05840657e+09 1.05840659e+09 1.05840661e+09 1.05840663e+09
 1.05840665e+09 1.05840667e+09 1.05840669e+09 1.05840671e+09
 1.05840673e+09 1.05840674e+09 1.05840676e+09 1.05840678e+09
 1.05840680e+09 1.05840682e+09 1.05840684e+09 1.05840686e+09
 1.05840688e+09 1.05840690e+09 1.05840692e+09 1.05840694e+09
 1.05840696e+09 1.05840697e+09 1.05840699e+09 1.05840701e+09
 1.05840703e+09 1.05840705e+09 1.05840707e+09 1.05840709e+09
 1.05840711e+09 1.05840713e+09 1.05840715e+09 1.05840717e+09
 1.05840719e+09 1.05840720e+09 1.05840722e+09 1.05840724e+09
 1.05840726e+09 1.05840728e+09 1.05840730e+09 1.05840732e+09
 1.05840734e+09 1.05840736e+09 1.05840738e+09 1.05840740e+09
 1.05840742e+09 1.05840743e+09 1.05840745e+09 1.05840747e+09
 1.05840749e+09 1.05840751e+09 1.05840753e+09 1.05840755e+09
 1.05840757e+09 1.05840759e+09 1.05840761e+09 1.05840763e+09]
minRes = 0.034939472462373805
minResTime =  [1.05840747e+09]
