name =JUICE_ROI_CAL_5_0_05
flyby =  ['2032 AUG 14 10:09:17', '2032 AUG 15 10:09:17']
Observation TW =  <SpiceCell dtype = 1, length = 0, size = 3400, card = 14, is_set = 1, adjust = 0, init = 1, base = 2554801041456, data = 2554801041504>
Res(t) =  [3.83824261 3.83464367 3.83104469 3.82744567 3.82384663 3.82024756
 3.81664845 3.81304931 3.80945014 3.80585093 3.8022517  3.79865242
 3.79505312 3.79145378 3.7878544  3.78425499 3.78065555 3.77705607
 3.77345656 3.769857   3.76625742 3.76265779 3.75905813 3.75545844
 3.7518587  3.74825893 3.74465912 3.74105928 3.73745939 3.73385947
 3.73025951 3.7266595  3.72305946 3.71945938 3.71585926 3.7122591
 3.7086589  3.70505866 3.70145837 3.69785805 3.69425768 3.69065728
 3.68705683 3.68345633 3.6798558  3.67625522 3.6726546  3.66905393
 3.66545322 3.66185247 3.65825167 3.65465083 3.65104995 3.64744901
 3.64384804 3.64024701 3.63664594 3.63304483 3.62944366 3.62584245
 3.6222412  3.61863989 3.61503854 3.61143714 3.60783569 3.6042342
 3.60063265 3.59703106 3.59342941 3.58982772 3.58622598 3.58262418
 3.57902234 3.57542044 3.57181849 3.5682165  3.56461445 3.56101234
 3.55741019 3.55380798 3.55020572 3.54660341 3.54300105 3.53939863
 3.53579615 3.53219362 3.52859104 3.5249884  3.52138571 3.51778296
 3.51418016 3.5105773  3.50697438 3.50337141 3.49976838 3.49616529
 3.49256215 3.48895895 3.48535569 3.48175237 3.478149   3.47454556
 3.47094207 3.46733851 3.4637349  3.46013122 3.45652749 3.4529237
 3.44931984 3.44571592 3.44211195 3.43850791 3.4349038  3.43129964
 3.42769541 3.42409112 3.42048677 3.41688236 3.41327788 3.40967333
 3.40606872 3.40246405 3.39885931 3.39525451 3.39164964 3.38804471
 3.3844397  3.38083464 3.3772295  3.3736243  3.37001903 3.3664137
 3.3628083  3.35920282 3.35559728 3.35199168 3.348386   3.34478025
 3.34117443 3.33756855 3.33396259 3.33035656 3.32675047 3.3231443
 3.31953806 3.31593174 3.31232536 3.3087189  3.30511237 3.30150577
 3.2978991  3.29429235 3.29068553 3.28707863 3.28347166 3.27986461
 3.27625749 3.2726503  3.26904303 3.26543568 3.26182826 3.25822076
 3.25461318 3.25100553 3.2473978  3.24378999 3.2401821  3.23657414
 3.2329661  3.22935798 3.22574978 3.2221415  3.21853314 3.2149247
 3.21131618 3.20770758 3.2040989  3.20049013 3.19688129 3.19327236
 3.18966336 3.18605427 3.18244509 3.17883584 3.1752265  3.17161708
 3.16800757 3.16439798 3.1607883  3.15717854 3.1535687  3.14995877
 3.14634875 3.14273865 3.13912846 3.13551818 3.13190782 3.12829737
 3.12468684 3.12107621 3.1174655  3.1138547  3.11024381 3.10663283
 3.10302176 3.0994106  3.09579935 3.09218802 3.08857659 3.08496507
 3.08135346 3.07774176 3.07412996 3.07051808 3.0669061  3.06329403
 3.05968186 3.05606961 3.05245726 3.04884481 3.04523227 3.04161964
 3.03800691 3.03439409 3.03078117 3.02716815 3.02355504 3.01994184
 3.01632853 3.01271513 3.00910163 3.00548804 3.00187435 2.99826055
 2.99464666 2.99103268 2.98741859 2.9838044  2.98019011 2.97657573
 2.97296124 2.96934665 2.96573196 2.96211717 2.95850228 2.95488729
 2.95127219 2.94765699 2.94404169 2.94042629 2.93681078 2.93319517
 2.92957946 2.92596364 2.92234771 2.91873168 2.91511555 2.91149931
 2.90788296 2.90426651 2.90064995 2.89703329 2.89341651 2.88979963
 2.88618264 2.88256555 2.87894834 2.87533103 2.87171361 2.86809608
 2.86447844 2.86086069 2.85724282 2.85362485 2.85000677 2.84638858
 2.84277027 2.83915185 2.83553332 2.83191468 2.82829593 2.82467706
 2.82105808 2.81743899 2.81381978 2.81020045 2.80658102 2.80296146
 2.7993418  2.79572201 2.79210212 2.7884821  2.78486197 2.78124172
 2.77762135 2.77400087 2.77038027 2.76675955 2.76313871 2.75951776
 2.75589668 2.75227549 2.74865418 2.74503274 2.74141119 2.73778951
 2.73416772 2.7305458  2.72692376 2.7233016  2.71967932 2.71605692
 2.71243439 2.70881174 2.70518896 2.70156607 2.69794305 2.6943199
 2.69069663 2.68707323 2.68344971 2.67982607 2.67620229 2.67257839
 2.66895437 2.66533022 2.66170594 2.65808153 2.654457   2.65083233
 2.64720754 2.64358262 2.63995757 2.6363324  2.63270709 2.62908165
 2.62545608 2.62183038 2.61820455 2.61457859 2.6109525  2.60732627
 2.60369992 2.60007343 2.59644681 2.59282005 2.58919316 2.58556614
 2.58193898 2.57831169 2.57468426 2.5710567  2.56742901 2.56380117
 2.56017321 2.5565451  2.55291686 2.54928848 2.54565997 2.54203131
 2.53840252 2.5347736  2.53114453 2.52751532 2.52388598 2.52025649
 2.51662687 2.5129971  2.5093672  2.50573715 2.50210696 2.49847663
 2.49484616 2.49121555 2.4875848  2.4839539  2.48032286 2.47669168
 2.47306035 2.46942888 2.46579726 2.4621655  2.4585336  2.45490155
 2.45126936 2.44763702 2.44400453 2.4403719  2.43673912 2.43310619
 2.42947311 2.42583989 2.42220652 2.418573   2.41493934 2.41130552
 2.40767156 2.40403744 2.40040318 2.39676877 2.3931342  2.38949948
 2.38586462 2.3822296  2.37859443 2.37495911 2.37132363 2.36768801
 2.36405223 2.36041629 2.35678021 2.35314397 2.34950757 2.34587102
 2.34223432 2.33859746 2.33496045 2.33132328 2.32768595 2.32404847
 2.32041083 2.31677303 2.31313508 2.30949697 2.3058587  2.30222027
 2.29858168 2.29494294 2.29130403 2.28766497 2.28402575 2.28038636
 2.27674682 2.27310711 2.26946725 2.26582722 2.26218703 2.25854668
 2.25490617 2.2512655  2.24762466 2.24398366 2.24034249 2.23670116
 2.23305967 2.22941802 2.22577619 2.22213421 2.21849206 2.21484974
 2.21120726 2.20756461 2.20392179 2.20027881 2.19663566 2.19299235
 2.18934886 2.18570521 2.18206139 2.1784174  2.17477324 2.17112891
 2.16748442 2.16383975 2.16019492 2.15654991 2.15290473 2.14925938
 2.14561386 2.14196817 2.13832231 2.13467628 2.13103007 2.12738369
 2.12373714 2.12009041 2.11644351 2.11279644 2.10914919 2.10550177
 2.10185417 2.0982064  2.09455845 2.09091033 2.08726203 2.08361356
 2.0799649  2.07631608 2.07266707 2.06901789 2.06536853 2.06171899
 2.05806928 2.05441938 2.05076931 2.04711906 2.04346863 2.03981802
 2.03616723 2.03251626 2.0288651  2.02521377 2.02156226 2.01791057
 2.01425869 2.01060663 2.0069544  2.00330197 1.99964937 1.99599658
 1.99234361 1.98869046 1.98503712 1.9813836  1.9777299  1.97407601
 1.97042194 1.96676768 1.96311323 1.9594586  1.95580379 1.95214879
 1.9484936  1.94483823 1.94118266 1.93752692 1.93387098 1.93021486
 1.92655855 1.92290205 1.91924536 1.91558849 1.91193142 1.90827417
 1.90461673 1.90095909 1.89730127 1.89364326 1.88998506 1.88632667
 1.88266808 1.87900931 1.87535034 1.87169119 1.86803184 1.8643723
 1.86071256 1.85705264 1.85339252 1.84973221 1.84607171 1.84241101
 1.83875012 1.83508904 1.83142776 1.82776629 1.82410462 1.82044276
 1.8167807  1.81311845 1.809456   1.80579336 1.80213053 1.79846749
 1.79480426 1.79114084 1.78747722 1.7838134  1.78014938 1.77648517
 1.77282076 1.76915615 1.76549135 1.76182634 1.75816114 1.75449574
 1.75083015 1.74716435 1.74349835 1.73983216 1.73616577 1.73249918
 1.72883238 1.72516539 1.7214982  1.71783081 1.71416322 1.71049543
 1.70682744 1.70315924 1.69949085 1.69582226 1.69215346 1.68848446
 1.68481527 1.68114587 1.67747627 1.67380646 1.67013646 1.66646625
 1.66279585 1.65912524 1.65545442 1.65178341 1.64811219 1.64444077
 1.64076914 1.63709732 1.63342529 1.62975306 1.62608062 1.62240798
 1.61873514 1.61506209 1.61138884 1.60771539 1.60404173 1.60036787
 1.5966938  1.59301953 1.58934506 1.58567038 1.5819955  1.57832042
 1.57464513 1.57096963 1.56729393 1.56361803 1.55994192 1.55626561
 1.55258909 1.54891237 1.54523545 1.54155832 1.53788098 1.53420345
 1.5305257  1.52684775 1.5231696  1.51949124 1.51581268 1.51213392
 1.50845495 1.50477577 1.50109639 1.49741681 1.49373702 1.49005703
 1.48637683 1.48269643 1.47901583 1.47533502 1.471654   1.46797279
 1.46429137 1.46060974 1.45692792 1.45324589 1.44956365 1.44588122
 1.44219858 1.43851573 1.43483269 1.43114944 1.42746599 1.42378234
 1.42009848 1.41641442 1.41273017 1.40904571 1.40536104 1.40167618
 1.39799112 1.39430585 1.39062039 1.38693473 1.38324886 1.3795628
 1.37587653 1.37219007 1.36850341 1.36481655 1.36112949 1.35744223
 1.35375477 1.35006712 1.34637927 1.34269123 1.33900299 1.33531455
 1.33162591 1.32793708 1.32424806 1.32055884 1.31686943 1.31317982
 1.30949003 1.30580003 1.30210985 1.29841947 1.29472891 1.29103815
 1.2873472  1.28365607 1.27996474 1.27627322 1.27258152 1.26888963
 1.26519755 1.26150529 1.25781284 1.2541202  1.25042739 1.24673438
 1.2430412  1.23934783 1.23565428 1.23196055 1.22826664 1.22457255
 1.22087828 1.21718383 1.21348921 1.20979441 1.20609944 1.20240429
 1.19870896 1.19501347 1.1913178  1.18762196 1.18392595 1.18022978
 1.17653343 1.17283692 1.16914024 1.1654434  1.16174639 1.15804923
 1.1543519  1.1506544  1.14695676 1.14325895 1.13956098 1.13586287
 1.13216459 1.12846617 1.12476759 1.12106886 1.11736998 1.11367096
 1.10997179 1.10627248 1.10257302 1.09887342 1.09517369 1.09147381
 1.0877738  1.08407365 1.08037337 1.07667296 1.07297242 1.06927175
 1.06557096 1.06187004 1.058169   1.05446784 1.05076656 1.04706517
 1.04336366 1.03966204 1.03596031 1.03225847 1.02855653 1.02485449
 1.02115234 1.0174501  1.01374776 1.01004533 1.0063428  1.00264019
 0.9989375  0.99523472 0.99153186 0.98782892 0.98412591 0.98042283
 0.97671968 0.97301647 0.96931319 0.96560986 0.96190647 0.95820302
 0.95449953 0.950796   0.94709242 0.9433888  0.93968515 0.93598147
 0.93227776 0.92857403 0.92487028 0.92116651 0.91746274 0.91375896
 0.91005517 0.90635139 0.90264762 0.89894386 0.89524011 0.89153639
 0.88783269 0.88412902 0.88042539 0.87672181 0.87301827 0.86931478
 0.86561135 0.86190798 0.85820469 0.85450147 0.85079834 0.84709529
 0.84339234 0.83968949 0.83598675 0.83228412 0.82858162 0.82487925
 0.82117701 0.81747492 0.81377299 0.81007121 0.8063696  0.80266817
 0.79896692 0.79526587 0.79156502 0.78786438 0.78416397 0.78046378
 0.77676384 0.77306414 0.76936471 0.76566555 0.76196667 0.75826809
 0.75456981 0.75087185 0.74717421 0.74347692 0.73977997 0.7360834
 0.7323872  0.7286914  0.724996   0.72130102 0.71760648 0.71391239
 0.71021876 0.70652561 0.70283296 0.69914083 0.69544922 0.69175816
 0.68806767 0.68437777 0.68068847 0.67699979 0.67331175 0.66896623
 0.6652739  0.6615822  0.65789116 0.6542008  0.65051113 0.64682218
 0.64313399 0.63944655 0.63575992 0.6320741  0.62838913 0.62470503
 0.62102183 0.61733956 0.61365825 0.60997793 0.60629863 0.60262038
 0.59894322 0.59526718 0.5915923  0.58791861 0.58424616 0.58057497
 0.57690509 0.57323657 0.56956945 0.56590376 0.56223956 0.5585769
 0.55491582 0.55125638 0.54759862 0.54394261 0.5402884  0.53663605
 0.53298562 0.52933717 0.52569077 0.52204648 0.51840438 0.51476454
 0.51112704 0.50749195 0.50385936 0.50022935 0.49660201 0.49297743
 0.48935571 0.48573694 0.48212123 0.4785087  0.47489944 0.47129358
 0.46769125 0.46409255 0.46049764 0.45690665 0.45331973 0.44973702
 0.44615869 0.44258489 0.43901581 0.43545163 0.43189254 0.42833873
 0.42479041 0.42124781 0.41771116 0.4141807  0.41065668 0.40713937
 0.40362905 0.40012603 0.39663061 0.39314313 0.38966393 0.38619338
 0.38273188 0.37927983 0.37583767 0.37240586 0.3689849  0.3655753
 0.36217763 0.35879246 0.35542042 0.35206219 0.34871847 0.34539002
 0.34207767 0.33878227 0.33550477 0.33224617 0.32900753 0.32579003
 0.32259491 0.31942351 0.31627729 0.31315783 0.31006683 0.30700616
 0.30397783 0.30098405 0.29802721 0.29510997 0.29223521 0.28940611
 0.28662619 0.28389932 0.28122981 0.27862244 0.27608256 0.27361613
 0.27122988 0.26893138 0.26672921 0.26463312 0.26265426 0.26080545
 0.25910147 0.25755952 0.25619972 0.25504576 0.25412581 0.25347357
 0.25312984 0.25314453 0.25357938 0.25451188]
t =  [1.02936303e+09 1.02936307e+09 1.02936311e+09 1.02936315e+09
 1.02936319e+09 1.02936323e+09 1.02936328e+09 1.02936332e+09
 1.02936336e+09 1.02936340e+09 1.02936344e+09 1.02936348e+09
 1.02936353e+09 1.02936357e+09 1.02936361e+09 1.02936365e+09
 1.02936369e+09 1.02936373e+09 1.02936377e+09 1.02936382e+09
 1.02936386e+09 1.02936390e+09 1.02936394e+09 1.02936398e+09
 1.02936402e+09 1.02936407e+09 1.02936411e+09 1.02936415e+09
 1.02936419e+09 1.02936423e+09 1.02936427e+09 1.02936432e+09
 1.02936436e+09 1.02936440e+09 1.02936444e+09 1.02936448e+09
 1.02936452e+09 1.02936457e+09 1.02936461e+09 1.02936465e+09
 1.02936469e+09 1.02936473e+09 1.02936477e+09 1.02936481e+09
 1.02936486e+09 1.02936490e+09 1.02936494e+09 1.02936498e+09
 1.02936502e+09 1.02936506e+09 1.02936511e+09 1.02936515e+09
 1.02936519e+09 1.02936523e+09 1.02936527e+09 1.02936531e+09
 1.02936536e+09 1.02936540e+09 1.02936544e+09 1.02936548e+09
 1.02936552e+09 1.02936556e+09 1.02936560e+09 1.02936565e+09
 1.02936569e+09 1.02936573e+09 1.02936577e+09 1.02936581e+09
 1.02936585e+09 1.02936590e+09 1.02936594e+09 1.02936598e+09
 1.02936602e+09 1.02936606e+09 1.02936610e+09 1.02936615e+09
 1.02936619e+09 1.02936623e+09 1.02936627e+09 1.02936631e+09
 1.02936635e+09 1.02936640e+09 1.02936644e+09 1.02936648e+09
 1.02936652e+09 1.02936656e+09 1.02936660e+09 1.02936664e+09
 1.02936669e+09 1.02936673e+09 1.02936677e+09 1.02936681e+09
 1.02936685e+09 1.02936689e+09 1.02936694e+09 1.02936698e+09
 1.02936702e+09 1.02936706e+09 1.02936710e+09 1.02936714e+09
 1.02936719e+09 1.02936723e+09 1.02936727e+09 1.02936731e+09
 1.02936735e+09 1.02936739e+09 1.02936743e+09 1.02936748e+09
 1.02936752e+09 1.02936756e+09 1.02936760e+09 1.02936764e+09
 1.02936768e+09 1.02936773e+09 1.02936777e+09 1.02936781e+09
 1.02936785e+09 1.02936789e+09 1.02936793e+09 1.02936798e+09
 1.02936802e+09 1.02936806e+09 1.02936810e+09 1.02936814e+09
 1.02936818e+09 1.02936823e+09 1.02936827e+09 1.02936831e+09
 1.02936835e+09 1.02936839e+09 1.02936843e+09 1.02936847e+09
 1.02936852e+09 1.02936856e+09 1.02936860e+09 1.02936864e+09
 1.02936868e+09 1.02936872e+09 1.02936877e+09 1.02936881e+09
 1.02936885e+09 1.02936889e+09 1.02936893e+09 1.02936897e+09
 1.02936902e+09 1.02936906e+09 1.02936910e+09 1.02936914e+09
 1.02936918e+09 1.02936922e+09 1.02936926e+09 1.02936931e+09
 1.02936935e+09 1.02936939e+09 1.02936943e+09 1.02936947e+09
 1.02936951e+09 1.02936956e+09 1.02936960e+09 1.02936964e+09
 1.02936968e+09 1.02936972e+09 1.02936976e+09 1.02936981e+09
 1.02936985e+09 1.02936989e+09 1.02936993e+09 1.02936997e+09
 1.02937001e+09 1.02937006e+09 1.02937010e+09 1.02937014e+09
 1.02937018e+09 1.02937022e+09 1.02937026e+09 1.02937030e+09
 1.02937035e+09 1.02937039e+09 1.02937043e+09 1.02937047e+09
 1.02937051e+09 1.02937055e+09 1.02937060e+09 1.02937064e+09
 1.02937068e+09 1.02937072e+09 1.02937076e+09 1.02937080e+09
 1.02937085e+09 1.02937089e+09 1.02937093e+09 1.02937097e+09
 1.02937101e+09 1.02937105e+09 1.02937109e+09 1.02937114e+09
 1.02937118e+09 1.02937122e+09 1.02937126e+09 1.02937130e+09
 1.02937134e+09 1.02937139e+09 1.02937143e+09 1.02937147e+09
 1.02937151e+09 1.02937155e+09 1.02937159e+09 1.02937164e+09
 1.02937168e+09 1.02937172e+09 1.02937176e+09 1.02937180e+09
 1.02937184e+09 1.02937189e+09 1.02937193e+09 1.02937197e+09
 1.02937201e+09 1.02937205e+09 1.02937209e+09 1.02937213e+09
 1.02937218e+09 1.02937222e+09 1.02937226e+09 1.02937230e+09
 1.02937234e+09 1.02937238e+09 1.02937243e+09 1.02937247e+09
 1.02937251e+09 1.02937255e+09 1.02937259e+09 1.02937263e+09
 1.02937268e+09 1.02937272e+09 1.02937276e+09 1.02937280e+09
 1.02937284e+09 1.02937288e+09 1.02937292e+09 1.02937297e+09
 1.02937301e+09 1.02937305e+09 1.02937309e+09 1.02937313e+09
 1.02937317e+09 1.02937322e+09 1.02937326e+09 1.02937330e+09
 1.02937334e+09 1.02937338e+09 1.02937342e+09 1.02937347e+09
 1.02937351e+09 1.02937355e+09 1.02937359e+09 1.02937363e+09
 1.02937367e+09 1.02937372e+09 1.02937376e+09 1.02937380e+09
 1.02937384e+09 1.02937388e+09 1.02937392e+09 1.02937396e+09
 1.02937401e+09 1.02937405e+09 1.02937409e+09 1.02937413e+09
 1.02937417e+09 1.02937421e+09 1.02937426e+09 1.02937430e+09
 1.02937434e+09 1.02937438e+09 1.02937442e+09 1.02937446e+09
 1.02937451e+09 1.02937455e+09 1.02937459e+09 1.02937463e+09
 1.02937467e+09 1.02937471e+09 1.02937476e+09 1.02937480e+09
 1.02937484e+09 1.02937488e+09 1.02937492e+09 1.02937496e+09
 1.02937500e+09 1.02937505e+09 1.02937509e+09 1.02937513e+09
 1.02937517e+09 1.02937521e+09 1.02937525e+09 1.02937530e+09
 1.02937534e+09 1.02937538e+09 1.02937542e+09 1.02937546e+09
 1.02937550e+09 1.02937555e+09 1.02937559e+09 1.02937563e+09
 1.02937567e+09 1.02937571e+09 1.02937575e+09 1.02937579e+09
 1.02937584e+09 1.02937588e+09 1.02937592e+09 1.02937596e+09
 1.02937600e+09 1.02937604e+09 1.02937609e+09 1.02937613e+09
 1.02937617e+09 1.02937621e+09 1.02937625e+09 1.02937629e+09
 1.02937634e+09 1.02937638e+09 1.02937642e+09 1.02937646e+09
 1.02937650e+09 1.02937654e+09 1.02937659e+09 1.02937663e+09
 1.02937667e+09 1.02937671e+09 1.02937675e+09 1.02937679e+09
 1.02937683e+09 1.02937688e+09 1.02937692e+09 1.02937696e+09
 1.02937700e+09 1.02937704e+09 1.02937708e+09 1.02937713e+09
 1.02937717e+09 1.02937721e+09 1.02937725e+09 1.02937729e+09
 1.02937733e+09 1.02937738e+09 1.02937742e+09 1.02937746e+09
 1.02937750e+09 1.02937754e+09 1.02937758e+09 1.02937762e+09
 1.02937767e+09 1.02937771e+09 1.02937775e+09 1.02937779e+09
 1.02937783e+09 1.02937787e+09 1.02937792e+09 1.02937796e+09
 1.02937800e+09 1.02937804e+09 1.02937808e+09 1.02937812e+09
 1.02937817e+09 1.02937821e+09 1.02937825e+09 1.02937829e+09
 1.02937833e+09 1.02937837e+09 1.02937842e+09 1.02937846e+09
 1.02937850e+09 1.02937854e+09 1.02937858e+09 1.02937862e+09
 1.02937866e+09 1.02937871e+09 1.02937875e+09 1.02937879e+09
 1.02937883e+09 1.02937887e+09 1.02937891e+09 1.02937896e+09
 1.02937900e+09 1.02937904e+09 1.02937908e+09 1.02937912e+09
 1.02937916e+09 1.02937921e+09 1.02937925e+09 1.02937929e+09
 1.02937933e+09 1.02937937e+09 1.02937941e+09 1.02937945e+09
 1.02937950e+09 1.02937954e+09 1.02937958e+09 1.02937962e+09
 1.02937966e+09 1.02937970e+09 1.02937975e+09 1.02937979e+09
 1.02937983e+09 1.02937987e+09 1.02937991e+09 1.02937995e+09
 1.02938000e+09 1.02938004e+09 1.02938008e+09 1.02938012e+09
 1.02938016e+09 1.02938020e+09 1.02938025e+09 1.02938029e+09
 1.02938033e+09 1.02938037e+09 1.02938041e+09 1.02938045e+09
 1.02938049e+09 1.02938054e+09 1.02938058e+09 1.02938062e+09
 1.02938066e+09 1.02938070e+09 1.02938074e+09 1.02938079e+09
 1.02938083e+09 1.02938087e+09 1.02938091e+09 1.02938095e+09
 1.02938099e+09 1.02938104e+09 1.02938108e+09 1.02938112e+09
 1.02938116e+09 1.02938120e+09 1.02938124e+09 1.02938128e+09
 1.02938133e+09 1.02938137e+09 1.02938141e+09 1.02938145e+09
 1.02938149e+09 1.02938153e+09 1.02938158e+09 1.02938162e+09
 1.02938166e+09 1.02938170e+09 1.02938174e+09 1.02938178e+09
 1.02938183e+09 1.02938187e+09 1.02938191e+09 1.02938195e+09
 1.02938199e+09 1.02938203e+09 1.02938208e+09 1.02938212e+09
 1.02938216e+09 1.02938220e+09 1.02938224e+09 1.02938228e+09
 1.02938232e+09 1.02938237e+09 1.02938241e+09 1.02938245e+09
 1.02938249e+09 1.02938253e+09 1.02938257e+09 1.02938262e+09
 1.02938266e+09 1.02938270e+09 1.02938274e+09 1.02938278e+09
 1.02938282e+09 1.02938287e+09 1.02938291e+09 1.02938295e+09
 1.02938299e+09 1.02938303e+09 1.02938307e+09 1.02938311e+09
 1.02938316e+09 1.02938320e+09 1.02938324e+09 1.02938328e+09
 1.02938332e+09 1.02938336e+09 1.02938341e+09 1.02938345e+09
 1.02938349e+09 1.02938353e+09 1.02938357e+09 1.02938361e+09
 1.02938366e+09 1.02938370e+09 1.02938374e+09 1.02938378e+09
 1.02938382e+09 1.02938386e+09 1.02938391e+09 1.02938395e+09
 1.02938399e+09 1.02938403e+09 1.02938407e+09 1.02938411e+09
 1.02938415e+09 1.02938420e+09 1.02938424e+09 1.02938428e+09
 1.02938432e+09 1.02938436e+09 1.02938440e+09 1.02938445e+09
 1.02938449e+09 1.02938453e+09 1.02938457e+09 1.02938461e+09
 1.02938465e+09 1.02938470e+09 1.02938474e+09 1.02938478e+09
 1.02938482e+09 1.02938486e+09 1.02938490e+09 1.02938494e+09
 1.02938499e+09 1.02938503e+09 1.02938507e+09 1.02938511e+09
 1.02938515e+09 1.02938519e+09 1.02938524e+09 1.02938528e+09
 1.02938532e+09 1.02938536e+09 1.02938540e+09 1.02938544e+09
 1.02938549e+09 1.02938553e+09 1.02938557e+09 1.02938561e+09
 1.02938565e+09 1.02938569e+09 1.02938574e+09 1.02938578e+09
 1.02938582e+09 1.02938586e+09 1.02938590e+09 1.02938594e+09
 1.02938598e+09 1.02938603e+09 1.02938607e+09 1.02938611e+09
 1.02938615e+09 1.02938619e+09 1.02938623e+09 1.02938628e+09
 1.02938632e+09 1.02938636e+09 1.02938640e+09 1.02938644e+09
 1.02938648e+09 1.02938653e+09 1.02938657e+09 1.02938661e+09
 1.02938665e+09 1.02938669e+09 1.02938673e+09 1.02938677e+09
 1.02938682e+09 1.02938686e+09 1.02938690e+09 1.02938694e+09
 1.02938698e+09 1.02938702e+09 1.02938707e+09 1.02938711e+09
 1.02938715e+09 1.02938719e+09 1.02938723e+09 1.02938727e+09
 1.02938732e+09 1.02938736e+09 1.02938740e+09 1.02938744e+09
 1.02938748e+09 1.02938752e+09 1.02938757e+09 1.02938761e+09
 1.02938765e+09 1.02938769e+09 1.02938773e+09 1.02938777e+09
 1.02938781e+09 1.02938786e+09 1.02938790e+09 1.02938794e+09
 1.02938798e+09 1.02938802e+09 1.02938806e+09 1.02938811e+09
 1.02938815e+09 1.02938819e+09 1.02938823e+09 1.02938827e+09
 1.02938831e+09 1.02938836e+09 1.02938840e+09 1.02938844e+09
 1.02938848e+09 1.02938852e+09 1.02938856e+09 1.02938861e+09
 1.02938865e+09 1.02938869e+09 1.02938873e+09 1.02938877e+09
 1.02938881e+09 1.02938885e+09 1.02938890e+09 1.02938894e+09
 1.02938898e+09 1.02938902e+09 1.02938906e+09 1.02938910e+09
 1.02938915e+09 1.02938919e+09 1.02938923e+09 1.02938927e+09
 1.02938931e+09 1.02938935e+09 1.02938940e+09 1.02938944e+09
 1.02938948e+09 1.02938952e+09 1.02938956e+09 1.02938960e+09
 1.02938964e+09 1.02938969e+09 1.02938973e+09 1.02938977e+09
 1.02938981e+09 1.02938985e+09 1.02938989e+09 1.02938994e+09
 1.02938998e+09 1.02939002e+09 1.02939006e+09 1.02939010e+09
 1.02939014e+09 1.02939019e+09 1.02939023e+09 1.02939027e+09
 1.02939031e+09 1.02939035e+09 1.02939039e+09 1.02939044e+09
 1.02939048e+09 1.02939052e+09 1.02939056e+09 1.02939060e+09
 1.02939064e+09 1.02939068e+09 1.02939073e+09 1.02939077e+09
 1.02939081e+09 1.02939085e+09 1.02939089e+09 1.02939093e+09
 1.02939098e+09 1.02939102e+09 1.02939106e+09 1.02939110e+09
 1.02939114e+09 1.02939118e+09 1.02939123e+09 1.02939127e+09
 1.02939131e+09 1.02939135e+09 1.02939139e+09 1.02939143e+09
 1.02939147e+09 1.02939152e+09 1.02939156e+09 1.02939160e+09
 1.02939164e+09 1.02939168e+09 1.02939172e+09 1.02939177e+09
 1.02939181e+09 1.02939185e+09 1.02939189e+09 1.02939193e+09
 1.02939197e+09 1.02939202e+09 1.02939206e+09 1.02939210e+09
 1.02939214e+09 1.02939218e+09 1.02939222e+09 1.02939227e+09
 1.02939231e+09 1.02939235e+09 1.02939239e+09 1.02939243e+09
 1.02939247e+09 1.02939251e+09 1.02939256e+09 1.02939260e+09
 1.02939264e+09 1.02939268e+09 1.02939272e+09 1.02939276e+09
 1.02939281e+09 1.02939285e+09 1.02939289e+09 1.02939293e+09
 1.02939297e+09 1.02939301e+09 1.02939306e+09 1.02939310e+09
 1.02939314e+09 1.02939318e+09 1.02939322e+09 1.02939326e+09
 1.02939330e+09 1.02939335e+09 1.02939339e+09 1.02939343e+09
 1.02939347e+09 1.02939351e+09 1.02939355e+09 1.02939360e+09
 1.02939364e+09 1.02939368e+09 1.02939372e+09 1.02939376e+09
 1.02939380e+09 1.02939385e+09 1.02939389e+09 1.02939393e+09
 1.02939397e+09 1.02939401e+09 1.02939405e+09 1.02939410e+09
 1.02939414e+09 1.02939418e+09 1.02939422e+09 1.02939426e+09
 1.02939430e+09 1.02939434e+09 1.02939439e+09 1.02939443e+09
 1.02939447e+09 1.02939451e+09 1.02939455e+09 1.02939459e+09
 1.02939464e+09 1.02939468e+09 1.02939472e+09 1.02939476e+09
 1.02939480e+09 1.02939484e+09 1.02939489e+09 1.02939493e+09
 1.02939497e+09 1.02939501e+09 1.02939505e+09 1.02939509e+09
 1.02939513e+09 1.02939518e+09 1.02939522e+09 1.02939526e+09
 1.02939530e+09 1.02939534e+09 1.02939538e+09 1.02939543e+09
 1.02939547e+09 1.02939551e+09 1.02939555e+09 1.02939559e+09
 1.02939563e+09 1.02939568e+09 1.02939572e+09 1.02939576e+09
 1.02939580e+09 1.02939584e+09 1.02939588e+09 1.02939593e+09
 1.02939597e+09 1.02939601e+09 1.02939605e+09 1.02939609e+09
 1.02939613e+09 1.02939617e+09 1.02939622e+09 1.02939626e+09
 1.02939630e+09 1.02939634e+09 1.02939638e+09 1.02939642e+09
 1.02939647e+09 1.02939651e+09 1.02939655e+09 1.02939659e+09
 1.02939663e+09 1.02939667e+09 1.02939672e+09 1.02939676e+09
 1.02939680e+09 1.02939684e+09 1.02939688e+09 1.02939692e+09
 1.02939696e+09 1.02939701e+09 1.02939705e+09 1.02939709e+09
 1.02939713e+09 1.02939717e+09 1.02939721e+09 1.02939726e+09
 1.02939730e+09 1.02939734e+09 1.02939738e+09 1.02939742e+09
 1.02939746e+09 1.02939751e+09 1.02939755e+09 1.02939759e+09
 1.02939763e+09 1.02939767e+09 1.02939771e+09 1.02939776e+09
 1.02939780e+09 1.02939784e+09 1.02939788e+09 1.02939792e+09
 1.02939796e+09 1.02939800e+09 1.02939805e+09 1.02939809e+09
 1.02939813e+09 1.02939817e+09 1.02939821e+09 1.02939825e+09
 1.02939830e+09 1.02939834e+09 1.02939838e+09 1.02939842e+09
 1.02939846e+09 1.02939850e+09 1.02939855e+09 1.02939859e+09
 1.02939863e+09 1.02939867e+09 1.02939871e+09 1.02939875e+09
 1.02939879e+09 1.02939884e+09 1.02939888e+09 1.02939892e+09
 1.02939896e+09 1.02939900e+09 1.02939904e+09 1.02939909e+09
 1.02939913e+09 1.02939917e+09 1.02939921e+09 1.02939925e+09
 1.02939929e+09 1.02939934e+09 1.02939938e+09 1.02939942e+09
 1.02939946e+09 1.02939950e+09 1.02939954e+09 1.02939959e+09
 1.02939963e+09 1.02939967e+09 1.02939971e+09 1.02939975e+09
 1.02939979e+09 1.02939983e+09 1.02939988e+09 1.02939992e+09
 1.02939996e+09 1.02940000e+09 1.02940004e+09 1.02940008e+09
 1.02940013e+09 1.02940017e+09 1.02940021e+09 1.02940025e+09
 1.02940029e+09 1.02940033e+09 1.02940038e+09 1.02940042e+09
 1.02940046e+09 1.02940050e+09 1.02940054e+09 1.02940058e+09
 1.02940062e+09 1.02940067e+09 1.02940071e+09 1.02940075e+09
 1.02940079e+09 1.02940083e+09 1.02940087e+09 1.02940092e+09
 1.02940096e+09 1.02940100e+09 1.02940104e+09 1.02940108e+09
 1.02940112e+09 1.02940117e+09 1.02940121e+09 1.02940125e+09
 1.02940129e+09 1.02940133e+09 1.02940137e+09 1.02940142e+09
 1.02940146e+09 1.02940150e+09 1.02940154e+09 1.02940158e+09
 1.02940162e+09 1.02940166e+09 1.02940171e+09 1.02940175e+09
 1.02940179e+09 1.02940183e+09 1.02940187e+09 1.02940191e+09
 1.02940196e+09 1.02940200e+09 1.02940204e+09 1.02940208e+09
 1.02940212e+09 1.02940216e+09 1.02940221e+09 1.02940225e+09
 1.02940229e+09 1.02940233e+09 1.02940237e+09 1.02940241e+09
 1.02940246e+09 1.02940250e+09 1.02940254e+09 1.02940258e+09
 1.02940262e+09 1.02940266e+09 1.02940270e+09 1.02940275e+09
 1.02940279e+09 1.02940283e+09 1.02940287e+09 1.02940291e+09
 1.02940295e+09 1.02940300e+09 1.02940304e+09 1.02940308e+09
 1.02940312e+09 1.02940316e+09 1.02940320e+09 1.02940325e+09
 1.02940329e+09 1.02940333e+09 1.02940337e+09 1.02940341e+09
 1.02940345e+09 1.02940349e+09 1.02940354e+09 1.02940358e+09
 1.02940362e+09 1.02940366e+09 1.02940370e+09 1.02940374e+09
 1.02940379e+09 1.02940383e+09 1.02940387e+09 1.02940391e+09
 1.02940395e+09 1.02940399e+09 1.02940404e+09 1.02940408e+09
 1.02940412e+09 1.02940416e+09 1.02940420e+09 1.02940424e+09
 1.02940429e+09 1.02940433e+09 1.02940437e+09 1.02940441e+09
 1.02940445e+09 1.02940449e+09 1.02940453e+09 1.02940458e+09]
minRes = 0.2531298449516574
minResTime =  [1.02940445e+09]
