name =JUICE_ROI_CAL_4_3_04
flyby =  ['2033 JUL 16 02:11:44', '2033 JUL 17 02:11:44']
Observation TW =  <SpiceCell dtype = 1, length = 0, size = 2400, card = 4, is_set = 1, adjust = 0, init = 1, base = 2554764705120, data = 2554764705168>
Res(t) =  [0.38812547 0.38875419 0.38940149 0.39006677 0.39074941 0.39144885
 0.39216455 0.39289599 0.39364267 0.39440411 0.39517986 0.39596948
 0.39677255 0.39758867 0.39841744 0.39925851 0.40011151 0.4009761
 0.40185195 0.40273875 0.40363618 0.40454396 0.4054618  0.40638942
 0.40732658 0.40827301 0.40922847 0.41019272 0.41116554 0.41214671
 0.41313601 0.41413324 0.4151382  0.41615071 0.41717057 0.4181976
 0.41923164 0.42027251 0.42132006 0.42237413 0.42343455 0.4245012
 0.42557391 0.42665257 0.42773702 0.42882714 0.42992281 0.4310239
 0.43213029 0.43324186 0.43435851 0.43548013 0.4366066  0.43773783
 0.43887372 0.44001416 0.44115907 0.44230835 0.44346191 0.44461967
 0.44578154 0.44694744 0.44811729 0.44929101 0.45046852 0.45164975
 0.45283463 0.45402308 0.45521505 0.45641045 0.45760924 0.45881133
 0.46001668 0.46122522 0.46243689 0.46365164 0.4648694  0.46609013
 0.46731376 0.46854026 0.46976956 0.47100162 0.47223638 0.47347381
 0.47471385 0.47595646 0.4772016  0.47844922 0.47969927 0.48095172
 0.48220654 0.48346366 0.48472307 0.48598472 0.48724857 0.48851459
 0.48978274 0.49105299 0.4923253  0.49359965 0.49487599 0.4961543
 0.49743454 0.49871668 0.5000007  0.50128656 0.50257424 0.50386371
 0.50515494 0.5064479  0.50774257 0.50903891 0.51033692 0.51163655
 0.51293779 0.51424061 0.51554499 0.5168509  0.51815833 0.51946725
 0.52077763 0.52208946 0.52340272 0.52471739 0.52603343 0.52735085
 0.52866961 0.5299897  0.53131109 0.53263378 0.53395773 0.53528294
 0.53660939 0.53793705 0.53926592 0.54059597 0.5419272  0.54325957
 0.54459309 0.54592772 0.54726347 0.5486003  0.54993822 0.55127719
 0.55261722 0.55395828 0.55530037 0.55664346 0.55798755 0.55933262
 0.56067865 0.56202565 0.56337359 0.56472246 0.56607225 0.56742295
 0.56877455 0.57012703 0.57148039 0.57283461 0.57418968 0.5755456
 0.57690234 0.57825991 0.57961828 0.58097746 0.58233743 0.58369818
 0.5850597  0.58642198 0.58778502 0.5891488  0.59051331 0.59187855
 0.5932445  0.59461117 0.59597853 0.59734659 0.59871532 0.60008474
 0.60145482 0.60282556 0.60419695 0.60556899 0.60694166 0.60831496
 0.60968888 0.61106342 0.61243856 0.61381431 0.61519064 0.61656757
 0.61794507 0.61932315 0.62070179 0.622081   0.62346076 0.62484106
 0.62622191 0.62760329 0.62898521 0.63036764 0.63175059 0.63313406
 0.63451803 0.6359025  0.63728747 0.63867293 0.64005887 0.64144529
 0.64283218 0.64421954 0.64560736 0.64699565 0.64838438 0.64977357
 0.6511632  0.65255326 0.65394376 0.65533469 0.65672605 0.65811782
 0.65951001 0.66090262 0.66229562 0.66368904 0.66508285 0.66647705
 0.66787164 0.66926662 0.67066198 0.67205772 0.67345384 0.67485032
 0.67624717 0.67764438 0.67904195 0.68043987 0.68183815 0.68323677
 0.68463574 0.68603504 0.68743469 0.68883466 0.69023497 0.6916356
 0.69303656 0.69443784 0.69583943 0.69724133 0.69864355 0.70004607
 0.7014489  0.70285203 0.70425546 0.70565918 0.70706319 0.70846749
 0.70987208 0.71127695 0.7126821  0.71408753 0.71549324 0.71689921
 0.71830546 0.71971197 0.72111874 0.72252578 0.72393307 0.72534063
 0.72674843 0.72815649 0.72956479 0.73097334 0.73238214 0.73379118
 0.73520045 0.73660996 0.73801971 0.73942969 0.74083989 0.74225033
 0.74366099 0.74507187 0.74648298 0.7478943  0.74930584 0.7507176
 0.75212956 0.75354174 0.75495413 0.75636672 0.75777952 0.75919251
 0.76060571 0.76201911 0.7634327  0.76484649 0.76626047 0.76767464
 0.76908901 0.77050355 0.77191829 0.7733332  0.7747483  0.77616358
 0.77757904 0.77899467 0.78041048 0.78182646 0.78324262 0.78465894
 0.78607543 0.78749209 0.78890891 0.7903259  0.79490651 0.79632185
 0.79773735 0.79915303 0.80056886 0.80198486 0.80340102 0.80481734
 0.80623382 0.80765046 0.80906725 0.81048419 0.81190129 0.81331854
 0.81473593 0.81615348 0.81757117 0.81898901 0.82040699 0.82182512
 0.82324338 0.82466179 0.82608033 0.82749901 0.82891783 0.83033678
 0.83175587 0.83317509 0.83459443 0.83601391 0.83743352 0.83885325
 0.84027311 0.8416931  0.8431132  0.84453344 0.84595379 0.84737426
 0.84879485 0.85021556 0.85163638 0.85305733 0.85447838 0.85589955
 0.85732083 0.85874222 0.86016373 0.86158534 0.86300706 0.86442889
 0.86585082 0.86727286 0.868695   0.87011725 0.87153959 0.87296204
 0.87438459 0.87580724 0.87722998 0.87865283 0.88007577 0.8814988
 0.88292193 0.88434515 0.88576847 0.88719187 0.88861537 0.89003896
 0.89146263 0.8928864  0.89431025 0.89573419 0.89715821 0.89858232
 0.90000651 0.90143079 0.90285514 0.90427958 0.9057041  0.9071287
 0.90855338 0.90997814 0.91140297 0.91282788 0.91425287 0.91567793
 0.91710306 0.91852827 0.91995356 0.92137891 0.92280434 0.92422983
 0.9256554  0.92708104 0.92850674 0.92993251 0.93135835 0.93278426
 0.93421023 0.93563627 0.93706237 0.93848853 0.93991476 0.94134105
 0.9427674  0.94419381 0.94562029 0.94704682 0.94847341 0.94990006
 0.95132677 0.95275354 0.95418036 0.95560724 0.95703417 0.95846116
 0.9598882  0.9613153  0.96274245 0.96416965 0.96559691 0.96702421
 0.96845157 0.96987897 0.97130643 0.97273394 0.97416149 0.97558909
 0.97701674 0.97844444 0.97987218 0.98129997 0.9827278  0.98415568
 0.9855836  0.98701157 0.98843957 0.98986763 0.99129572 0.99272386
 0.99415203 0.99558025 0.99700851 0.99843681 0.99986514 1.00129352
 1.00272193 1.00415039 1.00557887 1.0070074  1.00843596 1.00986456
 1.0112932  1.01272186 1.01415057 1.01557931 1.01700808 1.01843688
 1.01986572 1.02129459 1.02272349 1.02415242 1.02558139 1.02701038
 1.02843941 1.02986846 1.03129755 1.03272666 1.0341558  1.03558497
 1.03701417 1.0384434  1.03987265 1.04130193 1.04273123 1.04416056
 1.04558992 1.0470193  1.04844871 1.04987814 1.0513076  1.05273707
 1.05416657 1.0555961  1.05702565 1.05845521 1.0598848  1.06131442
 1.06274405 1.0641737  1.06560338 1.06703307 1.06846278 1.06989252
 1.07132227 1.07275204 1.07418183 1.07561163 1.07704146 1.0784713
 1.07990116 1.08133103 1.08276092 1.08419083 1.08562075 1.08705069
 1.08848064 1.08991061 1.09134059 1.09277059 1.0942006  1.09563062
 1.09706066 1.09849071 1.09992077 1.10135085 1.10278093 1.10421103
 1.10564114 1.10707126 1.10850139 1.10993154 1.11136169 1.11279185
 1.11422202 1.1156522  1.11708239 1.11851259 1.1199428  1.12137302
 1.12280324 1.12423347 1.12566371 1.12709396 1.12852421 1.12995447
 1.13138474 1.13281501 1.13424529 1.13567557 1.13710586 1.13853616
 1.13996646 1.14139676 1.14282707 1.14425739 1.1456877  1.14711802
 1.14854835 1.14997868 1.15140901 1.15283934 1.15426968 1.15570001
 1.15713035 1.1585607  1.15999104 1.16142138 1.16285173 1.16428208
 1.16571242 1.16714277 1.16857312 1.17000347 1.17143382 1.17286417
 1.17429451 1.17572486 1.1771552  1.17858555 1.18001589 1.18144623
 1.18287657 1.18430691 1.18573724 1.18716757 1.1885979  1.19002823
 1.19145855 1.19288887 1.19431918 1.1957495  1.1971798  1.19861011
 1.20004041 1.2014707  1.20290099 1.20433128 1.20576156 1.20719184
 1.20862211 1.21005237 1.21148263 1.21291288 1.21434313 1.21577337
 1.2172036  1.21863383 1.22006405 1.22149426 1.22292446 1.22435466
 1.22578485 1.22721503 1.22864521 1.23007537 1.23150553 1.23293568
 1.23436582 1.23579595 1.23722608 1.23865619 1.24008629 1.24151639
 1.24294647 1.24437655 1.24580661 1.24723667 1.24866671 1.25009675
 1.25152677 1.25295678 1.25438679 1.25581678 1.25724676 1.25867673
 1.26010668 1.26153663 1.26296656 1.26439648 1.26582639 1.26725629
 1.26868617 1.27011604 1.2715459  1.27297575 1.27440558 1.2758354
 1.2772652  1.278695   1.28012478 1.28155454 1.28298429 1.28441403
 1.28584375 1.28727346 1.28870316 1.29013284 1.2915625  1.29299215
 1.29442179 1.29585141 1.29728101 1.2987106  1.30014017 1.30156973
 1.30299927 1.3044288  1.30585831 1.3072878  1.30871728 1.31014674
 1.31157619 1.31300562 1.31443503 1.31586442 1.3172938  1.31872316
 1.3201525  1.32158183 1.32301114 1.32444043 1.3258697  1.32729895
 1.32872819 1.33015741 1.33158661 1.33301579 1.33444495 1.3358741
 1.33730322 1.33873233 1.34016142 1.34159049 1.34301953 1.34444857
 1.34587758 1.34730657 1.34873554 1.35016449 1.35159342 1.35302234
 1.35445123 1.3558801  1.35730895 1.35873778 1.36016659 1.36159538
 1.36302415 1.3644529  1.36588163 1.36731034 1.36873902 1.37016769
 1.37159633 1.37302495 1.37445355 1.37588213 1.37731068 1.37873922
 1.38016773 1.38159622 1.38302469 1.38445314 1.38588156 1.38730996
 1.38873834 1.3901667  1.39159503 1.39302334 1.39445163 1.3958799
 1.39730814 1.39873636 1.40016455 1.40159273 1.40302088 1.404449
 1.4058771  1.40730518 1.40873323 1.41016126 1.41158927 1.41301725
 1.41444521 1.41587314 1.41730105 1.41872894 1.4201568  1.42158463
 1.42301245 1.42444023 1.42586799 1.42729573 1.42872344 1.43015113
 1.43157879 1.43300642 1.43443403 1.43586162 1.43728918 1.43871671
 1.44014422 1.4415717  1.44299916 1.44442659 1.44585399 1.44728137
 1.44870872 1.45013605 1.45156335 1.45299062 1.45441787 1.45584509
 1.45727228 1.45869945 1.46012659 1.4615537  1.46298079 1.46440785
 1.46583488 1.46726189 1.46868886 1.47011581 1.47154274 1.47296963
 1.4743965  1.47582334 1.47725015 1.47867694 1.4801037  1.48153042
 1.48295713 1.4843838  1.48581044 1.48723706 1.48866365 1.49009021
 1.49151674 1.49294325 1.49436972 1.49579617 1.49722258 1.49864897
 1.50007533 1.50150166 1.50292797 1.50435424 1.50578048 1.5072067
 1.50863289 1.51005904 1.51148517 1.51291127 1.51433734 1.51576338
 1.51718939 1.51861537 1.52004132 1.52146724 1.52289313 1.52431899
 1.52574482 1.52717062 1.52859639 1.53002213 1.53144784 1.53287352
 1.53429917 1.53572479 1.53715038 1.53857594 1.54000147 1.54142696
 1.54285243 1.54427787 1.54570327 1.54712865 1.54855399 1.5499793
 1.55140458 1.55282983 1.55425505 1.55568024 1.5571054  1.55853052
 1.55995562 1.56138068 1.56280571 1.56423071 1.56565568 1.56708061
 1.56850552 1.56993039 1.57135523 1.57278004 1.57420482 1.57562956
 1.57705428 1.57847896 1.57990361 1.58132823 1.58275281 1.58417736
 1.58560188 1.58702637 1.58845083 1.58987525 1.59129964 1.592724
 1.59414832 1.59557262 1.59699688 1.5984211  1.5998453  1.60126946
 1.60269359 1.60411768 1.60554174 1.60696577 1.60838977 1.60981373
 1.61123766 1.61266156 1.61408542 1.61550925 1.61693305 1.61835681
 1.61978054 1.62120423 1.6226279  1.62405152 1.62547512 1.62689868
 1.62832221 1.6297457  1.63116916 1.63259258 1.63401598 1.63543933
 1.63686266 1.63828595 1.6397092  1.64113242 1.64255561 1.64397876
 1.64540188 1.64682496 1.64824801 1.64967103 1.65109401 1.65251695
 1.65393986 1.65536274 1.65678558 1.65820839 1.65963116 1.6610539
 1.6624766  1.66389927 1.6653219  1.6667445  1.66816706 1.66958959
 1.67101208 1.67243454 1.67385696 1.67527935 1.6767017  1.67812402
 1.6795463  1.68096854 1.68239076 1.68381293 1.68523507 1.68665717
 1.68807924 1.68950127 1.69092327 1.69234523 1.69376716 1.69518905
 1.6966109  1.69803272 1.6994545  1.70087625 1.70229796 1.70371963
 1.70514127 1.70656287 1.70798444 1.70940597 1.71082746 1.71224892
 1.71367034 1.71509173 1.71651308 1.71793439 1.71935567 1.72077691
 1.72219811 1.72361928 1.72504041 1.7264615  1.72788256 1.72930358
 1.73072456 1.73214551 1.73356642 1.73498729 1.73640813 1.73782892
 1.73924969 1.74067041 1.7420911  1.74351175 1.74493237 1.74635295
 1.74777349 1.74919399 1.75061446 1.75203488 1.75345528 1.75487563
 1.75629595 1.75771623 1.75913647 1.76055668 1.76197684 1.76339697
 1.76481707 1.76623712 1.76765714 1.76907712]
t =  [1.05841052e+09 1.05841054e+09 1.05841055e+09 1.05841057e+09
 1.05841058e+09 1.05841059e+09 1.05841061e+09 1.05841062e+09
 1.05841064e+09 1.05841065e+09 1.05841067e+09 1.05841068e+09
 1.05841070e+09 1.05841071e+09 1.05841072e+09 1.05841074e+09
 1.05841075e+09 1.05841077e+09 1.05841078e+09 1.05841080e+09
 1.05841081e+09 1.05841082e+09 1.05841084e+09 1.05841085e+09
 1.05841087e+09 1.05841088e+09 1.05841090e+09 1.05841091e+09
 1.05841092e+09 1.05841094e+09 1.05841095e+09 1.05841097e+09
 1.05841098e+09 1.05841100e+09 1.05841101e+09 1.05841102e+09
 1.05841104e+09 1.05841105e+09 1.05841107e+09 1.05841108e+09
 1.05841110e+09 1.05841111e+09 1.05841112e+09 1.05841114e+09
 1.05841115e+09 1.05841117e+09 1.05841118e+09 1.05841120e+09
 1.05841121e+09 1.05841123e+09 1.05841124e+09 1.05841125e+09
 1.05841127e+09 1.05841128e+09 1.05841130e+09 1.05841131e+09
 1.05841133e+09 1.05841134e+09 1.05841135e+09 1.05841137e+09
 1.05841138e+09 1.05841140e+09 1.05841141e+09 1.05841143e+09
 1.05841144e+09 1.05841145e+09 1.05841147e+09 1.05841148e+09
 1.05841150e+09 1.05841151e+09 1.05841153e+09 1.05841154e+09
 1.05841155e+09 1.05841157e+09 1.05841158e+09 1.05841160e+09
 1.05841161e+09 1.05841163e+09 1.05841164e+09 1.05841165e+09
 1.05841167e+09 1.05841168e+09 1.05841170e+09 1.05841171e+09
 1.05841173e+09 1.05841174e+09 1.05841176e+09 1.05841177e+09
 1.05841178e+09 1.05841180e+09 1.05841181e+09 1.05841183e+09
 1.05841184e+09 1.05841186e+09 1.05841187e+09 1.05841188e+09
 1.05841190e+09 1.05841191e+09 1.05841193e+09 1.05841194e+09
 1.05841196e+09 1.05841197e+09 1.05841198e+09 1.05841200e+09
 1.05841201e+09 1.05841203e+09 1.05841204e+09 1.05841206e+09
 1.05841207e+09 1.05841208e+09 1.05841210e+09 1.05841211e+09
 1.05841213e+09 1.05841214e+09 1.05841216e+09 1.05841217e+09
 1.05841218e+09 1.05841220e+09 1.05841221e+09 1.05841223e+09
 1.05841224e+09 1.05841226e+09 1.05841227e+09 1.05841229e+09
 1.05841230e+09 1.05841231e+09 1.05841233e+09 1.05841234e+09
 1.05841236e+09 1.05841237e+09 1.05841239e+09 1.05841240e+09
 1.05841241e+09 1.05841243e+09 1.05841244e+09 1.05841246e+09
 1.05841247e+09 1.05841249e+09 1.05841250e+09 1.05841251e+09
 1.05841253e+09 1.05841254e+09 1.05841256e+09 1.05841257e+09
 1.05841259e+09 1.05841260e+09 1.05841261e+09 1.05841263e+09
 1.05841264e+09 1.05841266e+09 1.05841267e+09 1.05841269e+09
 1.05841270e+09 1.05841271e+09 1.05841273e+09 1.05841274e+09
 1.05841276e+09 1.05841277e+09 1.05841279e+09 1.05841280e+09
 1.05841282e+09 1.05841283e+09 1.05841284e+09 1.05841286e+09
 1.05841287e+09 1.05841289e+09 1.05841290e+09 1.05841292e+09
 1.05841293e+09 1.05841294e+09 1.05841296e+09 1.05841297e+09
 1.05841299e+09 1.05841300e+09 1.05841302e+09 1.05841303e+09
 1.05841304e+09 1.05841306e+09 1.05841307e+09 1.05841309e+09
 1.05841310e+09 1.05841312e+09 1.05841313e+09 1.05841314e+09
 1.05841316e+09 1.05841317e+09 1.05841319e+09 1.05841320e+09
 1.05841322e+09 1.05841323e+09 1.05841324e+09 1.05841326e+09
 1.05841327e+09 1.05841329e+09 1.05841330e+09 1.05841332e+09
 1.05841333e+09 1.05841335e+09 1.05841336e+09 1.05841337e+09
 1.05841339e+09 1.05841340e+09 1.05841342e+09 1.05841343e+09
 1.05841345e+09 1.05841346e+09 1.05841347e+09 1.05841349e+09
 1.05841350e+09 1.05841352e+09 1.05841353e+09 1.05841355e+09
 1.05841356e+09 1.05841357e+09 1.05841359e+09 1.05841360e+09
 1.05841362e+09 1.05841363e+09 1.05841365e+09 1.05841366e+09
 1.05841367e+09 1.05841369e+09 1.05841370e+09 1.05841372e+09
 1.05841373e+09 1.05841375e+09 1.05841376e+09 1.05841377e+09
 1.05841379e+09 1.05841380e+09 1.05841382e+09 1.05841383e+09
 1.05841385e+09 1.05841386e+09 1.05841388e+09 1.05841389e+09
 1.05841390e+09 1.05841392e+09 1.05841393e+09 1.05841395e+09
 1.05841396e+09 1.05841398e+09 1.05841399e+09 1.05841400e+09
 1.05841402e+09 1.05841403e+09 1.05841405e+09 1.05841406e+09
 1.05841408e+09 1.05841409e+09 1.05841410e+09 1.05841412e+09
 1.05841413e+09 1.05841415e+09 1.05841416e+09 1.05841418e+09
 1.05841419e+09 1.05841420e+09 1.05841422e+09 1.05841423e+09
 1.05841425e+09 1.05841426e+09 1.05841428e+09 1.05841429e+09
 1.05841430e+09 1.05841432e+09 1.05841433e+09 1.05841435e+09
 1.05841436e+09 1.05841438e+09 1.05841439e+09 1.05841441e+09
 1.05841442e+09 1.05841443e+09 1.05841445e+09 1.05841446e+09
 1.05841448e+09 1.05841449e+09 1.05841451e+09 1.05841452e+09
 1.05841453e+09 1.05841455e+09 1.05841456e+09 1.05841458e+09
 1.05841459e+09 1.05841461e+09 1.05841462e+09 1.05841463e+09
 1.05841465e+09 1.05841466e+09 1.05841468e+09 1.05841469e+09
 1.05841471e+09 1.05841472e+09 1.05841473e+09 1.05841475e+09
 1.05841476e+09 1.05841478e+09 1.05841479e+09 1.05841481e+09
 1.05841482e+09 1.05841483e+09 1.05841485e+09 1.05841486e+09
 1.05841488e+09 1.05841489e+09 1.05841491e+09 1.05841492e+09
 1.05841494e+09 1.05841495e+09 1.05841496e+09 1.05841498e+09
 1.05841499e+09 1.05841501e+09 1.05841502e+09 1.05841504e+09
 1.05841505e+09 1.05841506e+09 1.05841508e+09 1.05841509e+09
 1.05841511e+09 1.05841512e+09 1.05841514e+09 1.05841515e+09
 1.05841516e+09 1.05841518e+09 1.05841519e+09 1.05841521e+09
 1.05841522e+09 1.05841524e+09 1.05841525e+09 1.05841526e+09
 1.05841528e+09 1.05841529e+09 1.05841531e+09 1.05841532e+09
 1.05841534e+09 1.05841535e+09 1.05841536e+09 1.05841538e+09
 1.05841539e+09 1.05841541e+09 1.05841542e+09 1.05841544e+09
 1.05841545e+09 1.05841547e+09 1.05841548e+09 1.05841549e+09
 1.05841551e+09 1.05841552e+09 1.05841554e+09 1.05841555e+09
 1.05841557e+09 1.05841558e+09 1.05841559e+09 1.05841561e+09
 1.05841562e+09 1.05841564e+09 1.05841565e+09 1.05841567e+09
 1.05841568e+09 1.05841569e+09 1.05841571e+09 1.05841572e+09
 1.05841574e+09 1.05841575e+09 1.05841577e+09 1.05841578e+09
 1.05841579e+09 1.05841581e+09 1.05841582e+09 1.05841584e+09
 1.05841585e+09 1.05841587e+09 1.05841588e+09 1.05841589e+09
 1.05841591e+09 1.05841592e+09 1.05841594e+09 1.05841595e+09
 1.05841597e+09 1.05841598e+09 1.05841600e+09 1.05841601e+09
 1.05841602e+09 1.05841604e+09 1.05841605e+09 1.05841607e+09
 1.05841608e+09 1.05841610e+09 1.05841611e+09 1.05841612e+09
 1.05841614e+09 1.05841615e+09 1.05841617e+09 1.05841618e+09
 1.05841620e+09 1.05841621e+09 1.05841622e+09 1.05841624e+09
 1.05841625e+09 1.05841627e+09 1.05841628e+09 1.05841630e+09
 1.05841631e+09 1.05841632e+09 1.05841634e+09 1.05841635e+09
 1.05841637e+09 1.05841638e+09 1.05841640e+09 1.05841641e+09
 1.05841642e+09 1.05841644e+09 1.05841645e+09 1.05841647e+09
 1.05841648e+09 1.05841650e+09 1.05841651e+09 1.05841653e+09
 1.05841654e+09 1.05841655e+09 1.05841657e+09 1.05841658e+09
 1.05841660e+09 1.05841661e+09 1.05841663e+09 1.05841664e+09
 1.05841665e+09 1.05841667e+09 1.05841668e+09 1.05841670e+09
 1.05841671e+09 1.05841673e+09 1.05841674e+09 1.05841675e+09
 1.05841677e+09 1.05841678e+09 1.05841680e+09 1.05841681e+09
 1.05841683e+09 1.05841684e+09 1.05841685e+09 1.05841687e+09
 1.05841688e+09 1.05841690e+09 1.05841691e+09 1.05841693e+09
 1.05841694e+09 1.05841695e+09 1.05841697e+09 1.05841698e+09
 1.05841700e+09 1.05841701e+09 1.05841703e+09 1.05841704e+09
 1.05841706e+09 1.05841707e+09 1.05841708e+09 1.05841710e+09
 1.05841711e+09 1.05841713e+09 1.05841714e+09 1.05841716e+09
 1.05841717e+09 1.05841718e+09 1.05841720e+09 1.05841721e+09
 1.05841723e+09 1.05841724e+09 1.05841726e+09 1.05841727e+09
 1.05841728e+09 1.05841730e+09 1.05841731e+09 1.05841733e+09
 1.05841734e+09 1.05841736e+09 1.05841737e+09 1.05841738e+09
 1.05841740e+09 1.05841741e+09 1.05841743e+09 1.05841744e+09
 1.05841746e+09 1.05841747e+09 1.05841748e+09 1.05841750e+09
 1.05841751e+09 1.05841753e+09 1.05841754e+09 1.05841756e+09
 1.05841757e+09 1.05841759e+09 1.05841760e+09 1.05841761e+09
 1.05841763e+09 1.05841764e+09 1.05841766e+09 1.05841767e+09
 1.05841769e+09 1.05841770e+09 1.05841771e+09 1.05841773e+09
 1.05841774e+09 1.05841776e+09 1.05841777e+09 1.05841779e+09
 1.05841780e+09 1.05841781e+09 1.05841783e+09 1.05841784e+09
 1.05841786e+09 1.05841787e+09 1.05841789e+09 1.05841790e+09
 1.05841791e+09 1.05841793e+09 1.05841794e+09 1.05841796e+09
 1.05841797e+09 1.05841799e+09 1.05841800e+09 1.05841801e+09
 1.05841803e+09 1.05841804e+09 1.05841806e+09 1.05841807e+09
 1.05841809e+09 1.05841810e+09 1.05841812e+09 1.05841813e+09
 1.05841814e+09 1.05841816e+09 1.05841817e+09 1.05841819e+09
 1.05841820e+09 1.05841822e+09 1.05841823e+09 1.05841824e+09
 1.05841826e+09 1.05841827e+09 1.05841829e+09 1.05841830e+09
 1.05841832e+09 1.05841833e+09 1.05841834e+09 1.05841836e+09
 1.05841837e+09 1.05841839e+09 1.05841840e+09 1.05841842e+09
 1.05841843e+09 1.05841844e+09 1.05841846e+09 1.05841847e+09
 1.05841849e+09 1.05841850e+09 1.05841852e+09 1.05841853e+09
 1.05841854e+09 1.05841856e+09 1.05841857e+09 1.05841859e+09
 1.05841860e+09 1.05841862e+09 1.05841863e+09 1.05841865e+09
 1.05841866e+09 1.05841867e+09 1.05841869e+09 1.05841870e+09
 1.05841872e+09 1.05841873e+09 1.05841875e+09 1.05841876e+09
 1.05841877e+09 1.05841879e+09 1.05841880e+09 1.05841882e+09
 1.05841883e+09 1.05841885e+09 1.05841886e+09 1.05841887e+09
 1.05841889e+09 1.05841890e+09 1.05841892e+09 1.05841893e+09
 1.05841895e+09 1.05841896e+09 1.05841897e+09 1.05841899e+09
 1.05841900e+09 1.05841902e+09 1.05841903e+09 1.05841905e+09
 1.05841906e+09 1.05841907e+09 1.05841909e+09 1.05841910e+09
 1.05841912e+09 1.05841913e+09 1.05841915e+09 1.05841916e+09
 1.05841918e+09 1.05841919e+09 1.05841920e+09 1.05841922e+09
 1.05841923e+09 1.05841925e+09 1.05841926e+09 1.05841928e+09
 1.05841929e+09 1.05841930e+09 1.05841932e+09 1.05841933e+09
 1.05841935e+09 1.05841936e+09 1.05841938e+09 1.05841939e+09
 1.05841940e+09 1.05841942e+09 1.05841943e+09 1.05841945e+09
 1.05841946e+09 1.05841948e+09 1.05841949e+09 1.05841950e+09
 1.05841952e+09 1.05841953e+09 1.05841955e+09 1.05841956e+09
 1.05841958e+09 1.05841959e+09 1.05841960e+09 1.05841962e+09
 1.05841963e+09 1.05841965e+09 1.05841966e+09 1.05841968e+09
 1.05841969e+09 1.05841971e+09 1.05841972e+09 1.05841973e+09
 1.05841975e+09 1.05841976e+09 1.05841978e+09 1.05841979e+09
 1.05841981e+09 1.05841982e+09 1.05841983e+09 1.05841985e+09
 1.05841986e+09 1.05841988e+09 1.05841989e+09 1.05841991e+09
 1.05841992e+09 1.05841993e+09 1.05841995e+09 1.05841996e+09
 1.05841998e+09 1.05841999e+09 1.05842001e+09 1.05842002e+09
 1.05842003e+09 1.05842005e+09 1.05842006e+09 1.05842008e+09
 1.05842009e+09 1.05842011e+09 1.05842012e+09 1.05842013e+09
 1.05842015e+09 1.05842016e+09 1.05842018e+09 1.05842019e+09
 1.05842021e+09 1.05842022e+09 1.05842024e+09 1.05842025e+09
 1.05842026e+09 1.05842028e+09 1.05842029e+09 1.05842031e+09
 1.05842032e+09 1.05842034e+09 1.05842035e+09 1.05842036e+09
 1.05842038e+09 1.05842039e+09 1.05842041e+09 1.05842042e+09
 1.05842044e+09 1.05842045e+09 1.05842046e+09 1.05842048e+09
 1.05842049e+09 1.05842051e+09 1.05842052e+09 1.05842054e+09
 1.05842055e+09 1.05842056e+09 1.05842058e+09 1.05842059e+09
 1.05842061e+09 1.05842062e+09 1.05842064e+09 1.05842065e+09
 1.05842066e+09 1.05842068e+09 1.05842069e+09 1.05842071e+09
 1.05842072e+09 1.05842074e+09 1.05842075e+09 1.05842077e+09
 1.05842078e+09 1.05842079e+09 1.05842081e+09 1.05842082e+09
 1.05842084e+09 1.05842085e+09 1.05842087e+09 1.05842088e+09
 1.05842089e+09 1.05842091e+09 1.05842092e+09 1.05842094e+09
 1.05842095e+09 1.05842097e+09 1.05842098e+09 1.05842099e+09
 1.05842101e+09 1.05842102e+09 1.05842104e+09 1.05842105e+09
 1.05842107e+09 1.05842108e+09 1.05842109e+09 1.05842111e+09
 1.05842112e+09 1.05842114e+09 1.05842115e+09 1.05842117e+09
 1.05842118e+09 1.05842119e+09 1.05842121e+09 1.05842122e+09
 1.05842124e+09 1.05842125e+09 1.05842127e+09 1.05842128e+09
 1.05842130e+09 1.05842131e+09 1.05842132e+09 1.05842134e+09
 1.05842135e+09 1.05842137e+09 1.05842138e+09 1.05842140e+09
 1.05842141e+09 1.05842142e+09 1.05842144e+09 1.05842145e+09
 1.05842147e+09 1.05842148e+09 1.05842150e+09 1.05842151e+09
 1.05842152e+09 1.05842154e+09 1.05842155e+09 1.05842157e+09
 1.05842158e+09 1.05842160e+09 1.05842161e+09 1.05842162e+09
 1.05842164e+09 1.05842165e+09 1.05842167e+09 1.05842168e+09
 1.05842170e+09 1.05842171e+09 1.05842172e+09 1.05842174e+09
 1.05842175e+09 1.05842177e+09 1.05842178e+09 1.05842180e+09
 1.05842181e+09 1.05842183e+09 1.05842184e+09 1.05842185e+09
 1.05842187e+09 1.05842188e+09 1.05842190e+09 1.05842191e+09
 1.05842193e+09 1.05842194e+09 1.05842195e+09 1.05842197e+09
 1.05842198e+09 1.05842200e+09 1.05842201e+09 1.05842203e+09
 1.05842204e+09 1.05842205e+09 1.05842207e+09 1.05842208e+09
 1.05842210e+09 1.05842211e+09 1.05842213e+09 1.05842214e+09
 1.05842215e+09 1.05842217e+09 1.05842218e+09 1.05842220e+09
 1.05842221e+09 1.05842223e+09 1.05842224e+09 1.05842225e+09
 1.05842227e+09 1.05842228e+09 1.05842230e+09 1.05842231e+09
 1.05842233e+09 1.05842234e+09 1.05842236e+09 1.05842237e+09
 1.05842238e+09 1.05842240e+09 1.05842241e+09 1.05842243e+09
 1.05842244e+09 1.05842246e+09 1.05842247e+09 1.05842248e+09
 1.05842250e+09 1.05842251e+09 1.05842253e+09 1.05842254e+09
 1.05842256e+09 1.05842257e+09 1.05842258e+09 1.05842260e+09
 1.05842261e+09 1.05842263e+09 1.05842264e+09 1.05842266e+09
 1.05842267e+09 1.05842268e+09 1.05842270e+09 1.05842271e+09
 1.05842273e+09 1.05842274e+09 1.05842276e+09 1.05842277e+09
 1.05842278e+09 1.05842280e+09 1.05842281e+09 1.05842283e+09
 1.05842284e+09 1.05842286e+09 1.05842287e+09 1.05842289e+09
 1.05842290e+09 1.05842291e+09 1.05842293e+09 1.05842294e+09
 1.05842296e+09 1.05842297e+09 1.05842299e+09 1.05842300e+09
 1.05842301e+09 1.05842303e+09 1.05842304e+09 1.05842306e+09
 1.05842307e+09 1.05842309e+09 1.05842310e+09 1.05842311e+09
 1.05842313e+09 1.05842314e+09 1.05842316e+09 1.05842317e+09
 1.05842319e+09 1.05842320e+09 1.05842321e+09 1.05842323e+09
 1.05842324e+09 1.05842326e+09 1.05842327e+09 1.05842329e+09
 1.05842330e+09 1.05842331e+09 1.05842333e+09 1.05842334e+09
 1.05842336e+09 1.05842337e+09 1.05842339e+09 1.05842340e+09
 1.05842342e+09 1.05842343e+09 1.05842344e+09 1.05842346e+09
 1.05842347e+09 1.05842349e+09 1.05842350e+09 1.05842352e+09
 1.05842353e+09 1.05842354e+09 1.05842356e+09 1.05842357e+09
 1.05842359e+09 1.05842360e+09 1.05842362e+09 1.05842363e+09
 1.05842364e+09 1.05842366e+09 1.05842367e+09 1.05842369e+09
 1.05842370e+09 1.05842372e+09 1.05842373e+09 1.05842374e+09
 1.05842376e+09 1.05842377e+09 1.05842379e+09 1.05842380e+09
 1.05842382e+09 1.05842383e+09 1.05842384e+09 1.05842386e+09
 1.05842387e+09 1.05842389e+09 1.05842390e+09 1.05842392e+09
 1.05842393e+09 1.05842395e+09 1.05842396e+09 1.05842397e+09
 1.05842399e+09 1.05842400e+09 1.05842402e+09 1.05842403e+09
 1.05842405e+09 1.05842406e+09 1.05842407e+09 1.05842409e+09
 1.05842410e+09 1.05842412e+09 1.05842413e+09 1.05842415e+09
 1.05842416e+09 1.05842417e+09 1.05842419e+09 1.05842420e+09
 1.05842422e+09 1.05842423e+09 1.05842425e+09 1.05842426e+09
 1.05842427e+09 1.05842429e+09 1.05842430e+09 1.05842432e+09
 1.05842433e+09 1.05842435e+09 1.05842436e+09 1.05842437e+09
 1.05842439e+09 1.05842440e+09 1.05842442e+09 1.05842443e+09
 1.05842445e+09 1.05842446e+09 1.05842448e+09 1.05842449e+09
 1.05842450e+09 1.05842452e+09 1.05842453e+09 1.05842455e+09
 1.05842456e+09 1.05842458e+09 1.05842459e+09 1.05842460e+09
 1.05842462e+09 1.05842463e+09 1.05842465e+09 1.05842466e+09
 1.05842468e+09 1.05842469e+09 1.05842470e+09 1.05842472e+09
 1.05842473e+09 1.05842475e+09 1.05842476e+09 1.05842478e+09
 1.05842479e+09 1.05842480e+09 1.05842482e+09 1.05842483e+09]
minRes = 0.3881254678792015
minResTime =  [1.05841052e+09]
