name =JUICE_ROI_CAL_4_2_05
flyby =  ['2032 SEP 27 04:26:36', '2032 SEP 28 04:26:36']
Observation TW =  <SpiceCell dtype = 1, length = 0, size = 3000, card = 10, is_set = 1, adjust = 0, init = 1, base = 2554764727584, data = 2554764727632>
Res(t) =  [3.44748253 3.44404896 3.44061561 3.43718247 3.43374953 3.43031681
 3.42688429 3.42345198 3.42001988 3.41658799 3.4131563  3.40972481
 3.40629354 3.40286246 3.39943159 3.39600093 3.39257047 3.38914021
 3.38571015 3.38228029 3.37885064 3.37542118 3.37199193 3.36856287
 3.36513401 3.36170535 3.35827689 3.35484863 3.35142056 3.34799269
 3.34456501 3.34113753 3.33771024 3.33428315 3.33085625 3.32742954
 3.32400302 3.3205767  3.31715057 3.31372463 3.31029887 3.30687331
 3.30344794 3.30002275 3.29659776 3.29317295 3.28974833 3.28632389
 3.28289964 3.27947558 3.27605169 3.272628   3.26920449 3.26578116
 3.26235801 3.25893505 3.25551226 3.25208966 3.24866724 3.245245
 3.24182294 3.23840105 3.23497935 3.23155782 3.22813647 3.2247153
 3.2212943  3.21787348 3.21445283 3.21103236 3.20761206 3.20419194
 3.20077199 3.19735221 3.1939326  3.19051317 3.1870939  3.18367481
 3.18025588 3.17683713 3.17341854 3.17000012 3.16658187 3.16316379
 3.15974587 3.15632812 3.15291054 3.14949312 3.14607586 3.14265877
 3.13924185 3.13582508 3.13240848 3.12899204 3.12557576 3.12215964
 3.11874368 3.11532789 3.11191225 3.10849677 3.10508144 3.10166628
 3.09825127 3.09483642 3.09142173 3.08800719 3.08459281 3.08117858
 3.0777645  3.07435058 3.07093681 3.06752319 3.06410973 3.06069642
 3.05728325 3.05387024 3.05045738 3.04704467 3.0436321  3.04021969
 3.03680742 3.0333953  3.02998332 3.02657149 3.02315981 3.01974827
 3.01633688 3.01292563 3.00951453 3.00610356 3.00269274 2.99928206
 2.99587153 2.99246113 2.98905088 2.98564076 2.98223079 2.97882095
 2.97541125 2.97200169 2.96859226 2.96518298 2.96177383 2.95836481
 2.95495593 2.95154718 2.94813857 2.9447301  2.94132175 2.93791354
 2.93450546 2.93109751 2.92768969 2.92428201 2.92087445 2.91746702
 2.91405972 2.91065255 2.90724551 2.9038386  2.90043181 2.89702515
 2.89361861 2.8902122  2.88680592 2.88339976 2.87999372 2.87658781
 2.87318202 2.86977635 2.8663708  2.86296537 2.85956007 2.85615488
 2.85274982 2.84934487 2.84594004 2.84253534 2.83913074 2.83572627
 2.83232191 2.82891767 2.82551354 2.82210953 2.81870563 2.81530185
 2.81189818 2.80849463 2.80509118 2.80168785 2.79828463 2.79488152
 2.79147852 2.78807563 2.78467285 2.78127018 2.77786762 2.77446516
 2.77106282 2.76766058 2.76425844 2.76085641 2.75745449 2.75405267
 2.75065096 2.74724935 2.74384784 2.74044644 2.73704514 2.73364394
 2.73024284 2.72684184 2.72344094 2.72004014 2.71663945 2.71323885
 2.70983834 2.70643794 2.70303763 2.69963742 2.69623731 2.69283729
 2.68943736 2.68603754 2.6826378  2.67923816 2.67583861 2.67243916
 2.66903979 2.66564052 2.66224134 2.65884225 2.65544325 2.65204434
 2.64864552 2.64524679 2.64184814 2.63844958 2.63505111 2.63165273
 2.62825443 2.62485622 2.62145809 2.61806005 2.61466209 2.61126422
 2.60786642 2.60446872 2.60107109 2.59767354 2.59427608 2.59087869
 2.58748139 2.58408416 2.58068702 2.57728995 2.57389296 2.57049605
 2.56709921 2.56370245 2.56030577 2.55690916 2.55351263 2.55011617
 2.54671979 2.54332348 2.53992724 2.53653107 2.53313498 2.52973896
 2.52634301 2.52294713 2.51955132 2.51615558 2.51275991 2.5093643
 2.50596877 2.5025733  2.4991779  2.49578256 2.49238729 2.48899209
 2.48559695 2.48220188 2.47880687 2.47541192 2.47201704 2.46862222
 2.46522746 2.46183276 2.45843812 2.45504355 2.45164903 2.44825457
 2.44486018 2.44146584 2.43807156 2.43467733 2.43128317 2.42788906
 2.424495   2.421101   2.41770706 2.41431317 2.41091933 2.40752555
 2.40413182 2.40073815 2.39734452 2.39395095 2.39055743 2.38716396
 2.38377054 2.38037717 2.37698384 2.37359057 2.37019734 2.36680417
 2.36341104 2.36001795 2.35662491 2.35323192 2.34983897 2.34644607
 2.34305321 2.3396604  2.33626762 2.3328749  2.32948221 2.32608956
 2.32269696 2.3193044  2.31591187 2.31251939 2.30912694 2.30573454
 2.30234217 2.29894984 2.29555755 2.29216529 2.28877307 2.28538089
 2.28198874 2.27859663 2.27520455 2.2718125  2.26842049 2.26502851
 2.26163656 2.25824465 2.25485277 2.25146091 2.24806909 2.2446773
 2.24128554 2.2378938  2.2345021  2.23111042 2.22771877 2.22432714
 2.22093555 2.21754398 2.21415243 2.21076091 2.20736941 2.20397794
 2.20058649 2.19719507 2.19380367 2.19041229 2.18702093 2.18362959
 2.18023827 2.17684698 2.1734557  2.17006444 2.1666732  2.16328198
 2.15989078 2.15649959 2.15310842 2.14971727 2.14632613 2.14293501
 2.1395439  2.13615281 2.13276173 2.12937066 2.12597961 2.12258857
 2.11919754 2.11580653 2.11241552 2.10902452 2.10563354 2.10224256
 2.0988516  2.09546064 2.09206969 2.08867874 2.08528781 2.08189688
 2.07850596 2.07511504 2.07172413 2.06833322 2.06494232 2.06155142
 2.05816052 2.05476963 2.05137873 2.04798784 2.04459696 2.04120607
 2.03781518 2.03442429 2.03103341 2.02764252 2.02425163 2.02086073
 2.01746984 2.01407894 2.01068804 2.00729713 2.00390622 2.00051531
 1.99712439 1.99373346 1.99034253 1.98695159 1.98356064 1.98016969
 1.97677873 1.97338775 1.96999677 1.96660578 1.96321478 1.95982377
 1.95643275 1.95304172 1.94965067 1.94625961 1.94286854 1.93947745
 1.93608635 1.93269524 1.92930411 1.92591297 1.92252181 1.91913063
 1.91573944 1.91234823 1.908957   1.90556575 1.90217449 1.8987832
 1.8953919  1.89200057 1.88860923 1.88521786 1.88182647 1.87843506
 1.87504363 1.87165218 1.8682607  1.86486919 1.86147767 1.85808611
 1.85469454 1.85130293 1.8479113  1.84451965 1.84112796 1.83773625
 1.83434451 1.83095274 1.82756095 1.82416912 1.82077726 1.81738537
 1.81399346 1.81060151 1.80720952 1.80381751 1.80042546 1.79703338
 1.79364127 1.79024912 1.78685693 1.78346471 1.78007246 1.77668017
 1.77328784 1.76989548 1.76650307 1.76311063 1.75971815 1.75632564
 1.75293308 1.74954048 1.74614784 1.74275516 1.73936244 1.73596968
 1.73257688 1.72918403 1.72579114 1.72239821 1.71900523 1.71561221
 1.71221914 1.70882603 1.70543287 1.70203967 1.69864641 1.69525311
 1.69185977 1.68846637 1.68507293 1.68167943 1.67828589 1.6748923
 1.67149865 1.66810496 1.66471121 1.66131741 1.65792356 1.65452966
 1.6511357  1.64774169 1.64434762 1.6409535  1.63755933 1.63416509
 1.63077081 1.62737646 1.62398206 1.6205876  1.61719309 1.61379851
 1.61040388 1.60700919 1.60361443 1.60021962 1.59682475 1.59342981
 1.59003481 1.58663975 1.58324463 1.57984945 1.5764542  1.57305889
 1.56966351 1.56626807 1.56287256 1.55947699 1.55608135 1.55268565
 1.54928988 1.54589404 1.54249813 1.53910215 1.53570611 1.53231
 1.52891381 1.52551756 1.52212123 1.51872484 1.51532837 1.51193183
 1.50853522 1.50513853 1.50174177 1.49834494 1.49494803 1.49155105
 1.48815399 1.48475686 1.48135965 1.47796237 1.47456501 1.47116757
 1.46777005 1.46437245 1.46097478 1.45757702 1.45417919 1.45078128
 1.44738328 1.44398521 1.44058705 1.43718881 1.43379049 1.43039209
 1.4269936  1.42359503 1.42019638 1.41679764 1.41339882 1.40999991
 1.40660091 1.40320183 1.39980266 1.39640341 1.39300407 1.38960464
 1.38620512 1.38280551 1.37940581 1.37600603 1.37260615 1.36920618
 1.36580612 1.36240597 1.35900573 1.3556054  1.35220497 1.34880445
 1.34540384 1.34200313 1.33860233 1.33520143 1.33180044 1.32839935
 1.32499817 1.32159689 1.31819551 1.31479403 1.31139246 1.30799079
 1.30458902 1.30118715 1.29778518 1.29438311 1.29098094 1.28757867
 1.2841763  1.28077383 1.27737126 1.27396858 1.2705658  1.26716292
 1.26375993 1.26035684 1.25695365 1.25355035 1.25014694 1.24674343
 1.24333981 1.23993609 1.23653226 1.23312832 1.22972428 1.22632012
 1.22291586 1.21951149 1.21610701 1.21270242 1.20929772 1.20589291
 1.20248799 1.19908296 1.19567782 1.19227256 1.18886719 1.18546171
 1.18205612 1.17865041 1.17524459 1.17183865 1.1684326  1.16502643
 1.16162015 1.15821376 1.15480724 1.15140061 1.14799387 1.144587
 1.14118002 1.13777292 1.1343657  1.13095837 1.12755091 1.12414334
 1.12073564 1.11732783 1.11391989 1.11051183 1.10710366 1.10369536
 1.10028694 1.09687839 1.09346973 1.09006094 1.08665202 1.08324299
 1.07983383 1.07642455 1.07301514 1.0696056  1.06619594 1.06278616
 1.05937625 1.05596621 1.05255605 1.04914576 1.04573534 1.0423248
 1.03891413 1.03550333 1.0320924  1.02868134 1.02527016 1.02185884
 1.0184474  1.01503583 1.01162412 1.00821229 1.00480032 1.00138823
 0.997976   0.99456364 0.99115115 0.98773853 0.98432578 0.98091289
 0.97749987 0.97408672 0.97067344 0.96726002 0.96384647 0.96043279
 0.95701897 0.95360502 0.95019093 0.94677671 0.94336235 0.93994786
 0.93653323 0.93311847 0.92970358 0.92628854 0.92287338 0.91945807
 0.91604263 0.91262706 0.90921134 0.90579549 0.90237951 0.89896339
 0.89554713 0.89213073 0.8887142  0.88529753 0.88188072 0.87846377
 0.87504669 0.87162947 0.86821211 0.86479462 0.86137699 0.85795922
 0.85454131 0.85112327 0.84770508 0.84428676 0.84086831 0.83744971
 0.83403098 0.83061211 0.8271931  0.82377396 0.82035467 0.81693526
 0.8135157  0.81009601 0.80667618 0.80325621 0.79983611 0.79641587
 0.79299549 0.78957498 0.78615433 0.78273355 0.77931263 0.77589158
 0.77247039 0.76904907 0.76562762 0.76220603 0.7587843  0.75536245
 0.75194046 0.74851833 0.74509608 0.7416737  0.73825118 0.73482853
 0.73140576 0.72798285 0.72455981 0.72113665 0.71771336 0.71428994
 0.71086639 0.70744272 0.70401893 0.70059501 0.69717096 0.69374679
 0.6903225  0.68689809 0.68347356 0.6800489  0.67662413 0.67319924
 0.66977424 0.66634912 0.66292388 0.65949853 0.65607307 0.6526475
 0.64922181 0.64579602 0.64237012 0.63894412 0.63551801 0.6320918
 0.62866548 0.62523907 0.62181255 0.61838594 0.61495924 0.61153244
 0.60810555 0.60467857 0.6012515  0.59782435 0.59439712 0.5909698
 0.5875424  0.58411493 0.58068738 0.57725976 0.57383207 0.57040432
 0.5669765  0.56354862 0.56012068 0.55669269 0.55313352 0.54970466
 0.54627574 0.54284677 0.53941776 0.53598871 0.53255962 0.52913049
 0.52570134 0.52227216 0.51884296 0.51541373 0.5119845  0.50855526
 0.50512601 0.50169677 0.49826753 0.4948383  0.49140909 0.4879799
 0.48455074 0.48112162 0.47769254 0.4742635  0.47083452 0.4674056
 0.46397675 0.46054797 0.45711928 0.45369068 0.45026218 0.44683379
 0.44340552 0.43997738 0.43654937 0.43312151 0.42969381 0.42626628
 0.42283893 0.41941177 0.41598481 0.41255808 0.40913157 0.4057053
 0.40227929 0.39885356 0.39542811 0.39200297 0.38857815 0.38515367
 0.38172954 0.37830579 0.37488243 0.37145949 0.36803699 0.36461495
 0.36119339 0.35777234 0.35435182 0.35093186 0.34751248 0.34409373
 0.34067562 0.33725819 0.33384147 0.3304255  0.32701032 0.32359595
 0.32018245 0.31676986 0.31335821 0.30994756 0.30653796 0.30312945
 0.29972209 0.29631594 0.29291106 0.28950751 0.28610536 0.28270468
 0.27930554 0.27590802 0.27251221 0.26911819 0.26572606 0.26233591
 0.25894785 0.25556199 0.25217844 0.24879734 0.24541881 0.242043
 0.23867006 0.23530014 0.23193343 0.22857009 0.22521033 0.22185436
 0.2185024  0.2151547  0.2118115  0.2084731  0.20513978 0.20181187
 0.19848972 0.1951737  0.19186422 0.18856172 0.18526669 0.18197963
 0.17870112 0.17543177 0.17217226 0.16892332 0.16568577 0.1624605
 0.15924848 0.1560508  0.15286865 0.14970337 0.14655642 0.14342946
 0.14032432 0.13724308 0.13418805 0.13116185 0.12816747 0.12520828
 0.12228816 0.11941153 0.11658352 0.11381006 0.11109806 0.10845564
 0.10589238 0.10341968 0.10105122 0.09880356 0.09669697 0.09475654
 0.09301374 0.09150868 0.09029344 0.08943708 0.08903364 0.08921533
 0.09017559 0.09221226 0.09581568 0.10187044]
t =  [1.03314407e+09 1.03314411e+09 1.03314415e+09 1.03314419e+09
 1.03314424e+09 1.03314428e+09 1.03314432e+09 1.03314436e+09
 1.03314441e+09 1.03314445e+09 1.03314449e+09 1.03314453e+09
 1.03314458e+09 1.03314462e+09 1.03314466e+09 1.03314470e+09
 1.03314475e+09 1.03314479e+09 1.03314483e+09 1.03314487e+09
 1.03314492e+09 1.03314496e+09 1.03314500e+09 1.03314504e+09
 1.03314509e+09 1.03314513e+09 1.03314517e+09 1.03314521e+09
 1.03314526e+09 1.03314530e+09 1.03314534e+09 1.03314538e+09
 1.03314543e+09 1.03314547e+09 1.03314551e+09 1.03314555e+09
 1.03314560e+09 1.03314564e+09 1.03314568e+09 1.03314572e+09
 1.03314577e+09 1.03314581e+09 1.03314585e+09 1.03314589e+09
 1.03314594e+09 1.03314598e+09 1.03314602e+09 1.03314606e+09
 1.03314611e+09 1.03314615e+09 1.03314619e+09 1.03314623e+09
 1.03314628e+09 1.03314632e+09 1.03314636e+09 1.03314640e+09
 1.03314645e+09 1.03314649e+09 1.03314653e+09 1.03314657e+09
 1.03314662e+09 1.03314666e+09 1.03314670e+09 1.03314674e+09
 1.03314679e+09 1.03314683e+09 1.03314687e+09 1.03314691e+09
 1.03314696e+09 1.03314700e+09 1.03314704e+09 1.03314708e+09
 1.03314713e+09 1.03314717e+09 1.03314721e+09 1.03314725e+09
 1.03314730e+09 1.03314734e+09 1.03314738e+09 1.03314743e+09
 1.03314747e+09 1.03314751e+09 1.03314755e+09 1.03314760e+09
 1.03314764e+09 1.03314768e+09 1.03314772e+09 1.03314777e+09
 1.03314781e+09 1.03314785e+09 1.03314789e+09 1.03314794e+09
 1.03314798e+09 1.03314802e+09 1.03314806e+09 1.03314811e+09
 1.03314815e+09 1.03314819e+09 1.03314823e+09 1.03314828e+09
 1.03314832e+09 1.03314836e+09 1.03314840e+09 1.03314845e+09
 1.03314849e+09 1.03314853e+09 1.03314857e+09 1.03314862e+09
 1.03314866e+09 1.03314870e+09 1.03314874e+09 1.03314879e+09
 1.03314883e+09 1.03314887e+09 1.03314891e+09 1.03314896e+09
 1.03314900e+09 1.03314904e+09 1.03314908e+09 1.03314913e+09
 1.03314917e+09 1.03314921e+09 1.03314925e+09 1.03314930e+09
 1.03314934e+09 1.03314938e+09 1.03314942e+09 1.03314947e+09
 1.03314951e+09 1.03314955e+09 1.03314959e+09 1.03314964e+09
 1.03314968e+09 1.03314972e+09 1.03314976e+09 1.03314981e+09
 1.03314985e+09 1.03314989e+09 1.03314993e+09 1.03314998e+09
 1.03315002e+09 1.03315006e+09 1.03315010e+09 1.03315015e+09
 1.03315019e+09 1.03315023e+09 1.03315027e+09 1.03315032e+09
 1.03315036e+09 1.03315040e+09 1.03315044e+09 1.03315049e+09
 1.03315053e+09 1.03315057e+09 1.03315061e+09 1.03315066e+09
 1.03315070e+09 1.03315074e+09 1.03315078e+09 1.03315083e+09
 1.03315087e+09 1.03315091e+09 1.03315096e+09 1.03315100e+09
 1.03315104e+09 1.03315108e+09 1.03315113e+09 1.03315117e+09
 1.03315121e+09 1.03315125e+09 1.03315130e+09 1.03315134e+09
 1.03315138e+09 1.03315142e+09 1.03315147e+09 1.03315151e+09
 1.03315155e+09 1.03315159e+09 1.03315164e+09 1.03315168e+09
 1.03315172e+09 1.03315176e+09 1.03315181e+09 1.03315185e+09
 1.03315189e+09 1.03315193e+09 1.03315198e+09 1.03315202e+09
 1.03315206e+09 1.03315210e+09 1.03315215e+09 1.03315219e+09
 1.03315223e+09 1.03315227e+09 1.03315232e+09 1.03315236e+09
 1.03315240e+09 1.03315244e+09 1.03315249e+09 1.03315253e+09
 1.03315257e+09 1.03315261e+09 1.03315266e+09 1.03315270e+09
 1.03315274e+09 1.03315278e+09 1.03315283e+09 1.03315287e+09
 1.03315291e+09 1.03315295e+09 1.03315300e+09 1.03315304e+09
 1.03315308e+09 1.03315312e+09 1.03315317e+09 1.03315321e+09
 1.03315325e+09 1.03315329e+09 1.03315334e+09 1.03315338e+09
 1.03315342e+09 1.03315346e+09 1.03315351e+09 1.03315355e+09
 1.03315359e+09 1.03315363e+09 1.03315368e+09 1.03315372e+09
 1.03315376e+09 1.03315380e+09 1.03315385e+09 1.03315389e+09
 1.03315393e+09 1.03315397e+09 1.03315402e+09 1.03315406e+09
 1.03315410e+09 1.03315414e+09 1.03315419e+09 1.03315423e+09
 1.03315427e+09 1.03315431e+09 1.03315436e+09 1.03315440e+09
 1.03315444e+09 1.03315449e+09 1.03315453e+09 1.03315457e+09
 1.03315461e+09 1.03315466e+09 1.03315470e+09 1.03315474e+09
 1.03315478e+09 1.03315483e+09 1.03315487e+09 1.03315491e+09
 1.03315495e+09 1.03315500e+09 1.03315504e+09 1.03315508e+09
 1.03315512e+09 1.03315517e+09 1.03315521e+09 1.03315525e+09
 1.03315529e+09 1.03315534e+09 1.03315538e+09 1.03315542e+09
 1.03315546e+09 1.03315551e+09 1.03315555e+09 1.03315559e+09
 1.03315563e+09 1.03315568e+09 1.03315572e+09 1.03315576e+09
 1.03315580e+09 1.03315585e+09 1.03315589e+09 1.03315593e+09
 1.03315597e+09 1.03315602e+09 1.03315606e+09 1.03315610e+09
 1.03315614e+09 1.03315619e+09 1.03315623e+09 1.03315627e+09
 1.03315631e+09 1.03315636e+09 1.03315640e+09 1.03315644e+09
 1.03315648e+09 1.03315653e+09 1.03315657e+09 1.03315661e+09
 1.03315665e+09 1.03315670e+09 1.03315674e+09 1.03315678e+09
 1.03315682e+09 1.03315687e+09 1.03315691e+09 1.03315695e+09
 1.03315699e+09 1.03315704e+09 1.03315708e+09 1.03315712e+09
 1.03315716e+09 1.03315721e+09 1.03315725e+09 1.03315729e+09
 1.03315733e+09 1.03315738e+09 1.03315742e+09 1.03315746e+09
 1.03315750e+09 1.03315755e+09 1.03315759e+09 1.03315763e+09
 1.03315767e+09 1.03315772e+09 1.03315776e+09 1.03315780e+09
 1.03315784e+09 1.03315789e+09 1.03315793e+09 1.03315797e+09
 1.03315802e+09 1.03315806e+09 1.03315810e+09 1.03315814e+09
 1.03315819e+09 1.03315823e+09 1.03315827e+09 1.03315831e+09
 1.03315836e+09 1.03315840e+09 1.03315844e+09 1.03315848e+09
 1.03315853e+09 1.03315857e+09 1.03315861e+09 1.03315865e+09
 1.03315870e+09 1.03315874e+09 1.03315878e+09 1.03315882e+09
 1.03315887e+09 1.03315891e+09 1.03315895e+09 1.03315899e+09
 1.03315904e+09 1.03315908e+09 1.03315912e+09 1.03315916e+09
 1.03315921e+09 1.03315925e+09 1.03315929e+09 1.03315933e+09
 1.03315938e+09 1.03315942e+09 1.03315946e+09 1.03315950e+09
 1.03315955e+09 1.03315959e+09 1.03315963e+09 1.03315967e+09
 1.03315972e+09 1.03315976e+09 1.03315980e+09 1.03315984e+09
 1.03315989e+09 1.03315993e+09 1.03315997e+09 1.03316001e+09
 1.03316006e+09 1.03316010e+09 1.03316014e+09 1.03316018e+09
 1.03316023e+09 1.03316027e+09 1.03316031e+09 1.03316035e+09
 1.03316040e+09 1.03316044e+09 1.03316048e+09 1.03316052e+09
 1.03316057e+09 1.03316061e+09 1.03316065e+09 1.03316069e+09
 1.03316074e+09 1.03316078e+09 1.03316082e+09 1.03316086e+09
 1.03316091e+09 1.03316095e+09 1.03316099e+09 1.03316103e+09
 1.03316108e+09 1.03316112e+09 1.03316116e+09 1.03316120e+09
 1.03316125e+09 1.03316129e+09 1.03316133e+09 1.03316137e+09
 1.03316142e+09 1.03316146e+09 1.03316150e+09 1.03316155e+09
 1.03316159e+09 1.03316163e+09 1.03316167e+09 1.03316172e+09
 1.03316176e+09 1.03316180e+09 1.03316184e+09 1.03316189e+09
 1.03316193e+09 1.03316197e+09 1.03316201e+09 1.03316206e+09
 1.03316210e+09 1.03316214e+09 1.03316218e+09 1.03316223e+09
 1.03316227e+09 1.03316231e+09 1.03316235e+09 1.03316240e+09
 1.03316244e+09 1.03316248e+09 1.03316252e+09 1.03316257e+09
 1.03316261e+09 1.03316265e+09 1.03316269e+09 1.03316274e+09
 1.03316278e+09 1.03316282e+09 1.03316286e+09 1.03316291e+09
 1.03316295e+09 1.03316299e+09 1.03316303e+09 1.03316308e+09
 1.03316312e+09 1.03316316e+09 1.03316320e+09 1.03316325e+09
 1.03316329e+09 1.03316333e+09 1.03316337e+09 1.03316342e+09
 1.03316346e+09 1.03316350e+09 1.03316354e+09 1.03316359e+09
 1.03316363e+09 1.03316367e+09 1.03316371e+09 1.03316376e+09
 1.03316380e+09 1.03316384e+09 1.03316388e+09 1.03316393e+09
 1.03316397e+09 1.03316401e+09 1.03316405e+09 1.03316410e+09
 1.03316414e+09 1.03316418e+09 1.03316422e+09 1.03316427e+09
 1.03316431e+09 1.03316435e+09 1.03316439e+09 1.03316444e+09
 1.03316448e+09 1.03316452e+09 1.03316456e+09 1.03316461e+09
 1.03316465e+09 1.03316469e+09 1.03316473e+09 1.03316478e+09
 1.03316482e+09 1.03316486e+09 1.03316490e+09 1.03316495e+09
 1.03316499e+09 1.03316503e+09 1.03316508e+09 1.03316512e+09
 1.03316516e+09 1.03316520e+09 1.03316525e+09 1.03316529e+09
 1.03316533e+09 1.03316537e+09 1.03316542e+09 1.03316546e+09
 1.03316550e+09 1.03316554e+09 1.03316559e+09 1.03316563e+09
 1.03316567e+09 1.03316571e+09 1.03316576e+09 1.03316580e+09
 1.03316584e+09 1.03316588e+09 1.03316593e+09 1.03316597e+09
 1.03316601e+09 1.03316605e+09 1.03316610e+09 1.03316614e+09
 1.03316618e+09 1.03316622e+09 1.03316627e+09 1.03316631e+09
 1.03316635e+09 1.03316639e+09 1.03316644e+09 1.03316648e+09
 1.03316652e+09 1.03316656e+09 1.03316661e+09 1.03316665e+09
 1.03316669e+09 1.03316673e+09 1.03316678e+09 1.03316682e+09
 1.03316686e+09 1.03316690e+09 1.03316695e+09 1.03316699e+09
 1.03316703e+09 1.03316707e+09 1.03316712e+09 1.03316716e+09
 1.03316720e+09 1.03316724e+09 1.03316729e+09 1.03316733e+09
 1.03316737e+09 1.03316741e+09 1.03316746e+09 1.03316750e+09
 1.03316754e+09 1.03316758e+09 1.03316763e+09 1.03316767e+09
 1.03316771e+09 1.03316775e+09 1.03316780e+09 1.03316784e+09
 1.03316788e+09 1.03316792e+09 1.03316797e+09 1.03316801e+09
 1.03316805e+09 1.03316809e+09 1.03316814e+09 1.03316818e+09
 1.03316822e+09 1.03316826e+09 1.03316831e+09 1.03316835e+09
 1.03316839e+09 1.03316843e+09 1.03316848e+09 1.03316852e+09
 1.03316856e+09 1.03316861e+09 1.03316865e+09 1.03316869e+09
 1.03316873e+09 1.03316878e+09 1.03316882e+09 1.03316886e+09
 1.03316890e+09 1.03316895e+09 1.03316899e+09 1.03316903e+09
 1.03316907e+09 1.03316912e+09 1.03316916e+09 1.03316920e+09
 1.03316924e+09 1.03316929e+09 1.03316933e+09 1.03316937e+09
 1.03316941e+09 1.03316946e+09 1.03316950e+09 1.03316954e+09
 1.03316958e+09 1.03316963e+09 1.03316967e+09 1.03316971e+09
 1.03316975e+09 1.03316980e+09 1.03316984e+09 1.03316988e+09
 1.03316992e+09 1.03316997e+09 1.03317001e+09 1.03317005e+09
 1.03317009e+09 1.03317014e+09 1.03317018e+09 1.03317022e+09
 1.03317026e+09 1.03317031e+09 1.03317035e+09 1.03317039e+09
 1.03317043e+09 1.03317048e+09 1.03317052e+09 1.03317056e+09
 1.03317060e+09 1.03317065e+09 1.03317069e+09 1.03317073e+09
 1.03317077e+09 1.03317082e+09 1.03317086e+09 1.03317090e+09
 1.03317094e+09 1.03317099e+09 1.03317103e+09 1.03317107e+09
 1.03317111e+09 1.03317116e+09 1.03317120e+09 1.03317124e+09
 1.03317128e+09 1.03317133e+09 1.03317137e+09 1.03317141e+09
 1.03317145e+09 1.03317150e+09 1.03317154e+09 1.03317158e+09
 1.03317162e+09 1.03317167e+09 1.03317171e+09 1.03317175e+09
 1.03317179e+09 1.03317184e+09 1.03317188e+09 1.03317192e+09
 1.03317196e+09 1.03317201e+09 1.03317205e+09 1.03317209e+09
 1.03317214e+09 1.03317218e+09 1.03317222e+09 1.03317226e+09
 1.03317231e+09 1.03317235e+09 1.03317239e+09 1.03317243e+09
 1.03317248e+09 1.03317252e+09 1.03317256e+09 1.03317260e+09
 1.03317265e+09 1.03317269e+09 1.03317273e+09 1.03317277e+09
 1.03317282e+09 1.03317286e+09 1.03317290e+09 1.03317294e+09
 1.03317299e+09 1.03317303e+09 1.03317307e+09 1.03317311e+09
 1.03317316e+09 1.03317320e+09 1.03317324e+09 1.03317328e+09
 1.03317333e+09 1.03317337e+09 1.03317341e+09 1.03317345e+09
 1.03317350e+09 1.03317354e+09 1.03317358e+09 1.03317362e+09
 1.03317367e+09 1.03317371e+09 1.03317375e+09 1.03317379e+09
 1.03317384e+09 1.03317388e+09 1.03317392e+09 1.03317396e+09
 1.03317401e+09 1.03317405e+09 1.03317409e+09 1.03317413e+09
 1.03317418e+09 1.03317422e+09 1.03317426e+09 1.03317430e+09
 1.03317435e+09 1.03317439e+09 1.03317443e+09 1.03317447e+09
 1.03317452e+09 1.03317456e+09 1.03317460e+09 1.03317464e+09
 1.03317469e+09 1.03317473e+09 1.03317477e+09 1.03317481e+09
 1.03317486e+09 1.03317490e+09 1.03317494e+09 1.03317498e+09
 1.03317503e+09 1.03317507e+09 1.03317511e+09 1.03317515e+09
 1.03317520e+09 1.03317524e+09 1.03317528e+09 1.03317532e+09
 1.03317537e+09 1.03317541e+09 1.03317545e+09 1.03317549e+09
 1.03317554e+09 1.03317558e+09 1.03317562e+09 1.03317566e+09
 1.03317571e+09 1.03317575e+09 1.03317579e+09 1.03317584e+09
 1.03317588e+09 1.03317592e+09 1.03317596e+09 1.03317601e+09
 1.03317605e+09 1.03317609e+09 1.03317613e+09 1.03317618e+09
 1.03317622e+09 1.03317626e+09 1.03317630e+09 1.03317635e+09
 1.03317639e+09 1.03317643e+09 1.03317647e+09 1.03317652e+09
 1.03317656e+09 1.03317660e+09 1.03317664e+09 1.03317669e+09
 1.03317673e+09 1.03317677e+09 1.03317681e+09 1.03317686e+09
 1.03317690e+09 1.03317694e+09 1.03317698e+09 1.03317703e+09
 1.03317707e+09 1.03317711e+09 1.03317715e+09 1.03317720e+09
 1.03317724e+09 1.03317728e+09 1.03317732e+09 1.03317737e+09
 1.03317741e+09 1.03317745e+09 1.03317749e+09 1.03317754e+09
 1.03317758e+09 1.03317762e+09 1.03317766e+09 1.03317771e+09
 1.03317775e+09 1.03317779e+09 1.03317783e+09 1.03317788e+09
 1.03317792e+09 1.03317796e+09 1.03317800e+09 1.03317805e+09
 1.03317809e+09 1.03317813e+09 1.03317817e+09 1.03317822e+09
 1.03317826e+09 1.03317830e+09 1.03317834e+09 1.03317839e+09
 1.03317843e+09 1.03317847e+09 1.03317851e+09 1.03317856e+09
 1.03317860e+09 1.03317864e+09 1.03317868e+09 1.03317873e+09
 1.03317877e+09 1.03317881e+09 1.03317885e+09 1.03317890e+09
 1.03317894e+09 1.03317898e+09 1.03317902e+09 1.03317907e+09
 1.03317911e+09 1.03317915e+09 1.03317919e+09 1.03317924e+09
 1.03317928e+09 1.03317932e+09 1.03317937e+09 1.03317941e+09
 1.03317945e+09 1.03317949e+09 1.03317954e+09 1.03317958e+09
 1.03317962e+09 1.03317966e+09 1.03317971e+09 1.03317975e+09
 1.03317979e+09 1.03317983e+09 1.03317988e+09 1.03317992e+09
 1.03317996e+09 1.03318000e+09 1.03318005e+09 1.03318009e+09
 1.03318013e+09 1.03318017e+09 1.03318022e+09 1.03318026e+09
 1.03318030e+09 1.03318034e+09 1.03318039e+09 1.03318043e+09
 1.03318047e+09 1.03318051e+09 1.03318056e+09 1.03318060e+09
 1.03318064e+09 1.03318068e+09 1.03318073e+09 1.03318077e+09
 1.03318081e+09 1.03318085e+09 1.03318090e+09 1.03318094e+09
 1.03318098e+09 1.03318102e+09 1.03318107e+09 1.03318111e+09
 1.03318115e+09 1.03318119e+09 1.03318124e+09 1.03318128e+09
 1.03318132e+09 1.03318136e+09 1.03318141e+09 1.03318145e+09
 1.03318149e+09 1.03318153e+09 1.03318158e+09 1.03318162e+09
 1.03318166e+09 1.03318170e+09 1.03318175e+09 1.03318179e+09
 1.03318183e+09 1.03318187e+09 1.03318192e+09 1.03318196e+09
 1.03318200e+09 1.03318204e+09 1.03318209e+09 1.03318213e+09
 1.03318217e+09 1.03318221e+09 1.03318226e+09 1.03318230e+09
 1.03318234e+09 1.03318238e+09 1.03318243e+09 1.03318247e+09
 1.03318251e+09 1.03318255e+09 1.03318260e+09 1.03318264e+09
 1.03318268e+09 1.03318272e+09 1.03318277e+09 1.03318281e+09
 1.03318285e+09 1.03318290e+09 1.03318294e+09 1.03318298e+09
 1.03318302e+09 1.03318307e+09 1.03318311e+09 1.03318315e+09
 1.03318319e+09 1.03318324e+09 1.03318328e+09 1.03318332e+09
 1.03318336e+09 1.03318341e+09 1.03318345e+09 1.03318349e+09
 1.03318353e+09 1.03318358e+09 1.03318362e+09 1.03318366e+09
 1.03318370e+09 1.03318375e+09 1.03318379e+09 1.03318383e+09
 1.03318387e+09 1.03318392e+09 1.03318396e+09 1.03318400e+09
 1.03318404e+09 1.03318409e+09 1.03318413e+09 1.03318417e+09
 1.03318421e+09 1.03318426e+09 1.03318430e+09 1.03318434e+09
 1.03318438e+09 1.03318443e+09 1.03318447e+09 1.03318451e+09
 1.03318455e+09 1.03318460e+09 1.03318464e+09 1.03318468e+09
 1.03318472e+09 1.03318477e+09 1.03318481e+09 1.03318485e+09
 1.03318489e+09 1.03318494e+09 1.03318498e+09 1.03318502e+09
 1.03318506e+09 1.03318511e+09 1.03318515e+09 1.03318519e+09
 1.03318523e+09 1.03318528e+09 1.03318532e+09 1.03318536e+09
 1.03318540e+09 1.03318545e+09 1.03318549e+09 1.03318553e+09
 1.03318557e+09 1.03318562e+09 1.03318566e+09 1.03318570e+09
 1.03318574e+09 1.03318579e+09 1.03318583e+09 1.03318587e+09
 1.03318591e+09 1.03318596e+09 1.03318600e+09 1.03318604e+09
 1.03318608e+09 1.03318613e+09 1.03318617e+09 1.03318621e+09
 1.03318625e+09 1.03318630e+09 1.03318634e+09 1.03318638e+09
 1.03318643e+09 1.03318647e+09 1.03318651e+09 1.03318655e+09]
minRes = 0.08903364103449207
minResTime =  [1.03318634e+09]
