name =JUICE_ROI_CAL_5_0_01
flyby =  ['2032 DEC 27 21:06:34', '2032 DEC 28 21:06:34']
Observation TW =  <SpiceCell dtype = 1, length = 0, size = 3400, card = 14, is_set = 1, adjust = 0, init = 1, base = 2554802142736, data = 2554802142784>
Res(t) =  [3.40859016 3.40515888 3.40172772 3.39829667 3.39486573 3.39143492
 3.38800421 3.38457362 3.38114315 3.37771279 3.37428254 3.37085241
 3.36742239 3.36399249 3.3605627  3.35713302 3.35370346 3.35027401
 3.34684467 3.34341545 3.33998633 3.33655734 3.33312845 3.32969968
 3.32627102 3.32284247 3.31941404 3.31598571 3.3125575  3.3091294
 3.30570141 3.30227353 3.29884577 3.29541812 3.29199057 3.28856314
 3.28513582 3.28170861 3.27828151 3.27485452 3.27142764 3.26800087
 3.26457421 3.26114766 3.25772122 3.25429489 3.25086867 3.24744256
 3.24401656 3.24059067 3.23716489 3.23373921 3.23031365 3.22688819
 3.22346284 3.2200376  3.21661247 3.21318744 3.20976253 3.20633772
 3.20291302 3.19948843 3.19606394 3.19263956 3.18921529 3.18579113
 3.18236707 3.17894312 3.17551928 3.17209554 3.16867191 3.16524838
 3.16182496 3.15840165 3.15497844 3.15155534 3.14813235 3.14470945
 3.14128667 3.13786399 3.13444141 3.13101894 3.12759658 3.12417432
 3.12075216 3.11733011 3.11390816 3.11048632 3.10706458 3.10364294
 3.10022141 3.09679998 3.09337865 3.08995743 3.08653631 3.08311529
 3.07969438 3.07627357 3.07285286 3.06943225 3.06601175 3.06259135
 3.05917105 3.05575085 3.05233076 3.04891076 3.04549087 3.04207108
 3.03865139 3.0352318  3.03181231 3.02839292 3.02497364 3.02155445
 3.01813537 3.01471638 3.0112975  3.00787871 3.00446002 3.00104144
 2.99762295 2.99420457 2.99078628 2.98736809 2.98395    2.98053201
 2.97711412 2.97369633 2.97027863 2.96686104 2.96344354 2.96002614
 2.95660884 2.95319163 2.94977453 2.94635752 2.94294061 2.93952379
 2.93610708 2.93269046 2.92927393 2.92585751 2.92244118 2.91902494
 2.91560881 2.91219276 2.90877682 2.90536097 2.90194522 2.89852956
 2.895114   2.89169853 2.88828316 2.88486788 2.8814527  2.87803761
 2.87462262 2.87120772 2.86779292 2.86437821 2.8609636  2.85754907
 2.85413465 2.85072031 2.84730607 2.84389193 2.84047787 2.83706391
 2.83365004 2.83023627 2.82682259 2.823409   2.8199955  2.8165821
 2.81316879 2.80975556 2.80634244 2.8029294  2.79951645 2.7961036
 2.79269084 2.78927817 2.78586559 2.7824531  2.7790407  2.77562839
 2.77221617 2.76880405 2.76539201 2.76198006 2.75856821 2.75515644
 2.75174476 2.74833317 2.74492167 2.74151026 2.73809894 2.73468771
 2.73127657 2.72786552 2.72445455 2.72104367 2.71763288 2.71422218
 2.71081157 2.70740104 2.70399061 2.70058026 2.69716999 2.69375982
 2.69034973 2.68693973 2.68352982 2.68011999 2.67671025 2.67330059
 2.66989102 2.66648154 2.66307214 2.65966283 2.65625361 2.65284447
 2.64943541 2.64602645 2.64261756 2.63920876 2.63580005 2.63239142
 2.62898288 2.62557442 2.62216604 2.61875775 2.61534954 2.61194142
 2.60853337 2.60512542 2.60171754 2.59830975 2.59490205 2.59149442
 2.58808688 2.58467942 2.58127205 2.57786475 2.57445754 2.57105041
 2.56764337 2.5642364  2.56082952 2.55742271 2.55401599 2.55060935
 2.54720279 2.54379632 2.54038992 2.5369836  2.53357737 2.53017121
 2.52676514 2.52335914 2.51995323 2.51654739 2.51314164 2.50973596
 2.50633036 2.50292485 2.49951941 2.49611405 2.49270877 2.48930357
 2.48589844 2.4824934  2.47908843 2.47568354 2.47227873 2.468874
 2.46546934 2.46206477 2.45866027 2.45525584 2.4518515  2.44844723
 2.44504303 2.44163892 2.43823488 2.43483091 2.43142703 2.42802322
 2.42461948 2.42121582 2.41781224 2.41440873 2.41100529 2.40760194
 2.40419865 2.40079544 2.39739231 2.39398925 2.39058627 2.38718336
 2.38378052 2.38037776 2.37697507 2.37357245 2.37016991 2.36676745
 2.36336505 2.35996273 2.35656048 2.3531583  2.3497562  2.34635417
 2.34295221 2.33955033 2.33614851 2.33274677 2.3293451  2.3259435
 2.32254197 2.31914051 2.31573913 2.31233781 2.30893657 2.3055354
 2.3021343  2.29873326 2.2953323  2.29193141 2.28853059 2.28512984
 2.28172916 2.27832854 2.274928   2.27152753 2.26812712 2.26472679
 2.26132652 2.25792632 2.25452619 2.25112613 2.24772613 2.24432621
 2.24092635 2.23752656 2.23412684 2.23072718 2.2273276  2.22392807
 2.22052862 2.21712923 2.21372991 2.21033066 2.20693147 2.20353235
 2.20013329 2.1967343  2.19333538 2.18993652 2.18653773 2.183139
 2.17974034 2.17634174 2.17294321 2.16954474 2.16614634 2.162748
 2.15934972 2.15595151 2.15255336 2.14915528 2.14575726 2.1423593
 2.13896141 2.13556358 2.13216581 2.12876811 2.12537047 2.12197289
 2.11857537 2.11517792 2.11178053 2.1083832  2.10498593 2.10158872
 2.09819157 2.09479449 2.09139747 2.0880005  2.0846036  2.08120676
 2.07780998 2.07441326 2.0710166  2.06762    2.06422346 2.06082698
 2.05743056 2.0540342  2.0506379  2.04724166 2.04384547 2.04044935
 2.03705328 2.03365727 2.03026132 2.02686543 2.0234696  2.02007382
 2.0166781  2.01328244 2.00988684 2.0064913  2.00309581 1.99970038
 1.996305   1.99290968 1.98951442 1.98611921 1.98272406 1.97932897
 1.97593393 1.97253895 1.96914402 1.96574915 1.96235434 1.95895958
 1.95556487 1.95217022 1.94877562 1.94538108 1.94198659 1.93859216
 1.93519778 1.93180345 1.92840918 1.92501496 1.92162079 1.91822668
 1.91483262 1.91143861 1.90804465 1.90465075 1.9012569  1.8978631
 1.89446936 1.89107566 1.88768202 1.88428843 1.88089489 1.8775014
 1.87410797 1.87071458 1.86732124 1.86392796 1.86053472 1.85714154
 1.8537484  1.85035532 1.84696228 1.8435693  1.84017636 1.83678347
 1.83339064 1.82999785 1.82660511 1.82321242 1.81981977 1.81642718
 1.81303463 1.80964213 1.80624968 1.80285728 1.79946492 1.79607261
 1.79268035 1.78928814 1.78589597 1.78250385 1.77911177 1.77571974
 1.77232776 1.76893583 1.76554394 1.76215209 1.75876029 1.75536854
 1.75197683 1.74858516 1.74519354 1.74180197 1.73841044 1.73501895
 1.73162751 1.72823611 1.72484476 1.72145345 1.71806218 1.71467096
 1.71127978 1.70788864 1.70449755 1.7011065  1.69771549 1.69432452
 1.6909336  1.68754271 1.68415187 1.68076107 1.67737032 1.6739796
 1.67058892 1.66719829 1.6638077  1.66041714 1.65702663 1.65363616
 1.65024573 1.64685533 1.64346498 1.64007467 1.6366844  1.63329416
 1.62990397 1.62651381 1.62312369 1.61973362 1.61634358 1.61295357
 1.60956361 1.60617368 1.6027838  1.59939395 1.59600413 1.59261436
 1.58922462 1.58583492 1.58244525 1.57905562 1.57566603 1.57227647
 1.56888696 1.56549747 1.56210802 1.55871861 1.55532923 1.55193989
 1.54855058 1.54516131 1.54177207 1.53838287 1.5349937  1.53160457
 1.52821546 1.5248264  1.52143736 1.51804836 1.5146594  1.51127046
 1.50788156 1.5044927  1.50110386 1.49771506 1.49432629 1.49093755
 1.48754884 1.48416017 1.48077152 1.47738291 1.47399433 1.47060578
 1.46721726 1.46382877 1.46044031 1.45705189 1.45366349 1.45027512
 1.44688678 1.44349848 1.4401102  1.43672195 1.43333373 1.42994554
 1.42655737 1.42316924 1.41978113 1.41639306 1.41300501 1.40961698
 1.40622899 1.40284102 1.39945308 1.39606517 1.39267729 1.38928943
 1.3859016  1.38251379 1.37912601 1.37573826 1.37235053 1.36896283
 1.36557515 1.3621875  1.35879988 1.35541228 1.3520247  1.34863715
 1.34524962 1.34186212 1.33847464 1.33508719 1.33169976 1.32831235
 1.32492497 1.32153761 1.31815027 1.31476295 1.31137566 1.30798839
 1.30460115 1.30121392 1.29782672 1.29443954 1.29105238 1.28766524
 1.28427812 1.28089103 1.27750395 1.2741169  1.27072986 1.26734285
 1.26395585 1.26056888 1.25718193 1.25379499 1.25040808 1.24702118
 1.24363431 1.24024745 1.23686061 1.23347379 1.23008699 1.2267002
 1.22331344 1.21992669 1.21653996 1.21315325 1.20976655 1.20637987
 1.20299321 1.19960657 1.19621994 1.19283333 1.18944673 1.18606015
 1.18267359 1.17928704 1.17590051 1.17251399 1.16912749 1.165741
 1.16235453 1.15896807 1.15558163 1.1521952  1.14880878 1.14542238
 1.14203599 1.13864962 1.13526326 1.13187691 1.12849058 1.12510426
 1.12171795 1.11833165 1.11494537 1.1115591  1.10817284 1.10478659
 1.10140035 1.09801412 1.09462791 1.09124171 1.08785552 1.08446933
 1.08108316 1.077697   1.07431085 1.07092471 1.06753858 1.06415246
 1.06076635 1.05738025 1.05399416 1.05060807 1.047222   1.04383593
 1.04044988 1.03706383 1.03367779 1.03029176 1.02690573 1.02351971
 1.0201337  1.0167477  1.01336171 1.00997572 1.00658974 1.00320376
 0.9998178  0.99643184 0.99304588 0.98965993 0.98627399 0.98288805
 0.97950212 0.9761162  0.97273028 0.96934436 0.96595845 0.96257255
 0.95918665 0.95580075 0.95241486 0.94902897 0.94564309 0.94225721
 0.93887134 0.93548547 0.9320996  0.92871374 0.92532788 0.92194202
 0.91855617 0.91517032 0.91178447 0.90839862 0.90501278 0.90162694
 0.8982411  0.89485527 0.89146943 0.8880836  0.88469777 0.88131195
 0.87792612 0.8745403  0.87115447 0.86776865 0.86438283 0.86099701
 0.8576112  0.85422538 0.85083956 0.84745375 0.84406794 0.84068212
 0.83729631 0.8339105  0.83052469 0.82713888 0.82375307 0.82036726
 0.81698145 0.81359564 0.81020983 0.80682402 0.80343821 0.8000524
 0.79666659 0.79328078 0.78989498 0.78650917 0.78312336 0.77973755
 0.77635174 0.77296593 0.76958012 0.76619432 0.76280851 0.7594227
 0.75603689 0.75265108 0.74926527 0.74587947 0.74249366 0.73910785
 0.73572204 0.73233624 0.72895043 0.72556463 0.72217883 0.71879302
 0.71540722 0.71202142 0.70863562 0.70524983 0.70186403 0.69847824
 0.69509245 0.69170666 0.68832087 0.68493509 0.6815493  0.67816353
 0.67477775 0.67139198 0.66800622 0.66462045 0.6612347  0.65784894
 0.6544632  0.65107745 0.64769172 0.64430599 0.64092027 0.63753455
 0.63414884 0.63076314 0.62737745 0.62399177 0.6206061  0.61722043
 0.61383478 0.61044914 0.60706351 0.6036779  0.6002923  0.59690671
 0.59352113 0.59013558 0.58675003 0.58336451 0.579979   0.57659351
 0.57320804 0.56982259 0.56643716 0.56305176 0.55966638 0.55628102
 0.55289569 0.54951038 0.54612511 0.54273986 0.53935464 0.53596946
 0.5325843  0.5303653  0.52698084 0.52359643 0.52021207 0.51682776
 0.5134435  0.5100593  0.50667516 0.50329108 0.49990706 0.4965231
 0.49313921 0.48975539 0.48637164 0.48298797 0.47960437 0.47622086
 0.47283742 0.46945408 0.46607082 0.46268765 0.45930458 0.45592162
 0.45253875 0.44915599 0.44577335 0.44239081 0.4390084  0.43562612
 0.43224396 0.42886193 0.42548005 0.4220983  0.41871671 0.41533527
 0.411954   0.40857289 0.40519195 0.40181119 0.39843062 0.39505024
 0.39167007 0.3882901  0.38491035 0.38153082 0.37815153 0.37477248
 0.37139369 0.36801515 0.36463689 0.36125891 0.35788123 0.35450385
 0.3511268  0.34775007 0.34437369 0.34099766 0.33762202 0.33424676
 0.3308719  0.32749747 0.32412347 0.32074993 0.31737687 0.31400431
 0.31063226 0.30726076 0.30388981 0.30051946 0.29714972 0.29378062
 0.2904122  0.28704447 0.28367747 0.28031124 0.2769458  0.27358121
 0.27021749 0.26685468 0.26349284 0.260132   0.25677222 0.25341355
 0.25005603 0.24669974 0.24334473 0.23999106 0.2366388  0.23328804
 0.22993884 0.22659129 0.22324547 0.21990149 0.21655945 0.21321944
 0.2098816  0.20654603 0.20321287 0.19988227 0.19655438 0.19322935
 0.18990737 0.18658863 0.18327332 0.17996168 0.17665394 0.17335036
 0.17005122 0.16675682 0.1634675  0.16018362 0.15690557 0.15363379
 0.15036874 0.14711095 0.14386098 0.14061947 0.1373871  0.13416464
 0.13095296 0.12775298 0.12456576 0.1213925  0.1182345  0.11509325
 0.11197043 0.10886794 0.10578794 0.10273288 0.09970557 0.09670926
 0.09374768 0.09082517 0.08794677 0.08511844 0.08234717 0.07964128
 0.07701073 0.07446751 0.07202623 0.0697048  0.06752546 0.06551614
 0.06371244 0.06216046 0.06092111 0.0600769  0.05974299 0.06008669
 0.06136401 0.06399536 0.06874317 0.07720909]
t =  [1.04106646e+09 1.04106651e+09 1.04106655e+09 1.04106659e+09
 1.04106663e+09 1.04106668e+09 1.04106672e+09 1.04106676e+09
 1.04106680e+09 1.04106685e+09 1.04106689e+09 1.04106693e+09
 1.04106698e+09 1.04106702e+09 1.04106706e+09 1.04106710e+09
 1.04106715e+09 1.04106719e+09 1.04106723e+09 1.04106727e+09
 1.04106732e+09 1.04106736e+09 1.04106740e+09 1.04106745e+09
 1.04106749e+09 1.04106753e+09 1.04106757e+09 1.04106762e+09
 1.04106766e+09 1.04106770e+09 1.04106774e+09 1.04106779e+09
 1.04106783e+09 1.04106787e+09 1.04106791e+09 1.04106796e+09
 1.04106800e+09 1.04106804e+09 1.04106809e+09 1.04106813e+09
 1.04106817e+09 1.04106821e+09 1.04106826e+09 1.04106830e+09
 1.04106834e+09 1.04106838e+09 1.04106843e+09 1.04106847e+09
 1.04106851e+09 1.04106856e+09 1.04106860e+09 1.04106864e+09
 1.04106868e+09 1.04106873e+09 1.04106877e+09 1.04106881e+09
 1.04106885e+09 1.04106890e+09 1.04106894e+09 1.04106898e+09
 1.04106902e+09 1.04106907e+09 1.04106911e+09 1.04106915e+09
 1.04106920e+09 1.04106924e+09 1.04106928e+09 1.04106932e+09
 1.04106937e+09 1.04106941e+09 1.04106945e+09 1.04106949e+09
 1.04106954e+09 1.04106958e+09 1.04106962e+09 1.04106967e+09
 1.04106971e+09 1.04106975e+09 1.04106979e+09 1.04106984e+09
 1.04106988e+09 1.04106992e+09 1.04106996e+09 1.04107001e+09
 1.04107005e+09 1.04107009e+09 1.04107013e+09 1.04107018e+09
 1.04107022e+09 1.04107026e+09 1.04107031e+09 1.04107035e+09
 1.04107039e+09 1.04107043e+09 1.04107048e+09 1.04107052e+09
 1.04107056e+09 1.04107060e+09 1.04107065e+09 1.04107069e+09
 1.04107073e+09 1.04107078e+09 1.04107082e+09 1.04107086e+09
 1.04107090e+09 1.04107095e+09 1.04107099e+09 1.04107103e+09
 1.04107107e+09 1.04107112e+09 1.04107116e+09 1.04107120e+09
 1.04107124e+09 1.04107129e+09 1.04107133e+09 1.04107137e+09
 1.04107142e+09 1.04107146e+09 1.04107150e+09 1.04107154e+09
 1.04107159e+09 1.04107163e+09 1.04107167e+09 1.04107171e+09
 1.04107176e+09 1.04107180e+09 1.04107184e+09 1.04107189e+09
 1.04107193e+09 1.04107197e+09 1.04107201e+09 1.04107206e+09
 1.04107210e+09 1.04107214e+09 1.04107218e+09 1.04107223e+09
 1.04107227e+09 1.04107231e+09 1.04107235e+09 1.04107240e+09
 1.04107244e+09 1.04107248e+09 1.04107253e+09 1.04107257e+09
 1.04107261e+09 1.04107265e+09 1.04107270e+09 1.04107274e+09
 1.04107278e+09 1.04107282e+09 1.04107287e+09 1.04107291e+09
 1.04107295e+09 1.04107300e+09 1.04107304e+09 1.04107308e+09
 1.04107312e+09 1.04107317e+09 1.04107321e+09 1.04107325e+09
 1.04107329e+09 1.04107334e+09 1.04107338e+09 1.04107342e+09
 1.04107346e+09 1.04107351e+09 1.04107355e+09 1.04107359e+09
 1.04107364e+09 1.04107368e+09 1.04107372e+09 1.04107376e+09
 1.04107381e+09 1.04107385e+09 1.04107389e+09 1.04107393e+09
 1.04107398e+09 1.04107402e+09 1.04107406e+09 1.04107411e+09
 1.04107415e+09 1.04107419e+09 1.04107423e+09 1.04107428e+09
 1.04107432e+09 1.04107436e+09 1.04107440e+09 1.04107445e+09
 1.04107449e+09 1.04107453e+09 1.04107457e+09 1.04107462e+09
 1.04107466e+09 1.04107470e+09 1.04107475e+09 1.04107479e+09
 1.04107483e+09 1.04107487e+09 1.04107492e+09 1.04107496e+09
 1.04107500e+09 1.04107504e+09 1.04107509e+09 1.04107513e+09
 1.04107517e+09 1.04107522e+09 1.04107526e+09 1.04107530e+09
 1.04107534e+09 1.04107539e+09 1.04107543e+09 1.04107547e+09
 1.04107551e+09 1.04107556e+09 1.04107560e+09 1.04107564e+09
 1.04107568e+09 1.04107573e+09 1.04107577e+09 1.04107581e+09
 1.04107586e+09 1.04107590e+09 1.04107594e+09 1.04107598e+09
 1.04107603e+09 1.04107607e+09 1.04107611e+09 1.04107615e+09
 1.04107620e+09 1.04107624e+09 1.04107628e+09 1.04107633e+09
 1.04107637e+09 1.04107641e+09 1.04107645e+09 1.04107650e+09
 1.04107654e+09 1.04107658e+09 1.04107662e+09 1.04107667e+09
 1.04107671e+09 1.04107675e+09 1.04107679e+09 1.04107684e+09
 1.04107688e+09 1.04107692e+09 1.04107697e+09 1.04107701e+09
 1.04107705e+09 1.04107709e+09 1.04107714e+09 1.04107718e+09
 1.04107722e+09 1.04107726e+09 1.04107731e+09 1.04107735e+09
 1.04107739e+09 1.04107744e+09 1.04107748e+09 1.04107752e+09
 1.04107756e+09 1.04107761e+09 1.04107765e+09 1.04107769e+09
 1.04107773e+09 1.04107778e+09 1.04107782e+09 1.04107786e+09
 1.04107790e+09 1.04107795e+09 1.04107799e+09 1.04107803e+09
 1.04107808e+09 1.04107812e+09 1.04107816e+09 1.04107820e+09
 1.04107825e+09 1.04107829e+09 1.04107833e+09 1.04107837e+09
 1.04107842e+09 1.04107846e+09 1.04107850e+09 1.04107855e+09
 1.04107859e+09 1.04107863e+09 1.04107867e+09 1.04107872e+09
 1.04107876e+09 1.04107880e+09 1.04107884e+09 1.04107889e+09
 1.04107893e+09 1.04107897e+09 1.04107902e+09 1.04107906e+09
 1.04107910e+09 1.04107914e+09 1.04107919e+09 1.04107923e+09
 1.04107927e+09 1.04107931e+09 1.04107936e+09 1.04107940e+09
 1.04107944e+09 1.04107948e+09 1.04107953e+09 1.04107957e+09
 1.04107961e+09 1.04107966e+09 1.04107970e+09 1.04107974e+09
 1.04107978e+09 1.04107983e+09 1.04107987e+09 1.04107991e+09
 1.04107995e+09 1.04108000e+09 1.04108004e+09 1.04108008e+09
 1.04108013e+09 1.04108017e+09 1.04108021e+09 1.04108025e+09
 1.04108030e+09 1.04108034e+09 1.04108038e+09 1.04108042e+09
 1.04108047e+09 1.04108051e+09 1.04108055e+09 1.04108059e+09
 1.04108064e+09 1.04108068e+09 1.04108072e+09 1.04108077e+09
 1.04108081e+09 1.04108085e+09 1.04108089e+09 1.04108094e+09
 1.04108098e+09 1.04108102e+09 1.04108106e+09 1.04108111e+09
 1.04108115e+09 1.04108119e+09 1.04108124e+09 1.04108128e+09
 1.04108132e+09 1.04108136e+09 1.04108141e+09 1.04108145e+09
 1.04108149e+09 1.04108153e+09 1.04108158e+09 1.04108162e+09
 1.04108166e+09 1.04108170e+09 1.04108175e+09 1.04108179e+09
 1.04108183e+09 1.04108188e+09 1.04108192e+09 1.04108196e+09
 1.04108200e+09 1.04108205e+09 1.04108209e+09 1.04108213e+09
 1.04108217e+09 1.04108222e+09 1.04108226e+09 1.04108230e+09
 1.04108235e+09 1.04108239e+09 1.04108243e+09 1.04108247e+09
 1.04108252e+09 1.04108256e+09 1.04108260e+09 1.04108264e+09
 1.04108269e+09 1.04108273e+09 1.04108277e+09 1.04108281e+09
 1.04108286e+09 1.04108290e+09 1.04108294e+09 1.04108299e+09
 1.04108303e+09 1.04108307e+09 1.04108311e+09 1.04108316e+09
 1.04108320e+09 1.04108324e+09 1.04108328e+09 1.04108333e+09
 1.04108337e+09 1.04108341e+09 1.04108346e+09 1.04108350e+09
 1.04108354e+09 1.04108358e+09 1.04108363e+09 1.04108367e+09
 1.04108371e+09 1.04108375e+09 1.04108380e+09 1.04108384e+09
 1.04108388e+09 1.04108392e+09 1.04108397e+09 1.04108401e+09
 1.04108405e+09 1.04108410e+09 1.04108414e+09 1.04108418e+09
 1.04108422e+09 1.04108427e+09 1.04108431e+09 1.04108435e+09
 1.04108439e+09 1.04108444e+09 1.04108448e+09 1.04108452e+09
 1.04108457e+09 1.04108461e+09 1.04108465e+09 1.04108469e+09
 1.04108474e+09 1.04108478e+09 1.04108482e+09 1.04108486e+09
 1.04108491e+09 1.04108495e+09 1.04108499e+09 1.04108503e+09
 1.04108508e+09 1.04108512e+09 1.04108516e+09 1.04108521e+09
 1.04108525e+09 1.04108529e+09 1.04108533e+09 1.04108538e+09
 1.04108542e+09 1.04108546e+09 1.04108550e+09 1.04108555e+09
 1.04108559e+09 1.04108563e+09 1.04108568e+09 1.04108572e+09
 1.04108576e+09 1.04108580e+09 1.04108585e+09 1.04108589e+09
 1.04108593e+09 1.04108597e+09 1.04108602e+09 1.04108606e+09
 1.04108610e+09 1.04108614e+09 1.04108619e+09 1.04108623e+09
 1.04108627e+09 1.04108632e+09 1.04108636e+09 1.04108640e+09
 1.04108644e+09 1.04108649e+09 1.04108653e+09 1.04108657e+09
 1.04108661e+09 1.04108666e+09 1.04108670e+09 1.04108674e+09
 1.04108679e+09 1.04108683e+09 1.04108687e+09 1.04108691e+09
 1.04108696e+09 1.04108700e+09 1.04108704e+09 1.04108708e+09
 1.04108713e+09 1.04108717e+09 1.04108721e+09 1.04108725e+09
 1.04108730e+09 1.04108734e+09 1.04108738e+09 1.04108743e+09
 1.04108747e+09 1.04108751e+09 1.04108755e+09 1.04108760e+09
 1.04108764e+09 1.04108768e+09 1.04108772e+09 1.04108777e+09
 1.04108781e+09 1.04108785e+09 1.04108790e+09 1.04108794e+09
 1.04108798e+09 1.04108802e+09 1.04108807e+09 1.04108811e+09
 1.04108815e+09 1.04108819e+09 1.04108824e+09 1.04108828e+09
 1.04108832e+09 1.04108836e+09 1.04108841e+09 1.04108845e+09
 1.04108849e+09 1.04108854e+09 1.04108858e+09 1.04108862e+09
 1.04108866e+09 1.04108871e+09 1.04108875e+09 1.04108879e+09
 1.04108883e+09 1.04108888e+09 1.04108892e+09 1.04108896e+09
 1.04108901e+09 1.04108905e+09 1.04108909e+09 1.04108913e+09
 1.04108918e+09 1.04108922e+09 1.04108926e+09 1.04108930e+09
 1.04108935e+09 1.04108939e+09 1.04108943e+09 1.04108947e+09
 1.04108952e+09 1.04108956e+09 1.04108960e+09 1.04108965e+09
 1.04108969e+09 1.04108973e+09 1.04108977e+09 1.04108982e+09
 1.04108986e+09 1.04108990e+09 1.04108994e+09 1.04108999e+09
 1.04109003e+09 1.04109007e+09 1.04109012e+09 1.04109016e+09
 1.04109020e+09 1.04109024e+09 1.04109029e+09 1.04109033e+09
 1.04109037e+09 1.04109041e+09 1.04109046e+09 1.04109050e+09
 1.04109054e+09 1.04109058e+09 1.04109063e+09 1.04109067e+09
 1.04109071e+09 1.04109076e+09 1.04109080e+09 1.04109084e+09
 1.04109088e+09 1.04109093e+09 1.04109097e+09 1.04109101e+09
 1.04109105e+09 1.04109110e+09 1.04109114e+09 1.04109118e+09
 1.04109123e+09 1.04109127e+09 1.04109131e+09 1.04109135e+09
 1.04109140e+09 1.04109144e+09 1.04109148e+09 1.04109152e+09
 1.04109157e+09 1.04109161e+09 1.04109165e+09 1.04109169e+09
 1.04109174e+09 1.04109178e+09 1.04109182e+09 1.04109187e+09
 1.04109191e+09 1.04109195e+09 1.04109199e+09 1.04109204e+09
 1.04109208e+09 1.04109212e+09 1.04109216e+09 1.04109221e+09
 1.04109225e+09 1.04109229e+09 1.04109234e+09 1.04109238e+09
 1.04109242e+09 1.04109246e+09 1.04109251e+09 1.04109255e+09
 1.04109259e+09 1.04109263e+09 1.04109268e+09 1.04109272e+09
 1.04109276e+09 1.04109280e+09 1.04109285e+09 1.04109289e+09
 1.04109293e+09 1.04109298e+09 1.04109302e+09 1.04109306e+09
 1.04109310e+09 1.04109315e+09 1.04109319e+09 1.04109323e+09
 1.04109327e+09 1.04109332e+09 1.04109336e+09 1.04109340e+09
 1.04109345e+09 1.04109349e+09 1.04109353e+09 1.04109357e+09
 1.04109362e+09 1.04109366e+09 1.04109370e+09 1.04109374e+09
 1.04109379e+09 1.04109383e+09 1.04109387e+09 1.04109391e+09
 1.04109396e+09 1.04109400e+09 1.04109404e+09 1.04109409e+09
 1.04109413e+09 1.04109417e+09 1.04109421e+09 1.04109426e+09
 1.04109430e+09 1.04109434e+09 1.04109438e+09 1.04109443e+09
 1.04109447e+09 1.04109451e+09 1.04109456e+09 1.04109460e+09
 1.04109464e+09 1.04109468e+09 1.04109473e+09 1.04109477e+09
 1.04109481e+09 1.04109485e+09 1.04109490e+09 1.04109494e+09
 1.04109498e+09 1.04109503e+09 1.04109507e+09 1.04109511e+09
 1.04109515e+09 1.04109520e+09 1.04109524e+09 1.04109528e+09
 1.04109532e+09 1.04109537e+09 1.04109541e+09 1.04109545e+09
 1.04109549e+09 1.04109554e+09 1.04109558e+09 1.04109562e+09
 1.04109567e+09 1.04109571e+09 1.04109575e+09 1.04109579e+09
 1.04109584e+09 1.04109588e+09 1.04109592e+09 1.04109596e+09
 1.04109601e+09 1.04109605e+09 1.04109609e+09 1.04109614e+09
 1.04109618e+09 1.04109622e+09 1.04109626e+09 1.04109631e+09
 1.04109635e+09 1.04109639e+09 1.04109643e+09 1.04109648e+09
 1.04109652e+09 1.04109656e+09 1.04109660e+09 1.04109665e+09
 1.04109669e+09 1.04109673e+09 1.04109678e+09 1.04109682e+09
 1.04109686e+09 1.04109690e+09 1.04109695e+09 1.04109699e+09
 1.04109703e+09 1.04109707e+09 1.04109712e+09 1.04109716e+09
 1.04109720e+09 1.04109725e+09 1.04109729e+09 1.04109733e+09
 1.04109737e+09 1.04109742e+09 1.04109746e+09 1.04109750e+09
 1.04109754e+09 1.04109759e+09 1.04109763e+09 1.04109767e+09
 1.04109771e+09 1.04109776e+09 1.04109780e+09 1.04109784e+09
 1.04109789e+09 1.04109793e+09 1.04109797e+09 1.04109801e+09
 1.04109806e+09 1.04109810e+09 1.04109814e+09 1.04109818e+09
 1.04109823e+09 1.04109827e+09 1.04109831e+09 1.04109836e+09
 1.04109840e+09 1.04109844e+09 1.04109848e+09 1.04109853e+09
 1.04109857e+09 1.04109861e+09 1.04109865e+09 1.04109870e+09
 1.04109874e+09 1.04109878e+09 1.04109882e+09 1.04109887e+09
 1.04109891e+09 1.04109895e+09 1.04109900e+09 1.04109904e+09
 1.04109908e+09 1.04109912e+09 1.04109917e+09 1.04109921e+09
 1.04109925e+09 1.04109929e+09 1.04109934e+09 1.04109938e+09
 1.04109942e+09 1.04109947e+09 1.04109951e+09 1.04109955e+09
 1.04109959e+09 1.04109964e+09 1.04109968e+09 1.04109972e+09
 1.04109976e+09 1.04109981e+09 1.04109985e+09 1.04109989e+09
 1.04109993e+09 1.04109998e+09 1.04110002e+09 1.04110006e+09
 1.04110011e+09 1.04110015e+09 1.04110019e+09 1.04110023e+09
 1.04110028e+09 1.04110032e+09 1.04110036e+09 1.04110040e+09
 1.04110045e+09 1.04110049e+09 1.04110053e+09 1.04110058e+09
 1.04110062e+09 1.04110066e+09 1.04110070e+09 1.04110075e+09
 1.04110079e+09 1.04110083e+09 1.04110087e+09 1.04110092e+09
 1.04110096e+09 1.04110100e+09 1.04110104e+09 1.04110109e+09
 1.04110113e+09 1.04110117e+09 1.04110122e+09 1.04110126e+09
 1.04110130e+09 1.04110134e+09 1.04110139e+09 1.04110143e+09
 1.04110147e+09 1.04110151e+09 1.04110156e+09 1.04110160e+09
 1.04110164e+09 1.04110169e+09 1.04110173e+09 1.04110177e+09
 1.04110181e+09 1.04110186e+09 1.04110190e+09 1.04110194e+09
 1.04110198e+09 1.04110203e+09 1.04110207e+09 1.04110211e+09
 1.04110215e+09 1.04110220e+09 1.04110224e+09 1.04110228e+09
 1.04110233e+09 1.04110237e+09 1.04110241e+09 1.04110245e+09
 1.04110250e+09 1.04110254e+09 1.04110258e+09 1.04110262e+09
 1.04110267e+09 1.04110271e+09 1.04110275e+09 1.04110280e+09
 1.04110284e+09 1.04110288e+09 1.04110292e+09 1.04110297e+09
 1.04110301e+09 1.04110305e+09 1.04110309e+09 1.04110314e+09
 1.04110318e+09 1.04110322e+09 1.04110326e+09 1.04110331e+09
 1.04110335e+09 1.04110339e+09 1.04110344e+09 1.04110348e+09
 1.04110352e+09 1.04110356e+09 1.04110361e+09 1.04110365e+09
 1.04110369e+09 1.04110373e+09 1.04110378e+09 1.04110382e+09
 1.04110386e+09 1.04110391e+09 1.04110395e+09 1.04110399e+09
 1.04110403e+09 1.04110408e+09 1.04110412e+09 1.04110416e+09
 1.04110420e+09 1.04110425e+09 1.04110429e+09 1.04110433e+09
 1.04110437e+09 1.04110442e+09 1.04110446e+09 1.04110450e+09
 1.04110455e+09 1.04110459e+09 1.04110463e+09 1.04110467e+09
 1.04110472e+09 1.04110476e+09 1.04110480e+09 1.04110484e+09
 1.04110489e+09 1.04110493e+09 1.04110497e+09 1.04110502e+09
 1.04110506e+09 1.04110510e+09 1.04110514e+09 1.04110519e+09
 1.04110523e+09 1.04110527e+09 1.04110531e+09 1.04110536e+09
 1.04110540e+09 1.04110544e+09 1.04110548e+09 1.04110553e+09
 1.04110557e+09 1.04110561e+09 1.04110566e+09 1.04110570e+09
 1.04110574e+09 1.04110578e+09 1.04110583e+09 1.04110587e+09
 1.04110591e+09 1.04110595e+09 1.04110600e+09 1.04110604e+09
 1.04110608e+09 1.04110613e+09 1.04110617e+09 1.04110621e+09
 1.04110625e+09 1.04110630e+09 1.04110634e+09 1.04110638e+09
 1.04110642e+09 1.04110647e+09 1.04110651e+09 1.04110655e+09
 1.04110659e+09 1.04110664e+09 1.04110668e+09 1.04110672e+09
 1.04110677e+09 1.04110681e+09 1.04110685e+09 1.04110689e+09
 1.04110694e+09 1.04110698e+09 1.04110702e+09 1.04110706e+09
 1.04110711e+09 1.04110715e+09 1.04110719e+09 1.04110724e+09
 1.04110728e+09 1.04110732e+09 1.04110736e+09 1.04110741e+09
 1.04110745e+09 1.04110749e+09 1.04110753e+09 1.04110758e+09
 1.04110762e+09 1.04110766e+09 1.04110770e+09 1.04110775e+09
 1.04110779e+09 1.04110783e+09 1.04110788e+09 1.04110792e+09
 1.04110796e+09 1.04110800e+09 1.04110805e+09 1.04110809e+09
 1.04110813e+09 1.04110817e+09 1.04110822e+09 1.04110826e+09
 1.04110830e+09 1.04110835e+09 1.04110839e+09 1.04110843e+09
 1.04110847e+09 1.04110852e+09 1.04110856e+09 1.04110860e+09
 1.04110864e+09 1.04110869e+09 1.04110873e+09 1.04110877e+09
 1.04110881e+09 1.04110886e+09 1.04110890e+09 1.04110894e+09
 1.04110899e+09 1.04110903e+09 1.04110907e+09 1.04110911e+09]
minRes = 0.05974299302436403
minResTime =  [1.0411089e+09]
