name =JUICE_ROI_CAL_4_3_10
flyby =  ['2033 MAY 10 08:21:32', '2033 MAY 11 08:21:32']
Observation TW =  <SpiceCell dtype = 1, length = 0, size = 3400, card = 14, is_set = 1, adjust = 0, init = 1, base = 2554799706128, data = 2554799706176>
Res(t) =  [3.59606468 3.59265384 3.58924282 3.58583161 3.58242022 3.57900864
 3.57559688 3.57218493 3.5687728  3.56536048 3.56194798 3.55853529
 3.55512242 3.55170937 3.54829613 3.5448827  3.54146909 3.5380553
 3.53464132 3.53122715 3.5278128  3.52439827 3.52098355 3.51756864
 3.51415355 3.51073828 3.50732282 3.50390718 3.50049135 3.49707534
 3.49365914 3.49024275 3.48682619 3.48340943 3.4799925  3.47657537
 3.47315807 3.46974057 3.4663229  3.46290503 3.45948699 3.45606875
 3.45265034 3.44923174 3.44581295 3.44239398 3.43897482 3.43555548
 3.43213595 3.42871624 3.42529635 3.42187627 3.418456   3.41503555
 3.41161491 3.40819409 3.40477309 3.4013519  3.39793052 3.39450896
 3.39108721 3.38766528 3.38424317 3.38082087 3.37739838 3.37397571
 3.37055286 3.36712982 3.36370659 3.36028318 3.35685958 3.3534358
 3.35001184 3.34658769 3.34316335 3.33973883 3.33631413 3.33288924
 3.32946416 3.3260389  3.32261346 3.31918783 3.31576201 3.31233601
 3.30890982 3.30548345 3.3020569  3.29863016 3.29520323 3.29177612
 3.28834882 3.28492134 3.28149368 3.27806583 3.27463779 3.27120957
 3.26778116 3.26435257 3.26092379 3.25749483 3.25406569 3.25063635
 3.24720684 3.24377713 3.24034725 3.23691717 3.23348692 3.23005647
 3.22662585 3.22319503 3.21976404 3.21633285 3.21290148 3.20946993
 3.20603819 3.20260627 3.19917416 3.19574186 3.19230938 3.18887672
 3.18544387 3.18201083 3.17857761 3.17514421 3.17171062 3.16827684
 3.16484288 3.16140873 3.1579744  3.15453989 3.15110518 3.1476703
 3.14423522 3.14079997 3.13736452 3.13392889 3.13049308 3.12705708
 3.1236209  3.12018453 3.11674797 3.11331123 3.10987431 3.1064372
 3.1029999  3.09956242 3.09612475 3.0926869  3.08924886 3.08581064
 3.08237223 3.07893364 3.07549486 3.07205589 3.06861675 3.06517741
 3.06173789 3.05829818 3.05485829 3.05141822 3.04797795 3.04453751
 3.04109687 3.03765606 3.03421505 3.03077386 3.02733249 3.02389093
 3.02044918 3.01700725 3.01356514 3.01012283 3.00668035 3.00323767
 2.99979482 2.99635177 2.99290854 2.98946513 2.98602153 2.98257774
 2.97913377 2.97568961 2.97224527 2.96880074 2.96535603 2.96191113
 2.95846605 2.95502078 2.95157532 2.94812968 2.94468385 2.94123784
 2.93779164 2.93434526 2.93089869 2.92745194 2.924005   2.92055787
 2.91711056 2.91366306 2.91021538 2.90676751 2.90331946 2.89987122
 2.89642279 2.89297418 2.88952538 2.8860764  2.88262723 2.87917788
 2.87572834 2.87227861 2.8688287  2.86537861 2.86192832 2.85847786
 2.8550272  2.85157636 2.84812534 2.84467413 2.84122273 2.83777115
 2.83431938 2.83086743 2.82741529 2.82396296 2.82051045 2.81705775
 2.81360487 2.8101518  2.80669855 2.80324511 2.79979148 2.79633767
 2.79288367 2.78942948 2.78597512 2.78252056 2.77906582 2.77561089
 2.77215578 2.76870048 2.76524499 2.76178932 2.75833347 2.75487742
 2.7514212  2.74796478 2.74450818 2.74105139 2.73759442 2.73413726
 2.73067992 2.72722239 2.72376467 2.72030677 2.71684868 2.71339041
 2.70993195 2.7064733  2.70301447 2.69955545 2.69609625 2.69263686
 2.68917728 2.68571752 2.68225757 2.67879744 2.67533712 2.67187661
 2.66841592 2.66495504 2.66149398 2.65803273 2.65457129 2.65110967
 2.64764786 2.64418586 2.64072368 2.63726132 2.63379876 2.63033602
 2.6268731  2.62340999 2.61994669 2.6164832  2.61301953 2.60955568
 2.60609164 2.60262741 2.59916299 2.59569839 2.59223361 2.58876863
 2.58530347 2.58183813 2.57837259 2.57490688 2.57144097 2.56797488
 2.56450861 2.56104214 2.55757549 2.55410866 2.55064164 2.54717443
 2.54370703 2.54023945 2.53677169 2.53330373 2.52983559 2.52636727
 2.52289876 2.51943006 2.51596117 2.5124921  2.50902285 2.5055534
 2.50208377 2.49861396 2.49514395 2.49167377 2.48820339 2.48473283
 2.48126208 2.47779115 2.47432003 2.47084872 2.46737723 2.46390555
 2.46043368 2.45696163 2.45348939 2.45001697 2.44654436 2.44307156
 2.43959857 2.4361254  2.43265205 2.4291785  2.42570477 2.42223086
 2.41875675 2.41528246 2.41180799 2.40833333 2.40485848 2.40138344
 2.39790822 2.39443282 2.39095722 2.38748144 2.38400547 2.38052932
 2.37705298 2.37357646 2.37009974 2.36662284 2.36314576 2.35966849
 2.35619103 2.35271338 2.34923555 2.34575753 2.34227933 2.33880094
 2.33532236 2.3318436  2.32836465 2.32488551 2.32140619 2.31792668
 2.31444698 2.3109671  2.30748703 2.30400677 2.30052633 2.2970457
 2.29356489 2.29008388 2.2866027  2.28312132 2.27963976 2.27615801
 2.27267608 2.26919396 2.26571165 2.26222916 2.25874648 2.25526361
 2.25178056 2.24829732 2.24481389 2.24133028 2.23784648 2.2343625
 2.23087832 2.22739397 2.22390942 2.22042469 2.21693977 2.21345467
 2.20996938 2.2064839  2.20299823 2.19951238 2.19602635 2.19254012
 2.18905372 2.18556712 2.18208034 2.17859337 2.17510621 2.17161887
 2.16813134 2.16464363 2.16115573 2.15766764 2.15417936 2.1506909
 2.14720226 2.14371342 2.1402244  2.1367352  2.13324581 2.12975623
 2.12626646 2.12277651 2.11928637 2.11579605 2.11230554 2.10881484
 2.10532396 2.10183289 2.09834163 2.09485019 2.09135856 2.08786675
 2.08437475 2.08088256 2.07739019 2.07389763 2.07040488 2.06691195
 2.06341883 2.05992552 2.05643203 2.05293836 2.04944449 2.04595044
 2.04245621 2.03896178 2.03546718 2.03197238 2.0284774  2.02498224
 2.02148688 2.01799134 2.01449562 2.01099971 2.00750361 2.00400733
 2.00051086 1.99701421 1.99351736 1.99002034 1.98652313 1.98302573
 1.97952814 1.97603037 1.97253242 1.96903427 1.96553594 1.96203743
 1.95853873 1.95503985 1.95154077 1.94804152 1.94454207 1.94104245
 1.93754263 1.93404263 1.93054245 1.92704207 1.92354152 1.92004077
 1.91653985 1.91303873 1.90953743 1.90603595 1.90253428 1.89903242
 1.89553038 1.89202815 1.88852574 1.88502315 1.88152036 1.87801739
 1.87451424 1.8710109  1.86750738 1.86400367 1.86049978 1.8569957
 1.85349143 1.84998698 1.84648235 1.84297753 1.83947252 1.83596733
 1.83246196 1.8289564  1.82545066 1.82194473 1.81843861 1.81493232
 1.81142583 1.80791917 1.80441231 1.80090528 1.79739805 1.79389065
 1.79038306 1.78687528 1.78336732 1.77985918 1.77635085 1.77284234
 1.76933364 1.76582476 1.76231569 1.75880645 1.75529701 1.75178739
 1.74827759 1.74476761 1.74125744 1.73774709 1.73423655 1.73072583
 1.72721493 1.72370384 1.72019257 1.71668111 1.71316947 1.70965765
 1.70614565 1.70263346 1.69912109 1.69560853 1.69209579 1.68858287
 1.68506977 1.68155648 1.67804301 1.67452936 1.67101553 1.66750151
 1.66398731 1.66047292 1.65695836 1.65344361 1.64992868 1.64641357
 1.64289827 1.6393828  1.63586714 1.6323513  1.62883527 1.62531907
 1.62180268 1.61828611 1.61476936 1.61125243 1.60773532 1.60421803
 1.60070055 1.5971829  1.59366506 1.59014704 1.58662884 1.58311046
 1.5795919  1.57607316 1.57255424 1.56903513 1.56551585 1.56199639
 1.55847674 1.55495692 1.55143692 1.54791673 1.54439637 1.54087583
 1.53735511 1.53383421 1.53031313 1.52679187 1.52327043 1.51974881
 1.51622701 1.51270504 1.50918288 1.50566055 1.50213804 1.49861535
 1.49509249 1.49156944 1.48804622 1.48452282 1.48099924 1.47747548
 1.47395155 1.47042744 1.46690315 1.46337869 1.45985405 1.45632923
 1.45280424 1.44927907 1.44575373 1.4422282  1.43870251 1.43517663
 1.43165059 1.42812436 1.42459796 1.42107139 1.41754464 1.41401772
 1.41049062 1.40696335 1.4034359  1.39990828 1.39638049 1.39285252
 1.38932438 1.38579607 1.38226758 1.37873892 1.37521009 1.37168109
 1.36815191 1.36462257 1.36109305 1.35756336 1.35403349 1.35050346
 1.34697326 1.34344288 1.33991234 1.33638162 1.33285074 1.32931969
 1.32578846 1.32225707 1.31872551 1.31519378 1.31166188 1.30812982
 1.30459758 1.30106518 1.29753261 1.29399988 1.29046698 1.28693391
 1.28340067 1.27986727 1.27633371 1.27279998 1.26926608 1.26573202
 1.2621978  1.25866341 1.25512886 1.25159415 1.24805927 1.24452423
 1.24098903 1.23745366 1.23391814 1.23038245 1.22684661 1.2233106
 1.21977443 1.21623811 1.21270162 1.20916498 1.20562817 1.20209121
 1.1985541  1.19501682 1.19147939 1.1879418  1.18440406 1.18086616
 1.1773281  1.1737899  1.17025153 1.16671302 1.16317435 1.15963553
 1.15609656 1.15255743 1.14901816 1.14547873 1.14193916 1.13839943
 1.13485956 1.13131954 1.12777937 1.12423905 1.12069859 1.11715798
 1.11361723 1.11007633 1.10653528 1.1029941  1.09945277 1.0959113
 1.09236969 1.08882793 1.08528604 1.08174401 1.07820184 1.07465953
 1.07111708 1.0675745  1.06403178 1.06048893 1.05694594 1.05340282
 1.04985956 1.04631618 1.04277266 1.03922902 1.03568524 1.03214134
 1.0285973  1.02505315 1.02150886 1.01796445 1.01441992 1.01087527
 1.00733049 1.00378559 1.00024058 0.99669544 0.99315019 0.98960481
 0.98605933 0.98251373 0.97896801 0.97542219 0.97187625 0.9683302
 0.96478405 0.96123779 0.95769142 0.95414494 0.95059837 0.94705169
 0.94350491 0.93995803 0.93641105 0.93286397 0.9293168  0.92576954
 0.92222218 0.91867473 0.9151272  0.91157957 0.90803186 0.90448407
 0.90093619 0.89738823 0.89384019 0.89029207 0.88674388 0.88319562
 0.87964728 0.87609887 0.87255039 0.86900185 0.86545324 0.86190457
 0.85835584 0.85480706 0.85125821 0.84770931 0.84416037 0.84061137
 0.83706232 0.83351323 0.8299641  0.82641493 0.82286573 0.81931648
 0.81576721 0.81221791 0.80866858 0.80511923 0.80156986 0.79802047
 0.79447106 0.79092165 0.78737222 0.78382279 0.78027336 0.77672393
 0.7731745  0.76962508 0.76607568 0.76252629 0.75897692 0.75542757
 0.75187825 0.74832895 0.7447797  0.74123048 0.7376813  0.73413218
 0.7305831  0.72703408 0.72348512 0.71993623 0.7163874  0.71283865
 0.70928999 0.7057414  0.70219291 0.69864451 0.69509622 0.69154803
 0.68799996 0.684452   0.68090417 0.67735648 0.67380892 0.6702615
 0.66671423 0.66316713 0.65962018 0.65607341 0.65252682 0.64898042
 0.64543421 0.64188821 0.63834241 0.63479684 0.63125149 0.62770638
 0.62416152 0.62061691 0.61707256 0.61352849 0.60998471 0.60644122
 0.60289804 0.60026845 0.59672385 0.59317956 0.58963559 0.58609196
 0.58254867 0.57900573 0.57546317 0.57192099 0.56837921 0.56483784
 0.56129689 0.55775638 0.55421632 0.55067674 0.54713763 0.54359903
 0.54006095 0.53652341 0.53298642 0.52945    0.52591417 0.52237895
 0.51884437 0.51531043 0.51177717 0.50824461 0.50471277 0.50118167
 0.49765133 0.4941218  0.49059308 0.48706521 0.48353821 0.48001212
 0.47648696 0.47296277 0.46943958 0.46591742 0.46239633 0.45887633
 0.45535748 0.45183981 0.44832336 0.44480817 0.44129428 0.43778174
 0.4342706  0.4307609  0.4272527  0.42374604 0.42024099 0.41673759
 0.41323592 0.40973602 0.40623796 0.40274182 0.39924765 0.39575554
 0.39226556 0.38877779 0.3852923  0.3818092  0.37832856 0.37485048
 0.37137506 0.36790241 0.36443264 0.36096584 0.35750216 0.3540417
 0.35058461 0.34713102 0.34368107 0.34023493 0.33679273 0.33335467
 0.32992091 0.32649164 0.32306706 0.31964738 0.31623281 0.3128236
 0.30941999 0.30602223 0.30263061 0.29924543 0.29586698 0.2924956
 0.28913165 0.28577549 0.28242754 0.2790882  0.27575794 0.27243725
 0.26912663 0.26582665 0.26253791 0.25926104 0.25599674 0.25274573
 0.24950883 0.2462869  0.24308086 0.23989173 0.2367206  0.23356867
 0.23043721 0.22732766 0.22424155 0.22118056 0.21814655 0.21514157
 0.21216784 0.20922786 0.20632437 0.20346042 0.20063942 0.19786518
 0.19514196 0.19247457 0.18986844 0.18732975 0.18486551 0.18248378
 0.18019385 0.17800646 0.17593414 0.17399159 0.17219622 0.17056875
 0.16913415 0.16792279 0.16697202 0.16632843 0.16605097 0.16621558
 0.16692202 0.16830455 0.17054895 0.17392126]
t =  [1.05259816e+09 1.05259820e+09 1.05259825e+09 1.05259829e+09
 1.05259833e+09 1.05259837e+09 1.05259841e+09 1.05259846e+09
 1.05259850e+09 1.05259854e+09 1.05259858e+09 1.05259862e+09
 1.05259867e+09 1.05259871e+09 1.05259875e+09 1.05259879e+09
 1.05259883e+09 1.05259888e+09 1.05259892e+09 1.05259896e+09
 1.05259900e+09 1.05259905e+09 1.05259909e+09 1.05259913e+09
 1.05259917e+09 1.05259921e+09 1.05259926e+09 1.05259930e+09
 1.05259934e+09 1.05259938e+09 1.05259942e+09 1.05259947e+09
 1.05259951e+09 1.05259955e+09 1.05259959e+09 1.05259964e+09
 1.05259968e+09 1.05259972e+09 1.05259976e+09 1.05259980e+09
 1.05259985e+09 1.05259989e+09 1.05259993e+09 1.05259997e+09
 1.05260001e+09 1.05260006e+09 1.05260010e+09 1.05260014e+09
 1.05260018e+09 1.05260022e+09 1.05260027e+09 1.05260031e+09
 1.05260035e+09 1.05260039e+09 1.05260044e+09 1.05260048e+09
 1.05260052e+09 1.05260056e+09 1.05260060e+09 1.05260065e+09
 1.05260069e+09 1.05260073e+09 1.05260077e+09 1.05260081e+09
 1.05260086e+09 1.05260090e+09 1.05260094e+09 1.05260098e+09
 1.05260102e+09 1.05260107e+09 1.05260111e+09 1.05260115e+09
 1.05260119e+09 1.05260124e+09 1.05260128e+09 1.05260132e+09
 1.05260136e+09 1.05260140e+09 1.05260145e+09 1.05260149e+09
 1.05260153e+09 1.05260157e+09 1.05260161e+09 1.05260166e+09
 1.05260170e+09 1.05260174e+09 1.05260178e+09 1.05260182e+09
 1.05260187e+09 1.05260191e+09 1.05260195e+09 1.05260199e+09
 1.05260204e+09 1.05260208e+09 1.05260212e+09 1.05260216e+09
 1.05260220e+09 1.05260225e+09 1.05260229e+09 1.05260233e+09
 1.05260237e+09 1.05260241e+09 1.05260246e+09 1.05260250e+09
 1.05260254e+09 1.05260258e+09 1.05260262e+09 1.05260267e+09
 1.05260271e+09 1.05260275e+09 1.05260279e+09 1.05260284e+09
 1.05260288e+09 1.05260292e+09 1.05260296e+09 1.05260300e+09
 1.05260305e+09 1.05260309e+09 1.05260313e+09 1.05260317e+09
 1.05260321e+09 1.05260326e+09 1.05260330e+09 1.05260334e+09
 1.05260338e+09 1.05260342e+09 1.05260347e+09 1.05260351e+09
 1.05260355e+09 1.05260359e+09 1.05260364e+09 1.05260368e+09
 1.05260372e+09 1.05260376e+09 1.05260380e+09 1.05260385e+09
 1.05260389e+09 1.05260393e+09 1.05260397e+09 1.05260401e+09
 1.05260406e+09 1.05260410e+09 1.05260414e+09 1.05260418e+09
 1.05260422e+09 1.05260427e+09 1.05260431e+09 1.05260435e+09
 1.05260439e+09 1.05260444e+09 1.05260448e+09 1.05260452e+09
 1.05260456e+09 1.05260460e+09 1.05260465e+09 1.05260469e+09
 1.05260473e+09 1.05260477e+09 1.05260481e+09 1.05260486e+09
 1.05260490e+09 1.05260494e+09 1.05260498e+09 1.05260503e+09
 1.05260507e+09 1.05260511e+09 1.05260515e+09 1.05260519e+09
 1.05260524e+09 1.05260528e+09 1.05260532e+09 1.05260536e+09
 1.05260540e+09 1.05260545e+09 1.05260549e+09 1.05260553e+09
 1.05260557e+09 1.05260561e+09 1.05260566e+09 1.05260570e+09
 1.05260574e+09 1.05260578e+09 1.05260583e+09 1.05260587e+09
 1.05260591e+09 1.05260595e+09 1.05260599e+09 1.05260604e+09
 1.05260608e+09 1.05260612e+09 1.05260616e+09 1.05260620e+09
 1.05260625e+09 1.05260629e+09 1.05260633e+09 1.05260637e+09
 1.05260641e+09 1.05260646e+09 1.05260650e+09 1.05260654e+09
 1.05260658e+09 1.05260663e+09 1.05260667e+09 1.05260671e+09
 1.05260675e+09 1.05260679e+09 1.05260684e+09 1.05260688e+09
 1.05260692e+09 1.05260696e+09 1.05260700e+09 1.05260705e+09
 1.05260709e+09 1.05260713e+09 1.05260717e+09 1.05260721e+09
 1.05260726e+09 1.05260730e+09 1.05260734e+09 1.05260738e+09
 1.05260743e+09 1.05260747e+09 1.05260751e+09 1.05260755e+09
 1.05260759e+09 1.05260764e+09 1.05260768e+09 1.05260772e+09
 1.05260776e+09 1.05260780e+09 1.05260785e+09 1.05260789e+09
 1.05260793e+09 1.05260797e+09 1.05260801e+09 1.05260806e+09
 1.05260810e+09 1.05260814e+09 1.05260818e+09 1.05260823e+09
 1.05260827e+09 1.05260831e+09 1.05260835e+09 1.05260839e+09
 1.05260844e+09 1.05260848e+09 1.05260852e+09 1.05260856e+09
 1.05260860e+09 1.05260865e+09 1.05260869e+09 1.05260873e+09
 1.05260877e+09 1.05260881e+09 1.05260886e+09 1.05260890e+09
 1.05260894e+09 1.05260898e+09 1.05260903e+09 1.05260907e+09
 1.05260911e+09 1.05260915e+09 1.05260919e+09 1.05260924e+09
 1.05260928e+09 1.05260932e+09 1.05260936e+09 1.05260940e+09
 1.05260945e+09 1.05260949e+09 1.05260953e+09 1.05260957e+09
 1.05260961e+09 1.05260966e+09 1.05260970e+09 1.05260974e+09
 1.05260978e+09 1.05260983e+09 1.05260987e+09 1.05260991e+09
 1.05260995e+09 1.05260999e+09 1.05261004e+09 1.05261008e+09
 1.05261012e+09 1.05261016e+09 1.05261020e+09 1.05261025e+09
 1.05261029e+09 1.05261033e+09 1.05261037e+09 1.05261042e+09
 1.05261046e+09 1.05261050e+09 1.05261054e+09 1.05261058e+09
 1.05261063e+09 1.05261067e+09 1.05261071e+09 1.05261075e+09
 1.05261079e+09 1.05261084e+09 1.05261088e+09 1.05261092e+09
 1.05261096e+09 1.05261100e+09 1.05261105e+09 1.05261109e+09
 1.05261113e+09 1.05261117e+09 1.05261122e+09 1.05261126e+09
 1.05261130e+09 1.05261134e+09 1.05261138e+09 1.05261143e+09
 1.05261147e+09 1.05261151e+09 1.05261155e+09 1.05261159e+09
 1.05261164e+09 1.05261168e+09 1.05261172e+09 1.05261176e+09
 1.05261180e+09 1.05261185e+09 1.05261189e+09 1.05261193e+09
 1.05261197e+09 1.05261202e+09 1.05261206e+09 1.05261210e+09
 1.05261214e+09 1.05261218e+09 1.05261223e+09 1.05261227e+09
 1.05261231e+09 1.05261235e+09 1.05261239e+09 1.05261244e+09
 1.05261248e+09 1.05261252e+09 1.05261256e+09 1.05261260e+09
 1.05261265e+09 1.05261269e+09 1.05261273e+09 1.05261277e+09
 1.05261282e+09 1.05261286e+09 1.05261290e+09 1.05261294e+09
 1.05261298e+09 1.05261303e+09 1.05261307e+09 1.05261311e+09
 1.05261315e+09 1.05261319e+09 1.05261324e+09 1.05261328e+09
 1.05261332e+09 1.05261336e+09 1.05261340e+09 1.05261345e+09
 1.05261349e+09 1.05261353e+09 1.05261357e+09 1.05261362e+09
 1.05261366e+09 1.05261370e+09 1.05261374e+09 1.05261378e+09
 1.05261383e+09 1.05261387e+09 1.05261391e+09 1.05261395e+09
 1.05261399e+09 1.05261404e+09 1.05261408e+09 1.05261412e+09
 1.05261416e+09 1.05261420e+09 1.05261425e+09 1.05261429e+09
 1.05261433e+09 1.05261437e+09 1.05261442e+09 1.05261446e+09
 1.05261450e+09 1.05261454e+09 1.05261458e+09 1.05261463e+09
 1.05261467e+09 1.05261471e+09 1.05261475e+09 1.05261479e+09
 1.05261484e+09 1.05261488e+09 1.05261492e+09 1.05261496e+09
 1.05261501e+09 1.05261505e+09 1.05261509e+09 1.05261513e+09
 1.05261517e+09 1.05261522e+09 1.05261526e+09 1.05261530e+09
 1.05261534e+09 1.05261538e+09 1.05261543e+09 1.05261547e+09
 1.05261551e+09 1.05261555e+09 1.05261559e+09 1.05261564e+09
 1.05261568e+09 1.05261572e+09 1.05261576e+09 1.05261581e+09
 1.05261585e+09 1.05261589e+09 1.05261593e+09 1.05261597e+09
 1.05261602e+09 1.05261606e+09 1.05261610e+09 1.05261614e+09
 1.05261618e+09 1.05261623e+09 1.05261627e+09 1.05261631e+09
 1.05261635e+09 1.05261639e+09 1.05261644e+09 1.05261648e+09
 1.05261652e+09 1.05261656e+09 1.05261661e+09 1.05261665e+09
 1.05261669e+09 1.05261673e+09 1.05261677e+09 1.05261682e+09
 1.05261686e+09 1.05261690e+09 1.05261694e+09 1.05261698e+09
 1.05261703e+09 1.05261707e+09 1.05261711e+09 1.05261715e+09
 1.05261719e+09 1.05261724e+09 1.05261728e+09 1.05261732e+09
 1.05261736e+09 1.05261741e+09 1.05261745e+09 1.05261749e+09
 1.05261753e+09 1.05261757e+09 1.05261762e+09 1.05261766e+09
 1.05261770e+09 1.05261774e+09 1.05261778e+09 1.05261783e+09
 1.05261787e+09 1.05261791e+09 1.05261795e+09 1.05261799e+09
 1.05261804e+09 1.05261808e+09 1.05261812e+09 1.05261816e+09
 1.05261821e+09 1.05261825e+09 1.05261829e+09 1.05261833e+09
 1.05261837e+09 1.05261842e+09 1.05261846e+09 1.05261850e+09
 1.05261854e+09 1.05261858e+09 1.05261863e+09 1.05261867e+09
 1.05261871e+09 1.05261875e+09 1.05261879e+09 1.05261884e+09
 1.05261888e+09 1.05261892e+09 1.05261896e+09 1.05261901e+09
 1.05261905e+09 1.05261909e+09 1.05261913e+09 1.05261917e+09
 1.05261922e+09 1.05261926e+09 1.05261930e+09 1.05261934e+09
 1.05261938e+09 1.05261943e+09 1.05261947e+09 1.05261951e+09
 1.05261955e+09 1.05261959e+09 1.05261964e+09 1.05261968e+09
 1.05261972e+09 1.05261976e+09 1.05261981e+09 1.05261985e+09
 1.05261989e+09 1.05261993e+09 1.05261997e+09 1.05262002e+09
 1.05262006e+09 1.05262010e+09 1.05262014e+09 1.05262018e+09
 1.05262023e+09 1.05262027e+09 1.05262031e+09 1.05262035e+09
 1.05262040e+09 1.05262044e+09 1.05262048e+09 1.05262052e+09
 1.05262056e+09 1.05262061e+09 1.05262065e+09 1.05262069e+09
 1.05262073e+09 1.05262077e+09 1.05262082e+09 1.05262086e+09
 1.05262090e+09 1.05262094e+09 1.05262098e+09 1.05262103e+09
 1.05262107e+09 1.05262111e+09 1.05262115e+09 1.05262120e+09
 1.05262124e+09 1.05262128e+09 1.05262132e+09 1.05262136e+09
 1.05262141e+09 1.05262145e+09 1.05262149e+09 1.05262153e+09
 1.05262157e+09 1.05262162e+09 1.05262166e+09 1.05262170e+09
 1.05262174e+09 1.05262178e+09 1.05262183e+09 1.05262187e+09
 1.05262191e+09 1.05262195e+09 1.05262200e+09 1.05262204e+09
 1.05262208e+09 1.05262212e+09 1.05262216e+09 1.05262221e+09
 1.05262225e+09 1.05262229e+09 1.05262233e+09 1.05262237e+09
 1.05262242e+09 1.05262246e+09 1.05262250e+09 1.05262254e+09
 1.05262258e+09 1.05262263e+09 1.05262267e+09 1.05262271e+09
 1.05262275e+09 1.05262280e+09 1.05262284e+09 1.05262288e+09
 1.05262292e+09 1.05262296e+09 1.05262301e+09 1.05262305e+09
 1.05262309e+09 1.05262313e+09 1.05262317e+09 1.05262322e+09
 1.05262326e+09 1.05262330e+09 1.05262334e+09 1.05262338e+09
 1.05262343e+09 1.05262347e+09 1.05262351e+09 1.05262355e+09
 1.05262360e+09 1.05262364e+09 1.05262368e+09 1.05262372e+09
 1.05262376e+09 1.05262381e+09 1.05262385e+09 1.05262389e+09
 1.05262393e+09 1.05262397e+09 1.05262402e+09 1.05262406e+09
 1.05262410e+09 1.05262414e+09 1.05262418e+09 1.05262423e+09
 1.05262427e+09 1.05262431e+09 1.05262435e+09 1.05262440e+09
 1.05262444e+09 1.05262448e+09 1.05262452e+09 1.05262456e+09
 1.05262461e+09 1.05262465e+09 1.05262469e+09 1.05262473e+09
 1.05262477e+09 1.05262482e+09 1.05262486e+09 1.05262490e+09
 1.05262494e+09 1.05262499e+09 1.05262503e+09 1.05262507e+09
 1.05262511e+09 1.05262515e+09 1.05262520e+09 1.05262524e+09
 1.05262528e+09 1.05262532e+09 1.05262536e+09 1.05262541e+09
 1.05262545e+09 1.05262549e+09 1.05262553e+09 1.05262557e+09
 1.05262562e+09 1.05262566e+09 1.05262570e+09 1.05262574e+09
 1.05262579e+09 1.05262583e+09 1.05262587e+09 1.05262591e+09
 1.05262595e+09 1.05262600e+09 1.05262604e+09 1.05262608e+09
 1.05262612e+09 1.05262616e+09 1.05262621e+09 1.05262625e+09
 1.05262629e+09 1.05262633e+09 1.05262637e+09 1.05262642e+09
 1.05262646e+09 1.05262650e+09 1.05262654e+09 1.05262659e+09
 1.05262663e+09 1.05262667e+09 1.05262671e+09 1.05262675e+09
 1.05262680e+09 1.05262684e+09 1.05262688e+09 1.05262692e+09
 1.05262696e+09 1.05262701e+09 1.05262705e+09 1.05262709e+09
 1.05262713e+09 1.05262717e+09 1.05262722e+09 1.05262726e+09
 1.05262730e+09 1.05262734e+09 1.05262739e+09 1.05262743e+09
 1.05262747e+09 1.05262751e+09 1.05262755e+09 1.05262760e+09
 1.05262764e+09 1.05262768e+09 1.05262772e+09 1.05262776e+09
 1.05262781e+09 1.05262785e+09 1.05262789e+09 1.05262793e+09
 1.05262797e+09 1.05262802e+09 1.05262806e+09 1.05262810e+09
 1.05262814e+09 1.05262819e+09 1.05262823e+09 1.05262827e+09
 1.05262831e+09 1.05262835e+09 1.05262840e+09 1.05262844e+09
 1.05262848e+09 1.05262852e+09 1.05262856e+09 1.05262861e+09
 1.05262865e+09 1.05262869e+09 1.05262873e+09 1.05262877e+09
 1.05262882e+09 1.05262886e+09 1.05262890e+09 1.05262894e+09
 1.05262899e+09 1.05262903e+09 1.05262907e+09 1.05262911e+09
 1.05262915e+09 1.05262920e+09 1.05262924e+09 1.05262928e+09
 1.05262932e+09 1.05262936e+09 1.05262941e+09 1.05262945e+09
 1.05262949e+09 1.05262953e+09 1.05262957e+09 1.05262962e+09
 1.05262966e+09 1.05262970e+09 1.05262974e+09 1.05262979e+09
 1.05262983e+09 1.05262987e+09 1.05262991e+09 1.05262995e+09
 1.05263000e+09 1.05263004e+09 1.05263008e+09 1.05263012e+09
 1.05263016e+09 1.05263021e+09 1.05263025e+09 1.05263029e+09
 1.05263033e+09 1.05263038e+09 1.05263042e+09 1.05263046e+09
 1.05263050e+09 1.05263054e+09 1.05263059e+09 1.05263063e+09
 1.05263067e+09 1.05263071e+09 1.05263075e+09 1.05263080e+09
 1.05263084e+09 1.05263088e+09 1.05263092e+09 1.05263096e+09
 1.05263101e+09 1.05263105e+09 1.05263109e+09 1.05263113e+09
 1.05263118e+09 1.05263122e+09 1.05263126e+09 1.05263130e+09
 1.05263134e+09 1.05263139e+09 1.05263143e+09 1.05263147e+09
 1.05263151e+09 1.05263155e+09 1.05263160e+09 1.05263164e+09
 1.05263168e+09 1.05263172e+09 1.05263176e+09 1.05263181e+09
 1.05263185e+09 1.05263189e+09 1.05263193e+09 1.05263198e+09
 1.05263202e+09 1.05263206e+09 1.05263210e+09 1.05263214e+09
 1.05263219e+09 1.05263223e+09 1.05263227e+09 1.05263231e+09
 1.05263235e+09 1.05263240e+09 1.05263244e+09 1.05263248e+09
 1.05263252e+09 1.05263256e+09 1.05263261e+09 1.05263265e+09
 1.05263269e+09 1.05263273e+09 1.05263278e+09 1.05263282e+09
 1.05263286e+09 1.05263290e+09 1.05263294e+09 1.05263299e+09
 1.05263303e+09 1.05263307e+09 1.05263311e+09 1.05263315e+09
 1.05263320e+09 1.05263324e+09 1.05263328e+09 1.05263332e+09
 1.05263336e+09 1.05263341e+09 1.05263345e+09 1.05263349e+09
 1.05263353e+09 1.05263358e+09 1.05263362e+09 1.05263366e+09
 1.05263370e+09 1.05263374e+09 1.05263379e+09 1.05263383e+09
 1.05263387e+09 1.05263391e+09 1.05263395e+09 1.05263400e+09
 1.05263404e+09 1.05263408e+09 1.05263412e+09 1.05263416e+09
 1.05263421e+09 1.05263425e+09 1.05263429e+09 1.05263433e+09
 1.05263438e+09 1.05263442e+09 1.05263446e+09 1.05263450e+09
 1.05263454e+09 1.05263459e+09 1.05263463e+09 1.05263467e+09
 1.05263471e+09 1.05263475e+09 1.05263480e+09 1.05263484e+09
 1.05263488e+09 1.05263492e+09 1.05263496e+09 1.05263501e+09
 1.05263505e+09 1.05263509e+09 1.05263513e+09 1.05263518e+09
 1.05263522e+09 1.05263526e+09 1.05263530e+09 1.05263534e+09
 1.05263539e+09 1.05263543e+09 1.05263547e+09 1.05263551e+09
 1.05263555e+09 1.05263560e+09 1.05263564e+09 1.05263568e+09
 1.05263572e+09 1.05263577e+09 1.05263581e+09 1.05263585e+09
 1.05263589e+09 1.05263593e+09 1.05263598e+09 1.05263602e+09
 1.05263606e+09 1.05263610e+09 1.05263614e+09 1.05263619e+09
 1.05263623e+09 1.05263627e+09 1.05263631e+09 1.05263635e+09
 1.05263640e+09 1.05263644e+09 1.05263648e+09 1.05263652e+09
 1.05263657e+09 1.05263661e+09 1.05263665e+09 1.05263669e+09
 1.05263673e+09 1.05263678e+09 1.05263682e+09 1.05263686e+09
 1.05263690e+09 1.05263694e+09 1.05263699e+09 1.05263703e+09
 1.05263707e+09 1.05263711e+09 1.05263715e+09 1.05263720e+09
 1.05263724e+09 1.05263728e+09 1.05263732e+09 1.05263737e+09
 1.05263741e+09 1.05263745e+09 1.05263749e+09 1.05263753e+09
 1.05263758e+09 1.05263762e+09 1.05263766e+09 1.05263770e+09
 1.05263774e+09 1.05263779e+09 1.05263783e+09 1.05263787e+09
 1.05263791e+09 1.05263795e+09 1.05263800e+09 1.05263804e+09
 1.05263808e+09 1.05263812e+09 1.05263817e+09 1.05263821e+09
 1.05263825e+09 1.05263829e+09 1.05263833e+09 1.05263838e+09
 1.05263842e+09 1.05263846e+09 1.05263850e+09 1.05263854e+09
 1.05263859e+09 1.05263863e+09 1.05263867e+09 1.05263871e+09
 1.05263875e+09 1.05263880e+09 1.05263884e+09 1.05263888e+09
 1.05263892e+09 1.05263897e+09 1.05263901e+09 1.05263905e+09
 1.05263909e+09 1.05263913e+09 1.05263918e+09 1.05263922e+09
 1.05263926e+09 1.05263930e+09 1.05263934e+09 1.05263939e+09
 1.05263943e+09 1.05263947e+09 1.05263951e+09 1.05263955e+09
 1.05263960e+09 1.05263964e+09 1.05263968e+09 1.05263972e+09
 1.05263977e+09 1.05263981e+09 1.05263985e+09 1.05263989e+09
 1.05263993e+09 1.05263998e+09 1.05264002e+09 1.05264006e+09
 1.05264010e+09 1.05264014e+09 1.05264019e+09 1.05264023e+09]
minRes = 0.1660509724737612
minResTime =  [1.05264002e+09]
