name =JUICE_ROI_CAL_4_4_02
flyby =  ['2032 DEC 27 21:06:34', '2032 DEC 28 21:06:34']
Observation TW =  <SpiceCell dtype = 1, length = 0, size = 3200, card = 12, is_set = 1, adjust = 0, init = 1, base = 2554799733392, data = 2554799733440>
Res(t) =  [4.17862537 4.17498721 4.17134881 4.16771017 4.16407128 4.16043215
 4.15679277 4.15315315 4.14951329 4.14587317 4.14223281 4.13859221
 4.13495136 4.13131026 4.12766892 4.12402733 4.12038549 4.11674341
 4.11310108 4.1094585  4.10581567 4.1021726  4.09852928 4.09488571
 4.09124189 4.08759782 4.0839535  4.08030894 4.07666413 4.07301906
 4.06937375 4.06572819 4.06208238 4.05843631 4.05479    4.05114344
 4.04749663 4.04384956 4.04020225 4.03655468 4.03290686 4.02925879
 4.02561047 4.0219619  4.01831308 4.014664   4.01101467 4.00736509
 4.00371525 4.00006516 3.99641482 3.99276423 3.98911338 3.98546228
 3.98181092 3.97815931 3.97450744 3.97085532 3.96720295 3.96355032
 3.95989743 3.95624429 3.9525909  3.94893725 3.94528334 3.94162917
 3.93797475 3.93432008 3.93066514 3.92700995 3.92335451 3.9196988
 3.91604284 3.91238662 3.90873014 3.90507341 3.90141641 3.89775916
 3.89410165 3.89044388 3.88678585 3.88312756 3.87946901 3.8758102
 3.87215114 3.86849181 3.86483222 3.86117237 3.85751226 3.85385189
 3.85019126 3.84653037 3.84286922 3.8392078  3.83554613 3.83188419
 3.82822199 3.82455952 3.8208968  3.81723381 3.81357056 3.80990704
 3.80624327 3.80257922 3.79891492 3.79525035 3.79158552 3.78792042
 3.78425505 3.78058943 3.77692354 3.77325738 3.76959096 3.76592427
 3.76225731 3.75859009 3.75492261 3.75125485 3.74758683 3.74391855
 3.74025    3.73658118 3.73291209 3.72924273 3.72557311 3.72190322
 3.71823306 3.71456263 3.71089194 3.70722097 3.70354974 3.69987824
 3.69620647 3.69253443 3.68886211 3.68518953 3.68151668 3.67784356
 3.67417017 3.6704965  3.66682257 3.66314837 3.65947389 3.65579914
 3.65212412 3.64844883 3.64477326 3.64109743 3.63742132 3.63374494
 3.63006828 3.62639135 3.62271415 3.61903668 3.61535893 3.6116809
 3.60800261 3.60432404 3.60064519 3.59696607 3.59328667 3.589607
 3.58592705 3.58224683 3.57856633 3.57488556 3.57120451 3.56752318
 3.56384157 3.56015969 3.55647754 3.5527951  3.54911239 3.5454294
 3.54174613 3.53806258 3.53437875 3.53069465 3.52701027 3.52332561
 3.51964067 3.51595545 3.51226995 3.50858417 3.50489811 3.50121177
 3.49752515 3.49383825 3.49015106 3.4864636  3.48277586 3.47908783
 3.47539953 3.47171094 3.46802206 3.46433291 3.46064348 3.45695376
 3.45326375 3.44957347 3.4458829  3.44219205 3.43850091 3.43480949
 3.43111779 3.4274258  3.42373353 3.42004097 3.41634813 3.412655
 3.40896159 3.40526789 3.4015739  3.39787963 3.39418507 3.39049023
 3.3867951  3.38309968 3.37940397 3.37570798 3.3720117  3.36831513
 3.36461828 3.36092113 3.3572237  3.35352598 3.34982797 3.34612967
 3.34243108 3.3387322  3.33503303 3.33133357 3.32763382 3.32393379
 3.32023346 3.31653284 3.31283192 3.30913072 3.30542923 3.30172744
 3.29802536 3.29432299 3.29062033 3.28691738 3.28321413 3.27951059
 3.27580675 3.27210263 3.2683982  3.26469349 3.26098848 3.25728318
 3.25357758 3.24987169 3.2461655  3.24245902 3.23875224 3.23504516
 3.23133779 3.22763013 3.22392216 3.22021391 3.21650535 3.2127965
 3.20908735 3.2053779  3.20166816 3.19795811 3.19424777 3.19053713
 3.1868262  3.18311496 3.17940343 3.17569159 3.17197946 3.16826702
 3.16455429 3.16084126 3.15712792 3.15341429 3.14970035 3.14598612
 3.14227158 3.13855674 3.1348416  3.13112616 3.12741042 3.12369437
 3.11997802 3.11626137 3.11254442 3.10882716 3.1051096  3.10139173
 3.09767356 3.09395509 3.09023631 3.08651723 3.08279785 3.07907815
 3.07535816 3.07163786 3.06791725 3.06419633 3.06047511 3.05675359
 3.05303175 3.04930961 3.04558717 3.04186441 3.03814135 3.03441798
 3.03069431 3.02697032 3.02324603 3.01952142 3.01579651 3.01207129
 3.00834576 3.00461992 3.00089377 2.99716731 2.99344054 2.98971346
 2.98598607 2.98225837 2.97853036 2.97480203 2.97107339 2.96734445
 2.96361519 2.95988561 2.95615573 2.95242553 2.94869502 2.94496419
 2.94123306 2.93750161 2.93376984 2.93003776 2.92630537 2.92257266
 2.91883963 2.91510629 2.91137264 2.90763867 2.90390438 2.90016978
 2.89643486 2.89269963 2.88896407 2.88522821 2.88149202 2.87775552
 2.87401869 2.87028155 2.8665441  2.86280632 2.85906823 2.85532981
 2.85159108 2.84785203 2.84411265 2.84037296 2.83663295 2.83289262
 2.82915197 2.82541099 2.8216697  2.81792808 2.81418614 2.81044388
 2.8067013  2.8029584  2.79921517 2.79547162 2.79172775 2.78798355
 2.78423903 2.78049419 2.77674902 2.77300353 2.76925772 2.76551158
 2.76176511 2.75801832 2.75427121 2.75052376 2.746776   2.7430279
 2.73927948 2.73553074 2.73178166 2.72803226 2.72428253 2.72053248
 2.71678209 2.71303138 2.70928034 2.70552897 2.70177728 2.69802525
 2.69427289 2.69052021 2.68676719 2.68301385 2.67926017 2.67550616
 2.67175182 2.66799716 2.66424216 2.66048682 2.65673116 2.65297517
 2.64921884 2.64546218 2.64170518 2.63794786 2.6341902  2.6304322
 2.62667388 2.62291522 2.61915622 2.61539689 2.61163722 2.60787722
 2.60411689 2.60035622 2.59659521 2.59283387 2.58907219 2.58531017
 2.58154782 2.57778513 2.5740221  2.57025874 2.56649503 2.56273099
 2.55896661 2.55520189 2.55143684 2.54767144 2.5439057  2.54013963
 2.53637321 2.53260646 2.52883936 2.52507192 2.52130415 2.51753603
 2.51376757 2.50999877 2.50622962 2.50246013 2.49869031 2.49492013
 2.49114962 2.48737876 2.48360756 2.47983601 2.47606412 2.47229189
 2.46851931 2.46474639 2.46097312 2.45719951 2.45342555 2.44965124
 2.44587659 2.44210159 2.43832625 2.43455055 2.43077451 2.42699813
 2.42322139 2.41944431 2.41566688 2.4118891  2.40811097 2.4043325
 2.40055367 2.39677449 2.39299497 2.38921509 2.38543486 2.38165429
 2.37787336 2.37409208 2.37031045 2.36652846 2.36274613 2.35896344
 2.3551804  2.35139701 2.34761326 2.34382916 2.34004471 2.33625991
 2.33247474 2.32868923 2.32490336 2.32111713 2.31733055 2.31354362
 2.30975632 2.30596868 2.30218067 2.29839231 2.29460359 2.29081452
 2.28702508 2.28323529 2.27944514 2.27565464 2.27186377 2.26807255
 2.26428096 2.26048902 2.25669672 2.25290405 2.24911103 2.24531765
 2.2415239  2.2377298  2.23393533 2.2301405  2.22634531 2.22254976
 2.21875384 2.21495756 2.21116092 2.20736392 2.20356655 2.19976882
 2.19597072 2.19217226 2.18837344 2.18457424 2.18077469 2.17697477
 2.17317448 2.16937383 2.16557281 2.16177142 2.15796966 2.15416754
 2.15036505 2.1465622  2.14275897 2.13895538 2.13515141 2.13134708
 2.12754238 2.12373731 2.11993187 2.11612606 2.11231988 2.10851333
 2.1047064  2.10089911 2.09709144 2.0932834  2.08947499 2.08566621
 2.08185705 2.07804752 2.07423762 2.07042734 2.06661669 2.06280567
 2.05899427 2.05518249 2.05137034 2.04755782 2.04374491 2.03993164
 2.03611798 2.03230395 2.02848954 2.02467476 2.02085959 2.01704405
 2.01322813 2.00941184 2.00559516 2.0017781  1.99796067 1.99414285
 1.99032466 1.98650608 1.98268712 1.97886779 1.97504807 1.97122797
 1.96740748 1.96358662 1.95976537 1.95594374 1.95212173 1.94829933
 1.94447655 1.94065339 1.93682984 1.9330059  1.92918158 1.92535688
 1.92153179 1.91770631 1.91388045 1.9100542  1.90622757 1.90240054
 1.89857313 1.89474534 1.89091715 1.88708857 1.88325961 1.87943026
 1.87560051 1.87177038 1.86793986 1.86410894 1.86027764 1.85644595
 1.85261386 1.84878138 1.84494851 1.84111525 1.83728159 1.83344754
 1.8296131  1.82577827 1.82194304 1.81810741 1.8142714  1.81043498
 1.80659817 1.80276097 1.79892337 1.79508537 1.79124698 1.78740819
 1.783569   1.77972941 1.77588943 1.77204905 1.76820827 1.76436709
 1.76052551 1.75668353 1.75284115 1.74899837 1.74515519 1.74131161
 1.73746763 1.73362325 1.72977846 1.72593327 1.72208768 1.71824169
 1.71439529 1.71054849 1.70670128 1.70285367 1.69900566 1.69515724
 1.69130841 1.68745918 1.68360954 1.6797595  1.67590905 1.67205819
 1.66820692 1.66435525 1.66050317 1.65665067 1.65279777 1.64894446
 1.64509074 1.64123661 1.63738207 1.63352712 1.62967176 1.62581599
 1.6219598  1.6181032  1.61424619 1.61038877 1.60653093 1.60267268
 1.59881401 1.59495493 1.59109544 1.58723553 1.5833752  1.57951446
 1.5756533  1.57179172 1.56792973 1.56406732 1.56020449 1.55634125
 1.55247758 1.5486135  1.544749   1.54088407 1.53701873 1.53315297
 1.52928678 1.52542017 1.52155315 1.5176857  1.51381782 1.50994953
 1.50608081 1.50221167 1.4983421  1.49447211 1.4906017  1.48673085
 1.48285959 1.4789879  1.47511578 1.47124323 1.46737026 1.46349686
 1.45962303 1.45574877 1.45187408 1.44799897 1.44412342 1.44024745
 1.43637104 1.43249421 1.42861694 1.42473924 1.42086111 1.41698254
 1.41310355 1.40922411 1.40534425 1.40146395 1.39758322 1.39370205
 1.38982044 1.3859384  1.38205593 1.37817301 1.37428966 1.37040588
 1.36652165 1.36263699 1.35875188 1.35486634 1.35098036 1.34709393
 1.34320707 1.33931976 1.33543202 1.33154383 1.3276552  1.32376612
 1.3198766  1.31598664 1.31209624 1.30820539 1.30431409 1.30042235
 1.29653016 1.29263753 1.28874445 1.28485092 1.28095694 1.27706252
 1.27316764 1.26927232 1.26537655 1.26148032 1.25758365 1.25368652
 1.24978894 1.24589091 1.24199243 1.2380935  1.23419411 1.23029426
 1.22639397 1.22249321 1.218592   1.21469034 1.21078822 1.20688564
 1.2029826  1.19907911 1.19517515 1.19127074 1.18736587 1.18346054
 1.17955474 1.17564849 1.17174177 1.16783459 1.16392695 1.16001885
 1.15611028 1.15220125 1.14829175 1.14438179 1.14047136 1.13656046
 1.1326491  1.12873727 1.12482497 1.12091221 1.11699897 1.11308526
 1.10917109 1.10525644 1.10134132 1.09742573 1.09350967 1.08959313
 1.08567612 1.08175864 1.07784068 1.07392225 1.07000334 1.06608395
 1.06216408 1.05824374 1.05432292 1.05040162 1.04647985 1.04255759
 1.03863485 1.03471163 1.03078792 1.02686374 1.02293907 1.01901392
 1.01508828 1.01116216 1.00723555 1.00330846 0.99938088 0.99545281
 0.99152425 0.9875952  0.98366567 0.97973564 0.97580513 0.97187412
 0.96794262 0.96401063 0.96007814 0.95614516 0.95221169 0.94827772
 0.94434325 0.94040829 0.93647283 0.93253687 0.92860041 0.92466345
 0.92072599 0.91678803 0.91284957 0.90891061 0.90497114 0.90103117
 0.8970907  0.89314972 0.88920823 0.88526623 0.88132373 0.87738072
 0.8734372  0.86949318 0.86554864 0.86160358 0.85765802 0.85371194
 0.84976535 0.84581825 0.84187063 0.83792249 0.83397384 0.83002467
 0.82607498 0.82212477 0.81817404 0.81422279 0.81027101 0.80631872
 0.8023659  0.79841255 0.79445868 0.79050429 0.78654937 0.78259391
 0.77863794 0.77468143 0.77072439 0.76676682 0.76280871 0.75885007
 0.7548909  0.7509312  0.74697095 0.74301017 0.73904886 0.735087
 0.7311246  0.72716167 0.72319819 0.71923417 0.7152696  0.71130449
 0.70733884 0.70337263 0.69940588 0.69543858 0.6923271  0.68835923
 0.68439081 0.68042184 0.67645233 0.67248227 0.66851166 0.66454051
 0.6605688  0.65659654 0.65262374 0.64865038 0.64467646 0.64070199
 0.63672697 0.63275139 0.62877525 0.62479856 0.62082131 0.61684349
 0.61286512 0.60888618 0.60490668 0.60092662 0.59694599 0.5929648
 0.58898304 0.58500072 0.58101782 0.57703436 0.57305032 0.56906572
 0.56508054 0.56109479 0.55710846 0.55312156 0.54913409 0.54514603
 0.54115741 0.5371682  0.53317841 0.52918804 0.5251971  0.52120557
 0.51721346 0.51322076 0.50922748 0.50523362 0.50123917 0.49724413
 0.49324851 0.4892523  0.4852555  0.48125812 0.47726014 0.47326157
 0.46926242 0.46526267 0.46126233 0.4572614  0.45325988 0.44925777
 0.44525506 0.44125176 0.43724787 0.43324339 0.42923831 0.42523264
 0.42122638 0.41721953 0.41321208 0.40920405 0.40519542 0.40118621
 0.3971764  0.39316601 0.38915503 0.38514347]
t =  [1.04106646e+09 1.04106650e+09 1.04106654e+09 1.04106658e+09
 1.04106662e+09 1.04106666e+09 1.04106670e+09 1.04106674e+09
 1.04106678e+09 1.04106682e+09 1.04106686e+09 1.04106689e+09
 1.04106693e+09 1.04106697e+09 1.04106701e+09 1.04106705e+09
 1.04106709e+09 1.04106713e+09 1.04106717e+09 1.04106721e+09
 1.04106725e+09 1.04106729e+09 1.04106733e+09 1.04106737e+09
 1.04106740e+09 1.04106744e+09 1.04106748e+09 1.04106752e+09
 1.04106756e+09 1.04106760e+09 1.04106764e+09 1.04106768e+09
 1.04106772e+09 1.04106776e+09 1.04106780e+09 1.04106784e+09
 1.04106788e+09 1.04106791e+09 1.04106795e+09 1.04106799e+09
 1.04106803e+09 1.04106807e+09 1.04106811e+09 1.04106815e+09
 1.04106819e+09 1.04106823e+09 1.04106827e+09 1.04106831e+09
 1.04106835e+09 1.04106838e+09 1.04106842e+09 1.04106846e+09
 1.04106850e+09 1.04106854e+09 1.04106858e+09 1.04106862e+09
 1.04106866e+09 1.04106870e+09 1.04106874e+09 1.04106878e+09
 1.04106882e+09 1.04106886e+09 1.04106889e+09 1.04106893e+09
 1.04106897e+09 1.04106901e+09 1.04106905e+09 1.04106909e+09
 1.04106913e+09 1.04106917e+09 1.04106921e+09 1.04106925e+09
 1.04106929e+09 1.04106933e+09 1.04106937e+09 1.04106940e+09
 1.04106944e+09 1.04106948e+09 1.04106952e+09 1.04106956e+09
 1.04106960e+09 1.04106964e+09 1.04106968e+09 1.04106972e+09
 1.04106976e+09 1.04106980e+09 1.04106984e+09 1.04106988e+09
 1.04106991e+09 1.04106995e+09 1.04106999e+09 1.04107003e+09
 1.04107007e+09 1.04107011e+09 1.04107015e+09 1.04107019e+09
 1.04107023e+09 1.04107027e+09 1.04107031e+09 1.04107035e+09
 1.04107039e+09 1.04107042e+09 1.04107046e+09 1.04107050e+09
 1.04107054e+09 1.04107058e+09 1.04107062e+09 1.04107066e+09
 1.04107070e+09 1.04107074e+09 1.04107078e+09 1.04107082e+09
 1.04107086e+09 1.04107089e+09 1.04107093e+09 1.04107097e+09
 1.04107101e+09 1.04107105e+09 1.04107109e+09 1.04107113e+09
 1.04107117e+09 1.04107121e+09 1.04107125e+09 1.04107129e+09
 1.04107133e+09 1.04107137e+09 1.04107140e+09 1.04107144e+09
 1.04107148e+09 1.04107152e+09 1.04107156e+09 1.04107160e+09
 1.04107164e+09 1.04107168e+09 1.04107172e+09 1.04107176e+09
 1.04107180e+09 1.04107184e+09 1.04107188e+09 1.04107191e+09
 1.04107195e+09 1.04107199e+09 1.04107203e+09 1.04107207e+09
 1.04107211e+09 1.04107215e+09 1.04107219e+09 1.04107223e+09
 1.04107227e+09 1.04107231e+09 1.04107235e+09 1.04107239e+09
 1.04107242e+09 1.04107246e+09 1.04107250e+09 1.04107254e+09
 1.04107258e+09 1.04107262e+09 1.04107266e+09 1.04107270e+09
 1.04107274e+09 1.04107278e+09 1.04107282e+09 1.04107286e+09
 1.04107290e+09 1.04107293e+09 1.04107297e+09 1.04107301e+09
 1.04107305e+09 1.04107309e+09 1.04107313e+09 1.04107317e+09
 1.04107321e+09 1.04107325e+09 1.04107329e+09 1.04107333e+09
 1.04107337e+09 1.04107340e+09 1.04107344e+09 1.04107348e+09
 1.04107352e+09 1.04107356e+09 1.04107360e+09 1.04107364e+09
 1.04107368e+09 1.04107372e+09 1.04107376e+09 1.04107380e+09
 1.04107384e+09 1.04107388e+09 1.04107391e+09 1.04107395e+09
 1.04107399e+09 1.04107403e+09 1.04107407e+09 1.04107411e+09
 1.04107415e+09 1.04107419e+09 1.04107423e+09 1.04107427e+09
 1.04107431e+09 1.04107435e+09 1.04107439e+09 1.04107442e+09
 1.04107446e+09 1.04107450e+09 1.04107454e+09 1.04107458e+09
 1.04107462e+09 1.04107466e+09 1.04107470e+09 1.04107474e+09
 1.04107478e+09 1.04107482e+09 1.04107486e+09 1.04107490e+09
 1.04107493e+09 1.04107497e+09 1.04107501e+09 1.04107505e+09
 1.04107509e+09 1.04107513e+09 1.04107517e+09 1.04107521e+09
 1.04107525e+09 1.04107529e+09 1.04107533e+09 1.04107537e+09
 1.04107541e+09 1.04107544e+09 1.04107548e+09 1.04107552e+09
 1.04107556e+09 1.04107560e+09 1.04107564e+09 1.04107568e+09
 1.04107572e+09 1.04107576e+09 1.04107580e+09 1.04107584e+09
 1.04107588e+09 1.04107592e+09 1.04107595e+09 1.04107599e+09
 1.04107603e+09 1.04107607e+09 1.04107611e+09 1.04107615e+09
 1.04107619e+09 1.04107623e+09 1.04107627e+09 1.04107631e+09
 1.04107635e+09 1.04107639e+09 1.04107642e+09 1.04107646e+09
 1.04107650e+09 1.04107654e+09 1.04107658e+09 1.04107662e+09
 1.04107666e+09 1.04107670e+09 1.04107674e+09 1.04107678e+09
 1.04107682e+09 1.04107686e+09 1.04107690e+09 1.04107693e+09
 1.04107697e+09 1.04107701e+09 1.04107705e+09 1.04107709e+09
 1.04107713e+09 1.04107717e+09 1.04107721e+09 1.04107725e+09
 1.04107729e+09 1.04107733e+09 1.04107737e+09 1.04107741e+09
 1.04107744e+09 1.04107748e+09 1.04107752e+09 1.04107756e+09
 1.04107760e+09 1.04107764e+09 1.04107768e+09 1.04107772e+09
 1.04107776e+09 1.04107780e+09 1.04107784e+09 1.04107788e+09
 1.04107792e+09 1.04107795e+09 1.04107799e+09 1.04107803e+09
 1.04107807e+09 1.04107811e+09 1.04107815e+09 1.04107819e+09
 1.04107823e+09 1.04107827e+09 1.04107831e+09 1.04107835e+09
 1.04107839e+09 1.04107843e+09 1.04107846e+09 1.04107850e+09
 1.04107854e+09 1.04107858e+09 1.04107862e+09 1.04107866e+09
 1.04107870e+09 1.04107874e+09 1.04107878e+09 1.04107882e+09
 1.04107886e+09 1.04107890e+09 1.04107893e+09 1.04107897e+09
 1.04107901e+09 1.04107905e+09 1.04107909e+09 1.04107913e+09
 1.04107917e+09 1.04107921e+09 1.04107925e+09 1.04107929e+09
 1.04107933e+09 1.04107937e+09 1.04107941e+09 1.04107944e+09
 1.04107948e+09 1.04107952e+09 1.04107956e+09 1.04107960e+09
 1.04107964e+09 1.04107968e+09 1.04107972e+09 1.04107976e+09
 1.04107980e+09 1.04107984e+09 1.04107988e+09 1.04107992e+09
 1.04107995e+09 1.04107999e+09 1.04108003e+09 1.04108007e+09
 1.04108011e+09 1.04108015e+09 1.04108019e+09 1.04108023e+09
 1.04108027e+09 1.04108031e+09 1.04108035e+09 1.04108039e+09
 1.04108043e+09 1.04108046e+09 1.04108050e+09 1.04108054e+09
 1.04108058e+09 1.04108062e+09 1.04108066e+09 1.04108070e+09
 1.04108074e+09 1.04108078e+09 1.04108082e+09 1.04108086e+09
 1.04108090e+09 1.04108094e+09 1.04108097e+09 1.04108101e+09
 1.04108105e+09 1.04108109e+09 1.04108113e+09 1.04108117e+09
 1.04108121e+09 1.04108125e+09 1.04108129e+09 1.04108133e+09
 1.04108137e+09 1.04108141e+09 1.04108144e+09 1.04108148e+09
 1.04108152e+09 1.04108156e+09 1.04108160e+09 1.04108164e+09
 1.04108168e+09 1.04108172e+09 1.04108176e+09 1.04108180e+09
 1.04108184e+09 1.04108188e+09 1.04108192e+09 1.04108195e+09
 1.04108199e+09 1.04108203e+09 1.04108207e+09 1.04108211e+09
 1.04108215e+09 1.04108219e+09 1.04108223e+09 1.04108227e+09
 1.04108231e+09 1.04108235e+09 1.04108239e+09 1.04108243e+09
 1.04108246e+09 1.04108250e+09 1.04108254e+09 1.04108258e+09
 1.04108262e+09 1.04108266e+09 1.04108270e+09 1.04108274e+09
 1.04108278e+09 1.04108282e+09 1.04108286e+09 1.04108290e+09
 1.04108294e+09 1.04108297e+09 1.04108301e+09 1.04108305e+09
 1.04108309e+09 1.04108313e+09 1.04108317e+09 1.04108321e+09
 1.04108325e+09 1.04108329e+09 1.04108333e+09 1.04108337e+09
 1.04108341e+09 1.04108345e+09 1.04108348e+09 1.04108352e+09
 1.04108356e+09 1.04108360e+09 1.04108364e+09 1.04108368e+09
 1.04108372e+09 1.04108376e+09 1.04108380e+09 1.04108384e+09
 1.04108388e+09 1.04108392e+09 1.04108395e+09 1.04108399e+09
 1.04108403e+09 1.04108407e+09 1.04108411e+09 1.04108415e+09
 1.04108419e+09 1.04108423e+09 1.04108427e+09 1.04108431e+09
 1.04108435e+09 1.04108439e+09 1.04108443e+09 1.04108446e+09
 1.04108450e+09 1.04108454e+09 1.04108458e+09 1.04108462e+09
 1.04108466e+09 1.04108470e+09 1.04108474e+09 1.04108478e+09
 1.04108482e+09 1.04108486e+09 1.04108490e+09 1.04108494e+09
 1.04108497e+09 1.04108501e+09 1.04108505e+09 1.04108509e+09
 1.04108513e+09 1.04108517e+09 1.04108521e+09 1.04108525e+09
 1.04108529e+09 1.04108533e+09 1.04108537e+09 1.04108541e+09
 1.04108545e+09 1.04108548e+09 1.04108552e+09 1.04108556e+09
 1.04108560e+09 1.04108564e+09 1.04108568e+09 1.04108572e+09
 1.04108576e+09 1.04108580e+09 1.04108584e+09 1.04108588e+09
 1.04108592e+09 1.04108596e+09 1.04108599e+09 1.04108603e+09
 1.04108607e+09 1.04108611e+09 1.04108615e+09 1.04108619e+09
 1.04108623e+09 1.04108627e+09 1.04108631e+09 1.04108635e+09
 1.04108639e+09 1.04108643e+09 1.04108646e+09 1.04108650e+09
 1.04108654e+09 1.04108658e+09 1.04108662e+09 1.04108666e+09
 1.04108670e+09 1.04108674e+09 1.04108678e+09 1.04108682e+09
 1.04108686e+09 1.04108690e+09 1.04108694e+09 1.04108697e+09
 1.04108701e+09 1.04108705e+09 1.04108709e+09 1.04108713e+09
 1.04108717e+09 1.04108721e+09 1.04108725e+09 1.04108729e+09
 1.04108733e+09 1.04108737e+09 1.04108741e+09 1.04108745e+09
 1.04108748e+09 1.04108752e+09 1.04108756e+09 1.04108760e+09
 1.04108764e+09 1.04108768e+09 1.04108772e+09 1.04108776e+09
 1.04108780e+09 1.04108784e+09 1.04108788e+09 1.04108792e+09
 1.04108796e+09 1.04108799e+09 1.04108803e+09 1.04108807e+09
 1.04108811e+09 1.04108815e+09 1.04108819e+09 1.04108823e+09
 1.04108827e+09 1.04108831e+09 1.04108835e+09 1.04108839e+09
 1.04108843e+09 1.04108847e+09 1.04108850e+09 1.04108854e+09
 1.04108858e+09 1.04108862e+09 1.04108866e+09 1.04108870e+09
 1.04108874e+09 1.04108878e+09 1.04108882e+09 1.04108886e+09
 1.04108890e+09 1.04108894e+09 1.04108898e+09 1.04108901e+09
 1.04108905e+09 1.04108909e+09 1.04108913e+09 1.04108917e+09
 1.04108921e+09 1.04108925e+09 1.04108929e+09 1.04108933e+09
 1.04108937e+09 1.04108941e+09 1.04108945e+09 1.04108948e+09
 1.04108952e+09 1.04108956e+09 1.04108960e+09 1.04108964e+09
 1.04108968e+09 1.04108972e+09 1.04108976e+09 1.04108980e+09
 1.04108984e+09 1.04108988e+09 1.04108992e+09 1.04108996e+09
 1.04108999e+09 1.04109003e+09 1.04109007e+09 1.04109011e+09
 1.04109015e+09 1.04109019e+09 1.04109023e+09 1.04109027e+09
 1.04109031e+09 1.04109035e+09 1.04109039e+09 1.04109043e+09
 1.04109047e+09 1.04109050e+09 1.04109054e+09 1.04109058e+09
 1.04109062e+09 1.04109066e+09 1.04109070e+09 1.04109074e+09
 1.04109078e+09 1.04109082e+09 1.04109086e+09 1.04109090e+09
 1.04109094e+09 1.04109098e+09 1.04109101e+09 1.04109105e+09
 1.04109109e+09 1.04109113e+09 1.04109117e+09 1.04109121e+09
 1.04109125e+09 1.04109129e+09 1.04109133e+09 1.04109137e+09
 1.04109141e+09 1.04109145e+09 1.04109149e+09 1.04109152e+09
 1.04109156e+09 1.04109160e+09 1.04109164e+09 1.04109168e+09
 1.04109172e+09 1.04109176e+09 1.04109180e+09 1.04109184e+09
 1.04109188e+09 1.04109192e+09 1.04109196e+09 1.04109199e+09
 1.04109203e+09 1.04109207e+09 1.04109211e+09 1.04109215e+09
 1.04109219e+09 1.04109223e+09 1.04109227e+09 1.04109231e+09
 1.04109235e+09 1.04109239e+09 1.04109243e+09 1.04109247e+09
 1.04109250e+09 1.04109254e+09 1.04109258e+09 1.04109262e+09
 1.04109266e+09 1.04109270e+09 1.04109274e+09 1.04109278e+09
 1.04109282e+09 1.04109286e+09 1.04109290e+09 1.04109294e+09
 1.04109298e+09 1.04109301e+09 1.04109305e+09 1.04109309e+09
 1.04109313e+09 1.04109317e+09 1.04109321e+09 1.04109325e+09
 1.04109329e+09 1.04109333e+09 1.04109337e+09 1.04109341e+09
 1.04109345e+09 1.04109349e+09 1.04109352e+09 1.04109356e+09
 1.04109360e+09 1.04109364e+09 1.04109368e+09 1.04109372e+09
 1.04109376e+09 1.04109380e+09 1.04109384e+09 1.04109388e+09
 1.04109392e+09 1.04109396e+09 1.04109400e+09 1.04109403e+09
 1.04109407e+09 1.04109411e+09 1.04109415e+09 1.04109419e+09
 1.04109423e+09 1.04109427e+09 1.04109431e+09 1.04109435e+09
 1.04109439e+09 1.04109443e+09 1.04109447e+09 1.04109450e+09
 1.04109454e+09 1.04109458e+09 1.04109462e+09 1.04109466e+09
 1.04109470e+09 1.04109474e+09 1.04109478e+09 1.04109482e+09
 1.04109486e+09 1.04109490e+09 1.04109494e+09 1.04109498e+09
 1.04109501e+09 1.04109505e+09 1.04109509e+09 1.04109513e+09
 1.04109517e+09 1.04109521e+09 1.04109525e+09 1.04109529e+09
 1.04109533e+09 1.04109537e+09 1.04109541e+09 1.04109545e+09
 1.04109549e+09 1.04109552e+09 1.04109556e+09 1.04109560e+09
 1.04109564e+09 1.04109568e+09 1.04109572e+09 1.04109576e+09
 1.04109580e+09 1.04109584e+09 1.04109588e+09 1.04109592e+09
 1.04109596e+09 1.04109600e+09 1.04109603e+09 1.04109607e+09
 1.04109611e+09 1.04109615e+09 1.04109619e+09 1.04109623e+09
 1.04109627e+09 1.04109631e+09 1.04109635e+09 1.04109639e+09
 1.04109643e+09 1.04109647e+09 1.04109651e+09 1.04109654e+09
 1.04109658e+09 1.04109662e+09 1.04109666e+09 1.04109670e+09
 1.04109674e+09 1.04109678e+09 1.04109682e+09 1.04109686e+09
 1.04109690e+09 1.04109694e+09 1.04109698e+09 1.04109701e+09
 1.04109705e+09 1.04109709e+09 1.04109713e+09 1.04109717e+09
 1.04109721e+09 1.04109725e+09 1.04109729e+09 1.04109733e+09
 1.04109737e+09 1.04109741e+09 1.04109745e+09 1.04109749e+09
 1.04109752e+09 1.04109756e+09 1.04109760e+09 1.04109764e+09
 1.04109768e+09 1.04109772e+09 1.04109776e+09 1.04109780e+09
 1.04109784e+09 1.04109788e+09 1.04109792e+09 1.04109796e+09
 1.04109800e+09 1.04109803e+09 1.04109807e+09 1.04109811e+09
 1.04109815e+09 1.04109819e+09 1.04109823e+09 1.04109827e+09
 1.04109831e+09 1.04109835e+09 1.04109839e+09 1.04109843e+09
 1.04109847e+09 1.04109851e+09 1.04109854e+09 1.04109858e+09
 1.04109862e+09 1.04109866e+09 1.04109870e+09 1.04109874e+09
 1.04109878e+09 1.04109882e+09 1.04109886e+09 1.04109890e+09
 1.04109894e+09 1.04109898e+09 1.04109902e+09 1.04109905e+09
 1.04109909e+09 1.04109913e+09 1.04109917e+09 1.04109921e+09
 1.04109925e+09 1.04109929e+09 1.04109933e+09 1.04109937e+09
 1.04109941e+09 1.04109945e+09 1.04109949e+09 1.04109952e+09
 1.04109956e+09 1.04109960e+09 1.04109964e+09 1.04109968e+09
 1.04109972e+09 1.04109976e+09 1.04109980e+09 1.04109984e+09
 1.04109988e+09 1.04109992e+09 1.04109996e+09 1.04110000e+09
 1.04110003e+09 1.04110007e+09 1.04110011e+09 1.04110015e+09
 1.04110019e+09 1.04110023e+09 1.04110027e+09 1.04110031e+09
 1.04110035e+09 1.04110039e+09 1.04110043e+09 1.04110047e+09
 1.04110051e+09 1.04110054e+09 1.04110058e+09 1.04110062e+09
 1.04110066e+09 1.04110070e+09 1.04110074e+09 1.04110078e+09
 1.04110082e+09 1.04110086e+09 1.04110090e+09 1.04110094e+09
 1.04110098e+09 1.04110102e+09 1.04110105e+09 1.04110109e+09
 1.04110113e+09 1.04110117e+09 1.04110121e+09 1.04110125e+09
 1.04110129e+09 1.04110133e+09 1.04110137e+09 1.04110141e+09
 1.04110145e+09 1.04110149e+09 1.04110153e+09 1.04110156e+09
 1.04110160e+09 1.04110164e+09 1.04110168e+09 1.04110172e+09
 1.04110176e+09 1.04110180e+09 1.04110184e+09 1.04110188e+09
 1.04110192e+09 1.04110196e+09 1.04110200e+09 1.04110204e+09
 1.04110207e+09 1.04110211e+09 1.04110215e+09 1.04110219e+09
 1.04110223e+09 1.04110227e+09 1.04110231e+09 1.04110235e+09
 1.04110239e+09 1.04110243e+09 1.04110247e+09 1.04110251e+09
 1.04110254e+09 1.04110258e+09 1.04110262e+09 1.04110266e+09
 1.04110270e+09 1.04110274e+09 1.04110278e+09 1.04110282e+09
 1.04110286e+09 1.04110290e+09 1.04110294e+09 1.04110298e+09
 1.04110302e+09 1.04110305e+09 1.04110309e+09 1.04110313e+09
 1.04110317e+09 1.04110321e+09 1.04110325e+09 1.04110329e+09
 1.04110333e+09 1.04110337e+09 1.04110341e+09 1.04110345e+09
 1.04110349e+09 1.04110353e+09 1.04110356e+09 1.04110360e+09
 1.04110364e+09 1.04110368e+09 1.04110372e+09 1.04110376e+09
 1.04110380e+09 1.04110384e+09 1.04110388e+09 1.04110392e+09
 1.04110396e+09 1.04110400e+09 1.04110404e+09 1.04110407e+09
 1.04110411e+09 1.04110415e+09 1.04110419e+09 1.04110423e+09
 1.04110427e+09 1.04110431e+09 1.04110435e+09 1.04110439e+09
 1.04110443e+09 1.04110447e+09 1.04110451e+09 1.04110455e+09
 1.04110458e+09 1.04110462e+09 1.04110466e+09 1.04110470e+09
 1.04110474e+09 1.04110478e+09 1.04110482e+09 1.04110486e+09
 1.04110490e+09 1.04110494e+09 1.04110498e+09 1.04110502e+09
 1.04110505e+09 1.04110509e+09 1.04110513e+09 1.04110517e+09
 1.04110521e+09 1.04110525e+09 1.04110529e+09 1.04110533e+09
 1.04110537e+09 1.04110541e+09 1.04110545e+09 1.04110549e+09
 1.04110553e+09 1.04110556e+09 1.04110560e+09 1.04110564e+09]
minRes = 0.38514347057340337
minResTime =  [1.04110564e+09]
