name =JUICE_ROI_CAL_7_0_08
flyby =  ['2032 AUG 14 10:09:17', '2032 AUG 15 10:09:17']
Observation TW =  <SpiceCell dtype = 1, length = 0, size = 3400, card = 14, is_set = 1, adjust = 0, init = 1, base = 2554807853088, data = 2554807853136>
Res(t) =  [4.3794041  4.37592444 4.3724444  4.36896397 4.36548316 4.36200196
 4.35852037 4.35503839 4.35155603 4.34807328 4.34459014 4.34110661
 4.33762269 4.33413838 4.33065368 4.32716858 4.3236831  4.32019722
 4.31671095 4.31322429 4.30973724 4.30624979 4.30276195 4.29927371
 4.29578508 4.29229605 4.28880663 4.28531681 4.28182659 4.27833598
 4.27484497 4.27135356 4.26786175 4.26436954 4.26087693 4.25738393
 4.25389052 4.25039671 4.2469025  4.24340789 4.23991288 4.23641747
 4.23292165 4.22942543 4.2259288  4.22243178 4.21893434 4.2154365
 4.21193826 4.20843961 4.20494055 4.20144109 4.19794122 4.19444094
 4.19094025 4.18743916 4.18393765 4.18043574 4.17693341 4.17343068
 4.16992753 4.16642397 4.16292001 4.15941562 4.15591083 4.15240562
 4.1489     4.14539397 4.14188752 4.13838066 4.13487338 4.13136568
 4.12785757 4.12434904 4.1208401  4.11733074 4.11382095 4.11031076
 4.10680014 4.1032891  4.09977764 4.09626576 4.09275347 4.08924075
 4.0857276  4.08221404 4.07870005 4.07518565 4.07167081 4.06815556
 4.06463987 4.06112377 4.05760724 4.05409028 4.0505729  4.04705509
 4.04353685 4.04001819 4.03649909 4.03297957 4.02945962 4.02593924
 4.02241843 4.01889719 4.01537552 4.01185342 4.00833089 4.00480792
 4.00128453 3.99776069 3.99423643 3.99071173 3.9871866  3.98366103
 3.98013503 3.97660859 3.97308171 3.9695544  3.96602665 3.96249846
 3.95896983 3.95544077 3.95191127 3.94838132 3.94485094 3.94132012
 3.93778885 3.93425715 3.930725   3.92719241 3.92365938 3.9201259
 3.91659198 3.91305762 3.90952281 3.90598755 3.90245186 3.89891571
 3.89537912 3.89184208 3.88830459 3.88476666 3.88122827 3.87768944
 3.87415016 3.87061043 3.86707025 3.86352962 3.85998853 3.856447
 3.85290501 3.84936257 3.84581968 3.84227633 3.83873253 3.83518828
 3.83164357 3.8280984  3.82455278 3.8210067  3.81746017 3.81391317
 3.81036572 3.80681782 3.80326945 3.79972062 3.79617133 3.79262159
 3.78907138 3.78552071 3.78196958 3.77841799 3.77486594 3.77131342
 3.76776044 3.76420699 3.76065308 3.7570987  3.75354386 3.74998856
 3.74643278 3.74287654 3.73931984 3.73576266 3.73220502 3.72864691
 3.72508832 3.72152927 3.71796975 3.71440976 3.7108493  3.70728836
 3.70372695 3.70016507 3.69660272 3.69303989 3.68947659 3.68591281
 3.68234856 3.67878384 3.67521863 3.67165295 3.6680868  3.66452017
 3.66095305 3.65738546 3.65381739 3.65024885 3.64667982 3.64311031
 3.63954032 3.63596985 3.63239889 3.62882746 3.62525554 3.62168314
 3.61811025 3.61453688 3.61096303 3.60738869 3.60381386 3.60023855
 3.59666275 3.59308647 3.5895097  3.58593243 3.58235468 3.57877644
 3.57519771 3.5716185  3.56803879 3.56445858 3.56087789 3.55729671
 3.55371503 3.55013286 3.54655019 3.54296704 3.53938338 3.53579924
 3.53221459 3.52862945 3.52504382 3.52145768 3.51787105 3.51428393
 3.5106963  3.50710817 3.50351955 3.49993042 3.4963408  3.49275067
 3.48916004 3.48556891 3.48197728 3.47838514 3.4747925  3.47119936
 3.46760571 3.46401156 3.4604169  3.45682174 3.45322607 3.4496299
 3.44603321 3.44243602 3.43883832 3.43524011 3.43164139 3.42804216
 3.42444243 3.42084218 3.41724142 3.41364014 3.41003836 3.40643606
 3.40283325 3.39922993 3.39562609 3.39202173 3.38841686 3.38481148
 3.38120558 3.37759916 3.37399223 3.37038477 3.3667768  3.36316831
 3.3595593  3.35594978 3.35233973 3.34872916 3.34511807 3.34150645
 3.33789432 3.33428166 3.33066848 3.32705478 3.32344055 3.3198258
 3.31621052 3.31259471 3.30897838 3.30536153 3.30174414 3.29812623
 3.29450779 3.29088882 3.28726932 3.2836493  3.28002874 3.27640765
 3.27278603 3.26916388 3.2655412  3.26191798 3.25829423 3.25466995
 3.25104513 3.24741978 3.24379389 3.24016747 3.23654051 3.23291302
 3.22928499 3.22565642 3.22202731 3.21839767 3.21476748 3.21113676
 3.20750549 3.20387369 3.20024134 3.19660845 3.19297502 3.18934105
 3.18570653 3.18207148 3.17843587 3.17479973 3.17116303 3.16752579
 3.16388801 3.16024968 3.1566108  3.15297138 3.14933141 3.14569088
 3.14204981 3.13840819 3.13476602 3.1311233  3.12748003 3.12383621
 3.12019184 3.11654691 3.11290143 3.1092554  3.10560881 3.10196167
 3.09831397 3.09466572 3.09101692 3.08736755 3.08371763 3.08006716
 3.07641612 3.07276453 3.06911237 3.06545966 3.06180639 3.05815256
 3.05449817 3.05084321 3.0471877  3.04353162 3.03987498 3.03621778
 3.03256001 3.02890168 3.02524279 3.02158333 3.0179233  3.01426271
 3.01060155 3.00693983 3.00327753 2.99961467 2.99595124 2.99228724
 2.98862268 2.98495754 2.98129183 2.97762555 2.9739587  2.97029128
 2.96662329 2.96295472 2.95928558 2.95561587 2.95194558 2.94827472
 2.94460328 2.94093126 2.93725868 2.93358551 2.92991177 2.92623745
 2.92256255 2.91888707 2.91521101 2.91153438 2.90785716 2.90417937
 2.90050099 2.89682204 2.8931425  2.88946238 2.88578167 2.88210038
 2.87841851 2.87473606 2.87105302 2.8673694  2.86368519 2.86000039
 2.85631501 2.85262904 2.84894248 2.84525534 2.84156761 2.83787929
 2.83419038 2.83050088 2.82681079 2.82312011 2.81942884 2.81573698
 2.81204453 2.80835148 2.80465784 2.80096361 2.79726879 2.79357337
 2.78987735 2.78618074 2.78248354 2.77878574 2.77508734 2.77138835
 2.76768876 2.76398857 2.76028779 2.75658641 2.75288442 2.74918184
 2.74547866 2.74177488 2.73807049 2.73436551 2.73065993 2.72695374
 2.72324695 2.71953956 2.71583156 2.71212296 2.70841376 2.70470395
 2.70099354 2.69728252 2.6935709  2.68985867 2.68614584 2.6824324
 2.67871835 2.67500369 2.67128842 2.66757255 2.66385607 2.66013897
 2.65642127 2.65270296 2.64898404 2.6452645  2.64154436 2.6378236
 2.63410223 2.63038025 2.62665766 2.62293445 2.61921063 2.61548619
 2.61176114 2.60803548 2.6043092  2.6005823  2.59685479 2.59312667
 2.58939792 2.58566856 2.58193858 2.57820799 2.57447677 2.57074494
 2.56701249 2.56327941 2.55954572 2.55581141 2.55207648 2.54834093
 2.54460476 2.54086796 2.53713055 2.53339251 2.52965385 2.52591457
 2.52217466 2.51843413 2.51469298 2.5109512  2.5072088  2.50346577
 2.49972212 2.49597785 2.49223294 2.48848742 2.48474126 2.48099448
 2.47724707 2.47349904 2.46975038 2.46600109 2.46225117 2.45850062
 2.45474945 2.45099764 2.44724521 2.44349215 2.43973845 2.43598413
 2.43222918 2.4284736  2.42471738 2.42096054 2.41720306 2.41344495
 2.40968621 2.40592684 2.40216683 2.3984062  2.39464493 2.39088302
 2.38712049 2.38335732 2.37959351 2.37582907 2.372064   2.3682983
 2.36453196 2.36076498 2.35699737 2.35322912 2.34946024 2.34569072
 2.34192057 2.33814978 2.33437836 2.33060629 2.3268336  2.32306026
 2.31928629 2.31551168 2.31173644 2.30796055 2.30418403 2.30040687
 2.29662908 2.29285064 2.28907157 2.28529186 2.28151151 2.27773053
 2.2739489  2.27016664 2.26638374 2.2626002  2.25881602 2.2550312
 2.25124574 2.24745965 2.24367291 2.23988554 2.23609752 2.23230887
 2.22851958 2.22472964 2.22093907 2.21714786 2.21335601 2.20956352
 2.20577039 2.20197663 2.19818222 2.19438717 2.19059149 2.18679516
 2.18299819 2.17920059 2.17540235 2.17160346 2.16780394 2.16400378
 2.16020298 2.15640154 2.15259946 2.14879675 2.14499339 2.1411894
 2.13738476 2.13357949 2.12977358 2.12596704 2.12215985 2.11835203
 2.11454357 2.11073447 2.10692474 2.10311437 2.09930336 2.09549171
 2.09167943 2.08786652 2.08405296 2.08023877 2.07642395 2.07260849
 2.06879239 2.06497566 2.0611583  2.0573403  2.05352167 2.04970241
 2.04588251 2.04206198 2.03824082 2.03441902 2.0305966  2.02677354
 2.02294985 2.01912553 2.01530058 2.01147501 2.0076488  2.00382196
 1.9999945  1.99616641 1.99233769 1.98850834 1.98467837 1.98084777
 1.97701655 1.9731847  1.96935223 1.96551913 1.96168542 1.95785108
 1.95401611 1.95018053 1.94634433 1.94250751 1.93867006 1.934832
 1.93099333 1.92715403 1.92331412 1.9194736  1.91563246 1.9117907
 1.90794833 1.90410536 1.90026176 1.89641756 1.89257275 1.88872733
 1.88488131 1.88103467 1.87718743 1.87333959 1.86949114 1.86564209
 1.86179244 1.85794218 1.85409133 1.85023988 1.84638783 1.84253518
 1.83868194 1.8348281  1.83097368 1.82711865 1.82326304 1.81940684
 1.81555006 1.81169268 1.80783472 1.80397618 1.80011705 1.79625734
 1.79239705 1.78853619 1.78467474 1.78081273 1.77695013 1.77308697
 1.76922323 1.76535893 1.76149406 1.75762862 1.75376262 1.74989606
 1.74602893 1.74216125 1.73829301 1.73442421 1.73055487 1.72668497
 1.72281452 1.71894352 1.71507198 1.7111999  1.70732727 1.7034541
 1.6995804  1.69570617 1.6918314  1.6879561  1.68408027 1.68020392
 1.67632704 1.67244964 1.66857173 1.6646933  1.66081435 1.65693489
 1.65305493 1.64917446 1.64529349 1.64141202 1.63753005 1.63364759
 1.62976463 1.62588119 1.62199726 1.61811285 1.61422796 1.6103426
 1.60645676 1.60257045 1.59868368 1.59479644 1.59090874 1.58702059
 1.58313198 1.57924293 1.57535343 1.57146349 1.56757311 1.5636823
 1.55979106 1.55589939 1.5520073  1.54811479 1.54422187 1.54032854
 1.5364348  1.53254066 1.52864613 1.52475121 1.5208559  1.5169602
 1.51306413 1.50916769 1.50527087 1.5013737  1.49747617 1.49357828
 1.48968005 1.48578148 1.48188257 1.47798332 1.47408376 1.47018387
 1.46628367 1.46238316 1.45848236 1.45458125 1.45067986 1.44677818
 1.44287623 1.43897401 1.43507152 1.43116878 1.42726578 1.42336255
 1.41945908 1.41555538 1.41165146 1.40774733 1.403843   1.39993846
 1.39603374 1.39212883 1.38822376 1.38431851 1.38041311 1.37650757
 1.37260188 1.36869606 1.36479013 1.36088408 1.35697793 1.35307169
 1.34916536 1.34525897 1.34135251 1.337446   1.33353945 1.32963286
 1.32572626 1.32181965 1.31791305 1.31400645 1.31009989 1.30619336
 1.30228688 1.29838047 1.29447413 1.29056788 1.28666174 1.28275571
 1.2788498  1.27494404 1.27103844 1.26713301 1.26322777 1.25932273
 1.2554179  1.25151331 1.24760897 1.24370489 1.23980109 1.2358976
 1.23199442 1.22809157 1.22418907 1.22028694 1.2163852  1.21248387
 1.20858297 1.20468251 1.20078252 1.19688302 1.19298403 1.18908556
 1.18518765 1.18129032 1.17739358 1.17349747 1.169602   1.16570719
 1.16181309 1.1579197  1.15402706 1.1501352  1.14624413 1.14235389
 1.13846451 1.13457601 1.13068843 1.12680179 1.12291612 1.11903147
 1.11514786 1.11126531 1.10738388 1.10350359 1.09962447 1.09574657
 1.09186992 1.08799456 1.08412052 1.08024785 1.07637659 1.07250678
 1.06863846 1.06477168 1.06090648 1.0570429  1.053181   1.04932082
 1.04546242 1.04160583 1.03775112 1.03389833 1.03004753 1.02619876
 1.02235209 1.01850757 1.01466526 1.01082523 1.00698754 1.00315225
 0.99931943 0.99548916 0.99166149 0.98783651 0.98401429 0.98019489
 0.97637842 0.97256493 0.96875452 0.96494728 0.96114328 0.95734262
 0.9535454  0.9497517  0.94596163 0.94217529 0.93839279 0.93461422
 0.9308397  0.92706935 0.91937101 0.91558502 0.91180316 0.90802555
 0.90425232 0.90048358 0.89671948 0.89296014 0.88920571 0.88545632
 0.88171212 0.87797328 0.87423993 0.87051225 0.86679041 0.86307457
 0.85936492 0.85566165 0.85196494 0.848275   0.84459203 0.84091625
 0.83724788 0.83358714 0.82993428 0.82628954 0.82265318 0.81902546
 0.81540667 0.81179708 0.80819699 0.80460672 0.80102659 0.79745692
 0.79389808 0.79035041 0.7868143  0.78329014 0.77977835 0.77627934
 0.77279357 0.76932149 0.7658636  0.76242041 0.75899243 0.75558024
 0.7521844  0.74880553 0.74544426 0.74210126 0.73877723 0.73547291
 0.73218905 0.72892648 0.72568604 0.72246863 0.7192752  0.71610672
 0.71296426 0.70984891 0.70676183 0.70370427 0.70067751 0.69768295
 0.69472203 0.6917963  0.68890741 0.68605709]
t =  [1.02936303e+09 1.02936306e+09 1.02936310e+09 1.02936314e+09
 1.02936318e+09 1.02936322e+09 1.02936326e+09 1.02936330e+09
 1.02936334e+09 1.02936338e+09 1.02936341e+09 1.02936345e+09
 1.02936349e+09 1.02936353e+09 1.02936357e+09 1.02936361e+09
 1.02936365e+09 1.02936369e+09 1.02936372e+09 1.02936376e+09
 1.02936380e+09 1.02936384e+09 1.02936388e+09 1.02936392e+09
 1.02936396e+09 1.02936400e+09 1.02936403e+09 1.02936407e+09
 1.02936411e+09 1.02936415e+09 1.02936419e+09 1.02936423e+09
 1.02936427e+09 1.02936431e+09 1.02936434e+09 1.02936438e+09
 1.02936442e+09 1.02936446e+09 1.02936450e+09 1.02936454e+09
 1.02936458e+09 1.02936462e+09 1.02936465e+09 1.02936469e+09
 1.02936473e+09 1.02936477e+09 1.02936481e+09 1.02936485e+09
 1.02936489e+09 1.02936493e+09 1.02936496e+09 1.02936500e+09
 1.02936504e+09 1.02936508e+09 1.02936512e+09 1.02936516e+09
 1.02936520e+09 1.02936524e+09 1.02936527e+09 1.02936531e+09
 1.02936535e+09 1.02936539e+09 1.02936543e+09 1.02936547e+09
 1.02936551e+09 1.02936555e+09 1.02936558e+09 1.02936562e+09
 1.02936566e+09 1.02936570e+09 1.02936574e+09 1.02936578e+09
 1.02936582e+09 1.02936586e+09 1.02936590e+09 1.02936593e+09
 1.02936597e+09 1.02936601e+09 1.02936605e+09 1.02936609e+09
 1.02936613e+09 1.02936617e+09 1.02936621e+09 1.02936624e+09
 1.02936628e+09 1.02936632e+09 1.02936636e+09 1.02936640e+09
 1.02936644e+09 1.02936648e+09 1.02936652e+09 1.02936655e+09
 1.02936659e+09 1.02936663e+09 1.02936667e+09 1.02936671e+09
 1.02936675e+09 1.02936679e+09 1.02936683e+09 1.02936686e+09
 1.02936690e+09 1.02936694e+09 1.02936698e+09 1.02936702e+09
 1.02936706e+09 1.02936710e+09 1.02936714e+09 1.02936717e+09
 1.02936721e+09 1.02936725e+09 1.02936729e+09 1.02936733e+09
 1.02936737e+09 1.02936741e+09 1.02936745e+09 1.02936748e+09
 1.02936752e+09 1.02936756e+09 1.02936760e+09 1.02936764e+09
 1.02936768e+09 1.02936772e+09 1.02936776e+09 1.02936779e+09
 1.02936783e+09 1.02936787e+09 1.02936791e+09 1.02936795e+09
 1.02936799e+09 1.02936803e+09 1.02936807e+09 1.02936810e+09
 1.02936814e+09 1.02936818e+09 1.02936822e+09 1.02936826e+09
 1.02936830e+09 1.02936834e+09 1.02936838e+09 1.02936842e+09
 1.02936845e+09 1.02936849e+09 1.02936853e+09 1.02936857e+09
 1.02936861e+09 1.02936865e+09 1.02936869e+09 1.02936873e+09
 1.02936876e+09 1.02936880e+09 1.02936884e+09 1.02936888e+09
 1.02936892e+09 1.02936896e+09 1.02936900e+09 1.02936904e+09
 1.02936907e+09 1.02936911e+09 1.02936915e+09 1.02936919e+09
 1.02936923e+09 1.02936927e+09 1.02936931e+09 1.02936935e+09
 1.02936938e+09 1.02936942e+09 1.02936946e+09 1.02936950e+09
 1.02936954e+09 1.02936958e+09 1.02936962e+09 1.02936966e+09
 1.02936969e+09 1.02936973e+09 1.02936977e+09 1.02936981e+09
 1.02936985e+09 1.02936989e+09 1.02936993e+09 1.02936997e+09
 1.02937000e+09 1.02937004e+09 1.02937008e+09 1.02937012e+09
 1.02937016e+09 1.02937020e+09 1.02937024e+09 1.02937028e+09
 1.02937031e+09 1.02937035e+09 1.02937039e+09 1.02937043e+09
 1.02937047e+09 1.02937051e+09 1.02937055e+09 1.02937059e+09
 1.02937062e+09 1.02937066e+09 1.02937070e+09 1.02937074e+09
 1.02937078e+09 1.02937082e+09 1.02937086e+09 1.02937090e+09
 1.02937094e+09 1.02937097e+09 1.02937101e+09 1.02937105e+09
 1.02937109e+09 1.02937113e+09 1.02937117e+09 1.02937121e+09
 1.02937125e+09 1.02937128e+09 1.02937132e+09 1.02937136e+09
 1.02937140e+09 1.02937144e+09 1.02937148e+09 1.02937152e+09
 1.02937156e+09 1.02937159e+09 1.02937163e+09 1.02937167e+09
 1.02937171e+09 1.02937175e+09 1.02937179e+09 1.02937183e+09
 1.02937187e+09 1.02937190e+09 1.02937194e+09 1.02937198e+09
 1.02937202e+09 1.02937206e+09 1.02937210e+09 1.02937214e+09
 1.02937218e+09 1.02937221e+09 1.02937225e+09 1.02937229e+09
 1.02937233e+09 1.02937237e+09 1.02937241e+09 1.02937245e+09
 1.02937249e+09 1.02937252e+09 1.02937256e+09 1.02937260e+09
 1.02937264e+09 1.02937268e+09 1.02937272e+09 1.02937276e+09
 1.02937280e+09 1.02937283e+09 1.02937287e+09 1.02937291e+09
 1.02937295e+09 1.02937299e+09 1.02937303e+09 1.02937307e+09
 1.02937311e+09 1.02937314e+09 1.02937318e+09 1.02937322e+09
 1.02937326e+09 1.02937330e+09 1.02937334e+09 1.02937338e+09
 1.02937342e+09 1.02937345e+09 1.02937349e+09 1.02937353e+09
 1.02937357e+09 1.02937361e+09 1.02937365e+09 1.02937369e+09
 1.02937373e+09 1.02937377e+09 1.02937380e+09 1.02937384e+09
 1.02937388e+09 1.02937392e+09 1.02937396e+09 1.02937400e+09
 1.02937404e+09 1.02937408e+09 1.02937411e+09 1.02937415e+09
 1.02937419e+09 1.02937423e+09 1.02937427e+09 1.02937431e+09
 1.02937435e+09 1.02937439e+09 1.02937442e+09 1.02937446e+09
 1.02937450e+09 1.02937454e+09 1.02937458e+09 1.02937462e+09
 1.02937466e+09 1.02937470e+09 1.02937473e+09 1.02937477e+09
 1.02937481e+09 1.02937485e+09 1.02937489e+09 1.02937493e+09
 1.02937497e+09 1.02937501e+09 1.02937504e+09 1.02937508e+09
 1.02937512e+09 1.02937516e+09 1.02937520e+09 1.02937524e+09
 1.02937528e+09 1.02937532e+09 1.02937535e+09 1.02937539e+09
 1.02937543e+09 1.02937547e+09 1.02937551e+09 1.02937555e+09
 1.02937559e+09 1.02937563e+09 1.02937566e+09 1.02937570e+09
 1.02937574e+09 1.02937578e+09 1.02937582e+09 1.02937586e+09
 1.02937590e+09 1.02937594e+09 1.02937597e+09 1.02937601e+09
 1.02937605e+09 1.02937609e+09 1.02937613e+09 1.02937617e+09
 1.02937621e+09 1.02937625e+09 1.02937629e+09 1.02937632e+09
 1.02937636e+09 1.02937640e+09 1.02937644e+09 1.02937648e+09
 1.02937652e+09 1.02937656e+09 1.02937660e+09 1.02937663e+09
 1.02937667e+09 1.02937671e+09 1.02937675e+09 1.02937679e+09
 1.02937683e+09 1.02937687e+09 1.02937691e+09 1.02937694e+09
 1.02937698e+09 1.02937702e+09 1.02937706e+09 1.02937710e+09
 1.02937714e+09 1.02937718e+09 1.02937722e+09 1.02937725e+09
 1.02937729e+09 1.02937733e+09 1.02937737e+09 1.02937741e+09
 1.02937745e+09 1.02937749e+09 1.02937753e+09 1.02937756e+09
 1.02937760e+09 1.02937764e+09 1.02937768e+09 1.02937772e+09
 1.02937776e+09 1.02937780e+09 1.02937784e+09 1.02937787e+09
 1.02937791e+09 1.02937795e+09 1.02937799e+09 1.02937803e+09
 1.02937807e+09 1.02937811e+09 1.02937815e+09 1.02937818e+09
 1.02937822e+09 1.02937826e+09 1.02937830e+09 1.02937834e+09
 1.02937838e+09 1.02937842e+09 1.02937846e+09 1.02937849e+09
 1.02937853e+09 1.02937857e+09 1.02937861e+09 1.02937865e+09
 1.02937869e+09 1.02937873e+09 1.02937877e+09 1.02937881e+09
 1.02937884e+09 1.02937888e+09 1.02937892e+09 1.02937896e+09
 1.02937900e+09 1.02937904e+09 1.02937908e+09 1.02937912e+09
 1.02937915e+09 1.02937919e+09 1.02937923e+09 1.02937927e+09
 1.02937931e+09 1.02937935e+09 1.02937939e+09 1.02937943e+09
 1.02937946e+09 1.02937950e+09 1.02937954e+09 1.02937958e+09
 1.02937962e+09 1.02937966e+09 1.02937970e+09 1.02937974e+09
 1.02937977e+09 1.02937981e+09 1.02937985e+09 1.02937989e+09
 1.02937993e+09 1.02937997e+09 1.02938001e+09 1.02938005e+09
 1.02938008e+09 1.02938012e+09 1.02938016e+09 1.02938020e+09
 1.02938024e+09 1.02938028e+09 1.02938032e+09 1.02938036e+09
 1.02938039e+09 1.02938043e+09 1.02938047e+09 1.02938051e+09
 1.02938055e+09 1.02938059e+09 1.02938063e+09 1.02938067e+09
 1.02938070e+09 1.02938074e+09 1.02938078e+09 1.02938082e+09
 1.02938086e+09 1.02938090e+09 1.02938094e+09 1.02938098e+09
 1.02938101e+09 1.02938105e+09 1.02938109e+09 1.02938113e+09
 1.02938117e+09 1.02938121e+09 1.02938125e+09 1.02938129e+09
 1.02938133e+09 1.02938136e+09 1.02938140e+09 1.02938144e+09
 1.02938148e+09 1.02938152e+09 1.02938156e+09 1.02938160e+09
 1.02938164e+09 1.02938167e+09 1.02938171e+09 1.02938175e+09
 1.02938179e+09 1.02938183e+09 1.02938187e+09 1.02938191e+09
 1.02938195e+09 1.02938198e+09 1.02938202e+09 1.02938206e+09
 1.02938210e+09 1.02938214e+09 1.02938218e+09 1.02938222e+09
 1.02938226e+09 1.02938229e+09 1.02938233e+09 1.02938237e+09
 1.02938241e+09 1.02938245e+09 1.02938249e+09 1.02938253e+09
 1.02938257e+09 1.02938260e+09 1.02938264e+09 1.02938268e+09
 1.02938272e+09 1.02938276e+09 1.02938280e+09 1.02938284e+09
 1.02938288e+09 1.02938291e+09 1.02938295e+09 1.02938299e+09
 1.02938303e+09 1.02938307e+09 1.02938311e+09 1.02938315e+09
 1.02938319e+09 1.02938322e+09 1.02938326e+09 1.02938330e+09
 1.02938334e+09 1.02938338e+09 1.02938342e+09 1.02938346e+09
 1.02938350e+09 1.02938353e+09 1.02938357e+09 1.02938361e+09
 1.02938365e+09 1.02938369e+09 1.02938373e+09 1.02938377e+09
 1.02938381e+09 1.02938385e+09 1.02938388e+09 1.02938392e+09
 1.02938396e+09 1.02938400e+09 1.02938404e+09 1.02938408e+09
 1.02938412e+09 1.02938416e+09 1.02938419e+09 1.02938423e+09
 1.02938427e+09 1.02938431e+09 1.02938435e+09 1.02938439e+09
 1.02938443e+09 1.02938447e+09 1.02938450e+09 1.02938454e+09
 1.02938458e+09 1.02938462e+09 1.02938466e+09 1.02938470e+09
 1.02938474e+09 1.02938478e+09 1.02938481e+09 1.02938485e+09
 1.02938489e+09 1.02938493e+09 1.02938497e+09 1.02938501e+09
 1.02938505e+09 1.02938509e+09 1.02938512e+09 1.02938516e+09
 1.02938520e+09 1.02938524e+09 1.02938528e+09 1.02938532e+09
 1.02938536e+09 1.02938540e+09 1.02938543e+09 1.02938547e+09
 1.02938551e+09 1.02938555e+09 1.02938559e+09 1.02938563e+09
 1.02938567e+09 1.02938571e+09 1.02938574e+09 1.02938578e+09
 1.02938582e+09 1.02938586e+09 1.02938590e+09 1.02938594e+09
 1.02938598e+09 1.02938602e+09 1.02938605e+09 1.02938609e+09
 1.02938613e+09 1.02938617e+09 1.02938621e+09 1.02938625e+09
 1.02938629e+09 1.02938633e+09 1.02938636e+09 1.02938640e+09
 1.02938644e+09 1.02938648e+09 1.02938652e+09 1.02938656e+09
 1.02938660e+09 1.02938664e+09 1.02938668e+09 1.02938671e+09
 1.02938675e+09 1.02938679e+09 1.02938683e+09 1.02938687e+09
 1.02938691e+09 1.02938695e+09 1.02938699e+09 1.02938702e+09
 1.02938706e+09 1.02938710e+09 1.02938714e+09 1.02938718e+09
 1.02938722e+09 1.02938726e+09 1.02938730e+09 1.02938733e+09
 1.02938737e+09 1.02938741e+09 1.02938745e+09 1.02938749e+09
 1.02938753e+09 1.02938757e+09 1.02938761e+09 1.02938764e+09
 1.02938768e+09 1.02938772e+09 1.02938776e+09 1.02938780e+09
 1.02938784e+09 1.02938788e+09 1.02938792e+09 1.02938795e+09
 1.02938799e+09 1.02938803e+09 1.02938807e+09 1.02938811e+09
 1.02938815e+09 1.02938819e+09 1.02938823e+09 1.02938826e+09
 1.02938830e+09 1.02938834e+09 1.02938838e+09 1.02938842e+09
 1.02938846e+09 1.02938850e+09 1.02938854e+09 1.02938857e+09
 1.02938861e+09 1.02938865e+09 1.02938869e+09 1.02938873e+09
 1.02938877e+09 1.02938881e+09 1.02938885e+09 1.02938888e+09
 1.02938892e+09 1.02938896e+09 1.02938900e+09 1.02938904e+09
 1.02938908e+09 1.02938912e+09 1.02938916e+09 1.02938920e+09
 1.02938923e+09 1.02938927e+09 1.02938931e+09 1.02938935e+09
 1.02938939e+09 1.02938943e+09 1.02938947e+09 1.02938951e+09
 1.02938954e+09 1.02938958e+09 1.02938962e+09 1.02938966e+09
 1.02938970e+09 1.02938974e+09 1.02938978e+09 1.02938982e+09
 1.02938985e+09 1.02938989e+09 1.02938993e+09 1.02938997e+09
 1.02939001e+09 1.02939005e+09 1.02939009e+09 1.02939013e+09
 1.02939016e+09 1.02939020e+09 1.02939024e+09 1.02939028e+09
 1.02939032e+09 1.02939036e+09 1.02939040e+09 1.02939044e+09
 1.02939047e+09 1.02939051e+09 1.02939055e+09 1.02939059e+09
 1.02939063e+09 1.02939067e+09 1.02939071e+09 1.02939075e+09
 1.02939078e+09 1.02939082e+09 1.02939086e+09 1.02939090e+09
 1.02939094e+09 1.02939098e+09 1.02939102e+09 1.02939106e+09
 1.02939109e+09 1.02939113e+09 1.02939117e+09 1.02939121e+09
 1.02939125e+09 1.02939129e+09 1.02939133e+09 1.02939137e+09
 1.02939140e+09 1.02939144e+09 1.02939148e+09 1.02939152e+09
 1.02939156e+09 1.02939160e+09 1.02939164e+09 1.02939168e+09
 1.02939172e+09 1.02939175e+09 1.02939179e+09 1.02939183e+09
 1.02939187e+09 1.02939191e+09 1.02939195e+09 1.02939199e+09
 1.02939203e+09 1.02939206e+09 1.02939210e+09 1.02939214e+09
 1.02939218e+09 1.02939222e+09 1.02939226e+09 1.02939230e+09
 1.02939234e+09 1.02939237e+09 1.02939241e+09 1.02939245e+09
 1.02939249e+09 1.02939253e+09 1.02939257e+09 1.02939261e+09
 1.02939265e+09 1.02939268e+09 1.02939272e+09 1.02939276e+09
 1.02939280e+09 1.02939284e+09 1.02939288e+09 1.02939292e+09
 1.02939296e+09 1.02939299e+09 1.02939303e+09 1.02939307e+09
 1.02939311e+09 1.02939315e+09 1.02939319e+09 1.02939323e+09
 1.02939327e+09 1.02939330e+09 1.02939334e+09 1.02939338e+09
 1.02939342e+09 1.02939346e+09 1.02939350e+09 1.02939354e+09
 1.02939358e+09 1.02939361e+09 1.02939365e+09 1.02939369e+09
 1.02939373e+09 1.02939377e+09 1.02939381e+09 1.02939385e+09
 1.02939389e+09 1.02939392e+09 1.02939396e+09 1.02939400e+09
 1.02939404e+09 1.02939408e+09 1.02939412e+09 1.02939416e+09
 1.02939420e+09 1.02939424e+09 1.02939427e+09 1.02939431e+09
 1.02939435e+09 1.02939439e+09 1.02939443e+09 1.02939447e+09
 1.02939451e+09 1.02939455e+09 1.02939458e+09 1.02939462e+09
 1.02939466e+09 1.02939470e+09 1.02939474e+09 1.02939478e+09
 1.02939482e+09 1.02939486e+09 1.02939489e+09 1.02939493e+09
 1.02939497e+09 1.02939501e+09 1.02939505e+09 1.02939509e+09
 1.02939513e+09 1.02939517e+09 1.02939520e+09 1.02939524e+09
 1.02939528e+09 1.02939532e+09 1.02939536e+09 1.02939540e+09
 1.02939544e+09 1.02939548e+09 1.02939551e+09 1.02939555e+09
 1.02939559e+09 1.02939563e+09 1.02939567e+09 1.02939571e+09
 1.02939575e+09 1.02939579e+09 1.02939582e+09 1.02939586e+09
 1.02939590e+09 1.02939594e+09 1.02939598e+09 1.02939602e+09
 1.02939606e+09 1.02939610e+09 1.02939613e+09 1.02939617e+09
 1.02939621e+09 1.02939625e+09 1.02939629e+09 1.02939633e+09
 1.02939637e+09 1.02939641e+09 1.02939644e+09 1.02939648e+09
 1.02939652e+09 1.02939656e+09 1.02939660e+09 1.02939664e+09
 1.02939668e+09 1.02939672e+09 1.02939676e+09 1.02939679e+09
 1.02939683e+09 1.02939687e+09 1.02939691e+09 1.02939695e+09
 1.02939699e+09 1.02939703e+09 1.02939707e+09 1.02939710e+09
 1.02939714e+09 1.02939718e+09 1.02939722e+09 1.02939726e+09
 1.02939730e+09 1.02939734e+09 1.02939738e+09 1.02939741e+09
 1.02939745e+09 1.02939749e+09 1.02939753e+09 1.02939757e+09
 1.02939761e+09 1.02939765e+09 1.02939769e+09 1.02939772e+09
 1.02939776e+09 1.02939780e+09 1.02939784e+09 1.02939788e+09
 1.02939792e+09 1.02939796e+09 1.02939800e+09 1.02939803e+09
 1.02939807e+09 1.02939811e+09 1.02939815e+09 1.02939819e+09
 1.02939823e+09 1.02939827e+09 1.02939831e+09 1.02939834e+09
 1.02939838e+09 1.02939842e+09 1.02939846e+09 1.02939850e+09
 1.02939854e+09 1.02939858e+09 1.02939862e+09 1.02939865e+09
 1.02939869e+09 1.02939873e+09 1.02939877e+09 1.02939881e+09
 1.02939885e+09 1.02939889e+09 1.02939893e+09 1.02939896e+09
 1.02939900e+09 1.02939904e+09 1.02939908e+09 1.02939912e+09
 1.02939916e+09 1.02939920e+09 1.02939924e+09 1.02939927e+09
 1.02939931e+09 1.02939935e+09 1.02939939e+09 1.02939943e+09
 1.02939947e+09 1.02939951e+09 1.02939955e+09 1.02939959e+09
 1.02939962e+09 1.02939966e+09 1.02939970e+09 1.02939974e+09
 1.02939978e+09 1.02939982e+09 1.02939986e+09 1.02939990e+09
 1.02939993e+09 1.02939997e+09 1.02940001e+09 1.02940005e+09
 1.02940009e+09 1.02940013e+09 1.02940017e+09 1.02940021e+09
 1.02940024e+09 1.02940028e+09 1.02940032e+09 1.02940036e+09
 1.02940040e+09 1.02940044e+09 1.02940048e+09 1.02940052e+09
 1.02940055e+09 1.02940059e+09 1.02940063e+09 1.02940067e+09
 1.02940071e+09 1.02940075e+09 1.02940079e+09 1.02940083e+09
 1.02940086e+09 1.02940090e+09 1.02940094e+09 1.02940098e+09
 1.02940102e+09 1.02940106e+09 1.02940110e+09 1.02940114e+09
 1.02940117e+09 1.02940121e+09 1.02940125e+09 1.02940129e+09
 1.02940133e+09 1.02940137e+09 1.02940141e+09 1.02940145e+09
 1.02940148e+09 1.02940152e+09 1.02940156e+09 1.02940160e+09
 1.02940164e+09 1.02940168e+09 1.02940172e+09 1.02940176e+09]
minRes = 0.6860570881488223
minResTime =  [1.02940176e+09]
