name =JUICE_ROI_CAL_4_4_04
flyby =  ['2032 NOV 16 05:53:16', '2032 NOV 17 05:53:16']
Observation TW =  <SpiceCell dtype = 1, length = 0, size = 3000, card = 10, is_set = 1, adjust = 0, init = 1, base = 2554799759056, data = 2554799759104>
Res(t) =  [1.61968442 1.61812702 1.61656963 1.61501228 1.61345495 1.61189765
 1.61034037 1.60878312 1.6072259  1.6056687  1.60411153 1.60255439
 1.60099727 1.59944017 1.59788311 1.59632607 1.59476905 1.59321206
 1.5916551  1.59009816 1.58854125 1.58698437 1.58542751 1.58387067
 1.58231387 1.58075708 1.57920033 1.5776436  1.57608689 1.57453022
 1.57297356 1.57141694 1.56986034 1.56830376 1.56674721 1.56519069
 1.56363419 1.56207772 1.56052127 1.55896485 1.55740846 1.55585209
 1.55429574 1.55273943 1.55118313 1.54962687 1.54807062 1.54651441
 1.54495822 1.54340205 1.54184591 1.5402898  1.53873371 1.53717765
 1.53562161 1.5340656  1.53250961 1.53095365 1.52939771 1.5278418
 1.52628592 1.52473006 1.52317422 1.52161841 1.52006263 1.51850687
 1.51695114 1.51539543 1.51383975 1.51228409 1.51072846 1.50917285
 1.50761727 1.50606171 1.50450618 1.50295067 1.50139519 1.49983973
 1.4982843  1.49672889 1.49517351 1.49361816 1.49206283 1.49050752
 1.48895224 1.48739698 1.48584175 1.48428655 1.48273136 1.48117621
 1.47962108 1.47806597 1.47651089 1.47495583 1.4734008  1.47184579
 1.47029081 1.46873585 1.46718092 1.46562601 1.46407113 1.46251627
 1.46096144 1.45940663 1.45785185 1.45629709 1.45474235 1.45318764
 1.45163296 1.4500783  1.44852366 1.44696905 1.44541446 1.4438599
 1.44230537 1.44075085 1.43919636 1.4376419  1.43608746 1.43453305
 1.43297866 1.43142429 1.42986995 1.42831564 1.42676134 1.42520708
 1.42365283 1.42209862 1.42054442 1.41899025 1.41743611 1.41588199
 1.41432789 1.41277382 1.41121977 1.40966575 1.40811175 1.40655777
 1.40500382 1.4034499  1.401896   1.40034212 1.39878827 1.39723444
 1.39568063 1.39412685 1.3925731  1.39101936 1.38946566 1.38791197
 1.38635831 1.38480468 1.38325107 1.38169748 1.38014392 1.37859038
 1.37703687 1.37548338 1.37392991 1.37237647 1.37082305 1.36926966
 1.36771629 1.36616294 1.36460962 1.36305632 1.36150305 1.3599498
 1.35839657 1.35684337 1.35529019 1.35373704 1.35218391 1.3506308
 1.34907772 1.34752466 1.34597163 1.34441862 1.34286563 1.34131267
 1.33975973 1.33820682 1.33665393 1.33510106 1.33354822 1.3319954
 1.3304426  1.32888983 1.32733708 1.32578436 1.32423166 1.32267898
 1.32112633 1.3195737  1.3180211  1.31646852 1.31491596 1.31336342
 1.31181091 1.31025843 1.30870597 1.30715353 1.30560111 1.30404872
 1.30249635 1.30094401 1.29939169 1.29783939 1.29628712 1.29473487
 1.29318264 1.29163044 1.29007826 1.28852611 1.28697398 1.28542187
 1.28386979 1.28231773 1.28076569 1.27921368 1.27766169 1.27610972
 1.27455778 1.27300586 1.27145396 1.26990209 1.26835024 1.26679842
 1.26524662 1.26369484 1.26214309 1.26059135 1.25903965 1.25748796
 1.2559363  1.25438467 1.25283305 1.25128146 1.2497299  1.24817836
 1.24662684 1.24507534 1.24352387 1.24197242 1.240421   1.23886959
 1.23731822 1.23576686 1.23421553 1.23266422 1.23111294 1.22956168
 1.22801044 1.22645922 1.22490803 1.22335687 1.22180572 1.2202546
 1.2187035  1.21715243 1.21560138 1.21405035 1.21249935 1.21094837
 1.20939741 1.20784648 1.20629557 1.20474468 1.20319382 1.20164298
 1.20009217 1.19854137 1.1969906  1.19543986 1.19388914 1.19233844
 1.19078776 1.18923711 1.18768648 1.18613587 1.18458529 1.18303473
 1.1814842  1.17993369 1.1783832  1.17683273 1.17528229 1.17373187
 1.17218148 1.1706311  1.16908076 1.16753043 1.16598013 1.16442985
 1.1628796  1.16132937 1.15977916 1.15822898 1.15667882 1.15512868
 1.15357856 1.15202847 1.15047841 1.14892836 1.14737834 1.14582835
 1.14427837 1.14272842 1.1411785  1.13962859 1.13807871 1.13652886
 1.13497903 1.13342922 1.13187943 1.13032967 1.12877993 1.12723022
 1.12568053 1.12413086 1.12258121 1.12103159 1.119482   1.11793242
 1.11638287 1.11483335 1.11328384 1.11173436 1.11018491 1.10863548
 1.10708607 1.10553668 1.10398732 1.10243798 1.10088867 1.09933938
 1.09779011 1.09624087 1.09469165 1.09314245 1.09159328 1.09004413
 1.08849501 1.08694591 1.08539683 1.08384778 1.08229875 1.08074974
 1.07920076 1.0776518  1.07610287 1.07455396 1.07300507 1.07145621
 1.06990737 1.06835855 1.06680976 1.065261   1.06371225 1.06216353
 1.06061484 1.05906617 1.05751752 1.05596889 1.0544203  1.05287172
 1.05132317 1.04977464 1.04822614 1.04667766 1.0451292  1.04358077
 1.04203237 1.04048398 1.03893562 1.03738729 1.03583898 1.03429069
 1.03274243 1.0311942  1.02964598 1.02809779 1.02654963 1.02500149
 1.02345337 1.02190528 1.02035722 1.01880917 1.01726116 1.01571316
 1.01416519 1.01261725 1.01106933 1.00952144 1.00797357 1.00642572
 1.0048779  1.0033301  1.00178233 1.00023458 0.99868686 0.99713916
 0.99559149 0.99404384 0.99249622 0.99094862 0.98940105 0.9878535
 0.98630598 0.98475848 0.98321101 0.98166356 0.98011614 0.97856874
 0.97702137 0.97547402 0.9739267  0.9723794  0.97083213 0.96928488
 0.96773766 0.96619047 0.9646433  0.96309615 0.96154903 0.96000194
 0.95845487 0.95690783 0.95536081 0.95381382 0.95226686 0.95071992
 0.949173   0.94762612 0.94607925 0.94453242 0.94298561 0.94143882
 0.93989207 0.93834533 0.93679863 0.93525195 0.9337053  0.93215867
 0.93061207 0.92906549 0.92751895 0.92597242 0.92442593 0.92287946
 0.92133302 0.9197866  0.91824022 0.91669385 0.91514752 0.91360121
 0.91205493 0.91050867 0.90896245 0.90741625 0.90587007 0.90432393
 0.90277781 0.90123172 0.89968565 0.89813962 0.89659361 0.89504762
 0.89350167 0.89195574 0.89040984 0.88886397 0.88731813 0.88577231
 0.88422653 0.88268077 0.88113503 0.87958933 0.87804365 0.87649801
 0.87495239 0.8734068  0.87186124 0.8703157  0.8687702  0.86722472
 0.86567927 0.86413385 0.86258846 0.8610431  0.85949777 0.85795247
 0.85640719 0.85486195 0.85331673 0.85177154 0.85022639 0.84868126
 0.84713616 0.8455911  0.84404606 0.84250105 0.84095607 0.83941112
 0.8378662  0.83632132 0.83477646 0.83323163 0.83168684 0.83014207
 0.82859733 0.82705263 0.82550795 0.82396331 0.8224187  0.82087412
 0.81932957 0.81778505 0.81624056 0.81469611 0.81315168 0.81160729
 0.81006293 0.8085186  0.80697431 0.80543004 0.80388581 0.80234161
 0.80079745 0.79925331 0.79770921 0.79616514 0.7946211  0.7930771
 0.79153313 0.78998919 0.78844529 0.78690142 0.78535759 0.78381378
 0.78227001 0.78072628 0.77918258 0.77763891 0.77609528 0.77455169
 0.77300812 0.7714646  0.7699211  0.76837765 0.76683422 0.76529084
 0.76374748 0.76220417 0.76066089 0.75911764 0.75757444 0.75603126
 0.75448813 0.75294503 0.75140197 0.74985894 0.74831595 0.746773
 0.74523009 0.74368721 0.74214437 0.74060157 0.73905881 0.73751609
 0.7359734  0.73443075 0.73288814 0.73134557 0.72980304 0.72826055
 0.7267181  0.72517568 0.72363331 0.72209097 0.72054868 0.71900643
 0.71746422 0.71592204 0.71437991 0.71283782 0.71129578 0.70975377
 0.7082118  0.70666988 0.705128   0.70358616 0.70204437 0.70050261
 0.6989609  0.69741924 0.69587761 0.69433603 0.6927945  0.69125301
 0.68971156 0.68817016 0.6866288  0.68508749 0.68354623 0.682005
 0.68046383 0.6789227  0.67738162 0.67584059 0.6742996  0.67275866
 0.67121776 0.66967692 0.66813612 0.66659537 0.66505467 0.66351402
 0.66197342 0.66043286 0.65889236 0.65735191 0.65581151 0.65427116
 0.65273086 0.65119061 0.64965041 0.64811027 0.64657017 0.64503013
 0.64349015 0.64195021 0.64041033 0.63887051 0.63733074 0.63579102
 0.63425136 0.63271175 0.6311722  0.62963271 0.62809327 0.62655389
 0.62501457 0.6234753  0.6219361  0.62039695 0.61885786 0.61731883
 0.61577986 0.61424095 0.6127021  0.61116331 0.60962459 0.60808592
 0.60654732 0.60500878 0.6034703  0.60193189 0.60039354 0.59885526
 0.59731704 0.59577889 0.5942408  0.59270279 0.59116483 0.58962695
 0.58808913 0.58655138 0.58501371 0.58418253 0.58264558 0.58110871
 0.57957192 0.5780352  0.57649856 0.57496199 0.57342551 0.5718891
 0.57035277 0.56881652 0.56728036 0.56574427 0.56420827 0.56267234
 0.5611365  0.55960075 0.55806508 0.55652949 0.55499399 0.55345858
 0.55192326 0.55038802 0.54885287 0.54731781 0.54578284 0.54424797
 0.54271318 0.54117849 0.5396439  0.53810939 0.53657499 0.53504068
 0.53350646 0.53197235 0.53043833 0.52890441 0.5273706  0.52583689
 0.52430327 0.52276977 0.52123636 0.51970307 0.51816988 0.51663679
 0.51510382 0.51357095 0.5120382  0.51050556 0.50897303 0.50744061
 0.50590831 0.50437613 0.50284406 0.50131211 0.49978028 0.49824858
 0.49671699 0.49518553 0.49365419 0.49212298 0.4905919  0.48906094
 0.48753011 0.48599942 0.48446886 0.48293843 0.48140813 0.47987798
 0.47834796 0.47681808 0.47528834 0.47375874 0.47222929 0.47069999
 0.46917083 0.46764182 0.46611296 0.46458425 0.4630557  0.4615273
 0.45999906 0.45847098 0.45694306 0.4554153  0.45388771 0.45236028
 0.45083303 0.44930594 0.44777902 0.44625228 0.44472571 0.44319933
 0.44167312 0.44014709 0.43862125 0.4370956  0.43557013 0.43404486
 0.43251978 0.4309949  0.42947021 0.42794573 0.42642145 0.42489737
 0.4233735  0.42184985 0.4203264  0.41880317 0.41728017 0.41575738
 0.41423482 0.41271248 0.41119038 0.40966851 0.40814687 0.40662548
 0.40510432 0.40358341 0.40206276 0.40054235 0.3990222  0.3975023
 0.39598267 0.39446331 0.39294422 0.39142539 0.38990685 0.38838859
 0.38687061 0.38535292 0.38383552 0.38231842 0.38080162 0.37928512
 0.37776893 0.37625306 0.37473751 0.37322228 0.37170737 0.3701928
 0.36867857 0.36716468 0.36565113 0.36413794 0.3626251  0.36111263
 0.35960053 0.3580888  0.35657745 0.35506649 0.35355591 0.35204574
 0.35053597 0.3490266  0.34751766 0.34600914 0.34450104 0.34299338
 0.34148617 0.33997941 0.3384731  0.33696726 0.33546189 0.33395701
 0.33245261 0.33094871 0.32944531 0.32794242 0.32644006 0.32493823
 0.32343694 0.32193619 0.32043601 0.31893639 0.31743735 0.3159389
 0.31444105 0.31294381 0.31144719 0.30995119 0.30845584 0.30696115
 0.30546712 0.30397376 0.3024811  0.30098914 0.2994979  0.29800739
 0.29651762 0.29502861 0.29354037 0.29205292 0.29056627 0.28908044
 0.28759544 0.28611129 0.28462801 0.28314561 0.28166411 0.28018354
 0.2787039  0.27722522 0.27574752 0.27427081 0.27279513 0.27132048
 0.2698469  0.2683744  0.266903   0.26543274 0.26396364 0.26249571
 0.26102899 0.25956351 0.25809929 0.25663635 0.25517474 0.25371447
 0.25225558 0.2507981  0.24934207 0.24788751 0.24643447 0.24498297
 0.24353306 0.24208478 0.24063815 0.23919323 0.23775006 0.23630868
 0.23486912 0.23343145 0.23199571 0.23056194 0.22913021 0.22770055
 0.22627303 0.22484771 0.22342463 0.22200387 0.22058548 0.21916954
 0.2177561  0.21634524 0.21493703 0.21353154 0.21212886 0.21072907
 0.20933224 0.20793847 0.20654785 0.20516047 0.20377643 0.20239584
 0.2010188  0.19964541 0.1982758  0.19691009 0.1955484  0.19419087
 0.19283762 0.19148881 0.19014457 0.18880508 0.18747048 0.18614095
 0.18481667 0.18349783 0.18218462 0.18087724 0.17957591 0.17828085
 0.17699231 0.17571053 0.17443577 0.17316831 0.17190843 0.17065645
 0.16941269 0.16817747 0.16695117 0.16573417 0.16452685 0.16332965
 0.16214302 0.16096743 0.15980339 0.15865143 0.15751214 0.15638611
 0.15527399 0.15417647 0.1530943  0.15202827 0.15097921 0.14994803
 0.14893572 0.1479433  0.14697192 0.14602278 0.14509719 0.14419658
 0.14332248 0.14247655 0.14166062 0.14087666 0.14012683 0.13941351
 0.13873928 0.13810702 0.13751986 0.1369813  0.13649522 0.13606592
 0.13569823 0.13539754 0.13516995 0.13502233 0.1349625  0.13499937
 0.13514318 0.13540575 0.1358008  0.13634439 0.13705542 0.13795638
 0.13907421 0.14044156 0.14209841 0.14409442]
t =  [1.03749309e+09 1.03749310e+09 1.03749312e+09 1.03749314e+09
 1.03749316e+09 1.03749318e+09 1.03749320e+09 1.03749321e+09
 1.03749323e+09 1.03749325e+09 1.03749327e+09 1.03749329e+09
 1.03749331e+09 1.03749332e+09 1.03749334e+09 1.03749336e+09
 1.03749338e+09 1.03749340e+09 1.03749342e+09 1.03749344e+09
 1.03749345e+09 1.03749347e+09 1.03749349e+09 1.03749351e+09
 1.03749353e+09 1.03749355e+09 1.03749356e+09 1.03749358e+09
 1.03749360e+09 1.03749362e+09 1.03749364e+09 1.03749366e+09
 1.03749367e+09 1.03749369e+09 1.03749371e+09 1.03749373e+09
 1.03749375e+09 1.03749377e+09 1.03749379e+09 1.03749380e+09
 1.03749382e+09 1.03749384e+09 1.03749386e+09 1.03749388e+09
 1.03749390e+09 1.03749391e+09 1.03749393e+09 1.03749395e+09
 1.03749397e+09 1.03749399e+09 1.03749401e+09 1.03749402e+09
 1.03749404e+09 1.03749406e+09 1.03749408e+09 1.03749410e+09
 1.03749412e+09 1.03749414e+09 1.03749415e+09 1.03749417e+09
 1.03749419e+09 1.03749421e+09 1.03749423e+09 1.03749425e+09
 1.03749426e+09 1.03749428e+09 1.03749430e+09 1.03749432e+09
 1.03749434e+09 1.03749436e+09 1.03749437e+09 1.03749439e+09
 1.03749441e+09 1.03749443e+09 1.03749445e+09 1.03749447e+09
 1.03749449e+09 1.03749450e+09 1.03749452e+09 1.03749454e+09
 1.03749456e+09 1.03749458e+09 1.03749460e+09 1.03749461e+09
 1.03749463e+09 1.03749465e+09 1.03749467e+09 1.03749469e+09
 1.03749471e+09 1.03749472e+09 1.03749474e+09 1.03749476e+09
 1.03749478e+09 1.03749480e+09 1.03749482e+09 1.03749484e+09
 1.03749485e+09 1.03749487e+09 1.03749489e+09 1.03749491e+09
 1.03749493e+09 1.03749495e+09 1.03749496e+09 1.03749498e+09
 1.03749500e+09 1.03749502e+09 1.03749504e+09 1.03749506e+09
 1.03749507e+09 1.03749509e+09 1.03749511e+09 1.03749513e+09
 1.03749515e+09 1.03749517e+09 1.03749519e+09 1.03749520e+09
 1.03749522e+09 1.03749524e+09 1.03749526e+09 1.03749528e+09
 1.03749530e+09 1.03749531e+09 1.03749533e+09 1.03749535e+09
 1.03749537e+09 1.03749539e+09 1.03749541e+09 1.03749542e+09
 1.03749544e+09 1.03749546e+09 1.03749548e+09 1.03749550e+09
 1.03749552e+09 1.03749553e+09 1.03749555e+09 1.03749557e+09
 1.03749559e+09 1.03749561e+09 1.03749563e+09 1.03749565e+09
 1.03749566e+09 1.03749568e+09 1.03749570e+09 1.03749572e+09
 1.03749574e+09 1.03749576e+09 1.03749577e+09 1.03749579e+09
 1.03749581e+09 1.03749583e+09 1.03749585e+09 1.03749587e+09
 1.03749588e+09 1.03749590e+09 1.03749592e+09 1.03749594e+09
 1.03749596e+09 1.03749598e+09 1.03749600e+09 1.03749601e+09
 1.03749603e+09 1.03749605e+09 1.03749607e+09 1.03749609e+09
 1.03749611e+09 1.03749612e+09 1.03749614e+09 1.03749616e+09
 1.03749618e+09 1.03749620e+09 1.03749622e+09 1.03749623e+09
 1.03749625e+09 1.03749627e+09 1.03749629e+09 1.03749631e+09
 1.03749633e+09 1.03749635e+09 1.03749636e+09 1.03749638e+09
 1.03749640e+09 1.03749642e+09 1.03749644e+09 1.03749646e+09
 1.03749647e+09 1.03749649e+09 1.03749651e+09 1.03749653e+09
 1.03749655e+09 1.03749657e+09 1.03749658e+09 1.03749660e+09
 1.03749662e+09 1.03749664e+09 1.03749666e+09 1.03749668e+09
 1.03749670e+09 1.03749671e+09 1.03749673e+09 1.03749675e+09
 1.03749677e+09 1.03749679e+09 1.03749681e+09 1.03749682e+09
 1.03749684e+09 1.03749686e+09 1.03749688e+09 1.03749690e+09
 1.03749692e+09 1.03749693e+09 1.03749695e+09 1.03749697e+09
 1.03749699e+09 1.03749701e+09 1.03749703e+09 1.03749705e+09
 1.03749706e+09 1.03749708e+09 1.03749710e+09 1.03749712e+09
 1.03749714e+09 1.03749716e+09 1.03749717e+09 1.03749719e+09
 1.03749721e+09 1.03749723e+09 1.03749725e+09 1.03749727e+09
 1.03749728e+09 1.03749730e+09 1.03749732e+09 1.03749734e+09
 1.03749736e+09 1.03749738e+09 1.03749740e+09 1.03749741e+09
 1.03749743e+09 1.03749745e+09 1.03749747e+09 1.03749749e+09
 1.03749751e+09 1.03749752e+09 1.03749754e+09 1.03749756e+09
 1.03749758e+09 1.03749760e+09 1.03749762e+09 1.03749763e+09
 1.03749765e+09 1.03749767e+09 1.03749769e+09 1.03749771e+09
 1.03749773e+09 1.03749775e+09 1.03749776e+09 1.03749778e+09
 1.03749780e+09 1.03749782e+09 1.03749784e+09 1.03749786e+09
 1.03749787e+09 1.03749789e+09 1.03749791e+09 1.03749793e+09
 1.03749795e+09 1.03749797e+09 1.03749798e+09 1.03749800e+09
 1.03749802e+09 1.03749804e+09 1.03749806e+09 1.03749808e+09
 1.03749810e+09 1.03749811e+09 1.03749813e+09 1.03749815e+09
 1.03749817e+09 1.03749819e+09 1.03749821e+09 1.03749822e+09
 1.03749824e+09 1.03749826e+09 1.03749828e+09 1.03749830e+09
 1.03749832e+09 1.03749833e+09 1.03749835e+09 1.03749837e+09
 1.03749839e+09 1.03749841e+09 1.03749843e+09 1.03749845e+09
 1.03749846e+09 1.03749848e+09 1.03749850e+09 1.03749852e+09
 1.03749854e+09 1.03749856e+09 1.03749857e+09 1.03749859e+09
 1.03749861e+09 1.03749863e+09 1.03749865e+09 1.03749867e+09
 1.03749868e+09 1.03749870e+09 1.03749872e+09 1.03749874e+09
 1.03749876e+09 1.03749878e+09 1.03749880e+09 1.03749881e+09
 1.03749883e+09 1.03749885e+09 1.03749887e+09 1.03749889e+09
 1.03749891e+09 1.03749892e+09 1.03749894e+09 1.03749896e+09
 1.03749898e+09 1.03749900e+09 1.03749902e+09 1.03749903e+09
 1.03749905e+09 1.03749907e+09 1.03749909e+09 1.03749911e+09
 1.03749913e+09 1.03749915e+09 1.03749916e+09 1.03749918e+09
 1.03749920e+09 1.03749922e+09 1.03749924e+09 1.03749926e+09
 1.03749927e+09 1.03749929e+09 1.03749931e+09 1.03749933e+09
 1.03749935e+09 1.03749937e+09 1.03749938e+09 1.03749940e+09
 1.03749942e+09 1.03749944e+09 1.03749946e+09 1.03749948e+09
 1.03749950e+09 1.03749951e+09 1.03749953e+09 1.03749955e+09
 1.03749957e+09 1.03749959e+09 1.03749961e+09 1.03749962e+09
 1.03749964e+09 1.03749966e+09 1.03749968e+09 1.03749970e+09
 1.03749972e+09 1.03749973e+09 1.03749975e+09 1.03749977e+09
 1.03749979e+09 1.03749981e+09 1.03749983e+09 1.03749985e+09
 1.03749986e+09 1.03749988e+09 1.03749990e+09 1.03749992e+09
 1.03749994e+09 1.03749996e+09 1.03749997e+09 1.03749999e+09
 1.03750001e+09 1.03750003e+09 1.03750005e+09 1.03750007e+09
 1.03750008e+09 1.03750010e+09 1.03750012e+09 1.03750014e+09
 1.03750016e+09 1.03750018e+09 1.03750020e+09 1.03750021e+09
 1.03750023e+09 1.03750025e+09 1.03750027e+09 1.03750029e+09
 1.03750031e+09 1.03750032e+09 1.03750034e+09 1.03750036e+09
 1.03750038e+09 1.03750040e+09 1.03750042e+09 1.03750043e+09
 1.03750045e+09 1.03750047e+09 1.03750049e+09 1.03750051e+09
 1.03750053e+09 1.03750055e+09 1.03750056e+09 1.03750058e+09
 1.03750060e+09 1.03750062e+09 1.03750064e+09 1.03750066e+09
 1.03750067e+09 1.03750069e+09 1.03750071e+09 1.03750073e+09
 1.03750075e+09 1.03750077e+09 1.03750078e+09 1.03750080e+09
 1.03750082e+09 1.03750084e+09 1.03750086e+09 1.03750088e+09
 1.03750090e+09 1.03750091e+09 1.03750093e+09 1.03750095e+09
 1.03750097e+09 1.03750099e+09 1.03750101e+09 1.03750102e+09
 1.03750104e+09 1.03750106e+09 1.03750108e+09 1.03750110e+09
 1.03750112e+09 1.03750113e+09 1.03750115e+09 1.03750117e+09
 1.03750119e+09 1.03750121e+09 1.03750123e+09 1.03750125e+09
 1.03750126e+09 1.03750128e+09 1.03750130e+09 1.03750132e+09
 1.03750134e+09 1.03750136e+09 1.03750137e+09 1.03750139e+09
 1.03750141e+09 1.03750143e+09 1.03750145e+09 1.03750147e+09
 1.03750148e+09 1.03750150e+09 1.03750152e+09 1.03750154e+09
 1.03750156e+09 1.03750158e+09 1.03750160e+09 1.03750161e+09
 1.03750163e+09 1.03750165e+09 1.03750167e+09 1.03750169e+09
 1.03750171e+09 1.03750172e+09 1.03750174e+09 1.03750176e+09
 1.03750178e+09 1.03750180e+09 1.03750182e+09 1.03750183e+09
 1.03750185e+09 1.03750187e+09 1.03750189e+09 1.03750191e+09
 1.03750193e+09 1.03750195e+09 1.03750196e+09 1.03750198e+09
 1.03750200e+09 1.03750202e+09 1.03750204e+09 1.03750206e+09
 1.03750207e+09 1.03750209e+09 1.03750211e+09 1.03750213e+09
 1.03750215e+09 1.03750217e+09 1.03750218e+09 1.03750220e+09
 1.03750222e+09 1.03750224e+09 1.03750226e+09 1.03750228e+09
 1.03750230e+09 1.03750231e+09 1.03750233e+09 1.03750235e+09
 1.03750237e+09 1.03750239e+09 1.03750241e+09 1.03750242e+09
 1.03750244e+09 1.03750246e+09 1.03750248e+09 1.03750250e+09
 1.03750252e+09 1.03750253e+09 1.03750255e+09 1.03750257e+09
 1.03750259e+09 1.03750261e+09 1.03750263e+09 1.03750264e+09
 1.03750266e+09 1.03750268e+09 1.03750270e+09 1.03750272e+09
 1.03750274e+09 1.03750276e+09 1.03750277e+09 1.03750279e+09
 1.03750281e+09 1.03750283e+09 1.03750285e+09 1.03750287e+09
 1.03750288e+09 1.03750290e+09 1.03750292e+09 1.03750294e+09
 1.03750296e+09 1.03750298e+09 1.03750299e+09 1.03750301e+09
 1.03750303e+09 1.03750305e+09 1.03750307e+09 1.03750309e+09
 1.03750311e+09 1.03750312e+09 1.03750314e+09 1.03750316e+09
 1.03750318e+09 1.03750320e+09 1.03750322e+09 1.03750323e+09
 1.03750325e+09 1.03750327e+09 1.03750329e+09 1.03750331e+09
 1.03750333e+09 1.03750334e+09 1.03750336e+09 1.03750338e+09
 1.03750340e+09 1.03750342e+09 1.03750344e+09 1.03750346e+09
 1.03750347e+09 1.03750349e+09 1.03750351e+09 1.03750353e+09
 1.03750355e+09 1.03750357e+09 1.03750358e+09 1.03750360e+09
 1.03750362e+09 1.03750364e+09 1.03750366e+09 1.03750368e+09
 1.03750369e+09 1.03750371e+09 1.03750373e+09 1.03750375e+09
 1.03750377e+09 1.03750379e+09 1.03750381e+09 1.03750382e+09
 1.03750384e+09 1.03750386e+09 1.03750388e+09 1.03750390e+09
 1.03750392e+09 1.03750393e+09 1.03750395e+09 1.03750397e+09
 1.03750399e+09 1.03750401e+09 1.03750403e+09 1.03750404e+09
 1.03750406e+09 1.03750408e+09 1.03750410e+09 1.03750412e+09
 1.03750414e+09 1.03750416e+09 1.03750417e+09 1.03750419e+09
 1.03750421e+09 1.03750423e+09 1.03750425e+09 1.03750427e+09
 1.03750428e+09 1.03750430e+09 1.03750432e+09 1.03750434e+09
 1.03750436e+09 1.03750438e+09 1.03750439e+09 1.03750441e+09
 1.03750443e+09 1.03750445e+09 1.03750447e+09 1.03750449e+09
 1.03750451e+09 1.03750452e+09 1.03750454e+09 1.03750456e+09
 1.03750458e+09 1.03750460e+09 1.03750462e+09 1.03750463e+09
 1.03750465e+09 1.03750467e+09 1.03750469e+09 1.03750471e+09
 1.03750473e+09 1.03750474e+09 1.03750476e+09 1.03750478e+09
 1.03750480e+09 1.03750482e+09 1.03750484e+09 1.03750486e+09
 1.03750487e+09 1.03750489e+09 1.03750491e+09 1.03750493e+09
 1.03750495e+09 1.03750497e+09 1.03750498e+09 1.03750500e+09
 1.03750502e+09 1.03750504e+09 1.03750506e+09 1.03750508e+09
 1.03750509e+09 1.03750511e+09 1.03750513e+09 1.03750515e+09
 1.03750517e+09 1.03750519e+09 1.03750521e+09 1.03750522e+09
 1.03750524e+09 1.03750526e+09 1.03750528e+09 1.03750530e+09
 1.03750532e+09 1.03750533e+09 1.03750535e+09 1.03750537e+09
 1.03750539e+09 1.03750541e+09 1.03750543e+09 1.03750544e+09
 1.03750546e+09 1.03750548e+09 1.03750550e+09 1.03750552e+09
 1.03750554e+09 1.03750556e+09 1.03750557e+09 1.03750559e+09
 1.03750561e+09 1.03750563e+09 1.03750565e+09 1.03750567e+09
 1.03750568e+09 1.03750570e+09 1.03750572e+09 1.03750574e+09
 1.03750576e+09 1.03750578e+09 1.03750579e+09 1.03750581e+09
 1.03750583e+09 1.03750585e+09 1.03750587e+09 1.03750589e+09
 1.03750591e+09 1.03750592e+09 1.03750594e+09 1.03750596e+09
 1.03750598e+09 1.03750600e+09 1.03750602e+09 1.03750603e+09
 1.03750605e+09 1.03750607e+09 1.03750609e+09 1.03750611e+09
 1.03750613e+09 1.03750614e+09 1.03750616e+09 1.03750618e+09
 1.03750620e+09 1.03750622e+09 1.03750624e+09 1.03750626e+09
 1.03750627e+09 1.03750629e+09 1.03750631e+09 1.03750633e+09
 1.03750635e+09 1.03750637e+09 1.03750638e+09 1.03750640e+09
 1.03750642e+09 1.03750644e+09 1.03750646e+09 1.03750648e+09
 1.03750649e+09 1.03750651e+09 1.03750653e+09 1.03750655e+09
 1.03750657e+09 1.03750659e+09 1.03750661e+09 1.03750662e+09
 1.03750664e+09 1.03750666e+09 1.03750668e+09 1.03750670e+09
 1.03750672e+09 1.03750673e+09 1.03750675e+09 1.03750677e+09
 1.03750679e+09 1.03750681e+09 1.03750683e+09 1.03750684e+09
 1.03750686e+09 1.03750688e+09 1.03750690e+09 1.03750692e+09
 1.03750694e+09 1.03750696e+09 1.03750697e+09 1.03750699e+09
 1.03750701e+09 1.03750703e+09 1.03750705e+09 1.03750707e+09
 1.03750708e+09 1.03750710e+09 1.03750712e+09 1.03750714e+09
 1.03750716e+09 1.03750718e+09 1.03750719e+09 1.03750721e+09
 1.03750723e+09 1.03750725e+09 1.03750727e+09 1.03750729e+09
 1.03750731e+09 1.03750732e+09 1.03750734e+09 1.03750736e+09
 1.03750738e+09 1.03750740e+09 1.03750742e+09 1.03750743e+09
 1.03750745e+09 1.03750747e+09 1.03750749e+09 1.03750751e+09
 1.03750753e+09 1.03750754e+09 1.03750756e+09 1.03750758e+09
 1.03750760e+09 1.03750762e+09 1.03750764e+09 1.03750766e+09
 1.03750767e+09 1.03750769e+09 1.03750771e+09 1.03750773e+09
 1.03750775e+09 1.03750777e+09 1.03750778e+09 1.03750780e+09
 1.03750782e+09 1.03750784e+09 1.03750786e+09 1.03750788e+09
 1.03750789e+09 1.03750791e+09 1.03750793e+09 1.03750795e+09
 1.03750797e+09 1.03750799e+09 1.03750801e+09 1.03750802e+09
 1.03750804e+09 1.03750806e+09 1.03750808e+09 1.03750810e+09
 1.03750812e+09 1.03750813e+09 1.03750815e+09 1.03750817e+09
 1.03750819e+09 1.03750821e+09 1.03750823e+09 1.03750824e+09
 1.03750826e+09 1.03750828e+09 1.03750830e+09 1.03750832e+09
 1.03750834e+09 1.03750836e+09 1.03750837e+09 1.03750839e+09
 1.03750841e+09 1.03750843e+09 1.03750845e+09 1.03750847e+09
 1.03750848e+09 1.03750850e+09 1.03750852e+09 1.03750854e+09
 1.03750856e+09 1.03750858e+09 1.03750859e+09 1.03750861e+09
 1.03750863e+09 1.03750865e+09 1.03750867e+09 1.03750869e+09
 1.03750871e+09 1.03750872e+09 1.03750874e+09 1.03750876e+09
 1.03750878e+09 1.03750880e+09 1.03750882e+09 1.03750883e+09
 1.03750885e+09 1.03750887e+09 1.03750889e+09 1.03750891e+09
 1.03750893e+09 1.03750894e+09 1.03750896e+09 1.03750898e+09
 1.03750900e+09 1.03750902e+09 1.03750904e+09 1.03750906e+09
 1.03750907e+09 1.03750909e+09 1.03750911e+09 1.03750913e+09
 1.03750915e+09 1.03750917e+09 1.03750918e+09 1.03750920e+09
 1.03750922e+09 1.03750924e+09 1.03750926e+09 1.03750928e+09
 1.03750929e+09 1.03750931e+09 1.03750933e+09 1.03750935e+09
 1.03750937e+09 1.03750939e+09 1.03750941e+09 1.03750942e+09
 1.03750944e+09 1.03750946e+09 1.03750948e+09 1.03750950e+09
 1.03750952e+09 1.03750953e+09 1.03750955e+09 1.03750957e+09
 1.03750959e+09 1.03750961e+09 1.03750963e+09 1.03750964e+09
 1.03750966e+09 1.03750968e+09 1.03750970e+09 1.03750972e+09
 1.03750974e+09 1.03750975e+09 1.03750977e+09 1.03750979e+09
 1.03750981e+09 1.03750983e+09 1.03750985e+09 1.03750987e+09
 1.03750988e+09 1.03750990e+09 1.03750992e+09 1.03750994e+09
 1.03750996e+09 1.03750998e+09 1.03750999e+09 1.03751001e+09
 1.03751003e+09 1.03751005e+09 1.03751007e+09 1.03751009e+09
 1.03751010e+09 1.03751012e+09 1.03751014e+09 1.03751016e+09
 1.03751018e+09 1.03751020e+09 1.03751022e+09 1.03751023e+09
 1.03751025e+09 1.03751027e+09 1.03751029e+09 1.03751031e+09
 1.03751033e+09 1.03751034e+09 1.03751036e+09 1.03751038e+09
 1.03751040e+09 1.03751042e+09 1.03751044e+09 1.03751045e+09
 1.03751047e+09 1.03751049e+09 1.03751051e+09 1.03751053e+09
 1.03751055e+09 1.03751057e+09 1.03751058e+09 1.03751060e+09
 1.03751062e+09 1.03751064e+09 1.03751066e+09 1.03751068e+09
 1.03751069e+09 1.03751071e+09 1.03751073e+09 1.03751075e+09
 1.03751077e+09 1.03751079e+09 1.03751080e+09 1.03751082e+09
 1.03751084e+09 1.03751086e+09 1.03751088e+09 1.03751090e+09
 1.03751092e+09 1.03751093e+09 1.03751095e+09 1.03751097e+09
 1.03751099e+09 1.03751101e+09 1.03751103e+09 1.03751104e+09
 1.03751106e+09 1.03751108e+09 1.03751110e+09 1.03751112e+09
 1.03751114e+09 1.03751115e+09 1.03751117e+09 1.03751119e+09
 1.03751121e+09 1.03751123e+09 1.03751125e+09 1.03751127e+09
 1.03751128e+09 1.03751130e+09 1.03751132e+09 1.03751134e+09
 1.03751136e+09 1.03751138e+09 1.03751139e+09 1.03751141e+09
 1.03751143e+09 1.03751145e+09 1.03751147e+09 1.03751149e+09]
minRes = 0.13496249599917798
minResTime =  [1.03751128e+09]
