name =JUICE_ROI_CAL_6_1_07
flyby =  ['2032 SEP 10 11:52:29', '2032 SEP 11 11:52:29']
Observation TW =  <SpiceCell dtype = 1, length = 0, size = 3000, card = 10, is_set = 1, adjust = 0, init = 1, base = 2554803994656, data = 2554803994704>
Res(t) =  [4.4110126  4.40696208 4.40291148 4.39886081 4.39481005 4.3907592
 4.38670827 4.38265726 4.37860616 4.37455498 4.37050371 4.36645235
 4.3624009  4.35834936 4.35429774 4.35024602 4.34619421 4.34214231
 4.33809032 4.33403823 4.32998605 4.32593377 4.3218814  4.31782894
 4.31377637 4.30972371 4.30567095 4.30161809 4.29756513 4.29351207
 4.28945891 4.28540565 4.28135228 4.27729881 4.27324524 4.26919156
 4.26513778 4.26108389 4.2570299  4.25297579 4.24892158 4.24486726
 4.24081283 4.23675828 4.23270363 4.22864887 4.22459399 4.220539
 4.21648389 4.21242867 4.20837334 4.20431789 4.20026232 4.19620663
 4.19215083 4.1880949  4.18403886 4.1799827  4.17592641 4.17187
 4.16781347 4.16375682 4.15970004 4.15564314 4.15158611 4.14752896
 4.14347168 4.13941427 4.13535673 4.13129907 4.12724127 4.12318335
 4.11912529 4.1150671  4.11100878 4.10695032 4.10289173 4.09883301
 4.09477415 4.09071515 4.08665602 4.08259675 4.07853734 4.07447779
 4.0704181  4.06635828 4.06229831 4.05823819 4.05417794 4.05011754
 4.046057   4.04199631 4.03793548 4.0338745  4.02981338 4.0257521
 4.02169068 4.01762911 4.01356739 4.00950552 4.0054435  4.00138132
 3.997319   3.99325651 3.98919388 3.98513109 3.98106814 3.97700504
 3.97294178 3.96887837 3.96481479 3.96075106 3.95668717 3.95262311
 3.9485589  3.94449452 3.94042998 3.93636527 3.93230041 3.92823537
 3.92417017 3.92010481 3.91603928 3.91197358 3.90790771 3.90384167
 3.89977547 3.89570909 3.89164254 3.88757582 3.88350892 3.87944186
 3.87537462 3.8713072  3.86723961 3.86317184 3.85910389 3.85503577
 3.85096747 3.84689899 3.84283032 3.83876148 3.83469246 3.83062325
 3.82655387 3.82248429 3.81841454 3.8143446  3.81027447 3.80620416
 3.80213366 3.79806297 3.79399209 3.78992103 3.78584977 3.78177833
 3.77770669 3.77363486 3.76956284 3.76549062 3.76141821 3.7573456
 3.7532728  3.7491998  3.74512661 3.74105322 3.73697962 3.73290583
 3.72883184 3.72475765 3.72068326 3.71660866 3.71253386 3.70845886
 3.70438365 3.70030824 3.69623263 3.6921568  3.68808077 3.68400453
 3.67992808 3.67585143 3.67177456 3.66769748 3.66362019 3.65954269
 3.65546497 3.65138705 3.6473089  3.64323055 3.63915197 3.63507318
 3.63099417 3.62691495 3.6228355  3.61875584 3.61467595 3.61059585
 3.60651552 3.60243497 3.5983542  3.5942732  3.59019198 3.58611054
 3.58202886 3.57794697 3.57386484 3.56978249 3.5656999  3.56161709
 3.55753405 3.55345077 3.54936727 3.54528353 3.54119956 3.53711535
 3.53303092 3.52894624 3.52486133 3.52077618 3.5166908  3.51260517
 3.50851931 3.50443321 3.50034687 3.49626028 3.49217346 3.48808639
 3.48399908 3.47991153 3.47582373 3.47173568 3.46764739 3.46355885
 3.45947007 3.45538104 3.45129175 3.44720222 3.44311244 3.4390224
 3.43493212 3.43084158 3.42675079 3.42265974 3.41856844 3.41447688
 3.41038507 3.406293   3.40220068 3.39810809 3.39401525 3.38992214
 3.38582878 3.38173515 3.37764126 3.37354711 3.3694527  3.36535802
 3.36126308 3.35716787 3.35307239 3.34897665 3.34488064 3.34078436
 3.33668782 3.332591   3.32849391 3.32439655 3.32029892 3.31620101
 3.31210284 3.30800438 3.30390566 3.29980665 3.29570737 3.29160782
 3.28750798 3.28340787 3.27930748 3.27520681 3.27110585 3.26700462
 3.2629031  3.2588013  3.25469922 3.25059685 3.2464942  3.24239126
 3.23828803 3.23418452 3.23008072 3.22597663 3.22187225 3.21776758
 3.21366263 3.20955737 3.20545183 3.20134599 3.19723986 3.19313344
 3.18902672 3.1849197  3.18081239 3.17670478 3.17259687 3.16848867
 3.16438016 3.16027135 3.15616224 3.15205283 3.14794312 3.14383311
 3.13972279 3.13561217 3.13150124 3.12739    3.12327846 3.11916661
 3.11505445 3.11094199 3.10682921 3.10271612 3.09860273 3.09448902
 3.090375   3.08626066 3.08214601 3.07803105 3.07391577 3.06980017
 3.06568426 3.06156803 3.05745148 3.05333461 3.04921743 3.04509992
 3.04098209 3.03686394 3.03274546 3.02862667 3.02450755 3.0203881
 3.01626833 3.01214823 3.00802781 3.00390705 2.99978597 2.99566456
 2.99154282 2.98742075 2.98329835 2.97917561 2.97505255 2.97092915
 2.96680541 2.96268134 2.95855693 2.95443219 2.95030711 2.9461817
 2.94205594 2.93792985 2.93380341 2.92967663 2.92554952 2.92142206
 2.91729426 2.91316611 2.90903762 2.90490878 2.9007796  2.89665007
 2.8925202  2.88838998 2.8842594  2.88012848 2.87599721 2.87186559
 2.86773362 2.86360129 2.85946861 2.85533558 2.85120219 2.84706845
 2.84293435 2.83879989 2.83466508 2.83052991 2.82639438 2.82225849
 2.81812224 2.81398563 2.80984866 2.80571133 2.80157363 2.79743557
 2.79329714 2.78915835 2.78501919 2.78087967 2.77673978 2.77259952
 2.76845889 2.76431789 2.76017652 2.75603478 2.75189267 2.74775018
 2.74360733 2.73946409 2.73532049 2.73117651 2.72703215 2.72288741
 2.7187423  2.71459681 2.71045094 2.70630469 2.70215806 2.69801105
 2.69386366 2.68971589 2.68556773 2.68141918 2.67727026 2.67312094
 2.66897125 2.66482116 2.66067069 2.65651982 2.65236857 2.64821693
 2.6440649  2.63991248 2.63575966 2.63160646 2.62745286 2.62329886
 2.61914447 2.61498969 2.6108345  2.60667893 2.60252295 2.59836658
 2.5942098  2.59005263 2.58589505 2.58173708 2.5775787  2.57341992
 2.56926074 2.56510115 2.56094116 2.55678076 2.55261995 2.54845874
 2.54429712 2.5401351  2.53597266 2.53180981 2.52764655 2.52348289
 2.51931881 2.51515431 2.51098941 2.50682408 2.50265835 2.4984922
 2.49432563 2.49015864 2.48599124 2.48182342 2.47765518 2.47348652
 2.46931744 2.46514794 2.46097801 2.45680767 2.4526369  2.4484657
 2.44429408 2.44012204 2.43594957 2.43177667 2.42760335 2.42342959
 2.41925541 2.4150808  2.41090575 2.40673028 2.40255437 2.39837803
 2.39420126 2.39002405 2.38584641 2.38166834 2.37748982 2.37331087
 2.36913149 2.36495166 2.3607714  2.35659069 2.35240955 2.34822796
 2.34404593 2.33986346 2.33568055 2.33149719 2.32731339 2.32312914
 2.31894445 2.31475931 2.31057372 2.30638769 2.3022012  2.29801427
 2.29382689 2.28963905 2.28545076 2.28126203 2.27707283 2.27288319
 2.26869309 2.26450253 2.26031152 2.25612005 2.25192813 2.24773575
 2.24354291 2.23934961 2.23515585 2.23096163 2.22676694 2.2225718
 2.21837619 2.21418012 2.20998359 2.20578659 2.20158912 2.19739119
 2.19319279 2.18899393 2.1847946  2.18059479 2.17639452 2.17219378
 2.16799257 2.16379088 2.15958872 2.15538609 2.15118299 2.14697941
 2.14277536 2.13857083 2.13436582 2.13016034 2.12595438 2.12174794
 2.11754102 2.11333363 2.10912575 2.10491739 2.10070855 2.09649922
 2.09228942 2.08807913 2.08386835 2.07965709 2.07544535 2.07123311
 2.06702039 2.06280719 2.05859349 2.05437931 2.05016463 2.04594947
 2.04173381 2.03751766 2.03330102 2.02908389 2.02486626 2.02064814
 2.01642952 2.01221041 2.0079908  2.0037707  1.99955009 1.99532899
 1.99110739 1.98688529 1.98266269 1.97843959 1.97421598 1.96999188
 1.96576727 1.96154216 1.95731654 1.95309042 1.9488638  1.94463667
 1.94040903 1.93618088 1.93195223 1.92772307 1.9234934  1.91926322
 1.91503253 1.91080133 1.90656961 1.90233739 1.89810465 1.8938714
 1.88963763 1.88540335 1.88116855 1.87693324 1.87269741 1.86846107
 1.8642242  1.85998682 1.85574892 1.8515105  1.84727156 1.8430321
 1.83879212 1.83455161 1.83031058 1.82606903 1.82182696 1.81758436
 1.81334124 1.80909759 1.80485342 1.80060872 1.79636349 1.79211773
 1.78787145 1.78362464 1.7793773  1.77512942 1.77088102 1.76663209
 1.76238262 1.75813262 1.75388209 1.74963103 1.74537943 1.7411273
 1.73687464 1.73262144 1.7283677  1.72411342 1.71985861 1.71560326
 1.71134738 1.70709095 1.70283399 1.69857648 1.69431844 1.69005986
 1.68580073 1.68154106 1.67728085 1.6730201  1.66875881 1.66449697
 1.66023459 1.65597166 1.65170819 1.64744417 1.64317961 1.6389145
 1.63464884 1.63038264 1.62611589 1.62184859 1.61758074 1.61331234
 1.6090434  1.6047739  1.60050386 1.59623326 1.59196211 1.58769041
 1.58341816 1.57914536 1.574872   1.57059809 1.56632363 1.56204861
 1.55777304 1.55349691 1.54922023 1.544943   1.5406652  1.53638686
 1.53210795 1.52782849 1.52354847 1.5192679  1.51498677 1.51070508
 1.50642283 1.50214002 1.49785665 1.49357273 1.48928825 1.4850032
 1.4807176  1.47643143 1.47214471 1.46785743 1.46356958 1.45928117
 1.45499221 1.45070268 1.44641259 1.44212193 1.43783072 1.43353894
 1.4292466  1.4249537  1.42066024 1.41636621 1.41207162 1.40777647
 1.40348076 1.39918448 1.39488764 1.39059023 1.38629227 1.38199373
 1.37769464 1.37339498 1.36909476 1.36479398 1.36049263 1.35619072
 1.35188824 1.3475852  1.3432816  1.33897744 1.33467271 1.33036742
 1.32606157 1.32175515 1.31744817 1.31314063 1.30883253 1.30452387
 1.30021464 1.29590485 1.2915945  1.28728359 1.28297212 1.27866009
 1.2743475  1.27003435 1.26572064 1.26140637 1.25709154 1.25277615
 1.24846021 1.24414371 1.23982665 1.23550903 1.23119086 1.22687213
 1.22255285 1.21823302 1.21391263 1.20959169 1.20527019 1.20094815
 1.19662555 1.1923024  1.18797871 1.18365446 1.17932967 1.17500433
 1.17067845 1.16635202 1.16202504 1.15769752 1.15336946 1.14904086
 1.14471172 1.14038204 1.13605182 1.13172107 1.12738978 1.12305795
 1.1187256  1.11439271 1.11005929 1.10572534 1.10139087 1.09705587
 1.09272034 1.08838429 1.08404772 1.07971064 1.07537303 1.07103491
 1.06669627 1.06235712 1.05801747 1.0536773  1.04933663 1.04499545
 1.04065377 1.03631159 1.03196892 1.02762575 1.02328209 1.01893793
 1.01459329 1.01024817 1.00590256 1.00155648 0.99720991 0.99286288
 0.98851537 0.98416739 0.97981896 0.97547006 0.9711207  0.96677089
 0.96242062 0.95806991 0.95371876 0.94936717 0.94501514 0.94066268
 0.93630979 0.93195648 0.92760275 0.92324861 0.91889405 0.9145391
 0.91018374 0.90582799 0.90147184 0.89711532 0.89275841 0.88840113
 0.88404348 0.87968547 0.87532711 0.87096839 0.86660934 0.86224994
 0.85789022 0.85353017 0.84916981 0.84480914 0.84044817 0.83608691
 0.83172536 0.82736354 0.82300144 0.81863909 0.81427649 0.80991365
 0.80555057 0.80118727 0.79682376 0.79246005 0.78659001 0.78222072
 0.77785119 0.77348145 0.7691115  0.76474135 0.76037101 0.75600049
 0.75162982 0.74725899 0.74288803 0.73851694 0.73414574 0.72977444
 0.72540306 0.72103161 0.71666012 0.71228858 0.70791703 0.70354547
 0.69917393 0.69480242 0.69043096 0.68605958 0.68168828 0.6773171
 0.67294605 0.66857516 0.66420444 0.65983393 0.65546364 0.6510936
 0.64672385 0.64235439 0.63798527 0.63361652 0.62924815 0.62488021
 0.62051273 0.61614573 0.61177926 0.60741335 0.60304804 0.59868337
 0.59431937 0.5899561  0.58559358 0.58123188 0.57687103 0.57251109
 0.56815211 0.56379413 0.55943722 0.55508144 0.55072683 0.54637347
 0.54202142 0.53767075 0.53332153 0.52897383 0.52462774 0.52028332
 0.51594067 0.51159988 0.50726104 0.50292423 0.49858958 0.49425717
 0.48992713 0.48559956 0.4812746  0.47695237 0.472633   0.46831664
 0.46400343 0.45969354 0.45538712 0.45108436 0.44678543 0.44249053
 0.43819986 0.43391363 0.42963209 0.42535546 0.421084   0.41681798
 0.41255769 0.40830344 0.40405554 0.39981434 0.39558021 0.39135353
 0.38713472 0.38292422 0.37872251 0.37453009 0.3703475  0.36617533
 0.3620142  0.35786477 0.35372777 0.34960398 0.34549423 0.34139943
 0.33732057 0.33325869 0.32921496 0.32519063 0.32118707 0.31720577
 0.31324836 0.30931665 0.30541258 0.30153834 0.29769631 0.29388915
 0.29011979 0.2863915  0.28270795 0.27907323 0.27549193 0.27196926
 0.2685111  0.26512415 0.26181606 0.25859563 0.25547302 0.25246002
 0.24957042 0.24682047 0.24422941 0.24182028]
t =  [1.03170202e+09 1.03170206e+09 1.03170210e+09 1.03170214e+09
 1.03170218e+09 1.03170223e+09 1.03170227e+09 1.03170231e+09
 1.03170235e+09 1.03170239e+09 1.03170243e+09 1.03170248e+09
 1.03170252e+09 1.03170256e+09 1.03170260e+09 1.03170264e+09
 1.03170268e+09 1.03170273e+09 1.03170277e+09 1.03170281e+09
 1.03170285e+09 1.03170289e+09 1.03170293e+09 1.03170298e+09
 1.03170302e+09 1.03170306e+09 1.03170310e+09 1.03170314e+09
 1.03170318e+09 1.03170323e+09 1.03170327e+09 1.03170331e+09
 1.03170335e+09 1.03170339e+09 1.03170343e+09 1.03170347e+09
 1.03170352e+09 1.03170356e+09 1.03170360e+09 1.03170364e+09
 1.03170368e+09 1.03170372e+09 1.03170377e+09 1.03170381e+09
 1.03170385e+09 1.03170389e+09 1.03170393e+09 1.03170397e+09
 1.03170402e+09 1.03170406e+09 1.03170410e+09 1.03170414e+09
 1.03170418e+09 1.03170422e+09 1.03170427e+09 1.03170431e+09
 1.03170435e+09 1.03170439e+09 1.03170443e+09 1.03170447e+09
 1.03170452e+09 1.03170456e+09 1.03170460e+09 1.03170464e+09
 1.03170468e+09 1.03170472e+09 1.03170477e+09 1.03170481e+09
 1.03170485e+09 1.03170489e+09 1.03170493e+09 1.03170497e+09
 1.03170501e+09 1.03170506e+09 1.03170510e+09 1.03170514e+09
 1.03170518e+09 1.03170522e+09 1.03170526e+09 1.03170531e+09
 1.03170535e+09 1.03170539e+09 1.03170543e+09 1.03170547e+09
 1.03170551e+09 1.03170556e+09 1.03170560e+09 1.03170564e+09
 1.03170568e+09 1.03170572e+09 1.03170576e+09 1.03170581e+09
 1.03170585e+09 1.03170589e+09 1.03170593e+09 1.03170597e+09
 1.03170601e+09 1.03170606e+09 1.03170610e+09 1.03170614e+09
 1.03170618e+09 1.03170622e+09 1.03170626e+09 1.03170631e+09
 1.03170635e+09 1.03170639e+09 1.03170643e+09 1.03170647e+09
 1.03170651e+09 1.03170655e+09 1.03170660e+09 1.03170664e+09
 1.03170668e+09 1.03170672e+09 1.03170676e+09 1.03170680e+09
 1.03170685e+09 1.03170689e+09 1.03170693e+09 1.03170697e+09
 1.03170701e+09 1.03170705e+09 1.03170710e+09 1.03170714e+09
 1.03170718e+09 1.03170722e+09 1.03170726e+09 1.03170730e+09
 1.03170735e+09 1.03170739e+09 1.03170743e+09 1.03170747e+09
 1.03170751e+09 1.03170755e+09 1.03170760e+09 1.03170764e+09
 1.03170768e+09 1.03170772e+09 1.03170776e+09 1.03170780e+09
 1.03170785e+09 1.03170789e+09 1.03170793e+09 1.03170797e+09
 1.03170801e+09 1.03170805e+09 1.03170809e+09 1.03170814e+09
 1.03170818e+09 1.03170822e+09 1.03170826e+09 1.03170830e+09
 1.03170834e+09 1.03170839e+09 1.03170843e+09 1.03170847e+09
 1.03170851e+09 1.03170855e+09 1.03170859e+09 1.03170864e+09
 1.03170868e+09 1.03170872e+09 1.03170876e+09 1.03170880e+09
 1.03170884e+09 1.03170889e+09 1.03170893e+09 1.03170897e+09
 1.03170901e+09 1.03170905e+09 1.03170909e+09 1.03170914e+09
 1.03170918e+09 1.03170922e+09 1.03170926e+09 1.03170930e+09
 1.03170934e+09 1.03170939e+09 1.03170943e+09 1.03170947e+09
 1.03170951e+09 1.03170955e+09 1.03170959e+09 1.03170963e+09
 1.03170968e+09 1.03170972e+09 1.03170976e+09 1.03170980e+09
 1.03170984e+09 1.03170988e+09 1.03170993e+09 1.03170997e+09
 1.03171001e+09 1.03171005e+09 1.03171009e+09 1.03171013e+09
 1.03171018e+09 1.03171022e+09 1.03171026e+09 1.03171030e+09
 1.03171034e+09 1.03171038e+09 1.03171043e+09 1.03171047e+09
 1.03171051e+09 1.03171055e+09 1.03171059e+09 1.03171063e+09
 1.03171068e+09 1.03171072e+09 1.03171076e+09 1.03171080e+09
 1.03171084e+09 1.03171088e+09 1.03171093e+09 1.03171097e+09
 1.03171101e+09 1.03171105e+09 1.03171109e+09 1.03171113e+09
 1.03171117e+09 1.03171122e+09 1.03171126e+09 1.03171130e+09
 1.03171134e+09 1.03171138e+09 1.03171142e+09 1.03171147e+09
 1.03171151e+09 1.03171155e+09 1.03171159e+09 1.03171163e+09
 1.03171167e+09 1.03171172e+09 1.03171176e+09 1.03171180e+09
 1.03171184e+09 1.03171188e+09 1.03171192e+09 1.03171197e+09
 1.03171201e+09 1.03171205e+09 1.03171209e+09 1.03171213e+09
 1.03171217e+09 1.03171222e+09 1.03171226e+09 1.03171230e+09
 1.03171234e+09 1.03171238e+09 1.03171242e+09 1.03171247e+09
 1.03171251e+09 1.03171255e+09 1.03171259e+09 1.03171263e+09
 1.03171267e+09 1.03171271e+09 1.03171276e+09 1.03171280e+09
 1.03171284e+09 1.03171288e+09 1.03171292e+09 1.03171296e+09
 1.03171301e+09 1.03171305e+09 1.03171309e+09 1.03171313e+09
 1.03171317e+09 1.03171321e+09 1.03171326e+09 1.03171330e+09
 1.03171334e+09 1.03171338e+09 1.03171342e+09 1.03171346e+09
 1.03171351e+09 1.03171355e+09 1.03171359e+09 1.03171363e+09
 1.03171367e+09 1.03171371e+09 1.03171376e+09 1.03171380e+09
 1.03171384e+09 1.03171388e+09 1.03171392e+09 1.03171396e+09
 1.03171401e+09 1.03171405e+09 1.03171409e+09 1.03171413e+09
 1.03171417e+09 1.03171421e+09 1.03171425e+09 1.03171430e+09
 1.03171434e+09 1.03171438e+09 1.03171442e+09 1.03171446e+09
 1.03171450e+09 1.03171455e+09 1.03171459e+09 1.03171463e+09
 1.03171467e+09 1.03171471e+09 1.03171475e+09 1.03171480e+09
 1.03171484e+09 1.03171488e+09 1.03171492e+09 1.03171496e+09
 1.03171500e+09 1.03171505e+09 1.03171509e+09 1.03171513e+09
 1.03171517e+09 1.03171521e+09 1.03171525e+09 1.03171530e+09
 1.03171534e+09 1.03171538e+09 1.03171542e+09 1.03171546e+09
 1.03171550e+09 1.03171555e+09 1.03171559e+09 1.03171563e+09
 1.03171567e+09 1.03171571e+09 1.03171575e+09 1.03171579e+09
 1.03171584e+09 1.03171588e+09 1.03171592e+09 1.03171596e+09
 1.03171600e+09 1.03171604e+09 1.03171609e+09 1.03171613e+09
 1.03171617e+09 1.03171621e+09 1.03171625e+09 1.03171629e+09
 1.03171634e+09 1.03171638e+09 1.03171642e+09 1.03171646e+09
 1.03171650e+09 1.03171654e+09 1.03171659e+09 1.03171663e+09
 1.03171667e+09 1.03171671e+09 1.03171675e+09 1.03171679e+09
 1.03171684e+09 1.03171688e+09 1.03171692e+09 1.03171696e+09
 1.03171700e+09 1.03171704e+09 1.03171709e+09 1.03171713e+09
 1.03171717e+09 1.03171721e+09 1.03171725e+09 1.03171729e+09
 1.03171733e+09 1.03171738e+09 1.03171742e+09 1.03171746e+09
 1.03171750e+09 1.03171754e+09 1.03171758e+09 1.03171763e+09
 1.03171767e+09 1.03171771e+09 1.03171775e+09 1.03171779e+09
 1.03171783e+09 1.03171788e+09 1.03171792e+09 1.03171796e+09
 1.03171800e+09 1.03171804e+09 1.03171808e+09 1.03171813e+09
 1.03171817e+09 1.03171821e+09 1.03171825e+09 1.03171829e+09
 1.03171833e+09 1.03171838e+09 1.03171842e+09 1.03171846e+09
 1.03171850e+09 1.03171854e+09 1.03171858e+09 1.03171863e+09
 1.03171867e+09 1.03171871e+09 1.03171875e+09 1.03171879e+09
 1.03171883e+09 1.03171887e+09 1.03171892e+09 1.03171896e+09
 1.03171900e+09 1.03171904e+09 1.03171908e+09 1.03171912e+09
 1.03171917e+09 1.03171921e+09 1.03171925e+09 1.03171929e+09
 1.03171933e+09 1.03171937e+09 1.03171942e+09 1.03171946e+09
 1.03171950e+09 1.03171954e+09 1.03171958e+09 1.03171962e+09
 1.03171967e+09 1.03171971e+09 1.03171975e+09 1.03171979e+09
 1.03171983e+09 1.03171987e+09 1.03171992e+09 1.03171996e+09
 1.03172000e+09 1.03172004e+09 1.03172008e+09 1.03172012e+09
 1.03172017e+09 1.03172021e+09 1.03172025e+09 1.03172029e+09
 1.03172033e+09 1.03172037e+09 1.03172041e+09 1.03172046e+09
 1.03172050e+09 1.03172054e+09 1.03172058e+09 1.03172062e+09
 1.03172066e+09 1.03172071e+09 1.03172075e+09 1.03172079e+09
 1.03172083e+09 1.03172087e+09 1.03172091e+09 1.03172096e+09
 1.03172100e+09 1.03172104e+09 1.03172108e+09 1.03172112e+09
 1.03172116e+09 1.03172121e+09 1.03172125e+09 1.03172129e+09
 1.03172133e+09 1.03172137e+09 1.03172141e+09 1.03172146e+09
 1.03172150e+09 1.03172154e+09 1.03172158e+09 1.03172162e+09
 1.03172166e+09 1.03172171e+09 1.03172175e+09 1.03172179e+09
 1.03172183e+09 1.03172187e+09 1.03172191e+09 1.03172195e+09
 1.03172200e+09 1.03172204e+09 1.03172208e+09 1.03172212e+09
 1.03172216e+09 1.03172220e+09 1.03172225e+09 1.03172229e+09
 1.03172233e+09 1.03172237e+09 1.03172241e+09 1.03172245e+09
 1.03172250e+09 1.03172254e+09 1.03172258e+09 1.03172262e+09
 1.03172266e+09 1.03172270e+09 1.03172275e+09 1.03172279e+09
 1.03172283e+09 1.03172287e+09 1.03172291e+09 1.03172295e+09
 1.03172300e+09 1.03172304e+09 1.03172308e+09 1.03172312e+09
 1.03172316e+09 1.03172320e+09 1.03172325e+09 1.03172329e+09
 1.03172333e+09 1.03172337e+09 1.03172341e+09 1.03172345e+09
 1.03172349e+09 1.03172354e+09 1.03172358e+09 1.03172362e+09
 1.03172366e+09 1.03172370e+09 1.03172374e+09 1.03172379e+09
 1.03172383e+09 1.03172387e+09 1.03172391e+09 1.03172395e+09
 1.03172399e+09 1.03172404e+09 1.03172408e+09 1.03172412e+09
 1.03172416e+09 1.03172420e+09 1.03172424e+09 1.03172429e+09
 1.03172433e+09 1.03172437e+09 1.03172441e+09 1.03172445e+09
 1.03172449e+09 1.03172454e+09 1.03172458e+09 1.03172462e+09
 1.03172466e+09 1.03172470e+09 1.03172474e+09 1.03172479e+09
 1.03172483e+09 1.03172487e+09 1.03172491e+09 1.03172495e+09
 1.03172499e+09 1.03172503e+09 1.03172508e+09 1.03172512e+09
 1.03172516e+09 1.03172520e+09 1.03172524e+09 1.03172528e+09
 1.03172533e+09 1.03172537e+09 1.03172541e+09 1.03172545e+09
 1.03172549e+09 1.03172553e+09 1.03172558e+09 1.03172562e+09
 1.03172566e+09 1.03172570e+09 1.03172574e+09 1.03172578e+09
 1.03172583e+09 1.03172587e+09 1.03172591e+09 1.03172595e+09
 1.03172599e+09 1.03172603e+09 1.03172608e+09 1.03172612e+09
 1.03172616e+09 1.03172620e+09 1.03172624e+09 1.03172628e+09
 1.03172633e+09 1.03172637e+09 1.03172641e+09 1.03172645e+09
 1.03172649e+09 1.03172653e+09 1.03172657e+09 1.03172662e+09
 1.03172666e+09 1.03172670e+09 1.03172674e+09 1.03172678e+09
 1.03172682e+09 1.03172687e+09 1.03172691e+09 1.03172695e+09
 1.03172699e+09 1.03172703e+09 1.03172707e+09 1.03172712e+09
 1.03172716e+09 1.03172720e+09 1.03172724e+09 1.03172728e+09
 1.03172732e+09 1.03172737e+09 1.03172741e+09 1.03172745e+09
 1.03172749e+09 1.03172753e+09 1.03172757e+09 1.03172762e+09
 1.03172766e+09 1.03172770e+09 1.03172774e+09 1.03172778e+09
 1.03172782e+09 1.03172787e+09 1.03172791e+09 1.03172795e+09
 1.03172799e+09 1.03172803e+09 1.03172807e+09 1.03172811e+09
 1.03172816e+09 1.03172820e+09 1.03172824e+09 1.03172828e+09
 1.03172832e+09 1.03172836e+09 1.03172841e+09 1.03172845e+09
 1.03172849e+09 1.03172853e+09 1.03172857e+09 1.03172861e+09
 1.03172866e+09 1.03172870e+09 1.03172874e+09 1.03172878e+09
 1.03172882e+09 1.03172886e+09 1.03172891e+09 1.03172895e+09
 1.03172899e+09 1.03172903e+09 1.03172907e+09 1.03172911e+09
 1.03172916e+09 1.03172920e+09 1.03172924e+09 1.03172928e+09
 1.03172932e+09 1.03172936e+09 1.03172941e+09 1.03172945e+09
 1.03172949e+09 1.03172953e+09 1.03172957e+09 1.03172961e+09
 1.03172965e+09 1.03172970e+09 1.03172974e+09 1.03172978e+09
 1.03172982e+09 1.03172986e+09 1.03172990e+09 1.03172995e+09
 1.03172999e+09 1.03173003e+09 1.03173007e+09 1.03173011e+09
 1.03173015e+09 1.03173020e+09 1.03173024e+09 1.03173028e+09
 1.03173032e+09 1.03173036e+09 1.03173040e+09 1.03173045e+09
 1.03173049e+09 1.03173053e+09 1.03173057e+09 1.03173061e+09
 1.03173065e+09 1.03173070e+09 1.03173074e+09 1.03173078e+09
 1.03173082e+09 1.03173086e+09 1.03173090e+09 1.03173095e+09
 1.03173099e+09 1.03173103e+09 1.03173107e+09 1.03173111e+09
 1.03173115e+09 1.03173119e+09 1.03173124e+09 1.03173128e+09
 1.03173132e+09 1.03173136e+09 1.03173140e+09 1.03173144e+09
 1.03173149e+09 1.03173153e+09 1.03173157e+09 1.03173161e+09
 1.03173165e+09 1.03173169e+09 1.03173174e+09 1.03173178e+09
 1.03173182e+09 1.03173186e+09 1.03173190e+09 1.03173194e+09
 1.03173199e+09 1.03173203e+09 1.03173207e+09 1.03173211e+09
 1.03173215e+09 1.03173219e+09 1.03173224e+09 1.03173228e+09
 1.03173232e+09 1.03173236e+09 1.03173240e+09 1.03173244e+09
 1.03173249e+09 1.03173253e+09 1.03173257e+09 1.03173261e+09
 1.03173265e+09 1.03173269e+09 1.03173273e+09 1.03173278e+09
 1.03173282e+09 1.03173286e+09 1.03173290e+09 1.03173294e+09
 1.03173298e+09 1.03173303e+09 1.03173307e+09 1.03173311e+09
 1.03173315e+09 1.03173319e+09 1.03173323e+09 1.03173328e+09
 1.03173332e+09 1.03173336e+09 1.03173340e+09 1.03173344e+09
 1.03173348e+09 1.03173353e+09 1.03173357e+09 1.03173361e+09
 1.03173365e+09 1.03173369e+09 1.03173373e+09 1.03173378e+09
 1.03173382e+09 1.03173386e+09 1.03173390e+09 1.03173394e+09
 1.03173398e+09 1.03173403e+09 1.03173407e+09 1.03173411e+09
 1.03173415e+09 1.03173419e+09 1.03173423e+09 1.03173427e+09
 1.03173432e+09 1.03173436e+09 1.03173440e+09 1.03173444e+09
 1.03173448e+09 1.03173452e+09 1.03173457e+09 1.03173461e+09
 1.03173465e+09 1.03173469e+09 1.03173473e+09 1.03173477e+09
 1.03173482e+09 1.03173486e+09 1.03173490e+09 1.03173494e+09
 1.03173498e+09 1.03173502e+09 1.03173507e+09 1.03173511e+09
 1.03173515e+09 1.03173519e+09 1.03173523e+09 1.03173527e+09
 1.03173532e+09 1.03173536e+09 1.03173540e+09 1.03173544e+09
 1.03173548e+09 1.03173552e+09 1.03173557e+09 1.03173561e+09
 1.03173565e+09 1.03173569e+09 1.03173573e+09 1.03173577e+09
 1.03173581e+09 1.03173586e+09 1.03173590e+09 1.03173594e+09
 1.03173598e+09 1.03173602e+09 1.03173606e+09 1.03173611e+09
 1.03173615e+09 1.03173619e+09 1.03173623e+09 1.03173627e+09
 1.03173631e+09 1.03173636e+09 1.03173640e+09 1.03173644e+09
 1.03173648e+09 1.03173652e+09 1.03173656e+09 1.03173661e+09
 1.03173665e+09 1.03173669e+09 1.03173673e+09 1.03173677e+09
 1.03173681e+09 1.03173686e+09 1.03173690e+09 1.03173694e+09
 1.03173698e+09 1.03173702e+09 1.03173706e+09 1.03173711e+09
 1.03173715e+09 1.03173719e+09 1.03173723e+09 1.03173727e+09
 1.03173731e+09 1.03173735e+09 1.03173740e+09 1.03173744e+09
 1.03173748e+09 1.03173752e+09 1.03173756e+09 1.03173760e+09
 1.03173765e+09 1.03173769e+09 1.03173773e+09 1.03173777e+09
 1.03173781e+09 1.03173785e+09 1.03173790e+09 1.03173794e+09
 1.03173798e+09 1.03173802e+09 1.03173806e+09 1.03173810e+09
 1.03173815e+09 1.03173819e+09 1.03173823e+09 1.03173827e+09
 1.03173831e+09 1.03173835e+09 1.03173840e+09 1.03173844e+09
 1.03173848e+09 1.03173852e+09 1.03173856e+09 1.03173860e+09
 1.03173865e+09 1.03173869e+09 1.03173873e+09 1.03173877e+09
 1.03173881e+09 1.03173885e+09 1.03173889e+09 1.03173894e+09
 1.03173898e+09 1.03173902e+09 1.03173906e+09 1.03173910e+09
 1.03173914e+09 1.03173919e+09 1.03173923e+09 1.03173927e+09
 1.03173931e+09 1.03173935e+09 1.03173939e+09 1.03173944e+09
 1.03173948e+09 1.03173952e+09 1.03173956e+09 1.03173960e+09
 1.03173964e+09 1.03173969e+09 1.03173973e+09 1.03173977e+09
 1.03173981e+09 1.03173985e+09 1.03173989e+09 1.03173994e+09
 1.03173998e+09 1.03174002e+09 1.03174006e+09 1.03174010e+09
 1.03174014e+09 1.03174019e+09 1.03174023e+09 1.03174027e+09
 1.03174031e+09 1.03174035e+09 1.03174039e+09 1.03174043e+09
 1.03174048e+09 1.03174052e+09 1.03174056e+09 1.03174060e+09
 1.03174064e+09 1.03174068e+09 1.03174073e+09 1.03174077e+09
 1.03174081e+09 1.03174085e+09 1.03174089e+09 1.03174093e+09
 1.03174098e+09 1.03174102e+09 1.03174106e+09 1.03174110e+09
 1.03174114e+09 1.03174118e+09 1.03174123e+09 1.03174127e+09
 1.03174131e+09 1.03174135e+09 1.03174139e+09 1.03174143e+09
 1.03174148e+09 1.03174152e+09 1.03174156e+09 1.03174160e+09
 1.03174164e+09 1.03174168e+09 1.03174173e+09 1.03174177e+09
 1.03174181e+09 1.03174185e+09 1.03174189e+09 1.03174193e+09
 1.03174197e+09 1.03174202e+09 1.03174206e+09 1.03174210e+09
 1.03174214e+09 1.03174218e+09 1.03174222e+09 1.03174227e+09
 1.03174231e+09 1.03174235e+09 1.03174239e+09 1.03174243e+09
 1.03174247e+09 1.03174252e+09 1.03174256e+09 1.03174260e+09
 1.03174264e+09 1.03174268e+09 1.03174272e+09 1.03174277e+09
 1.03174281e+09 1.03174285e+09 1.03174289e+09 1.03174293e+09
 1.03174297e+09 1.03174302e+09 1.03174306e+09 1.03174310e+09
 1.03174314e+09 1.03174318e+09 1.03174322e+09 1.03174327e+09
 1.03174331e+09 1.03174335e+09 1.03174339e+09 1.03174343e+09
 1.03174347e+09 1.03174351e+09 1.03174356e+09 1.03174360e+09]
minRes = 0.24182028482758758
minResTime =  [1.0317436e+09]
