name =JUICE_ROI_CAL_4_3_01
flyby =  ['2033 APR 06 23:29:30', '2033 APR 07 23:29:30']
Observation TW =  <SpiceCell dtype = 1, length = 0, size = 3400, card = 14, is_set = 1, adjust = 0, init = 1, base = 2554799371776, data = 2554799371824>
Res(t) =  [4.59346292 4.5888187  4.58417514 4.57953224 4.57489002 4.57024846
 4.56560756 4.56096733 4.55632776 4.55168886 4.54705062 4.54241305
 4.53777614 4.53313989 4.52850431 4.52386939 4.51923513 4.51460154
 4.50996861 4.50533634 4.50070474 4.49607379 4.49144351 4.48681389
 4.48218494 4.47755664 4.472929   4.46830203 4.46367571 4.45905006
 4.45442507 4.44980073 4.44517706 4.44055405 4.43593169 4.43131
 4.42668896 4.42206858 4.41744887 4.41282981 4.40821141 4.40359366
 4.39897658 4.39436015 4.38974438 4.38512926 4.38051481 4.37590101
 4.37128787 4.36667538 4.36206355 4.35745238 4.35284186 4.348232
 4.34362279 4.33901424 4.33440634 4.3297991  4.32519251 4.32058658
 4.3159813  4.31137668 4.30677271 4.30216939 4.29756673 4.29296472
 4.28836336 4.28376266 4.27916261 4.27456321 4.26996446 4.26536637
 4.26076893 4.25617214 4.251576   4.24698051 4.24238567 4.23779149
 4.23319795 4.22860507 4.22401283 4.21942125 4.21483031 4.21024003
 4.20565039 4.20106141 4.19647307 4.19188539 4.18729835 4.18271196
 4.17812621 4.17354112 4.16895668 4.16437288 4.15978973 4.15520722
 4.15062537 4.14604416 4.1414636  4.13688368 4.13230442 4.12772579
 4.12314782 4.11857049 4.1139938  4.10941776 4.10484237 4.10026762
 4.09569351 4.09112005 4.08654724 4.08197507 4.07740354 4.07283266
 4.06826242 4.06369283 4.05912387 4.05455557 4.0499879  4.04542088
 4.0408545  4.03628876 4.03172366 4.02715921 4.0225954  4.01803223
 4.0134697  4.00890781 4.00434656 3.99978596 3.99522599 3.99066667
 3.98610798 3.98154994 3.97699254 3.97243577 3.96787965 3.96332416
 3.95876932 3.95421511 3.94966154 3.94510861 3.94055632 3.93600467
 3.93145365 3.92690328 3.92235354 3.91780443 3.91325597 3.90870814
 3.90416095 3.8996144  3.89506848 3.8905232  3.88597856 3.88143455
 3.87689118 3.87234844 3.86780634 3.86326487 3.85872404 3.85418384
 3.84964428 3.84510536 3.84056706 3.83602941 3.83149238 3.82695599
 3.82242023 3.81788511 3.81335062 3.80881676 3.80428354 3.79975095
 3.79521899 3.79068766 3.78615697 3.78162691 3.77709747 3.77256868
 3.76804051 3.76351297 3.75898607 3.75445979 3.74993415 3.74540914
 3.74088475 3.736361   3.73183788 3.72731539 3.72279352 3.71827229
 3.71375168 3.70923171 3.70471236 3.70019365 3.69567556 3.6911581
 3.68664126 3.68212506 3.67760948 3.67309454 3.66858021 3.66406652
 3.65955345 3.65504101 3.6505292  3.64601801 3.64150745 3.63699752
 3.63248821 3.62797953 3.62347148 3.61896405 3.61445724 3.60995106
 3.60544551 3.60094058 3.59643627 3.59193259 3.58742953 3.5829271
 3.57842529 3.57392411 3.56942355 3.56492361 3.5604243  3.55592561
 3.55142754 3.54693009 3.54243327 3.53793707 3.53344149 3.52894654
 3.5244522  3.51995849 3.5154654  3.51097293 3.50648108 3.50198986
 3.49749925 3.49300927 3.4885199  3.48403116 3.47954303 3.47505553
 3.47056865 3.46608238 3.46159674 3.45711171 3.4526273  3.44814352
 3.44366035 3.4391778  3.43469587 3.43021456 3.42573386 3.42125378
 3.41677433 3.41229549 3.40781726 3.40333966 3.39886267 3.3943863
 3.38991054 3.3854354  3.38096088 3.37648697 3.37201369 3.36754101
 3.36306896 3.35859751 3.35412669 3.34965648 3.34518688 3.3407179
 3.33624954 3.33178179 3.32731465 3.32284813 3.31838222 3.31391693
 3.30945225 3.30498818 3.30052473 3.29606189 3.29159967 3.28713806
 3.28267706 3.27821667 3.2737569  3.26929774 3.26483919 3.26038125
 3.25592393 3.25146722 3.24701112 3.24255563 3.23810075 3.23364648
 3.22919283 3.22473978 3.22028735 3.21583553 3.21138431 3.20693371
 3.20248372 3.19803434 3.19358556 3.1891374  3.18468985 3.18024291
 3.17579657 3.17135085 3.16690573 3.16246122 3.15801732 3.15357403
 3.14913135 3.14468928 3.14024781 3.13580695 3.1313667  3.12692706
 3.12248802 3.11804959 3.11361177 3.10917456 3.10473795 3.10030195
 3.09586656 3.09143177 3.08699759 3.08256401 3.07813104 3.07369868
 3.06926692 3.06483577 3.06040522 3.05597528 3.05154594 3.04711721
 3.04268908 3.03826156 3.03383464 3.02940833 3.02498262 3.02055752
 3.01613301 3.01170912 3.00728582 3.00286313 2.99844105 2.99401956
 2.98959868 2.9851784  2.98075873 2.97633966 2.97192119 2.96750332
 2.96308605 2.95866939 2.95425333 2.94983787 2.94542301 2.94100876
 2.9365951  2.93218205 2.9277696  2.92335775 2.9189465  2.91453585
 2.9101258  2.90571635 2.9013075  2.89689926 2.89249161 2.88808456
 2.88367811 2.87927227 2.87486702 2.87046237 2.86605832 2.86165487
 2.85725202 2.85284977 2.84844811 2.84404706 2.8396466  2.83524675
 2.83084749 2.82644883 2.82205076 2.8176533  2.81325643 2.80886016
 2.80446449 2.80006942 2.79567494 2.79128106 2.78688778 2.78249509
 2.778103   2.77371151 2.76932062 2.76493032 2.76054062 2.75615151
 2.751763   2.74737509 2.74298777 2.73860105 2.73421492 2.72982939
 2.72544445 2.72106011 2.71667637 2.71229322 2.70791066 2.7035287
 2.69914734 2.69476657 2.69038639 2.68600681 2.68162783 2.67724944
 2.67287164 2.66849443 2.66411782 2.65974181 2.65536639 2.65099156
 2.64661732 2.64224368 2.63787063 2.63349818 2.62912631 2.62475505
 2.62038437 2.61601429 2.6116448  2.6072759  2.60290759 2.59853988
 2.59417276 2.58980623 2.5854403  2.58107496 2.5767102  2.57234604
 2.56798248 2.5636195  2.55925712 2.55489532 2.55053412 2.54617351
 2.5418135  2.53745407 2.53309523 2.52873699 2.52437933 2.52002227
 2.5156658  2.51130992 2.50695463 2.50259993 2.49824582 2.4938923
 2.48953937 2.48518703 2.48083528 2.47648412 2.47213356 2.46778358
 2.46343419 2.45908539 2.45473718 2.45038956 2.44604254 2.4416961
 2.43735025 2.43300499 2.42866032 2.42431623 2.41997274 2.41562984
 2.41128752 2.4069458  2.40260466 2.39826412 2.39392416 2.38958479
 2.38524601 2.38090782 2.37657022 2.3722332  2.36789678 2.36356094
 2.35922569 2.35489103 2.35055696 2.34622348 2.34189058 2.33755828
 2.33322656 2.32889543 2.32456489 2.32023494 2.31590557 2.31157679
 2.30724861 2.30292101 2.29859399 2.29426757 2.28994173 2.28561648
 2.28129182 2.27696775 2.27264426 2.26832137 2.26399906 2.25967734
 2.2553562  2.25103566 2.2467157  2.24239633 2.23807755 2.23375935
 2.22944175 2.22512473 2.2208083  2.21649245 2.2121772  2.20786253
 2.20354845 2.19923496 2.19492205 2.19060974 2.18629801 2.18198687
 2.17767631 2.17336635 2.16905697 2.16474818 2.16043998 2.15613236
 2.15182534 2.1475189  2.14321305 2.13890779 2.13460311 2.13029903
 2.12599553 2.12169262 2.1173903  2.11308856 2.10878742 2.10448686
 2.10018689 2.09588751 2.09158872 2.08729052 2.0829929  2.07869588
 2.07439944 2.07010359 2.06580833 2.06151366 2.05721958 2.05292609
 2.04863318 2.04434087 2.04004914 2.03575801 2.03146746 2.0271775
 2.02288814 2.01859936 2.01431117 2.01002357 2.00573656 2.00145015
 1.99716432 1.99287908 1.98859443 1.98431038 1.98002691 1.97574404
 1.97146175 1.96718006 1.96289895 1.95861844 1.95433852 1.9500592
 1.94578046 1.94150231 1.93722476 1.9329478  1.92867143 1.92439565
 1.92012047 1.91584588 1.91157188 1.90729848 1.90302566 1.89875345
 1.89448182 1.89021079 1.88594035 1.88167051 1.87740126 1.8731326
 1.86886455 1.86459708 1.86033021 1.85606394 1.85179826 1.84753317
 1.84326869 1.8390048  1.8347415  1.8304788  1.8262167  1.8219552
 1.81769429 1.81343399 1.80917428 1.80491516 1.80065665 1.79639874
 1.79214142 1.7878847  1.78362859 1.77937307 1.77511815 1.77086384
 1.76661012 1.76235701 1.7581045  1.75385258 1.74960128 1.74535057
 1.74110047 1.73685097 1.73260207 1.72835378 1.72410609 1.719859
 1.71561252 1.71136665 1.70712138 1.70287672 1.69863267 1.69438922
 1.69014638 1.68590414 1.68166252 1.6774215  1.6731811  1.6689413
 1.66470211 1.66046353 1.65622557 1.65198821 1.64775147 1.64351534
 1.63927982 1.63504492 1.63081063 1.62657696 1.6223439  1.61811145
 1.61387962 1.60964841 1.60541782 1.60118784 1.59695848 1.59272974
 1.58850162 1.58427412 1.58004725 1.57582099 1.57159536 1.56737034
 1.56314596 1.55892219 1.55469905 1.55047654 1.54625465 1.54203339
 1.53781276 1.53359275 1.52937338 1.52515463 1.52093652 1.51671904
 1.51250219 1.50828597 1.50407039 1.49985544 1.49564113 1.49142745
 1.48721441 1.48300201 1.47879025 1.47457913 1.47036865 1.46615881
 1.46194962 1.45774107 1.45353316 1.4493259  1.44511929 1.44091333
 1.43670801 1.43250335 1.42829933 1.42409597 1.41989326 1.41569121
 1.41148981 1.40728907 1.40308899 1.39888957 1.3946908  1.3904927
 1.38629527 1.38209849 1.37790239 1.37370695 1.36951218 1.36531808
 1.36112465 1.35693189 1.35273981 1.3485484  1.34435767 1.34016762
 1.33597825 1.33178956 1.32760155 1.32341423 1.3192276  1.31504165
 1.3108564  1.30667183 1.30248796 1.29830479 1.29412231 1.28994053
 1.28575945 1.28157908 1.2773994  1.27322044 1.26904219 1.26486464
 1.26068781 1.25651169 1.25233629 1.24816161 1.24398765 1.23981441
 1.2356419  1.23147012 1.22729907 1.22312875 1.21895917 1.21479033
 1.21062222 1.20645486 1.20228824 1.19812238 1.19395726 1.1897929
 1.18562929 1.18146645 1.17730436 1.17314305 1.1689825  1.16482272
 1.16066371 1.15650549 1.15234804 1.14819138 1.14403551 1.13988042
 1.13572614 1.13157265 1.12741996 1.12326808 1.119117   1.11496674
 1.1108173  1.10666867 1.10252087 1.0983739  1.09422776 1.09008246
 1.085938   1.08179439 1.07765163 1.07350972 1.06936867 1.06522848
 1.06108917 1.05695073 1.05281316 1.04867649 1.0445407  1.0404058
 1.03627181 1.03213872 1.02800655 1.02387529 1.01974495 1.01561554
 1.01148707 1.00735954 1.00323296 0.99910733 0.99498266 0.99085896
 0.98673623 0.98261449 0.97849373 0.97437397 0.97025522 0.96613747
 0.96202075 0.95790505 0.95379039 0.94967677 0.9455642  0.9414527
 0.93734226 0.9332329  0.92912463 0.92501746 0.9209114  0.91680645
 0.91270263 0.90859995 0.90449841 0.90039804 0.89629883 0.89220081
 0.88810398 0.88400836 0.87991395 0.87582077 0.87172883 0.86763815
 0.86354874 0.85946061 0.85537378 0.85128826 0.84720406 0.8431212
 0.8390397  0.83495957 0.83088083 0.82680349 0.82272758 0.8186531
 0.81458008 0.81050853 0.80643848 0.80236994 0.79830294 0.79423749
 0.79017361 0.78611132 0.78205066 0.77799163 0.77393427 0.7698786
 0.76582463 0.7617724  0.75772194 0.75367326 0.75103025 0.74698318
 0.74293795 0.73889459 0.73485314 0.73081362 0.72677606 0.7227405
 0.71870697 0.7146755  0.71064613 0.7066189  0.70259385 0.698571
 0.69455041 0.69053211 0.68651616 0.68250258 0.67849142 0.67448274
 0.67047658 0.66647299 0.66247203 0.65847373 0.65447817 0.65048539
 0.64649546 0.64250844 0.63852438 0.63454336 0.63056544 0.62659069
 0.62261918 0.61865099 0.6146862  0.61072488 0.60676712 0.602813
 0.59886261 0.59491605 0.59097342 0.58703481 0.58310032 0.57917007
 0.57524417 0.57132273 0.56740588 0.56349375 0.55958646 0.55568415
 0.55178697 0.54789506 0.54400859 0.54012771 0.53625259 0.53238342
 0.52852037 0.52466365 0.52081345 0.51696998 0.51313348 0.50930417
 0.50548229 0.50166811 0.49786189 0.49406391 0.49027448 0.4864939
 0.4827225  0.47896063 0.47520865 0.47146695 0.46773594 0.46401604
 0.4603077  0.4566114  0.45292766 0.449257   0.4456     0.44195725
 0.43832941 0.43471716 0.43112121 0.42754235 0.4239814  0.42043923
 0.4169168  0.4134151  0.40993522 0.40647831 0.40304562 0.39963849
 0.39625836 0.39290677 0.38958541 0.3862961  0.38304081 0.37982167
 0.37664101 0.37350136 0.3704055  0.36735645 0.36435755 0.36141243
 0.35852514 0.35570011 0.35294229 0.35025715 0.34765079 0.34513006
 0.34270261 0.34037708 0.33816324 0.33607217 0.33411652 0.33231081
 0.33067176 0.32921874 0.32797437 0.32696521]
t =  [1.04971504e+09 1.04971508e+09 1.04971512e+09 1.04971516e+09
 1.04971520e+09 1.04971524e+09 1.04971529e+09 1.04971533e+09
 1.04971537e+09 1.04971541e+09 1.04971545e+09 1.04971549e+09
 1.04971553e+09 1.04971557e+09 1.04971561e+09 1.04971566e+09
 1.04971570e+09 1.04971574e+09 1.04971578e+09 1.04971582e+09
 1.04971586e+09 1.04971590e+09 1.04971594e+09 1.04971598e+09
 1.04971603e+09 1.04971607e+09 1.04971611e+09 1.04971615e+09
 1.04971619e+09 1.04971623e+09 1.04971627e+09 1.04971631e+09
 1.04971635e+09 1.04971640e+09 1.04971644e+09 1.04971648e+09
 1.04971652e+09 1.04971656e+09 1.04971660e+09 1.04971664e+09
 1.04971668e+09 1.04971672e+09 1.04971676e+09 1.04971681e+09
 1.04971685e+09 1.04971689e+09 1.04971693e+09 1.04971697e+09
 1.04971701e+09 1.04971705e+09 1.04971709e+09 1.04971713e+09
 1.04971718e+09 1.04971722e+09 1.04971726e+09 1.04971730e+09
 1.04971734e+09 1.04971738e+09 1.04971742e+09 1.04971746e+09
 1.04971750e+09 1.04971755e+09 1.04971759e+09 1.04971763e+09
 1.04971767e+09 1.04971771e+09 1.04971775e+09 1.04971779e+09
 1.04971783e+09 1.04971787e+09 1.04971792e+09 1.04971796e+09
 1.04971800e+09 1.04971804e+09 1.04971808e+09 1.04971812e+09
 1.04971816e+09 1.04971820e+09 1.04971824e+09 1.04971829e+09
 1.04971833e+09 1.04971837e+09 1.04971841e+09 1.04971845e+09
 1.04971849e+09 1.04971853e+09 1.04971857e+09 1.04971861e+09
 1.04971865e+09 1.04971870e+09 1.04971874e+09 1.04971878e+09
 1.04971882e+09 1.04971886e+09 1.04971890e+09 1.04971894e+09
 1.04971898e+09 1.04971902e+09 1.04971907e+09 1.04971911e+09
 1.04971915e+09 1.04971919e+09 1.04971923e+09 1.04971927e+09
 1.04971931e+09 1.04971935e+09 1.04971939e+09 1.04971944e+09
 1.04971948e+09 1.04971952e+09 1.04971956e+09 1.04971960e+09
 1.04971964e+09 1.04971968e+09 1.04971972e+09 1.04971976e+09
 1.04971981e+09 1.04971985e+09 1.04971989e+09 1.04971993e+09
 1.04971997e+09 1.04972001e+09 1.04972005e+09 1.04972009e+09
 1.04972013e+09 1.04972018e+09 1.04972022e+09 1.04972026e+09
 1.04972030e+09 1.04972034e+09 1.04972038e+09 1.04972042e+09
 1.04972046e+09 1.04972050e+09 1.04972055e+09 1.04972059e+09
 1.04972063e+09 1.04972067e+09 1.04972071e+09 1.04972075e+09
 1.04972079e+09 1.04972083e+09 1.04972087e+09 1.04972091e+09
 1.04972096e+09 1.04972100e+09 1.04972104e+09 1.04972108e+09
 1.04972112e+09 1.04972116e+09 1.04972120e+09 1.04972124e+09
 1.04972128e+09 1.04972133e+09 1.04972137e+09 1.04972141e+09
 1.04972145e+09 1.04972149e+09 1.04972153e+09 1.04972157e+09
 1.04972161e+09 1.04972165e+09 1.04972170e+09 1.04972174e+09
 1.04972178e+09 1.04972182e+09 1.04972186e+09 1.04972190e+09
 1.04972194e+09 1.04972198e+09 1.04972202e+09 1.04972207e+09
 1.04972211e+09 1.04972215e+09 1.04972219e+09 1.04972223e+09
 1.04972227e+09 1.04972231e+09 1.04972235e+09 1.04972239e+09
 1.04972244e+09 1.04972248e+09 1.04972252e+09 1.04972256e+09
 1.04972260e+09 1.04972264e+09 1.04972268e+09 1.04972272e+09
 1.04972276e+09 1.04972280e+09 1.04972285e+09 1.04972289e+09
 1.04972293e+09 1.04972297e+09 1.04972301e+09 1.04972305e+09
 1.04972309e+09 1.04972313e+09 1.04972317e+09 1.04972322e+09
 1.04972326e+09 1.04972330e+09 1.04972334e+09 1.04972338e+09
 1.04972342e+09 1.04972346e+09 1.04972350e+09 1.04972354e+09
 1.04972359e+09 1.04972363e+09 1.04972367e+09 1.04972371e+09
 1.04972375e+09 1.04972379e+09 1.04972383e+09 1.04972387e+09
 1.04972391e+09 1.04972396e+09 1.04972400e+09 1.04972404e+09
 1.04972408e+09 1.04972412e+09 1.04972416e+09 1.04972420e+09
 1.04972424e+09 1.04972428e+09 1.04972433e+09 1.04972437e+09
 1.04972441e+09 1.04972445e+09 1.04972449e+09 1.04972453e+09
 1.04972457e+09 1.04972461e+09 1.04972465e+09 1.04972470e+09
 1.04972474e+09 1.04972478e+09 1.04972482e+09 1.04972486e+09
 1.04972490e+09 1.04972494e+09 1.04972498e+09 1.04972502e+09
 1.04972506e+09 1.04972511e+09 1.04972515e+09 1.04972519e+09
 1.04972523e+09 1.04972527e+09 1.04972531e+09 1.04972535e+09
 1.04972539e+09 1.04972543e+09 1.04972548e+09 1.04972552e+09
 1.04972556e+09 1.04972560e+09 1.04972564e+09 1.04972568e+09
 1.04972572e+09 1.04972576e+09 1.04972580e+09 1.04972585e+09
 1.04972589e+09 1.04972593e+09 1.04972597e+09 1.04972601e+09
 1.04972605e+09 1.04972609e+09 1.04972613e+09 1.04972617e+09
 1.04972622e+09 1.04972626e+09 1.04972630e+09 1.04972634e+09
 1.04972638e+09 1.04972642e+09 1.04972646e+09 1.04972650e+09
 1.04972654e+09 1.04972659e+09 1.04972663e+09 1.04972667e+09
 1.04972671e+09 1.04972675e+09 1.04972679e+09 1.04972683e+09
 1.04972687e+09 1.04972691e+09 1.04972695e+09 1.04972700e+09
 1.04972704e+09 1.04972708e+09 1.04972712e+09 1.04972716e+09
 1.04972720e+09 1.04972724e+09 1.04972728e+09 1.04972732e+09
 1.04972737e+09 1.04972741e+09 1.04972745e+09 1.04972749e+09
 1.04972753e+09 1.04972757e+09 1.04972761e+09 1.04972765e+09
 1.04972769e+09 1.04972774e+09 1.04972778e+09 1.04972782e+09
 1.04972786e+09 1.04972790e+09 1.04972794e+09 1.04972798e+09
 1.04972802e+09 1.04972806e+09 1.04972811e+09 1.04972815e+09
 1.04972819e+09 1.04972823e+09 1.04972827e+09 1.04972831e+09
 1.04972835e+09 1.04972839e+09 1.04972843e+09 1.04972848e+09
 1.04972852e+09 1.04972856e+09 1.04972860e+09 1.04972864e+09
 1.04972868e+09 1.04972872e+09 1.04972876e+09 1.04972880e+09
 1.04972884e+09 1.04972889e+09 1.04972893e+09 1.04972897e+09
 1.04972901e+09 1.04972905e+09 1.04972909e+09 1.04972913e+09
 1.04972917e+09 1.04972921e+09 1.04972926e+09 1.04972930e+09
 1.04972934e+09 1.04972938e+09 1.04972942e+09 1.04972946e+09
 1.04972950e+09 1.04972954e+09 1.04972958e+09 1.04972963e+09
 1.04972967e+09 1.04972971e+09 1.04972975e+09 1.04972979e+09
 1.04972983e+09 1.04972987e+09 1.04972991e+09 1.04972995e+09
 1.04973000e+09 1.04973004e+09 1.04973008e+09 1.04973012e+09
 1.04973016e+09 1.04973020e+09 1.04973024e+09 1.04973028e+09
 1.04973032e+09 1.04973037e+09 1.04973041e+09 1.04973045e+09
 1.04973049e+09 1.04973053e+09 1.04973057e+09 1.04973061e+09
 1.04973065e+09 1.04973069e+09 1.04973074e+09 1.04973078e+09
 1.04973082e+09 1.04973086e+09 1.04973090e+09 1.04973094e+09
 1.04973098e+09 1.04973102e+09 1.04973106e+09 1.04973110e+09
 1.04973115e+09 1.04973119e+09 1.04973123e+09 1.04973127e+09
 1.04973131e+09 1.04973135e+09 1.04973139e+09 1.04973143e+09
 1.04973147e+09 1.04973152e+09 1.04973156e+09 1.04973160e+09
 1.04973164e+09 1.04973168e+09 1.04973172e+09 1.04973176e+09
 1.04973180e+09 1.04973184e+09 1.04973189e+09 1.04973193e+09
 1.04973197e+09 1.04973201e+09 1.04973205e+09 1.04973209e+09
 1.04973213e+09 1.04973217e+09 1.04973221e+09 1.04973226e+09
 1.04973230e+09 1.04973234e+09 1.04973238e+09 1.04973242e+09
 1.04973246e+09 1.04973250e+09 1.04973254e+09 1.04973258e+09
 1.04973263e+09 1.04973267e+09 1.04973271e+09 1.04973275e+09
 1.04973279e+09 1.04973283e+09 1.04973287e+09 1.04973291e+09
 1.04973295e+09 1.04973299e+09 1.04973304e+09 1.04973308e+09
 1.04973312e+09 1.04973316e+09 1.04973320e+09 1.04973324e+09
 1.04973328e+09 1.04973332e+09 1.04973336e+09 1.04973341e+09
 1.04973345e+09 1.04973349e+09 1.04973353e+09 1.04973357e+09
 1.04973361e+09 1.04973365e+09 1.04973369e+09 1.04973373e+09
 1.04973378e+09 1.04973382e+09 1.04973386e+09 1.04973390e+09
 1.04973394e+09 1.04973398e+09 1.04973402e+09 1.04973406e+09
 1.04973410e+09 1.04973415e+09 1.04973419e+09 1.04973423e+09
 1.04973427e+09 1.04973431e+09 1.04973435e+09 1.04973439e+09
 1.04973443e+09 1.04973447e+09 1.04973452e+09 1.04973456e+09
 1.04973460e+09 1.04973464e+09 1.04973468e+09 1.04973472e+09
 1.04973476e+09 1.04973480e+09 1.04973484e+09 1.04973488e+09
 1.04973493e+09 1.04973497e+09 1.04973501e+09 1.04973505e+09
 1.04973509e+09 1.04973513e+09 1.04973517e+09 1.04973521e+09
 1.04973525e+09 1.04973530e+09 1.04973534e+09 1.04973538e+09
 1.04973542e+09 1.04973546e+09 1.04973550e+09 1.04973554e+09
 1.04973558e+09 1.04973562e+09 1.04973567e+09 1.04973571e+09
 1.04973575e+09 1.04973579e+09 1.04973583e+09 1.04973587e+09
 1.04973591e+09 1.04973595e+09 1.04973599e+09 1.04973604e+09
 1.04973608e+09 1.04973612e+09 1.04973616e+09 1.04973620e+09
 1.04973624e+09 1.04973628e+09 1.04973632e+09 1.04973636e+09
 1.04973641e+09 1.04973645e+09 1.04973649e+09 1.04973653e+09
 1.04973657e+09 1.04973661e+09 1.04973665e+09 1.04973669e+09
 1.04973673e+09 1.04973678e+09 1.04973682e+09 1.04973686e+09
 1.04973690e+09 1.04973694e+09 1.04973698e+09 1.04973702e+09
 1.04973706e+09 1.04973710e+09 1.04973714e+09 1.04973719e+09
 1.04973723e+09 1.04973727e+09 1.04973731e+09 1.04973735e+09
 1.04973739e+09 1.04973743e+09 1.04973747e+09 1.04973751e+09
 1.04973756e+09 1.04973760e+09 1.04973764e+09 1.04973768e+09
 1.04973772e+09 1.04973776e+09 1.04973780e+09 1.04973784e+09
 1.04973788e+09 1.04973793e+09 1.04973797e+09 1.04973801e+09
 1.04973805e+09 1.04973809e+09 1.04973813e+09 1.04973817e+09
 1.04973821e+09 1.04973825e+09 1.04973830e+09 1.04973834e+09
 1.04973838e+09 1.04973842e+09 1.04973846e+09 1.04973850e+09
 1.04973854e+09 1.04973858e+09 1.04973862e+09 1.04973867e+09
 1.04973871e+09 1.04973875e+09 1.04973879e+09 1.04973883e+09
 1.04973887e+09 1.04973891e+09 1.04973895e+09 1.04973899e+09
 1.04973903e+09 1.04973908e+09 1.04973912e+09 1.04973916e+09
 1.04973920e+09 1.04973924e+09 1.04973928e+09 1.04973932e+09
 1.04973936e+09 1.04973940e+09 1.04973945e+09 1.04973949e+09
 1.04973953e+09 1.04973957e+09 1.04973961e+09 1.04973965e+09
 1.04973969e+09 1.04973973e+09 1.04973977e+09 1.04973982e+09
 1.04973986e+09 1.04973990e+09 1.04973994e+09 1.04973998e+09
 1.04974002e+09 1.04974006e+09 1.04974010e+09 1.04974014e+09
 1.04974019e+09 1.04974023e+09 1.04974027e+09 1.04974031e+09
 1.04974035e+09 1.04974039e+09 1.04974043e+09 1.04974047e+09
 1.04974051e+09 1.04974056e+09 1.04974060e+09 1.04974064e+09
 1.04974068e+09 1.04974072e+09 1.04974076e+09 1.04974080e+09
 1.04974084e+09 1.04974088e+09 1.04974092e+09 1.04974097e+09
 1.04974101e+09 1.04974105e+09 1.04974109e+09 1.04974113e+09
 1.04974117e+09 1.04974121e+09 1.04974125e+09 1.04974129e+09
 1.04974134e+09 1.04974138e+09 1.04974142e+09 1.04974146e+09
 1.04974150e+09 1.04974154e+09 1.04974158e+09 1.04974162e+09
 1.04974166e+09 1.04974171e+09 1.04974175e+09 1.04974179e+09
 1.04974183e+09 1.04974187e+09 1.04974191e+09 1.04974195e+09
 1.04974199e+09 1.04974203e+09 1.04974208e+09 1.04974212e+09
 1.04974216e+09 1.04974220e+09 1.04974224e+09 1.04974228e+09
 1.04974232e+09 1.04974236e+09 1.04974240e+09 1.04974245e+09
 1.04974249e+09 1.04974253e+09 1.04974257e+09 1.04974261e+09
 1.04974265e+09 1.04974269e+09 1.04974273e+09 1.04974277e+09
 1.04974282e+09 1.04974286e+09 1.04974290e+09 1.04974294e+09
 1.04974298e+09 1.04974302e+09 1.04974306e+09 1.04974310e+09
 1.04974314e+09 1.04974318e+09 1.04974323e+09 1.04974327e+09
 1.04974331e+09 1.04974335e+09 1.04974339e+09 1.04974343e+09
 1.04974347e+09 1.04974351e+09 1.04974355e+09 1.04974360e+09
 1.04974364e+09 1.04974368e+09 1.04974372e+09 1.04974376e+09
 1.04974380e+09 1.04974384e+09 1.04974388e+09 1.04974392e+09
 1.04974397e+09 1.04974401e+09 1.04974405e+09 1.04974409e+09
 1.04974413e+09 1.04974417e+09 1.04974421e+09 1.04974425e+09
 1.04974429e+09 1.04974434e+09 1.04974438e+09 1.04974442e+09
 1.04974446e+09 1.04974450e+09 1.04974454e+09 1.04974458e+09
 1.04974462e+09 1.04974466e+09 1.04974471e+09 1.04974475e+09
 1.04974479e+09 1.04974483e+09 1.04974487e+09 1.04974491e+09
 1.04974495e+09 1.04974499e+09 1.04974503e+09 1.04974507e+09
 1.04974512e+09 1.04974516e+09 1.04974520e+09 1.04974524e+09
 1.04974528e+09 1.04974532e+09 1.04974536e+09 1.04974540e+09
 1.04974544e+09 1.04974549e+09 1.04974553e+09 1.04974557e+09
 1.04974561e+09 1.04974565e+09 1.04974569e+09 1.04974573e+09
 1.04974577e+09 1.04974581e+09 1.04974586e+09 1.04974590e+09
 1.04974594e+09 1.04974598e+09 1.04974602e+09 1.04974606e+09
 1.04974610e+09 1.04974614e+09 1.04974618e+09 1.04974623e+09
 1.04974627e+09 1.04974631e+09 1.04974635e+09 1.04974639e+09
 1.04974643e+09 1.04974647e+09 1.04974651e+09 1.04974655e+09
 1.04974660e+09 1.04974664e+09 1.04974668e+09 1.04974672e+09
 1.04974676e+09 1.04974680e+09 1.04974684e+09 1.04974688e+09
 1.04974692e+09 1.04974697e+09 1.04974701e+09 1.04974705e+09
 1.04974709e+09 1.04974713e+09 1.04974717e+09 1.04974721e+09
 1.04974725e+09 1.04974729e+09 1.04974733e+09 1.04974738e+09
 1.04974742e+09 1.04974746e+09 1.04974750e+09 1.04974754e+09
 1.04974758e+09 1.04974762e+09 1.04974766e+09 1.04974770e+09
 1.04974775e+09 1.04974779e+09 1.04974783e+09 1.04974787e+09
 1.04974791e+09 1.04974795e+09 1.04974799e+09 1.04974803e+09
 1.04974807e+09 1.04974812e+09 1.04974816e+09 1.04974820e+09
 1.04974824e+09 1.04974828e+09 1.04974832e+09 1.04974836e+09
 1.04974840e+09 1.04974844e+09 1.04974849e+09 1.04974853e+09
 1.04974857e+09 1.04974861e+09 1.04974865e+09 1.04974869e+09
 1.04974873e+09 1.04974877e+09 1.04974881e+09 1.04974886e+09
 1.04974890e+09 1.04974894e+09 1.04974898e+09 1.04974902e+09
 1.04974906e+09 1.04974910e+09 1.04974914e+09 1.04974918e+09
 1.04974922e+09 1.04974927e+09 1.04974931e+09 1.04974935e+09
 1.04974939e+09 1.04974943e+09 1.04974947e+09 1.04974951e+09
 1.04974955e+09 1.04974959e+09 1.04974964e+09 1.04974968e+09
 1.04974972e+09 1.04974976e+09 1.04974980e+09 1.04974984e+09
 1.04974988e+09 1.04974992e+09 1.04974996e+09 1.04975001e+09
 1.04975005e+09 1.04975009e+09 1.04975013e+09 1.04975017e+09
 1.04975021e+09 1.04975025e+09 1.04975029e+09 1.04975033e+09
 1.04975038e+09 1.04975042e+09 1.04975046e+09 1.04975050e+09
 1.04975054e+09 1.04975058e+09 1.04975062e+09 1.04975066e+09
 1.04975070e+09 1.04975075e+09 1.04975079e+09 1.04975083e+09
 1.04975087e+09 1.04975091e+09 1.04975095e+09 1.04975099e+09
 1.04975103e+09 1.04975107e+09 1.04975111e+09 1.04975116e+09
 1.04975120e+09 1.04975124e+09 1.04975128e+09 1.04975132e+09
 1.04975136e+09 1.04975140e+09 1.04975144e+09 1.04975148e+09
 1.04975153e+09 1.04975157e+09 1.04975161e+09 1.04975165e+09
 1.04975169e+09 1.04975173e+09 1.04975177e+09 1.04975181e+09
 1.04975185e+09 1.04975190e+09 1.04975194e+09 1.04975198e+09
 1.04975202e+09 1.04975206e+09 1.04975210e+09 1.04975214e+09
 1.04975218e+09 1.04975222e+09 1.04975227e+09 1.04975231e+09
 1.04975235e+09 1.04975239e+09 1.04975243e+09 1.04975247e+09
 1.04975251e+09 1.04975255e+09 1.04975259e+09 1.04975264e+09
 1.04975268e+09 1.04975272e+09 1.04975276e+09 1.04975280e+09
 1.04975284e+09 1.04975288e+09 1.04975292e+09 1.04975296e+09
 1.04975301e+09 1.04975305e+09 1.04975309e+09 1.04975313e+09
 1.04975317e+09 1.04975321e+09 1.04975325e+09 1.04975329e+09
 1.04975333e+09 1.04975337e+09 1.04975342e+09 1.04975346e+09
 1.04975350e+09 1.04975354e+09 1.04975358e+09 1.04975362e+09
 1.04975366e+09 1.04975370e+09 1.04975374e+09 1.04975379e+09
 1.04975383e+09 1.04975387e+09 1.04975391e+09 1.04975395e+09
 1.04975399e+09 1.04975403e+09 1.04975407e+09 1.04975411e+09
 1.04975416e+09 1.04975420e+09 1.04975424e+09 1.04975428e+09
 1.04975432e+09 1.04975436e+09 1.04975440e+09 1.04975444e+09
 1.04975448e+09 1.04975453e+09 1.04975457e+09 1.04975461e+09
 1.04975465e+09 1.04975469e+09 1.04975473e+09 1.04975477e+09
 1.04975481e+09 1.04975485e+09 1.04975490e+09 1.04975494e+09
 1.04975498e+09 1.04975502e+09 1.04975506e+09 1.04975510e+09
 1.04975514e+09 1.04975518e+09 1.04975522e+09 1.04975526e+09
 1.04975531e+09 1.04975535e+09 1.04975539e+09 1.04975543e+09
 1.04975547e+09 1.04975551e+09 1.04975555e+09 1.04975559e+09
 1.04975563e+09 1.04975568e+09 1.04975572e+09 1.04975576e+09
 1.04975580e+09 1.04975584e+09 1.04975588e+09 1.04975592e+09
 1.04975596e+09 1.04975600e+09 1.04975605e+09 1.04975609e+09]
minRes = 0.3269652058383643
minResTime =  [1.04975609e+09]
