name =JUICE_ROI_CAL_5_0_03
flyby =  ['2033 MAY 10 08:21:32', '2033 MAY 11 08:21:32']
Observation TW =  <SpiceCell dtype = 1, length = 0, size = 3200, card = 12, is_set = 1, adjust = 0, init = 1, base = 2554801769136, data = 2554801769184>
Res(t) =  [4.11613074 4.11187513 4.10761989 4.10336502 4.09911052 4.09485638
 4.09060262 4.08634922 4.08209619 4.07784352 4.07359123 4.0693393
 4.06508775 4.06083656 4.05658573 4.05233528 4.0480852  4.04383548
 4.03958613 4.03533715 4.03108854 4.0268403  4.02259243 4.01834492
 4.01409778 4.00985101 4.00560461 4.00135858 3.99711292 3.99286762
 3.9886227  3.98437814 3.98013395 3.97589013 3.97164668 3.96740359
 3.96316088 3.95891853 3.95467655 3.95043494 3.9461937  3.94195283
 3.93771233 3.93347219 3.92923243 3.92499303 3.920754   3.91651534
 3.91227705 3.90803913 3.90380158 3.89956439 3.89532758 3.89109113
 3.88685505 3.88261934 3.878384   3.87414903 3.86991443 3.8656802
 3.86144633 3.85721284 3.85297971 3.84874695 3.84451456 3.84028254
 3.83605089 3.83181961 3.8275887  3.82335815 3.81912798 3.81489817
 3.81066874 3.80643967 3.80221097 3.79798264 3.79375468 3.78952709
 3.78529987 3.78107302 3.77684653 3.77262042 3.76839467 3.7641693
 3.75994429 3.75571965 3.75149538 3.74727149 3.74304796 3.7388248
 3.734602   3.73037958 3.72615753 3.72193585 3.71771453 3.71349359
 3.70927301 3.70505281 3.70083297 3.6966135  3.69239441 3.68817568
 3.68395732 3.67973933 3.67552171 3.67130446 3.66708758 3.66287107
 3.65865493 3.65443915 3.65022375 3.64600872 3.64179405 3.63757976
 3.63336583 3.62915228 3.62493909 3.62072628 3.61651383 3.61230175
 3.60809005 3.60387871 3.59966774 3.59545714 3.59124692 3.58703706
 3.58282757 3.57861845 3.5744097  3.57020132 3.56599331 3.56178567
 3.5575784  3.5533715  3.54916497 3.54495881 3.54075302 3.5365476
 3.53234254 3.52813786 3.52393355 3.51972961 3.51552604 3.51132283
 3.50712    3.50291754 3.49871545 3.49451372 3.49031237 3.48611139
 3.48191078 3.47771053 3.47351066 3.46931116 3.46511203 3.46091326
 3.45671487 3.45251685 3.4483192  3.44412191 3.439925   3.43572846
 3.43153229 3.42733649 3.42314105 3.41894599 3.4147513  3.41055698
 3.40636303 3.40216945 3.39797623 3.39378339 3.38959092 3.38539882
 3.38120709 3.37701573 3.37282474 3.36863412 3.36444387 3.36025399
 3.35606449 3.35187535 3.34768658 3.34349818 3.33931015 3.3351225
 3.33093521 3.32674829 3.32256175 3.31837557 3.31418977 3.31000433
 3.30581927 3.30163457 3.29745025 3.2932663  3.28908271 3.2848995
 3.28071666 3.27653419 3.27235209 3.26817036 3.263989   3.25980801
 3.25562739 3.25144714 3.24726726 3.24308775 3.23890862 3.23472985
 3.23055145 3.22637343 3.22219577 3.21801849 3.21384158 3.20966503
 3.20548886 3.20131306 3.19713763 3.19296257 3.18878788 3.18461356
 3.18043961 3.17626603 3.17209283 3.16791999 3.16374752 3.15957543
 3.15540371 3.15123235 3.14706137 3.14289076 3.13872052 3.13455065
 3.13038115 3.12621202 3.12204326 3.11787487 3.11370686 3.10953921
 3.10537194 3.10120503 3.0970385  3.09287234 3.08870654 3.08454112
 3.08037607 3.0762114  3.07204709 3.06788315 3.06371959 3.05955639
 3.05539357 3.05123111 3.04706903 3.04290732 3.03874598 3.03458501
 3.03042441 3.02626418 3.02210433 3.01794484 3.01378573 3.00962698
 3.00546861 3.00131061 2.99715298 2.99299572 2.98883883 2.98468231
 2.98052617 2.97637039 2.97221499 2.96805996 2.96390529 2.959751
 2.95559708 2.95144354 2.94729036 2.94313755 2.93898512 2.93483305
 2.93068136 2.92653004 2.92237909 2.91822851 2.9140783  2.90992846
 2.905779   2.9016299  2.89748118 2.89333283 2.88918485 2.88503724
 2.88089    2.87674313 2.87259664 2.86845051 2.86430476 2.86015938
 2.85601437 2.85186973 2.84772546 2.84358157 2.83943804 2.83529489
 2.8311521  2.82700969 2.82286765 2.81872598 2.81458469 2.81044376
 2.80630321 2.80216302 2.79802321 2.79388377 2.7897447  2.78560601
 2.78146768 2.77732972 2.77319214 2.76905493 2.76491809 2.76078162
 2.75664552 2.7525098  2.74837444 2.74423946 2.74010485 2.73597061
 2.73183674 2.72770324 2.72357012 2.71943736 2.71530498 2.71117297
 2.70704133 2.70291006 2.69877917 2.69464864 2.69051849 2.68638871
 2.6822593  2.67813026 2.67400159 2.6698733  2.66574537 2.66161782
 2.65749064 2.65336383 2.64923739 2.64511133 2.64098564 2.63686031
 2.63273536 2.62861078 2.62448658 2.62036274 2.61623928 2.61211618
 2.60799346 2.60387112 2.59974914 2.59562753 2.5915063  2.58738544
 2.58326495 2.57914483 2.57502508 2.57090571 2.5667867  2.56266807
 2.55854981 2.55443192 2.55031441 2.54619726 2.54208049 2.53796409
 2.53384806 2.5297324  2.52561712 2.52150221 2.51738766 2.51327349
 2.5091597  2.50504627 2.50093322 2.49682053 2.49270822 2.48859628
 2.48448472 2.48037352 2.4762627  2.47215225 2.46804217 2.46393246
 2.45982312 2.45571416 2.45160557 2.44749735 2.4433895  2.43928203
 2.43517492 2.43106819 2.42696183 2.42285584 2.41875023 2.41464498
 2.41054011 2.40643561 2.40233148 2.39822773 2.39412434 2.39002133
 2.38591869 2.38181642 2.37771452 2.373613   2.36951185 2.36541107
 2.36131066 2.35721063 2.35311096 2.34901167 2.34491275 2.3408142
 2.33671603 2.33261822 2.32852079 2.32442373 2.32032705 2.31623073
 2.31213479 2.30803922 2.30394402 2.2998492  2.29575474 2.29166066
 2.28756695 2.28347361 2.27938065 2.27528805 2.27119583 2.26710398
 2.26301251 2.2589214  2.25483067 2.25074031 2.24665032 2.24256071
 2.23847147 2.2343826  2.2302941  2.22620597 2.22211822 2.21803084
 2.21394383 2.20985719 2.20577093 2.20168503 2.19759951 2.19351437
 2.18942959 2.18534519 2.18126116 2.1771775  2.17309421 2.1690113
 2.16492876 2.16084659 2.15676479 2.15268337 2.14860232 2.14452164
 2.14044133 2.1363614  2.13228184 2.12820265 2.12412383 2.12004539
 2.11596732 2.11188962 2.10781229 2.10373534 2.09965876 2.09558255
 2.09150671 2.08743125 2.08335616 2.07928144 2.07520709 2.07113312
 2.06705952 2.06298629 2.05891343 2.05484095 2.05076884 2.0466971
 2.04262574 2.03855474 2.03448412 2.03041388 2.026344   2.0222745
 2.01820537 2.01413662 2.01006823 2.00600022 2.00193258 1.99786532
 1.99379843 1.98973191 1.98566576 1.98159999 1.97753459 1.97346956
 1.9694049  1.96534062 1.96127671 1.95721318 1.95315001 1.94908722
 1.94502481 1.94096276 1.93690109 1.93283979 1.92877887 1.92471831
 1.92065813 1.91659833 1.91253889 1.90847983 1.90442115 1.90036283
 1.89630489 1.89224732 1.88819013 1.88413331 1.88007686 1.87602079
 1.87196508 1.86790976 1.8638548  1.85980022 1.85574601 1.85169217
 1.84763871 1.84358562 1.83953291 1.83548057 1.8314286  1.827377
 1.82332578 1.81927493 1.81522446 1.81117436 1.80712463 1.80307528
 1.7990263  1.79497769 1.79092946 1.7868816  1.78283411 1.778787
 1.77474026 1.7706939  1.76664791 1.76260229 1.75855705 1.75451218
 1.75046768 1.74642356 1.74237981 1.73833644 1.73429344 1.73025081
 1.72620856 1.72216668 1.71812518 1.71408405 1.7100433  1.70600291
 1.70196291 1.69792328 1.69388402 1.68984513 1.68580662 1.68176849
 1.67773073 1.67369334 1.66965633 1.66561969 1.66158343 1.65754754
 1.65351202 1.64947688 1.64544212 1.64140773 1.63737371 1.63334007
 1.62930681 1.62527392 1.6212414  1.61720926 1.61317749 1.6091461
 1.60511509 1.60108445 1.59705418 1.59302429 1.58899478 1.58496564
 1.58093687 1.57690848 1.57288047 1.56885283 1.56482557 1.56079868
 1.55677217 1.55274604 1.54872028 1.54469489 1.54066989 1.53664525
 1.532621   1.52859712 1.52457361 1.52055049 1.51652773 1.51250536
 1.50848336 1.50446174 1.50044049 1.49641962 1.49239913 1.48837901
 1.48435927 1.48033991 1.47632092 1.47230231 1.46828408 1.46426623
 1.46024875 1.45623165 1.45221493 1.44819858 1.44418261 1.44016702
 1.43615181 1.43213697 1.42812251 1.42410843 1.42009473 1.41608141
 1.41206846 1.4080559  1.40404371 1.4000319  1.39602047 1.39200941
 1.38799874 1.38398844 1.37997853 1.37596899 1.37195983 1.36795105
 1.36394265 1.35993463 1.35592699 1.35191973 1.34791285 1.34390635
 1.33990022 1.33589448 1.33188912 1.32788414 1.32387954 1.31987532
 1.31587149 1.31186803 1.30786495 1.30386226 1.29985994 1.29585801
 1.29185646 1.28785529 1.28385451 1.2798541  1.27585408 1.27185444
 1.26785519 1.26385631 1.25985782 1.25585971 1.25186199 1.24786465
 1.24386769 1.23987112 1.23587493 1.23187912 1.2278837  1.22388867
 1.21989402 1.21589975 1.21190587 1.20791238 1.20391927 1.19992654
 1.1959342  1.19194225 1.18795069 1.18395951 1.17996872 1.17597832
 1.1719883  1.16799867 1.16400943 1.16002058 1.15603212 1.15204405
 1.14805636 1.14406907 1.14008216 1.13609564 1.13210952 1.12812378
 1.12413844 1.12015349 1.11616893 1.11218476 1.10820098 1.1042176
 1.1002346  1.09625201 1.0922698  1.08828799 1.08430657 1.08032555
 1.07634493 1.07236469 1.06838486 1.06440542 1.06042638 1.05644773
 1.05246948 1.04849163 1.04451418 1.04053713 1.03656048 1.03258423
 1.02860837 1.02463292 1.02065787 1.01668322 1.01270897 1.00873513
 1.00476169 1.00078865 0.99681602 0.99284379 0.98887197 0.98490056
 0.98092955 0.97695895 0.97298876 0.96901897 0.9650496  0.96108063
 0.95711208 0.95314394 0.94917621 0.94520889 0.94124199 0.9372755
 0.93330943 0.92934377 0.92537853 0.92141371 0.9174493  0.91348532
 0.90952175 0.90555861 0.90159589 0.89763359 0.89367171 0.88971026
 0.88574924 0.88178864 0.87782847 0.87386873 0.86990942 0.86595054
 0.86199209 0.85803408 0.8540765  0.85011936 0.84616265 0.84220639
 0.83825056 0.83429517 0.83034023 0.82638573 0.82243167 0.81847806
 0.8145249  0.81057219 0.80661993 0.80266812 0.79871677 0.79476587
 0.79081543 0.78686545 0.78291593 0.77896688 0.77501829 0.77107016
 0.76712251 0.76317532 0.75922861 0.75528237 0.75133661 0.74739133
 0.74344653 0.73950222 0.73555839 0.73161505 0.7276722  0.72372984
 0.71978798 0.71584662 0.71190576 0.70796541 0.70402556 0.70008623
 0.6961474  0.6922091  0.68827131 0.68433405 0.68039731 0.67646111
 0.67252543 0.6685903  0.6646557  0.66072165 0.65678815 0.6528552
 0.64892281 0.64499098 0.64105972 0.63712902 0.63474889 0.63081784
 0.62688736 0.62295746 0.61902813 0.61509938 0.61117123 0.60724367
 0.6033167  0.59939035 0.5954646  0.59153947 0.58761496 0.58369108
 0.57976784 0.57584524 0.57192329 0.568002   0.56408137 0.56016142
 0.55624214 0.55232355 0.54840566 0.54448848 0.54057201 0.53665626
 0.53274125 0.52882698 0.52491346 0.52100071 0.51708873 0.51317754
 0.50926715 0.50535757 0.50144881 0.49754089 0.49363382 0.48972761
 0.48582228 0.48191784 0.47801432 0.47411171 0.47021005 0.46630935
 0.46240963 0.4585109  0.45461319 0.45071651 0.44682089 0.44292634
 0.4390329  0.43514059 0.43124942 0.42735943 0.42347064 0.41958307
 0.41569677 0.41181175 0.40792806 0.40404571 0.40016475 0.39628522
 0.39240714 0.38853056 0.38465552 0.38078206 0.37691023 0.37304007
 0.36917162 0.36530496 0.36144011 0.35757715 0.35371613 0.3498571
 0.34600015 0.34214533 0.33829272 0.33444238 0.33059441 0.32674888
 0.32290589 0.31906552 0.31522787 0.31139304 0.30756116 0.30373232
 0.29990665 0.29608428 0.29226536 0.28845001 0.2846384  0.2808307
 0.27702706 0.27322769 0.26943277 0.26564251 0.26185715 0.25807691
 0.25430205 0.25053285 0.2467696  0.24301261 0.23926222 0.23551878
 0.2317827  0.22805439 0.2243343  0.22062291 0.21692077 0.21322844
 0.20954654 0.20587575 0.2022168  0.1985705  0.19493772 0.19131942
 0.18771665 0.18413057 0.18056245 0.17701369 0.17348586 0.16998066
 0.16650002 0.16304607 0.15962121 0.15622812 0.15286982 0.14954971
 0.14627166 0.14304007 0.13985998 0.13673716 0.13367828 0.13069109
 0.12778461 0.12496948 0.12225824 0.11966587 0.1172104  0.11491371
 0.11280268 0.11091075 0.1092801  0.10796487 0.10703597 0.1065884
 0.10675327 0.10771795 0.10976234 0.1133292 ]
t =  [1.05259822e+09 1.05259826e+09 1.05259831e+09 1.05259835e+09
 1.05259839e+09 1.05259843e+09 1.05259848e+09 1.05259852e+09
 1.05259856e+09 1.05259860e+09 1.05259865e+09 1.05259869e+09
 1.05259873e+09 1.05259877e+09 1.05259882e+09 1.05259886e+09
 1.05259890e+09 1.05259894e+09 1.05259899e+09 1.05259903e+09
 1.05259907e+09 1.05259911e+09 1.05259916e+09 1.05259920e+09
 1.05259924e+09 1.05259928e+09 1.05259933e+09 1.05259937e+09
 1.05259941e+09 1.05259945e+09 1.05259950e+09 1.05259954e+09
 1.05259958e+09 1.05259962e+09 1.05259967e+09 1.05259971e+09
 1.05259975e+09 1.05259979e+09 1.05259983e+09 1.05259988e+09
 1.05259992e+09 1.05259996e+09 1.05260000e+09 1.05260005e+09
 1.05260009e+09 1.05260013e+09 1.05260017e+09 1.05260022e+09
 1.05260026e+09 1.05260030e+09 1.05260034e+09 1.05260039e+09
 1.05260043e+09 1.05260047e+09 1.05260051e+09 1.05260056e+09
 1.05260060e+09 1.05260064e+09 1.05260068e+09 1.05260073e+09
 1.05260077e+09 1.05260081e+09 1.05260085e+09 1.05260090e+09
 1.05260094e+09 1.05260098e+09 1.05260102e+09 1.05260107e+09
 1.05260111e+09 1.05260115e+09 1.05260119e+09 1.05260124e+09
 1.05260128e+09 1.05260132e+09 1.05260136e+09 1.05260141e+09
 1.05260145e+09 1.05260149e+09 1.05260153e+09 1.05260158e+09
 1.05260162e+09 1.05260166e+09 1.05260170e+09 1.05260175e+09
 1.05260179e+09 1.05260183e+09 1.05260187e+09 1.05260192e+09
 1.05260196e+09 1.05260200e+09 1.05260204e+09 1.05260209e+09
 1.05260213e+09 1.05260217e+09 1.05260221e+09 1.05260226e+09
 1.05260230e+09 1.05260234e+09 1.05260238e+09 1.05260243e+09
 1.05260247e+09 1.05260251e+09 1.05260255e+09 1.05260260e+09
 1.05260264e+09 1.05260268e+09 1.05260272e+09 1.05260277e+09
 1.05260281e+09 1.05260285e+09 1.05260289e+09 1.05260293e+09
 1.05260298e+09 1.05260302e+09 1.05260306e+09 1.05260310e+09
 1.05260315e+09 1.05260319e+09 1.05260323e+09 1.05260327e+09
 1.05260332e+09 1.05260336e+09 1.05260340e+09 1.05260344e+09
 1.05260349e+09 1.05260353e+09 1.05260357e+09 1.05260361e+09
 1.05260366e+09 1.05260370e+09 1.05260374e+09 1.05260378e+09
 1.05260383e+09 1.05260387e+09 1.05260391e+09 1.05260395e+09
 1.05260400e+09 1.05260404e+09 1.05260408e+09 1.05260412e+09
 1.05260417e+09 1.05260421e+09 1.05260425e+09 1.05260429e+09
 1.05260434e+09 1.05260438e+09 1.05260442e+09 1.05260446e+09
 1.05260451e+09 1.05260455e+09 1.05260459e+09 1.05260463e+09
 1.05260468e+09 1.05260472e+09 1.05260476e+09 1.05260480e+09
 1.05260485e+09 1.05260489e+09 1.05260493e+09 1.05260497e+09
 1.05260502e+09 1.05260506e+09 1.05260510e+09 1.05260514e+09
 1.05260519e+09 1.05260523e+09 1.05260527e+09 1.05260531e+09
 1.05260536e+09 1.05260540e+09 1.05260544e+09 1.05260548e+09
 1.05260553e+09 1.05260557e+09 1.05260561e+09 1.05260565e+09
 1.05260570e+09 1.05260574e+09 1.05260578e+09 1.05260582e+09
 1.05260587e+09 1.05260591e+09 1.05260595e+09 1.05260599e+09
 1.05260603e+09 1.05260608e+09 1.05260612e+09 1.05260616e+09
 1.05260620e+09 1.05260625e+09 1.05260629e+09 1.05260633e+09
 1.05260637e+09 1.05260642e+09 1.05260646e+09 1.05260650e+09
 1.05260654e+09 1.05260659e+09 1.05260663e+09 1.05260667e+09
 1.05260671e+09 1.05260676e+09 1.05260680e+09 1.05260684e+09
 1.05260688e+09 1.05260693e+09 1.05260697e+09 1.05260701e+09
 1.05260705e+09 1.05260710e+09 1.05260714e+09 1.05260718e+09
 1.05260722e+09 1.05260727e+09 1.05260731e+09 1.05260735e+09
 1.05260739e+09 1.05260744e+09 1.05260748e+09 1.05260752e+09
 1.05260756e+09 1.05260761e+09 1.05260765e+09 1.05260769e+09
 1.05260773e+09 1.05260778e+09 1.05260782e+09 1.05260786e+09
 1.05260790e+09 1.05260795e+09 1.05260799e+09 1.05260803e+09
 1.05260807e+09 1.05260812e+09 1.05260816e+09 1.05260820e+09
 1.05260824e+09 1.05260829e+09 1.05260833e+09 1.05260837e+09
 1.05260841e+09 1.05260846e+09 1.05260850e+09 1.05260854e+09
 1.05260858e+09 1.05260863e+09 1.05260867e+09 1.05260871e+09
 1.05260875e+09 1.05260880e+09 1.05260884e+09 1.05260888e+09
 1.05260892e+09 1.05260897e+09 1.05260901e+09 1.05260905e+09
 1.05260909e+09 1.05260914e+09 1.05260918e+09 1.05260922e+09
 1.05260926e+09 1.05260930e+09 1.05260935e+09 1.05260939e+09
 1.05260943e+09 1.05260947e+09 1.05260952e+09 1.05260956e+09
 1.05260960e+09 1.05260964e+09 1.05260969e+09 1.05260973e+09
 1.05260977e+09 1.05260981e+09 1.05260986e+09 1.05260990e+09
 1.05260994e+09 1.05260998e+09 1.05261003e+09 1.05261007e+09
 1.05261011e+09 1.05261015e+09 1.05261020e+09 1.05261024e+09
 1.05261028e+09 1.05261032e+09 1.05261037e+09 1.05261041e+09
 1.05261045e+09 1.05261049e+09 1.05261054e+09 1.05261058e+09
 1.05261062e+09 1.05261066e+09 1.05261071e+09 1.05261075e+09
 1.05261079e+09 1.05261083e+09 1.05261088e+09 1.05261092e+09
 1.05261096e+09 1.05261100e+09 1.05261105e+09 1.05261109e+09
 1.05261113e+09 1.05261117e+09 1.05261122e+09 1.05261126e+09
 1.05261130e+09 1.05261134e+09 1.05261139e+09 1.05261143e+09
 1.05261147e+09 1.05261151e+09 1.05261156e+09 1.05261160e+09
 1.05261164e+09 1.05261168e+09 1.05261173e+09 1.05261177e+09
 1.05261181e+09 1.05261185e+09 1.05261190e+09 1.05261194e+09
 1.05261198e+09 1.05261202e+09 1.05261207e+09 1.05261211e+09
 1.05261215e+09 1.05261219e+09 1.05261224e+09 1.05261228e+09
 1.05261232e+09 1.05261236e+09 1.05261240e+09 1.05261245e+09
 1.05261249e+09 1.05261253e+09 1.05261257e+09 1.05261262e+09
 1.05261266e+09 1.05261270e+09 1.05261274e+09 1.05261279e+09
 1.05261283e+09 1.05261287e+09 1.05261291e+09 1.05261296e+09
 1.05261300e+09 1.05261304e+09 1.05261308e+09 1.05261313e+09
 1.05261317e+09 1.05261321e+09 1.05261325e+09 1.05261330e+09
 1.05261334e+09 1.05261338e+09 1.05261342e+09 1.05261347e+09
 1.05261351e+09 1.05261355e+09 1.05261359e+09 1.05261364e+09
 1.05261368e+09 1.05261372e+09 1.05261376e+09 1.05261381e+09
 1.05261385e+09 1.05261389e+09 1.05261393e+09 1.05261398e+09
 1.05261402e+09 1.05261406e+09 1.05261410e+09 1.05261415e+09
 1.05261419e+09 1.05261423e+09 1.05261427e+09 1.05261432e+09
 1.05261436e+09 1.05261440e+09 1.05261444e+09 1.05261449e+09
 1.05261453e+09 1.05261457e+09 1.05261461e+09 1.05261466e+09
 1.05261470e+09 1.05261474e+09 1.05261478e+09 1.05261483e+09
 1.05261487e+09 1.05261491e+09 1.05261495e+09 1.05261500e+09
 1.05261504e+09 1.05261508e+09 1.05261512e+09 1.05261517e+09
 1.05261521e+09 1.05261525e+09 1.05261529e+09 1.05261534e+09
 1.05261538e+09 1.05261542e+09 1.05261546e+09 1.05261550e+09
 1.05261555e+09 1.05261559e+09 1.05261563e+09 1.05261567e+09
 1.05261572e+09 1.05261576e+09 1.05261580e+09 1.05261584e+09
 1.05261589e+09 1.05261593e+09 1.05261597e+09 1.05261601e+09
 1.05261606e+09 1.05261610e+09 1.05261614e+09 1.05261618e+09
 1.05261623e+09 1.05261627e+09 1.05261631e+09 1.05261635e+09
 1.05261640e+09 1.05261644e+09 1.05261648e+09 1.05261652e+09
 1.05261657e+09 1.05261661e+09 1.05261665e+09 1.05261669e+09
 1.05261674e+09 1.05261678e+09 1.05261682e+09 1.05261686e+09
 1.05261691e+09 1.05261695e+09 1.05261699e+09 1.05261703e+09
 1.05261708e+09 1.05261712e+09 1.05261716e+09 1.05261720e+09
 1.05261725e+09 1.05261729e+09 1.05261733e+09 1.05261737e+09
 1.05261742e+09 1.05261746e+09 1.05261750e+09 1.05261754e+09
 1.05261759e+09 1.05261763e+09 1.05261767e+09 1.05261771e+09
 1.05261776e+09 1.05261780e+09 1.05261784e+09 1.05261788e+09
 1.05261793e+09 1.05261797e+09 1.05261801e+09 1.05261805e+09
 1.05261810e+09 1.05261814e+09 1.05261818e+09 1.05261822e+09
 1.05261827e+09 1.05261831e+09 1.05261835e+09 1.05261839e+09
 1.05261844e+09 1.05261848e+09 1.05261852e+09 1.05261856e+09
 1.05261860e+09 1.05261865e+09 1.05261869e+09 1.05261873e+09
 1.05261877e+09 1.05261882e+09 1.05261886e+09 1.05261890e+09
 1.05261894e+09 1.05261899e+09 1.05261903e+09 1.05261907e+09
 1.05261911e+09 1.05261916e+09 1.05261920e+09 1.05261924e+09
 1.05261928e+09 1.05261933e+09 1.05261937e+09 1.05261941e+09
 1.05261945e+09 1.05261950e+09 1.05261954e+09 1.05261958e+09
 1.05261962e+09 1.05261967e+09 1.05261971e+09 1.05261975e+09
 1.05261979e+09 1.05261984e+09 1.05261988e+09 1.05261992e+09
 1.05261996e+09 1.05262001e+09 1.05262005e+09 1.05262009e+09
 1.05262013e+09 1.05262018e+09 1.05262022e+09 1.05262026e+09
 1.05262030e+09 1.05262035e+09 1.05262039e+09 1.05262043e+09
 1.05262047e+09 1.05262052e+09 1.05262056e+09 1.05262060e+09
 1.05262064e+09 1.05262069e+09 1.05262073e+09 1.05262077e+09
 1.05262081e+09 1.05262086e+09 1.05262090e+09 1.05262094e+09
 1.05262098e+09 1.05262103e+09 1.05262107e+09 1.05262111e+09
 1.05262115e+09 1.05262120e+09 1.05262124e+09 1.05262128e+09
 1.05262132e+09 1.05262137e+09 1.05262141e+09 1.05262145e+09
 1.05262149e+09 1.05262154e+09 1.05262158e+09 1.05262162e+09
 1.05262166e+09 1.05262171e+09 1.05262175e+09 1.05262179e+09
 1.05262183e+09 1.05262187e+09 1.05262192e+09 1.05262196e+09
 1.05262200e+09 1.05262204e+09 1.05262209e+09 1.05262213e+09
 1.05262217e+09 1.05262221e+09 1.05262226e+09 1.05262230e+09
 1.05262234e+09 1.05262238e+09 1.05262243e+09 1.05262247e+09
 1.05262251e+09 1.05262255e+09 1.05262260e+09 1.05262264e+09
 1.05262268e+09 1.05262272e+09 1.05262277e+09 1.05262281e+09
 1.05262285e+09 1.05262289e+09 1.05262294e+09 1.05262298e+09
 1.05262302e+09 1.05262306e+09 1.05262311e+09 1.05262315e+09
 1.05262319e+09 1.05262323e+09 1.05262328e+09 1.05262332e+09
 1.05262336e+09 1.05262340e+09 1.05262345e+09 1.05262349e+09
 1.05262353e+09 1.05262357e+09 1.05262362e+09 1.05262366e+09
 1.05262370e+09 1.05262374e+09 1.05262379e+09 1.05262383e+09
 1.05262387e+09 1.05262391e+09 1.05262396e+09 1.05262400e+09
 1.05262404e+09 1.05262408e+09 1.05262413e+09 1.05262417e+09
 1.05262421e+09 1.05262425e+09 1.05262430e+09 1.05262434e+09
 1.05262438e+09 1.05262442e+09 1.05262447e+09 1.05262451e+09
 1.05262455e+09 1.05262459e+09 1.05262464e+09 1.05262468e+09
 1.05262472e+09 1.05262476e+09 1.05262481e+09 1.05262485e+09
 1.05262489e+09 1.05262493e+09 1.05262497e+09 1.05262502e+09
 1.05262506e+09 1.05262510e+09 1.05262514e+09 1.05262519e+09
 1.05262523e+09 1.05262527e+09 1.05262531e+09 1.05262536e+09
 1.05262540e+09 1.05262544e+09 1.05262548e+09 1.05262553e+09
 1.05262557e+09 1.05262561e+09 1.05262565e+09 1.05262570e+09
 1.05262574e+09 1.05262578e+09 1.05262582e+09 1.05262587e+09
 1.05262591e+09 1.05262595e+09 1.05262599e+09 1.05262604e+09
 1.05262608e+09 1.05262612e+09 1.05262616e+09 1.05262621e+09
 1.05262625e+09 1.05262629e+09 1.05262633e+09 1.05262638e+09
 1.05262642e+09 1.05262646e+09 1.05262650e+09 1.05262655e+09
 1.05262659e+09 1.05262663e+09 1.05262667e+09 1.05262672e+09
 1.05262676e+09 1.05262680e+09 1.05262684e+09 1.05262689e+09
 1.05262693e+09 1.05262697e+09 1.05262701e+09 1.05262706e+09
 1.05262710e+09 1.05262714e+09 1.05262718e+09 1.05262723e+09
 1.05262727e+09 1.05262731e+09 1.05262735e+09 1.05262740e+09
 1.05262744e+09 1.05262748e+09 1.05262752e+09 1.05262757e+09
 1.05262761e+09 1.05262765e+09 1.05262769e+09 1.05262774e+09
 1.05262778e+09 1.05262782e+09 1.05262786e+09 1.05262791e+09
 1.05262795e+09 1.05262799e+09 1.05262803e+09 1.05262807e+09
 1.05262812e+09 1.05262816e+09 1.05262820e+09 1.05262824e+09
 1.05262829e+09 1.05262833e+09 1.05262837e+09 1.05262841e+09
 1.05262846e+09 1.05262850e+09 1.05262854e+09 1.05262858e+09
 1.05262863e+09 1.05262867e+09 1.05262871e+09 1.05262875e+09
 1.05262880e+09 1.05262884e+09 1.05262888e+09 1.05262892e+09
 1.05262897e+09 1.05262901e+09 1.05262905e+09 1.05262909e+09
 1.05262914e+09 1.05262918e+09 1.05262922e+09 1.05262926e+09
 1.05262931e+09 1.05262935e+09 1.05262939e+09 1.05262943e+09
 1.05262948e+09 1.05262952e+09 1.05262956e+09 1.05262960e+09
 1.05262965e+09 1.05262969e+09 1.05262973e+09 1.05262977e+09
 1.05262982e+09 1.05262986e+09 1.05262990e+09 1.05262994e+09
 1.05262999e+09 1.05263003e+09 1.05263007e+09 1.05263011e+09
 1.05263016e+09 1.05263020e+09 1.05263024e+09 1.05263028e+09
 1.05263033e+09 1.05263037e+09 1.05263041e+09 1.05263045e+09
 1.05263050e+09 1.05263054e+09 1.05263058e+09 1.05263062e+09
 1.05263067e+09 1.05263071e+09 1.05263075e+09 1.05263079e+09
 1.05263084e+09 1.05263088e+09 1.05263092e+09 1.05263096e+09
 1.05263101e+09 1.05263105e+09 1.05263109e+09 1.05263113e+09
 1.05263117e+09 1.05263122e+09 1.05263126e+09 1.05263130e+09
 1.05263134e+09 1.05263139e+09 1.05263143e+09 1.05263147e+09
 1.05263151e+09 1.05263156e+09 1.05263160e+09 1.05263164e+09
 1.05263168e+09 1.05263173e+09 1.05263177e+09 1.05263181e+09
 1.05263185e+09 1.05263190e+09 1.05263194e+09 1.05263198e+09
 1.05263202e+09 1.05263207e+09 1.05263211e+09 1.05263215e+09
 1.05263219e+09 1.05263224e+09 1.05263228e+09 1.05263232e+09
 1.05263236e+09 1.05263241e+09 1.05263245e+09 1.05263249e+09
 1.05263253e+09 1.05263258e+09 1.05263262e+09 1.05263266e+09
 1.05263270e+09 1.05263275e+09 1.05263279e+09 1.05263283e+09
 1.05263287e+09 1.05263292e+09 1.05263296e+09 1.05263300e+09
 1.05263304e+09 1.05263309e+09 1.05263313e+09 1.05263317e+09
 1.05263321e+09 1.05263326e+09 1.05263330e+09 1.05263334e+09
 1.05263338e+09 1.05263343e+09 1.05263347e+09 1.05263351e+09
 1.05263355e+09 1.05263360e+09 1.05263364e+09 1.05263368e+09
 1.05263372e+09 1.05263377e+09 1.05263381e+09 1.05263385e+09
 1.05263389e+09 1.05263394e+09 1.05263398e+09 1.05263402e+09
 1.05263406e+09 1.05263411e+09 1.05263415e+09 1.05263419e+09
 1.05263423e+09 1.05263428e+09 1.05263432e+09 1.05263436e+09
 1.05263440e+09 1.05263444e+09 1.05263449e+09 1.05263453e+09
 1.05263457e+09 1.05263461e+09 1.05263466e+09 1.05263470e+09
 1.05263474e+09 1.05263478e+09 1.05263483e+09 1.05263487e+09
 1.05263491e+09 1.05263495e+09 1.05263500e+09 1.05263504e+09
 1.05263508e+09 1.05263512e+09 1.05263517e+09 1.05263521e+09
 1.05263525e+09 1.05263529e+09 1.05263534e+09 1.05263538e+09
 1.05263542e+09 1.05263546e+09 1.05263551e+09 1.05263555e+09
 1.05263559e+09 1.05263563e+09 1.05263568e+09 1.05263572e+09
 1.05263576e+09 1.05263580e+09 1.05263585e+09 1.05263589e+09
 1.05263593e+09 1.05263597e+09 1.05263602e+09 1.05263606e+09
 1.05263610e+09 1.05263614e+09 1.05263619e+09 1.05263623e+09
 1.05263627e+09 1.05263631e+09 1.05263636e+09 1.05263640e+09
 1.05263644e+09 1.05263648e+09 1.05263653e+09 1.05263657e+09
 1.05263661e+09 1.05263665e+09 1.05263670e+09 1.05263674e+09
 1.05263678e+09 1.05263682e+09 1.05263687e+09 1.05263691e+09
 1.05263695e+09 1.05263699e+09 1.05263704e+09 1.05263708e+09
 1.05263712e+09 1.05263716e+09 1.05263721e+09 1.05263725e+09
 1.05263729e+09 1.05263733e+09 1.05263738e+09 1.05263742e+09
 1.05263746e+09 1.05263750e+09 1.05263754e+09 1.05263759e+09
 1.05263763e+09 1.05263767e+09 1.05263771e+09 1.05263776e+09
 1.05263780e+09 1.05263784e+09 1.05263788e+09 1.05263793e+09
 1.05263797e+09 1.05263801e+09 1.05263805e+09 1.05263810e+09
 1.05263814e+09 1.05263818e+09 1.05263822e+09 1.05263827e+09
 1.05263831e+09 1.05263835e+09 1.05263839e+09 1.05263844e+09
 1.05263848e+09 1.05263852e+09 1.05263856e+09 1.05263861e+09
 1.05263865e+09 1.05263869e+09 1.05263873e+09 1.05263878e+09
 1.05263882e+09 1.05263886e+09 1.05263890e+09 1.05263895e+09
 1.05263899e+09 1.05263903e+09 1.05263907e+09 1.05263912e+09
 1.05263916e+09 1.05263920e+09 1.05263924e+09 1.05263929e+09
 1.05263933e+09 1.05263937e+09 1.05263941e+09 1.05263946e+09
 1.05263950e+09 1.05263954e+09 1.05263958e+09 1.05263963e+09
 1.05263967e+09 1.05263971e+09 1.05263975e+09 1.05263980e+09
 1.05263984e+09 1.05263988e+09 1.05263992e+09 1.05263997e+09
 1.05264001e+09 1.05264005e+09 1.05264009e+09 1.05264014e+09
 1.05264018e+09 1.05264022e+09 1.05264026e+09 1.05264031e+09
 1.05264035e+09 1.05264039e+09 1.05264043e+09 1.05264048e+09
 1.05264052e+09 1.05264056e+09 1.05264060e+09 1.05264064e+09]
minRes = 0.10658839982377341
minResTime =  [1.05264048e+09]
