name =JUICE_ROI_CAL_6_1_03
flyby =  ['2032 OCT 30 14:21:22', '2032 OCT 31 14:21:22']
Observation TW =  <SpiceCell dtype = 1, length = 0, size = 3000, card = 10, is_set = 1, adjust = 0, init = 1, base = 2554806620192, data = 2554806620240>
Res(t) =  [3.23666303 3.23354711 3.23043116 3.22731517 3.22419915 3.22108309
 3.217967   3.21485087 3.21173471 3.20861852 3.20550228 3.20238602
 3.19926971 3.19615337 3.19303699 3.18992058 3.18680413 3.18368764
 3.18057111 3.17745454 3.17433793 3.17122129 3.16810461 3.16498788
 3.16187112 3.15875432 3.15563748 3.15252059 3.14940367 3.1462867
 3.14316969 3.14005264 3.13693555 3.13381842 3.13070124 3.12758402
 3.12446676 3.12134945 3.1182321  3.1151147  3.11199726 3.10887978
 3.10576225 3.10264468 3.09952706 3.09640939 3.09329168 3.09017392
 3.08705611 3.08393826 3.08082036 3.07770241 3.07458441 3.07146637
 3.06834828 3.06523014 3.06211194 3.0589937  3.05587541 3.05275707
 3.04963868 3.04652024 3.04340175 3.04028321 3.03716461 3.03404596
 3.03092727 3.02780851 3.02468971 3.02157085 3.01845194 3.01533298
 3.01221396 3.00909489 3.00597577 3.00285659 2.99973735 2.99661806
 2.99349871 2.99037931 2.98725985 2.98414034 2.98102077 2.97790114
 2.97478145 2.97166171 2.96854191 2.96542205 2.96230213 2.95918215
 2.95606212 2.95294202 2.94982187 2.94670165 2.94358138 2.94046104
 2.93734065 2.93422019 2.93109967 2.92797909 2.92485845 2.92173774
 2.91861698 2.91549615 2.91237526 2.9092543  2.90613328 2.9030122
 2.89989105 2.89676984 2.89364856 2.89052722 2.88740581 2.88428433
 2.88116279 2.87804119 2.87491952 2.87179778 2.86867597 2.8655541
 2.86243215 2.85931014 2.85618807 2.85306592 2.8499437  2.84682142
 2.84369907 2.84057664 2.83745415 2.83433158 2.83120895 2.82808624
 2.82496347 2.82184062 2.8187177  2.81559471 2.81247164 2.80934851
 2.8062253  2.80310201 2.79997866 2.79685523 2.79373172 2.79060814
 2.78748449 2.78436076 2.78123696 2.77811308 2.77498912 2.77186509
 2.76874099 2.7656168  2.76249254 2.7593682  2.75624379 2.75311929
 2.74999472 2.74687007 2.74374534 2.74062054 2.73749565 2.73437069
 2.73124564 2.72812051 2.72499531 2.72187002 2.71874465 2.7156192
 2.71249367 2.70936806 2.70624237 2.70311659 2.69999073 2.69686479
 2.69373876 2.69061265 2.68748646 2.68436018 2.68123382 2.67810738
 2.67498084 2.67185423 2.66872753 2.66560074 2.66247386 2.6593469
 2.65621986 2.65309272 2.6499655  2.6468382  2.6437108  2.64058332
 2.63745574 2.63432808 2.63120033 2.62807249 2.62494456 2.62181654
 2.61868843 2.61556024 2.61243195 2.60930357 2.60617509 2.60304653
 2.59991787 2.59678913 2.59366029 2.59053136 2.58740233 2.58427321
 2.581144   2.57801469 2.57488529 2.5717558  2.56862621 2.56549653
 2.56236675 2.55923687 2.5561069  2.55297684 2.54984668 2.54671642
 2.54358606 2.54045561 2.53732506 2.53419441 2.53106366 2.52793282
 2.52480187 2.52167083 2.51853969 2.51540845 2.51227711 2.50914567
 2.50601413 2.50288248 2.49975074 2.4966189  2.49348695 2.49035491
 2.48722276 2.48409051 2.48095815 2.4778257  2.47469314 2.47156047
 2.46842771 2.46529484 2.46216186 2.45902878 2.4558956  2.45276231
 2.44962891 2.44649541 2.44336181 2.44022809 2.43709428 2.43396035
 2.43082632 2.42769218 2.42455793 2.42142357 2.41828911 2.41515453
 2.41201985 2.40888506 2.40575016 2.40261515 2.39948003 2.3963448
 2.39320946 2.39007401 2.38693845 2.38380278 2.38066699 2.3775311
 2.37439509 2.37125897 2.36812273 2.36498639 2.36184993 2.35871335
 2.35557666 2.35243986 2.34930295 2.34616592 2.34302877 2.33989151
 2.33675413 2.33361664 2.33047903 2.32734131 2.32420347 2.32106551
 2.31792743 2.31478924 2.31165093 2.3085125  2.30537395 2.30223529
 2.2990965  2.2959576  2.29281858 2.28967943 2.28654017 2.28340079
 2.28026128 2.27712166 2.27398191 2.27084205 2.26770206 2.26456195
 2.26142171 2.25828136 2.25514088 2.25200028 2.24885955 2.2457187
 2.24257773 2.23943664 2.23629541 2.23315407 2.2300126  2.226871
 2.22372928 2.22058743 2.21744546 2.21430336 2.21116113 2.20801878
 2.2048763  2.20173369 2.19859095 2.19544809 2.1923051  2.18916197
 2.18601872 2.18287534 2.17973184 2.1765882  2.17344443 2.17030053
 2.1671565  2.16401234 2.16086805 2.15772362 2.15457907 2.15143438
 2.14828956 2.14514461 2.14199953 2.13885431 2.13570896 2.13256347
 2.12941786 2.1262721  2.12312622 2.1199802  2.11683404 2.11368775
 2.11054132 2.10739476 2.10424806 2.10110122 2.09795425 2.09480714
 2.09165989 2.08851251 2.08536498 2.08221732 2.07906952 2.07592159
 2.07277351 2.0696253  2.06647694 2.06332845 2.06017981 2.05703104
 2.05388212 2.05073307 2.04758387 2.04443453 2.04128505 2.03813543
 2.03498567 2.03183576 2.02868571 2.02553552 2.02238518 2.0192347
 2.01608408 2.01293331 2.0097824  2.00663135 2.00348015 2.0003288
 1.99717731 1.99402567 1.99087389 1.98772196 1.98456988 1.98141766
 1.97826529 1.97511277 1.9719601  1.96880729 1.96565433 1.96250122
 1.95934796 1.95619455 1.953041   1.94988729 1.94673343 1.94357943
 1.94042527 1.93727096 1.93411651 1.9309619  1.92780714 1.92465222
 1.92149716 1.91834194 1.91518657 1.91203105 1.90887537 1.90571955
 1.90256356 1.89940743 1.89625114 1.89309469 1.88993809 1.88678134
 1.88362443 1.88046736 1.87731014 1.87415276 1.87099523 1.86783754
 1.86467969 1.86152169 1.85836353 1.85520521 1.85204673 1.84888809
 1.8457293  1.84257035 1.83941124 1.83625196 1.83309253 1.82993294
 1.82677319 1.82361328 1.82045321 1.81729298 1.81413258 1.81097203
 1.80781131 1.80465043 1.80148939 1.79832819 1.79516682 1.79200529
 1.7888436  1.78568175 1.78251973 1.77935754 1.77619519 1.77303268
 1.76987    1.76670716 1.76354415 1.76038098 1.75721764 1.75405413
 1.75089046 1.74772662 1.74456261 1.74139844 1.7382341  1.73506959
 1.73190491 1.72874006 1.72557505 1.72240987 1.71924451 1.71607899
 1.7129133  1.70974744 1.70658141 1.70341521 1.70024884 1.69708229
 1.69391558 1.69074869 1.68758163 1.6844144  1.681247   1.67807943
 1.67491168 1.67174376 1.66857567 1.6654074  1.66223896 1.65907034
 1.65590155 1.65273259 1.64956345 1.64639414 1.64322465 1.64005498
 1.63688514 1.63371513 1.63054493 1.62737456 1.62420402 1.62103329
 1.61786239 1.61469131 1.61152006 1.60834862 1.60517701 1.60200522
 1.59883325 1.59566109 1.59248877 1.58931626 1.58614357 1.5829707
 1.57979765 1.57662442 1.57345101 1.57027741 1.56710364 1.56392968
 1.56075555 1.55758123 1.55440672 1.55123204 1.54805717 1.54488212
 1.54170688 1.53853146 1.53535586 1.53218008 1.5290041  1.52582795
 1.52265161 1.51947508 1.51629837 1.51312147 1.50994439 1.50676712
 1.50358967 1.50041203 1.4972342  1.49405618 1.49087798 1.48769959
 1.48452101 1.48134224 1.47816329 1.47498414 1.47180481 1.46862529
 1.46544558 1.46226568 1.45908559 1.45590531 1.45272484 1.44954418
 1.44636332 1.44318228 1.44000105 1.43681962 1.43363801 1.4304562
 1.4272742  1.424092   1.42090962 1.41772704 1.41454427 1.4113613
 1.40817815 1.40499479 1.40181125 1.39862751 1.39544357 1.39225945
 1.38907512 1.3858906  1.38270589 1.37952098 1.37633588 1.37315057
 1.36996508 1.36677938 1.36359349 1.36040741 1.35722112 1.35403464
 1.35084796 1.34766108 1.34447401 1.34128674 1.33809927 1.3349116
 1.33172373 1.32853566 1.3253474  1.32215893 1.31897027 1.3157814
 1.31259234 1.30940307 1.3062136  1.30302394 1.29983407 1.296644
 1.29345373 1.29026326 1.28707259 1.28388172 1.28069064 1.27749936
 1.27430788 1.2711162  1.26792431 1.26473223 1.26153993 1.25834744
 1.25515474 1.25196184 1.24876873 1.24557542 1.24238191 1.23918819
 1.23599426 1.23280013 1.2296058  1.22641126 1.22321652 1.22002157
 1.21682641 1.21363105 1.21043549 1.20723971 1.20404374 1.20084755
 1.19765116 1.19445456 1.19125775 1.18806074 1.18486352 1.18166609
 1.17846846 1.17527061 1.17207256 1.1688743  1.16567584 1.16247716
 1.15927828 1.15607919 1.15287989 1.14968038 1.14648066 1.14328073
 1.14008059 1.13688025 1.13367969 1.13047893 1.12727795 1.12407677
 1.12087537 1.11767377 1.11447195 1.11126993 1.10806769 1.10486525
 1.10166259 1.09845973 1.09525665 1.09205336 1.08884986 1.08564615
 1.08244223 1.0792381  1.07603376 1.0728292  1.06962443 1.06641946
 1.06321427 1.06000887 1.05680326 1.05359743 1.0503914  1.04718515
 1.04397869 1.04077202 1.03756514 1.03435804 1.03115074 1.02794322
 1.02473549 1.02152755 1.01831939 1.01511103 1.01190245 1.00869366
 1.00548466 1.00227545 0.99906602 0.99585638 0.99264654 0.98943647
 0.9862262  0.98301572 0.97980502 0.97659411 0.97338299 0.97017166
 0.96696012 0.96374837 0.9605364  0.95732423 0.95411184 0.95089924
 0.94768643 0.94447341 0.94126018 0.93804674 0.93483309 0.93161923
 0.92840516 0.92519088 0.92197638 0.91876168 0.91554677 0.91233165
 0.90911632 0.90590079 0.90268504 0.89946909 0.89625292 0.89303655
 0.88981997 0.88660319 0.88338619 0.88016899 0.87695159 0.87373397
 0.87051616 0.86729813 0.8640799  0.86086146 0.85764282 0.85442398
 0.85120493 0.84798568 0.84476623 0.84154657 0.83832671 0.83510665
 0.83188638 0.82866592 0.82544525 0.82222439 0.81900332 0.81578206
 0.8125606  0.80933894 0.80611708 0.80289503 0.79967278 0.79645033
 0.79322769 0.79000486 0.78678183 0.78355861 0.78033519 0.77711159
 0.77388779 0.77066381 0.76743963 0.76421527 0.76099072 0.75776598
 0.75454106 0.75131595 0.74809066 0.74486519 0.74163953 0.73841369
 0.73518767 0.73196148 0.7287351  0.72550855 0.72228183 0.71905493
 0.71582785 0.71260061 0.70937319 0.70614561 0.70291785 0.69968993
 0.69646185 0.6932336  0.69000519 0.68677662 0.68354789 0.680319
 0.67708996 0.67386076 0.67063141 0.66740191 0.66417226 0.66094246
 0.65771252 0.65448243 0.65125221 0.64802184 0.64479134 0.64156071
 0.63832994 0.63509904 0.63186802 0.62863687 0.6254056  0.62217421
 0.6189427  0.61571107 0.61247934 0.60924749 0.60601554 0.60278349
 0.59955134 0.59631909 0.59308675 0.58985432 0.5866218  0.58293554
 0.57970151 0.57646739 0.57323319 0.56999891 0.56676455 0.56353011
 0.56029561 0.55706104 0.55382641 0.55059173 0.54735699 0.54412221
 0.54088738 0.53765252 0.53441763 0.53118271 0.52794777 0.52471281
 0.52147784 0.51824288 0.51500791 0.51177295 0.50853801 0.50530309
 0.5020682  0.49883334 0.49559853 0.49236377 0.48912907 0.48589444
 0.48265988 0.47942541 0.47619103 0.47295675 0.46972259 0.46648855
 0.46325464 0.46002087 0.45678726 0.45355381 0.45032054 0.44708746
 0.44385458 0.44062191 0.43738947 0.43415727 0.43092532 0.42769365
 0.42446226 0.42123117 0.41800041 0.41476997 0.41153989 0.40831018
 0.40508086 0.40185195 0.39862347 0.39539544 0.39216788 0.38894082
 0.38571428 0.38248829 0.37926287 0.37603805 0.37281385 0.36959031
 0.36636745 0.36314531 0.35992392 0.35670332 0.35348353 0.3502646
 0.34704657 0.34382947 0.34061336 0.33739827 0.33418424 0.33097134
 0.3277596  0.32454909 0.32133986 0.31813196 0.31492546 0.31172042
 0.3085169  0.30531499 0.30211475 0.29891626 0.2957196  0.29252486
 0.28933213 0.2861415  0.28295308 0.27976697 0.27658328 0.27340214
 0.27022366 0.26704797 0.26387523 0.26070557 0.25753915 0.25437615
 0.25121673 0.24806108 0.24490941 0.24176192 0.23861884 0.23548041
 0.2323469  0.22921857 0.22609572 0.22297866 0.21986774 0.21676331
 0.21366576 0.21057551 0.20749302 0.20441876 0.20135327 0.19829711
 0.1952509  0.1922153  0.18919104 0.1861789  0.18317976 0.18019454
 0.17722429 0.17427011 0.17133327 0.16841512 0.16551716 0.16264108
 0.15978873 0.15696215 0.15416367 0.15139585 0.14866159 0.14596416
 0.14330724 0.14069503 0.13813233 0.13562461 0.13317821 0.13080046
 0.12849989 0.12628655 0.12417227 0.12217119 0.12030028 0.11858015
 0.11703612 0.11569969 0.11461062 0.11381996 0.11339456 0.11342407
 0.11403208 0.11539497 0.11777526 0.12158537]
t =  [1.03603095e+09 1.03603099e+09 1.03603103e+09 1.03603107e+09
 1.03603111e+09 1.03603115e+09 1.03603118e+09 1.03603122e+09
 1.03603126e+09 1.03603130e+09 1.03603134e+09 1.03603138e+09
 1.03603142e+09 1.03603146e+09 1.03603149e+09 1.03603153e+09
 1.03603157e+09 1.03603161e+09 1.03603165e+09 1.03603169e+09
 1.03603173e+09 1.03603177e+09 1.03603180e+09 1.03603184e+09
 1.03603188e+09 1.03603192e+09 1.03603196e+09 1.03603200e+09
 1.03603204e+09 1.03603208e+09 1.03603212e+09 1.03603215e+09
 1.03603219e+09 1.03603223e+09 1.03603227e+09 1.03603231e+09
 1.03603235e+09 1.03603239e+09 1.03603243e+09 1.03603246e+09
 1.03603250e+09 1.03603254e+09 1.03603258e+09 1.03603262e+09
 1.03603266e+09 1.03603270e+09 1.03603274e+09 1.03603277e+09
 1.03603281e+09 1.03603285e+09 1.03603289e+09 1.03603293e+09
 1.03603297e+09 1.03603301e+09 1.03603305e+09 1.03603308e+09
 1.03603312e+09 1.03603316e+09 1.03603320e+09 1.03603324e+09
 1.03603328e+09 1.03603332e+09 1.03603336e+09 1.03603340e+09
 1.03603343e+09 1.03603347e+09 1.03603351e+09 1.03603355e+09
 1.03603359e+09 1.03603363e+09 1.03603367e+09 1.03603371e+09
 1.03603374e+09 1.03603378e+09 1.03603382e+09 1.03603386e+09
 1.03603390e+09 1.03603394e+09 1.03603398e+09 1.03603402e+09
 1.03603405e+09 1.03603409e+09 1.03603413e+09 1.03603417e+09
 1.03603421e+09 1.03603425e+09 1.03603429e+09 1.03603433e+09
 1.03603437e+09 1.03603440e+09 1.03603444e+09 1.03603448e+09
 1.03603452e+09 1.03603456e+09 1.03603460e+09 1.03603464e+09
 1.03603468e+09 1.03603471e+09 1.03603475e+09 1.03603479e+09
 1.03603483e+09 1.03603487e+09 1.03603491e+09 1.03603495e+09
 1.03603499e+09 1.03603502e+09 1.03603506e+09 1.03603510e+09
 1.03603514e+09 1.03603518e+09 1.03603522e+09 1.03603526e+09
 1.03603530e+09 1.03603534e+09 1.03603537e+09 1.03603541e+09
 1.03603545e+09 1.03603549e+09 1.03603553e+09 1.03603557e+09
 1.03603561e+09 1.03603565e+09 1.03603568e+09 1.03603572e+09
 1.03603576e+09 1.03603580e+09 1.03603584e+09 1.03603588e+09
 1.03603592e+09 1.03603596e+09 1.03603599e+09 1.03603603e+09
 1.03603607e+09 1.03603611e+09 1.03603615e+09 1.03603619e+09
 1.03603623e+09 1.03603627e+09 1.03603630e+09 1.03603634e+09
 1.03603638e+09 1.03603642e+09 1.03603646e+09 1.03603650e+09
 1.03603654e+09 1.03603658e+09 1.03603662e+09 1.03603665e+09
 1.03603669e+09 1.03603673e+09 1.03603677e+09 1.03603681e+09
 1.03603685e+09 1.03603689e+09 1.03603693e+09 1.03603696e+09
 1.03603700e+09 1.03603704e+09 1.03603708e+09 1.03603712e+09
 1.03603716e+09 1.03603720e+09 1.03603724e+09 1.03603727e+09
 1.03603731e+09 1.03603735e+09 1.03603739e+09 1.03603743e+09
 1.03603747e+09 1.03603751e+09 1.03603755e+09 1.03603759e+09
 1.03603762e+09 1.03603766e+09 1.03603770e+09 1.03603774e+09
 1.03603778e+09 1.03603782e+09 1.03603786e+09 1.03603790e+09
 1.03603793e+09 1.03603797e+09 1.03603801e+09 1.03603805e+09
 1.03603809e+09 1.03603813e+09 1.03603817e+09 1.03603821e+09
 1.03603824e+09 1.03603828e+09 1.03603832e+09 1.03603836e+09
 1.03603840e+09 1.03603844e+09 1.03603848e+09 1.03603852e+09
 1.03603856e+09 1.03603859e+09 1.03603863e+09 1.03603867e+09
 1.03603871e+09 1.03603875e+09 1.03603879e+09 1.03603883e+09
 1.03603887e+09 1.03603890e+09 1.03603894e+09 1.03603898e+09
 1.03603902e+09 1.03603906e+09 1.03603910e+09 1.03603914e+09
 1.03603918e+09 1.03603921e+09 1.03603925e+09 1.03603929e+09
 1.03603933e+09 1.03603937e+09 1.03603941e+09 1.03603945e+09
 1.03603949e+09 1.03603952e+09 1.03603956e+09 1.03603960e+09
 1.03603964e+09 1.03603968e+09 1.03603972e+09 1.03603976e+09
 1.03603980e+09 1.03603984e+09 1.03603987e+09 1.03603991e+09
 1.03603995e+09 1.03603999e+09 1.03604003e+09 1.03604007e+09
 1.03604011e+09 1.03604015e+09 1.03604018e+09 1.03604022e+09
 1.03604026e+09 1.03604030e+09 1.03604034e+09 1.03604038e+09
 1.03604042e+09 1.03604046e+09 1.03604049e+09 1.03604053e+09
 1.03604057e+09 1.03604061e+09 1.03604065e+09 1.03604069e+09
 1.03604073e+09 1.03604077e+09 1.03604081e+09 1.03604084e+09
 1.03604088e+09 1.03604092e+09 1.03604096e+09 1.03604100e+09
 1.03604104e+09 1.03604108e+09 1.03604112e+09 1.03604115e+09
 1.03604119e+09 1.03604123e+09 1.03604127e+09 1.03604131e+09
 1.03604135e+09 1.03604139e+09 1.03604143e+09 1.03604146e+09
 1.03604150e+09 1.03604154e+09 1.03604158e+09 1.03604162e+09
 1.03604166e+09 1.03604170e+09 1.03604174e+09 1.03604178e+09
 1.03604181e+09 1.03604185e+09 1.03604189e+09 1.03604193e+09
 1.03604197e+09 1.03604201e+09 1.03604205e+09 1.03604209e+09
 1.03604212e+09 1.03604216e+09 1.03604220e+09 1.03604224e+09
 1.03604228e+09 1.03604232e+09 1.03604236e+09 1.03604240e+09
 1.03604243e+09 1.03604247e+09 1.03604251e+09 1.03604255e+09
 1.03604259e+09 1.03604263e+09 1.03604267e+09 1.03604271e+09
 1.03604274e+09 1.03604278e+09 1.03604282e+09 1.03604286e+09
 1.03604290e+09 1.03604294e+09 1.03604298e+09 1.03604302e+09
 1.03604306e+09 1.03604309e+09 1.03604313e+09 1.03604317e+09
 1.03604321e+09 1.03604325e+09 1.03604329e+09 1.03604333e+09
 1.03604337e+09 1.03604340e+09 1.03604344e+09 1.03604348e+09
 1.03604352e+09 1.03604356e+09 1.03604360e+09 1.03604364e+09
 1.03604368e+09 1.03604371e+09 1.03604375e+09 1.03604379e+09
 1.03604383e+09 1.03604387e+09 1.03604391e+09 1.03604395e+09
 1.03604399e+09 1.03604403e+09 1.03604406e+09 1.03604410e+09
 1.03604414e+09 1.03604418e+09 1.03604422e+09 1.03604426e+09
 1.03604430e+09 1.03604434e+09 1.03604437e+09 1.03604441e+09
 1.03604445e+09 1.03604449e+09 1.03604453e+09 1.03604457e+09
 1.03604461e+09 1.03604465e+09 1.03604468e+09 1.03604472e+09
 1.03604476e+09 1.03604480e+09 1.03604484e+09 1.03604488e+09
 1.03604492e+09 1.03604496e+09 1.03604499e+09 1.03604503e+09
 1.03604507e+09 1.03604511e+09 1.03604515e+09 1.03604519e+09
 1.03604523e+09 1.03604527e+09 1.03604531e+09 1.03604534e+09
 1.03604538e+09 1.03604542e+09 1.03604546e+09 1.03604550e+09
 1.03604554e+09 1.03604558e+09 1.03604562e+09 1.03604565e+09
 1.03604569e+09 1.03604573e+09 1.03604577e+09 1.03604581e+09
 1.03604585e+09 1.03604589e+09 1.03604593e+09 1.03604596e+09
 1.03604600e+09 1.03604604e+09 1.03604608e+09 1.03604612e+09
 1.03604616e+09 1.03604620e+09 1.03604624e+09 1.03604628e+09
 1.03604631e+09 1.03604635e+09 1.03604639e+09 1.03604643e+09
 1.03604647e+09 1.03604651e+09 1.03604655e+09 1.03604659e+09
 1.03604662e+09 1.03604666e+09 1.03604670e+09 1.03604674e+09
 1.03604678e+09 1.03604682e+09 1.03604686e+09 1.03604690e+09
 1.03604693e+09 1.03604697e+09 1.03604701e+09 1.03604705e+09
 1.03604709e+09 1.03604713e+09 1.03604717e+09 1.03604721e+09
 1.03604725e+09 1.03604728e+09 1.03604732e+09 1.03604736e+09
 1.03604740e+09 1.03604744e+09 1.03604748e+09 1.03604752e+09
 1.03604756e+09 1.03604759e+09 1.03604763e+09 1.03604767e+09
 1.03604771e+09 1.03604775e+09 1.03604779e+09 1.03604783e+09
 1.03604787e+09 1.03604790e+09 1.03604794e+09 1.03604798e+09
 1.03604802e+09 1.03604806e+09 1.03604810e+09 1.03604814e+09
 1.03604818e+09 1.03604821e+09 1.03604825e+09 1.03604829e+09
 1.03604833e+09 1.03604837e+09 1.03604841e+09 1.03604845e+09
 1.03604849e+09 1.03604853e+09 1.03604856e+09 1.03604860e+09
 1.03604864e+09 1.03604868e+09 1.03604872e+09 1.03604876e+09
 1.03604880e+09 1.03604884e+09 1.03604887e+09 1.03604891e+09
 1.03604895e+09 1.03604899e+09 1.03604903e+09 1.03604907e+09
 1.03604911e+09 1.03604915e+09 1.03604918e+09 1.03604922e+09
 1.03604926e+09 1.03604930e+09 1.03604934e+09 1.03604938e+09
 1.03604942e+09 1.03604946e+09 1.03604950e+09 1.03604953e+09
 1.03604957e+09 1.03604961e+09 1.03604965e+09 1.03604969e+09
 1.03604973e+09 1.03604977e+09 1.03604981e+09 1.03604984e+09
 1.03604988e+09 1.03604992e+09 1.03604996e+09 1.03605000e+09
 1.03605004e+09 1.03605008e+09 1.03605012e+09 1.03605015e+09
 1.03605019e+09 1.03605023e+09 1.03605027e+09 1.03605031e+09
 1.03605035e+09 1.03605039e+09 1.03605043e+09 1.03605047e+09
 1.03605050e+09 1.03605054e+09 1.03605058e+09 1.03605062e+09
 1.03605066e+09 1.03605070e+09 1.03605074e+09 1.03605078e+09
 1.03605081e+09 1.03605085e+09 1.03605089e+09 1.03605093e+09
 1.03605097e+09 1.03605101e+09 1.03605105e+09 1.03605109e+09
 1.03605112e+09 1.03605116e+09 1.03605120e+09 1.03605124e+09
 1.03605128e+09 1.03605132e+09 1.03605136e+09 1.03605140e+09
 1.03605143e+09 1.03605147e+09 1.03605151e+09 1.03605155e+09
 1.03605159e+09 1.03605163e+09 1.03605167e+09 1.03605171e+09
 1.03605175e+09 1.03605178e+09 1.03605182e+09 1.03605186e+09
 1.03605190e+09 1.03605194e+09 1.03605198e+09 1.03605202e+09
 1.03605206e+09 1.03605209e+09 1.03605213e+09 1.03605217e+09
 1.03605221e+09 1.03605225e+09 1.03605229e+09 1.03605233e+09
 1.03605237e+09 1.03605240e+09 1.03605244e+09 1.03605248e+09
 1.03605252e+09 1.03605256e+09 1.03605260e+09 1.03605264e+09
 1.03605268e+09 1.03605272e+09 1.03605275e+09 1.03605279e+09
 1.03605283e+09 1.03605287e+09 1.03605291e+09 1.03605295e+09
 1.03605299e+09 1.03605303e+09 1.03605306e+09 1.03605310e+09
 1.03605314e+09 1.03605318e+09 1.03605322e+09 1.03605326e+09
 1.03605330e+09 1.03605334e+09 1.03605337e+09 1.03605341e+09
 1.03605345e+09 1.03605349e+09 1.03605353e+09 1.03605357e+09
 1.03605361e+09 1.03605365e+09 1.03605369e+09 1.03605372e+09
 1.03605376e+09 1.03605380e+09 1.03605384e+09 1.03605388e+09
 1.03605392e+09 1.03605396e+09 1.03605400e+09 1.03605403e+09
 1.03605407e+09 1.03605411e+09 1.03605415e+09 1.03605419e+09
 1.03605423e+09 1.03605427e+09 1.03605431e+09 1.03605434e+09
 1.03605438e+09 1.03605442e+09 1.03605446e+09 1.03605450e+09
 1.03605454e+09 1.03605458e+09 1.03605462e+09 1.03605465e+09
 1.03605469e+09 1.03605473e+09 1.03605477e+09 1.03605481e+09
 1.03605485e+09 1.03605489e+09 1.03605493e+09 1.03605497e+09
 1.03605500e+09 1.03605504e+09 1.03605508e+09 1.03605512e+09
 1.03605516e+09 1.03605520e+09 1.03605524e+09 1.03605528e+09
 1.03605531e+09 1.03605535e+09 1.03605539e+09 1.03605543e+09
 1.03605547e+09 1.03605551e+09 1.03605555e+09 1.03605559e+09
 1.03605562e+09 1.03605566e+09 1.03605570e+09 1.03605574e+09
 1.03605578e+09 1.03605582e+09 1.03605586e+09 1.03605590e+09
 1.03605594e+09 1.03605597e+09 1.03605601e+09 1.03605605e+09
 1.03605609e+09 1.03605613e+09 1.03605617e+09 1.03605621e+09
 1.03605625e+09 1.03605628e+09 1.03605632e+09 1.03605636e+09
 1.03605640e+09 1.03605644e+09 1.03605648e+09 1.03605652e+09
 1.03605656e+09 1.03605659e+09 1.03605663e+09 1.03605667e+09
 1.03605671e+09 1.03605675e+09 1.03605679e+09 1.03605683e+09
 1.03605687e+09 1.03605691e+09 1.03605694e+09 1.03605698e+09
 1.03605702e+09 1.03605706e+09 1.03605710e+09 1.03605714e+09
 1.03605718e+09 1.03605722e+09 1.03605725e+09 1.03605729e+09
 1.03605733e+09 1.03605737e+09 1.03605741e+09 1.03605745e+09
 1.03605749e+09 1.03605753e+09 1.03605756e+09 1.03605760e+09
 1.03605764e+09 1.03605768e+09 1.03605772e+09 1.03605776e+09
 1.03605780e+09 1.03605784e+09 1.03605787e+09 1.03605791e+09
 1.03605795e+09 1.03605799e+09 1.03605803e+09 1.03605807e+09
 1.03605811e+09 1.03605815e+09 1.03605819e+09 1.03605822e+09
 1.03605826e+09 1.03605830e+09 1.03605834e+09 1.03605838e+09
 1.03605842e+09 1.03605846e+09 1.03605850e+09 1.03605853e+09
 1.03605857e+09 1.03605861e+09 1.03605865e+09 1.03605869e+09
 1.03605873e+09 1.03605877e+09 1.03605881e+09 1.03605884e+09
 1.03605888e+09 1.03605892e+09 1.03605896e+09 1.03605900e+09
 1.03605904e+09 1.03605908e+09 1.03605912e+09 1.03605916e+09
 1.03605919e+09 1.03605923e+09 1.03605927e+09 1.03605931e+09
 1.03605935e+09 1.03605939e+09 1.03605943e+09 1.03605947e+09
 1.03605950e+09 1.03605954e+09 1.03605958e+09 1.03605962e+09
 1.03605966e+09 1.03605970e+09 1.03605974e+09 1.03605978e+09
 1.03605981e+09 1.03605985e+09 1.03605989e+09 1.03605993e+09
 1.03605997e+09 1.03606001e+09 1.03606005e+09 1.03606009e+09
 1.03606013e+09 1.03606016e+09 1.03606020e+09 1.03606024e+09
 1.03606028e+09 1.03606032e+09 1.03606036e+09 1.03606040e+09
 1.03606044e+09 1.03606047e+09 1.03606051e+09 1.03606055e+09
 1.03606059e+09 1.03606063e+09 1.03606067e+09 1.03606071e+09
 1.03606075e+09 1.03606078e+09 1.03606082e+09 1.03606086e+09
 1.03606090e+09 1.03606094e+09 1.03606098e+09 1.03606102e+09
 1.03606106e+09 1.03606109e+09 1.03606113e+09 1.03606117e+09
 1.03606121e+09 1.03606125e+09 1.03606129e+09 1.03606133e+09
 1.03606137e+09 1.03606141e+09 1.03606144e+09 1.03606148e+09
 1.03606152e+09 1.03606156e+09 1.03606160e+09 1.03606164e+09
 1.03606168e+09 1.03606172e+09 1.03606175e+09 1.03606179e+09
 1.03606183e+09 1.03606187e+09 1.03606191e+09 1.03606195e+09
 1.03606199e+09 1.03606203e+09 1.03606206e+09 1.03606210e+09
 1.03606214e+09 1.03606218e+09 1.03606222e+09 1.03606226e+09
 1.03606230e+09 1.03606234e+09 1.03606238e+09 1.03606241e+09
 1.03606245e+09 1.03606249e+09 1.03606253e+09 1.03606257e+09
 1.03606261e+09 1.03606265e+09 1.03606269e+09 1.03606272e+09
 1.03606276e+09 1.03606280e+09 1.03606284e+09 1.03606288e+09
 1.03606292e+09 1.03606296e+09 1.03606300e+09 1.03606303e+09
 1.03606307e+09 1.03606311e+09 1.03606315e+09 1.03606319e+09
 1.03606323e+09 1.03606327e+09 1.03606331e+09 1.03606335e+09
 1.03606338e+09 1.03606342e+09 1.03606346e+09 1.03606350e+09
 1.03606354e+09 1.03606358e+09 1.03606362e+09 1.03606366e+09
 1.03606369e+09 1.03606373e+09 1.03606377e+09 1.03606381e+09
 1.03606385e+09 1.03606389e+09 1.03606393e+09 1.03606397e+09
 1.03606400e+09 1.03606404e+09 1.03606408e+09 1.03606412e+09
 1.03606416e+09 1.03606420e+09 1.03606424e+09 1.03606428e+09
 1.03606431e+09 1.03606435e+09 1.03606439e+09 1.03606443e+09
 1.03606447e+09 1.03606451e+09 1.03606455e+09 1.03606459e+09
 1.03606463e+09 1.03606466e+09 1.03606470e+09 1.03606474e+09
 1.03606478e+09 1.03606482e+09 1.03606486e+09 1.03606490e+09
 1.03606494e+09 1.03606497e+09 1.03606501e+09 1.03606505e+09
 1.03606509e+09 1.03606513e+09 1.03606517e+09 1.03606521e+09
 1.03606525e+09 1.03606528e+09 1.03606532e+09 1.03606536e+09
 1.03606540e+09 1.03606544e+09 1.03606548e+09 1.03606552e+09
 1.03606556e+09 1.03606560e+09 1.03606563e+09 1.03606567e+09
 1.03606571e+09 1.03606575e+09 1.03606579e+09 1.03606583e+09
 1.03606587e+09 1.03606591e+09 1.03606594e+09 1.03606598e+09
 1.03606602e+09 1.03606606e+09 1.03606610e+09 1.03606614e+09
 1.03606618e+09 1.03606622e+09 1.03606625e+09 1.03606629e+09
 1.03606633e+09 1.03606637e+09 1.03606641e+09 1.03606645e+09
 1.03606649e+09 1.03606653e+09 1.03606657e+09 1.03606660e+09
 1.03606664e+09 1.03606668e+09 1.03606672e+09 1.03606676e+09
 1.03606680e+09 1.03606684e+09 1.03606688e+09 1.03606691e+09
 1.03606695e+09 1.03606699e+09 1.03606703e+09 1.03606707e+09
 1.03606711e+09 1.03606715e+09 1.03606719e+09 1.03606722e+09
 1.03606726e+09 1.03606730e+09 1.03606734e+09 1.03606738e+09
 1.03606742e+09 1.03606746e+09 1.03606750e+09 1.03606753e+09
 1.03606757e+09 1.03606761e+09 1.03606765e+09 1.03606769e+09
 1.03606773e+09 1.03606777e+09 1.03606781e+09 1.03606785e+09
 1.03606788e+09 1.03606792e+09 1.03606796e+09 1.03606800e+09
 1.03606804e+09 1.03606808e+09 1.03606812e+09 1.03606816e+09
 1.03606819e+09 1.03606823e+09 1.03606827e+09 1.03606831e+09
 1.03606835e+09 1.03606839e+09 1.03606843e+09 1.03606847e+09
 1.03606850e+09 1.03606854e+09 1.03606858e+09 1.03606862e+09
 1.03606866e+09 1.03606870e+09 1.03606874e+09 1.03606878e+09
 1.03606882e+09 1.03606885e+09 1.03606889e+09 1.03606893e+09
 1.03606897e+09 1.03606901e+09 1.03606905e+09 1.03606909e+09
 1.03606913e+09 1.03606916e+09 1.03606920e+09 1.03606924e+09
 1.03606928e+09 1.03606932e+09 1.03606936e+09 1.03606940e+09
 1.03606944e+09 1.03606947e+09 1.03606951e+09 1.03606955e+09
 1.03606959e+09 1.03606963e+09 1.03606967e+09 1.03606971e+09]
minRes = 0.11339456125108839
minResTime =  [1.03606951e+09]
