name =JUICE_ROI_CAL_6_1_06
flyby =  ['2032 SEP 10 11:52:29', '2032 SEP 11 11:52:29']
Observation TW =  <SpiceCell dtype = 1, length = 0, size = 3000, card = 10, is_set = 1, adjust = 0, init = 1, base = 2554805440560, data = 2554805440608>
Res(t) =  [5.52930469 5.53012954 5.53095434 5.5317791  5.53260381 5.53342848
 5.53425311 5.53507769 5.53590222 5.53672672 5.53755116 5.53837557
 5.53919992 5.54002424 5.54084851 5.54167273 5.54249692 5.54332105
 5.54414515 5.54496919 5.5457932  5.54661716 5.54744107 5.54826494
 5.54908877 5.54991255 5.55073629 5.55155998 5.55238363 5.55320724
 5.5540308  5.55485432 5.55567779 5.55650122 5.5573246  5.55814794
 5.55897124 5.55979449 5.5606177  5.56144086 5.56226398 5.56308706
 5.56391009 5.56473307 5.56555602 5.56637891 5.56720177 5.56802458
 5.56884735 5.56967007 5.57049275 5.57131538 5.57213797 5.57296051
 5.57378302 5.57460547 5.57542789 5.57625026 5.57707258 5.57789486
 5.5787171  5.5795393  5.58036144 5.58118355 5.58200561 5.58282763
 5.5836496  5.58447153 5.58529342 5.58611526 5.58693706 5.58775881
 5.58858052 5.58940219 5.59022381 5.59104539 5.59186692 5.59268841
 5.59350986 5.59433126 5.59515262 5.59597394 5.59679521 5.59761644
 5.59843762 5.59925876 5.60007985 5.60090091 5.60172192 5.60254288
 5.6033638  5.60418468 5.60500551 5.6058263  5.60664705 5.60746775
 5.60828841 5.60910902 5.60992959 5.61075012 5.6115706  5.61239104
 5.61321144 5.61403179 5.6148521  5.61567236 5.61649258 5.61731276
 5.6181329  5.61895299 5.61977303 5.62059304 5.621413   5.62223291
 5.62305278 5.62387261 5.6246924  5.62551214 5.62633184 5.62715149
 5.6279711  5.62879067 5.62961019 5.63042967 5.63124911 5.6320685
 5.63288785 5.63370716 5.63452642 5.63534564 5.63616482 5.63698395
 5.63780304 5.63862208 5.63944109 5.64026004 5.64107896 5.64189783
 5.64271666 5.64353544 5.64435419 5.64517288 5.64599154 5.64681015
 5.64762872 5.64844724 5.64926572 5.65008416 5.65090256 5.65172091
 5.65253922 5.65335748 5.6541757  5.65499388 5.65581201 5.65663011
 5.65744815 5.65826616 5.65908412 5.65990204 5.66071991 5.66153775
 5.66235553 5.66317328 5.66399098 5.66480864 5.66562626 5.66644383
 5.66726136 5.66807885 5.66889629 5.66971369 5.67053105 5.67134836
 5.67216563 5.67298286 5.67380004 5.67461718 5.67543428 5.67625134
 5.67706835 5.67788532 5.67870224 5.67951913 5.68033597 5.68115276
 5.68196952 5.68278623 5.68360289 5.68441952 5.6852361  5.68605264
 5.68686913 5.68768559 5.688502   5.68931836 5.69013469 5.69095097
 5.6917672  5.6925834  5.69339955 5.69421566 5.69503173 5.69584775
 5.69666373 5.69747967 5.69829556 5.69911141 5.69992722 5.70074299
 5.70155871 5.70237439 5.70319003 5.70400562 5.70482117 5.70563668
 5.70645215 5.70726757 5.70808295 5.70889829 5.70971358 5.71052884
 5.71134405 5.71215921 5.71297434 5.71378942 5.71460446 5.71541945
 5.7162344  5.71704931 5.71786418 5.71867901 5.71949379 5.72030853
 5.72112323 5.72193788 5.72275249 5.72356706 5.72438159 5.72519607
 5.72601051 5.72682491 5.72763927 5.72845358 5.72926785 5.73008208
 5.73089626 5.73171041 5.73252451 5.73333856 5.73415258 5.73496655
 5.73578048 5.73659437 5.73740821 5.73822202 5.73903578 5.7398495
 5.74066317 5.7414768  5.74229039 5.74310394 5.74391745 5.74473091
 5.74554433 5.74635771 5.74717104 5.74798434 5.74879759 5.7496108
 5.75042396 5.75123709 5.75205017 5.75286321 5.7536762  5.75448916
 5.75530207 5.75611494 5.75692777 5.75774055 5.7585533  5.759366
 5.76017865 5.76099127 5.76180384 5.76261637 5.76342886 5.76424131
 5.76505372 5.76586608 5.7666784  5.76749068 5.76830291 5.76911511
 5.76992726 5.77073937 5.77155143 5.77236346 5.77317544 5.77398738
 5.77479928 5.77561113 5.77642295 5.77723472 5.77804645 5.77885814
 5.77966978 5.78048139 5.78129295 5.78210447 5.78291595 5.78372738
 5.78453877 5.78535013 5.78616143 5.7869727  5.78778393 5.78859511
 5.78940625 5.79021735 5.79102841 5.79183942 5.79265039 5.79346133
 5.79427221 5.79508306 5.79589387 5.79670463 5.79751535 5.79832603
 5.79913667 5.79994726 5.80075782 5.80156833 5.8023788  5.80318923
 5.80399962 5.80480996 5.80562026 5.80643052 5.80724074 5.80805092
 5.80886105 5.80967115 5.8104812  5.81129121 5.81210118 5.8129111
 5.81372099 5.81453083 5.81534063 5.81615039 5.81696011 5.81776979
 5.81857942 5.81938901 5.82019856 5.82100807 5.82181754 5.82262696
 5.82343635 5.82424569 5.82505499 5.82586425 5.82667347 5.82748264
 5.82829178 5.82910087 5.82990992 5.83071893 5.8315279  5.83233682
 5.83314571 5.83395455 5.83476335 5.83557211 5.83638083 5.83718951
 5.83799814 5.83880674 5.83961529 5.8404238  5.84123227 5.8420407
 5.84284908 5.84365743 5.84446573 5.84527399 5.84608221 5.84689039
 5.84769853 5.84850663 5.84931468 5.85012269 5.85093067 5.8517386
 5.85254648 5.85335433 5.85416214 5.8549699  5.85577763 5.85658531
 5.85739295 5.85820055 5.85900811 5.85981562 5.8606231  5.86143053
 5.86223793 5.86304528 5.86385259 5.86465986 5.86546709 5.86627427
 5.86708142 5.86788852 5.86869559 5.86950261 5.87030959 5.87111653
 5.87192343 5.87273028 5.8735371  5.87434387 5.87515061 5.8759573
 5.87676395 5.87757056 5.87837713 5.87918366 5.87999014 5.88079659
 5.88160299 5.88240936 5.88321568 5.88402196 5.8848282  5.8856344
 5.88644056 5.88724667 5.88805275 5.88885878 5.88966478 5.89047073
 5.89127664 5.89208251 5.89288834 5.89369413 5.89449988 5.89530559
 5.89611125 5.89691688 5.89772246 5.898528   5.89933351 5.90013897
 5.90094439 5.90174977 5.90255511 5.9033604  5.90416566 5.90497088
 5.90577605 5.90658119 5.90738628 5.90819133 5.90899634 5.90980131
 5.91060624 5.91141113 5.91221598 5.91302079 5.91382556 5.91463028
 5.91543497 5.91623961 5.91704421 5.91784878 5.9186533  5.91945778
 5.92026222 5.92106662 5.92187098 5.9226753  5.92347958 5.92428382
 5.92508801 5.92589217 5.92669628 5.92750036 5.92830439 5.92910839
 5.92991234 5.93071625 5.93152012 5.93232395 5.93312774 5.93393149
 5.9347352  5.93553887 5.9363425  5.93714609 5.93794963 5.93875314
 5.93955661 5.94036003 5.94116342 5.94196676 5.94277007 5.94357333
 5.94437655 5.94517973 5.94598288 5.94678598 5.94758904 5.94839206
 5.94919504 5.94999798 5.95080088 5.95160374 5.95240656 5.95320933
 5.95401207 5.95481477 5.95561743 5.95642004 5.95722262 5.95802515
 5.95882765 5.9596301  5.96043252 5.96123489 5.96203723 5.96283952
 5.96364178 5.96444399 5.96524616 5.9660483  5.96685039 5.96765244
 5.96845445 5.96925642 5.97005836 5.97086025 5.9716621  5.97246391
 5.97326568 5.97406741 5.9748691  5.97567075 5.97647236 5.97727393
 5.97807546 5.97887695 5.9796784  5.98047981 5.98128118 5.98208251
 5.9828838  5.98368505 5.98448626 5.98528742 5.98608855 5.98688964
 5.98769069 5.9884917  5.98929267 5.9900936  5.99089448 5.99169533
 5.99249614 5.99329691 5.99409764 5.99489833 5.99569898 5.99649958
 5.99730015 5.99810068 5.99890117 5.99970162 6.00050203 6.0013024
 6.00210272 6.00290301 6.00370326 6.00450347 6.00530364 6.00610377
 6.00690386 6.00770391 6.00850392 6.00930389 6.01010382 6.01090371
 6.01170356 6.01250337 6.01330314 6.01410288 6.01490257 6.01570222
 6.01650183 6.0173014  6.01810094 6.01890043 6.01969988 6.02049929
 6.02129867 6.022098   6.0228973  6.02369655 6.02449576 6.02529494
 6.02609407 6.02689317 6.02769223 6.02849124 6.02929022 6.03008916
 6.03088805 6.03168691 6.03248573 6.03328451 6.03408325 6.03488195
 6.03568061 6.03647923 6.03727781 6.03807635 6.03887485 6.03967331
 6.04047174 6.04127012 6.04206846 6.04286677 6.04366503 6.04446326
 6.04526144 6.04605959 6.04685769 6.04765576 6.04845379 6.04925178
 6.05004973 6.05084763 6.0516455  6.05244334 6.05324113 6.05403888
 6.05483659 6.05563426 6.0564319  6.05722949 6.05802705 6.05882456
 6.05962204 6.06041947 6.06121687 6.06201423 6.06281155 6.06360883
 6.06440607 6.06520327 6.06600043 6.06679755 6.06759464 6.06839168
 6.06918869 6.06998565 6.07078258 6.07157946 6.07237631 6.07317312
 6.07396989 6.07476662 6.07556331 6.07635996 6.07715658 6.07795315
 6.07874968 6.07954618 6.08034263 6.08113905 6.08193543 6.08273177
 6.08352807 6.08432433 6.08512055 6.08591673 6.08671288 6.08750898
 6.08830504 6.08910107 6.08989706 6.09069301 6.09148891 6.09228478
 6.09308062 6.09387641 6.09467216 6.09546787 6.09626355 6.09705919
 6.09785478 6.09865034 6.09944586 6.10024134 6.10103678 6.10183218
 6.10262755 6.10342287 6.10421816 6.1050134  6.10580861 6.10660378
 6.10739891 6.108194   6.10898905 6.10978407 6.11057904 6.11137398
 6.11216888 6.11296373 6.11375855 6.11455333 6.11534808 6.11614278
 6.11693744 6.11773207 6.11852666 6.1193212  6.12011571 6.12091018
 6.12170462 6.12249901 6.12329336 6.12408768 6.12488196 6.12567619
 6.12647039 6.12726455 6.12805868 6.12885276 6.12964681 6.13044081
 6.13123478 6.13202871 6.1328226  6.13361645 6.13441026 6.13520404
 6.13599778 6.13679147 6.13758513 6.13837875 6.13917233 6.13996588
 6.14075938 6.14155285 6.14234628 6.14313967 6.14393302 6.14472633
 6.1455196  6.14631284 6.14710603 6.14789919 6.14869231 6.14948539
 6.15027844 6.15107144 6.15186441 6.15265733 6.15345022 6.15424307
 6.15503589 6.15582866 6.1566214  6.15741409 6.15820675 6.15899937
 6.15979196 6.1605845  6.16137701 6.16216947 6.1629619  6.16375429
 6.16454664 6.16533896 6.16613123 6.16692347 6.16771567 6.16850783
 6.16929995 6.17009204 6.17088408 6.17167609 6.17246806 6.17325999
 6.17405189 6.17484374 6.17563556 6.17642734 6.17721908 6.17801078
 6.17880244 6.17959407 6.18038566 6.18117721 6.18196872 6.18276019
 6.18355163 6.18434303 6.18513438 6.18592571 6.18671699 6.18750823
 6.18829944 6.18909061 6.18988174 6.19067283 6.19146389 6.1922549
 6.19304588 6.19383682 6.19462773 6.19541859 6.19620942 6.19700021
 6.19779096 6.19858167 6.19937234 6.20016298 6.20095358 6.20174414
 6.20253466 6.20332515 6.2041156  6.204906   6.20569638 6.20648671
 6.20727701 6.20806726 6.20885748 6.20964766 6.21043781 6.21122792
 6.21201798 6.21280801 6.21359801 6.21438796 6.21517788 6.21596776
 6.2167576  6.2175474  6.21833717 6.2191269  6.21991659 6.22070624
 6.22149586 6.22228543 6.22307497 6.22386448 6.22465394 6.22544337
 6.22623276 6.22702211 6.22781142 6.2286007  6.22938993 6.23017913
 6.2309683  6.23175742 6.23254651 6.23333556 6.23412457 6.23491355
 6.23570248 6.23649138 6.23728024 6.23806907 6.23885786 6.23964661
 6.24043532 6.24122399 6.24201263 6.24280123 6.24358979 6.24437831
 6.2451668  6.24595525 6.24674366 6.24753203 6.24832037 6.24910867
 6.24989693 6.25068515 6.25147334 6.25226149 6.2530496  6.25383768
 6.25462571 6.25541371 6.25620168 6.2569896  6.25777749 6.25856534
 6.25935315 6.26014093 6.26092866 6.26171636 6.26250403 6.26329165
 6.26407924 6.26486679 6.26565431 6.26644178 6.26722922 6.26801663
 6.26880399 6.26959132 6.27037861 6.27116586 6.27195308 6.27274026
 6.2735274  6.2743145  6.27510157 6.2758886  6.27667559 6.27746255
 6.27824947 6.27903635 6.27982319 6.28061    6.28139677 6.2821835
 6.28297019 6.28375685 6.28454347 6.28533006 6.2861166  6.28690311
 6.28768959 6.28847602 6.28926242 6.29004878 6.29083511 6.29162139
 6.29240764 6.29319386 6.29398003 6.29476617 6.29555228 6.29633834
 6.29712437 6.29791036 6.29869631 6.29948223 6.30026811 6.30105395
 6.30183976 6.30262553 6.30341126 6.30419696 6.30498262 6.30576824
 6.30655382 6.30733937 6.30812488 6.30891036 6.30969579 6.3104812
 6.31126656 6.31205189 6.31283718 6.31362243 6.31440764 6.31519282
 6.31597797 6.31676307 6.31754814 6.31833317 6.31911817 6.31990313
 6.32068805 6.32147293 6.32225778 6.3230426  6.32382737 6.32461211
 6.32539681 6.32618147 6.3269661  6.32775069 6.32853525 6.32931977
 6.33010425 6.33088869 6.3316731  6.33245747]
t =  [1.03178080e+09 1.03178081e+09 1.03178081e+09 1.03178082e+09
 1.03178083e+09 1.03178084e+09 1.03178084e+09 1.03178085e+09
 1.03178086e+09 1.03178087e+09 1.03178087e+09 1.03178088e+09
 1.03178089e+09 1.03178090e+09 1.03178090e+09 1.03178091e+09
 1.03178092e+09 1.03178093e+09 1.03178094e+09 1.03178094e+09
 1.03178095e+09 1.03178096e+09 1.03178097e+09 1.03178097e+09
 1.03178098e+09 1.03178099e+09 1.03178100e+09 1.03178100e+09
 1.03178101e+09 1.03178102e+09 1.03178103e+09 1.03178103e+09
 1.03178104e+09 1.03178105e+09 1.03178106e+09 1.03178107e+09
 1.03178107e+09 1.03178108e+09 1.03178109e+09 1.03178110e+09
 1.03178110e+09 1.03178111e+09 1.03178112e+09 1.03178113e+09
 1.03178113e+09 1.03178114e+09 1.03178115e+09 1.03178116e+09
 1.03178116e+09 1.03178117e+09 1.03178118e+09 1.03178119e+09
 1.03178119e+09 1.03178120e+09 1.03178121e+09 1.03178122e+09
 1.03178123e+09 1.03178123e+09 1.03178124e+09 1.03178125e+09
 1.03178126e+09 1.03178126e+09 1.03178127e+09 1.03178128e+09
 1.03178129e+09 1.03178129e+09 1.03178130e+09 1.03178131e+09
 1.03178132e+09 1.03178132e+09 1.03178133e+09 1.03178134e+09
 1.03178135e+09 1.03178135e+09 1.03178136e+09 1.03178137e+09
 1.03178138e+09 1.03178139e+09 1.03178139e+09 1.03178140e+09
 1.03178141e+09 1.03178142e+09 1.03178142e+09 1.03178143e+09
 1.03178144e+09 1.03178145e+09 1.03178145e+09 1.03178146e+09
 1.03178147e+09 1.03178148e+09 1.03178148e+09 1.03178149e+09
 1.03178150e+09 1.03178151e+09 1.03178152e+09 1.03178152e+09
 1.03178153e+09 1.03178154e+09 1.03178155e+09 1.03178155e+09
 1.03178156e+09 1.03178157e+09 1.03178158e+09 1.03178158e+09
 1.03178159e+09 1.03178160e+09 1.03178161e+09 1.03178161e+09
 1.03178162e+09 1.03178163e+09 1.03178164e+09 1.03178164e+09
 1.03178165e+09 1.03178166e+09 1.03178167e+09 1.03178168e+09
 1.03178168e+09 1.03178169e+09 1.03178170e+09 1.03178171e+09
 1.03178171e+09 1.03178172e+09 1.03178173e+09 1.03178174e+09
 1.03178174e+09 1.03178175e+09 1.03178176e+09 1.03178177e+09
 1.03178177e+09 1.03178178e+09 1.03178179e+09 1.03178180e+09
 1.03178181e+09 1.03178181e+09 1.03178182e+09 1.03178183e+09
 1.03178184e+09 1.03178184e+09 1.03178185e+09 1.03178186e+09
 1.03178187e+09 1.03178187e+09 1.03178188e+09 1.03178189e+09
 1.03178190e+09 1.03178190e+09 1.03178191e+09 1.03178192e+09
 1.03178193e+09 1.03178193e+09 1.03178194e+09 1.03178195e+09
 1.03178196e+09 1.03178197e+09 1.03178197e+09 1.03178198e+09
 1.03178199e+09 1.03178200e+09 1.03178200e+09 1.03178201e+09
 1.03178202e+09 1.03178203e+09 1.03178203e+09 1.03178204e+09
 1.03178205e+09 1.03178206e+09 1.03178206e+09 1.03178207e+09
 1.03178208e+09 1.03178209e+09 1.03178209e+09 1.03178210e+09
 1.03178211e+09 1.03178212e+09 1.03178213e+09 1.03178213e+09
 1.03178214e+09 1.03178215e+09 1.03178216e+09 1.03178216e+09
 1.03178217e+09 1.03178218e+09 1.03178219e+09 1.03178219e+09
 1.03178220e+09 1.03178221e+09 1.03178222e+09 1.03178222e+09
 1.03178223e+09 1.03178224e+09 1.03178225e+09 1.03178226e+09
 1.03178226e+09 1.03178227e+09 1.03178228e+09 1.03178229e+09
 1.03178229e+09 1.03178230e+09 1.03178231e+09 1.03178232e+09
 1.03178232e+09 1.03178233e+09 1.03178234e+09 1.03178235e+09
 1.03178235e+09 1.03178236e+09 1.03178237e+09 1.03178238e+09
 1.03178238e+09 1.03178239e+09 1.03178240e+09 1.03178241e+09
 1.03178242e+09 1.03178242e+09 1.03178243e+09 1.03178244e+09
 1.03178245e+09 1.03178245e+09 1.03178246e+09 1.03178247e+09
 1.03178248e+09 1.03178248e+09 1.03178249e+09 1.03178250e+09
 1.03178251e+09 1.03178251e+09 1.03178252e+09 1.03178253e+09
 1.03178254e+09 1.03178254e+09 1.03178255e+09 1.03178256e+09
 1.03178257e+09 1.03178258e+09 1.03178258e+09 1.03178259e+09
 1.03178260e+09 1.03178261e+09 1.03178261e+09 1.03178262e+09
 1.03178263e+09 1.03178264e+09 1.03178264e+09 1.03178265e+09
 1.03178266e+09 1.03178267e+09 1.03178267e+09 1.03178268e+09
 1.03178269e+09 1.03178270e+09 1.03178271e+09 1.03178271e+09
 1.03178272e+09 1.03178273e+09 1.03178274e+09 1.03178274e+09
 1.03178275e+09 1.03178276e+09 1.03178277e+09 1.03178277e+09
 1.03178278e+09 1.03178279e+09 1.03178280e+09 1.03178280e+09
 1.03178281e+09 1.03178282e+09 1.03178283e+09 1.03178283e+09
 1.03178284e+09 1.03178285e+09 1.03178286e+09 1.03178287e+09
 1.03178287e+09 1.03178288e+09 1.03178289e+09 1.03178290e+09
 1.03178290e+09 1.03178291e+09 1.03178292e+09 1.03178293e+09
 1.03178293e+09 1.03178294e+09 1.03178295e+09 1.03178296e+09
 1.03178296e+09 1.03178297e+09 1.03178298e+09 1.03178299e+09
 1.03178299e+09 1.03178300e+09 1.03178301e+09 1.03178302e+09
 1.03178303e+09 1.03178303e+09 1.03178304e+09 1.03178305e+09
 1.03178306e+09 1.03178306e+09 1.03178307e+09 1.03178308e+09
 1.03178309e+09 1.03178309e+09 1.03178310e+09 1.03178311e+09
 1.03178312e+09 1.03178312e+09 1.03178313e+09 1.03178314e+09
 1.03178315e+09 1.03178316e+09 1.03178316e+09 1.03178317e+09
 1.03178318e+09 1.03178319e+09 1.03178319e+09 1.03178320e+09
 1.03178321e+09 1.03178322e+09 1.03178322e+09 1.03178323e+09
 1.03178324e+09 1.03178325e+09 1.03178325e+09 1.03178326e+09
 1.03178327e+09 1.03178328e+09 1.03178328e+09 1.03178329e+09
 1.03178330e+09 1.03178331e+09 1.03178332e+09 1.03178332e+09
 1.03178333e+09 1.03178334e+09 1.03178335e+09 1.03178335e+09
 1.03178336e+09 1.03178337e+09 1.03178338e+09 1.03178338e+09
 1.03178339e+09 1.03178340e+09 1.03178341e+09 1.03178341e+09
 1.03178342e+09 1.03178343e+09 1.03178344e+09 1.03178344e+09
 1.03178345e+09 1.03178346e+09 1.03178347e+09 1.03178348e+09
 1.03178348e+09 1.03178349e+09 1.03178350e+09 1.03178351e+09
 1.03178351e+09 1.03178352e+09 1.03178353e+09 1.03178354e+09
 1.03178354e+09 1.03178355e+09 1.03178356e+09 1.03178357e+09
 1.03178357e+09 1.03178358e+09 1.03178359e+09 1.03178360e+09
 1.03178361e+09 1.03178361e+09 1.03178362e+09 1.03178363e+09
 1.03178364e+09 1.03178364e+09 1.03178365e+09 1.03178366e+09
 1.03178367e+09 1.03178367e+09 1.03178368e+09 1.03178369e+09
 1.03178370e+09 1.03178370e+09 1.03178371e+09 1.03178372e+09
 1.03178373e+09 1.03178373e+09 1.03178374e+09 1.03178375e+09
 1.03178376e+09 1.03178377e+09 1.03178377e+09 1.03178378e+09
 1.03178379e+09 1.03178380e+09 1.03178380e+09 1.03178381e+09
 1.03178382e+09 1.03178383e+09 1.03178383e+09 1.03178384e+09
 1.03178385e+09 1.03178386e+09 1.03178386e+09 1.03178387e+09
 1.03178388e+09 1.03178389e+09 1.03178389e+09 1.03178390e+09
 1.03178391e+09 1.03178392e+09 1.03178393e+09 1.03178393e+09
 1.03178394e+09 1.03178395e+09 1.03178396e+09 1.03178396e+09
 1.03178397e+09 1.03178398e+09 1.03178399e+09 1.03178399e+09
 1.03178400e+09 1.03178401e+09 1.03178402e+09 1.03178402e+09
 1.03178403e+09 1.03178404e+09 1.03178405e+09 1.03178406e+09
 1.03178406e+09 1.03178407e+09 1.03178408e+09 1.03178409e+09
 1.03178409e+09 1.03178410e+09 1.03178411e+09 1.03178412e+09
 1.03178412e+09 1.03178413e+09 1.03178414e+09 1.03178415e+09
 1.03178415e+09 1.03178416e+09 1.03178417e+09 1.03178418e+09
 1.03178418e+09 1.03178419e+09 1.03178420e+09 1.03178421e+09
 1.03178422e+09 1.03178422e+09 1.03178423e+09 1.03178424e+09
 1.03178425e+09 1.03178425e+09 1.03178426e+09 1.03178427e+09
 1.03178428e+09 1.03178428e+09 1.03178429e+09 1.03178430e+09
 1.03178431e+09 1.03178431e+09 1.03178432e+09 1.03178433e+09
 1.03178434e+09 1.03178435e+09 1.03178435e+09 1.03178436e+09
 1.03178437e+09 1.03178438e+09 1.03178438e+09 1.03178439e+09
 1.03178440e+09 1.03178441e+09 1.03178441e+09 1.03178442e+09
 1.03178443e+09 1.03178444e+09 1.03178444e+09 1.03178445e+09
 1.03178446e+09 1.03178447e+09 1.03178447e+09 1.03178448e+09
 1.03178449e+09 1.03178450e+09 1.03178451e+09 1.03178451e+09
 1.03178452e+09 1.03178453e+09 1.03178454e+09 1.03178454e+09
 1.03178455e+09 1.03178456e+09 1.03178457e+09 1.03178457e+09
 1.03178458e+09 1.03178459e+09 1.03178460e+09 1.03178460e+09
 1.03178461e+09 1.03178462e+09 1.03178463e+09 1.03178463e+09
 1.03178464e+09 1.03178465e+09 1.03178466e+09 1.03178467e+09
 1.03178467e+09 1.03178468e+09 1.03178469e+09 1.03178470e+09
 1.03178470e+09 1.03178471e+09 1.03178472e+09 1.03178473e+09
 1.03178473e+09 1.03178474e+09 1.03178475e+09 1.03178476e+09
 1.03178476e+09 1.03178477e+09 1.03178478e+09 1.03178479e+09
 1.03178480e+09 1.03178480e+09 1.03178481e+09 1.03178482e+09
 1.03178483e+09 1.03178483e+09 1.03178484e+09 1.03178485e+09
 1.03178486e+09 1.03178486e+09 1.03178487e+09 1.03178488e+09
 1.03178489e+09 1.03178489e+09 1.03178490e+09 1.03178491e+09
 1.03178492e+09 1.03178492e+09 1.03178493e+09 1.03178494e+09
 1.03178495e+09 1.03178496e+09 1.03178496e+09 1.03178497e+09
 1.03178498e+09 1.03178499e+09 1.03178499e+09 1.03178500e+09
 1.03178501e+09 1.03178502e+09 1.03178502e+09 1.03178503e+09
 1.03178504e+09 1.03178505e+09 1.03178505e+09 1.03178506e+09
 1.03178507e+09 1.03178508e+09 1.03178508e+09 1.03178509e+09
 1.03178510e+09 1.03178511e+09 1.03178512e+09 1.03178512e+09
 1.03178513e+09 1.03178514e+09 1.03178515e+09 1.03178515e+09
 1.03178516e+09 1.03178517e+09 1.03178518e+09 1.03178518e+09
 1.03178519e+09 1.03178520e+09 1.03178521e+09 1.03178521e+09
 1.03178522e+09 1.03178523e+09 1.03178524e+09 1.03178525e+09
 1.03178525e+09 1.03178526e+09 1.03178527e+09 1.03178528e+09
 1.03178528e+09 1.03178529e+09 1.03178530e+09 1.03178531e+09
 1.03178531e+09 1.03178532e+09 1.03178533e+09 1.03178534e+09
 1.03178534e+09 1.03178535e+09 1.03178536e+09 1.03178537e+09
 1.03178537e+09 1.03178538e+09 1.03178539e+09 1.03178540e+09
 1.03178541e+09 1.03178541e+09 1.03178542e+09 1.03178543e+09
 1.03178544e+09 1.03178544e+09 1.03178545e+09 1.03178546e+09
 1.03178547e+09 1.03178547e+09 1.03178548e+09 1.03178549e+09
 1.03178550e+09 1.03178550e+09 1.03178551e+09 1.03178552e+09
 1.03178553e+09 1.03178553e+09 1.03178554e+09 1.03178555e+09
 1.03178556e+09 1.03178557e+09 1.03178557e+09 1.03178558e+09
 1.03178559e+09 1.03178560e+09 1.03178560e+09 1.03178561e+09
 1.03178562e+09 1.03178563e+09 1.03178563e+09 1.03178564e+09
 1.03178565e+09 1.03178566e+09 1.03178566e+09 1.03178567e+09
 1.03178568e+09 1.03178569e+09 1.03178570e+09 1.03178570e+09
 1.03178571e+09 1.03178572e+09 1.03178573e+09 1.03178573e+09
 1.03178574e+09 1.03178575e+09 1.03178576e+09 1.03178576e+09
 1.03178577e+09 1.03178578e+09 1.03178579e+09 1.03178579e+09
 1.03178580e+09 1.03178581e+09 1.03178582e+09 1.03178582e+09
 1.03178583e+09 1.03178584e+09 1.03178585e+09 1.03178586e+09
 1.03178586e+09 1.03178587e+09 1.03178588e+09 1.03178589e+09
 1.03178589e+09 1.03178590e+09 1.03178591e+09 1.03178592e+09
 1.03178592e+09 1.03178593e+09 1.03178594e+09 1.03178595e+09
 1.03178595e+09 1.03178596e+09 1.03178597e+09 1.03178598e+09
 1.03178598e+09 1.03178599e+09 1.03178600e+09 1.03178601e+09
 1.03178602e+09 1.03178602e+09 1.03178603e+09 1.03178604e+09
 1.03178605e+09 1.03178605e+09 1.03178606e+09 1.03178607e+09
 1.03178608e+09 1.03178608e+09 1.03178609e+09 1.03178610e+09
 1.03178611e+09 1.03178611e+09 1.03178612e+09 1.03178613e+09
 1.03178614e+09 1.03178615e+09 1.03178615e+09 1.03178616e+09
 1.03178617e+09 1.03178618e+09 1.03178618e+09 1.03178619e+09
 1.03178620e+09 1.03178621e+09 1.03178621e+09 1.03178622e+09
 1.03178623e+09 1.03178624e+09 1.03178624e+09 1.03178625e+09
 1.03178626e+09 1.03178627e+09 1.03178627e+09 1.03178628e+09
 1.03178629e+09 1.03178630e+09 1.03178631e+09 1.03178631e+09
 1.03178632e+09 1.03178633e+09 1.03178634e+09 1.03178634e+09
 1.03178635e+09 1.03178636e+09 1.03178637e+09 1.03178637e+09
 1.03178638e+09 1.03178639e+09 1.03178640e+09 1.03178640e+09
 1.03178641e+09 1.03178642e+09 1.03178643e+09 1.03178643e+09
 1.03178644e+09 1.03178645e+09 1.03178646e+09 1.03178647e+09
 1.03178647e+09 1.03178648e+09 1.03178649e+09 1.03178650e+09
 1.03178650e+09 1.03178651e+09 1.03178652e+09 1.03178653e+09
 1.03178653e+09 1.03178654e+09 1.03178655e+09 1.03178656e+09
 1.03178656e+09 1.03178657e+09 1.03178658e+09 1.03178659e+09
 1.03178660e+09 1.03178660e+09 1.03178661e+09 1.03178662e+09
 1.03178663e+09 1.03178663e+09 1.03178664e+09 1.03178665e+09
 1.03178666e+09 1.03178666e+09 1.03178667e+09 1.03178668e+09
 1.03178669e+09 1.03178669e+09 1.03178670e+09 1.03178671e+09
 1.03178672e+09 1.03178672e+09 1.03178673e+09 1.03178674e+09
 1.03178675e+09 1.03178676e+09 1.03178676e+09 1.03178677e+09
 1.03178678e+09 1.03178679e+09 1.03178679e+09 1.03178680e+09
 1.03178681e+09 1.03178682e+09 1.03178682e+09 1.03178683e+09
 1.03178684e+09 1.03178685e+09 1.03178685e+09 1.03178686e+09
 1.03178687e+09 1.03178688e+09 1.03178689e+09 1.03178689e+09
 1.03178690e+09 1.03178691e+09 1.03178692e+09 1.03178692e+09
 1.03178693e+09 1.03178694e+09 1.03178695e+09 1.03178695e+09
 1.03178696e+09 1.03178697e+09 1.03178698e+09 1.03178698e+09
 1.03178699e+09 1.03178700e+09 1.03178701e+09 1.03178701e+09
 1.03178702e+09 1.03178703e+09 1.03178704e+09 1.03178705e+09
 1.03178705e+09 1.03178706e+09 1.03178707e+09 1.03178708e+09
 1.03178708e+09 1.03178709e+09 1.03178710e+09 1.03178711e+09
 1.03178711e+09 1.03178712e+09 1.03178713e+09 1.03178714e+09
 1.03178714e+09 1.03178715e+09 1.03178716e+09 1.03178717e+09
 1.03178717e+09 1.03178718e+09 1.03178719e+09 1.03178720e+09
 1.03178721e+09 1.03178721e+09 1.03178722e+09 1.03178723e+09
 1.03178724e+09 1.03178724e+09 1.03178725e+09 1.03178726e+09
 1.03178727e+09 1.03178727e+09 1.03178728e+09 1.03178729e+09
 1.03178730e+09 1.03178730e+09 1.03178731e+09 1.03178732e+09
 1.03178733e+09 1.03178734e+09 1.03178734e+09 1.03178735e+09
 1.03178736e+09 1.03178737e+09 1.03178737e+09 1.03178738e+09
 1.03178739e+09 1.03178740e+09 1.03178740e+09 1.03178741e+09
 1.03178742e+09 1.03178743e+09 1.03178743e+09 1.03178744e+09
 1.03178745e+09 1.03178746e+09 1.03178746e+09 1.03178747e+09
 1.03178748e+09 1.03178749e+09 1.03178750e+09 1.03178750e+09
 1.03178751e+09 1.03178752e+09 1.03178753e+09 1.03178753e+09
 1.03178754e+09 1.03178755e+09 1.03178756e+09 1.03178756e+09
 1.03178757e+09 1.03178758e+09 1.03178759e+09 1.03178759e+09
 1.03178760e+09 1.03178761e+09 1.03178762e+09 1.03178762e+09
 1.03178763e+09 1.03178764e+09 1.03178765e+09 1.03178766e+09
 1.03178766e+09 1.03178767e+09 1.03178768e+09 1.03178769e+09
 1.03178769e+09 1.03178770e+09 1.03178771e+09 1.03178772e+09
 1.03178772e+09 1.03178773e+09 1.03178774e+09 1.03178775e+09
 1.03178775e+09 1.03178776e+09 1.03178777e+09 1.03178778e+09
 1.03178779e+09 1.03178779e+09 1.03178780e+09 1.03178781e+09
 1.03178782e+09 1.03178782e+09 1.03178783e+09 1.03178784e+09
 1.03178785e+09 1.03178785e+09 1.03178786e+09 1.03178787e+09
 1.03178788e+09 1.03178788e+09 1.03178789e+09 1.03178790e+09
 1.03178791e+09 1.03178791e+09 1.03178792e+09 1.03178793e+09
 1.03178794e+09 1.03178795e+09 1.03178795e+09 1.03178796e+09
 1.03178797e+09 1.03178798e+09 1.03178798e+09 1.03178799e+09
 1.03178800e+09 1.03178801e+09 1.03178801e+09 1.03178802e+09
 1.03178803e+09 1.03178804e+09 1.03178804e+09 1.03178805e+09
 1.03178806e+09 1.03178807e+09 1.03178807e+09 1.03178808e+09
 1.03178809e+09 1.03178810e+09 1.03178811e+09 1.03178811e+09
 1.03178812e+09 1.03178813e+09 1.03178814e+09 1.03178814e+09
 1.03178815e+09 1.03178816e+09 1.03178817e+09 1.03178817e+09
 1.03178818e+09 1.03178819e+09 1.03178820e+09 1.03178820e+09
 1.03178821e+09 1.03178822e+09 1.03178823e+09 1.03178824e+09
 1.03178824e+09 1.03178825e+09 1.03178826e+09 1.03178827e+09
 1.03178827e+09 1.03178828e+09 1.03178829e+09 1.03178830e+09
 1.03178830e+09 1.03178831e+09 1.03178832e+09 1.03178833e+09
 1.03178833e+09 1.03178834e+09 1.03178835e+09 1.03178836e+09
 1.03178836e+09 1.03178837e+09 1.03178838e+09 1.03178839e+09
 1.03178840e+09 1.03178840e+09 1.03178841e+09 1.03178842e+09]
minRes = 5.529304691146419
minResTime =  [1.0317808e+09]
