name =JUICE_ROI_CAL_4_3_11
flyby =  ['2033 MAR 04 14:44:09', '2033 MAR 05 14:44:09']
Observation TW =  <SpiceCell dtype = 1, length = 0, size = 3000, card = 10, is_set = 1, adjust = 0, init = 1, base = 2554799128624, data = 2554799128672>
Res(t) =  [6.22946372 6.22784625 6.22622863 6.22461085 6.2229929  6.2213748
 6.21975654 6.21813811 6.21651953 6.21490079 6.21328189 6.21166283
 6.21004361 6.20842423 6.20680469 6.20518498 6.20356512 6.2019451
 6.20032492 6.19870458 6.19708408 6.19546342 6.19384259 6.19222161
 6.19060047 6.18897916 6.1873577  6.18573607 6.18411429 6.18249234
 6.18087023 6.17924796 6.17762554 6.17600295 6.17438019 6.17275728
 6.17113421 6.16951097 6.16788758 6.16626402 6.1646403  6.16301642
 6.16139238 6.15976818 6.15814381 6.15651929 6.1548946  6.15326975
 6.15164474 6.15001956 6.14839423 6.14676873 6.14514307 6.14351725
 6.14189127 6.14026512 6.13863881 6.13701234 6.13538571 6.13375892
 6.13213196 6.13050484 6.12887756 6.12725011 6.12562251 6.12399474
 6.1223668  6.12073871 6.11911045 6.11748203 6.11585344 6.11422469
 6.11259578 6.11096671 6.10933747 6.10770807 6.10607851 6.10444878
 6.10281889 6.10118884 6.09955862 6.09792824 6.0962977  6.09466699
 6.09303612 6.09140508 6.08977388 6.08814252 6.08651099 6.0848793
 6.08324744 6.08161542 6.07998324 6.07835089 6.07671838 6.0750857
 6.07345286 6.07181985 6.07018668 6.06855335 6.06691985 6.06528618
 6.06365235 6.06201836 6.0603842  6.05874988 6.05711539 6.05548074
 6.05384592 6.05221093 6.05057578 6.04894047 6.04730499 6.04566934
 6.04403353 6.04239756 6.04076142 6.03912511 6.03748864 6.035852
 6.0342152  6.03257823 6.03094109 6.02930379 6.02766632 6.02602869
 6.02439089 6.02275292 6.02111479 6.01947649 6.01783803 6.0161994
 6.0145606  6.01292163 6.0112825  6.00964321 6.00800374 6.00636411
 6.00472431 6.00308435 6.00144422 5.99980392 5.99816346 5.99652283
 5.99488203 5.99324106 5.99159993 5.98995863 5.98831716 5.98667552
 5.98503372 5.98339175 5.98174961 5.98010731 5.97846483 5.97682219
 5.97517938 5.97353641 5.97189326 5.97024995 5.96860647 5.96696282
 5.965319   5.96367502 5.96203087 5.96038655 5.95874206 5.9570974
 5.95545257 5.95380758 5.95216241 5.95051708 5.94887158 5.94722591
 5.94558007 5.94393406 5.94228789 5.94064154 5.93899503 5.93734834
 5.93570149 5.93405447 5.93240728 5.93075992 5.92911239 5.92746469
 5.92581682 5.92416878 5.92252057 5.92087219 5.91922364 5.91757493
 5.91592604 5.91427698 5.91262776 5.91097836 5.90932879 5.90767905
 5.90602915 5.90437907 5.90272882 5.9010784  5.89942781 5.89777705
 5.89612612 5.89447502 5.89282375 5.89117231 5.88952069 5.88786891
 5.88621695 5.88456483 5.88291253 5.88126006 5.87960743 5.87795462
 5.87630163 5.87464848 5.87299516 5.87134166 5.86968799 5.86803415
 5.86638014 5.86472596 5.86307161 5.86141708 5.85976239 5.85810752
 5.85645248 5.85479726 5.85314188 5.85148632 5.84983059 5.84817469
 5.84651861 5.84486237 5.84320595 5.84154935 5.83989259 5.83823565
 5.83657854 5.83492126 5.83326381 5.83160618 5.82994838 5.8282904
 5.82663226 5.82497394 5.82331544 5.82165678 5.81999794 5.81833892
 5.81667974 5.81502038 5.81336084 5.81170114 5.81004126 5.8083812
 5.80672097 5.80506057 5.8034     5.80173925 5.80007832 5.79841722
 5.79675595 5.79509451 5.79343289 5.79177109 5.79010912 5.78844698
 5.78678466 5.78512217 5.7834595  5.78179666 5.78013364 5.77847045
 5.77680708 5.77514354 5.77347983 5.77181594 5.77015187 5.76848763
 5.76682321 5.76515862 5.76349385 5.76182891 5.76016379 5.7584985
 5.75683303 5.75516739 5.75350157 5.75183557 5.7501694  5.74850305
 5.74683653 5.74516983 5.74350295 5.7418359  5.74016867 5.73850126
 5.73683368 5.73516593 5.73349799 5.73182988 5.7301616  5.72849313
 5.72682449 5.72515568 5.72348668 5.72181751 5.72014817 5.71847864
 5.71680894 5.71513906 5.71346901 5.71179877 5.71012836 5.70845777
 5.70678701 5.70511607 5.70344495 5.70177365 5.70010217 5.69843052
 5.69675869 5.69508668 5.6934145  5.69174213 5.69006959 5.68839687
 5.68672397 5.68505089 5.68337764 5.6817042  5.68003059 5.6783568
 5.67668283 5.67500868 5.67333436 5.67165985 5.66998517 5.6683103
 5.66663526 5.66496004 5.66328464 5.66160906 5.65993331 5.65825737
 5.65658125 5.65490496 5.65322848 5.65155183 5.64987499 5.64819798
 5.64652078 5.64484341 5.64316586 5.64148812 5.63981021 5.63813212
 5.63645385 5.63477539 5.63309676 5.63141795 5.62973895 5.62805978
 5.62638042 5.62470089 5.62302117 5.62134128 5.6196612  5.61798094
 5.6163005  5.61461988 5.61293908 5.6112581  5.60957694 5.6078956
 5.60621407 5.60453236 5.60285048 5.60116841 5.59948616 5.59780373
 5.59612111 5.59443832 5.59275534 5.59107218 5.58938884 5.58770532
 5.58602162 5.58433773 5.58265366 5.58096941 5.57928498 5.57760036
 5.57591557 5.57423059 5.57254543 5.57086008 5.56917455 5.56748884
 5.56580295 5.56411687 5.56243062 5.56074418 5.55905755 5.55737074
 5.55568375 5.55399658 5.55230922 5.55062168 5.54893396 5.54724605
 5.54555796 5.54386969 5.54218123 5.54049259 5.53880376 5.53711475
 5.53542556 5.53373618 5.53204662 5.53035688 5.52866695 5.52697683
 5.52528653 5.52359605 5.52190539 5.52021453 5.5185235  5.51683228
 5.51514087 5.51344928 5.51175751 5.51006555 5.5083734  5.50668107
 5.50498856 5.50329586 5.50160297 5.4999099  5.49821665 5.49652321
 5.49482958 5.49313577 5.49144177 5.48974759 5.48805322 5.48635866
 5.48466392 5.482969   5.48127388 5.47957858 5.4778831  5.47618743
 5.47449157 5.47279553 5.4710993  5.46940288 5.46770627 5.46600948
 5.46431251 5.46261534 5.46091799 5.45922046 5.45752273 5.45582482
 5.45412672 5.45242844 5.45072997 5.44903131 5.44733246 5.44563342
 5.4439342  5.44223479 5.4405352  5.43883541 5.43713544 5.43543528
 5.43373493 5.43203439 5.43033367 5.42863276 5.42693165 5.42523037
 5.42352889 5.42182722 5.42012537 5.41842333 5.4167211  5.41501868
 5.41331607 5.41161327 5.40991029 5.40820711 5.40650375 5.40480019
 5.40309645 5.40139252 5.3996884  5.39798409 5.39627959 5.3945749
 5.39287002 5.39116496 5.3894597  5.38775425 5.38604862 5.38434279
 5.38263677 5.38093057 5.37922417 5.37751758 5.37581081 5.37410384
 5.37239668 5.37068933 5.3689818  5.36727407 5.36556615 5.36385804
 5.36214974 5.36044124 5.35873256 5.35702369 5.35531462 5.35360537
 5.35189592 5.35018628 5.34847645 5.34676643 5.34505622 5.34334582
 5.34163522 5.33992443 5.33821346 5.33650228 5.33479092 5.33307937
 5.33136762 5.32965568 5.32794355 5.32623123 5.32451872 5.32280601
 5.32109311 5.31938002 5.31766673 5.31595325 5.31423958 5.31252572
 5.31081167 5.30909742 5.30738298 5.30566834 5.30395351 5.30223849
 5.30052328 5.29880787 5.29709227 5.29537648 5.29366049 5.29194431
 5.29022793 5.28851136 5.2867946  5.28507765 5.2833605  5.28164315
 5.27992561 5.27820788 5.27648995 5.27477183 5.27305352 5.27133501
 5.2696163  5.2678974  5.26617831 5.26445902 5.26273954 5.26101986
 5.25929999 5.25757992 5.25585965 5.2541392  5.25241854 5.25069769
 5.24897665 5.24725541 5.24553397 5.24381234 5.24209052 5.24036849
 5.23864628 5.23692386 5.23520125 5.23347845 5.23175544 5.23003225
 5.22830885 5.22658526 5.22486147 5.22313749 5.22141331 5.21968893
 5.21796436 5.21623959 5.21451462 5.21278946 5.2110641  5.20933854
 5.20761279 5.20588684 5.20416069 5.20243434 5.2007078  5.19898105
 5.19725412 5.19552698 5.19379965 5.19207211 5.19034438 5.18861646
 5.18688833 5.18516001 5.18343149 5.18170277 5.17997385 5.17824473
 5.17651542 5.1747859  5.17305619 5.17132628 5.16959617 5.16786586
 5.16613536 5.16440465 5.16267375 5.16094264 5.15921134 5.15747984
 5.15574814 5.15401624 5.15228414 5.15055184 5.14881934 5.14708664
 5.14535374 5.14362064 5.14188734 5.14015384 5.13842015 5.13668625
 5.13495215 5.13321785 5.13148335 5.12974865 5.12801375 5.12627865
 5.12454335 5.12280785 5.12107215 5.11933624 5.11760014 5.11586383
 5.11412733 5.11239062 5.11065371 5.1089166  5.10717929 5.10544178
 5.10370406 5.10196615 5.10022803 5.09848971 5.09675119 5.09501247
 5.09327354 5.09153442 5.08979509 5.08805556 5.08631583 5.08457589
 5.08283575 5.08109541 5.07935487 5.07761412 5.07587317 5.07413202
 5.07239067 5.07064911 5.06890735 5.06716539 5.06542322 5.06368086
 5.06193828 5.06019551 5.05845253 5.05670934 5.05496596 5.05322237
 5.05147857 5.04973458 5.04799037 5.04624597 5.04450136 5.04275655
 5.04101153 5.0392663  5.03752088 5.03577525 5.03402941 5.03228337
 5.03053713 5.02879068 5.02704402 5.02529716 5.0235501  5.02180283
 5.02005535 5.01830767 5.01655979 5.0148117  5.0130634  5.0113149
 5.00956619 5.00781728 5.00606816 5.00431884 5.00256931 5.00081957
 4.99906963 4.99731948 4.99556913 4.99381857 4.9920678  4.99031683
 4.98856565 4.98681426 4.98506267 4.98331087 4.98155886 4.97980665
 4.97805423 4.9763016  4.97454876 4.97279572 4.97104247 4.96928902
 4.96753535 4.96578148 4.9640274  4.96227311 4.96051862 4.95876392
 4.95700901 4.95525389 4.95349856 4.95174303 4.94998728 4.94823133
 4.94647517 4.94471881 4.94296223 4.94120544 4.93944845 4.93769125
 4.93593384 4.93417622 4.93241839 4.93066035 4.9289021  4.92714364
 4.92538498 4.9236261  4.92186702 4.92010772 4.91834822 4.9165885
 4.91482858 4.91306845 4.9113081  4.90954755 4.90778679 4.90602581
 4.90426463 4.90250323 4.90074163 4.89897981 4.89721779 4.89545555
 4.8936931  4.89193044 4.89016758 4.8884045  4.8866412  4.8848777
 4.88311399 4.88135006 4.87958593 4.87782158 4.87605702 4.87429225
 4.87252727 4.87076207 4.86899667 4.86723105 4.86546522 4.86369917
 4.86193292 4.86016645 4.85839977 4.85663288 4.85486578 4.85309846
 4.85133093 4.84956319 4.84779523 4.84602707 4.84425869 4.84249009
 4.84072129 4.83895226 4.83718303 4.83541358 4.83364392 4.83187405
 4.83010396 4.82833366 4.82656314 4.82479242 4.82302147 4.82125032
 4.81947894 4.81770736 4.81593556 4.81416354 4.81239132 4.81061887
 4.80884621 4.80707334 4.80530026 4.80352695 4.80175344 4.7999797
 4.79820576 4.79643159 4.79465722 4.79288262 4.79110781 4.78933279
 4.78755755 4.7857821  4.78400642 4.78223054 4.78045444 4.77867812
 4.77690158 4.77512483 4.77334786 4.77157068 4.76979328 4.76801566
 4.76623783 4.76445978 4.76268151 4.76090303 4.75912433 4.75734541
 4.75556628 4.75378692 4.75200735 4.75022757 4.74844756 4.74666734
 4.7448869  4.74310625 4.74132537 4.73954428 4.73776297 4.73598144
 4.7341997  4.73241773 4.73063555 4.72885315 4.72707053 4.72528769
 4.72350463 4.72172136 4.71993787 4.71815415 4.71637022 4.71458607
 4.7128017  4.71101711 4.7092323  4.70744728 4.70566203 4.70387656
 4.70209088 4.70030497 4.69851884 4.6967325  4.69494593 4.69315915
 4.69137214 4.68958492 4.68779747 4.6860098  4.68422192 4.68243381
 4.68064548 4.67885693 4.67706816 4.67527917 4.67348996 4.67170053
 4.66991087 4.668121   4.6663309  4.66454058 4.66275004 4.66095928
 4.6591683  4.6573771  4.65558567 4.65379402 4.65200215 4.65021006
 4.64841775 4.64662521 4.64483245 4.64303947 4.64124627 4.63945284
 4.63765919 4.63586532 4.63407123 4.63227691 4.63048237 4.62868761
 4.62689262 4.62509741 4.62330198 4.62150632 4.61971044 4.61791434
 4.61611801 4.61432146 4.61252468 4.61072768 4.60893046 4.60713301
 4.60533534 4.60353744 4.60173932 4.59994098 4.59814241 4.59634361
 4.59454459 4.59274535 4.59094588 4.58914619 4.58734627 4.58554612
 4.58374575 4.58194516 4.58014434 4.57834329 4.57654202 4.57474052
 4.5729388  4.57113685 4.56933468 4.56753227 4.56572965 4.56392679
 4.56212371 4.56032041 4.55851687 4.55671312 4.55490913 4.55310492
 4.55130048 4.54949581 4.54769092 4.54588579 4.54408045 4.54227487
 4.54046907 4.53866304 4.53685678 4.53505029 4.53324358 4.53143664
 4.52962947 4.52782207 4.52601445 4.52420659]
t =  [1.04683232e+09 1.04683233e+09 1.04683235e+09 1.04683236e+09
 1.04683237e+09 1.04683239e+09 1.04683240e+09 1.04683242e+09
 1.04683243e+09 1.04683244e+09 1.04683246e+09 1.04683247e+09
 1.04683249e+09 1.04683250e+09 1.04683251e+09 1.04683253e+09
 1.04683254e+09 1.04683256e+09 1.04683257e+09 1.04683258e+09
 1.04683260e+09 1.04683261e+09 1.04683263e+09 1.04683264e+09
 1.04683265e+09 1.04683267e+09 1.04683268e+09 1.04683270e+09
 1.04683271e+09 1.04683272e+09 1.04683274e+09 1.04683275e+09
 1.04683277e+09 1.04683278e+09 1.04683279e+09 1.04683281e+09
 1.04683282e+09 1.04683284e+09 1.04683285e+09 1.04683286e+09
 1.04683288e+09 1.04683289e+09 1.04683291e+09 1.04683292e+09
 1.04683293e+09 1.04683295e+09 1.04683296e+09 1.04683298e+09
 1.04683299e+09 1.04683300e+09 1.04683302e+09 1.04683303e+09
 1.04683305e+09 1.04683306e+09 1.04683307e+09 1.04683309e+09
 1.04683310e+09 1.04683312e+09 1.04683313e+09 1.04683314e+09
 1.04683316e+09 1.04683317e+09 1.04683319e+09 1.04683320e+09
 1.04683321e+09 1.04683323e+09 1.04683324e+09 1.04683326e+09
 1.04683327e+09 1.04683328e+09 1.04683330e+09 1.04683331e+09
 1.04683333e+09 1.04683334e+09 1.04683335e+09 1.04683337e+09
 1.04683338e+09 1.04683340e+09 1.04683341e+09 1.04683342e+09
 1.04683344e+09 1.04683345e+09 1.04683347e+09 1.04683348e+09
 1.04683349e+09 1.04683351e+09 1.04683352e+09 1.04683354e+09
 1.04683355e+09 1.04683356e+09 1.04683358e+09 1.04683359e+09
 1.04683361e+09 1.04683362e+09 1.04683363e+09 1.04683365e+09
 1.04683366e+09 1.04683368e+09 1.04683369e+09 1.04683370e+09
 1.04683372e+09 1.04683373e+09 1.04683375e+09 1.04683376e+09
 1.04683377e+09 1.04683379e+09 1.04683380e+09 1.04683382e+09
 1.04683383e+09 1.04683384e+09 1.04683386e+09 1.04683387e+09
 1.04683389e+09 1.04683390e+09 1.04683391e+09 1.04683393e+09
 1.04683394e+09 1.04683396e+09 1.04683397e+09 1.04683398e+09
 1.04683400e+09 1.04683401e+09 1.04683403e+09 1.04683404e+09
 1.04683405e+09 1.04683407e+09 1.04683408e+09 1.04683410e+09
 1.04683411e+09 1.04683412e+09 1.04683414e+09 1.04683415e+09
 1.04683417e+09 1.04683418e+09 1.04683419e+09 1.04683421e+09
 1.04683422e+09 1.04683424e+09 1.04683425e+09 1.04683426e+09
 1.04683428e+09 1.04683429e+09 1.04683431e+09 1.04683432e+09
 1.04683433e+09 1.04683435e+09 1.04683436e+09 1.04683438e+09
 1.04683439e+09 1.04683440e+09 1.04683442e+09 1.04683443e+09
 1.04683445e+09 1.04683446e+09 1.04683447e+09 1.04683449e+09
 1.04683450e+09 1.04683452e+09 1.04683453e+09 1.04683454e+09
 1.04683456e+09 1.04683457e+09 1.04683459e+09 1.04683460e+09
 1.04683461e+09 1.04683463e+09 1.04683464e+09 1.04683466e+09
 1.04683467e+09 1.04683468e+09 1.04683470e+09 1.04683471e+09
 1.04683473e+09 1.04683474e+09 1.04683475e+09 1.04683477e+09
 1.04683478e+09 1.04683480e+09 1.04683481e+09 1.04683482e+09
 1.04683484e+09 1.04683485e+09 1.04683487e+09 1.04683488e+09
 1.04683489e+09 1.04683491e+09 1.04683492e+09 1.04683494e+09
 1.04683495e+09 1.04683496e+09 1.04683498e+09 1.04683499e+09
 1.04683501e+09 1.04683502e+09 1.04683503e+09 1.04683505e+09
 1.04683506e+09 1.04683508e+09 1.04683509e+09 1.04683510e+09
 1.04683512e+09 1.04683513e+09 1.04683514e+09 1.04683516e+09
 1.04683517e+09 1.04683519e+09 1.04683520e+09 1.04683521e+09
 1.04683523e+09 1.04683524e+09 1.04683526e+09 1.04683527e+09
 1.04683528e+09 1.04683530e+09 1.04683531e+09 1.04683533e+09
 1.04683534e+09 1.04683535e+09 1.04683537e+09 1.04683538e+09
 1.04683540e+09 1.04683541e+09 1.04683542e+09 1.04683544e+09
 1.04683545e+09 1.04683547e+09 1.04683548e+09 1.04683549e+09
 1.04683551e+09 1.04683552e+09 1.04683554e+09 1.04683555e+09
 1.04683556e+09 1.04683558e+09 1.04683559e+09 1.04683561e+09
 1.04683562e+09 1.04683563e+09 1.04683565e+09 1.04683566e+09
 1.04683568e+09 1.04683569e+09 1.04683570e+09 1.04683572e+09
 1.04683573e+09 1.04683575e+09 1.04683576e+09 1.04683577e+09
 1.04683579e+09 1.04683580e+09 1.04683582e+09 1.04683583e+09
 1.04683584e+09 1.04683586e+09 1.04683587e+09 1.04683589e+09
 1.04683590e+09 1.04683591e+09 1.04683593e+09 1.04683594e+09
 1.04683596e+09 1.04683597e+09 1.04683598e+09 1.04683600e+09
 1.04683601e+09 1.04683603e+09 1.04683604e+09 1.04683605e+09
 1.04683607e+09 1.04683608e+09 1.04683610e+09 1.04683611e+09
 1.04683612e+09 1.04683614e+09 1.04683615e+09 1.04683617e+09
 1.04683618e+09 1.04683619e+09 1.04683621e+09 1.04683622e+09
 1.04683624e+09 1.04683625e+09 1.04683626e+09 1.04683628e+09
 1.04683629e+09 1.04683631e+09 1.04683632e+09 1.04683633e+09
 1.04683635e+09 1.04683636e+09 1.04683638e+09 1.04683639e+09
 1.04683640e+09 1.04683642e+09 1.04683643e+09 1.04683645e+09
 1.04683646e+09 1.04683647e+09 1.04683649e+09 1.04683650e+09
 1.04683652e+09 1.04683653e+09 1.04683654e+09 1.04683656e+09
 1.04683657e+09 1.04683659e+09 1.04683660e+09 1.04683661e+09
 1.04683663e+09 1.04683664e+09 1.04683666e+09 1.04683667e+09
 1.04683668e+09 1.04683670e+09 1.04683671e+09 1.04683673e+09
 1.04683674e+09 1.04683675e+09 1.04683677e+09 1.04683678e+09
 1.04683680e+09 1.04683681e+09 1.04683682e+09 1.04683684e+09
 1.04683685e+09 1.04683687e+09 1.04683688e+09 1.04683689e+09
 1.04683691e+09 1.04683692e+09 1.04683694e+09 1.04683695e+09
 1.04683696e+09 1.04683698e+09 1.04683699e+09 1.04683701e+09
 1.04683702e+09 1.04683703e+09 1.04683705e+09 1.04683706e+09
 1.04683708e+09 1.04683709e+09 1.04683710e+09 1.04683712e+09
 1.04683713e+09 1.04683715e+09 1.04683716e+09 1.04683717e+09
 1.04683719e+09 1.04683720e+09 1.04683722e+09 1.04683723e+09
 1.04683724e+09 1.04683726e+09 1.04683727e+09 1.04683729e+09
 1.04683730e+09 1.04683731e+09 1.04683733e+09 1.04683734e+09
 1.04683736e+09 1.04683737e+09 1.04683738e+09 1.04683740e+09
 1.04683741e+09 1.04683743e+09 1.04683744e+09 1.04683745e+09
 1.04683747e+09 1.04683748e+09 1.04683750e+09 1.04683751e+09
 1.04683752e+09 1.04683754e+09 1.04683755e+09 1.04683757e+09
 1.04683758e+09 1.04683759e+09 1.04683761e+09 1.04683762e+09
 1.04683764e+09 1.04683765e+09 1.04683766e+09 1.04683768e+09
 1.04683769e+09 1.04683771e+09 1.04683772e+09 1.04683773e+09
 1.04683775e+09 1.04683776e+09 1.04683778e+09 1.04683779e+09
 1.04683780e+09 1.04683782e+09 1.04683783e+09 1.04683785e+09
 1.04683786e+09 1.04683787e+09 1.04683789e+09 1.04683790e+09
 1.04683792e+09 1.04683793e+09 1.04683794e+09 1.04683796e+09
 1.04683797e+09 1.04683799e+09 1.04683800e+09 1.04683801e+09
 1.04683803e+09 1.04683804e+09 1.04683806e+09 1.04683807e+09
 1.04683808e+09 1.04683810e+09 1.04683811e+09 1.04683813e+09
 1.04683814e+09 1.04683815e+09 1.04683817e+09 1.04683818e+09
 1.04683820e+09 1.04683821e+09 1.04683822e+09 1.04683824e+09
 1.04683825e+09 1.04683827e+09 1.04683828e+09 1.04683829e+09
 1.04683831e+09 1.04683832e+09 1.04683834e+09 1.04683835e+09
 1.04683836e+09 1.04683838e+09 1.04683839e+09 1.04683841e+09
 1.04683842e+09 1.04683843e+09 1.04683845e+09 1.04683846e+09
 1.04683848e+09 1.04683849e+09 1.04683850e+09 1.04683852e+09
 1.04683853e+09 1.04683855e+09 1.04683856e+09 1.04683857e+09
 1.04683859e+09 1.04683860e+09 1.04683862e+09 1.04683863e+09
 1.04683864e+09 1.04683866e+09 1.04683867e+09 1.04683869e+09
 1.04683870e+09 1.04683871e+09 1.04683873e+09 1.04683874e+09
 1.04683876e+09 1.04683877e+09 1.04683878e+09 1.04683880e+09
 1.04683881e+09 1.04683883e+09 1.04683884e+09 1.04683885e+09
 1.04683887e+09 1.04683888e+09 1.04683890e+09 1.04683891e+09
 1.04683892e+09 1.04683894e+09 1.04683895e+09 1.04683897e+09
 1.04683898e+09 1.04683899e+09 1.04683901e+09 1.04683902e+09
 1.04683904e+09 1.04683905e+09 1.04683906e+09 1.04683908e+09
 1.04683909e+09 1.04683911e+09 1.04683912e+09 1.04683913e+09
 1.04683915e+09 1.04683916e+09 1.04683918e+09 1.04683919e+09
 1.04683920e+09 1.04683922e+09 1.04683923e+09 1.04683925e+09
 1.04683926e+09 1.04683927e+09 1.04683929e+09 1.04683930e+09
 1.04683932e+09 1.04683933e+09 1.04683934e+09 1.04683936e+09
 1.04683937e+09 1.04683939e+09 1.04683940e+09 1.04683941e+09
 1.04683943e+09 1.04683944e+09 1.04683946e+09 1.04683947e+09
 1.04683948e+09 1.04683950e+09 1.04683951e+09 1.04683953e+09
 1.04683954e+09 1.04683955e+09 1.04683957e+09 1.04683958e+09
 1.04683960e+09 1.04683961e+09 1.04683962e+09 1.04683964e+09
 1.04683965e+09 1.04683967e+09 1.04683968e+09 1.04683969e+09
 1.04683971e+09 1.04683972e+09 1.04683974e+09 1.04683975e+09
 1.04683976e+09 1.04683978e+09 1.04683979e+09 1.04683980e+09
 1.04683982e+09 1.04683983e+09 1.04683985e+09 1.04683986e+09
 1.04683987e+09 1.04683989e+09 1.04683990e+09 1.04683992e+09
 1.04683993e+09 1.04683994e+09 1.04683996e+09 1.04683997e+09
 1.04683999e+09 1.04684000e+09 1.04684001e+09 1.04684003e+09
 1.04684004e+09 1.04684006e+09 1.04684007e+09 1.04684008e+09
 1.04684010e+09 1.04684011e+09 1.04684013e+09 1.04684014e+09
 1.04684015e+09 1.04684017e+09 1.04684018e+09 1.04684020e+09
 1.04684021e+09 1.04684022e+09 1.04684024e+09 1.04684025e+09
 1.04684027e+09 1.04684028e+09 1.04684029e+09 1.04684031e+09
 1.04684032e+09 1.04684034e+09 1.04684035e+09 1.04684036e+09
 1.04684038e+09 1.04684039e+09 1.04684041e+09 1.04684042e+09
 1.04684043e+09 1.04684045e+09 1.04684046e+09 1.04684048e+09
 1.04684049e+09 1.04684050e+09 1.04684052e+09 1.04684053e+09
 1.04684055e+09 1.04684056e+09 1.04684057e+09 1.04684059e+09
 1.04684060e+09 1.04684062e+09 1.04684063e+09 1.04684064e+09
 1.04684066e+09 1.04684067e+09 1.04684069e+09 1.04684070e+09
 1.04684071e+09 1.04684073e+09 1.04684074e+09 1.04684076e+09
 1.04684077e+09 1.04684078e+09 1.04684080e+09 1.04684081e+09
 1.04684083e+09 1.04684084e+09 1.04684085e+09 1.04684087e+09
 1.04684088e+09 1.04684090e+09 1.04684091e+09 1.04684092e+09
 1.04684094e+09 1.04684095e+09 1.04684097e+09 1.04684098e+09
 1.04684099e+09 1.04684101e+09 1.04684102e+09 1.04684104e+09
 1.04684105e+09 1.04684106e+09 1.04684108e+09 1.04684109e+09
 1.04684111e+09 1.04684112e+09 1.04684113e+09 1.04684115e+09
 1.04684116e+09 1.04684118e+09 1.04684119e+09 1.04684120e+09
 1.04684122e+09 1.04684123e+09 1.04684125e+09 1.04684126e+09
 1.04684127e+09 1.04684129e+09 1.04684130e+09 1.04684132e+09
 1.04684133e+09 1.04684134e+09 1.04684136e+09 1.04684137e+09
 1.04684139e+09 1.04684140e+09 1.04684141e+09 1.04684143e+09
 1.04684144e+09 1.04684146e+09 1.04684147e+09 1.04684148e+09
 1.04684150e+09 1.04684151e+09 1.04684153e+09 1.04684154e+09
 1.04684155e+09 1.04684157e+09 1.04684158e+09 1.04684160e+09
 1.04684161e+09 1.04684162e+09 1.04684164e+09 1.04684165e+09
 1.04684167e+09 1.04684168e+09 1.04684169e+09 1.04684171e+09
 1.04684172e+09 1.04684174e+09 1.04684175e+09 1.04684176e+09
 1.04684178e+09 1.04684179e+09 1.04684181e+09 1.04684182e+09
 1.04684183e+09 1.04684185e+09 1.04684186e+09 1.04684188e+09
 1.04684189e+09 1.04684190e+09 1.04684192e+09 1.04684193e+09
 1.04684195e+09 1.04684196e+09 1.04684197e+09 1.04684199e+09
 1.04684200e+09 1.04684202e+09 1.04684203e+09 1.04684204e+09
 1.04684206e+09 1.04684207e+09 1.04684209e+09 1.04684210e+09
 1.04684211e+09 1.04684213e+09 1.04684214e+09 1.04684216e+09
 1.04684217e+09 1.04684218e+09 1.04684220e+09 1.04684221e+09
 1.04684223e+09 1.04684224e+09 1.04684225e+09 1.04684227e+09
 1.04684228e+09 1.04684230e+09 1.04684231e+09 1.04684232e+09
 1.04684234e+09 1.04684235e+09 1.04684237e+09 1.04684238e+09
 1.04684239e+09 1.04684241e+09 1.04684242e+09 1.04684244e+09
 1.04684245e+09 1.04684246e+09 1.04684248e+09 1.04684249e+09
 1.04684251e+09 1.04684252e+09 1.04684253e+09 1.04684255e+09
 1.04684256e+09 1.04684258e+09 1.04684259e+09 1.04684260e+09
 1.04684262e+09 1.04684263e+09 1.04684265e+09 1.04684266e+09
 1.04684267e+09 1.04684269e+09 1.04684270e+09 1.04684272e+09
 1.04684273e+09 1.04684274e+09 1.04684276e+09 1.04684277e+09
 1.04684279e+09 1.04684280e+09 1.04684281e+09 1.04684283e+09
 1.04684284e+09 1.04684286e+09 1.04684287e+09 1.04684288e+09
 1.04684290e+09 1.04684291e+09 1.04684293e+09 1.04684294e+09
 1.04684295e+09 1.04684297e+09 1.04684298e+09 1.04684300e+09
 1.04684301e+09 1.04684302e+09 1.04684304e+09 1.04684305e+09
 1.04684307e+09 1.04684308e+09 1.04684309e+09 1.04684311e+09
 1.04684312e+09 1.04684314e+09 1.04684315e+09 1.04684316e+09
 1.04684318e+09 1.04684319e+09 1.04684321e+09 1.04684322e+09
 1.04684323e+09 1.04684325e+09 1.04684326e+09 1.04684328e+09
 1.04684329e+09 1.04684330e+09 1.04684332e+09 1.04684333e+09
 1.04684335e+09 1.04684336e+09 1.04684337e+09 1.04684339e+09
 1.04684340e+09 1.04684342e+09 1.04684343e+09 1.04684344e+09
 1.04684346e+09 1.04684347e+09 1.04684349e+09 1.04684350e+09
 1.04684351e+09 1.04684353e+09 1.04684354e+09 1.04684356e+09
 1.04684357e+09 1.04684358e+09 1.04684360e+09 1.04684361e+09
 1.04684363e+09 1.04684364e+09 1.04684365e+09 1.04684367e+09
 1.04684368e+09 1.04684370e+09 1.04684371e+09 1.04684372e+09
 1.04684374e+09 1.04684375e+09 1.04684377e+09 1.04684378e+09
 1.04684379e+09 1.04684381e+09 1.04684382e+09 1.04684384e+09
 1.04684385e+09 1.04684386e+09 1.04684388e+09 1.04684389e+09
 1.04684391e+09 1.04684392e+09 1.04684393e+09 1.04684395e+09
 1.04684396e+09 1.04684398e+09 1.04684399e+09 1.04684400e+09
 1.04684402e+09 1.04684403e+09 1.04684405e+09 1.04684406e+09
 1.04684407e+09 1.04684409e+09 1.04684410e+09 1.04684412e+09
 1.04684413e+09 1.04684414e+09 1.04684416e+09 1.04684417e+09
 1.04684419e+09 1.04684420e+09 1.04684421e+09 1.04684423e+09
 1.04684424e+09 1.04684426e+09 1.04684427e+09 1.04684428e+09
 1.04684430e+09 1.04684431e+09 1.04684433e+09 1.04684434e+09
 1.04684435e+09 1.04684437e+09 1.04684438e+09 1.04684440e+09
 1.04684441e+09 1.04684442e+09 1.04684444e+09 1.04684445e+09
 1.04684446e+09 1.04684448e+09 1.04684449e+09 1.04684451e+09
 1.04684452e+09 1.04684453e+09 1.04684455e+09 1.04684456e+09
 1.04684458e+09 1.04684459e+09 1.04684460e+09 1.04684462e+09
 1.04684463e+09 1.04684465e+09 1.04684466e+09 1.04684467e+09
 1.04684469e+09 1.04684470e+09 1.04684472e+09 1.04684473e+09
 1.04684474e+09 1.04684476e+09 1.04684477e+09 1.04684479e+09
 1.04684480e+09 1.04684481e+09 1.04684483e+09 1.04684484e+09
 1.04684486e+09 1.04684487e+09 1.04684488e+09 1.04684490e+09
 1.04684491e+09 1.04684493e+09 1.04684494e+09 1.04684495e+09
 1.04684497e+09 1.04684498e+09 1.04684500e+09 1.04684501e+09
 1.04684502e+09 1.04684504e+09 1.04684505e+09 1.04684507e+09
 1.04684508e+09 1.04684509e+09 1.04684511e+09 1.04684512e+09
 1.04684514e+09 1.04684515e+09 1.04684516e+09 1.04684518e+09
 1.04684519e+09 1.04684521e+09 1.04684522e+09 1.04684523e+09
 1.04684525e+09 1.04684526e+09 1.04684528e+09 1.04684529e+09
 1.04684530e+09 1.04684532e+09 1.04684533e+09 1.04684535e+09
 1.04684536e+09 1.04684537e+09 1.04684539e+09 1.04684540e+09
 1.04684542e+09 1.04684543e+09 1.04684544e+09 1.04684546e+09
 1.04684547e+09 1.04684549e+09 1.04684550e+09 1.04684551e+09
 1.04684553e+09 1.04684554e+09 1.04684556e+09 1.04684557e+09
 1.04684558e+09 1.04684560e+09 1.04684561e+09 1.04684563e+09
 1.04684564e+09 1.04684565e+09 1.04684567e+09 1.04684568e+09
 1.04684570e+09 1.04684571e+09 1.04684572e+09 1.04684574e+09
 1.04684575e+09 1.04684577e+09 1.04684578e+09 1.04684579e+09
 1.04684581e+09 1.04684582e+09 1.04684584e+09 1.04684585e+09
 1.04684586e+09 1.04684588e+09 1.04684589e+09 1.04684591e+09
 1.04684592e+09 1.04684593e+09 1.04684595e+09 1.04684596e+09
 1.04684598e+09 1.04684599e+09 1.04684600e+09 1.04684602e+09
 1.04684603e+09 1.04684605e+09 1.04684606e+09 1.04684607e+09
 1.04684609e+09 1.04684610e+09 1.04684612e+09 1.04684613e+09
 1.04684614e+09 1.04684616e+09 1.04684617e+09 1.04684619e+09
 1.04684620e+09 1.04684621e+09 1.04684623e+09 1.04684624e+09
 1.04684626e+09 1.04684627e+09 1.04684628e+09 1.04684630e+09]
minRes = 4.524206593106875
minResTime =  [1.0468463e+09]
