name =JUICE_ROI_CAL_4_2_01
flyby =  ['2032 SEP 10 11:52:29', '2032 SEP 11 11:52:29']
Observation TW =  <SpiceCell dtype = 1, length = 0, size = 2600, card = 6, is_set = 1, adjust = 0, init = 1, base = 2554797277680, data = 2554797277728>
Res(t) =  [1.89656951 1.89471082 1.89285223 1.89099376 1.88913539 1.88727713
 1.88541897 1.88356092 1.88170298 1.87984515 1.87798742 1.8761298
 1.87427229 1.87241488 1.87055758 1.86870038 1.8668433  1.86498632
 1.86312944 1.86127267 1.85941601 1.85755945 1.855703   1.85384666
 1.85199042 1.85013429 1.84827826 1.84642234 1.84456653 1.84271082
 1.84085522 1.83899972 1.83714433 1.83528904 1.83343386 1.83157878
 1.82972381 1.82786894 1.82601418 1.82415953 1.82230498 1.82045053
 1.81859619 1.81674195 1.81488782 1.8130338  1.81117987 1.80932606
 1.80747234 1.80561874 1.80376523 1.80191183 1.80005854 1.79820535
 1.79635226 1.79449928 1.7926464  1.79079362 1.78894095 1.78708838
 1.78523592 1.78338356 1.7815313  1.77967915 1.7778271  1.77597516
 1.77412332 1.77227158 1.77041994 1.76856841 1.76671698 1.76486566
 1.76301443 1.76116331 1.7593123  1.75746138 1.75561057 1.75375986
 1.75190926 1.75005876 1.74820836 1.74635806 1.74450786 1.74265777
 1.74080778 1.73895789 1.73710811 1.73525842 1.73340884 1.73155936
 1.72970999 1.72786071 1.72601154 1.72416247 1.7223135  1.72046463
 1.71861586 1.7167672  1.71491863 1.71307017 1.71122181 1.70937355
 1.70752539 1.70567734 1.70382938 1.70198153 1.70013378 1.69828612
 1.69643857 1.69459112 1.69274377 1.69089652 1.68904938 1.68720233
 1.68535538 1.68350854 1.68166179 1.67981515 1.6779686  1.67612216
 1.67427581 1.67242957 1.67058343 1.66873738 1.66689144 1.6650456
 1.66319985 1.66135421 1.65950867 1.65766322 1.65581788 1.65397263
 1.65212749 1.65028244 1.6484375  1.64659265 1.6447479  1.64290325
 1.6410587  1.63921425 1.6373699  1.63552565 1.6336815  1.63183745
 1.62999349 1.62814964 1.62630588 1.62446222 1.62261866 1.6207752
 1.61893184 1.61708857 1.61524541 1.61340234 1.61155937 1.6097165
 1.60787373 1.60603106 1.60418848 1.602346   1.60050362 1.59866134
 1.59681916 1.59497707 1.59313508 1.59129319 1.5894514  1.5876097
 1.58576811 1.58392661 1.5820852  1.5802439  1.57840269 1.57656158
 1.57472057 1.57287965 1.57103883 1.56919811 1.56735749 1.56551696
 1.56367653 1.56183619 1.55999595 1.55815581 1.55631577 1.55447582
 1.55263597 1.55079622 1.54895656 1.547117   1.54527753 1.54343817
 1.54159889 1.53975972 1.53792064 1.53608165 1.53424277 1.53240397
 1.53056528 1.52872668 1.52688817 1.52504977 1.52321145 1.52137324
 1.51953512 1.51769709 1.51585916 1.51402133 1.51218359 1.51034594
 1.50850839 1.50667094 1.50483358 1.50299632 1.50115915 1.49932208
 1.4974851  1.49564822 1.49381143 1.49197474 1.49013814 1.48830164
 1.48646523 1.48462891 1.4827927  1.48095657 1.47912054 1.4772846
 1.47544876 1.47361302 1.47177736 1.4699418  1.46810634 1.46627097
 1.46443569 1.46260051 1.46076542 1.45893043 1.45709553 1.45526072
 1.45342601 1.45159139 1.44975687 1.44792243 1.4460881  1.44425385
 1.4424197  1.44058564 1.43875168 1.43691781 1.43508403 1.43325035
 1.43141676 1.42958326 1.42774985 1.42591654 1.42408332 1.4222502
 1.42041717 1.41858423 1.41675138 1.41491862 1.41308596 1.41125339
 1.40942092 1.40758853 1.40575624 1.40392404 1.40209194 1.40025992
 1.398428   1.39659617 1.39476444 1.39293279 1.39110124 1.38926978
 1.38743841 1.38560714 1.38377595 1.38194486 1.38011386 1.37828295
 1.37645213 1.37462141 1.37279078 1.37096023 1.36912978 1.36729943
 1.36546916 1.36363898 1.3618089  1.35997891 1.35814901 1.3563192
 1.35448948 1.35265985 1.35083032 1.34900087 1.34717152 1.34534225
 1.34351308 1.341684   1.33985501 1.33802611 1.3361973  1.33436859
 1.33253996 1.33071142 1.32888298 1.32705462 1.32522636 1.32339819
 1.3215701  1.31974211 1.31791421 1.3160864  1.31425868 1.31243105
 1.31060351 1.30877606 1.30694869 1.30512142 1.30329424 1.30146715
 1.29964015 1.29781324 1.29598642 1.29415969 1.29233305 1.2905065
 1.28868004 1.28685367 1.28502739 1.2832012  1.2813751  1.27954909
 1.27772316 1.27589733 1.27407159 1.27224593 1.27042037 1.26859489
 1.26676951 1.26494421 1.263119   1.26129389 1.25946886 1.25764392
 1.25581907 1.25399431 1.25216963 1.25034505 1.24852056 1.24669615
 1.24487183 1.24304761 1.24122347 1.23939942 1.23757546 1.23575158
 1.2339278  1.23210411 1.2302805  1.22845698 1.22663355 1.22481021
 1.22298696 1.2211638  1.21934072 1.21751774 1.21569484 1.21387203
 1.21204931 1.21022667 1.20840413 1.20658167 1.20475931 1.20293703
 1.20111483 1.19929273 1.19747072 1.19564879 1.19382695 1.1920052
 1.19018354 1.18836196 1.18654047 1.18471907 1.18289776 1.18107654
 1.1792554  1.17743436 1.1756134  1.17379252 1.17197174 1.17015104
 1.16833044 1.16650991 1.16468948 1.16286914 1.16104888 1.15922871
 1.15740862 1.15558863 1.15376872 1.1519489  1.15012917 1.14830952
 1.14648996 1.14467049 1.14285111 1.14103182 1.13921261 1.13739349
 1.13557445 1.13375551 1.13193665 1.13011788 1.12829919 1.1264806
 1.12466209 1.12284366 1.12102533 1.11920708 1.11738892 1.11557085
 1.11375286 1.11193496 1.11011715 1.10829943 1.10648179 1.10466424
 1.10284677 1.1010294  1.09921211 1.0973949  1.09557779 1.09376076
 1.09194382 1.09012697 1.0883102  1.08649352 1.08467692 1.08286042
 1.081044   1.07922767 1.07741142 1.07559526 1.07377919 1.07196321
 1.07014731 1.0683315  1.06651578 1.06470014 1.06288459 1.06106913
 1.05925375 1.05743846 1.05562326 1.05380815 1.05199312 1.05017818
 1.04836332 1.04654856 1.04473388 1.04291928 1.04110478 1.03929036
 1.03747603 1.03566178 1.03384762 1.03203355 1.03021957 1.02840567
 1.02659186 1.02477814 1.0229645  1.02115095 1.01933749 1.01752412
 1.01571083 1.01389763 1.01208452 1.01027149 1.00845855 1.0066457
 1.00483293 1.00302026 1.00120767 0.99939516 0.99758275 0.99577042
 0.99395818 0.99214602 0.99033396 0.98852198 0.98671009 0.98489828
 0.98308657 0.98127494 0.97946339 0.97765194 0.97584057 0.97402929
 0.9722181  0.970407   0.96859598 0.96678505 0.96497421 0.96316346
 0.96135279 0.95954222 0.95773173 0.95592133 0.95411101 0.95230079
 0.95049065 0.9486806  0.94687064 0.94506076 0.94325098 0.94144128
 0.93963167 0.93782215 0.93601272 0.93420338 0.93239412 0.93058496
 0.92877588 0.92696689 0.92515799 0.92334918 0.92154045 0.91973182
 0.91792327 0.91611482 0.91430645 0.91249817 0.91068998 0.90888188
 0.90707387 0.90526595 0.90345812 0.90165038 0.89984272 0.89803516
 0.89622769 0.8944203  0.89261301 0.8908058  0.88899869 0.88719167
 0.88538473 0.88357789 0.88177113 0.87996447 0.8781579  0.87635142
 0.87454503 0.87273873 0.87093252 0.8691264  0.86732037 0.86551443
 0.86370859 0.86190283 0.86009717 0.8582916  0.85648612 0.85468073
 0.85287543 0.85107023 0.84926512 0.8474601  0.84565517 0.84385033
 0.84204559 0.84024094 0.83843638 0.83663192 0.83482755 0.83302327
 0.83121908 0.82941499 0.82761099 0.82580709 0.82400327 0.82219956
 0.82039593 0.8185924  0.81678897 0.81498563 0.81318238 0.81137923
 0.80957617 0.80777321 0.80597035 0.80416758 0.8023649  0.80056232
 0.79875984 0.79695745 0.79515516 0.79335296 0.79155086 0.78974886
 0.78794696 0.78614515 0.78434344 0.78254182 0.78074031 0.77893889
 0.77713757 0.77533635 0.77353522 0.7717342  0.76993327 0.76813245
 0.76633172 0.76453109 0.76273056 0.76093013 0.7591298  0.75732957
 0.75552945 0.75372942 0.75192949 0.75012967 0.74832995 0.74653032
 0.74473081 0.74293139 0.74113207 0.73933286 0.73753375 0.73573475
 0.73393585 0.73213705 0.73033835 0.72853976 0.72674128 0.7249429
 0.72314462 0.72134646 0.71954839 0.71775044 0.71595259 0.71415484
 0.71235721 0.71055968 0.70876226 0.70696494 0.70516774 0.70337064
 0.70157366 0.69977678 0.69798001 0.69618336 0.69438681 0.69259038
 0.69079405 0.68899784 0.68720174 0.68540575 0.68360988 0.68181412
 0.68001847 0.67822294 0.67642752 0.67463221 0.67283703 0.67104195
 0.669247   0.66745216 0.66565744 0.66386283 0.66206835 0.66027398
 0.65847973 0.6566856  0.65489159 0.6530977  0.65130394 0.64951029
 0.64771677 0.64592337 0.64413009 0.64233694 0.64054391 0.63875101
 0.63695823 0.63516558 0.63337305 0.63158065 0.62978838 0.62799624
 0.62720336 0.62541109 0.62361895 0.62182694 0.62003506 0.61824332
 0.6164517  0.61466022 0.61286887 0.61107765 0.60928657 0.60749563
 0.60570482 0.60391415 0.60212361 0.60033322 0.59854296 0.59675285
 0.59496287 0.59317304 0.59138335 0.5895938  0.5878044  0.58601514
 0.58422603 0.58243707 0.58064825 0.57885958 0.57707106 0.5752827
 0.57349448 0.57170642 0.56991851 0.56813075 0.56634315 0.56455571
 0.56276842 0.56098129 0.55919433 0.55740752 0.55562088 0.55383439
 0.55204808 0.55026193 0.54847594 0.54669012 0.54490448 0.543119
 0.54133369 0.53954856 0.5377636  0.53597882 0.53419421 0.53240979
 0.53062554 0.52884147 0.52705759 0.52527389 0.52349037 0.52170704
 0.51992391 0.51814096 0.5163582  0.51457564 0.51279327 0.5110111
 0.50922912 0.50744735 0.50566578 0.50388441 0.50210325 0.50032229
 0.49854154 0.49676101 0.49498069 0.49320058 0.49142069 0.48964102
 0.48786157 0.48608235 0.48430335 0.48252457 0.48074603 0.47896772
 0.47718964 0.47541181 0.47363421 0.47185685 0.47007973 0.46830287
 0.46652625 0.46474988 0.46297377 0.46119792 0.45942232 0.45764699
 0.45587193 0.45409713 0.45232261 0.45054836 0.44877439 0.4470007
 0.44522729 0.44345417 0.44168134 0.43990881 0.43813658 0.43636464
 0.43459301 0.43282169 0.43105068 0.42927999 0.42750962 0.42573957
 0.42396985 0.42220046 0.42043141 0.4186627  0.41689433 0.41512632
 0.41335866 0.41159135 0.40982441 0.40805784 0.40629165 0.40452583
 0.40276039 0.40099535 0.39923069 0.39746644 0.3957026  0.39393916
 0.39217614 0.39041355 0.38865138 0.38688965 0.38512836 0.38336752
 0.38160714 0.37984722 0.37808776 0.37632879 0.37457029 0.37281229
 0.37105478 0.36929779 0.3675413  0.36578534 0.36402991 0.36227502
 0.36052068 0.35876689 0.35701367 0.35526103 0.35350897 0.35175751
 0.35000665 0.34825641 0.34650679 0.34475782 0.34300949 0.34126182
 0.33951482 0.33776851 0.33602289 0.33427798 0.33253379 0.33079034
 0.32904763 0.32730569 0.32556453 0.32382415 0.32208458 0.32034584
 0.31860793 0.31687088 0.3151347  0.31339941 0.31166503 0.30993157
 0.30819905 0.3064675  0.30473693 0.30300736 0.30127882 0.29955132
 0.29782489 0.29609956 0.29437534 0.29265225 0.29093034 0.28920961
 0.2874901  0.28577183 0.28405484 0.28233915 0.28062479 0.27891179
 0.27720019 0.27549001 0.2737813  0.27207408 0.2703684  0.26866429
 0.26696178 0.26526093 0.26356177 0.26186434 0.2601687  0.25847487
 0.25678292 0.25509289 0.25340483 0.2517188  0.25003485 0.24835303
 0.24667341 0.24499605 0.243321   0.24164834 0.23997814 0.23831046
 0.23664537 0.23498296 0.2333233  0.23166648 0.23001259 0.2283617
 0.22671392 0.22506934 0.22342807 0.22179021 0.22015586 0.21852515
 0.21689819 0.21527512 0.21365605 0.21204113 0.2104305  0.20882432
 0.20722273 0.2056259  0.20403401 0.20244723 0.20086575 0.19928978
 0.19771953 0.19615521 0.19459705 0.1930453  0.19150021 0.18996206
 0.18843114 0.18690773 0.18539217 0.18388478 0.18238593 0.18089599
 0.17941535 0.17794446 0.17648375 0.1750337  0.17359483 0.17216768
 0.17075282 0.16935087 0.1679625  0.16658841 0.16522935 0.16388614
 0.16255964 0.1612508  0.15996062 0.1586902  0.1574407  0.1562134
 0.15500969 0.15383105 0.15267911 0.15155567 0.15046265 0.14940218
 0.1483766  0.14738848 0.14644064 0.14553623 0.14467873 0.14387199
 0.14312036 0.14242867 0.14180238 0.14124766 0.14077149 0.14038185
 0.14008789 0.13990014 0.13983083 0.13989422 0.14010709 0.14048934
 0.14106475 0.14186207 0.14291636 0.14427102]
t =  [1.03172416e+09 1.03172418e+09 1.03172420e+09 1.03172422e+09
 1.03172424e+09 1.03172426e+09 1.03172428e+09 1.03172430e+09
 1.03172432e+09 1.03172434e+09 1.03172436e+09 1.03172438e+09
 1.03172440e+09 1.03172442e+09 1.03172444e+09 1.03172446e+09
 1.03172448e+09 1.03172450e+09 1.03172452e+09 1.03172454e+09
 1.03172456e+09 1.03172458e+09 1.03172460e+09 1.03172462e+09
 1.03172464e+09 1.03172466e+09 1.03172468e+09 1.03172470e+09
 1.03172472e+09 1.03172474e+09 1.03172476e+09 1.03172478e+09
 1.03172480e+09 1.03172482e+09 1.03172484e+09 1.03172486e+09
 1.03172488e+09 1.03172490e+09 1.03172492e+09 1.03172494e+09
 1.03172496e+09 1.03172498e+09 1.03172500e+09 1.03172502e+09
 1.03172504e+09 1.03172506e+09 1.03172508e+09 1.03172510e+09
 1.03172512e+09 1.03172514e+09 1.03172516e+09 1.03172518e+09
 1.03172520e+09 1.03172522e+09 1.03172524e+09 1.03172526e+09
 1.03172528e+09 1.03172530e+09 1.03172532e+09 1.03172534e+09
 1.03172536e+09 1.03172538e+09 1.03172540e+09 1.03172542e+09
 1.03172544e+09 1.03172546e+09 1.03172548e+09 1.03172550e+09
 1.03172552e+09 1.03172554e+09 1.03172556e+09 1.03172558e+09
 1.03172560e+09 1.03172562e+09 1.03172564e+09 1.03172566e+09
 1.03172569e+09 1.03172571e+09 1.03172573e+09 1.03172575e+09
 1.03172577e+09 1.03172579e+09 1.03172581e+09 1.03172583e+09
 1.03172585e+09 1.03172587e+09 1.03172589e+09 1.03172591e+09
 1.03172593e+09 1.03172595e+09 1.03172597e+09 1.03172599e+09
 1.03172601e+09 1.03172603e+09 1.03172605e+09 1.03172607e+09
 1.03172609e+09 1.03172611e+09 1.03172613e+09 1.03172615e+09
 1.03172617e+09 1.03172619e+09 1.03172621e+09 1.03172623e+09
 1.03172625e+09 1.03172627e+09 1.03172629e+09 1.03172631e+09
 1.03172633e+09 1.03172635e+09 1.03172637e+09 1.03172639e+09
 1.03172641e+09 1.03172643e+09 1.03172645e+09 1.03172647e+09
 1.03172649e+09 1.03172651e+09 1.03172653e+09 1.03172655e+09
 1.03172657e+09 1.03172659e+09 1.03172661e+09 1.03172663e+09
 1.03172665e+09 1.03172667e+09 1.03172669e+09 1.03172671e+09
 1.03172673e+09 1.03172675e+09 1.03172677e+09 1.03172679e+09
 1.03172681e+09 1.03172683e+09 1.03172685e+09 1.03172687e+09
 1.03172689e+09 1.03172691e+09 1.03172693e+09 1.03172695e+09
 1.03172697e+09 1.03172699e+09 1.03172701e+09 1.03172703e+09
 1.03172705e+09 1.03172707e+09 1.03172709e+09 1.03172711e+09
 1.03172713e+09 1.03172715e+09 1.03172717e+09 1.03172719e+09
 1.03172721e+09 1.03172723e+09 1.03172725e+09 1.03172727e+09
 1.03172729e+09 1.03172731e+09 1.03172733e+09 1.03172735e+09
 1.03172737e+09 1.03172739e+09 1.03172741e+09 1.03172743e+09
 1.03172745e+09 1.03172747e+09 1.03172749e+09 1.03172751e+09
 1.03172753e+09 1.03172755e+09 1.03172757e+09 1.03172759e+09
 1.03172761e+09 1.03172763e+09 1.03172765e+09 1.03172767e+09
 1.03172769e+09 1.03172771e+09 1.03172773e+09 1.03172775e+09
 1.03172777e+09 1.03172779e+09 1.03172781e+09 1.03172783e+09
 1.03172785e+09 1.03172787e+09 1.03172789e+09 1.03172792e+09
 1.03172794e+09 1.03172796e+09 1.03172798e+09 1.03172800e+09
 1.03172802e+09 1.03172804e+09 1.03172806e+09 1.03172808e+09
 1.03172810e+09 1.03172812e+09 1.03172814e+09 1.03172816e+09
 1.03172818e+09 1.03172820e+09 1.03172822e+09 1.03172824e+09
 1.03172826e+09 1.03172828e+09 1.03172830e+09 1.03172832e+09
 1.03172834e+09 1.03172836e+09 1.03172838e+09 1.03172840e+09
 1.03172842e+09 1.03172844e+09 1.03172846e+09 1.03172848e+09
 1.03172850e+09 1.03172852e+09 1.03172854e+09 1.03172856e+09
 1.03172858e+09 1.03172860e+09 1.03172862e+09 1.03172864e+09
 1.03172866e+09 1.03172868e+09 1.03172870e+09 1.03172872e+09
 1.03172874e+09 1.03172876e+09 1.03172878e+09 1.03172880e+09
 1.03172882e+09 1.03172884e+09 1.03172886e+09 1.03172888e+09
 1.03172890e+09 1.03172892e+09 1.03172894e+09 1.03172896e+09
 1.03172898e+09 1.03172900e+09 1.03172902e+09 1.03172904e+09
 1.03172906e+09 1.03172908e+09 1.03172910e+09 1.03172912e+09
 1.03172914e+09 1.03172916e+09 1.03172918e+09 1.03172920e+09
 1.03172922e+09 1.03172924e+09 1.03172926e+09 1.03172928e+09
 1.03172930e+09 1.03172932e+09 1.03172934e+09 1.03172936e+09
 1.03172938e+09 1.03172940e+09 1.03172942e+09 1.03172944e+09
 1.03172946e+09 1.03172948e+09 1.03172950e+09 1.03172952e+09
 1.03172954e+09 1.03172956e+09 1.03172958e+09 1.03172960e+09
 1.03172962e+09 1.03172964e+09 1.03172966e+09 1.03172968e+09
 1.03172970e+09 1.03172972e+09 1.03172974e+09 1.03172976e+09
 1.03172978e+09 1.03172980e+09 1.03172982e+09 1.03172984e+09
 1.03172986e+09 1.03172988e+09 1.03172990e+09 1.03172992e+09
 1.03172994e+09 1.03172996e+09 1.03172998e+09 1.03173000e+09
 1.03173002e+09 1.03173004e+09 1.03173006e+09 1.03173008e+09
 1.03173010e+09 1.03173012e+09 1.03173015e+09 1.03173017e+09
 1.03173019e+09 1.03173021e+09 1.03173023e+09 1.03173025e+09
 1.03173027e+09 1.03173029e+09 1.03173031e+09 1.03173033e+09
 1.03173035e+09 1.03173037e+09 1.03173039e+09 1.03173041e+09
 1.03173043e+09 1.03173045e+09 1.03173047e+09 1.03173049e+09
 1.03173051e+09 1.03173053e+09 1.03173055e+09 1.03173057e+09
 1.03173059e+09 1.03173061e+09 1.03173063e+09 1.03173065e+09
 1.03173067e+09 1.03173069e+09 1.03173071e+09 1.03173073e+09
 1.03173075e+09 1.03173077e+09 1.03173079e+09 1.03173081e+09
 1.03173083e+09 1.03173085e+09 1.03173087e+09 1.03173089e+09
 1.03173091e+09 1.03173093e+09 1.03173095e+09 1.03173097e+09
 1.03173099e+09 1.03173101e+09 1.03173103e+09 1.03173105e+09
 1.03173107e+09 1.03173109e+09 1.03173111e+09 1.03173113e+09
 1.03173115e+09 1.03173117e+09 1.03173119e+09 1.03173121e+09
 1.03173123e+09 1.03173125e+09 1.03173127e+09 1.03173129e+09
 1.03173131e+09 1.03173133e+09 1.03173135e+09 1.03173137e+09
 1.03173139e+09 1.03173141e+09 1.03173143e+09 1.03173145e+09
 1.03173147e+09 1.03173149e+09 1.03173151e+09 1.03173153e+09
 1.03173155e+09 1.03173157e+09 1.03173159e+09 1.03173161e+09
 1.03173163e+09 1.03173165e+09 1.03173167e+09 1.03173169e+09
 1.03173171e+09 1.03173173e+09 1.03173175e+09 1.03173177e+09
 1.03173179e+09 1.03173181e+09 1.03173183e+09 1.03173185e+09
 1.03173187e+09 1.03173189e+09 1.03173191e+09 1.03173193e+09
 1.03173195e+09 1.03173197e+09 1.03173199e+09 1.03173201e+09
 1.03173203e+09 1.03173205e+09 1.03173207e+09 1.03173209e+09
 1.03173211e+09 1.03173213e+09 1.03173215e+09 1.03173217e+09
 1.03173219e+09 1.03173221e+09 1.03173223e+09 1.03173225e+09
 1.03173227e+09 1.03173229e+09 1.03173231e+09 1.03173233e+09
 1.03173235e+09 1.03173238e+09 1.03173240e+09 1.03173242e+09
 1.03173244e+09 1.03173246e+09 1.03173248e+09 1.03173250e+09
 1.03173252e+09 1.03173254e+09 1.03173256e+09 1.03173258e+09
 1.03173260e+09 1.03173262e+09 1.03173264e+09 1.03173266e+09
 1.03173268e+09 1.03173270e+09 1.03173272e+09 1.03173274e+09
 1.03173276e+09 1.03173278e+09 1.03173280e+09 1.03173282e+09
 1.03173284e+09 1.03173286e+09 1.03173288e+09 1.03173290e+09
 1.03173292e+09 1.03173294e+09 1.03173296e+09 1.03173298e+09
 1.03173300e+09 1.03173302e+09 1.03173304e+09 1.03173306e+09
 1.03173308e+09 1.03173310e+09 1.03173312e+09 1.03173314e+09
 1.03173316e+09 1.03173318e+09 1.03173320e+09 1.03173322e+09
 1.03173324e+09 1.03173326e+09 1.03173328e+09 1.03173330e+09
 1.03173332e+09 1.03173334e+09 1.03173336e+09 1.03173338e+09
 1.03173340e+09 1.03173342e+09 1.03173344e+09 1.03173346e+09
 1.03173348e+09 1.03173350e+09 1.03173352e+09 1.03173354e+09
 1.03173356e+09 1.03173358e+09 1.03173360e+09 1.03173362e+09
 1.03173364e+09 1.03173366e+09 1.03173368e+09 1.03173370e+09
 1.03173372e+09 1.03173374e+09 1.03173376e+09 1.03173378e+09
 1.03173380e+09 1.03173382e+09 1.03173384e+09 1.03173386e+09
 1.03173388e+09 1.03173390e+09 1.03173392e+09 1.03173394e+09
 1.03173396e+09 1.03173398e+09 1.03173400e+09 1.03173402e+09
 1.03173404e+09 1.03173406e+09 1.03173408e+09 1.03173410e+09
 1.03173412e+09 1.03173414e+09 1.03173416e+09 1.03173418e+09
 1.03173420e+09 1.03173422e+09 1.03173424e+09 1.03173426e+09
 1.03173428e+09 1.03173430e+09 1.03173432e+09 1.03173434e+09
 1.03173436e+09 1.03173438e+09 1.03173440e+09 1.03173442e+09
 1.03173444e+09 1.03173446e+09 1.03173448e+09 1.03173450e+09
 1.03173452e+09 1.03173454e+09 1.03173456e+09 1.03173458e+09
 1.03173461e+09 1.03173463e+09 1.03173465e+09 1.03173467e+09
 1.03173469e+09 1.03173471e+09 1.03173473e+09 1.03173475e+09
 1.03173477e+09 1.03173479e+09 1.03173481e+09 1.03173483e+09
 1.03173485e+09 1.03173487e+09 1.03173489e+09 1.03173491e+09
 1.03173493e+09 1.03173495e+09 1.03173497e+09 1.03173499e+09
 1.03173501e+09 1.03173503e+09 1.03173505e+09 1.03173507e+09
 1.03173509e+09 1.03173511e+09 1.03173513e+09 1.03173515e+09
 1.03173517e+09 1.03173519e+09 1.03173521e+09 1.03173523e+09
 1.03173525e+09 1.03173527e+09 1.03173529e+09 1.03173531e+09
 1.03173533e+09 1.03173535e+09 1.03173537e+09 1.03173539e+09
 1.03173541e+09 1.03173543e+09 1.03173545e+09 1.03173547e+09
 1.03173549e+09 1.03173551e+09 1.03173553e+09 1.03173555e+09
 1.03173557e+09 1.03173559e+09 1.03173561e+09 1.03173563e+09
 1.03173565e+09 1.03173567e+09 1.03173569e+09 1.03173571e+09
 1.03173573e+09 1.03173575e+09 1.03173577e+09 1.03173579e+09
 1.03173581e+09 1.03173583e+09 1.03173585e+09 1.03173587e+09
 1.03173589e+09 1.03173591e+09 1.03173593e+09 1.03173595e+09
 1.03173597e+09 1.03173599e+09 1.03173601e+09 1.03173603e+09
 1.03173605e+09 1.03173607e+09 1.03173609e+09 1.03173611e+09
 1.03173613e+09 1.03173615e+09 1.03173617e+09 1.03173619e+09
 1.03173621e+09 1.03173623e+09 1.03173625e+09 1.03173627e+09
 1.03173629e+09 1.03173631e+09 1.03173633e+09 1.03173635e+09
 1.03173637e+09 1.03173639e+09 1.03173641e+09 1.03173643e+09
 1.03173645e+09 1.03173647e+09 1.03173649e+09 1.03173651e+09
 1.03173653e+09 1.03173655e+09 1.03173657e+09 1.03173659e+09
 1.03173661e+09 1.03173663e+09 1.03173665e+09 1.03173667e+09
 1.03173669e+09 1.03173671e+09 1.03173673e+09 1.03173675e+09
 1.03173677e+09 1.03173679e+09 1.03173681e+09 1.03173684e+09
 1.03173686e+09 1.03173688e+09 1.03173690e+09 1.03173692e+09
 1.03173694e+09 1.03173696e+09 1.03173698e+09 1.03173700e+09
 1.03173702e+09 1.03173704e+09 1.03173706e+09 1.03173708e+09
 1.03173710e+09 1.03173712e+09 1.03173714e+09 1.03173716e+09
 1.03173718e+09 1.03173720e+09 1.03173722e+09 1.03173724e+09
 1.03173726e+09 1.03173728e+09 1.03173730e+09 1.03173732e+09
 1.03173734e+09 1.03173736e+09 1.03173738e+09 1.03173740e+09
 1.03173742e+09 1.03173744e+09 1.03173746e+09 1.03173748e+09
 1.03173750e+09 1.03173752e+09 1.03173754e+09 1.03173756e+09
 1.03173758e+09 1.03173760e+09 1.03173762e+09 1.03173764e+09
 1.03173766e+09 1.03173768e+09 1.03173770e+09 1.03173772e+09
 1.03173774e+09 1.03173776e+09 1.03173778e+09 1.03173780e+09
 1.03173782e+09 1.03173784e+09 1.03173786e+09 1.03173788e+09
 1.03173790e+09 1.03173792e+09 1.03173794e+09 1.03173796e+09
 1.03173798e+09 1.03173800e+09 1.03173802e+09 1.03173804e+09
 1.03173806e+09 1.03173808e+09 1.03173810e+09 1.03173812e+09
 1.03173814e+09 1.03173816e+09 1.03173818e+09 1.03173820e+09
 1.03173822e+09 1.03173824e+09 1.03173826e+09 1.03173828e+09
 1.03173830e+09 1.03173832e+09 1.03173834e+09 1.03173836e+09
 1.03173838e+09 1.03173840e+09 1.03173842e+09 1.03173844e+09
 1.03173846e+09 1.03173848e+09 1.03173850e+09 1.03173852e+09
 1.03173854e+09 1.03173856e+09 1.03173858e+09 1.03173860e+09
 1.03173862e+09 1.03173864e+09 1.03173866e+09 1.03173868e+09
 1.03173870e+09 1.03173872e+09 1.03173874e+09 1.03173876e+09
 1.03173878e+09 1.03173880e+09 1.03173882e+09 1.03173884e+09
 1.03173886e+09 1.03173888e+09 1.03173890e+09 1.03173892e+09
 1.03173894e+09 1.03173896e+09 1.03173898e+09 1.03173900e+09
 1.03173902e+09 1.03173904e+09 1.03173907e+09 1.03173909e+09
 1.03173911e+09 1.03173913e+09 1.03173915e+09 1.03173917e+09
 1.03173919e+09 1.03173921e+09 1.03173923e+09 1.03173925e+09
 1.03173927e+09 1.03173929e+09 1.03173931e+09 1.03173933e+09
 1.03173935e+09 1.03173937e+09 1.03173939e+09 1.03173941e+09
 1.03173943e+09 1.03173945e+09 1.03173947e+09 1.03173949e+09
 1.03173951e+09 1.03173953e+09 1.03173955e+09 1.03173957e+09
 1.03173959e+09 1.03173961e+09 1.03173963e+09 1.03173965e+09
 1.03173967e+09 1.03173969e+09 1.03173971e+09 1.03173973e+09
 1.03173975e+09 1.03173977e+09 1.03173979e+09 1.03173981e+09
 1.03173983e+09 1.03173985e+09 1.03173987e+09 1.03173989e+09
 1.03173991e+09 1.03173993e+09 1.03173995e+09 1.03173997e+09
 1.03173999e+09 1.03174001e+09 1.03174003e+09 1.03174005e+09
 1.03174007e+09 1.03174009e+09 1.03174011e+09 1.03174013e+09
 1.03174015e+09 1.03174017e+09 1.03174019e+09 1.03174021e+09
 1.03174023e+09 1.03174025e+09 1.03174027e+09 1.03174029e+09
 1.03174031e+09 1.03174033e+09 1.03174035e+09 1.03174037e+09
 1.03174039e+09 1.03174041e+09 1.03174043e+09 1.03174045e+09
 1.03174047e+09 1.03174049e+09 1.03174051e+09 1.03174053e+09
 1.03174055e+09 1.03174057e+09 1.03174059e+09 1.03174061e+09
 1.03174063e+09 1.03174065e+09 1.03174067e+09 1.03174069e+09
 1.03174071e+09 1.03174073e+09 1.03174075e+09 1.03174077e+09
 1.03174079e+09 1.03174081e+09 1.03174083e+09 1.03174085e+09
 1.03174087e+09 1.03174089e+09 1.03174091e+09 1.03174093e+09
 1.03174095e+09 1.03174097e+09 1.03174099e+09 1.03174101e+09
 1.03174103e+09 1.03174105e+09 1.03174107e+09 1.03174109e+09
 1.03174111e+09 1.03174113e+09 1.03174115e+09 1.03174117e+09
 1.03174119e+09 1.03174121e+09 1.03174123e+09 1.03174125e+09
 1.03174127e+09 1.03174130e+09 1.03174132e+09 1.03174134e+09
 1.03174136e+09 1.03174138e+09 1.03174140e+09 1.03174142e+09
 1.03174144e+09 1.03174146e+09 1.03174148e+09 1.03174150e+09
 1.03174152e+09 1.03174154e+09 1.03174156e+09 1.03174158e+09
 1.03174160e+09 1.03174162e+09 1.03174164e+09 1.03174166e+09
 1.03174168e+09 1.03174170e+09 1.03174172e+09 1.03174174e+09
 1.03174176e+09 1.03174178e+09 1.03174180e+09 1.03174182e+09
 1.03174184e+09 1.03174186e+09 1.03174188e+09 1.03174190e+09
 1.03174192e+09 1.03174194e+09 1.03174196e+09 1.03174198e+09
 1.03174200e+09 1.03174202e+09 1.03174204e+09 1.03174206e+09
 1.03174208e+09 1.03174210e+09 1.03174212e+09 1.03174214e+09
 1.03174216e+09 1.03174218e+09 1.03174220e+09 1.03174222e+09
 1.03174224e+09 1.03174226e+09 1.03174228e+09 1.03174230e+09
 1.03174232e+09 1.03174234e+09 1.03174236e+09 1.03174238e+09
 1.03174240e+09 1.03174242e+09 1.03174244e+09 1.03174246e+09
 1.03174248e+09 1.03174250e+09 1.03174252e+09 1.03174254e+09
 1.03174256e+09 1.03174258e+09 1.03174260e+09 1.03174262e+09
 1.03174264e+09 1.03174266e+09 1.03174268e+09 1.03174270e+09
 1.03174272e+09 1.03174274e+09 1.03174276e+09 1.03174278e+09
 1.03174280e+09 1.03174282e+09 1.03174284e+09 1.03174286e+09
 1.03174288e+09 1.03174290e+09 1.03174292e+09 1.03174294e+09
 1.03174296e+09 1.03174298e+09 1.03174300e+09 1.03174302e+09
 1.03174304e+09 1.03174306e+09 1.03174308e+09 1.03174310e+09
 1.03174312e+09 1.03174314e+09 1.03174316e+09 1.03174318e+09
 1.03174320e+09 1.03174322e+09 1.03174324e+09 1.03174326e+09
 1.03174328e+09 1.03174330e+09 1.03174332e+09 1.03174334e+09
 1.03174336e+09 1.03174338e+09 1.03174340e+09 1.03174342e+09
 1.03174344e+09 1.03174346e+09 1.03174348e+09 1.03174350e+09
 1.03174353e+09 1.03174355e+09 1.03174357e+09 1.03174359e+09
 1.03174361e+09 1.03174363e+09 1.03174365e+09 1.03174367e+09
 1.03174369e+09 1.03174371e+09 1.03174373e+09 1.03174375e+09
 1.03174377e+09 1.03174379e+09 1.03174381e+09 1.03174383e+09
 1.03174385e+09 1.03174387e+09 1.03174389e+09 1.03174391e+09
 1.03174393e+09 1.03174395e+09 1.03174397e+09 1.03174399e+09
 1.03174401e+09 1.03174403e+09 1.03174405e+09 1.03174407e+09
 1.03174409e+09 1.03174411e+09 1.03174413e+09 1.03174415e+09
 1.03174417e+09 1.03174419e+09 1.03174421e+09 1.03174423e+09]
minRes = 0.13983083061300056
minResTime =  [1.03174409e+09]
