name =JUICE_ROI_CAL_6_1_08
flyby =  ['2032 AUG 14 10:09:17', '2032 AUG 15 10:09:17']
Observation TW =  <SpiceCell dtype = 1, length = 0, size = 3400, card = 14, is_set = 1, adjust = 0, init = 1, base = 2554805375024, data = 2554805375072>
Res(t) =  [4.0470242  4.04338184 4.03973934 4.03609669 4.03245389 4.02881095
 4.02516785 4.0215246  4.0178812  4.01423765 4.01059396 4.00695011
 4.00330611 3.99966195 3.99601765 3.99237319 3.98872858 3.98508382
 3.98143891 3.97779384 3.97414862 3.97050324 3.96685771 3.96321202
 3.95956618 3.95592018 3.95227403 3.94862772 3.94498126 3.94133464
 3.93768786 3.93404092 3.93039383 3.92674658 3.92309917 3.9194516
 3.91580387 3.91215599 3.90850794 3.90485974 3.90121137 3.89756284
 3.89391416 3.89026531 3.8866163  3.88296713 3.87931779 3.8756683
 3.87201864 3.86836881 3.86471883 3.86106868 3.85741836 3.85376789
 3.85011724 3.84646643 3.84281546 3.83916432 3.83551302 3.83186155
 3.82820991 3.8245581  3.82090613 3.81725399 3.81360168 3.80994921
 3.80629656 3.80264375 3.79899076 3.79533761 3.79168429 3.78803079
 3.78437713 3.7807233  3.77706929 3.77341511 3.76976076 3.76610624
 3.76245155 3.75879668 3.75514164 3.75148643 3.74783104 3.74417548
 3.74051974 3.73686383 3.73320774 3.72955148 3.72589504 3.72223843
 3.71858164 3.71492467 3.71126753 3.7076102  3.7039527  3.70029502
 3.69663717 3.69297913 3.68932092 3.68566252 3.68200395 3.67834519
 3.67468626 3.67102714 3.66736785 3.66370837 3.66004871 3.65638887
 3.65272884 3.64906863 3.64540824 3.64174767 3.63808691 3.63442597
 3.63076484 3.62710353 3.62344203 3.61978035 3.61611848 3.61245643
 3.60879418 3.60513176 3.60146914 3.59780634 3.59414335 3.59048017
 3.5868168  3.58315324 3.5794895  3.57582556 3.57216144 3.56849712
 3.56483262 3.56116792 3.55750303 3.55383795 3.55017268 3.54650721
 3.54284156 3.53917571 3.53550966 3.53184343 3.528177   3.52451037
 3.52084355 3.51717654 3.51350933 3.50984192 3.50617432 3.50250652
 3.49883853 3.49517033 3.49150194 3.48783336 3.48416457 3.48049559
 3.47682641 3.47315702 3.46948744 3.46581766 3.46214768 3.4584775
 3.45480712 3.45113653 3.44746575 3.44379476 3.44012357 3.43645218
 3.43278058 3.42910879 3.42543678 3.42176458 3.41809217 3.41441955
 3.41074674 3.40707371 3.40340048 3.39972704 3.3960534  3.39237955
 3.38870549 3.38503123 3.38135676 3.37768208 3.37400719 3.37033209
 3.36665678 3.36298127 3.35930554 3.35562961 3.35195346 3.3482771
 3.34460053 3.34092375 3.33724676 3.33356956 3.32989214 3.32621451
 3.32253666 3.31885861 3.31518033 3.31150185 3.30782315 3.30414423
 3.3004651  3.29678575 3.29310619 3.28942641 3.28574641 3.2820662
 3.27838577 3.27470512 3.27102425 3.26734317 3.26366186 3.25998034
 3.25629859 3.25261663 3.24893444 3.24525204 3.24156941 3.23788656
 3.23420349 3.2305202  3.22683669 3.22315295 3.21946899 3.21578481
 3.2121004  3.20841577 3.20473091 3.20104583 3.19736052 3.19367499
 3.18998923 3.18630324 3.18261703 3.17893059 3.17524393 3.17155703
 3.16786991 3.16418256 3.16049498 3.15680717 3.15311913 3.14943086
 3.14574236 3.14205363 3.13836467 3.13467548 3.13098605 3.1272964
 3.12360651 3.11991639 3.11622603 3.11253544 3.10884462 3.10515356
 3.10146227 3.09777075 3.09407898 3.09038699 3.08669475 3.08300228
 3.07930958 3.07561663 3.07192345 3.06823003 3.06453638 3.06084248
 3.05714835 3.05345397 3.04975936 3.0460645  3.04236941 3.03867408
 3.0349785  3.03128268 3.02758662 3.02389032 3.02019378 3.01649699
 3.01279996 3.00910269 3.00540517 3.00170741 2.9980094  2.99431115
 2.99061266 2.98691391 2.98321492 2.97951569 2.97581621 2.97211648
 2.9684165  2.96471627 2.9610158  2.95731508 2.95361411 2.94991289
 2.94621142 2.9425097  2.93880773 2.93510551 2.93140303 2.92770031
 2.92399733 2.92029411 2.91659062 2.91288689 2.9091829  2.90547866
 2.90177417 2.89806942 2.89436441 2.89065915 2.88695364 2.88324787
 2.87954184 2.87583556 2.87212902 2.86842222 2.86471516 2.86100785
 2.85730027 2.85359244 2.84988435 2.846176   2.84246739 2.83875852
 2.83504939 2.83134    2.82763035 2.82392043 2.82021026 2.81649982
 2.81278912 2.80907815 2.80536692 2.80165543 2.79794367 2.79423165
 2.79051937 2.78680682 2.783094   2.77938092 2.77566757 2.77195395
 2.76824007 2.76452592 2.7608115  2.75709681 2.75338185 2.74966663
 2.74595114 2.74223537 2.73851934 2.73480304 2.73108646 2.72736962
 2.7236525  2.71993511 2.71621745 2.71249952 2.70878131 2.70506283
 2.70134408 2.69762505 2.69390575 2.69018617 2.68646632 2.68274619
 2.67902579 2.67530511 2.67158416 2.66786293 2.66414142 2.66041963
 2.65669757 2.65297522 2.6492526  2.6455297  2.64180652 2.63808306
 2.63435932 2.6306353  2.626911   2.62318642 2.61946156 2.61573641
 2.61201098 2.60828527 2.60455928 2.600833   2.59710644 2.5933796
 2.58965247 2.58592506 2.58219736 2.57846938 2.57474111 2.57101255
 2.56728371 2.56355458 2.55982516 2.55609546 2.55236547 2.54863519
 2.54490462 2.54117376 2.53744262 2.53371118 2.52997945 2.52624744
 2.52251513 2.51878253 2.51504964 2.51131646 2.50758299 2.50384922
 2.50011516 2.49638081 2.49264617 2.48891123 2.48517599 2.48144047
 2.47770464 2.47396852 2.47023211 2.4664954  2.46275839 2.45902109
 2.45528349 2.4515456  2.4478074  2.44406891 2.44033012 2.43659103
 2.43285164 2.42911195 2.42537196 2.42163168 2.41789109 2.4141502
 2.41040901 2.40666752 2.40292573 2.39918363 2.39544123 2.39169853
 2.38795553 2.38421222 2.38046861 2.3767247  2.37298048 2.36923595
 2.36549113 2.36174599 2.35800055 2.35425481 2.35050875 2.34676239
 2.34301573 2.33926875 2.33552147 2.33177388 2.32802599 2.32427778
 2.32052926 2.31678044 2.3130313  2.30928186 2.3055321  2.30178204
 2.29803166 2.29428097 2.29052997 2.28677866 2.28302704 2.2792751
 2.27552285 2.27177029 2.26801742 2.26426423 2.26051072 2.2567569
 2.25300277 2.24924832 2.24549356 2.24173848 2.23798309 2.23422737
 2.23047135 2.226715   2.22295834 2.21920136 2.21544406 2.21168645
 2.20792851 2.20417026 2.20041169 2.1966528  2.19289359 2.18913406
 2.1853742  2.18161403 2.17785354 2.17409273 2.17033159 2.16657014
 2.16280836 2.15904626 2.15528384 2.15152109 2.14775802 2.14399463
 2.14023092 2.13646688 2.13270251 2.12893782 2.12517281 2.12140747
 2.11764181 2.11387582 2.11010951 2.10634287 2.1025759  2.09880861
 2.09504099 2.09127304 2.08750477 2.08373616 2.07996723 2.07619797
 2.07242839 2.06865847 2.06488823 2.06111765 2.05734675 2.05357552
 2.04980396 2.04603206 2.04225984 2.03848729 2.0347144  2.03094119
 2.02716764 2.02339376 2.01961955 2.01584501 2.01207013 2.00829493
 2.00451939 2.00074352 1.99696731 1.99319077 1.9894139  1.98563669
 1.98185915 1.97808128 1.97430307 1.97052453 1.96674565 1.96296644
 1.95918689 1.95540701 1.95162679 1.94784624 1.94406535 1.94028412
 1.93650256 1.93272066 1.92893842 1.92515585 1.92137294 1.9175897
 1.91380611 1.91002219 1.90623793 1.90245334 1.8986684  1.89488313
 1.89109752 1.88731157 1.88352529 1.87973866 1.8759517  1.8721644
 1.86837675 1.86458877 1.86080045 1.85701179 1.85322279 1.84943346
 1.84564378 1.84185376 1.8380634  1.8342727  1.83048167 1.82669029
 1.82289857 1.81910651 1.81531411 1.81152137 1.8077283  1.80393487
 1.80014111 1.79634701 1.79255257 1.78875779 1.78496266 1.7811672
 1.77737139 1.77357525 1.76977876 1.76598193 1.76218476 1.75838725
 1.7545894  1.75079121 1.74699267 1.7431938  1.73939458 1.73559503
 1.73179513 1.72799489 1.72419431 1.72039339 1.71659213 1.71279053
 1.70898858 1.7051863  1.70138368 1.69758071 1.69377741 1.68997376
 1.68616978 1.68236545 1.67856079 1.67475578 1.67095044 1.66714475
 1.66333873 1.65953237 1.65572566 1.65191862 1.64811124 1.64430352
 1.64049546 1.63668706 1.63287833 1.62906926 1.62525985 1.6214501
 1.61764001 1.61382959 1.61001883 1.60620773 1.6023963  1.59858453
 1.59477242 1.59095998 1.58714721 1.58333409 1.57952065 1.57570687
 1.57189275 1.5680783  1.56426352 1.56044841 1.55663296 1.55281718
 1.54900107 1.54518462 1.54136785 1.53755074 1.5337333  1.52991554
 1.52609744 1.52227902 1.51846026 1.51464118 1.51082177 1.50700204
 1.50318198 1.49936159 1.49554088 1.49171984 1.48789847 1.48407679
 1.48025478 1.47643245 1.47260979 1.46878682 1.46496352 1.4611399
 1.45731597 1.45349172 1.44966714 1.44584226 1.44201705 1.43819153
 1.43436569 1.43053955 1.42671308 1.42288631 1.41905922 1.41523182
 1.41140412 1.4075761  1.40374778 1.39991915 1.39609021 1.39226097
 1.38843142 1.38460157 1.38077142 1.37694097 1.37311022 1.36927917
 1.36544782 1.36161617 1.35778423 1.353952   1.35011947 1.34628665
 1.34245354 1.33862014 1.33478645 1.33095248 1.32711822 1.32328368
 1.31944886 1.31561375 1.31177837 1.3079427  1.30410676 1.30027055
 1.29643406 1.2925973  1.28876027 1.28492298 1.28108541 1.27724758
 1.27340949 1.26957114 1.26573253 1.26189366 1.25805453 1.25421515
 1.25037552 1.24653564 1.24269552 1.23885514 1.23501453 1.23117367
 1.22733257 1.22349124 1.21964967 1.21580787 1.21196585 1.20812359
 1.20428111 1.20043841 1.19659549 1.19275235 1.188909   1.18506544
 1.18122166 1.17737769 1.17353351 1.16968913 1.16584455 1.16199978
 1.15815482 1.15430967 1.15046434 1.14661883 1.14277314 1.13892727
 1.13508124 1.13123504 1.12738867 1.12354215 1.11969547 1.11584863
 1.11200166 1.10815453 1.10430727 1.10045987 1.09661234 1.09276468
 1.0889169  1.08506901 1.081221   1.07737288 1.07352465 1.06967633
 1.06582791 1.06197941 1.05813082 1.05428215 1.05043341 1.0465846
 1.04273573 1.0388868  1.03503783 1.0311888  1.02733974 1.02349065
 1.01964153 1.0157924  1.01194325 1.00809409 1.00424493 1.00039579
 0.99654665 0.99269754 0.98884846 0.98499942 0.98115042 0.97730148
 0.97345259 0.96960378 0.96575504 0.96190639 0.95805784 0.95420939
 0.95036106 0.94651285 0.94266477 0.93881683 0.93496905 0.93112143
 0.92727398 0.92342672 0.91957965 0.91573279 0.91188615 0.90803974
 0.90419357 0.90034765 0.89650201 0.89265664 0.88881156 0.88496679
 0.88112234 0.87727822 0.87343446 0.86959105 0.86574803 0.8619054
 0.85806318 0.85422138 0.85038003 0.84653914 0.84269873 0.83885881
 0.8350194  0.83118053 0.82734221 0.82350446 0.81966731 0.81583076
 0.81199485 0.8081596  0.80432502 0.80049115 0.796658   0.7928256
 0.78899397 0.78516315 0.78133315 0.777504   0.77367573 0.76984837
 0.76602195 0.76219649 0.75837203 0.75454861 0.75072625 0.74690498
 0.74177173 0.73794433 0.73411802 0.73029283 0.7264688  0.72264596
 0.71882436 0.71500403 0.71118502 0.70736736 0.70355109 0.69973627
 0.69592293 0.69211113 0.68830091 0.68449232 0.68068542 0.67688025
 0.67307687 0.66927534 0.66547571 0.66167805 0.65788241 0.65408887
 0.65029749 0.64650833 0.64272147 0.63893698 0.63515494 0.63137542
 0.62759851 0.62382429 0.62005285 0.61628427 0.61251866 0.60875611
 0.60499671 0.60124058 0.59748782 0.59373854 0.58999287 0.58625091
 0.58251281 0.57877868 0.57504867 0.57132291 0.56760155 0.56388476
 0.56017268 0.55646548 0.55276333 0.54906643 0.54537495 0.54168909
 0.53800906 0.53433507 0.53066735 0.52700613 0.52335166 0.5197042
 0.516064   0.51243136 0.50880657 0.50518995 0.50158181 0.49798249
 0.49439237 0.49081181 0.48724121 0.483681   0.48013161 0.4765935
 0.47306718 0.46955315 0.46605197 0.46256421 0.45909049 0.45563146
 0.4521878  0.44876026 0.44534959 0.44195664 0.43858227 0.43522743
 0.43189312 0.4285804  0.42529041 0.42202437 0.4187836  0.41556948
 0.41238354 0.4092274  0.40610279 0.40301162 0.39995591 0.39693787
 0.3939599  0.39102459 0.38813478 0.38529354 0.38250426 0.37977062
 0.37709667 0.37448687 0.37194615 0.36947993 0.36709425 0.36479582
 0.36259213 0.36049156 0.35850353 0.35663868 0.35490905 0.35332834
 0.3519122  0.35067864 0.34964845 0.34884579]
t =  [1.02936303e+09 1.02936307e+09 1.02936311e+09 1.02936315e+09
 1.02936319e+09 1.02936323e+09 1.02936327e+09 1.02936331e+09
 1.02936335e+09 1.02936339e+09 1.02936344e+09 1.02936348e+09
 1.02936352e+09 1.02936356e+09 1.02936360e+09 1.02936364e+09
 1.02936368e+09 1.02936372e+09 1.02936376e+09 1.02936380e+09
 1.02936385e+09 1.02936389e+09 1.02936393e+09 1.02936397e+09
 1.02936401e+09 1.02936405e+09 1.02936409e+09 1.02936413e+09
 1.02936417e+09 1.02936421e+09 1.02936426e+09 1.02936430e+09
 1.02936434e+09 1.02936438e+09 1.02936442e+09 1.02936446e+09
 1.02936450e+09 1.02936454e+09 1.02936458e+09 1.02936462e+09
 1.02936467e+09 1.02936471e+09 1.02936475e+09 1.02936479e+09
 1.02936483e+09 1.02936487e+09 1.02936491e+09 1.02936495e+09
 1.02936499e+09 1.02936503e+09 1.02936507e+09 1.02936512e+09
 1.02936516e+09 1.02936520e+09 1.02936524e+09 1.02936528e+09
 1.02936532e+09 1.02936536e+09 1.02936540e+09 1.02936544e+09
 1.02936548e+09 1.02936553e+09 1.02936557e+09 1.02936561e+09
 1.02936565e+09 1.02936569e+09 1.02936573e+09 1.02936577e+09
 1.02936581e+09 1.02936585e+09 1.02936589e+09 1.02936594e+09
 1.02936598e+09 1.02936602e+09 1.02936606e+09 1.02936610e+09
 1.02936614e+09 1.02936618e+09 1.02936622e+09 1.02936626e+09
 1.02936630e+09 1.02936635e+09 1.02936639e+09 1.02936643e+09
 1.02936647e+09 1.02936651e+09 1.02936655e+09 1.02936659e+09
 1.02936663e+09 1.02936667e+09 1.02936671e+09 1.02936675e+09
 1.02936680e+09 1.02936684e+09 1.02936688e+09 1.02936692e+09
 1.02936696e+09 1.02936700e+09 1.02936704e+09 1.02936708e+09
 1.02936712e+09 1.02936716e+09 1.02936721e+09 1.02936725e+09
 1.02936729e+09 1.02936733e+09 1.02936737e+09 1.02936741e+09
 1.02936745e+09 1.02936749e+09 1.02936753e+09 1.02936757e+09
 1.02936762e+09 1.02936766e+09 1.02936770e+09 1.02936774e+09
 1.02936778e+09 1.02936782e+09 1.02936786e+09 1.02936790e+09
 1.02936794e+09 1.02936798e+09 1.02936803e+09 1.02936807e+09
 1.02936811e+09 1.02936815e+09 1.02936819e+09 1.02936823e+09
 1.02936827e+09 1.02936831e+09 1.02936835e+09 1.02936839e+09
 1.02936844e+09 1.02936848e+09 1.02936852e+09 1.02936856e+09
 1.02936860e+09 1.02936864e+09 1.02936868e+09 1.02936872e+09
 1.02936876e+09 1.02936880e+09 1.02936884e+09 1.02936889e+09
 1.02936893e+09 1.02936897e+09 1.02936901e+09 1.02936905e+09
 1.02936909e+09 1.02936913e+09 1.02936917e+09 1.02936921e+09
 1.02936925e+09 1.02936930e+09 1.02936934e+09 1.02936938e+09
 1.02936942e+09 1.02936946e+09 1.02936950e+09 1.02936954e+09
 1.02936958e+09 1.02936962e+09 1.02936966e+09 1.02936971e+09
 1.02936975e+09 1.02936979e+09 1.02936983e+09 1.02936987e+09
 1.02936991e+09 1.02936995e+09 1.02936999e+09 1.02937003e+09
 1.02937007e+09 1.02937012e+09 1.02937016e+09 1.02937020e+09
 1.02937024e+09 1.02937028e+09 1.02937032e+09 1.02937036e+09
 1.02937040e+09 1.02937044e+09 1.02937048e+09 1.02937052e+09
 1.02937057e+09 1.02937061e+09 1.02937065e+09 1.02937069e+09
 1.02937073e+09 1.02937077e+09 1.02937081e+09 1.02937085e+09
 1.02937089e+09 1.02937093e+09 1.02937098e+09 1.02937102e+09
 1.02937106e+09 1.02937110e+09 1.02937114e+09 1.02937118e+09
 1.02937122e+09 1.02937126e+09 1.02937130e+09 1.02937134e+09
 1.02937139e+09 1.02937143e+09 1.02937147e+09 1.02937151e+09
 1.02937155e+09 1.02937159e+09 1.02937163e+09 1.02937167e+09
 1.02937171e+09 1.02937175e+09 1.02937180e+09 1.02937184e+09
 1.02937188e+09 1.02937192e+09 1.02937196e+09 1.02937200e+09
 1.02937204e+09 1.02937208e+09 1.02937212e+09 1.02937216e+09
 1.02937220e+09 1.02937225e+09 1.02937229e+09 1.02937233e+09
 1.02937237e+09 1.02937241e+09 1.02937245e+09 1.02937249e+09
 1.02937253e+09 1.02937257e+09 1.02937261e+09 1.02937266e+09
 1.02937270e+09 1.02937274e+09 1.02937278e+09 1.02937282e+09
 1.02937286e+09 1.02937290e+09 1.02937294e+09 1.02937298e+09
 1.02937302e+09 1.02937307e+09 1.02937311e+09 1.02937315e+09
 1.02937319e+09 1.02937323e+09 1.02937327e+09 1.02937331e+09
 1.02937335e+09 1.02937339e+09 1.02937343e+09 1.02937348e+09
 1.02937352e+09 1.02937356e+09 1.02937360e+09 1.02937364e+09
 1.02937368e+09 1.02937372e+09 1.02937376e+09 1.02937380e+09
 1.02937384e+09 1.02937388e+09 1.02937393e+09 1.02937397e+09
 1.02937401e+09 1.02937405e+09 1.02937409e+09 1.02937413e+09
 1.02937417e+09 1.02937421e+09 1.02937425e+09 1.02937429e+09
 1.02937434e+09 1.02937438e+09 1.02937442e+09 1.02937446e+09
 1.02937450e+09 1.02937454e+09 1.02937458e+09 1.02937462e+09
 1.02937466e+09 1.02937470e+09 1.02937475e+09 1.02937479e+09
 1.02937483e+09 1.02937487e+09 1.02937491e+09 1.02937495e+09
 1.02937499e+09 1.02937503e+09 1.02937507e+09 1.02937511e+09
 1.02937516e+09 1.02937520e+09 1.02937524e+09 1.02937528e+09
 1.02937532e+09 1.02937536e+09 1.02937540e+09 1.02937544e+09
 1.02937548e+09 1.02937552e+09 1.02937556e+09 1.02937561e+09
 1.02937565e+09 1.02937569e+09 1.02937573e+09 1.02937577e+09
 1.02937581e+09 1.02937585e+09 1.02937589e+09 1.02937593e+09
 1.02937597e+09 1.02937602e+09 1.02937606e+09 1.02937610e+09
 1.02937614e+09 1.02937618e+09 1.02937622e+09 1.02937626e+09
 1.02937630e+09 1.02937634e+09 1.02937638e+09 1.02937643e+09
 1.02937647e+09 1.02937651e+09 1.02937655e+09 1.02937659e+09
 1.02937663e+09 1.02937667e+09 1.02937671e+09 1.02937675e+09
 1.02937679e+09 1.02937684e+09 1.02937688e+09 1.02937692e+09
 1.02937696e+09 1.02937700e+09 1.02937704e+09 1.02937708e+09
 1.02937712e+09 1.02937716e+09 1.02937720e+09 1.02937724e+09
 1.02937729e+09 1.02937733e+09 1.02937737e+09 1.02937741e+09
 1.02937745e+09 1.02937749e+09 1.02937753e+09 1.02937757e+09
 1.02937761e+09 1.02937765e+09 1.02937770e+09 1.02937774e+09
 1.02937778e+09 1.02937782e+09 1.02937786e+09 1.02937790e+09
 1.02937794e+09 1.02937798e+09 1.02937802e+09 1.02937806e+09
 1.02937811e+09 1.02937815e+09 1.02937819e+09 1.02937823e+09
 1.02937827e+09 1.02937831e+09 1.02937835e+09 1.02937839e+09
 1.02937843e+09 1.02937847e+09 1.02937852e+09 1.02937856e+09
 1.02937860e+09 1.02937864e+09 1.02937868e+09 1.02937872e+09
 1.02937876e+09 1.02937880e+09 1.02937884e+09 1.02937888e+09
 1.02937892e+09 1.02937897e+09 1.02937901e+09 1.02937905e+09
 1.02937909e+09 1.02937913e+09 1.02937917e+09 1.02937921e+09
 1.02937925e+09 1.02937929e+09 1.02937933e+09 1.02937938e+09
 1.02937942e+09 1.02937946e+09 1.02937950e+09 1.02937954e+09
 1.02937958e+09 1.02937962e+09 1.02937966e+09 1.02937970e+09
 1.02937974e+09 1.02937979e+09 1.02937983e+09 1.02937987e+09
 1.02937991e+09 1.02937995e+09 1.02937999e+09 1.02938003e+09
 1.02938007e+09 1.02938011e+09 1.02938015e+09 1.02938020e+09
 1.02938024e+09 1.02938028e+09 1.02938032e+09 1.02938036e+09
 1.02938040e+09 1.02938044e+09 1.02938048e+09 1.02938052e+09
 1.02938056e+09 1.02938060e+09 1.02938065e+09 1.02938069e+09
 1.02938073e+09 1.02938077e+09 1.02938081e+09 1.02938085e+09
 1.02938089e+09 1.02938093e+09 1.02938097e+09 1.02938101e+09
 1.02938106e+09 1.02938110e+09 1.02938114e+09 1.02938118e+09
 1.02938122e+09 1.02938126e+09 1.02938130e+09 1.02938134e+09
 1.02938138e+09 1.02938142e+09 1.02938147e+09 1.02938151e+09
 1.02938155e+09 1.02938159e+09 1.02938163e+09 1.02938167e+09
 1.02938171e+09 1.02938175e+09 1.02938179e+09 1.02938183e+09
 1.02938188e+09 1.02938192e+09 1.02938196e+09 1.02938200e+09
 1.02938204e+09 1.02938208e+09 1.02938212e+09 1.02938216e+09
 1.02938220e+09 1.02938224e+09 1.02938228e+09 1.02938233e+09
 1.02938237e+09 1.02938241e+09 1.02938245e+09 1.02938249e+09
 1.02938253e+09 1.02938257e+09 1.02938261e+09 1.02938265e+09
 1.02938269e+09 1.02938274e+09 1.02938278e+09 1.02938282e+09
 1.02938286e+09 1.02938290e+09 1.02938294e+09 1.02938298e+09
 1.02938302e+09 1.02938306e+09 1.02938310e+09 1.02938315e+09
 1.02938319e+09 1.02938323e+09 1.02938327e+09 1.02938331e+09
 1.02938335e+09 1.02938339e+09 1.02938343e+09 1.02938347e+09
 1.02938351e+09 1.02938356e+09 1.02938360e+09 1.02938364e+09
 1.02938368e+09 1.02938372e+09 1.02938376e+09 1.02938380e+09
 1.02938384e+09 1.02938388e+09 1.02938392e+09 1.02938396e+09
 1.02938401e+09 1.02938405e+09 1.02938409e+09 1.02938413e+09
 1.02938417e+09 1.02938421e+09 1.02938425e+09 1.02938429e+09
 1.02938433e+09 1.02938437e+09 1.02938442e+09 1.02938446e+09
 1.02938450e+09 1.02938454e+09 1.02938458e+09 1.02938462e+09
 1.02938466e+09 1.02938470e+09 1.02938474e+09 1.02938478e+09
 1.02938483e+09 1.02938487e+09 1.02938491e+09 1.02938495e+09
 1.02938499e+09 1.02938503e+09 1.02938507e+09 1.02938511e+09
 1.02938515e+09 1.02938519e+09 1.02938524e+09 1.02938528e+09
 1.02938532e+09 1.02938536e+09 1.02938540e+09 1.02938544e+09
 1.02938548e+09 1.02938552e+09 1.02938556e+09 1.02938560e+09
 1.02938564e+09 1.02938569e+09 1.02938573e+09 1.02938577e+09
 1.02938581e+09 1.02938585e+09 1.02938589e+09 1.02938593e+09
 1.02938597e+09 1.02938601e+09 1.02938605e+09 1.02938610e+09
 1.02938614e+09 1.02938618e+09 1.02938622e+09 1.02938626e+09
 1.02938630e+09 1.02938634e+09 1.02938638e+09 1.02938642e+09
 1.02938646e+09 1.02938651e+09 1.02938655e+09 1.02938659e+09
 1.02938663e+09 1.02938667e+09 1.02938671e+09 1.02938675e+09
 1.02938679e+09 1.02938683e+09 1.02938687e+09 1.02938692e+09
 1.02938696e+09 1.02938700e+09 1.02938704e+09 1.02938708e+09
 1.02938712e+09 1.02938716e+09 1.02938720e+09 1.02938724e+09
 1.02938728e+09 1.02938732e+09 1.02938737e+09 1.02938741e+09
 1.02938745e+09 1.02938749e+09 1.02938753e+09 1.02938757e+09
 1.02938761e+09 1.02938765e+09 1.02938769e+09 1.02938773e+09
 1.02938778e+09 1.02938782e+09 1.02938786e+09 1.02938790e+09
 1.02938794e+09 1.02938798e+09 1.02938802e+09 1.02938806e+09
 1.02938810e+09 1.02938814e+09 1.02938819e+09 1.02938823e+09
 1.02938827e+09 1.02938831e+09 1.02938835e+09 1.02938839e+09
 1.02938843e+09 1.02938847e+09 1.02938851e+09 1.02938855e+09
 1.02938860e+09 1.02938864e+09 1.02938868e+09 1.02938872e+09
 1.02938876e+09 1.02938880e+09 1.02938884e+09 1.02938888e+09
 1.02938892e+09 1.02938896e+09 1.02938900e+09 1.02938905e+09
 1.02938909e+09 1.02938913e+09 1.02938917e+09 1.02938921e+09
 1.02938925e+09 1.02938929e+09 1.02938933e+09 1.02938937e+09
 1.02938941e+09 1.02938946e+09 1.02938950e+09 1.02938954e+09
 1.02938958e+09 1.02938962e+09 1.02938966e+09 1.02938970e+09
 1.02938974e+09 1.02938978e+09 1.02938982e+09 1.02938987e+09
 1.02938991e+09 1.02938995e+09 1.02938999e+09 1.02939003e+09
 1.02939007e+09 1.02939011e+09 1.02939015e+09 1.02939019e+09
 1.02939023e+09 1.02939028e+09 1.02939032e+09 1.02939036e+09
 1.02939040e+09 1.02939044e+09 1.02939048e+09 1.02939052e+09
 1.02939056e+09 1.02939060e+09 1.02939064e+09 1.02939068e+09
 1.02939073e+09 1.02939077e+09 1.02939081e+09 1.02939085e+09
 1.02939089e+09 1.02939093e+09 1.02939097e+09 1.02939101e+09
 1.02939105e+09 1.02939109e+09 1.02939114e+09 1.02939118e+09
 1.02939122e+09 1.02939126e+09 1.02939130e+09 1.02939134e+09
 1.02939138e+09 1.02939142e+09 1.02939146e+09 1.02939150e+09
 1.02939155e+09 1.02939159e+09 1.02939163e+09 1.02939167e+09
 1.02939171e+09 1.02939175e+09 1.02939179e+09 1.02939183e+09
 1.02939187e+09 1.02939191e+09 1.02939196e+09 1.02939200e+09
 1.02939204e+09 1.02939208e+09 1.02939212e+09 1.02939216e+09
 1.02939220e+09 1.02939224e+09 1.02939228e+09 1.02939232e+09
 1.02939236e+09 1.02939241e+09 1.02939245e+09 1.02939249e+09
 1.02939253e+09 1.02939257e+09 1.02939261e+09 1.02939265e+09
 1.02939269e+09 1.02939273e+09 1.02939277e+09 1.02939282e+09
 1.02939286e+09 1.02939290e+09 1.02939294e+09 1.02939298e+09
 1.02939302e+09 1.02939306e+09 1.02939310e+09 1.02939314e+09
 1.02939318e+09 1.02939323e+09 1.02939327e+09 1.02939331e+09
 1.02939335e+09 1.02939339e+09 1.02939343e+09 1.02939347e+09
 1.02939351e+09 1.02939355e+09 1.02939359e+09 1.02939364e+09
 1.02939368e+09 1.02939372e+09 1.02939376e+09 1.02939380e+09
 1.02939384e+09 1.02939388e+09 1.02939392e+09 1.02939396e+09
 1.02939400e+09 1.02939404e+09 1.02939409e+09 1.02939413e+09
 1.02939417e+09 1.02939421e+09 1.02939425e+09 1.02939429e+09
 1.02939433e+09 1.02939437e+09 1.02939441e+09 1.02939445e+09
 1.02939450e+09 1.02939454e+09 1.02939458e+09 1.02939462e+09
 1.02939466e+09 1.02939470e+09 1.02939474e+09 1.02939478e+09
 1.02939482e+09 1.02939486e+09 1.02939491e+09 1.02939495e+09
 1.02939499e+09 1.02939503e+09 1.02939507e+09 1.02939511e+09
 1.02939515e+09 1.02939519e+09 1.02939523e+09 1.02939527e+09
 1.02939532e+09 1.02939536e+09 1.02939540e+09 1.02939544e+09
 1.02939548e+09 1.02939552e+09 1.02939556e+09 1.02939560e+09
 1.02939564e+09 1.02939568e+09 1.02939573e+09 1.02939577e+09
 1.02939581e+09 1.02939585e+09 1.02939589e+09 1.02939593e+09
 1.02939597e+09 1.02939601e+09 1.02939605e+09 1.02939609e+09
 1.02939613e+09 1.02939618e+09 1.02939622e+09 1.02939626e+09
 1.02939630e+09 1.02939634e+09 1.02939638e+09 1.02939642e+09
 1.02939646e+09 1.02939650e+09 1.02939654e+09 1.02939659e+09
 1.02939663e+09 1.02939667e+09 1.02939671e+09 1.02939675e+09
 1.02939679e+09 1.02939683e+09 1.02939687e+09 1.02939691e+09
 1.02939695e+09 1.02939700e+09 1.02939704e+09 1.02939708e+09
 1.02939712e+09 1.02939716e+09 1.02939720e+09 1.02939724e+09
 1.02939728e+09 1.02939732e+09 1.02939736e+09 1.02939741e+09
 1.02939745e+09 1.02939749e+09 1.02939753e+09 1.02939757e+09
 1.02939761e+09 1.02939765e+09 1.02939769e+09 1.02939773e+09
 1.02939777e+09 1.02939781e+09 1.02939786e+09 1.02939790e+09
 1.02939794e+09 1.02939798e+09 1.02939802e+09 1.02939806e+09
 1.02939810e+09 1.02939814e+09 1.02939818e+09 1.02939822e+09
 1.02939827e+09 1.02939831e+09 1.02939835e+09 1.02939839e+09
 1.02939843e+09 1.02939847e+09 1.02939851e+09 1.02939855e+09
 1.02939859e+09 1.02939863e+09 1.02939868e+09 1.02939872e+09
 1.02939876e+09 1.02939880e+09 1.02939884e+09 1.02939888e+09
 1.02939892e+09 1.02939896e+09 1.02939900e+09 1.02939904e+09
 1.02939909e+09 1.02939913e+09 1.02939917e+09 1.02939921e+09
 1.02939925e+09 1.02939929e+09 1.02939933e+09 1.02939937e+09
 1.02939941e+09 1.02939945e+09 1.02939949e+09 1.02939954e+09
 1.02939958e+09 1.02939962e+09 1.02939966e+09 1.02939970e+09
 1.02939974e+09 1.02939978e+09 1.02939982e+09 1.02939986e+09
 1.02939990e+09 1.02939995e+09 1.02939999e+09 1.02940003e+09
 1.02940007e+09 1.02940011e+09 1.02940015e+09 1.02940019e+09
 1.02940023e+09 1.02940027e+09 1.02940031e+09 1.02940036e+09
 1.02940040e+09 1.02940044e+09 1.02940048e+09 1.02940052e+09
 1.02940056e+09 1.02940060e+09 1.02940064e+09 1.02940068e+09
 1.02940072e+09 1.02940077e+09 1.02940081e+09 1.02940085e+09
 1.02940089e+09 1.02940093e+09 1.02940097e+09 1.02940101e+09
 1.02940105e+09 1.02940109e+09 1.02940113e+09 1.02940117e+09
 1.02940122e+09 1.02940126e+09 1.02940130e+09 1.02940134e+09
 1.02940138e+09 1.02940142e+09 1.02940146e+09 1.02940150e+09
 1.02940154e+09 1.02940158e+09 1.02940163e+09 1.02940167e+09
 1.02940171e+09 1.02940175e+09 1.02940179e+09 1.02940183e+09
 1.02940187e+09 1.02940191e+09 1.02940195e+09 1.02940199e+09
 1.02940204e+09 1.02940208e+09 1.02940212e+09 1.02940216e+09
 1.02940220e+09 1.02940224e+09 1.02940228e+09 1.02940232e+09
 1.02940236e+09 1.02940240e+09 1.02940245e+09 1.02940249e+09
 1.02940253e+09 1.02940257e+09 1.02940261e+09 1.02940265e+09
 1.02940269e+09 1.02940273e+09 1.02940277e+09 1.02940281e+09
 1.02940285e+09 1.02940290e+09 1.02940294e+09 1.02940298e+09
 1.02940302e+09 1.02940306e+09 1.02940310e+09 1.02940314e+09
 1.02940318e+09 1.02940322e+09 1.02940326e+09 1.02940331e+09
 1.02940335e+09 1.02940339e+09 1.02940343e+09 1.02940347e+09
 1.02940351e+09 1.02940355e+09 1.02940359e+09 1.02940363e+09
 1.02940367e+09 1.02940372e+09 1.02940376e+09 1.02940380e+09
 1.02940384e+09 1.02940388e+09 1.02940392e+09 1.02940396e+09]
minRes = 0.34884579276083333
minResTime =  [1.02940396e+09]
