name =JUICE_ROI_CAL_7_0_09
flyby =  ['2032 NOV 16 05:53:16', '2032 NOV 17 05:53:16']
Observation TW =  <SpiceCell dtype = 1, length = 0, size = 2400, card = 4, is_set = 1, adjust = 0, init = 1, base = 2554798095936, data = 2554798095984>
Res(t) =  [0.06088576 0.05963415 0.05861869 0.05780435 0.05716316 0.05667248
 0.05631369 0.05607132 0.05593234 0.05588573 0.05592205 0.05603313
 0.05621192 0.05645224 0.05674865 0.05709636 0.05749111 0.05792912
 0.058407   0.05892169 0.05947046 0.06005082 0.06066054 0.06129757
 0.06196006 0.0626463  0.06335476 0.064084   0.06483272 0.06559973
 0.06638391 0.06718424 0.06799978 0.06882966 0.06967305 0.07052922
 0.07139746 0.07227712 0.07316759 0.0740683  0.07497873 0.07589839
 0.07682681 0.07776355 0.07870822 0.07966043 0.08061981 0.08158605
 0.08255881 0.08353779 0.08452273 0.08551335 0.0865094  0.08751064
 0.08851686 0.08952783 0.09054337 0.09156327 0.09258736 0.09361547
 0.09464744 0.09568311 0.09672233 0.09776498 0.0988109  0.09985999
 0.10091211 0.10196716 0.10302503 0.10408561 0.1051488  0.10621451
 0.10728264 0.10835312 0.10942586 0.11050078 0.1115778  0.11265685
 0.11373787 0.11482078 0.11590552 0.11699204 0.11808027 0.11917015
 0.12026164 0.12135468 0.12244922 0.12354521 0.12464261 0.12574137
 0.12684145 0.12794282 0.12904542 0.13014922 0.13125419 0.13236029
 0.13346749 0.13457575 0.13568504 0.13679534 0.1379066  0.13901881
 0.14013194 0.14124596 0.14236084 0.14347656 0.1445931  0.14571043
 0.14682853 0.14794738 0.14906696 0.15018724 0.15130822 0.15242986
 0.15355216 0.15467509 0.15579863 0.15692277 0.1580475  0.1591728
 0.16029865 0.16142503 0.16255194 0.16367936 0.16480728 0.16593568
 0.16706455 0.16819388 0.16932365 0.17045386 0.17158449 0.17271554
 0.17384699 0.17497883 0.17611105 0.17724364 0.17837659 0.1795099
 0.18064355 0.18177754 0.18291186 0.18404649 0.18518143 0.18631668
 0.18745222 0.18858805 0.18972416 0.19086054 0.19199719 0.1931341
 0.19427126 0.19540866 0.19654631 0.1976842  0.19882231 0.19996064
 0.20109919 0.20223796 0.20337693 0.2045161  0.20565547 0.20679502
 0.20793477 0.2090747  0.2102148  0.21135507 0.21249552 0.21363613
 0.21477689 0.21591782 0.21705889 0.21820011 0.21934148 0.22048299
 0.22162463 0.2227664  0.22390831 0.22505034 0.22619249 0.22733476
 0.22847715 0.22961966 0.23076227 0.23190499 0.23304781 0.23419073
 0.23533375 0.23647687 0.23762008 0.23876339 0.23990678 0.24105025
 0.24219381 0.24333745 0.24448116 0.24562496 0.24676882 0.24791276
 0.24905676 0.25020084 0.25134498 0.25248918 0.25363344 0.25477776
 0.25592214 0.25706657 0.25821106 0.2593556  0.26050019 0.26164482
 0.26278951 0.26393424 0.26507901 0.26622382 0.26736867 0.26851356
 0.26965849 0.27080345 0.27194845 0.27309348 0.27423854 0.27538363
 0.27652875 0.27767389 0.27881906 0.27996426 0.28110948 0.28225472
 0.28339998 0.28454526 0.28569056 0.28683588 0.28798121 0.28912656
 0.29027192 0.2914173  0.29256268 0.29370808 0.29485349 0.29599891
 0.29714433 0.29828977 0.2994352  0.30058065 0.3017261  0.30287155
 0.304017   0.30516246 0.30630791 0.30745337 0.30859882 0.30974428
 0.31088973 0.31203518 0.31318062 0.31432606 0.3154715  0.31661693
 0.31776235 0.31890776 0.32005317 0.32119857 0.32234395 0.32348933
 0.3246347  0.32578005 0.3269254  0.32807073 0.32921605 0.33036135
 0.33150664 0.33265191 0.33379717 0.33494242 0.33608764 0.33723285
 0.33837804 0.33952322 0.34066837 0.34181351 0.34295862 0.34410372
 0.34524879 0.34639385 0.34753888 0.34868389 0.34982888 0.35097385
 0.35211879 0.35326371 0.3544086  0.35555347 0.35669832 0.35784313
 0.35898793 0.3601327  0.36127744 0.36242215 0.36356684 0.3647115
 0.36585613 0.36700073 0.36814531 0.36928986 0.37043437 0.37157886
 0.37272332 0.37386774 0.37501214 0.3761565  0.37730084 0.37844514
 0.37958941 0.38073365 0.38187786 0.38302203 0.38416617 0.38531028
 0.38645435 0.38759839 0.3887424  0.38988637 0.39103031 0.39217421
 0.39331808 0.39446191 0.3956057  0.39674947 0.39789319 0.39903688
 0.40018053 0.40132415 0.40246773 0.40361127 0.40475477 0.40589824
 0.40704167 0.40818506 0.40932841 0.41047173 0.41161501 0.41275824
 0.41390144 0.4150446  0.41618772 0.4173308  0.41847385 0.41961685
 0.42075981 0.42190273 0.42304561 0.42418845 0.42533125 0.42647401
 0.42761673 0.42875941 0.42990205 0.43104464 0.4321872  0.43332971
 0.43447218 0.43561461 0.43675699 0.43789933 0.43904164 0.44018389
 0.44132611 0.44246828 0.44361041 0.4447525  0.44589455 0.44703655
 0.4481785  0.44932042 0.45046229 0.45160411 0.4527459  0.45388763
 0.45502933 0.45617098 0.45731259 0.45845415 0.45959566 0.46073714
 0.46187856 0.46301995 0.46416128 0.46530258 0.46644382 0.46758503
 0.46872618 0.46986729 0.47100836 0.47214938 0.47329036 0.47443129
 0.47557217 0.47671301 0.4778538  0.47899454 0.48013524 0.48127589
 0.4824165  0.48355706 0.48469757 0.48583804 0.48697846 0.48811883
 0.48925916 0.49039944 0.49153967 0.49267986 0.49382    0.49496009
 0.49610013 0.49724013 0.49838008 0.49951998 0.50065984 0.50179964
 0.5029394  0.50407912 0.50521878 0.5063584  0.50749797 0.50863749
 0.50977696 0.51091638 0.51205576 0.51319509 0.51433437 0.5154736
 0.51661279 0.51775192 0.51889101 0.52003005 0.52116904 0.52230799
 0.52344688 0.52458573 0.52572452 0.52686327 0.52800197 0.52914062
 0.53027922 0.53141778 0.53255628 0.53369474 0.53483314 0.5359715
 0.53710981 0.53824807 0.53938628 0.54052444 0.54166255 0.54280061
 0.54393863 0.54507659 0.54621451 0.54735237 0.54849019 0.54962796
 0.55076567 0.55190334 0.55304096 0.55417853 0.55531605 0.55645352
 0.55759094 0.55872831 0.55986563 0.5610029  0.56214012 0.5632773
 0.56441442 0.56555149 0.56668851 0.56782548 0.56896241 0.57009928
 0.5712361  0.57237288 0.5735096  0.57464627 0.5757829  0.57691947
 0.57805599 0.57919247 0.58032889 0.58146526 0.58260159 0.58373786
 0.58487408 0.58601025 0.58714638 0.58828245 0.58941847 0.59055444
 0.59169036 0.59282623 0.59396205 0.59509783 0.59623355 0.59736922
 0.59850484 0.5996404  0.60077592 0.60191139 0.60304681 0.60418218
 0.6053175  0.60645276 0.60758798 0.60872314 0.60985826 0.61099333
 0.61212834 0.6132633  0.61439822 0.61553308 0.61666789 0.61780266
 0.61893737 0.62007203 0.62120664 0.6223412  0.62347571 0.62461017
 0.62574458 0.62687893 0.62801324 0.6291475  0.6302817  0.63141586
 0.63254996 0.63368402 0.63481802 0.63595197 0.63708587 0.63821972
 0.63935352 0.64048727 0.64162097 0.64275462 0.64388822 0.64502177
 0.64615526 0.64728871 0.64842211 0.64955545 0.65068874 0.65182199
 0.65295518 0.65408832 0.65522141 0.65635445 0.65748744 0.65862038
 0.65975327 0.66088611 0.66201889 0.66315163 0.66428431 0.66541695
 0.66654953 0.66768206 0.66881455 0.66994698 0.67107936 0.67221169
 0.67334397 0.6744762  0.67560838 0.6767405  0.67787258 0.67900461
 0.68013658 0.6812685  0.68433672 0.68546846 0.68660016 0.6877318
 0.68886339 0.68999494 0.69112643 0.69225787 0.69338925 0.69452059
 0.69565188 0.69678311 0.6979143  0.69904543 0.70017651 0.70130754
 0.70243852 0.70356945 0.70470033 0.70583116 0.70696193 0.70809266
 0.70922333 0.71035395 0.71148452 0.71261505 0.71374552 0.71487593
 0.7160063  0.71713662 0.71826689 0.7193971  0.72052727 0.72165738
 0.72278744 0.72391745 0.72504741 0.72617732 0.72730718 0.72843699
 0.72956675 0.73069645 0.73182611 0.73295571 0.73408526 0.73521477
 0.73634422 0.73747362 0.73860297 0.73973227 0.74086152 0.74199072
 0.74311986 0.74424896 0.745378   0.746507   0.74763594 0.74876484
 0.74989368 0.75102247 0.75215121 0.7532799  0.75440854 0.75553713
 0.75666567 0.75779415 0.75892259 0.76005098 0.76117931 0.7623076
 0.76343583 0.76456401 0.76569215 0.76682023 0.76794826 0.76907624
 0.77020417 0.77133205 0.77245988 0.77358766 0.77471539 0.77584307
 0.77697069 0.77809827 0.7792258  0.78035327 0.7814807  0.78260807
 0.78373539 0.78486267 0.78598989 0.78711706 0.78824419 0.78937126
 0.79049828 0.79162525 0.79275217 0.79387904 0.79500586 0.79613263
 0.79725935 0.79838602 0.79951264 0.8006392  0.80176572 0.80289219
 0.80401861 0.80514497 0.80627129 0.80739756 0.80852377 0.80964994
 0.81077605 0.81190212 0.81302813 0.8141541  0.81528001 0.81640588
 0.81753169 0.81865746 0.81978317 0.82090883 0.82203445 0.82316001
 0.82428552 0.82541099 0.8265364  0.82766176 0.82878708 0.82991234
 0.83103755 0.83216272 0.83328783 0.83441289 0.83553791 0.83666287
 0.83778778 0.83891265 0.84003746 0.84116222 0.84228694 0.8434116
 0.84453621 0.84566078 0.84678529 0.84790975 0.84903417 0.85015853
 0.85128285 0.85240711 0.85353132 0.85465549 0.8557796  0.85690367
 0.85802769 0.85915165 0.86027557 0.86139943 0.86252325 0.86364702
 0.86477073 0.8658944  0.86701802 0.86814159 0.8692651  0.87038857
 0.87151199 0.87263536 0.87375868 0.87488195 0.87600517 0.87712834
 0.87825146 0.87937454 0.88049756 0.88162053 0.88274346 0.88386633
 0.88498915 0.88611193 0.88723465 0.88835733 0.88947996 0.89060253
 0.89172506 0.89284754 0.89396997 0.89509235 0.89621468 0.89733696
 0.89845919 0.89958137 0.9007035  0.90182559 0.90294762 0.90406961
 0.90519154 0.90631343 0.90743527 0.90855705 0.90967879 0.91080048
 0.91192212 0.91304371 0.91416525 0.91528675 0.91640819 0.91752958
 0.91865093 0.91977222 0.92089347 0.92201467 0.92313582 0.92425692
 0.92537797 0.92649897 0.92761992 0.92874083 0.92986168 0.93098249
 0.93210324 0.93322395 0.93434461 0.93546522 0.93658578 0.93770629
 0.93882675 0.93994717 0.94106753 0.94218785 0.94330811 0.94442833
 0.9455485  0.94666862 0.94778869 0.94890872 0.95002869 0.95114862
 0.95226849 0.95338832 0.9545081  0.95562783 0.95674751 0.95786715
 0.95898673 0.96010627 0.96122575 0.96234519 0.96346458 0.96458392
 0.96570321 0.96682246 0.96794165 0.9690608  0.9701799  0.97129895
 0.97241795 0.9735369  0.9746558  0.97577466 0.97689347 0.97801222
 0.97913093 0.9802496  0.98136821 0.98248677 0.98360529 0.98472376
 0.98584218 0.98696055 0.98807887 0.98919714 0.99031537 0.99143355
 0.99255167 0.99366976 0.99478779 0.99590577 0.99702371 0.9981416
 0.99925943 1.00037723 1.00149497 1.00261266 1.00373031 1.00484791
 1.00596546 1.00708296 1.00820041 1.00931782 1.01043518 1.01155249
 1.01266975 1.01378696 1.01490412 1.01602124 1.01713831 1.01825533
 1.0193723  1.02048923 1.02160611 1.02272293 1.02383971 1.02495645
 1.02607313 1.02718977 1.02830636 1.0294229  1.03053939 1.03165584
 1.03277223 1.03388858 1.03500489 1.03612114 1.03723735 1.0383535
 1.03946961 1.04058568 1.04170169 1.04281766 1.04393358 1.04504945
 1.04616527 1.04728105 1.04839678 1.04951246 1.05062809 1.05174367
 1.05285921 1.0539747  1.05509014 1.05620554 1.05732088 1.05843618
 1.05955143 1.06066664 1.06178179 1.0628969  1.06401196 1.06512698
 1.06624195 1.06735686 1.06847174 1.06958656 1.07070134 1.07181606
 1.07293075 1.07404538 1.07515997 1.0762745  1.077389   1.07850344
 1.07961784 1.08073219 1.08184649 1.08296074 1.08407495 1.08518911
 1.08630323 1.08741729 1.08853131 1.08964528 1.0907592  1.09187308
 1.09298691 1.09410069 1.09521443 1.09632811 1.09744175 1.09855535
 1.09966889 1.10078239 1.10189585 1.10300925 1.10412261 1.10523592
 1.10634918 1.1074624  1.10857557 1.10968869 1.11080176 1.11191479
 1.11302777 1.11414071 1.1152536  1.11636644 1.11747923 1.11859198
 1.11970467 1.12081733 1.12192993 1.12304249 1.124155   1.12526747
 1.12637989 1.12749226 1.12860458 1.12971686 1.13082909 1.13194127
 1.13305341 1.1341655  1.13527754 1.13638954 1.13750149 1.13861339
 1.13972525 1.14083706 1.14194882 1.14306054 1.14417221 1.14528383
 1.14639541 1.14750693 1.14861842 1.14972985 1.15084124 1.15195259
 1.15306388 1.15417513 1.15528634 1.15639749]
t =  [1.03751288e+09 1.03751289e+09 1.03751290e+09 1.03751291e+09
 1.03751293e+09 1.03751294e+09 1.03751295e+09 1.03751296e+09
 1.03751297e+09 1.03751298e+09 1.03751299e+09 1.03751301e+09
 1.03751302e+09 1.03751303e+09 1.03751304e+09 1.03751305e+09
 1.03751306e+09 1.03751308e+09 1.03751309e+09 1.03751310e+09
 1.03751311e+09 1.03751312e+09 1.03751313e+09 1.03751314e+09
 1.03751316e+09 1.03751317e+09 1.03751318e+09 1.03751319e+09
 1.03751320e+09 1.03751321e+09 1.03751323e+09 1.03751324e+09
 1.03751325e+09 1.03751326e+09 1.03751327e+09 1.03751328e+09
 1.03751329e+09 1.03751331e+09 1.03751332e+09 1.03751333e+09
 1.03751334e+09 1.03751335e+09 1.03751336e+09 1.03751338e+09
 1.03751339e+09 1.03751340e+09 1.03751341e+09 1.03751342e+09
 1.03751343e+09 1.03751344e+09 1.03751346e+09 1.03751347e+09
 1.03751348e+09 1.03751349e+09 1.03751350e+09 1.03751351e+09
 1.03751353e+09 1.03751354e+09 1.03751355e+09 1.03751356e+09
 1.03751357e+09 1.03751358e+09 1.03751359e+09 1.03751361e+09
 1.03751362e+09 1.03751363e+09 1.03751364e+09 1.03751365e+09
 1.03751366e+09 1.03751368e+09 1.03751369e+09 1.03751370e+09
 1.03751371e+09 1.03751372e+09 1.03751373e+09 1.03751374e+09
 1.03751376e+09 1.03751377e+09 1.03751378e+09 1.03751379e+09
 1.03751380e+09 1.03751381e+09 1.03751383e+09 1.03751384e+09
 1.03751385e+09 1.03751386e+09 1.03751387e+09 1.03751388e+09
 1.03751389e+09 1.03751391e+09 1.03751392e+09 1.03751393e+09
 1.03751394e+09 1.03751395e+09 1.03751396e+09 1.03751398e+09
 1.03751399e+09 1.03751400e+09 1.03751401e+09 1.03751402e+09
 1.03751403e+09 1.03751404e+09 1.03751406e+09 1.03751407e+09
 1.03751408e+09 1.03751409e+09 1.03751410e+09 1.03751411e+09
 1.03751413e+09 1.03751414e+09 1.03751415e+09 1.03751416e+09
 1.03751417e+09 1.03751418e+09 1.03751419e+09 1.03751421e+09
 1.03751422e+09 1.03751423e+09 1.03751424e+09 1.03751425e+09
 1.03751426e+09 1.03751428e+09 1.03751429e+09 1.03751430e+09
 1.03751431e+09 1.03751432e+09 1.03751433e+09 1.03751434e+09
 1.03751436e+09 1.03751437e+09 1.03751438e+09 1.03751439e+09
 1.03751440e+09 1.03751441e+09 1.03751443e+09 1.03751444e+09
 1.03751445e+09 1.03751446e+09 1.03751447e+09 1.03751448e+09
 1.03751449e+09 1.03751451e+09 1.03751452e+09 1.03751453e+09
 1.03751454e+09 1.03751455e+09 1.03751456e+09 1.03751458e+09
 1.03751459e+09 1.03751460e+09 1.03751461e+09 1.03751462e+09
 1.03751463e+09 1.03751464e+09 1.03751466e+09 1.03751467e+09
 1.03751468e+09 1.03751469e+09 1.03751470e+09 1.03751471e+09
 1.03751473e+09 1.03751474e+09 1.03751475e+09 1.03751476e+09
 1.03751477e+09 1.03751478e+09 1.03751479e+09 1.03751481e+09
 1.03751482e+09 1.03751483e+09 1.03751484e+09 1.03751485e+09
 1.03751486e+09 1.03751488e+09 1.03751489e+09 1.03751490e+09
 1.03751491e+09 1.03751492e+09 1.03751493e+09 1.03751494e+09
 1.03751496e+09 1.03751497e+09 1.03751498e+09 1.03751499e+09
 1.03751500e+09 1.03751501e+09 1.03751503e+09 1.03751504e+09
 1.03751505e+09 1.03751506e+09 1.03751507e+09 1.03751508e+09
 1.03751509e+09 1.03751511e+09 1.03751512e+09 1.03751513e+09
 1.03751514e+09 1.03751515e+09 1.03751516e+09 1.03751518e+09
 1.03751519e+09 1.03751520e+09 1.03751521e+09 1.03751522e+09
 1.03751523e+09 1.03751524e+09 1.03751526e+09 1.03751527e+09
 1.03751528e+09 1.03751529e+09 1.03751530e+09 1.03751531e+09
 1.03751533e+09 1.03751534e+09 1.03751535e+09 1.03751536e+09
 1.03751537e+09 1.03751538e+09 1.03751539e+09 1.03751541e+09
 1.03751542e+09 1.03751543e+09 1.03751544e+09 1.03751545e+09
 1.03751546e+09 1.03751548e+09 1.03751549e+09 1.03751550e+09
 1.03751551e+09 1.03751552e+09 1.03751553e+09 1.03751554e+09
 1.03751556e+09 1.03751557e+09 1.03751558e+09 1.03751559e+09
 1.03751560e+09 1.03751561e+09 1.03751563e+09 1.03751564e+09
 1.03751565e+09 1.03751566e+09 1.03751567e+09 1.03751568e+09
 1.03751569e+09 1.03751571e+09 1.03751572e+09 1.03751573e+09
 1.03751574e+09 1.03751575e+09 1.03751576e+09 1.03751578e+09
 1.03751579e+09 1.03751580e+09 1.03751581e+09 1.03751582e+09
 1.03751583e+09 1.03751584e+09 1.03751586e+09 1.03751587e+09
 1.03751588e+09 1.03751589e+09 1.03751590e+09 1.03751591e+09
 1.03751593e+09 1.03751594e+09 1.03751595e+09 1.03751596e+09
 1.03751597e+09 1.03751598e+09 1.03751599e+09 1.03751601e+09
 1.03751602e+09 1.03751603e+09 1.03751604e+09 1.03751605e+09
 1.03751606e+09 1.03751608e+09 1.03751609e+09 1.03751610e+09
 1.03751611e+09 1.03751612e+09 1.03751613e+09 1.03751614e+09
 1.03751616e+09 1.03751617e+09 1.03751618e+09 1.03751619e+09
 1.03751620e+09 1.03751621e+09 1.03751623e+09 1.03751624e+09
 1.03751625e+09 1.03751626e+09 1.03751627e+09 1.03751628e+09
 1.03751629e+09 1.03751631e+09 1.03751632e+09 1.03751633e+09
 1.03751634e+09 1.03751635e+09 1.03751636e+09 1.03751638e+09
 1.03751639e+09 1.03751640e+09 1.03751641e+09 1.03751642e+09
 1.03751643e+09 1.03751644e+09 1.03751646e+09 1.03751647e+09
 1.03751648e+09 1.03751649e+09 1.03751650e+09 1.03751651e+09
 1.03751653e+09 1.03751654e+09 1.03751655e+09 1.03751656e+09
 1.03751657e+09 1.03751658e+09 1.03751659e+09 1.03751661e+09
 1.03751662e+09 1.03751663e+09 1.03751664e+09 1.03751665e+09
 1.03751666e+09 1.03751668e+09 1.03751669e+09 1.03751670e+09
 1.03751671e+09 1.03751672e+09 1.03751673e+09 1.03751674e+09
 1.03751676e+09 1.03751677e+09 1.03751678e+09 1.03751679e+09
 1.03751680e+09 1.03751681e+09 1.03751683e+09 1.03751684e+09
 1.03751685e+09 1.03751686e+09 1.03751687e+09 1.03751688e+09
 1.03751689e+09 1.03751691e+09 1.03751692e+09 1.03751693e+09
 1.03751694e+09 1.03751695e+09 1.03751696e+09 1.03751698e+09
 1.03751699e+09 1.03751700e+09 1.03751701e+09 1.03751702e+09
 1.03751703e+09 1.03751704e+09 1.03751706e+09 1.03751707e+09
 1.03751708e+09 1.03751709e+09 1.03751710e+09 1.03751711e+09
 1.03751713e+09 1.03751714e+09 1.03751715e+09 1.03751716e+09
 1.03751717e+09 1.03751718e+09 1.03751719e+09 1.03751721e+09
 1.03751722e+09 1.03751723e+09 1.03751724e+09 1.03751725e+09
 1.03751726e+09 1.03751728e+09 1.03751729e+09 1.03751730e+09
 1.03751731e+09 1.03751732e+09 1.03751733e+09 1.03751734e+09
 1.03751736e+09 1.03751737e+09 1.03751738e+09 1.03751739e+09
 1.03751740e+09 1.03751741e+09 1.03751743e+09 1.03751744e+09
 1.03751745e+09 1.03751746e+09 1.03751747e+09 1.03751748e+09
 1.03751749e+09 1.03751751e+09 1.03751752e+09 1.03751753e+09
 1.03751754e+09 1.03751755e+09 1.03751756e+09 1.03751758e+09
 1.03751759e+09 1.03751760e+09 1.03751761e+09 1.03751762e+09
 1.03751763e+09 1.03751764e+09 1.03751766e+09 1.03751767e+09
 1.03751768e+09 1.03751769e+09 1.03751770e+09 1.03751771e+09
 1.03751773e+09 1.03751774e+09 1.03751775e+09 1.03751776e+09
 1.03751777e+09 1.03751778e+09 1.03751779e+09 1.03751781e+09
 1.03751782e+09 1.03751783e+09 1.03751784e+09 1.03751785e+09
 1.03751786e+09 1.03751788e+09 1.03751789e+09 1.03751790e+09
 1.03751791e+09 1.03751792e+09 1.03751793e+09 1.03751794e+09
 1.03751796e+09 1.03751797e+09 1.03751798e+09 1.03751799e+09
 1.03751800e+09 1.03751801e+09 1.03751803e+09 1.03751804e+09
 1.03751805e+09 1.03751806e+09 1.03751807e+09 1.03751808e+09
 1.03751809e+09 1.03751811e+09 1.03751812e+09 1.03751813e+09
 1.03751814e+09 1.03751815e+09 1.03751816e+09 1.03751818e+09
 1.03751819e+09 1.03751820e+09 1.03751821e+09 1.03751822e+09
 1.03751823e+09 1.03751824e+09 1.03751826e+09 1.03751827e+09
 1.03751828e+09 1.03751829e+09 1.03751830e+09 1.03751831e+09
 1.03751833e+09 1.03751834e+09 1.03751835e+09 1.03751836e+09
 1.03751837e+09 1.03751838e+09 1.03751839e+09 1.03751841e+09
 1.03751842e+09 1.03751843e+09 1.03751844e+09 1.03751845e+09
 1.03751846e+09 1.03751848e+09 1.03751849e+09 1.03751850e+09
 1.03751851e+09 1.03751852e+09 1.03751853e+09 1.03751854e+09
 1.03751856e+09 1.03751857e+09 1.03751858e+09 1.03751859e+09
 1.03751860e+09 1.03751861e+09 1.03751863e+09 1.03751864e+09
 1.03751865e+09 1.03751866e+09 1.03751867e+09 1.03751868e+09
 1.03751869e+09 1.03751871e+09 1.03751872e+09 1.03751873e+09
 1.03751874e+09 1.03751875e+09 1.03751876e+09 1.03751878e+09
 1.03751879e+09 1.03751880e+09 1.03751881e+09 1.03751882e+09
 1.03751883e+09 1.03751884e+09 1.03751886e+09 1.03751887e+09
 1.03751888e+09 1.03751889e+09 1.03751890e+09 1.03751891e+09
 1.03751893e+09 1.03751894e+09 1.03751895e+09 1.03751896e+09
 1.03751897e+09 1.03751898e+09 1.03751899e+09 1.03751901e+09
 1.03751902e+09 1.03751903e+09 1.03751904e+09 1.03751905e+09
 1.03751906e+09 1.03751908e+09 1.03751909e+09 1.03751910e+09
 1.03751911e+09 1.03751912e+09 1.03751913e+09 1.03751914e+09
 1.03751916e+09 1.03751917e+09 1.03751918e+09 1.03751919e+09
 1.03751920e+09 1.03751921e+09 1.03751922e+09 1.03751924e+09
 1.03751925e+09 1.03751926e+09 1.03751927e+09 1.03751928e+09
 1.03751929e+09 1.03751931e+09 1.03751932e+09 1.03751933e+09
 1.03751934e+09 1.03751935e+09 1.03751936e+09 1.03751937e+09
 1.03751939e+09 1.03751940e+09 1.03751941e+09 1.03751942e+09
 1.03751943e+09 1.03751944e+09 1.03751946e+09 1.03751947e+09
 1.03751948e+09 1.03751949e+09 1.03751950e+09 1.03751951e+09
 1.03751952e+09 1.03751954e+09 1.03751955e+09 1.03751956e+09
 1.03751957e+09 1.03751958e+09 1.03751959e+09 1.03751961e+09
 1.03751962e+09 1.03751963e+09 1.03751964e+09 1.03751965e+09
 1.03751966e+09 1.03751967e+09 1.03751969e+09 1.03751970e+09
 1.03751971e+09 1.03751972e+09 1.03751973e+09 1.03751974e+09
 1.03751976e+09 1.03751977e+09 1.03751978e+09 1.03751979e+09
 1.03751980e+09 1.03751981e+09 1.03751982e+09 1.03751984e+09
 1.03751985e+09 1.03751986e+09 1.03751987e+09 1.03751988e+09
 1.03751989e+09 1.03751991e+09 1.03751992e+09 1.03751993e+09
 1.03751994e+09 1.03751995e+09 1.03751996e+09 1.03751997e+09
 1.03751999e+09 1.03752000e+09 1.03752001e+09 1.03752002e+09
 1.03752003e+09 1.03752004e+09 1.03752006e+09 1.03752007e+09
 1.03752008e+09 1.03752009e+09 1.03752010e+09 1.03752011e+09
 1.03752012e+09 1.03752014e+09 1.03752015e+09 1.03752016e+09
 1.03752017e+09 1.03752018e+09 1.03752019e+09 1.03752021e+09
 1.03752022e+09 1.03752023e+09 1.03752024e+09 1.03752025e+09
 1.03752026e+09 1.03752027e+09 1.03752029e+09 1.03752030e+09
 1.03752031e+09 1.03752032e+09 1.03752033e+09 1.03752034e+09
 1.03752036e+09 1.03752037e+09 1.03752038e+09 1.03752039e+09
 1.03752040e+09 1.03752041e+09 1.03752042e+09 1.03752044e+09
 1.03752045e+09 1.03752046e+09 1.03752047e+09 1.03752048e+09
 1.03752049e+09 1.03752051e+09 1.03752052e+09 1.03752053e+09
 1.03752054e+09 1.03752055e+09 1.03752056e+09 1.03752057e+09
 1.03752059e+09 1.03752060e+09 1.03752061e+09 1.03752062e+09
 1.03752063e+09 1.03752064e+09 1.03752066e+09 1.03752067e+09
 1.03752068e+09 1.03752069e+09 1.03752070e+09 1.03752071e+09
 1.03752072e+09 1.03752074e+09 1.03752075e+09 1.03752076e+09
 1.03752077e+09 1.03752078e+09 1.03752079e+09 1.03752081e+09
 1.03752082e+09 1.03752083e+09 1.03752084e+09 1.03752085e+09
 1.03752086e+09 1.03752087e+09 1.03752089e+09 1.03752090e+09
 1.03752091e+09 1.03752092e+09 1.03752093e+09 1.03752094e+09
 1.03752096e+09 1.03752097e+09 1.03752098e+09 1.03752099e+09
 1.03752100e+09 1.03752101e+09 1.03752102e+09 1.03752104e+09
 1.03752105e+09 1.03752106e+09 1.03752107e+09 1.03752108e+09
 1.03752109e+09 1.03752111e+09 1.03752112e+09 1.03752113e+09
 1.03752114e+09 1.03752115e+09 1.03752116e+09 1.03752117e+09
 1.03752119e+09 1.03752120e+09 1.03752121e+09 1.03752122e+09
 1.03752123e+09 1.03752124e+09 1.03752126e+09 1.03752127e+09
 1.03752128e+09 1.03752129e+09 1.03752130e+09 1.03752131e+09
 1.03752132e+09 1.03752134e+09 1.03752135e+09 1.03752136e+09
 1.03752137e+09 1.03752138e+09 1.03752139e+09 1.03752141e+09
 1.03752142e+09 1.03752143e+09 1.03752144e+09 1.03752145e+09
 1.03752146e+09 1.03752147e+09 1.03752149e+09 1.03752150e+09
 1.03752151e+09 1.03752152e+09 1.03752153e+09 1.03752154e+09
 1.03752156e+09 1.03752157e+09 1.03752158e+09 1.03752159e+09
 1.03752160e+09 1.03752161e+09 1.03752162e+09 1.03752164e+09
 1.03752165e+09 1.03752166e+09 1.03752167e+09 1.03752168e+09
 1.03752169e+09 1.03752171e+09 1.03752172e+09 1.03752173e+09
 1.03752174e+09 1.03752175e+09 1.03752176e+09 1.03752177e+09
 1.03752179e+09 1.03752180e+09 1.03752181e+09 1.03752182e+09
 1.03752183e+09 1.03752184e+09 1.03752186e+09 1.03752187e+09
 1.03752188e+09 1.03752189e+09 1.03752190e+09 1.03752191e+09
 1.03752192e+09 1.03752194e+09 1.03752195e+09 1.03752196e+09
 1.03752197e+09 1.03752198e+09 1.03752199e+09 1.03752201e+09
 1.03752202e+09 1.03752203e+09 1.03752204e+09 1.03752205e+09
 1.03752206e+09 1.03752207e+09 1.03752209e+09 1.03752210e+09
 1.03752211e+09 1.03752212e+09 1.03752213e+09 1.03752214e+09
 1.03752216e+09 1.03752217e+09 1.03752218e+09 1.03752219e+09
 1.03752220e+09 1.03752221e+09 1.03752222e+09 1.03752224e+09
 1.03752225e+09 1.03752226e+09 1.03752227e+09 1.03752228e+09
 1.03752229e+09 1.03752231e+09 1.03752232e+09 1.03752233e+09
 1.03752234e+09 1.03752235e+09 1.03752236e+09 1.03752237e+09
 1.03752239e+09 1.03752240e+09 1.03752241e+09 1.03752242e+09
 1.03752243e+09 1.03752244e+09 1.03752246e+09 1.03752247e+09
 1.03752248e+09 1.03752249e+09 1.03752250e+09 1.03752251e+09
 1.03752252e+09 1.03752254e+09 1.03752255e+09 1.03752256e+09
 1.03752257e+09 1.03752258e+09 1.03752259e+09 1.03752261e+09
 1.03752262e+09 1.03752263e+09 1.03752264e+09 1.03752265e+09
 1.03752266e+09 1.03752267e+09 1.03752269e+09 1.03752270e+09
 1.03752271e+09 1.03752272e+09 1.03752273e+09 1.03752274e+09
 1.03752276e+09 1.03752277e+09 1.03752278e+09 1.03752279e+09
 1.03752280e+09 1.03752281e+09 1.03752282e+09 1.03752284e+09
 1.03752285e+09 1.03752286e+09 1.03752287e+09 1.03752288e+09
 1.03752289e+09 1.03752291e+09 1.03752292e+09 1.03752293e+09
 1.03752294e+09 1.03752295e+09 1.03752296e+09 1.03752297e+09
 1.03752299e+09 1.03752300e+09 1.03752301e+09 1.03752302e+09
 1.03752303e+09 1.03752304e+09 1.03752306e+09 1.03752307e+09
 1.03752308e+09 1.03752309e+09 1.03752310e+09 1.03752311e+09
 1.03752312e+09 1.03752314e+09 1.03752315e+09 1.03752316e+09
 1.03752317e+09 1.03752318e+09 1.03752319e+09 1.03752321e+09
 1.03752322e+09 1.03752323e+09 1.03752324e+09 1.03752325e+09
 1.03752326e+09 1.03752327e+09 1.03752329e+09 1.03752330e+09
 1.03752331e+09 1.03752332e+09 1.03752333e+09 1.03752334e+09
 1.03752336e+09 1.03752337e+09 1.03752338e+09 1.03752339e+09
 1.03752340e+09 1.03752341e+09 1.03752342e+09 1.03752344e+09
 1.03752345e+09 1.03752346e+09 1.03752347e+09 1.03752348e+09
 1.03752349e+09 1.03752351e+09 1.03752352e+09 1.03752353e+09
 1.03752354e+09 1.03752355e+09 1.03752356e+09 1.03752357e+09
 1.03752359e+09 1.03752360e+09 1.03752361e+09 1.03752362e+09
 1.03752363e+09 1.03752364e+09 1.03752366e+09 1.03752367e+09
 1.03752368e+09 1.03752369e+09 1.03752370e+09 1.03752371e+09
 1.03752372e+09 1.03752374e+09 1.03752375e+09 1.03752376e+09
 1.03752377e+09 1.03752378e+09 1.03752379e+09 1.03752381e+09
 1.03752382e+09 1.03752383e+09 1.03752384e+09 1.03752385e+09
 1.03752386e+09 1.03752387e+09 1.03752389e+09 1.03752390e+09
 1.03752391e+09 1.03752392e+09 1.03752393e+09 1.03752394e+09
 1.03752396e+09 1.03752397e+09 1.03752398e+09 1.03752399e+09
 1.03752400e+09 1.03752401e+09 1.03752402e+09 1.03752404e+09
 1.03752405e+09 1.03752406e+09 1.03752407e+09 1.03752408e+09
 1.03752409e+09 1.03752411e+09 1.03752412e+09 1.03752413e+09
 1.03752414e+09 1.03752415e+09 1.03752416e+09 1.03752417e+09
 1.03752419e+09 1.03752420e+09 1.03752421e+09 1.03752422e+09
 1.03752423e+09 1.03752424e+09 1.03752426e+09 1.03752427e+09
 1.03752428e+09 1.03752429e+09 1.03752430e+09 1.03752431e+09
 1.03752432e+09 1.03752434e+09 1.03752435e+09 1.03752436e+09
 1.03752437e+09 1.03752438e+09 1.03752439e+09 1.03752441e+09]
minRes = 0.05588573436780515
minResTime =  [1.03751298e+09]
