name =JUICE_ROI_CAL_4_3_02
flyby =  ['2032 AUG 14 10:09:17', '2032 AUG 15 10:09:17']
Observation TW =  <SpiceCell dtype = 1, length = 0, size = 3400, card = 14, is_set = 1, adjust = 0, init = 1, base = 2554764751648, data = 2554764751696>
Res(t) =  [3.58317836 3.57974999 3.57632163 3.57289329 3.56946497 3.56603666
 3.56260837 3.55918009 3.55575183 3.55232359 3.54889536 3.54546714
 3.54203894 3.53861075 3.53518258 3.53175442 3.52832627 3.52489814
 3.52147002 3.51804191 3.51461382 3.51118573 3.50775766 3.5043296
 3.50090155 3.49747351 3.49404549 3.49061747 3.48718947 3.48376147
 3.48033348 3.47690551 3.47347754 3.47004958 3.46662163 3.46319369
 3.45976576 3.45633783 3.45290992 3.44948201 3.44605411 3.44262621
 3.43919832 3.43577044 3.43234257 3.4289147  3.42548683 3.42205898
 3.41863112 3.41520327 3.41177543 3.40834759 3.40491976 3.40149193
 3.3980641  3.39463628 3.39120846 3.38778064 3.38435282 3.38092501
 3.3774972  3.37406939 3.37064159 3.36721378 3.36378598 3.36035817
 3.35693037 3.35350257 3.35007476 3.34664696 3.34321916 3.33979135
 3.33636355 3.33293574 3.32950794 3.32608013 3.32265232 3.3192245
 3.31579669 3.31236887 3.30894104 3.30551322 3.30208539 3.29865756
 3.29522972 3.29180188 3.28837403 3.28494618 3.28151833 3.27809047
 3.2746626  3.27123473 3.26780685 3.26437896 3.26095107 3.25752317
 3.25409526 3.25066735 3.24723943 3.2438115  3.24038356 3.23695561
 3.23352766 3.23009969 3.22667172 3.22324374 3.21981574 3.21638774
 3.21295972 3.2095317  3.20610366 3.20267562 3.19924756 3.19581949
 3.19239141 3.18896331 3.1855352  3.18210708 3.17867895 3.1752508
 3.17182264 3.16839447 3.16496628 3.16153808 3.15810986 3.15468163
 3.15125338 3.14782512 3.14439684 3.14096855 3.13754024 3.13411191
 3.13068357 3.1272552  3.12382683 3.12039843 3.11697001 3.11354158
 3.11011313 3.10668466 3.10325617 3.09982767 3.09639914 3.09297059
 3.08954202 3.08611344 3.08268483 3.0792562  3.07582755 3.07239888
 3.06897018 3.06554147 3.06211273 3.05868397 3.05525519 3.05182638
 3.04839755 3.0449687  3.04153982 3.03811092 3.034682   3.03125305
 3.02782407 3.02439507 3.02096605 3.01753699 3.01410792 3.01067881
 3.00724968 3.00382052 3.00039134 2.99696213 2.99353289 2.99010362
 2.98667433 2.983245   2.97981565 2.97638627 2.97295685 2.96952741
 2.96609794 2.96266844 2.95923891 2.95580935 2.95237975 2.94895013
 2.94552047 2.94209078 2.93866106 2.93523131 2.93180153 2.92837171
 2.92494186 2.92151197 2.91808205 2.9146521  2.91122211 2.90779209
 2.90436203 2.90093194 2.89750182 2.89407165 2.89064145 2.88721122
 2.88378095 2.88035064 2.87692029 2.87348991 2.87005949 2.86662903
 2.86319853 2.859768   2.85633742 2.85290681 2.84947616 2.84604547
 2.84261473 2.83918396 2.83575315 2.83232229 2.8288914  2.82546046
 2.82202949 2.81859847 2.81516741 2.8117363  2.80830516 2.80487397
 2.80144273 2.79801146 2.79458014 2.79114877 2.78771736 2.78428591
 2.78085441 2.77742287 2.77399128 2.77055964 2.76712796 2.76369623
 2.76026446 2.75683264 2.75340077 2.74996885 2.74653689 2.74310488
 2.73967282 2.73624071 2.73280855 2.72937634 2.72594409 2.72251178
 2.71907942 2.71564702 2.71221456 2.70878205 2.70534949 2.70191688
 2.69848422 2.6950515  2.69161874 2.68818592 2.68475304 2.68132012
 2.67788714 2.6744541  2.67102102 2.66758787 2.66415468 2.66072143
 2.65728812 2.65385476 2.65042134 2.64698786 2.64355433 2.64012075
 2.6366871  2.6332534  2.62981964 2.62638583 2.62295195 2.61951802
 2.61608403 2.61264998 2.60921587 2.6057817  2.60234747 2.59891318
 2.59547883 2.59204442 2.58860995 2.58517541 2.58174082 2.57830616
 2.57487144 2.57143666 2.56800182 2.56456691 2.56113194 2.55769691
 2.55426181 2.55082665 2.54739143 2.54395614 2.54052078 2.53708536
 2.53364987 2.53021432 2.5267787  2.52334302 2.51990727 2.51647145
 2.51303556 2.50959961 2.50616359 2.5027275  2.49929134 2.49585511
 2.49241881 2.48898245 2.48554601 2.48210951 2.47867293 2.47523628
 2.47179957 2.46836278 2.46492592 2.46148899 2.45805199 2.45461491
 2.45117776 2.44774054 2.44430325 2.44086588 2.43742844 2.43399092
 2.43055333 2.42711567 2.42367793 2.42024011 2.41680223 2.41336426
 2.40992622 2.4064881  2.4030499  2.39961163 2.39617328 2.39273486
 2.38929635 2.38585777 2.38241911 2.37898037 2.37554155 2.37210265
 2.36866367 2.36522462 2.36178548 2.35834626 2.35490696 2.35146758
 2.34802812 2.34458858 2.34114895 2.33770925 2.33426946 2.33082958
 2.32738963 2.32394959 2.32050947 2.31706926 2.31362897 2.31018859
 2.30674813 2.30330759 2.29986696 2.29642624 2.29298544 2.28954455
 2.28610357 2.28266251 2.27922136 2.27578012 2.2723388  2.26889738
 2.26545588 2.26201429 2.25857261 2.25513085 2.25168899 2.24824704
 2.244805   2.24136287 2.23792066 2.23447835 2.23103594 2.22759345
 2.22415087 2.22070819 2.21726542 2.21382256 2.2103796  2.20693656
 2.20349341 2.20005018 2.19660685 2.19316342 2.1897199  2.18627629
 2.18283258 2.17938877 2.17594487 2.17250087 2.16905678 2.16561259
 2.1621683  2.15872392 2.15527943 2.15183485 2.14839017 2.14494539
 2.14150052 2.13805554 2.13461046 2.13116529 2.12772001 2.12427464
 2.12082916 2.11738358 2.11393791 2.11049213 2.10704625 2.10360026
 2.10015418 2.09670799 2.0932617  2.0898153  2.0863688  2.0829222
 2.0794755  2.07602869 2.07258177 2.06913475 2.06568763 2.0622404
 2.05879306 2.05534562 2.05189807 2.04845041 2.04500265 2.04155478
 2.03810681 2.03465872 2.03121053 2.02776223 2.02431382 2.0208653
 2.01741667 2.01396794 2.01051909 2.00707013 2.00362107 2.00017189
 1.9967226  1.9932732  1.98982369 1.98637406 1.98292433 1.97947448
 1.97602452 1.97257445 1.96912426 1.96567397 1.96222355 1.95877303
 1.95532238 1.95187163 1.94842076 1.94496977 1.94151867 1.93806746
 1.93461612 1.93116468 1.92771311 1.92426143 1.92080963 1.91735771
 1.91390568 1.91045353 1.90700126 1.90354887 1.90009637 1.89664374
 1.893191   1.88973813 1.88628515 1.88283205 1.87937882 1.87592548
 1.87247201 1.86901843 1.86556472 1.86211089 1.85865694 1.85520287
 1.85174867 1.84829435 1.84483991 1.84138535 1.83793066 1.83447585
 1.83102091 1.82756585 1.82411067 1.82065536 1.81719993 1.81374437
 1.81028868 1.80683287 1.80337694 1.79992087 1.79646468 1.79300837
 1.78955192 1.78609535 1.78263866 1.77918183 1.77572488 1.77226779
 1.76881058 1.76535324 1.76189578 1.75843818 1.75498045 1.75152259
 1.74806461 1.74460649 1.74114824 1.73768986 1.73423135 1.73077271
 1.72731394 1.72385503 1.720396   1.71693683 1.71347753 1.71001809
 1.70655853 1.70309883 1.699639   1.69617903 1.69271893 1.68925869
 1.68579833 1.68233782 1.67887719 1.67541641 1.6719555  1.66849446
 1.66503328 1.66157197 1.65811052 1.65464893 1.65118721 1.64772535
 1.64426335 1.64080121 1.63733894 1.63387653 1.63041399 1.6269513
 1.62348848 1.62002552 1.61656242 1.61309918 1.6096358  1.60617228
 1.60270863 1.59924483 1.5957809  1.59231682 1.58885261 1.58538825
 1.58192375 1.57845912 1.57499434 1.57152942 1.56806436 1.56459916
 1.56113382 1.55766833 1.5542027  1.55073694 1.54727103 1.54380497
 1.54033878 1.53687244 1.53340596 1.52993933 1.52647256 1.52300565
 1.5195386  1.5160714  1.51260406 1.50913657 1.50566894 1.50220116
 1.49873325 1.49526518 1.49179697 1.48832862 1.48486012 1.48139148
 1.47792269 1.47445376 1.47098468 1.46751545 1.46404608 1.46057657
 1.45710691 1.4536371  1.45016714 1.44669704 1.4432268  1.43975641
 1.43628587 1.43281518 1.42934435 1.42587337 1.42240224 1.41893097
 1.41545955 1.41198799 1.40851627 1.40504441 1.4015724  1.39810025
 1.39462795 1.3911555  1.3876829  1.38421016 1.38073726 1.37726423
 1.37379104 1.3703177  1.36684422 1.36337059 1.35989682 1.35642289
 1.35294882 1.3494746  1.34600023 1.34252572 1.33905105 1.33557624
 1.33210129 1.32862618 1.32515093 1.32167553 1.31819998 1.31472429
 1.31124844 1.30777246 1.30429632 1.30082004 1.29734361 1.29386703
 1.2903903  1.28691343 1.28343642 1.27995925 1.27648194 1.27300448
 1.26952688 1.26604913 1.26257124 1.2590932  1.25561501 1.25213668
 1.2486582  1.24517958 1.24170081 1.2382219  1.23474284 1.23126364
 1.2277843  1.22430481 1.22082518 1.2173454  1.21386548 1.21038542
 1.20690521 1.20342486 1.19994437 1.19646374 1.19298297 1.18950205
 1.186021   1.1825398  1.17905846 1.17557698 1.17209537 1.16861361
 1.16513171 1.16164968 1.15816751 1.1546852  1.15120275 1.14772016
 1.14423744 1.14075459 1.13727159 1.13378846 1.1303052  1.1268218
 1.12333827 1.11985461 1.11637081 1.11288688 1.10940282 1.10591863
 1.1024343  1.09894985 1.09546527 1.09198056 1.08849572 1.08501076
 1.08152566 1.07804044 1.0745551  1.07106963 1.06758404 1.06409833
 1.06061249 1.05712653 1.05364045 1.05015425 1.04666794 1.0431815
 1.03969495 1.03620828 1.03272149 1.02923459 1.02574758 1.02226045
 1.01877322 1.01528587 1.01179841 1.00831085 1.00482318 1.0013354
 0.99784751 0.99435953 0.99087144 0.98738325 0.98389496 0.98040657
 0.97691808 0.9734295  0.96994082 0.96645205 0.96296318 0.95947423
 0.95598519 0.95249605 0.94900684 0.94551754 0.94202815 0.93853869
 0.93504915 0.93155952 0.92806983 0.92458005 0.92109021 0.9176003
 0.91411031 0.91062026 0.90713015 0.90363997 0.90014974 0.89665944
 0.89316909 0.88967869 0.88618823 0.88269773 0.87920717 0.87571658
 0.87222594 0.86873526 0.86524454 0.86175379 0.85826301 0.8547722
 0.85128137 0.84779051 0.84429963 0.84080874 0.83731783 0.8338269
 0.83033598 0.82684504 0.82335411 0.81986318 0.81637225 0.81288134
 0.80939043 0.80589955 0.80240868 0.79891784 0.79542703 0.79193625
 0.7884455  0.7849548  0.78146414 0.77797354 0.77448299 0.77099249
 0.76750206 0.7640117  0.76052142 0.75703121 0.75354109 0.75005105
 0.74656111 0.74307128 0.73958155 0.73609193 0.73260243 0.72911305
 0.7256238  0.7221347  0.71864573 0.71515692 0.71166826 0.70817977
 0.70469145 0.70120332 0.69771536 0.69422761 0.69074005 0.68725271
 0.68376559 0.68027869 0.67679204 0.67330563 0.66981947 0.66633358
 0.66284797 0.65936264 0.65587761 0.65239288 0.64890847 0.64542439
 0.64194065 0.63845726 0.63497423 0.63149158 0.62800932 0.62452746
 0.62104601 0.617565   0.61408442 0.61060431 0.6067348  0.60325113
 0.5997679  0.59628514 0.59280286 0.58932107 0.58583979 0.58235905
 0.57887884 0.57539921 0.57192015 0.5684417  0.56496386 0.56148667
 0.55801014 0.5545343  0.55105916 0.54758474 0.54411108 0.5406382
 0.53716612 0.53369487 0.53022447 0.52675495 0.52328634 0.51981867
 0.51635197 0.51288627 0.50942161 0.50595801 0.50249551 0.49903415
 0.49557397 0.49211499 0.48865727 0.48520084 0.48174575 0.47829204
 0.47483975 0.47138893 0.46793964 0.46449192 0.46104582 0.4576014
 0.45415872 0.45071784 0.44727881 0.44384169 0.44040657 0.4369735
 0.43354256 0.43011381 0.42668735 0.42326324 0.41984157 0.41642244
 0.41300592 0.40959212 0.40618114 0.40277307 0.39936803 0.39596612
 0.39256748 0.38917221 0.38578046 0.38239234 0.37900802 0.37562762
 0.37225132 0.36887927 0.36551164 0.36214861 0.35879037 0.35543712
 0.35208907 0.34874643 0.34540945 0.34207835 0.3387534  0.33543487
 0.33212304 0.32881822 0.32552073 0.3222309  0.31894909 0.3156757
 0.31241111 0.30915575 0.30591009 0.3026746  0.29944981 0.29623627
 0.29303455 0.2898453  0.28666918 0.28350691 0.28035926 0.27722706
 0.27411121 0.27101265 0.26793242 0.26487165 0.26183152 0.25881336
 0.25581856 0.25284869 0.2499054  0.24699052 0.24410607 0.24125421
 0.23843735 0.23565814 0.23291949 0.23022462 0.22757711 0.22498093
 0.22244052 0.21996085 0.2175475  0.21520676 0.21294577 0.21077264
 0.20869663 0.20672841 0.20488027 0.20316654 0.20160395 0.20021226
 0.19901492 0.19804007 0.19732179 0.19690181 0.1968319  0.19717716
 0.19802084 0.19947141 0.20167331 0.20482393]
t =  [1.02936303e+09 1.02936307e+09 1.02936311e+09 1.02936315e+09
 1.02936319e+09 1.02936324e+09 1.02936328e+09 1.02936332e+09
 1.02936336e+09 1.02936340e+09 1.02936345e+09 1.02936349e+09
 1.02936353e+09 1.02936357e+09 1.02936361e+09 1.02936366e+09
 1.02936370e+09 1.02936374e+09 1.02936378e+09 1.02936382e+09
 1.02936386e+09 1.02936391e+09 1.02936395e+09 1.02936399e+09
 1.02936403e+09 1.02936407e+09 1.02936412e+09 1.02936416e+09
 1.02936420e+09 1.02936424e+09 1.02936428e+09 1.02936433e+09
 1.02936437e+09 1.02936441e+09 1.02936445e+09 1.02936449e+09
 1.02936454e+09 1.02936458e+09 1.02936462e+09 1.02936466e+09
 1.02936470e+09 1.02936475e+09 1.02936479e+09 1.02936483e+09
 1.02936487e+09 1.02936491e+09 1.02936495e+09 1.02936500e+09
 1.02936504e+09 1.02936508e+09 1.02936512e+09 1.02936516e+09
 1.02936521e+09 1.02936525e+09 1.02936529e+09 1.02936533e+09
 1.02936537e+09 1.02936542e+09 1.02936546e+09 1.02936550e+09
 1.02936554e+09 1.02936558e+09 1.02936563e+09 1.02936567e+09
 1.02936571e+09 1.02936575e+09 1.02936579e+09 1.02936584e+09
 1.02936588e+09 1.02936592e+09 1.02936596e+09 1.02936600e+09
 1.02936604e+09 1.02936609e+09 1.02936613e+09 1.02936617e+09
 1.02936621e+09 1.02936625e+09 1.02936630e+09 1.02936634e+09
 1.02936638e+09 1.02936642e+09 1.02936646e+09 1.02936651e+09
 1.02936655e+09 1.02936659e+09 1.02936663e+09 1.02936667e+09
 1.02936672e+09 1.02936676e+09 1.02936680e+09 1.02936684e+09
 1.02936688e+09 1.02936693e+09 1.02936697e+09 1.02936701e+09
 1.02936705e+09 1.02936709e+09 1.02936713e+09 1.02936718e+09
 1.02936722e+09 1.02936726e+09 1.02936730e+09 1.02936734e+09
 1.02936739e+09 1.02936743e+09 1.02936747e+09 1.02936751e+09
 1.02936755e+09 1.02936760e+09 1.02936764e+09 1.02936768e+09
 1.02936772e+09 1.02936776e+09 1.02936781e+09 1.02936785e+09
 1.02936789e+09 1.02936793e+09 1.02936797e+09 1.02936802e+09
 1.02936806e+09 1.02936810e+09 1.02936814e+09 1.02936818e+09
 1.02936822e+09 1.02936827e+09 1.02936831e+09 1.02936835e+09
 1.02936839e+09 1.02936843e+09 1.02936848e+09 1.02936852e+09
 1.02936856e+09 1.02936860e+09 1.02936864e+09 1.02936869e+09
 1.02936873e+09 1.02936877e+09 1.02936881e+09 1.02936885e+09
 1.02936890e+09 1.02936894e+09 1.02936898e+09 1.02936902e+09
 1.02936906e+09 1.02936911e+09 1.02936915e+09 1.02936919e+09
 1.02936923e+09 1.02936927e+09 1.02936932e+09 1.02936936e+09
 1.02936940e+09 1.02936944e+09 1.02936948e+09 1.02936952e+09
 1.02936957e+09 1.02936961e+09 1.02936965e+09 1.02936969e+09
 1.02936973e+09 1.02936978e+09 1.02936982e+09 1.02936986e+09
 1.02936990e+09 1.02936994e+09 1.02936999e+09 1.02937003e+09
 1.02937007e+09 1.02937011e+09 1.02937015e+09 1.02937020e+09
 1.02937024e+09 1.02937028e+09 1.02937032e+09 1.02937036e+09
 1.02937041e+09 1.02937045e+09 1.02937049e+09 1.02937053e+09
 1.02937057e+09 1.02937061e+09 1.02937066e+09 1.02937070e+09
 1.02937074e+09 1.02937078e+09 1.02937082e+09 1.02937087e+09
 1.02937091e+09 1.02937095e+09 1.02937099e+09 1.02937103e+09
 1.02937108e+09 1.02937112e+09 1.02937116e+09 1.02937120e+09
 1.02937124e+09 1.02937129e+09 1.02937133e+09 1.02937137e+09
 1.02937141e+09 1.02937145e+09 1.02937150e+09 1.02937154e+09
 1.02937158e+09 1.02937162e+09 1.02937166e+09 1.02937170e+09
 1.02937175e+09 1.02937179e+09 1.02937183e+09 1.02937187e+09
 1.02937191e+09 1.02937196e+09 1.02937200e+09 1.02937204e+09
 1.02937208e+09 1.02937212e+09 1.02937217e+09 1.02937221e+09
 1.02937225e+09 1.02937229e+09 1.02937233e+09 1.02937238e+09
 1.02937242e+09 1.02937246e+09 1.02937250e+09 1.02937254e+09
 1.02937259e+09 1.02937263e+09 1.02937267e+09 1.02937271e+09
 1.02937275e+09 1.02937279e+09 1.02937284e+09 1.02937288e+09
 1.02937292e+09 1.02937296e+09 1.02937300e+09 1.02937305e+09
 1.02937309e+09 1.02937313e+09 1.02937317e+09 1.02937321e+09
 1.02937326e+09 1.02937330e+09 1.02937334e+09 1.02937338e+09
 1.02937342e+09 1.02937347e+09 1.02937351e+09 1.02937355e+09
 1.02937359e+09 1.02937363e+09 1.02937368e+09 1.02937372e+09
 1.02937376e+09 1.02937380e+09 1.02937384e+09 1.02937388e+09
 1.02937393e+09 1.02937397e+09 1.02937401e+09 1.02937405e+09
 1.02937409e+09 1.02937414e+09 1.02937418e+09 1.02937422e+09
 1.02937426e+09 1.02937430e+09 1.02937435e+09 1.02937439e+09
 1.02937443e+09 1.02937447e+09 1.02937451e+09 1.02937456e+09
 1.02937460e+09 1.02937464e+09 1.02937468e+09 1.02937472e+09
 1.02937477e+09 1.02937481e+09 1.02937485e+09 1.02937489e+09
 1.02937493e+09 1.02937498e+09 1.02937502e+09 1.02937506e+09
 1.02937510e+09 1.02937514e+09 1.02937518e+09 1.02937523e+09
 1.02937527e+09 1.02937531e+09 1.02937535e+09 1.02937539e+09
 1.02937544e+09 1.02937548e+09 1.02937552e+09 1.02937556e+09
 1.02937560e+09 1.02937565e+09 1.02937569e+09 1.02937573e+09
 1.02937577e+09 1.02937581e+09 1.02937586e+09 1.02937590e+09
 1.02937594e+09 1.02937598e+09 1.02937602e+09 1.02937607e+09
 1.02937611e+09 1.02937615e+09 1.02937619e+09 1.02937623e+09
 1.02937627e+09 1.02937632e+09 1.02937636e+09 1.02937640e+09
 1.02937644e+09 1.02937648e+09 1.02937653e+09 1.02937657e+09
 1.02937661e+09 1.02937665e+09 1.02937669e+09 1.02937674e+09
 1.02937678e+09 1.02937682e+09 1.02937686e+09 1.02937690e+09
 1.02937695e+09 1.02937699e+09 1.02937703e+09 1.02937707e+09
 1.02937711e+09 1.02937716e+09 1.02937720e+09 1.02937724e+09
 1.02937728e+09 1.02937732e+09 1.02937736e+09 1.02937741e+09
 1.02937745e+09 1.02937749e+09 1.02937753e+09 1.02937757e+09
 1.02937762e+09 1.02937766e+09 1.02937770e+09 1.02937774e+09
 1.02937778e+09 1.02937783e+09 1.02937787e+09 1.02937791e+09
 1.02937795e+09 1.02937799e+09 1.02937804e+09 1.02937808e+09
 1.02937812e+09 1.02937816e+09 1.02937820e+09 1.02937825e+09
 1.02937829e+09 1.02937833e+09 1.02937837e+09 1.02937841e+09
 1.02937845e+09 1.02937850e+09 1.02937854e+09 1.02937858e+09
 1.02937862e+09 1.02937866e+09 1.02937871e+09 1.02937875e+09
 1.02937879e+09 1.02937883e+09 1.02937887e+09 1.02937892e+09
 1.02937896e+09 1.02937900e+09 1.02937904e+09 1.02937908e+09
 1.02937913e+09 1.02937917e+09 1.02937921e+09 1.02937925e+09
 1.02937929e+09 1.02937934e+09 1.02937938e+09 1.02937942e+09
 1.02937946e+09 1.02937950e+09 1.02937954e+09 1.02937959e+09
 1.02937963e+09 1.02937967e+09 1.02937971e+09 1.02937975e+09
 1.02937980e+09 1.02937984e+09 1.02937988e+09 1.02937992e+09
 1.02937996e+09 1.02938001e+09 1.02938005e+09 1.02938009e+09
 1.02938013e+09 1.02938017e+09 1.02938022e+09 1.02938026e+09
 1.02938030e+09 1.02938034e+09 1.02938038e+09 1.02938043e+09
 1.02938047e+09 1.02938051e+09 1.02938055e+09 1.02938059e+09
 1.02938063e+09 1.02938068e+09 1.02938072e+09 1.02938076e+09
 1.02938080e+09 1.02938084e+09 1.02938089e+09 1.02938093e+09
 1.02938097e+09 1.02938101e+09 1.02938105e+09 1.02938110e+09
 1.02938114e+09 1.02938118e+09 1.02938122e+09 1.02938126e+09
 1.02938131e+09 1.02938135e+09 1.02938139e+09 1.02938143e+09
 1.02938147e+09 1.02938152e+09 1.02938156e+09 1.02938160e+09
 1.02938164e+09 1.02938168e+09 1.02938173e+09 1.02938177e+09
 1.02938181e+09 1.02938185e+09 1.02938189e+09 1.02938193e+09
 1.02938198e+09 1.02938202e+09 1.02938206e+09 1.02938210e+09
 1.02938214e+09 1.02938219e+09 1.02938223e+09 1.02938227e+09
 1.02938231e+09 1.02938235e+09 1.02938240e+09 1.02938244e+09
 1.02938248e+09 1.02938252e+09 1.02938256e+09 1.02938261e+09
 1.02938265e+09 1.02938269e+09 1.02938273e+09 1.02938277e+09
 1.02938282e+09 1.02938286e+09 1.02938290e+09 1.02938294e+09
 1.02938298e+09 1.02938302e+09 1.02938307e+09 1.02938311e+09
 1.02938315e+09 1.02938319e+09 1.02938323e+09 1.02938328e+09
 1.02938332e+09 1.02938336e+09 1.02938340e+09 1.02938344e+09
 1.02938349e+09 1.02938353e+09 1.02938357e+09 1.02938361e+09
 1.02938365e+09 1.02938370e+09 1.02938374e+09 1.02938378e+09
 1.02938382e+09 1.02938386e+09 1.02938391e+09 1.02938395e+09
 1.02938399e+09 1.02938403e+09 1.02938407e+09 1.02938411e+09
 1.02938416e+09 1.02938420e+09 1.02938424e+09 1.02938428e+09
 1.02938432e+09 1.02938437e+09 1.02938441e+09 1.02938445e+09
 1.02938449e+09 1.02938453e+09 1.02938458e+09 1.02938462e+09
 1.02938466e+09 1.02938470e+09 1.02938474e+09 1.02938479e+09
 1.02938483e+09 1.02938487e+09 1.02938491e+09 1.02938495e+09
 1.02938500e+09 1.02938504e+09 1.02938508e+09 1.02938512e+09
 1.02938516e+09 1.02938520e+09 1.02938525e+09 1.02938529e+09
 1.02938533e+09 1.02938537e+09 1.02938541e+09 1.02938546e+09
 1.02938550e+09 1.02938554e+09 1.02938558e+09 1.02938562e+09
 1.02938567e+09 1.02938571e+09 1.02938575e+09 1.02938579e+09
 1.02938583e+09 1.02938588e+09 1.02938592e+09 1.02938596e+09
 1.02938600e+09 1.02938604e+09 1.02938609e+09 1.02938613e+09
 1.02938617e+09 1.02938621e+09 1.02938625e+09 1.02938629e+09
 1.02938634e+09 1.02938638e+09 1.02938642e+09 1.02938646e+09
 1.02938650e+09 1.02938655e+09 1.02938659e+09 1.02938663e+09
 1.02938667e+09 1.02938671e+09 1.02938676e+09 1.02938680e+09
 1.02938684e+09 1.02938688e+09 1.02938692e+09 1.02938697e+09
 1.02938701e+09 1.02938705e+09 1.02938709e+09 1.02938713e+09
 1.02938718e+09 1.02938722e+09 1.02938726e+09 1.02938730e+09
 1.02938734e+09 1.02938739e+09 1.02938743e+09 1.02938747e+09
 1.02938751e+09 1.02938755e+09 1.02938759e+09 1.02938764e+09
 1.02938768e+09 1.02938772e+09 1.02938776e+09 1.02938780e+09
 1.02938785e+09 1.02938789e+09 1.02938793e+09 1.02938797e+09
 1.02938801e+09 1.02938806e+09 1.02938810e+09 1.02938814e+09
 1.02938818e+09 1.02938822e+09 1.02938827e+09 1.02938831e+09
 1.02938835e+09 1.02938839e+09 1.02938843e+09 1.02938848e+09
 1.02938852e+09 1.02938856e+09 1.02938860e+09 1.02938864e+09
 1.02938868e+09 1.02938873e+09 1.02938877e+09 1.02938881e+09
 1.02938885e+09 1.02938889e+09 1.02938894e+09 1.02938898e+09
 1.02938902e+09 1.02938906e+09 1.02938910e+09 1.02938915e+09
 1.02938919e+09 1.02938923e+09 1.02938927e+09 1.02938931e+09
 1.02938936e+09 1.02938940e+09 1.02938944e+09 1.02938948e+09
 1.02938952e+09 1.02938957e+09 1.02938961e+09 1.02938965e+09
 1.02938969e+09 1.02938973e+09 1.02938977e+09 1.02938982e+09
 1.02938986e+09 1.02938990e+09 1.02938994e+09 1.02938998e+09
 1.02939003e+09 1.02939007e+09 1.02939011e+09 1.02939015e+09
 1.02939019e+09 1.02939024e+09 1.02939028e+09 1.02939032e+09
 1.02939036e+09 1.02939040e+09 1.02939045e+09 1.02939049e+09
 1.02939053e+09 1.02939057e+09 1.02939061e+09 1.02939066e+09
 1.02939070e+09 1.02939074e+09 1.02939078e+09 1.02939082e+09
 1.02939086e+09 1.02939091e+09 1.02939095e+09 1.02939099e+09
 1.02939103e+09 1.02939107e+09 1.02939112e+09 1.02939116e+09
 1.02939120e+09 1.02939124e+09 1.02939128e+09 1.02939133e+09
 1.02939137e+09 1.02939141e+09 1.02939145e+09 1.02939149e+09
 1.02939154e+09 1.02939158e+09 1.02939162e+09 1.02939166e+09
 1.02939170e+09 1.02939175e+09 1.02939179e+09 1.02939183e+09
 1.02939187e+09 1.02939191e+09 1.02939195e+09 1.02939200e+09
 1.02939204e+09 1.02939208e+09 1.02939212e+09 1.02939216e+09
 1.02939221e+09 1.02939225e+09 1.02939229e+09 1.02939233e+09
 1.02939237e+09 1.02939242e+09 1.02939246e+09 1.02939250e+09
 1.02939254e+09 1.02939258e+09 1.02939263e+09 1.02939267e+09
 1.02939271e+09 1.02939275e+09 1.02939279e+09 1.02939284e+09
 1.02939288e+09 1.02939292e+09 1.02939296e+09 1.02939300e+09
 1.02939304e+09 1.02939309e+09 1.02939313e+09 1.02939317e+09
 1.02939321e+09 1.02939325e+09 1.02939330e+09 1.02939334e+09
 1.02939338e+09 1.02939342e+09 1.02939346e+09 1.02939351e+09
 1.02939355e+09 1.02939359e+09 1.02939363e+09 1.02939367e+09
 1.02939372e+09 1.02939376e+09 1.02939380e+09 1.02939384e+09
 1.02939388e+09 1.02939393e+09 1.02939397e+09 1.02939401e+09
 1.02939405e+09 1.02939409e+09 1.02939414e+09 1.02939418e+09
 1.02939422e+09 1.02939426e+09 1.02939430e+09 1.02939434e+09
 1.02939439e+09 1.02939443e+09 1.02939447e+09 1.02939451e+09
 1.02939455e+09 1.02939460e+09 1.02939464e+09 1.02939468e+09
 1.02939472e+09 1.02939476e+09 1.02939481e+09 1.02939485e+09
 1.02939489e+09 1.02939493e+09 1.02939497e+09 1.02939502e+09
 1.02939506e+09 1.02939510e+09 1.02939514e+09 1.02939518e+09
 1.02939523e+09 1.02939527e+09 1.02939531e+09 1.02939535e+09
 1.02939539e+09 1.02939543e+09 1.02939548e+09 1.02939552e+09
 1.02939556e+09 1.02939560e+09 1.02939564e+09 1.02939569e+09
 1.02939573e+09 1.02939577e+09 1.02939581e+09 1.02939585e+09
 1.02939590e+09 1.02939594e+09 1.02939598e+09 1.02939602e+09
 1.02939606e+09 1.02939611e+09 1.02939615e+09 1.02939619e+09
 1.02939623e+09 1.02939627e+09 1.02939632e+09 1.02939636e+09
 1.02939640e+09 1.02939644e+09 1.02939648e+09 1.02939652e+09
 1.02939657e+09 1.02939661e+09 1.02939665e+09 1.02939669e+09
 1.02939673e+09 1.02939678e+09 1.02939682e+09 1.02939686e+09
 1.02939690e+09 1.02939694e+09 1.02939699e+09 1.02939703e+09
 1.02939707e+09 1.02939711e+09 1.02939715e+09 1.02939720e+09
 1.02939724e+09 1.02939728e+09 1.02939732e+09 1.02939736e+09
 1.02939741e+09 1.02939745e+09 1.02939749e+09 1.02939753e+09
 1.02939757e+09 1.02939761e+09 1.02939766e+09 1.02939770e+09
 1.02939774e+09 1.02939778e+09 1.02939782e+09 1.02939787e+09
 1.02939791e+09 1.02939795e+09 1.02939799e+09 1.02939803e+09
 1.02939808e+09 1.02939812e+09 1.02939816e+09 1.02939820e+09
 1.02939824e+09 1.02939829e+09 1.02939833e+09 1.02939837e+09
 1.02939841e+09 1.02939845e+09 1.02939850e+09 1.02939854e+09
 1.02939858e+09 1.02939862e+09 1.02939866e+09 1.02939870e+09
 1.02939875e+09 1.02939879e+09 1.02939883e+09 1.02939887e+09
 1.02939891e+09 1.02939896e+09 1.02939900e+09 1.02939904e+09
 1.02939908e+09 1.02939912e+09 1.02939917e+09 1.02939921e+09
 1.02939925e+09 1.02939929e+09 1.02939933e+09 1.02939938e+09
 1.02939942e+09 1.02939946e+09 1.02939950e+09 1.02939954e+09
 1.02939959e+09 1.02939963e+09 1.02939967e+09 1.02939971e+09
 1.02939975e+09 1.02939980e+09 1.02939984e+09 1.02939988e+09
 1.02939992e+09 1.02939996e+09 1.02940000e+09 1.02940005e+09
 1.02940009e+09 1.02940013e+09 1.02940017e+09 1.02940021e+09
 1.02940026e+09 1.02940030e+09 1.02940034e+09 1.02940038e+09
 1.02940042e+09 1.02940047e+09 1.02940051e+09 1.02940055e+09
 1.02940059e+09 1.02940063e+09 1.02940068e+09 1.02940072e+09
 1.02940076e+09 1.02940080e+09 1.02940084e+09 1.02940089e+09
 1.02940093e+09 1.02940097e+09 1.02940101e+09 1.02940105e+09
 1.02940109e+09 1.02940114e+09 1.02940118e+09 1.02940122e+09
 1.02940126e+09 1.02940130e+09 1.02940135e+09 1.02940139e+09
 1.02940143e+09 1.02940147e+09 1.02940151e+09 1.02940156e+09
 1.02940160e+09 1.02940164e+09 1.02940168e+09 1.02940172e+09
 1.02940177e+09 1.02940181e+09 1.02940185e+09 1.02940189e+09
 1.02940193e+09 1.02940198e+09 1.02940202e+09 1.02940206e+09
 1.02940210e+09 1.02940214e+09 1.02940218e+09 1.02940223e+09
 1.02940227e+09 1.02940231e+09 1.02940235e+09 1.02940239e+09
 1.02940244e+09 1.02940248e+09 1.02940252e+09 1.02940256e+09
 1.02940260e+09 1.02940265e+09 1.02940269e+09 1.02940273e+09
 1.02940277e+09 1.02940281e+09 1.02940286e+09 1.02940290e+09
 1.02940294e+09 1.02940298e+09 1.02940302e+09 1.02940307e+09
 1.02940311e+09 1.02940315e+09 1.02940319e+09 1.02940323e+09
 1.02940327e+09 1.02940332e+09 1.02940336e+09 1.02940340e+09
 1.02940344e+09 1.02940348e+09 1.02940353e+09 1.02940357e+09
 1.02940361e+09 1.02940365e+09 1.02940369e+09 1.02940374e+09
 1.02940378e+09 1.02940382e+09 1.02940386e+09 1.02940390e+09
 1.02940395e+09 1.02940399e+09 1.02940403e+09 1.02940407e+09
 1.02940411e+09 1.02940416e+09 1.02940420e+09 1.02940424e+09
 1.02940428e+09 1.02940432e+09 1.02940436e+09 1.02940441e+09
 1.02940445e+09 1.02940449e+09 1.02940453e+09 1.02940457e+09
 1.02940462e+09 1.02940466e+09 1.02940470e+09 1.02940474e+09
 1.02940478e+09 1.02940483e+09 1.02940487e+09 1.02940491e+09]
minRes = 0.19683189942882257
minResTime =  [1.0294047e+09]
