name =JUICE_ROI_CAL_6_1_04
flyby =  ['2033 APR 06 23:29:30', '2033 APR 07 23:29:30']
Observation TW =  <SpiceCell dtype = 1, length = 0, size = 3200, card = 12, is_set = 1, adjust = 0, init = 1, base = 2554805464624, data = 2554805464672>
Res(t) =  [3.63166683 3.62819693 3.62472675 3.62125629 3.61778556 3.61431454
 3.61084325 3.60737169 3.60389984 3.60042772 3.59695532 3.59348264
 3.59000968 3.58653645 3.58306294 3.57958915 3.57611508 3.57264073
 3.56916611 3.5656912  3.56221602 3.55874056 3.55526482 3.5517888
 3.54831251 3.54483593 3.54135908 3.53788194 3.53440453 3.53092684
 3.52744887 3.52397062 3.52049209 3.51701328 3.51353419 3.51005482
 3.50657518 3.50309525 3.49961504 3.49613455 3.49265379 3.48917274
 3.48569141 3.48220981 3.47872792 3.47524575 3.47176331 3.46828058
 3.46479757 3.46131428 3.45783071 3.45434686 3.45086273 3.44737832
 3.44389362 3.44040865 3.43692339 3.43343786 3.42995204 3.42646594
 3.42297956 3.4194929  3.41600595 3.41251873 3.40903122 3.40554343
 3.40205536 3.39856701 3.39507838 3.39158946 3.38810026 3.38461078
 3.38112102 3.37763097 3.37414065 3.37065004 3.36715914 3.36366797
 3.36017651 3.35668477 3.35319274 3.34970044 3.34620785 3.34271497
 3.33922182 3.33572838 3.33223465 3.32874065 3.32524636 3.32175178
 3.31825693 3.31476179 3.31126636 3.30777065 3.30427466 3.30077838
 3.29728182 3.29378498 3.29028785 3.28679043 3.28329274 3.27979475
 3.27629648 3.27279793 3.2692991  3.26579997 3.26230057 3.25880088
 3.2553009  3.25180064 3.24830009 3.24479926 3.24129814 3.23779673
 3.23429505 3.23079307 3.22729081 3.22378826 3.22028543 3.21678231
 3.21327891 3.20977522 3.20627124 3.20276698 3.19926243 3.19575759
 3.19225247 3.18874706 3.18524137 3.18173538 3.17822911 3.17472256
 3.17121571 3.16770858 3.16420117 3.16069346 3.15718547 3.15367719
 3.15016862 3.14665976 3.14315062 3.13964119 3.13613147 3.13262147
 3.12911117 3.12560059 3.12208972 3.11857856 3.11506711 3.11155537
 3.10804335 3.10453104 3.10101843 3.09750554 3.09399236 3.09047889
 3.08696514 3.08345109 3.07993675 3.07642213 3.07290721 3.06939201
 3.06587651 3.06236073 3.05884466 3.05532829 3.05181164 3.0482947
 3.04477746 3.04125994 3.03774213 3.03422402 3.03070563 3.02718694
 3.02366797 3.0201487  3.01662914 3.01310929 3.00958915 3.00606872
 3.002548   2.99902699 2.99550569 2.99198409 2.9884622  2.98494002
 2.98141755 2.97789479 2.97437174 2.97084839 2.96732475 2.96380082
 2.9602766  2.95675209 2.95322728 2.94970218 2.94617679 2.9426511
 2.93912513 2.93559886 2.93207229 2.92854544 2.92501829 2.92149084
 2.91796311 2.91443508 2.91090675 2.90737814 2.90384923 2.90032002
 2.89679052 2.89326073 2.88973065 2.88620027 2.88266959 2.87913862
 2.87560736 2.8720758  2.86854395 2.8650118  2.86147936 2.85794662
 2.85441359 2.85088026 2.84734664 2.84381273 2.84027851 2.836744
 2.8332092  2.8296741  2.82613871 2.82260301 2.81906703 2.81553074
 2.81199417 2.80845729 2.80492012 2.80138265 2.79784488 2.79430682
 2.79076847 2.78722981 2.78369086 2.78015161 2.77661206 2.77307222
 2.76953208 2.76599164 2.76245091 2.75890987 2.75536854 2.75182692
 2.74828499 2.74474276 2.74120024 2.73765742 2.7341143  2.73057089
 2.72702717 2.72348316 2.71993884 2.71639423 2.71284932 2.70930411
 2.7057586  2.7022128  2.69866669 2.69512028 2.69157358 2.68802657
 2.68447927 2.68093166 2.67738376 2.67383555 2.67028705 2.66673824
 2.66318914 2.65963973 2.65609002 2.65254002 2.64898971 2.6454391
 2.64188819 2.63833698 2.63478547 2.63123366 2.62768154 2.62412913
 2.62057641 2.61702339 2.61347007 2.60991645 2.60636253 2.6028083
 2.59925377 2.59569894 2.59214381 2.58858837 2.58503264 2.58147659
 2.57792025 2.57436361 2.57080666 2.5672494  2.56369185 2.56013399
 2.55657583 2.55301736 2.54945859 2.54589952 2.54234014 2.53878046
 2.53522048 2.53166019 2.52809959 2.5245387  2.52097749 2.51741599
 2.51385417 2.51029206 2.50672964 2.50316691 2.49960388 2.49604054
 2.4924769  2.48891295 2.4853487  2.48178414 2.47821927 2.4746541
 2.47108862 2.46752284 2.46395675 2.46039036 2.45682365 2.45325665
 2.44968933 2.44612171 2.44255378 2.43898554 2.435417   2.43184815
 2.42827899 2.42470952 2.42113975 2.41756967 2.41399928 2.41042858
 2.40685758 2.40328627 2.39971465 2.39614272 2.39257048 2.38899793
 2.38542508 2.38185191 2.37827844 2.37470466 2.37113056 2.36755616
 2.36398145 2.36040643 2.3568311  2.35325546 2.34967951 2.34610325
 2.34252668 2.33894981 2.33537261 2.33179511 2.3282173  2.32463918
 2.32106075 2.317482   2.31390295 2.31032358 2.3067439  2.30316392
 2.29958362 2.296003   2.29242208 2.28884084 2.28525929 2.28167743
 2.27809526 2.27451278 2.27092998 2.26734687 2.26376345 2.26017971
 2.25659566 2.2530113  2.24942662 2.24584164 2.24225633 2.23867072
 2.23508479 2.23149854 2.22791199 2.22432511 2.22073793 2.21715043
 2.21356261 2.20997448 2.20638604 2.20279728 2.19920821 2.19561882
 2.19202911 2.18843909 2.18484876 2.1812581  2.17766714 2.17407585
 2.17048426 2.16689234 2.16330011 2.15970756 2.1561147  2.15252152
 2.14892802 2.1453342  2.14174007 2.13814562 2.13455086 2.13095577
 2.12736037 2.12376465 2.12016862 2.11657226 2.11297559 2.1093786
 2.10578129 2.10218366 2.09858571 2.09498745 2.09138887 2.08778996
 2.08419074 2.0805912  2.07699134 2.07339116 2.06979066 2.06618984
 2.0625887  2.05898724 2.05538546 2.05178335 2.04818093 2.04457819
 2.04097513 2.03737175 2.03376804 2.03016402 2.02655967 2.022955
 2.01935001 2.0157447  2.01213906 2.00853311 2.00492683 2.00132023
 1.99771331 1.99410606 1.99049849 1.9868906  1.98328239 1.97967385
 1.97606499 1.97245581 1.9688463  1.96523647 1.96162632 1.95801584
 1.95440504 1.95079391 1.94718246 1.94357068 1.93995858 1.93634616
 1.93273341 1.92912033 1.92550693 1.9218932  1.91827915 1.91466477
 1.91105007 1.90743504 1.90381969 1.900204   1.896588   1.89297166
 1.889355   1.88573801 1.8821207  1.87850305 1.87488509 1.87126679
 1.86764816 1.86402921 1.86040993 1.85679032 1.85317039 1.84955012
 1.84592953 1.8423086  1.83868735 1.83506577 1.83144386 1.82782163
 1.82419906 1.82057616 1.81695293 1.81332938 1.80970549 1.80608127
 1.80245672 1.79883185 1.79520664 1.7915811  1.78795523 1.78432903
 1.78070249 1.77707563 1.77344843 1.7698209  1.76619304 1.76256485
 1.75893633 1.75530747 1.75167828 1.74804876 1.74441891 1.74078872
 1.7371582  1.73352735 1.72989616 1.72626464 1.72263278 1.71900059
 1.71536807 1.71173521 1.70810202 1.70446849 1.70083463 1.69720044
 1.6935659  1.68993104 1.68629584 1.6826603  1.67902442 1.67538821
 1.67175167 1.66811479 1.66447757 1.66084001 1.65720212 1.65356389
 1.64992532 1.64628642 1.64264718 1.6390076  1.63536768 1.63172743
 1.62808684 1.62444591 1.62080464 1.61716303 1.61352108 1.6098788
 1.60623617 1.60259321 1.5989499  1.59530626 1.59166227 1.58801795
 1.58437329 1.58072828 1.57708294 1.57343725 1.56979122 1.56614485
 1.56249814 1.55885109 1.5552037  1.55155597 1.54790789 1.54425947
 1.54061071 1.5369616  1.53331216 1.52966237 1.52601224 1.52236176
 1.51871094 1.51505978 1.51140827 1.50775642 1.50410422 1.50045168
 1.4967988  1.49314557 1.489492   1.48583808 1.48218381 1.4785292
 1.47487425 1.47121894 1.4675633  1.4639073  1.46025096 1.45659427
 1.45293724 1.44927986 1.44562213 1.44196405 1.43830563 1.43464686
 1.43098774 1.42732827 1.42366845 1.42000829 1.41634777 1.41268691
 1.4090257  1.40536414 1.40170222 1.39803996 1.39437735 1.39071439
 1.38705108 1.38338742 1.3797234  1.37605904 1.37239432 1.36872926
 1.36506384 1.36139807 1.35773195 1.35406547 1.35039864 1.34673146
 1.34306393 1.33939605 1.33572781 1.33205921 1.32839027 1.32472097
 1.32105131 1.31738131 1.31371094 1.31004023 1.30636915 1.30269773
 1.29902594 1.2953538  1.29168131 1.28800846 1.28433525 1.28066169
 1.27698777 1.27331349 1.26963886 1.26596387 1.26228852 1.25861281
 1.25493675 1.25126032 1.24758354 1.2439064  1.2402289  1.23655105
 1.23287283 1.22919425 1.22551532 1.22183602 1.21815637 1.21447635
 1.21079597 1.20711523 1.20343413 1.19975267 1.19607085 1.19238867
 1.18870612 1.18502321 1.18133994 1.17765631 1.17397231 1.17028796
 1.16660323 1.16291815 1.1592327  1.15554688 1.15186071 1.14817416
 1.14448726 1.14079998 1.13711234 1.13342434 1.12973597 1.12604724
 1.12235814 1.11866867 1.11497884 1.11128863 1.10759807 1.10390713
 1.10021583 1.09652416 1.09283212 1.08913971 1.08544693 1.08175379
 1.07806028 1.07436639 1.07067214 1.06697752 1.06328253 1.05958716
 1.05589143 1.05219533 1.04849885 1.04480201 1.04110479 1.0374072
 1.03370924 1.03001091 1.0263122  1.02261312 1.01891367 1.01521385
 1.01151365 1.00781308 1.00411213 1.00041081 0.99670912 0.99300705
 0.98930461 0.98560179 0.98189859 0.97819502 0.97449108 0.97078676
 0.96708206 0.96337698 0.95967153 0.9559657  0.9522595  0.94855291
 0.94484595 0.94113861 0.93743089 0.9337228  0.93001432 0.92630547
 0.92259623 0.91888662 0.91517663 0.91146625 0.9077555  0.90404437
 0.90033285 0.89662096 0.89290868 0.88919602 0.88548298 0.88176956
 0.87805575 0.87434157 0.870627   0.86691205 0.86319671 0.85948099
 0.85576489 0.8520484  0.84833153 0.84461428 0.84089664 0.83717862
 0.83346021 0.82974142 0.82602224 0.82230268 0.81858273 0.81486239
 0.81114167 0.80742056 0.80369907 0.79997719 0.79625492 0.79253227
 0.78880923 0.7850858  0.78136198 0.77763778 0.77391318 0.7701882
 0.76646284 0.76273708 0.75901093 0.7552844  0.75155748 0.74783017
 0.74410247 0.74037438 0.7366459  0.73291703 0.72918777 0.72545812
 0.72172809 0.71799766 0.71426684 0.71053564 0.70680404 0.70307205
 0.69933968 0.69560691 0.69187375 0.68814021 0.68440627 0.68067194
 0.67693722 0.67320212 0.66946662 0.66573073 0.66199446 0.65825779
 0.65452073 0.65078329 0.64704545 0.64330723 0.63956861 0.63582961
 0.63209022 0.62835044 0.62461027 0.62086971 0.61712877 0.61338744
 0.60964572 0.60590361 0.60216112 0.59841824 0.59467498 0.592282
 0.58853733 0.58479228 0.58104682 0.57730098 0.57355475 0.56980813
 0.56606112 0.56231371 0.55856592 0.55481775 0.55106918 0.54732023
 0.54357089 0.53982117 0.53607106 0.53232057 0.5285697  0.52481845
 0.52106681 0.5173148  0.51356241 0.50980964 0.50605649 0.50230297
 0.49854908 0.49479482 0.49104018 0.48728518 0.48352981 0.47977408
 0.47601798 0.47226152 0.46850471 0.46474753 0.46099    0.45723213
 0.4534739  0.44971532 0.4459564  0.44219714 0.43843755 0.43467762
 0.43091735 0.42715676 0.42339585 0.41963462 0.41587307 0.41211121
 0.40834905 0.40458658 0.40082382 0.39706077 0.39329743 0.38953381
 0.38576992 0.38200576 0.37824135 0.37447668 0.37071177 0.36694662
 0.36318124 0.35941564 0.35564984 0.35188384 0.34811764 0.34435127
 0.34058473 0.33681804 0.33305121 0.32928426 0.32551718 0.32175002
 0.31798277 0.31421546 0.3104481  0.30668072 0.30291333 0.29914596
 0.29537863 0.29161136 0.28784418 0.28407711 0.28031019 0.27654345
 0.27277692 0.26901063 0.26524463 0.26147895 0.25771363 0.25394872
 0.25018427 0.24642033 0.24265696 0.23889422 0.23513216 0.23137086
 0.22761039 0.22385083 0.22009227 0.21633479 0.2125785  0.2088235
 0.20506991 0.20131784 0.19756745 0.19381886 0.19007225 0.18632778
 0.18258564 0.17884604 0.1751092  0.17137537 0.16764481 0.16391783
 0.16019474 0.1564759  0.15276172 0.14905262 0.1453491  0.1416517
 0.13796102 0.13427773 0.13060258 0.12693644 0.12328025 0.11963511
 0.11600223 0.11238302 0.10877909 0.10519227 0.10162469 0.09807881
 0.09455748 0.09106407 0.08760252 0.08417751 0.0807946  0.07746049
 0.07418329 0.07097287 0.0678414  0.06480401 0.06187974 0.0590928
 0.05647445 0.05406569 0.05192127 0.05011593 0.04875459 0.04798987
 0.0480548  0.04933055 0.05250762 0.0590518 ]
t =  [1.04971504e+09 1.04971508e+09 1.04971512e+09 1.04971517e+09
 1.04971521e+09 1.04971525e+09 1.04971530e+09 1.04971534e+09
 1.04971538e+09 1.04971542e+09 1.04971547e+09 1.04971551e+09
 1.04971555e+09 1.04971560e+09 1.04971564e+09 1.04971568e+09
 1.04971572e+09 1.04971577e+09 1.04971581e+09 1.04971585e+09
 1.04971590e+09 1.04971594e+09 1.04971598e+09 1.04971602e+09
 1.04971607e+09 1.04971611e+09 1.04971615e+09 1.04971620e+09
 1.04971624e+09 1.04971628e+09 1.04971632e+09 1.04971637e+09
 1.04971641e+09 1.04971645e+09 1.04971649e+09 1.04971654e+09
 1.04971658e+09 1.04971662e+09 1.04971667e+09 1.04971671e+09
 1.04971675e+09 1.04971679e+09 1.04971684e+09 1.04971688e+09
 1.04971692e+09 1.04971697e+09 1.04971701e+09 1.04971705e+09
 1.04971709e+09 1.04971714e+09 1.04971718e+09 1.04971722e+09
 1.04971727e+09 1.04971731e+09 1.04971735e+09 1.04971739e+09
 1.04971744e+09 1.04971748e+09 1.04971752e+09 1.04971757e+09
 1.04971761e+09 1.04971765e+09 1.04971769e+09 1.04971774e+09
 1.04971778e+09 1.04971782e+09 1.04971786e+09 1.04971791e+09
 1.04971795e+09 1.04971799e+09 1.04971804e+09 1.04971808e+09
 1.04971812e+09 1.04971816e+09 1.04971821e+09 1.04971825e+09
 1.04971829e+09 1.04971834e+09 1.04971838e+09 1.04971842e+09
 1.04971846e+09 1.04971851e+09 1.04971855e+09 1.04971859e+09
 1.04971864e+09 1.04971868e+09 1.04971872e+09 1.04971876e+09
 1.04971881e+09 1.04971885e+09 1.04971889e+09 1.04971894e+09
 1.04971898e+09 1.04971902e+09 1.04971906e+09 1.04971911e+09
 1.04971915e+09 1.04971919e+09 1.04971924e+09 1.04971928e+09
 1.04971932e+09 1.04971936e+09 1.04971941e+09 1.04971945e+09
 1.04971949e+09 1.04971953e+09 1.04971958e+09 1.04971962e+09
 1.04971966e+09 1.04971971e+09 1.04971975e+09 1.04971979e+09
 1.04971983e+09 1.04971988e+09 1.04971992e+09 1.04971996e+09
 1.04972001e+09 1.04972005e+09 1.04972009e+09 1.04972013e+09
 1.04972018e+09 1.04972022e+09 1.04972026e+09 1.04972031e+09
 1.04972035e+09 1.04972039e+09 1.04972043e+09 1.04972048e+09
 1.04972052e+09 1.04972056e+09 1.04972061e+09 1.04972065e+09
 1.04972069e+09 1.04972073e+09 1.04972078e+09 1.04972082e+09
 1.04972086e+09 1.04972090e+09 1.04972095e+09 1.04972099e+09
 1.04972103e+09 1.04972108e+09 1.04972112e+09 1.04972116e+09
 1.04972120e+09 1.04972125e+09 1.04972129e+09 1.04972133e+09
 1.04972138e+09 1.04972142e+09 1.04972146e+09 1.04972150e+09
 1.04972155e+09 1.04972159e+09 1.04972163e+09 1.04972168e+09
 1.04972172e+09 1.04972176e+09 1.04972180e+09 1.04972185e+09
 1.04972189e+09 1.04972193e+09 1.04972198e+09 1.04972202e+09
 1.04972206e+09 1.04972210e+09 1.04972215e+09 1.04972219e+09
 1.04972223e+09 1.04972227e+09 1.04972232e+09 1.04972236e+09
 1.04972240e+09 1.04972245e+09 1.04972249e+09 1.04972253e+09
 1.04972257e+09 1.04972262e+09 1.04972266e+09 1.04972270e+09
 1.04972275e+09 1.04972279e+09 1.04972283e+09 1.04972287e+09
 1.04972292e+09 1.04972296e+09 1.04972300e+09 1.04972305e+09
 1.04972309e+09 1.04972313e+09 1.04972317e+09 1.04972322e+09
 1.04972326e+09 1.04972330e+09 1.04972335e+09 1.04972339e+09
 1.04972343e+09 1.04972347e+09 1.04972352e+09 1.04972356e+09
 1.04972360e+09 1.04972365e+09 1.04972369e+09 1.04972373e+09
 1.04972377e+09 1.04972382e+09 1.04972386e+09 1.04972390e+09
 1.04972394e+09 1.04972399e+09 1.04972403e+09 1.04972407e+09
 1.04972412e+09 1.04972416e+09 1.04972420e+09 1.04972424e+09
 1.04972429e+09 1.04972433e+09 1.04972437e+09 1.04972442e+09
 1.04972446e+09 1.04972450e+09 1.04972454e+09 1.04972459e+09
 1.04972463e+09 1.04972467e+09 1.04972472e+09 1.04972476e+09
 1.04972480e+09 1.04972484e+09 1.04972489e+09 1.04972493e+09
 1.04972497e+09 1.04972502e+09 1.04972506e+09 1.04972510e+09
 1.04972514e+09 1.04972519e+09 1.04972523e+09 1.04972527e+09
 1.04972531e+09 1.04972536e+09 1.04972540e+09 1.04972544e+09
 1.04972549e+09 1.04972553e+09 1.04972557e+09 1.04972561e+09
 1.04972566e+09 1.04972570e+09 1.04972574e+09 1.04972579e+09
 1.04972583e+09 1.04972587e+09 1.04972591e+09 1.04972596e+09
 1.04972600e+09 1.04972604e+09 1.04972609e+09 1.04972613e+09
 1.04972617e+09 1.04972621e+09 1.04972626e+09 1.04972630e+09
 1.04972634e+09 1.04972639e+09 1.04972643e+09 1.04972647e+09
 1.04972651e+09 1.04972656e+09 1.04972660e+09 1.04972664e+09
 1.04972668e+09 1.04972673e+09 1.04972677e+09 1.04972681e+09
 1.04972686e+09 1.04972690e+09 1.04972694e+09 1.04972698e+09
 1.04972703e+09 1.04972707e+09 1.04972711e+09 1.04972716e+09
 1.04972720e+09 1.04972724e+09 1.04972728e+09 1.04972733e+09
 1.04972737e+09 1.04972741e+09 1.04972746e+09 1.04972750e+09
 1.04972754e+09 1.04972758e+09 1.04972763e+09 1.04972767e+09
 1.04972771e+09 1.04972776e+09 1.04972780e+09 1.04972784e+09
 1.04972788e+09 1.04972793e+09 1.04972797e+09 1.04972801e+09
 1.04972806e+09 1.04972810e+09 1.04972814e+09 1.04972818e+09
 1.04972823e+09 1.04972827e+09 1.04972831e+09 1.04972835e+09
 1.04972840e+09 1.04972844e+09 1.04972848e+09 1.04972853e+09
 1.04972857e+09 1.04972861e+09 1.04972865e+09 1.04972870e+09
 1.04972874e+09 1.04972878e+09 1.04972883e+09 1.04972887e+09
 1.04972891e+09 1.04972895e+09 1.04972900e+09 1.04972904e+09
 1.04972908e+09 1.04972913e+09 1.04972917e+09 1.04972921e+09
 1.04972925e+09 1.04972930e+09 1.04972934e+09 1.04972938e+09
 1.04972943e+09 1.04972947e+09 1.04972951e+09 1.04972955e+09
 1.04972960e+09 1.04972964e+09 1.04972968e+09 1.04972972e+09
 1.04972977e+09 1.04972981e+09 1.04972985e+09 1.04972990e+09
 1.04972994e+09 1.04972998e+09 1.04973002e+09 1.04973007e+09
 1.04973011e+09 1.04973015e+09 1.04973020e+09 1.04973024e+09
 1.04973028e+09 1.04973032e+09 1.04973037e+09 1.04973041e+09
 1.04973045e+09 1.04973050e+09 1.04973054e+09 1.04973058e+09
 1.04973062e+09 1.04973067e+09 1.04973071e+09 1.04973075e+09
 1.04973080e+09 1.04973084e+09 1.04973088e+09 1.04973092e+09
 1.04973097e+09 1.04973101e+09 1.04973105e+09 1.04973109e+09
 1.04973114e+09 1.04973118e+09 1.04973122e+09 1.04973127e+09
 1.04973131e+09 1.04973135e+09 1.04973139e+09 1.04973144e+09
 1.04973148e+09 1.04973152e+09 1.04973157e+09 1.04973161e+09
 1.04973165e+09 1.04973169e+09 1.04973174e+09 1.04973178e+09
 1.04973182e+09 1.04973187e+09 1.04973191e+09 1.04973195e+09
 1.04973199e+09 1.04973204e+09 1.04973208e+09 1.04973212e+09
 1.04973217e+09 1.04973221e+09 1.04973225e+09 1.04973229e+09
 1.04973234e+09 1.04973238e+09 1.04973242e+09 1.04973247e+09
 1.04973251e+09 1.04973255e+09 1.04973259e+09 1.04973264e+09
 1.04973268e+09 1.04973272e+09 1.04973276e+09 1.04973281e+09
 1.04973285e+09 1.04973289e+09 1.04973294e+09 1.04973298e+09
 1.04973302e+09 1.04973306e+09 1.04973311e+09 1.04973315e+09
 1.04973319e+09 1.04973324e+09 1.04973328e+09 1.04973332e+09
 1.04973336e+09 1.04973341e+09 1.04973345e+09 1.04973349e+09
 1.04973354e+09 1.04973358e+09 1.04973362e+09 1.04973366e+09
 1.04973371e+09 1.04973375e+09 1.04973379e+09 1.04973384e+09
 1.04973388e+09 1.04973392e+09 1.04973396e+09 1.04973401e+09
 1.04973405e+09 1.04973409e+09 1.04973413e+09 1.04973418e+09
 1.04973422e+09 1.04973426e+09 1.04973431e+09 1.04973435e+09
 1.04973439e+09 1.04973443e+09 1.04973448e+09 1.04973452e+09
 1.04973456e+09 1.04973461e+09 1.04973465e+09 1.04973469e+09
 1.04973473e+09 1.04973478e+09 1.04973482e+09 1.04973486e+09
 1.04973491e+09 1.04973495e+09 1.04973499e+09 1.04973503e+09
 1.04973508e+09 1.04973512e+09 1.04973516e+09 1.04973521e+09
 1.04973525e+09 1.04973529e+09 1.04973533e+09 1.04973538e+09
 1.04973542e+09 1.04973546e+09 1.04973550e+09 1.04973555e+09
 1.04973559e+09 1.04973563e+09 1.04973568e+09 1.04973572e+09
 1.04973576e+09 1.04973580e+09 1.04973585e+09 1.04973589e+09
 1.04973593e+09 1.04973598e+09 1.04973602e+09 1.04973606e+09
 1.04973610e+09 1.04973615e+09 1.04973619e+09 1.04973623e+09
 1.04973628e+09 1.04973632e+09 1.04973636e+09 1.04973640e+09
 1.04973645e+09 1.04973649e+09 1.04973653e+09 1.04973658e+09
 1.04973662e+09 1.04973666e+09 1.04973670e+09 1.04973675e+09
 1.04973679e+09 1.04973683e+09 1.04973687e+09 1.04973692e+09
 1.04973696e+09 1.04973700e+09 1.04973705e+09 1.04973709e+09
 1.04973713e+09 1.04973717e+09 1.04973722e+09 1.04973726e+09
 1.04973730e+09 1.04973735e+09 1.04973739e+09 1.04973743e+09
 1.04973747e+09 1.04973752e+09 1.04973756e+09 1.04973760e+09
 1.04973765e+09 1.04973769e+09 1.04973773e+09 1.04973777e+09
 1.04973782e+09 1.04973786e+09 1.04973790e+09 1.04973795e+09
 1.04973799e+09 1.04973803e+09 1.04973807e+09 1.04973812e+09
 1.04973816e+09 1.04973820e+09 1.04973825e+09 1.04973829e+09
 1.04973833e+09 1.04973837e+09 1.04973842e+09 1.04973846e+09
 1.04973850e+09 1.04973854e+09 1.04973859e+09 1.04973863e+09
 1.04973867e+09 1.04973872e+09 1.04973876e+09 1.04973880e+09
 1.04973884e+09 1.04973889e+09 1.04973893e+09 1.04973897e+09
 1.04973902e+09 1.04973906e+09 1.04973910e+09 1.04973914e+09
 1.04973919e+09 1.04973923e+09 1.04973927e+09 1.04973932e+09
 1.04973936e+09 1.04973940e+09 1.04973944e+09 1.04973949e+09
 1.04973953e+09 1.04973957e+09 1.04973962e+09 1.04973966e+09
 1.04973970e+09 1.04973974e+09 1.04973979e+09 1.04973983e+09
 1.04973987e+09 1.04973991e+09 1.04973996e+09 1.04974000e+09
 1.04974004e+09 1.04974009e+09 1.04974013e+09 1.04974017e+09
 1.04974021e+09 1.04974026e+09 1.04974030e+09 1.04974034e+09
 1.04974039e+09 1.04974043e+09 1.04974047e+09 1.04974051e+09
 1.04974056e+09 1.04974060e+09 1.04974064e+09 1.04974069e+09
 1.04974073e+09 1.04974077e+09 1.04974081e+09 1.04974086e+09
 1.04974090e+09 1.04974094e+09 1.04974099e+09 1.04974103e+09
 1.04974107e+09 1.04974111e+09 1.04974116e+09 1.04974120e+09
 1.04974124e+09 1.04974128e+09 1.04974133e+09 1.04974137e+09
 1.04974141e+09 1.04974146e+09 1.04974150e+09 1.04974154e+09
 1.04974158e+09 1.04974163e+09 1.04974167e+09 1.04974171e+09
 1.04974176e+09 1.04974180e+09 1.04974184e+09 1.04974188e+09
 1.04974193e+09 1.04974197e+09 1.04974201e+09 1.04974206e+09
 1.04974210e+09 1.04974214e+09 1.04974218e+09 1.04974223e+09
 1.04974227e+09 1.04974231e+09 1.04974236e+09 1.04974240e+09
 1.04974244e+09 1.04974248e+09 1.04974253e+09 1.04974257e+09
 1.04974261e+09 1.04974266e+09 1.04974270e+09 1.04974274e+09
 1.04974278e+09 1.04974283e+09 1.04974287e+09 1.04974291e+09
 1.04974295e+09 1.04974300e+09 1.04974304e+09 1.04974308e+09
 1.04974313e+09 1.04974317e+09 1.04974321e+09 1.04974325e+09
 1.04974330e+09 1.04974334e+09 1.04974338e+09 1.04974343e+09
 1.04974347e+09 1.04974351e+09 1.04974355e+09 1.04974360e+09
 1.04974364e+09 1.04974368e+09 1.04974373e+09 1.04974377e+09
 1.04974381e+09 1.04974385e+09 1.04974390e+09 1.04974394e+09
 1.04974398e+09 1.04974403e+09 1.04974407e+09 1.04974411e+09
 1.04974415e+09 1.04974420e+09 1.04974424e+09 1.04974428e+09
 1.04974432e+09 1.04974437e+09 1.04974441e+09 1.04974445e+09
 1.04974450e+09 1.04974454e+09 1.04974458e+09 1.04974462e+09
 1.04974467e+09 1.04974471e+09 1.04974475e+09 1.04974480e+09
 1.04974484e+09 1.04974488e+09 1.04974492e+09 1.04974497e+09
 1.04974501e+09 1.04974505e+09 1.04974510e+09 1.04974514e+09
 1.04974518e+09 1.04974522e+09 1.04974527e+09 1.04974531e+09
 1.04974535e+09 1.04974540e+09 1.04974544e+09 1.04974548e+09
 1.04974552e+09 1.04974557e+09 1.04974561e+09 1.04974565e+09
 1.04974569e+09 1.04974574e+09 1.04974578e+09 1.04974582e+09
 1.04974587e+09 1.04974591e+09 1.04974595e+09 1.04974599e+09
 1.04974604e+09 1.04974608e+09 1.04974612e+09 1.04974617e+09
 1.04974621e+09 1.04974625e+09 1.04974629e+09 1.04974634e+09
 1.04974638e+09 1.04974642e+09 1.04974647e+09 1.04974651e+09
 1.04974655e+09 1.04974659e+09 1.04974664e+09 1.04974668e+09
 1.04974672e+09 1.04974677e+09 1.04974681e+09 1.04974685e+09
 1.04974689e+09 1.04974694e+09 1.04974698e+09 1.04974702e+09
 1.04974707e+09 1.04974711e+09 1.04974715e+09 1.04974719e+09
 1.04974724e+09 1.04974728e+09 1.04974732e+09 1.04974736e+09
 1.04974741e+09 1.04974745e+09 1.04974749e+09 1.04974754e+09
 1.04974758e+09 1.04974762e+09 1.04974766e+09 1.04974771e+09
 1.04974775e+09 1.04974779e+09 1.04974784e+09 1.04974788e+09
 1.04974792e+09 1.04974796e+09 1.04974801e+09 1.04974805e+09
 1.04974809e+09 1.04974814e+09 1.04974818e+09 1.04974822e+09
 1.04974826e+09 1.04974831e+09 1.04974835e+09 1.04974839e+09
 1.04974844e+09 1.04974848e+09 1.04974852e+09 1.04974856e+09
 1.04974861e+09 1.04974865e+09 1.04974869e+09 1.04974873e+09
 1.04974878e+09 1.04974882e+09 1.04974886e+09 1.04974891e+09
 1.04974895e+09 1.04974899e+09 1.04974903e+09 1.04974908e+09
 1.04974912e+09 1.04974916e+09 1.04974921e+09 1.04974925e+09
 1.04974929e+09 1.04974933e+09 1.04974938e+09 1.04974942e+09
 1.04974946e+09 1.04974951e+09 1.04974955e+09 1.04974959e+09
 1.04974963e+09 1.04974968e+09 1.04974972e+09 1.04974976e+09
 1.04974981e+09 1.04974985e+09 1.04974989e+09 1.04974993e+09
 1.04974998e+09 1.04975002e+09 1.04975006e+09 1.04975010e+09
 1.04975015e+09 1.04975019e+09 1.04975023e+09 1.04975028e+09
 1.04975032e+09 1.04975036e+09 1.04975040e+09 1.04975045e+09
 1.04975049e+09 1.04975053e+09 1.04975058e+09 1.04975062e+09
 1.04975066e+09 1.04975070e+09 1.04975075e+09 1.04975079e+09
 1.04975083e+09 1.04975088e+09 1.04975092e+09 1.04975096e+09
 1.04975100e+09 1.04975105e+09 1.04975109e+09 1.04975113e+09
 1.04975118e+09 1.04975122e+09 1.04975126e+09 1.04975130e+09
 1.04975135e+09 1.04975139e+09 1.04975143e+09 1.04975148e+09
 1.04975152e+09 1.04975156e+09 1.04975160e+09 1.04975165e+09
 1.04975169e+09 1.04975173e+09 1.04975177e+09 1.04975182e+09
 1.04975186e+09 1.04975190e+09 1.04975195e+09 1.04975199e+09
 1.04975203e+09 1.04975207e+09 1.04975212e+09 1.04975216e+09
 1.04975220e+09 1.04975225e+09 1.04975229e+09 1.04975233e+09
 1.04975237e+09 1.04975242e+09 1.04975246e+09 1.04975250e+09
 1.04975255e+09 1.04975259e+09 1.04975263e+09 1.04975267e+09
 1.04975272e+09 1.04975276e+09 1.04975280e+09 1.04975285e+09
 1.04975289e+09 1.04975293e+09 1.04975297e+09 1.04975302e+09
 1.04975306e+09 1.04975310e+09 1.04975314e+09 1.04975319e+09
 1.04975323e+09 1.04975327e+09 1.04975332e+09 1.04975336e+09
 1.04975340e+09 1.04975344e+09 1.04975349e+09 1.04975353e+09
 1.04975357e+09 1.04975362e+09 1.04975366e+09 1.04975370e+09
 1.04975374e+09 1.04975379e+09 1.04975383e+09 1.04975387e+09
 1.04975392e+09 1.04975396e+09 1.04975400e+09 1.04975404e+09
 1.04975409e+09 1.04975413e+09 1.04975417e+09 1.04975422e+09
 1.04975426e+09 1.04975430e+09 1.04975434e+09 1.04975439e+09
 1.04975443e+09 1.04975447e+09 1.04975451e+09 1.04975456e+09
 1.04975460e+09 1.04975464e+09 1.04975469e+09 1.04975473e+09
 1.04975477e+09 1.04975481e+09 1.04975486e+09 1.04975490e+09
 1.04975494e+09 1.04975499e+09 1.04975503e+09 1.04975507e+09
 1.04975511e+09 1.04975516e+09 1.04975520e+09 1.04975524e+09
 1.04975529e+09 1.04975533e+09 1.04975537e+09 1.04975541e+09
 1.04975546e+09 1.04975550e+09 1.04975554e+09 1.04975559e+09
 1.04975563e+09 1.04975567e+09 1.04975571e+09 1.04975576e+09
 1.04975580e+09 1.04975584e+09 1.04975588e+09 1.04975593e+09
 1.04975597e+09 1.04975601e+09 1.04975606e+09 1.04975610e+09
 1.04975614e+09 1.04975618e+09 1.04975623e+09 1.04975627e+09
 1.04975631e+09 1.04975636e+09 1.04975640e+09 1.04975644e+09
 1.04975648e+09 1.04975653e+09 1.04975657e+09 1.04975661e+09
 1.04975666e+09 1.04975670e+09 1.04975674e+09 1.04975678e+09
 1.04975683e+09 1.04975687e+09 1.04975691e+09 1.04975696e+09
 1.04975700e+09 1.04975704e+09 1.04975708e+09 1.04975713e+09
 1.04975717e+09 1.04975721e+09 1.04975726e+09 1.04975730e+09
 1.04975734e+09 1.04975738e+09 1.04975743e+09 1.04975747e+09
 1.04975751e+09 1.04975755e+09 1.04975760e+09 1.04975764e+09
 1.04975768e+09 1.04975773e+09 1.04975777e+09 1.04975781e+09]
minRes = 0.04798986808131878
minResTime =  [1.04975764e+09]
