name =JUICE_ROI_CAL_4_4_03
flyby =  ['2033 JUL 16 02:11:44', '2033 JUL 17 02:11:44']
Observation TW =  <SpiceCell dtype = 1, length = 0, size = 2200, card = 2, is_set = 1, adjust = 0, init = 1, base = 2554799415440, data = 2554799415488>
Res(t) =  [4.8267576  4.82664326 4.82652892 4.82641459 4.82630025 4.82618591
 4.82607157 4.82595723 4.82584289 4.82572855 4.82561421 4.82549987
 4.82538552 4.82527118 4.82515684 4.82504249 4.82492815 4.8248138
 4.82469946 4.82458511 4.82447077 4.82435642 4.82424207 4.82412773
 4.82401338 4.82389903 4.82378468 4.82367033 4.82355598 4.82344163
 4.82332728 4.82321293 4.82309858 4.82298422 4.82286987 4.82275552
 4.82264116 4.82252681 4.82241246 4.8222981  4.82218375 4.82206939
 4.82195503 4.82184068 4.82172632 4.82161196 4.8214976  4.82138324
 4.82126888 4.82115452 4.82104016 4.8209258  4.82081144 4.82069708
 4.82058272 4.82046835 4.82035399 4.82023963 4.82012526 4.8200109
 4.81989653 4.81978217 4.8196678  4.81955343 4.81943906 4.8193247
 4.81921033 4.81909596 4.81898159 4.81886722 4.81875285 4.81863848
 4.81852411 4.81840974 4.81829537 4.81818099 4.81806662 4.81795225
 4.81783787 4.8177235  4.81760912 4.81749475 4.81738037 4.817266
 4.81715162 4.81703724 4.81692287 4.81680849 4.81669411 4.81657973
 4.81646535 4.81635097 4.81623659 4.81612221 4.81600783 4.81589344
 4.81577906 4.81566468 4.81555029 4.81543591 4.81532153 4.81520714
 4.81509276 4.81497837 4.81486398 4.8147496  4.81463521 4.81452082
 4.81440643 4.81429204 4.81417766 4.81406327 4.81394888 4.81383448
 4.81372009 4.8136057  4.81349131 4.81337692 4.81326252 4.81314813
 4.81303374 4.81291934 4.81280495 4.81269055 4.81257616 4.81246176
 4.81234736 4.81223296 4.81211857 4.81200417 4.81188977 4.81177537
 4.81166097 4.81154657 4.81143217 4.81131777 4.81120337 4.81108896
 4.81097456 4.81086016 4.81074575 4.81063135 4.81051695 4.81040254
 4.81028813 4.81017373 4.81005932 4.80994491 4.80983051 4.8097161
 4.80960169 4.80948728 4.80937287 4.80925846 4.80914405 4.80902964
 4.80891523 4.80880082 4.80868641 4.80857199 4.80845758 4.80834317
 4.80822875 4.80811434 4.80799992 4.80788551 4.80777109 4.80765667
 4.80754226 4.80742784 4.80731342 4.807199   4.80708458 4.80697016
 4.80685574 4.80674132 4.8066269  4.80651248 4.80639806 4.80628364
 4.80616921 4.80605479 4.80594037 4.80582594 4.80571152 4.80559709
 4.80548267 4.80536824 4.80525381 4.80513939 4.80502496 4.80491053
 4.8047961  4.80468167 4.80456724 4.80445281 4.80433838 4.80422395
 4.80410952 4.80399509 4.80388066 4.80376622 4.80365179 4.80353736
 4.80342292 4.80330849 4.80319405 4.80307961 4.80296518 4.80285074
 4.8027363  4.80262187 4.80250743 4.80239299 4.80227855 4.80216411
 4.80204967 4.80193523 4.80182079 4.80170635 4.8015919  4.80147746
 4.80136302 4.80124858 4.80113413 4.80101969 4.80090524 4.8007908
 4.80067635 4.8005619  4.80044746 4.80033301 4.80021856 4.80010411
 4.79998967 4.79987522 4.79976077 4.79964632 4.79953187 4.79941741
 4.79930296 4.79918851 4.79907406 4.7989596  4.79884515 4.7987307
 4.79861624 4.79850179 4.79838733 4.79827288 4.79815842 4.79804396
 4.7979295  4.79781505 4.79770059 4.79758613 4.79747167 4.79735721
 4.79724275 4.79712829 4.79701383 4.79689937 4.7967849  4.79667044
 4.79655598 4.79644151 4.79632705 4.79621259 4.79609812 4.79598365
 4.79586919 4.79575472 4.79564025 4.79552579 4.79541132 4.79529685
 4.79518238 4.79506791 4.79495344 4.79483897 4.7947245  4.79461003
 4.79449556 4.79438109 4.79426661 4.79415214 4.79403767 4.79392319
 4.79380872 4.79369424 4.79357977 4.79346529 4.79335081 4.79323634
 4.79312186 4.79300738 4.7928929  4.79277842 4.79266394 4.79254946
 4.79243498 4.7923205  4.79220602 4.79209154 4.79197706 4.79186257
 4.79174809 4.79163361 4.79151912 4.79140464 4.79129015 4.79117566
 4.79106118 4.79094669 4.7908322  4.79071772 4.79060323 4.79048874
 4.79037425 4.79025976 4.79014527 4.79003078 4.78991629 4.7898018
 4.78968731 4.78957281 4.78945832 4.78934383 4.78922933 4.78911484
 4.78900034 4.78888585 4.78877135 4.78865686 4.78854236 4.78842786
 4.78831336 4.78819887 4.78808437 4.78796987 4.78785537 4.78774087
 4.78762637 4.78751187 4.78739736 4.78728286 4.78716836 4.78705386
 4.78693935 4.78682485 4.78671034 4.78659584 4.78648133 4.78636683
 4.78625232 4.78613781 4.78602331 4.7859088  4.78579429 4.78567978
 4.78556527 4.78545076 4.78533625 4.78522174 4.78510723 4.78499272
 4.78487821 4.78476369 4.78464918 4.78453467 4.78442015 4.78430564
 4.78419112 4.78407661 4.78396209 4.78384757 4.78373306 4.78361854
 4.78350402 4.7833895  4.78327498 4.78316046 4.78304594 4.78293142
 4.7828169  4.78270238 4.78258786 4.78247334 4.78235881 4.78224429
 4.78212977 4.78201524 4.78190072 4.78178619 4.78167167 4.78155714
 4.78144262 4.78132809 4.78121356 4.78109903 4.7809845  4.78086997
 4.78075545 4.78064091 4.78052638 4.78041185 4.78029732 4.78018279
 4.78006826 4.77995372 4.77983919 4.77972466 4.77961012 4.77949559
 4.77938105 4.77926652 4.77915198 4.77903744 4.77892291 4.77880837
 4.77869383 4.77857929 4.77846475 4.77835021 4.77823567 4.77812113
 4.77800659 4.77789205 4.77777751 4.77766297 4.77754842 4.77743388
 4.77731934 4.77720479 4.77709025 4.7769757  4.77686115 4.77674661
 4.77663206 4.77651751 4.77640297 4.77628842 4.77617387 4.77605932
 4.77594477 4.77583022 4.77571567 4.77560112 4.77548657 4.77537201
 4.77525746 4.77514291 4.77502835 4.7749138  4.77479925 4.77468469
 4.77457014 4.77445558 4.77434102 4.77422647 4.77411191 4.77399735
 4.77388279 4.77376823 4.77365367 4.77353911 4.77342455 4.77330999
 4.77319543 4.77308087 4.77296631 4.77285175 4.77273718 4.77262262
 4.77250805 4.77239349 4.77227892 4.77216436 4.77204979 4.77193523
 4.77182066 4.77170609 4.77159152 4.77147696 4.77136239 4.77124782
 4.77113325 4.77101868 4.77090411 4.77078953 4.77067496 4.77056039
 4.77044582 4.77033124 4.77021667 4.7701021  4.76998752 4.76987295
 4.76975837 4.76964379 4.76952922 4.76941464 4.76930006 4.76918548
 4.76907091 4.76895633 4.76884175 4.76872717 4.76861259 4.76849801
 4.76838342 4.76826884 4.76815426 4.76803968 4.76792509 4.76781051
 4.76769592 4.76758134 4.76746675 4.76735217 4.76723758 4.767123
 4.76700841 4.76689382 4.76677923 4.76666464 4.76655005 4.76643546
 4.76632087 4.76620628 4.76609169 4.7659771  4.76586251 4.76574792
 4.76563332 4.76551873 4.76540414 4.76528954 4.76517495 4.76506035
 4.76494576 4.76483116 4.76471656 4.76460196 4.76448737 4.76437277
 4.76425817 4.76414357 4.76402897 4.76391437 4.76379977 4.76368517
 4.76357057 4.76345596 4.76334136 4.76322676 4.76311216 4.76299755
 4.76288295 4.76276834 4.76265374 4.76253913 4.76242452 4.76230992
 4.76219531 4.7620807  4.76196609 4.76185148 4.76173687 4.76162226
 4.76150765 4.76139304 4.76127843 4.76116382 4.76104921 4.76093459
 4.76081998 4.76070537 4.76059075 4.76047614 4.76036152 4.76024691
 4.76013229 4.76001768 4.75990306 4.75978844 4.75967382 4.7595592
 4.75944459 4.75932997 4.75921535 4.75910073 4.7589861  4.75887148
 4.75875686 4.75864224 4.75852762 4.75841299 4.75829837 4.75818374
 4.75806912 4.75795449 4.75783987 4.75772524 4.75761062 4.75749599
 4.75738136 4.75726673 4.7571521  4.75703747 4.75692284 4.75680821
 4.75669358 4.75657895 4.75646432 4.75634969 4.75623506 4.75612042
 4.75600579 4.75589116 4.75577652 4.75566189 4.75554725 4.75543262
 4.75531798 4.75520334 4.75508871 4.75497407 4.75485943 4.75474479
 4.75463015 4.75451551 4.75440087 4.75428623 4.75417159 4.75405695
 4.75394231 4.75382766 4.75371302 4.75359838 4.75348373 4.75336909
 4.75325444 4.7531398  4.75302515 4.7529105  4.75279586 4.75268121
 4.75256656 4.75245191 4.75233727 4.75222262 4.75210797 4.75199332
 4.75187866 4.75176401 4.75164936 4.75153471 4.75142006 4.7513054
 4.75119075 4.7510761  4.75096144 4.75084679 4.75073213 4.75061747
 4.75050282 4.75038816 4.7502735  4.75015885 4.75004419 4.74992953
 4.74981487 4.74970021 4.74958555 4.74947089 4.74935623 4.74924156
 4.7491269  4.74901224 4.74889757 4.74878291 4.74866825 4.74855358
 4.74843892 4.74832425 4.74820958 4.74809492 4.74798025 4.74786558
 4.74775092 4.74763625 4.74752158 4.74740691 4.74729224 4.74717757
 4.7470629  4.74694822 4.74683355 4.74671888 4.74660421 4.74648953
 4.74637486 4.74626019 4.74614551 4.74603084 4.74591616 4.74580148
 4.74568681 4.74557213 4.74545745 4.74534277 4.74522809 4.74511341
 4.74499874 4.74488406 4.74476937 4.74465469 4.74454001 4.74442533
 4.74431065 4.74419596 4.74408128 4.7439666  4.74385191 4.74373723
 4.74362254 4.74350786 4.74339317 4.74327848 4.74316379 4.74304911
 4.74293442 4.74281973 4.74270504 4.74259035 4.74247566 4.74236097
 4.74224628 4.74213159 4.74201689 4.7419022  4.74178751 4.74167281
 4.74155812 4.74144343 4.74132873 4.74121403 4.74109934 4.74098464
 4.74086995 4.74075525 4.74064055 4.74052585 4.74041115 4.74029645
 4.74018175 4.74006705 4.73995235 4.73983765 4.73972295 4.73960825
 4.73949354 4.73937884 4.73926414 4.73914943 4.73903473 4.73892002
 4.73880532 4.73869061 4.7385759  4.7384612  4.73834649 4.73823178
 4.73811707 4.73800236 4.73788765 4.73777294 4.73765823 4.73754352
 4.73742881 4.7373141  4.73719939 4.73708467 4.73696996 4.73685524
 4.73674053 4.73662582 4.7365111  4.73639638 4.73628167 4.73616695
 4.73605223 4.73593752 4.7358228  4.73570808 4.73559336 4.73547864
 4.73536392 4.7352492  4.73513448 4.73501976 4.73490503 4.73479031
 4.73467559 4.73456087 4.73444614 4.73433142 4.73421669 4.73410197
 4.73398724 4.73387251 4.73375779 4.73364306 4.73352833 4.7334136
 4.73329887 4.73318415 4.73306942 4.73295468 4.73283995 4.73272522
 4.73261049 4.73249576 4.73238103 4.73226629 4.73215156 4.73203683
 4.73192209 4.73180736 4.73169262 4.73157788 4.73146315 4.73134841
 4.73123367 4.73111893 4.7310042  4.73088946 4.73077472 4.73065998
 4.73054524 4.7304305  4.73031575 4.73020101 4.73008627 4.72997153
 4.72985678 4.72974204 4.7296273  4.72951255 4.72939781 4.72928306
 4.72916831 4.72905357 4.72893882 4.72882407 4.72870932 4.72859458
 4.72847983 4.72836508 4.72825033 4.72813558 4.72802083 4.72790607
 4.72779132 4.72767657 4.72756182 4.72744706 4.72733231 4.72721756
 4.7271028  4.72698804 4.72687329 4.72675853 4.72664378 4.72652902
 4.72641426 4.7262995  4.72618474 4.72606998 4.72595522 4.72584046
 4.7257257  4.72561094 4.72549618 4.72538142 4.72526666 4.72515189
 4.72503713 4.72492237 4.7248076  4.72469284 4.72457807 4.7244633
 4.72434854 4.72423377 4.724119   4.72400424 4.72388947 4.7237747
 4.72365993 4.72354516 4.72343039 4.72331562 4.72320085 4.72308608
 4.7229713  4.72285653 4.72274176 4.72262698 4.72251221 4.72239743
 4.72228266 4.72216788 4.72205311 4.72193833 4.72182355 4.72170878
 4.721594   4.72147922 4.72136444 4.72124966 4.72113488 4.7210201
 4.72090532 4.72079054 4.72067576 4.72056097 4.72044619 4.72033141
 4.72021662 4.72010184 4.71998705 4.71987227 4.71975748 4.7196427
 4.71952791 4.71941312 4.71929834 4.71918355 4.71906876 4.71895397
 4.71883918 4.71872439 4.7186096  4.71849481 4.71838002 4.71826523
 4.71815043 4.71803564 4.71792085 4.71780605 4.71769126 4.71757646
 4.71746167 4.71734687 4.71723208 4.71711728 4.71700248 4.71688768
 4.71677288 4.71665809 4.71654329 4.71642849 4.71631369 4.71619889
 4.71608408 4.71596928 4.71585448 4.71573968 4.71562488 4.71551007
 4.71539527 4.71528046 4.71516566 4.71505085 4.71493605 4.71482124
 4.71470643 4.71459163 4.71447682 4.71436201 4.7142472  4.71413239
 4.71401758 4.71390277 4.71378796 4.71367315 4.71355834 4.71344352
 4.71332871 4.7132139  4.71309908 4.71298427 4.71286946 4.71275464
 4.71263982 4.71252501 4.71241019 4.71229537]
t =  [1.05836477e+09 1.05836477e+09 1.05836478e+09 1.05836478e+09
 1.05836478e+09 1.05836478e+09 1.05836478e+09 1.05836478e+09
 1.05836478e+09 1.05836478e+09 1.05836478e+09 1.05836479e+09
 1.05836479e+09 1.05836479e+09 1.05836479e+09 1.05836479e+09
 1.05836479e+09 1.05836479e+09 1.05836479e+09 1.05836479e+09
 1.05836480e+09 1.05836480e+09 1.05836480e+09 1.05836480e+09
 1.05836480e+09 1.05836480e+09 1.05836480e+09 1.05836480e+09
 1.05836481e+09 1.05836481e+09 1.05836481e+09 1.05836481e+09
 1.05836481e+09 1.05836481e+09 1.05836481e+09 1.05836481e+09
 1.05836481e+09 1.05836482e+09 1.05836482e+09 1.05836482e+09
 1.05836482e+09 1.05836482e+09 1.05836482e+09 1.05836482e+09
 1.05836482e+09 1.05836482e+09 1.05836483e+09 1.05836483e+09
 1.05836483e+09 1.05836483e+09 1.05836483e+09 1.05836483e+09
 1.05836483e+09 1.05836483e+09 1.05836483e+09 1.05836484e+09
 1.05836484e+09 1.05836484e+09 1.05836484e+09 1.05836484e+09
 1.05836484e+09 1.05836484e+09 1.05836484e+09 1.05836485e+09
 1.05836485e+09 1.05836485e+09 1.05836485e+09 1.05836485e+09
 1.05836485e+09 1.05836485e+09 1.05836485e+09 1.05836485e+09
 1.05836486e+09 1.05836486e+09 1.05836486e+09 1.05836486e+09
 1.05836486e+09 1.05836486e+09 1.05836486e+09 1.05836486e+09
 1.05836486e+09 1.05836487e+09 1.05836487e+09 1.05836487e+09
 1.05836487e+09 1.05836487e+09 1.05836487e+09 1.05836487e+09
 1.05836487e+09 1.05836487e+09 1.05836488e+09 1.05836488e+09
 1.05836488e+09 1.05836488e+09 1.05836488e+09 1.05836488e+09
 1.05836488e+09 1.05836488e+09 1.05836489e+09 1.05836489e+09
 1.05836489e+09 1.05836489e+09 1.05836489e+09 1.05836489e+09
 1.05836489e+09 1.05836489e+09 1.05836489e+09 1.05836490e+09
 1.05836490e+09 1.05836490e+09 1.05836490e+09 1.05836490e+09
 1.05836490e+09 1.05836490e+09 1.05836490e+09 1.05836490e+09
 1.05836491e+09 1.05836491e+09 1.05836491e+09 1.05836491e+09
 1.05836491e+09 1.05836491e+09 1.05836491e+09 1.05836491e+09
 1.05836491e+09 1.05836492e+09 1.05836492e+09 1.05836492e+09
 1.05836492e+09 1.05836492e+09 1.05836492e+09 1.05836492e+09
 1.05836492e+09 1.05836492e+09 1.05836493e+09 1.05836493e+09
 1.05836493e+09 1.05836493e+09 1.05836493e+09 1.05836493e+09
 1.05836493e+09 1.05836493e+09 1.05836494e+09 1.05836494e+09
 1.05836494e+09 1.05836494e+09 1.05836494e+09 1.05836494e+09
 1.05836494e+09 1.05836494e+09 1.05836494e+09 1.05836495e+09
 1.05836495e+09 1.05836495e+09 1.05836495e+09 1.05836495e+09
 1.05836495e+09 1.05836495e+09 1.05836495e+09 1.05836495e+09
 1.05836496e+09 1.05836496e+09 1.05836496e+09 1.05836496e+09
 1.05836496e+09 1.05836496e+09 1.05836496e+09 1.05836496e+09
 1.05836496e+09 1.05836497e+09 1.05836497e+09 1.05836497e+09
 1.05836497e+09 1.05836497e+09 1.05836497e+09 1.05836497e+09
 1.05836497e+09 1.05836498e+09 1.05836498e+09 1.05836498e+09
 1.05836498e+09 1.05836498e+09 1.05836498e+09 1.05836498e+09
 1.05836498e+09 1.05836498e+09 1.05836499e+09 1.05836499e+09
 1.05836499e+09 1.05836499e+09 1.05836499e+09 1.05836499e+09
 1.05836499e+09 1.05836499e+09 1.05836499e+09 1.05836500e+09
 1.05836500e+09 1.05836500e+09 1.05836500e+09 1.05836500e+09
 1.05836500e+09 1.05836500e+09 1.05836500e+09 1.05836500e+09
 1.05836501e+09 1.05836501e+09 1.05836501e+09 1.05836501e+09
 1.05836501e+09 1.05836501e+09 1.05836501e+09 1.05836501e+09
 1.05836502e+09 1.05836502e+09 1.05836502e+09 1.05836502e+09
 1.05836502e+09 1.05836502e+09 1.05836502e+09 1.05836502e+09
 1.05836502e+09 1.05836503e+09 1.05836503e+09 1.05836503e+09
 1.05836503e+09 1.05836503e+09 1.05836503e+09 1.05836503e+09
 1.05836503e+09 1.05836503e+09 1.05836504e+09 1.05836504e+09
 1.05836504e+09 1.05836504e+09 1.05836504e+09 1.05836504e+09
 1.05836504e+09 1.05836504e+09 1.05836504e+09 1.05836505e+09
 1.05836505e+09 1.05836505e+09 1.05836505e+09 1.05836505e+09
 1.05836505e+09 1.05836505e+09 1.05836505e+09 1.05836506e+09
 1.05836506e+09 1.05836506e+09 1.05836506e+09 1.05836506e+09
 1.05836506e+09 1.05836506e+09 1.05836506e+09 1.05836506e+09
 1.05836507e+09 1.05836507e+09 1.05836507e+09 1.05836507e+09
 1.05836507e+09 1.05836507e+09 1.05836507e+09 1.05836507e+09
 1.05836507e+09 1.05836508e+09 1.05836508e+09 1.05836508e+09
 1.05836508e+09 1.05836508e+09 1.05836508e+09 1.05836508e+09
 1.05836508e+09 1.05836508e+09 1.05836509e+09 1.05836509e+09
 1.05836509e+09 1.05836509e+09 1.05836509e+09 1.05836509e+09
 1.05836509e+09 1.05836509e+09 1.05836509e+09 1.05836510e+09
 1.05836510e+09 1.05836510e+09 1.05836510e+09 1.05836510e+09
 1.05836510e+09 1.05836510e+09 1.05836510e+09 1.05836511e+09
 1.05836511e+09 1.05836511e+09 1.05836511e+09 1.05836511e+09
 1.05836511e+09 1.05836511e+09 1.05836511e+09 1.05836511e+09
 1.05836512e+09 1.05836512e+09 1.05836512e+09 1.05836512e+09
 1.05836512e+09 1.05836512e+09 1.05836512e+09 1.05836512e+09
 1.05836512e+09 1.05836513e+09 1.05836513e+09 1.05836513e+09
 1.05836513e+09 1.05836513e+09 1.05836513e+09 1.05836513e+09
 1.05836513e+09 1.05836513e+09 1.05836514e+09 1.05836514e+09
 1.05836514e+09 1.05836514e+09 1.05836514e+09 1.05836514e+09
 1.05836514e+09 1.05836514e+09 1.05836515e+09 1.05836515e+09
 1.05836515e+09 1.05836515e+09 1.05836515e+09 1.05836515e+09
 1.05836515e+09 1.05836515e+09 1.05836515e+09 1.05836516e+09
 1.05836516e+09 1.05836516e+09 1.05836516e+09 1.05836516e+09
 1.05836516e+09 1.05836516e+09 1.05836516e+09 1.05836516e+09
 1.05836517e+09 1.05836517e+09 1.05836517e+09 1.05836517e+09
 1.05836517e+09 1.05836517e+09 1.05836517e+09 1.05836517e+09
 1.05836517e+09 1.05836518e+09 1.05836518e+09 1.05836518e+09
 1.05836518e+09 1.05836518e+09 1.05836518e+09 1.05836518e+09
 1.05836518e+09 1.05836519e+09 1.05836519e+09 1.05836519e+09
 1.05836519e+09 1.05836519e+09 1.05836519e+09 1.05836519e+09
 1.05836519e+09 1.05836519e+09 1.05836520e+09 1.05836520e+09
 1.05836520e+09 1.05836520e+09 1.05836520e+09 1.05836520e+09
 1.05836520e+09 1.05836520e+09 1.05836520e+09 1.05836521e+09
 1.05836521e+09 1.05836521e+09 1.05836521e+09 1.05836521e+09
 1.05836521e+09 1.05836521e+09 1.05836521e+09 1.05836521e+09
 1.05836522e+09 1.05836522e+09 1.05836522e+09 1.05836522e+09
 1.05836522e+09 1.05836522e+09 1.05836522e+09 1.05836522e+09
 1.05836523e+09 1.05836523e+09 1.05836523e+09 1.05836523e+09
 1.05836523e+09 1.05836523e+09 1.05836523e+09 1.05836523e+09
 1.05836523e+09 1.05836524e+09 1.05836524e+09 1.05836524e+09
 1.05836524e+09 1.05836524e+09 1.05836524e+09 1.05836524e+09
 1.05836524e+09 1.05836524e+09 1.05836525e+09 1.05836525e+09
 1.05836525e+09 1.05836525e+09 1.05836525e+09 1.05836525e+09
 1.05836525e+09 1.05836525e+09 1.05836525e+09 1.05836526e+09
 1.05836526e+09 1.05836526e+09 1.05836526e+09 1.05836526e+09
 1.05836526e+09 1.05836526e+09 1.05836526e+09 1.05836527e+09
 1.05836527e+09 1.05836527e+09 1.05836527e+09 1.05836527e+09
 1.05836527e+09 1.05836527e+09 1.05836527e+09 1.05836527e+09
 1.05836528e+09 1.05836528e+09 1.05836528e+09 1.05836528e+09
 1.05836528e+09 1.05836528e+09 1.05836528e+09 1.05836528e+09
 1.05836528e+09 1.05836529e+09 1.05836529e+09 1.05836529e+09
 1.05836529e+09 1.05836529e+09 1.05836529e+09 1.05836529e+09
 1.05836529e+09 1.05836529e+09 1.05836530e+09 1.05836530e+09
 1.05836530e+09 1.05836530e+09 1.05836530e+09 1.05836530e+09
 1.05836530e+09 1.05836530e+09 1.05836530e+09 1.05836531e+09
 1.05836531e+09 1.05836531e+09 1.05836531e+09 1.05836531e+09
 1.05836531e+09 1.05836531e+09 1.05836531e+09 1.05836532e+09
 1.05836532e+09 1.05836532e+09 1.05836532e+09 1.05836532e+09
 1.05836532e+09 1.05836532e+09 1.05836532e+09 1.05836532e+09
 1.05836533e+09 1.05836533e+09 1.05836533e+09 1.05836533e+09
 1.05836533e+09 1.05836533e+09 1.05836533e+09 1.05836533e+09
 1.05836533e+09 1.05836534e+09 1.05836534e+09 1.05836534e+09
 1.05836534e+09 1.05836534e+09 1.05836534e+09 1.05836534e+09
 1.05836534e+09 1.05836534e+09 1.05836535e+09 1.05836535e+09
 1.05836535e+09 1.05836535e+09 1.05836535e+09 1.05836535e+09
 1.05836535e+09 1.05836535e+09 1.05836536e+09 1.05836536e+09
 1.05836536e+09 1.05836536e+09 1.05836536e+09 1.05836536e+09
 1.05836536e+09 1.05836536e+09 1.05836536e+09 1.05836537e+09
 1.05836537e+09 1.05836537e+09 1.05836537e+09 1.05836537e+09
 1.05836537e+09 1.05836537e+09 1.05836537e+09 1.05836537e+09
 1.05836538e+09 1.05836538e+09 1.05836538e+09 1.05836538e+09
 1.05836538e+09 1.05836538e+09 1.05836538e+09 1.05836538e+09
 1.05836538e+09 1.05836539e+09 1.05836539e+09 1.05836539e+09
 1.05836539e+09 1.05836539e+09 1.05836539e+09 1.05836539e+09
 1.05836539e+09 1.05836540e+09 1.05836540e+09 1.05836540e+09
 1.05836540e+09 1.05836540e+09 1.05836540e+09 1.05836540e+09
 1.05836540e+09 1.05836540e+09 1.05836541e+09 1.05836541e+09
 1.05836541e+09 1.05836541e+09 1.05836541e+09 1.05836541e+09
 1.05836541e+09 1.05836541e+09 1.05836541e+09 1.05836542e+09
 1.05836542e+09 1.05836542e+09 1.05836542e+09 1.05836542e+09
 1.05836542e+09 1.05836542e+09 1.05836542e+09 1.05836542e+09
 1.05836543e+09 1.05836543e+09 1.05836543e+09 1.05836543e+09
 1.05836543e+09 1.05836543e+09 1.05836543e+09 1.05836543e+09
 1.05836544e+09 1.05836544e+09 1.05836544e+09 1.05836544e+09
 1.05836544e+09 1.05836544e+09 1.05836544e+09 1.05836544e+09
 1.05836544e+09 1.05836545e+09 1.05836545e+09 1.05836545e+09
 1.05836545e+09 1.05836545e+09 1.05836545e+09 1.05836545e+09
 1.05836545e+09 1.05836545e+09 1.05836546e+09 1.05836546e+09
 1.05836546e+09 1.05836546e+09 1.05836546e+09 1.05836546e+09
 1.05836546e+09 1.05836546e+09 1.05836546e+09 1.05836547e+09
 1.05836547e+09 1.05836547e+09 1.05836547e+09 1.05836547e+09
 1.05836547e+09 1.05836547e+09 1.05836547e+09 1.05836547e+09
 1.05836548e+09 1.05836548e+09 1.05836548e+09 1.05836548e+09
 1.05836548e+09 1.05836548e+09 1.05836548e+09 1.05836548e+09
 1.05836549e+09 1.05836549e+09 1.05836549e+09 1.05836549e+09
 1.05836549e+09 1.05836549e+09 1.05836549e+09 1.05836549e+09
 1.05836549e+09 1.05836550e+09 1.05836550e+09 1.05836550e+09
 1.05836550e+09 1.05836550e+09 1.05836550e+09 1.05836550e+09
 1.05836550e+09 1.05836550e+09 1.05836551e+09 1.05836551e+09
 1.05836551e+09 1.05836551e+09 1.05836551e+09 1.05836551e+09
 1.05836551e+09 1.05836551e+09 1.05836551e+09 1.05836552e+09
 1.05836552e+09 1.05836552e+09 1.05836552e+09 1.05836552e+09
 1.05836552e+09 1.05836552e+09 1.05836552e+09 1.05836553e+09
 1.05836553e+09 1.05836553e+09 1.05836553e+09 1.05836553e+09
 1.05836553e+09 1.05836553e+09 1.05836553e+09 1.05836553e+09
 1.05836554e+09 1.05836554e+09 1.05836554e+09 1.05836554e+09
 1.05836554e+09 1.05836554e+09 1.05836554e+09 1.05836554e+09
 1.05836554e+09 1.05836555e+09 1.05836555e+09 1.05836555e+09
 1.05836555e+09 1.05836555e+09 1.05836555e+09 1.05836555e+09
 1.05836555e+09 1.05836555e+09 1.05836556e+09 1.05836556e+09
 1.05836556e+09 1.05836556e+09 1.05836556e+09 1.05836556e+09
 1.05836556e+09 1.05836556e+09 1.05836557e+09 1.05836557e+09
 1.05836557e+09 1.05836557e+09 1.05836557e+09 1.05836557e+09
 1.05836557e+09 1.05836557e+09 1.05836557e+09 1.05836558e+09
 1.05836558e+09 1.05836558e+09 1.05836558e+09 1.05836558e+09
 1.05836558e+09 1.05836558e+09 1.05836558e+09 1.05836558e+09
 1.05836559e+09 1.05836559e+09 1.05836559e+09 1.05836559e+09
 1.05836559e+09 1.05836559e+09 1.05836559e+09 1.05836559e+09
 1.05836559e+09 1.05836560e+09 1.05836560e+09 1.05836560e+09
 1.05836560e+09 1.05836560e+09 1.05836560e+09 1.05836560e+09
 1.05836560e+09 1.05836561e+09 1.05836561e+09 1.05836561e+09
 1.05836561e+09 1.05836561e+09 1.05836561e+09 1.05836561e+09
 1.05836561e+09 1.05836561e+09 1.05836562e+09 1.05836562e+09
 1.05836562e+09 1.05836562e+09 1.05836562e+09 1.05836562e+09
 1.05836562e+09 1.05836562e+09 1.05836562e+09 1.05836563e+09
 1.05836563e+09 1.05836563e+09 1.05836563e+09 1.05836563e+09
 1.05836563e+09 1.05836563e+09 1.05836563e+09 1.05836563e+09
 1.05836564e+09 1.05836564e+09 1.05836564e+09 1.05836564e+09
 1.05836564e+09 1.05836564e+09 1.05836564e+09 1.05836564e+09
 1.05836565e+09 1.05836565e+09 1.05836565e+09 1.05836565e+09
 1.05836565e+09 1.05836565e+09 1.05836565e+09 1.05836565e+09
 1.05836565e+09 1.05836566e+09 1.05836566e+09 1.05836566e+09
 1.05836566e+09 1.05836566e+09 1.05836566e+09 1.05836566e+09
 1.05836566e+09 1.05836566e+09 1.05836567e+09 1.05836567e+09
 1.05836567e+09 1.05836567e+09 1.05836567e+09 1.05836567e+09
 1.05836567e+09 1.05836567e+09 1.05836567e+09 1.05836568e+09
 1.05836568e+09 1.05836568e+09 1.05836568e+09 1.05836568e+09
 1.05836568e+09 1.05836568e+09 1.05836568e+09 1.05836568e+09
 1.05836569e+09 1.05836569e+09 1.05836569e+09 1.05836569e+09
 1.05836569e+09 1.05836569e+09 1.05836569e+09 1.05836569e+09
 1.05836570e+09 1.05836570e+09 1.05836570e+09 1.05836570e+09
 1.05836570e+09 1.05836570e+09 1.05836570e+09 1.05836570e+09
 1.05836570e+09 1.05836571e+09 1.05836571e+09 1.05836571e+09
 1.05836571e+09 1.05836571e+09 1.05836571e+09 1.05836571e+09
 1.05836571e+09 1.05836571e+09 1.05836572e+09 1.05836572e+09
 1.05836572e+09 1.05836572e+09 1.05836572e+09 1.05836572e+09
 1.05836572e+09 1.05836572e+09 1.05836572e+09 1.05836573e+09
 1.05836573e+09 1.05836573e+09 1.05836573e+09 1.05836573e+09
 1.05836573e+09 1.05836573e+09 1.05836573e+09 1.05836574e+09
 1.05836574e+09 1.05836574e+09 1.05836574e+09 1.05836574e+09
 1.05836574e+09 1.05836574e+09 1.05836574e+09 1.05836574e+09
 1.05836575e+09 1.05836575e+09 1.05836575e+09 1.05836575e+09
 1.05836575e+09 1.05836575e+09 1.05836575e+09 1.05836575e+09
 1.05836575e+09 1.05836576e+09 1.05836576e+09 1.05836576e+09
 1.05836576e+09 1.05836576e+09 1.05836576e+09 1.05836576e+09
 1.05836576e+09 1.05836576e+09 1.05836577e+09 1.05836577e+09
 1.05836577e+09 1.05836577e+09 1.05836577e+09 1.05836577e+09
 1.05836577e+09 1.05836577e+09 1.05836578e+09 1.05836578e+09
 1.05836578e+09 1.05836578e+09 1.05836578e+09 1.05836578e+09
 1.05836578e+09 1.05836578e+09 1.05836578e+09 1.05836579e+09
 1.05836579e+09 1.05836579e+09 1.05836579e+09 1.05836579e+09
 1.05836579e+09 1.05836579e+09 1.05836579e+09 1.05836579e+09
 1.05836580e+09 1.05836580e+09 1.05836580e+09 1.05836580e+09
 1.05836580e+09 1.05836580e+09 1.05836580e+09 1.05836580e+09
 1.05836580e+09 1.05836581e+09 1.05836581e+09 1.05836581e+09
 1.05836581e+09 1.05836581e+09 1.05836581e+09 1.05836581e+09
 1.05836581e+09 1.05836582e+09 1.05836582e+09 1.05836582e+09
 1.05836582e+09 1.05836582e+09 1.05836582e+09 1.05836582e+09
 1.05836582e+09 1.05836582e+09 1.05836583e+09 1.05836583e+09
 1.05836583e+09 1.05836583e+09 1.05836583e+09 1.05836583e+09
 1.05836583e+09 1.05836583e+09 1.05836583e+09 1.05836584e+09
 1.05836584e+09 1.05836584e+09 1.05836584e+09 1.05836584e+09
 1.05836584e+09 1.05836584e+09 1.05836584e+09 1.05836584e+09
 1.05836585e+09 1.05836585e+09 1.05836585e+09 1.05836585e+09
 1.05836585e+09 1.05836585e+09 1.05836585e+09 1.05836585e+09
 1.05836585e+09 1.05836586e+09 1.05836586e+09 1.05836586e+09
 1.05836586e+09 1.05836586e+09 1.05836586e+09 1.05836586e+09
 1.05836586e+09 1.05836587e+09 1.05836587e+09 1.05836587e+09
 1.05836587e+09 1.05836587e+09 1.05836587e+09 1.05836587e+09
 1.05836587e+09 1.05836587e+09 1.05836588e+09 1.05836588e+09
 1.05836588e+09 1.05836588e+09 1.05836588e+09 1.05836588e+09
 1.05836588e+09 1.05836588e+09 1.05836588e+09 1.05836589e+09
 1.05836589e+09 1.05836589e+09 1.05836589e+09 1.05836589e+09
 1.05836589e+09 1.05836589e+09 1.05836589e+09 1.05836589e+09
 1.05836590e+09 1.05836590e+09 1.05836590e+09 1.05836590e+09
 1.05836590e+09 1.05836590e+09 1.05836590e+09 1.05836590e+09
 1.05836591e+09 1.05836591e+09 1.05836591e+09 1.05836591e+09
 1.05836591e+09 1.05836591e+09 1.05836591e+09 1.05836591e+09]
minRes = 4.712295374546772
minResTime =  [1.05836591e+09]
