name =JUICE_ROI_CAL_5_0_04
flyby =  ['2033 MAY 10 08:21:32', '2033 MAY 11 08:21:32']
Observation TW =  <SpiceCell dtype = 1, length = 0, size = 3400, card = 14, is_set = 1, adjust = 0, init = 1, base = 2554802958352, data = 2554802958400>
Res(t) =  [3.49052546 3.48703007 3.48353473 3.48003946 3.47654425 3.4730491
 3.46955401 3.46605899 3.46256403 3.45906913 3.45557429 3.45207952
 3.44858481 3.44509016 3.44159558 3.43810105 3.4346066  3.4311122
 3.42761787 3.4241236  3.42062939 3.41713524 3.41364116 3.41014715
 3.40665319 3.4031593  3.39966547 3.39617171 3.39267801 3.38918437
 3.38569079 3.38219728 3.37870384 3.37521045 3.37171713 3.36822388
 3.36473068 3.36123756 3.35774449 3.35425149 3.35075855 3.34726568
 3.34377287 3.34028012 3.33678744 3.33329483 3.32980227 3.32630978
 3.32281736 3.319325   3.3158327  3.31234047 3.3088483  3.3053562
 3.30186416 3.29837219 3.29488028 3.29138843 3.28789665 3.28440494
 3.28091329 3.2774217  3.27393018 3.27043872 3.26694733 3.263456
 3.25996474 3.25647354 3.25298241 3.24949135 3.24600034 3.24250941
 3.23901854 3.23552773 3.23203699 3.22854631 3.2250557  3.22156516
 3.21807468 3.21458427 3.21109392 3.20760364 3.20411342 3.20062327
 3.19713318 3.19364316 3.19015321 3.18666332 3.1831735  3.17968374
 3.17619405 3.17270442 3.16921486 3.16572537 3.16223595 3.15874658
 3.15525729 3.15176806 3.1482789  3.1447898  3.14130077 3.13781181
 3.13432292 3.13083408 3.12734532 3.12385662 3.12036799 3.11687943
 3.11339093 3.1099025  3.10641414 3.10292584 3.09943761 3.09594945
 3.09246135 3.08897332 3.08548536 3.08199746 3.07850963 3.07502187
 3.07153418 3.06804655 3.06455899 3.0610715  3.05758407 3.05409671
 3.05060942 3.0471222  3.04363504 3.04014795 3.03666093 3.03317398
 3.02968709 3.02620027 3.02271352 3.01922684 3.01574022 3.01225368
 3.0087672  3.00528078 3.00179444 2.99830816 2.99482196 2.99133582
 2.98784974 2.98436374 2.9808778  2.97739194 2.97390614 2.97042041
 2.96693474 2.96344915 2.95996362 2.95647817 2.95299278 2.94950746
 2.9460222  2.94253702 2.93905191 2.93556686 2.93208188 2.92859697
 2.92511213 2.92162736 2.91814266 2.91465802 2.91117346 2.90768896
 2.90420454 2.90072018 2.89723589 2.89375167 2.89026752 2.88678344
 2.88329943 2.87981548 2.87633161 2.8728478  2.86936407 2.8658804
 2.86239681 2.85891328 2.85542982 2.85194644 2.84846312 2.84497987
 2.84149669 2.83801358 2.83453054 2.83104758 2.82756468 2.82408185
 2.82059909 2.8171164  2.81363378 2.81015123 2.80666875 2.80318634
 2.799704   2.79622173 2.79273953 2.7892574  2.78577534 2.78229335
 2.77881144 2.77532959 2.77184781 2.76836611 2.76488447 2.7614029
 2.75792141 2.75443998 2.75095863 2.74747735 2.74399614 2.74051499
 2.73703392 2.73355292 2.730072   2.72659114 2.72311035 2.71962963
 2.71614899 2.71266842 2.70918791 2.70570748 2.70222712 2.69874683
 2.69526661 2.69178647 2.68830639 2.68482639 2.68134646 2.67786659
 2.67438681 2.67090709 2.66742744 2.66394787 2.66046836 2.65698893
 2.65350957 2.65003028 2.64655107 2.64307192 2.63959285 2.63611385
 2.63263492 2.62915606 2.62567728 2.62219857 2.61871992 2.61524136
 2.61176286 2.60828443 2.60480608 2.6013278  2.5978496  2.59437146
 2.5908934  2.58741541 2.58393749 2.58045964 2.57698187 2.57350417
 2.57002654 2.56654899 2.5630715  2.55959409 2.55611676 2.55263949
 2.5491623  2.54568518 2.54220814 2.53873116 2.53525426 2.53177744
 2.52830068 2.524824   2.52134739 2.51787086 2.5143944  2.51091801
 2.5074417  2.50396545 2.50048929 2.49701319 2.49353717 2.49006122
 2.48658535 2.48310954 2.47963382 2.47615816 2.47268258 2.46920708
 2.46573164 2.46225628 2.458781   2.45530579 2.45183065 2.44835558
 2.44488059 2.44140568 2.43793083 2.43445607 2.43098137 2.42750675
 2.42403221 2.42055773 2.41708334 2.41360901 2.41013476 2.40666059
 2.40318649 2.39971246 2.39623851 2.39276463 2.38929083 2.3858171
 2.38234345 2.37886987 2.37539636 2.37192293 2.36844958 2.3649763
 2.36150309 2.35802996 2.35455691 2.35108392 2.34761102 2.34413819
 2.34066543 2.33719275 2.33372014 2.33024761 2.32677516 2.32330278
 2.31983047 2.31635824 2.31288608 2.309414   2.305942   2.30247007
 2.29899822 2.29552644 2.29205474 2.28858311 2.28511156 2.28164008
 2.27816868 2.27469736 2.27122611 2.26775493 2.26428384 2.26081282
 2.25734187 2.253871   2.25040021 2.24692949 2.24345885 2.23998828
 2.23651779 2.23304738 2.22957704 2.22610678 2.22263659 2.21916648
 2.21569645 2.21222649 2.20875661 2.20528681 2.20181708 2.19834743
 2.19487786 2.19140836 2.18793894 2.1844696  2.18100033 2.17753114
 2.17406202 2.17059298 2.16712402 2.16365514 2.16018633 2.1567176
 2.15324895 2.14978037 2.14631187 2.14284345 2.13937511 2.13590684
 2.13243865 2.12897053 2.1255025  2.12203454 2.11856666 2.11509885
 2.11163112 2.10816348 2.1046959  2.10122841 2.09776099 2.09429365
 2.09082639 2.0873592  2.0838921  2.08042507 2.07695812 2.07349124
 2.07002445 2.06655773 2.06309109 2.05962453 2.05615804 2.05269164
 2.04922531 2.04575906 2.04229289 2.0388268  2.03536078 2.03189484
 2.02842898 2.0249632  2.0214975  2.01803188 2.01456633 2.01110087
 2.00763548 2.00417017 2.00070494 1.99723978 1.99377471 1.99030971
 1.9868448  1.98337996 1.9799152  1.97645052 1.97298592 1.9695214
 1.96605695 1.96259259 1.9591283  1.9556641  1.95219997 1.94873592
 1.94527195 1.94180806 1.93834425 1.93488052 1.93141687 1.9279533
 1.9244898  1.92102639 1.91756306 1.9140998  1.91063663 1.90717353
 1.90371052 1.90024758 1.89678473 1.89332195 1.88985925 1.88639664
 1.8829341  1.87947164 1.87600927 1.87254697 1.86908475 1.86562262
 1.86216056 1.85869858 1.85523669 1.85177487 1.84831314 1.84485148
 1.84138991 1.83792841 1.834467   1.83100566 1.82754441 1.82408324
 1.82062215 1.81716114 1.81370021 1.81023936 1.80677859 1.8033179
 1.7998573  1.79639677 1.79293632 1.78947596 1.78601568 1.78255548
 1.77909536 1.77563532 1.77217536 1.76871548 1.76525569 1.76179597
 1.75833634 1.75487679 1.75141732 1.74795793 1.74449863 1.7410394
 1.73758026 1.7341212  1.73066222 1.72720332 1.72374451 1.72028577
 1.71682712 1.71336855 1.70991006 1.70645166 1.70299333 1.69953509
 1.69607693 1.69261886 1.68916086 1.68570295 1.68224512 1.67878738
 1.67532971 1.67187213 1.66841463 1.66495722 1.66149988 1.65804263
 1.65458546 1.65112838 1.64767138 1.64421446 1.64075762 1.63730087
 1.6338442  1.63038761 1.62693111 1.62347469 1.62001836 1.6165621
 1.61310593 1.60964985 1.60619385 1.60273793 1.59928209 1.59582634
 1.59237067 1.58891509 1.58545959 1.58200418 1.57854884 1.5750936
 1.57163843 1.56818336 1.56472836 1.56127345 1.55781863 1.55436388
 1.55090923 1.54745466 1.54400017 1.54054577 1.53709145 1.53363721
 1.53018307 1.526729   1.52327502 1.51982113 1.51636732 1.5129136
 1.50945996 1.50600641 1.50255294 1.49909956 1.49564627 1.49219306
 1.48873993 1.48528689 1.48183394 1.47838107 1.47492829 1.4714756
 1.46802299 1.46457047 1.46111803 1.45766568 1.45421342 1.45076124
 1.44730915 1.44385715 1.44040523 1.4369534  1.43350166 1.43005
 1.42659843 1.42314695 1.41969555 1.41624424 1.41279302 1.40934189
 1.40589084 1.40243989 1.39898902 1.39553823 1.39208754 1.38863693
 1.38518641 1.38173598 1.37828564 1.37483539 1.37138522 1.36793514
 1.36448515 1.36103525 1.35758544 1.35413572 1.35068609 1.34723654
 1.34378709 1.34033772 1.33688845 1.33343926 1.32999016 1.32654115
 1.32309224 1.31964341 1.31619467 1.31274602 1.30929746 1.305849
 1.30240062 1.29895233 1.29550414 1.29205603 1.28860802 1.2851601
 1.28171226 1.27826452 1.27481687 1.27136932 1.26792185 1.26447447
 1.26102719 1.25758    1.2541329  1.2506859  1.24723898 1.24379216
 1.24034543 1.2368988  1.23345225 1.2300058  1.22655945 1.22311319
 1.21966702 1.21622094 1.21277496 1.20932907 1.20588328 1.20243758
 1.19899197 1.19554646 1.19210105 1.18865572 1.1852105  1.18176537
 1.17832033 1.17487539 1.17143055 1.1679858  1.16454115 1.1610966
 1.15765214 1.15420778 1.15076351 1.14731934 1.14387527 1.1404313
 1.13698743 1.13354365 1.13009997 1.12665639 1.1232129  1.11976952
 1.11632624 1.11288305 1.10943996 1.10599698 1.10255409 1.0991113
 1.09566862 1.09222603 1.08878354 1.08534116 1.08189888 1.07845669
 1.07501461 1.07157264 1.06813076 1.06468899 1.06124732 1.05780575
 1.05436429 1.05092293 1.04748167 1.04404052 1.04059947 1.03715853
 1.03371769 1.03027696 1.02683633 1.02339581 1.0199554  1.01651509
 1.01307489 1.0096348  1.00619482 1.00275494 0.99931517 0.99587551
 0.99243596 0.98899652 0.98555719 0.98211797 0.97867886 0.97523987
 0.97180098 0.96836221 0.96492354 0.96148499 0.95804656 0.95460823
 0.95117003 0.94773193 0.94429395 0.94085609 0.93741834 0.93398071
 0.9305432  0.9271058  0.92366852 0.92023136 0.91679432 0.91335739
 0.90992059 0.90648391 0.90304735 0.89961091 0.8961746  0.8927384
 0.88930233 0.88586639 0.88243057 0.87899487 0.8755593  0.87212386
 0.86868854 0.86525335 0.8618183  0.85838337 0.85494857 0.8515139
 0.84807936 0.84464496 0.84121069 0.83777655 0.83434255 0.83090868
 0.82747495 0.82404136 0.82060791 0.81717459 0.81374142 0.81030838
 0.80687549 0.80344274 0.80001013 0.79657767 0.79314536 0.78971319
 0.78628117 0.7828493  0.77941758 0.77598601 0.77255459 0.76912332
 0.76569221 0.76226126 0.75883046 0.75539982 0.75196935 0.74853903
 0.74510887 0.74167888 0.73824906 0.7348194  0.73138991 0.72796058
 0.72453143 0.72110245 0.71767365 0.71424502 0.71081657 0.7073883
 0.70396021 0.7005323  0.69710458 0.69367704 0.6902497  0.68682254
 0.68339557 0.6799688  0.67654223 0.67311585 0.66968967 0.6662637
 0.66283793 0.65941237 0.65598702 0.65256189 0.64913696 0.64571226
 0.64228777 0.63886351 0.63543947 0.63201566 0.62859209 0.62516874
 0.62174564 0.61832277 0.61490015 0.61147777 0.60805565 0.60463377
 0.60121216 0.5977908  0.59436971 0.59094889 0.58752834 0.58410807
 0.58068807 0.57726836 0.57384894 0.57042981 0.56701098 0.56359246
 0.56017423 0.55675633 0.55333873 0.54992146 0.54762964 0.54421155
 0.54079378 0.53737633 0.53395922 0.53054244 0.52712601 0.52370992
 0.52029419 0.51687883 0.51346383 0.5100492  0.50663496 0.50322111
 0.49980766 0.49639461 0.49298197 0.48956975 0.48615797 0.48274662
 0.47933572 0.47592528 0.4725153  0.4691058  0.46569678 0.46228826
 0.45888025 0.45547276 0.4520658  0.44865938 0.44525351 0.44184822
 0.4384435  0.43503938 0.43163587 0.42823298 0.42483074 0.42142914
 0.41802822 0.41462799 0.41122846 0.40782966 0.4044316  0.4010343
 0.39763779 0.39424208 0.3908472  0.38745316 0.38406    0.38066773
 0.37727639 0.373886   0.37049658 0.36710817 0.3637208  0.3603345
 0.35694929 0.35356522 0.35018231 0.34680062 0.34342016 0.340041
 0.33666315 0.33328668 0.32991163 0.32653804 0.32316597 0.31979546
 0.31642657 0.31305937 0.3096939  0.30633024 0.30296845 0.2996086
 0.29625076 0.29289502 0.28954144 0.28619012 0.28284114 0.27949461
 0.27615062 0.27280927 0.26947068 0.26613496 0.26280224 0.25947265
 0.25614633 0.25282342 0.24950408 0.24618847 0.24287678 0.23956918
 0.23626588 0.23296708 0.22967301 0.22638392 0.22310005 0.21982167
 0.2165491  0.21328262 0.21002259 0.20676936 0.20352332 0.20028489
 0.19705451 0.19383266 0.19061988 0.18741673 0.18422382 0.18104181
 0.17787142 0.17471345 0.17156875 0.16843825 0.16532297 0.16222405
 0.15914271 0.15608031 0.15303835 0.15001848 0.14702254 0.14405257
 0.14111085 0.13819991 0.13532262 0.13248218 0.1296822  0.12692681
 0.12422065 0.12156906 0.11897817 0.11645503 0.11400783 0.1116461
 0.10938104 0.10722591 0.10519647 0.10331168 0.10159457 0.10007337
 0.09878324 0.0977685  0.09708612 0.09681075 0.09704275 0.0979211
 0.09964553 0.10251679 0.10701589 0.1139765 ]
t =  [1.05259816e+09 1.05259820e+09 1.05259825e+09 1.05259829e+09
 1.05259833e+09 1.05259837e+09 1.05259842e+09 1.05259846e+09
 1.05259850e+09 1.05259854e+09 1.05259859e+09 1.05259863e+09
 1.05259867e+09 1.05259871e+09 1.05259876e+09 1.05259880e+09
 1.05259884e+09 1.05259888e+09 1.05259893e+09 1.05259897e+09
 1.05259901e+09 1.05259905e+09 1.05259910e+09 1.05259914e+09
 1.05259918e+09 1.05259922e+09 1.05259927e+09 1.05259931e+09
 1.05259935e+09 1.05259939e+09 1.05259944e+09 1.05259948e+09
 1.05259952e+09 1.05259956e+09 1.05259961e+09 1.05259965e+09
 1.05259969e+09 1.05259973e+09 1.05259978e+09 1.05259982e+09
 1.05259986e+09 1.05259990e+09 1.05259995e+09 1.05259999e+09
 1.05260003e+09 1.05260007e+09 1.05260012e+09 1.05260016e+09
 1.05260020e+09 1.05260024e+09 1.05260029e+09 1.05260033e+09
 1.05260037e+09 1.05260041e+09 1.05260046e+09 1.05260050e+09
 1.05260054e+09 1.05260058e+09 1.05260063e+09 1.05260067e+09
 1.05260071e+09 1.05260075e+09 1.05260080e+09 1.05260084e+09
 1.05260088e+09 1.05260092e+09 1.05260097e+09 1.05260101e+09
 1.05260105e+09 1.05260109e+09 1.05260114e+09 1.05260118e+09
 1.05260122e+09 1.05260127e+09 1.05260131e+09 1.05260135e+09
 1.05260139e+09 1.05260144e+09 1.05260148e+09 1.05260152e+09
 1.05260156e+09 1.05260161e+09 1.05260165e+09 1.05260169e+09
 1.05260173e+09 1.05260178e+09 1.05260182e+09 1.05260186e+09
 1.05260190e+09 1.05260195e+09 1.05260199e+09 1.05260203e+09
 1.05260207e+09 1.05260212e+09 1.05260216e+09 1.05260220e+09
 1.05260224e+09 1.05260229e+09 1.05260233e+09 1.05260237e+09
 1.05260241e+09 1.05260246e+09 1.05260250e+09 1.05260254e+09
 1.05260258e+09 1.05260263e+09 1.05260267e+09 1.05260271e+09
 1.05260275e+09 1.05260280e+09 1.05260284e+09 1.05260288e+09
 1.05260292e+09 1.05260297e+09 1.05260301e+09 1.05260305e+09
 1.05260309e+09 1.05260314e+09 1.05260318e+09 1.05260322e+09
 1.05260326e+09 1.05260331e+09 1.05260335e+09 1.05260339e+09
 1.05260343e+09 1.05260348e+09 1.05260352e+09 1.05260356e+09
 1.05260360e+09 1.05260365e+09 1.05260369e+09 1.05260373e+09
 1.05260377e+09 1.05260382e+09 1.05260386e+09 1.05260390e+09
 1.05260394e+09 1.05260399e+09 1.05260403e+09 1.05260407e+09
 1.05260411e+09 1.05260416e+09 1.05260420e+09 1.05260424e+09
 1.05260428e+09 1.05260433e+09 1.05260437e+09 1.05260441e+09
 1.05260445e+09 1.05260450e+09 1.05260454e+09 1.05260458e+09
 1.05260462e+09 1.05260467e+09 1.05260471e+09 1.05260475e+09
 1.05260479e+09 1.05260484e+09 1.05260488e+09 1.05260492e+09
 1.05260496e+09 1.05260501e+09 1.05260505e+09 1.05260509e+09
 1.05260513e+09 1.05260518e+09 1.05260522e+09 1.05260526e+09
 1.05260530e+09 1.05260535e+09 1.05260539e+09 1.05260543e+09
 1.05260547e+09 1.05260552e+09 1.05260556e+09 1.05260560e+09
 1.05260564e+09 1.05260569e+09 1.05260573e+09 1.05260577e+09
 1.05260581e+09 1.05260586e+09 1.05260590e+09 1.05260594e+09
 1.05260598e+09 1.05260603e+09 1.05260607e+09 1.05260611e+09
 1.05260615e+09 1.05260620e+09 1.05260624e+09 1.05260628e+09
 1.05260632e+09 1.05260637e+09 1.05260641e+09 1.05260645e+09
 1.05260649e+09 1.05260654e+09 1.05260658e+09 1.05260662e+09
 1.05260666e+09 1.05260671e+09 1.05260675e+09 1.05260679e+09
 1.05260684e+09 1.05260688e+09 1.05260692e+09 1.05260696e+09
 1.05260701e+09 1.05260705e+09 1.05260709e+09 1.05260713e+09
 1.05260718e+09 1.05260722e+09 1.05260726e+09 1.05260730e+09
 1.05260735e+09 1.05260739e+09 1.05260743e+09 1.05260747e+09
 1.05260752e+09 1.05260756e+09 1.05260760e+09 1.05260764e+09
 1.05260769e+09 1.05260773e+09 1.05260777e+09 1.05260781e+09
 1.05260786e+09 1.05260790e+09 1.05260794e+09 1.05260798e+09
 1.05260803e+09 1.05260807e+09 1.05260811e+09 1.05260815e+09
 1.05260820e+09 1.05260824e+09 1.05260828e+09 1.05260832e+09
 1.05260837e+09 1.05260841e+09 1.05260845e+09 1.05260849e+09
 1.05260854e+09 1.05260858e+09 1.05260862e+09 1.05260866e+09
 1.05260871e+09 1.05260875e+09 1.05260879e+09 1.05260883e+09
 1.05260888e+09 1.05260892e+09 1.05260896e+09 1.05260900e+09
 1.05260905e+09 1.05260909e+09 1.05260913e+09 1.05260917e+09
 1.05260922e+09 1.05260926e+09 1.05260930e+09 1.05260934e+09
 1.05260939e+09 1.05260943e+09 1.05260947e+09 1.05260951e+09
 1.05260956e+09 1.05260960e+09 1.05260964e+09 1.05260968e+09
 1.05260973e+09 1.05260977e+09 1.05260981e+09 1.05260985e+09
 1.05260990e+09 1.05260994e+09 1.05260998e+09 1.05261002e+09
 1.05261007e+09 1.05261011e+09 1.05261015e+09 1.05261019e+09
 1.05261024e+09 1.05261028e+09 1.05261032e+09 1.05261036e+09
 1.05261041e+09 1.05261045e+09 1.05261049e+09 1.05261053e+09
 1.05261058e+09 1.05261062e+09 1.05261066e+09 1.05261070e+09
 1.05261075e+09 1.05261079e+09 1.05261083e+09 1.05261087e+09
 1.05261092e+09 1.05261096e+09 1.05261100e+09 1.05261104e+09
 1.05261109e+09 1.05261113e+09 1.05261117e+09 1.05261121e+09
 1.05261126e+09 1.05261130e+09 1.05261134e+09 1.05261138e+09
 1.05261143e+09 1.05261147e+09 1.05261151e+09 1.05261155e+09
 1.05261160e+09 1.05261164e+09 1.05261168e+09 1.05261172e+09
 1.05261177e+09 1.05261181e+09 1.05261185e+09 1.05261189e+09
 1.05261194e+09 1.05261198e+09 1.05261202e+09 1.05261206e+09
 1.05261211e+09 1.05261215e+09 1.05261219e+09 1.05261223e+09
 1.05261228e+09 1.05261232e+09 1.05261236e+09 1.05261240e+09
 1.05261245e+09 1.05261249e+09 1.05261253e+09 1.05261258e+09
 1.05261262e+09 1.05261266e+09 1.05261270e+09 1.05261275e+09
 1.05261279e+09 1.05261283e+09 1.05261287e+09 1.05261292e+09
 1.05261296e+09 1.05261300e+09 1.05261304e+09 1.05261309e+09
 1.05261313e+09 1.05261317e+09 1.05261321e+09 1.05261326e+09
 1.05261330e+09 1.05261334e+09 1.05261338e+09 1.05261343e+09
 1.05261347e+09 1.05261351e+09 1.05261355e+09 1.05261360e+09
 1.05261364e+09 1.05261368e+09 1.05261372e+09 1.05261377e+09
 1.05261381e+09 1.05261385e+09 1.05261389e+09 1.05261394e+09
 1.05261398e+09 1.05261402e+09 1.05261406e+09 1.05261411e+09
 1.05261415e+09 1.05261419e+09 1.05261423e+09 1.05261428e+09
 1.05261432e+09 1.05261436e+09 1.05261440e+09 1.05261445e+09
 1.05261449e+09 1.05261453e+09 1.05261457e+09 1.05261462e+09
 1.05261466e+09 1.05261470e+09 1.05261474e+09 1.05261479e+09
 1.05261483e+09 1.05261487e+09 1.05261491e+09 1.05261496e+09
 1.05261500e+09 1.05261504e+09 1.05261508e+09 1.05261513e+09
 1.05261517e+09 1.05261521e+09 1.05261525e+09 1.05261530e+09
 1.05261534e+09 1.05261538e+09 1.05261542e+09 1.05261547e+09
 1.05261551e+09 1.05261555e+09 1.05261559e+09 1.05261564e+09
 1.05261568e+09 1.05261572e+09 1.05261576e+09 1.05261581e+09
 1.05261585e+09 1.05261589e+09 1.05261593e+09 1.05261598e+09
 1.05261602e+09 1.05261606e+09 1.05261610e+09 1.05261615e+09
 1.05261619e+09 1.05261623e+09 1.05261627e+09 1.05261632e+09
 1.05261636e+09 1.05261640e+09 1.05261644e+09 1.05261649e+09
 1.05261653e+09 1.05261657e+09 1.05261661e+09 1.05261666e+09
 1.05261670e+09 1.05261674e+09 1.05261678e+09 1.05261683e+09
 1.05261687e+09 1.05261691e+09 1.05261695e+09 1.05261700e+09
 1.05261704e+09 1.05261708e+09 1.05261712e+09 1.05261717e+09
 1.05261721e+09 1.05261725e+09 1.05261729e+09 1.05261734e+09
 1.05261738e+09 1.05261742e+09 1.05261746e+09 1.05261751e+09
 1.05261755e+09 1.05261759e+09 1.05261763e+09 1.05261768e+09
 1.05261772e+09 1.05261776e+09 1.05261780e+09 1.05261785e+09
 1.05261789e+09 1.05261793e+09 1.05261797e+09 1.05261802e+09
 1.05261806e+09 1.05261810e+09 1.05261815e+09 1.05261819e+09
 1.05261823e+09 1.05261827e+09 1.05261832e+09 1.05261836e+09
 1.05261840e+09 1.05261844e+09 1.05261849e+09 1.05261853e+09
 1.05261857e+09 1.05261861e+09 1.05261866e+09 1.05261870e+09
 1.05261874e+09 1.05261878e+09 1.05261883e+09 1.05261887e+09
 1.05261891e+09 1.05261895e+09 1.05261900e+09 1.05261904e+09
 1.05261908e+09 1.05261912e+09 1.05261917e+09 1.05261921e+09
 1.05261925e+09 1.05261929e+09 1.05261934e+09 1.05261938e+09
 1.05261942e+09 1.05261946e+09 1.05261951e+09 1.05261955e+09
 1.05261959e+09 1.05261963e+09 1.05261968e+09 1.05261972e+09
 1.05261976e+09 1.05261980e+09 1.05261985e+09 1.05261989e+09
 1.05261993e+09 1.05261997e+09 1.05262002e+09 1.05262006e+09
 1.05262010e+09 1.05262014e+09 1.05262019e+09 1.05262023e+09
 1.05262027e+09 1.05262031e+09 1.05262036e+09 1.05262040e+09
 1.05262044e+09 1.05262048e+09 1.05262053e+09 1.05262057e+09
 1.05262061e+09 1.05262065e+09 1.05262070e+09 1.05262074e+09
 1.05262078e+09 1.05262082e+09 1.05262087e+09 1.05262091e+09
 1.05262095e+09 1.05262099e+09 1.05262104e+09 1.05262108e+09
 1.05262112e+09 1.05262116e+09 1.05262121e+09 1.05262125e+09
 1.05262129e+09 1.05262133e+09 1.05262138e+09 1.05262142e+09
 1.05262146e+09 1.05262150e+09 1.05262155e+09 1.05262159e+09
 1.05262163e+09 1.05262167e+09 1.05262172e+09 1.05262176e+09
 1.05262180e+09 1.05262184e+09 1.05262189e+09 1.05262193e+09
 1.05262197e+09 1.05262201e+09 1.05262206e+09 1.05262210e+09
 1.05262214e+09 1.05262218e+09 1.05262223e+09 1.05262227e+09
 1.05262231e+09 1.05262235e+09 1.05262240e+09 1.05262244e+09
 1.05262248e+09 1.05262252e+09 1.05262257e+09 1.05262261e+09
 1.05262265e+09 1.05262269e+09 1.05262274e+09 1.05262278e+09
 1.05262282e+09 1.05262286e+09 1.05262291e+09 1.05262295e+09
 1.05262299e+09 1.05262303e+09 1.05262308e+09 1.05262312e+09
 1.05262316e+09 1.05262320e+09 1.05262325e+09 1.05262329e+09
 1.05262333e+09 1.05262337e+09 1.05262342e+09 1.05262346e+09
 1.05262350e+09 1.05262354e+09 1.05262359e+09 1.05262363e+09
 1.05262367e+09 1.05262371e+09 1.05262376e+09 1.05262380e+09
 1.05262384e+09 1.05262389e+09 1.05262393e+09 1.05262397e+09
 1.05262401e+09 1.05262406e+09 1.05262410e+09 1.05262414e+09
 1.05262418e+09 1.05262423e+09 1.05262427e+09 1.05262431e+09
 1.05262435e+09 1.05262440e+09 1.05262444e+09 1.05262448e+09
 1.05262452e+09 1.05262457e+09 1.05262461e+09 1.05262465e+09
 1.05262469e+09 1.05262474e+09 1.05262478e+09 1.05262482e+09
 1.05262486e+09 1.05262491e+09 1.05262495e+09 1.05262499e+09
 1.05262503e+09 1.05262508e+09 1.05262512e+09 1.05262516e+09
 1.05262520e+09 1.05262525e+09 1.05262529e+09 1.05262533e+09
 1.05262537e+09 1.05262542e+09 1.05262546e+09 1.05262550e+09
 1.05262554e+09 1.05262559e+09 1.05262563e+09 1.05262567e+09
 1.05262571e+09 1.05262576e+09 1.05262580e+09 1.05262584e+09
 1.05262588e+09 1.05262593e+09 1.05262597e+09 1.05262601e+09
 1.05262605e+09 1.05262610e+09 1.05262614e+09 1.05262618e+09
 1.05262622e+09 1.05262627e+09 1.05262631e+09 1.05262635e+09
 1.05262639e+09 1.05262644e+09 1.05262648e+09 1.05262652e+09
 1.05262656e+09 1.05262661e+09 1.05262665e+09 1.05262669e+09
 1.05262673e+09 1.05262678e+09 1.05262682e+09 1.05262686e+09
 1.05262690e+09 1.05262695e+09 1.05262699e+09 1.05262703e+09
 1.05262707e+09 1.05262712e+09 1.05262716e+09 1.05262720e+09
 1.05262724e+09 1.05262729e+09 1.05262733e+09 1.05262737e+09
 1.05262741e+09 1.05262746e+09 1.05262750e+09 1.05262754e+09
 1.05262758e+09 1.05262763e+09 1.05262767e+09 1.05262771e+09
 1.05262775e+09 1.05262780e+09 1.05262784e+09 1.05262788e+09
 1.05262792e+09 1.05262797e+09 1.05262801e+09 1.05262805e+09
 1.05262809e+09 1.05262814e+09 1.05262818e+09 1.05262822e+09
 1.05262826e+09 1.05262831e+09 1.05262835e+09 1.05262839e+09
 1.05262843e+09 1.05262848e+09 1.05262852e+09 1.05262856e+09
 1.05262860e+09 1.05262865e+09 1.05262869e+09 1.05262873e+09
 1.05262877e+09 1.05262882e+09 1.05262886e+09 1.05262890e+09
 1.05262894e+09 1.05262899e+09 1.05262903e+09 1.05262907e+09
 1.05262911e+09 1.05262916e+09 1.05262920e+09 1.05262924e+09
 1.05262928e+09 1.05262933e+09 1.05262937e+09 1.05262941e+09
 1.05262945e+09 1.05262950e+09 1.05262954e+09 1.05262958e+09
 1.05262963e+09 1.05262967e+09 1.05262971e+09 1.05262975e+09
 1.05262980e+09 1.05262984e+09 1.05262988e+09 1.05262992e+09
 1.05262997e+09 1.05263001e+09 1.05263005e+09 1.05263009e+09
 1.05263014e+09 1.05263018e+09 1.05263022e+09 1.05263026e+09
 1.05263031e+09 1.05263035e+09 1.05263039e+09 1.05263043e+09
 1.05263048e+09 1.05263052e+09 1.05263056e+09 1.05263060e+09
 1.05263065e+09 1.05263069e+09 1.05263073e+09 1.05263077e+09
 1.05263082e+09 1.05263086e+09 1.05263090e+09 1.05263094e+09
 1.05263099e+09 1.05263103e+09 1.05263107e+09 1.05263111e+09
 1.05263116e+09 1.05263120e+09 1.05263124e+09 1.05263128e+09
 1.05263133e+09 1.05263137e+09 1.05263141e+09 1.05263145e+09
 1.05263150e+09 1.05263154e+09 1.05263158e+09 1.05263162e+09
 1.05263167e+09 1.05263171e+09 1.05263175e+09 1.05263179e+09
 1.05263184e+09 1.05263188e+09 1.05263192e+09 1.05263196e+09
 1.05263201e+09 1.05263205e+09 1.05263209e+09 1.05263213e+09
 1.05263218e+09 1.05263222e+09 1.05263226e+09 1.05263230e+09
 1.05263235e+09 1.05263239e+09 1.05263243e+09 1.05263247e+09
 1.05263252e+09 1.05263256e+09 1.05263260e+09 1.05263264e+09
 1.05263269e+09 1.05263273e+09 1.05263277e+09 1.05263281e+09
 1.05263286e+09 1.05263290e+09 1.05263294e+09 1.05263298e+09
 1.05263303e+09 1.05263307e+09 1.05263311e+09 1.05263315e+09
 1.05263320e+09 1.05263324e+09 1.05263328e+09 1.05263332e+09
 1.05263337e+09 1.05263341e+09 1.05263345e+09 1.05263349e+09
 1.05263354e+09 1.05263358e+09 1.05263362e+09 1.05263366e+09
 1.05263371e+09 1.05263375e+09 1.05263379e+09 1.05263383e+09
 1.05263388e+09 1.05263392e+09 1.05263396e+09 1.05263400e+09
 1.05263405e+09 1.05263409e+09 1.05263413e+09 1.05263417e+09
 1.05263422e+09 1.05263426e+09 1.05263430e+09 1.05263434e+09
 1.05263439e+09 1.05263443e+09 1.05263447e+09 1.05263451e+09
 1.05263456e+09 1.05263460e+09 1.05263464e+09 1.05263468e+09
 1.05263473e+09 1.05263477e+09 1.05263481e+09 1.05263485e+09
 1.05263490e+09 1.05263494e+09 1.05263498e+09 1.05263502e+09
 1.05263507e+09 1.05263511e+09 1.05263515e+09 1.05263520e+09
 1.05263524e+09 1.05263528e+09 1.05263532e+09 1.05263537e+09
 1.05263541e+09 1.05263545e+09 1.05263549e+09 1.05263554e+09
 1.05263558e+09 1.05263562e+09 1.05263566e+09 1.05263571e+09
 1.05263575e+09 1.05263579e+09 1.05263583e+09 1.05263588e+09
 1.05263592e+09 1.05263596e+09 1.05263600e+09 1.05263605e+09
 1.05263609e+09 1.05263613e+09 1.05263617e+09 1.05263622e+09
 1.05263626e+09 1.05263630e+09 1.05263634e+09 1.05263639e+09
 1.05263643e+09 1.05263647e+09 1.05263651e+09 1.05263656e+09
 1.05263660e+09 1.05263664e+09 1.05263668e+09 1.05263673e+09
 1.05263677e+09 1.05263681e+09 1.05263685e+09 1.05263690e+09
 1.05263694e+09 1.05263698e+09 1.05263702e+09 1.05263707e+09
 1.05263711e+09 1.05263715e+09 1.05263719e+09 1.05263724e+09
 1.05263728e+09 1.05263732e+09 1.05263736e+09 1.05263741e+09
 1.05263745e+09 1.05263749e+09 1.05263753e+09 1.05263758e+09
 1.05263762e+09 1.05263766e+09 1.05263770e+09 1.05263775e+09
 1.05263779e+09 1.05263783e+09 1.05263787e+09 1.05263792e+09
 1.05263796e+09 1.05263800e+09 1.05263804e+09 1.05263809e+09
 1.05263813e+09 1.05263817e+09 1.05263821e+09 1.05263826e+09
 1.05263830e+09 1.05263834e+09 1.05263838e+09 1.05263843e+09
 1.05263847e+09 1.05263851e+09 1.05263855e+09 1.05263860e+09
 1.05263864e+09 1.05263868e+09 1.05263872e+09 1.05263877e+09
 1.05263881e+09 1.05263885e+09 1.05263889e+09 1.05263894e+09
 1.05263898e+09 1.05263902e+09 1.05263906e+09 1.05263911e+09
 1.05263915e+09 1.05263919e+09 1.05263923e+09 1.05263928e+09
 1.05263932e+09 1.05263936e+09 1.05263940e+09 1.05263945e+09
 1.05263949e+09 1.05263953e+09 1.05263957e+09 1.05263962e+09
 1.05263966e+09 1.05263970e+09 1.05263974e+09 1.05263979e+09
 1.05263983e+09 1.05263987e+09 1.05263991e+09 1.05263996e+09
 1.05264000e+09 1.05264004e+09 1.05264008e+09 1.05264013e+09
 1.05264017e+09 1.05264021e+09 1.05264025e+09 1.05264030e+09
 1.05264034e+09 1.05264038e+09 1.05264042e+09 1.05264047e+09
 1.05264051e+09 1.05264055e+09 1.05264059e+09 1.05264064e+09]
minRes = 0.09681074908111394
minResTime =  [1.05264038e+09]
