name =JUICE_ROI_CAL_5_0_05
flyby =  ['2033 MAY 10 08:21:32', '2033 MAY 11 08:21:32']
Observation TW =  <SpiceCell dtype = 1, length = 0, size = 3400, card = 14, is_set = 1, adjust = 0, init = 1, base = 2554801041456, data = 2554801041504>
Res(t) =  [3.60721776 3.60364404 3.6000704  3.59649683 3.59292333 3.58934991
 3.58577657 3.5822033  3.57863011 3.57505699 3.57148395 3.56791098
 3.56433809 3.56076527 3.55719253 3.55361986 3.55004727 3.54647476
 3.54290232 3.53932995 3.53575766 3.53218545 3.52861331 3.52504125
 3.52146926 3.51789735 3.51432551 3.51075375 3.50718206 3.50361045
 3.50003892 3.49646746 3.49289608 3.48932477 3.48575354 3.48218238
 3.4786113  3.4750403  3.47146937 3.46789852 3.46432774 3.46075704
 3.45718641 3.45361586 3.45004539 3.44647499 3.44290467 3.43933443
 3.43576426 3.43219416 3.42862414 3.4250542  3.42148434 3.41791455
 3.41434483 3.41077519 3.40720563 3.40363615 3.40006674 3.39649741
 3.39292815 3.38935897 3.38578986 3.38222084 3.37865188 3.37508301
 3.37151421 3.36794549 3.36437684 3.36080827 3.35723978 3.35367136
 3.35010302 3.34653475 3.34296657 3.33939845 3.33583042 3.33226246
 3.32869458 3.32512677 3.32155904 3.31799139 3.31442382 3.31085632
 3.3072889  3.30372155 3.30015428 3.29658709 3.29301997 3.28945294
 3.28588597 3.28231909 3.27875228 3.27518555 3.2716189  3.26805232
 3.26448582 3.26091939 3.25735305 3.25378678 3.25022058 3.24665447
 3.24308843 3.23952247 3.23595658 3.23239078 3.22882505 3.22525939
 3.22169382 3.21812832 3.2145629  3.21099755 3.20743228 3.20386709
 3.20030198 3.19673694 3.19317199 3.1896071  3.1860423  3.18247757
 3.17891293 3.17534835 3.17178386 3.16821944 3.1646551  3.16109084
 3.15752666 3.15396255 3.15039852 3.14683457 3.14327069 3.1397069
 3.13614318 3.13257954 3.12901597 3.12545249 3.12188908 3.11832575
 3.11476249 3.11119932 3.10763622 3.1040732  3.10051026 3.09694739
 3.09338461 3.0898219  3.08625927 3.08269671 3.07913424 3.07557184
 3.07200952 3.06844728 3.06488512 3.06132303 3.05776103 3.0541991
 3.05063725 3.04707547 3.04351378 3.03995216 3.03639062 3.03282916
 3.02926778 3.02570648 3.02214525 3.0185841  3.01502303 3.01146204
 3.00790113 3.0043403  3.00077954 2.99721886 2.99365826 2.99009774
 2.9865373  2.98297693 2.97941665 2.97585644 2.97229631 2.96873626
 2.96517629 2.9616164  2.95805658 2.95449685 2.95093719 2.94737761
 2.94381811 2.94025869 2.93669934 2.93314008 2.92958089 2.92602179
 2.92246276 2.91890381 2.91534494 2.91178615 2.90822744 2.9046688
 2.90111025 2.89755177 2.89399337 2.89043506 2.88687682 2.88331866
 2.87976057 2.87620257 2.87264465 2.8690868  2.86552904 2.86197135
 2.85841375 2.85485622 2.85129877 2.8477414  2.84418411 2.8406269
 2.83706977 2.83351271 2.82995574 2.82639885 2.82284203 2.8192853
 2.81572864 2.81217206 2.80861557 2.80505915 2.80150281 2.79794655
 2.79439037 2.79083427 2.78727825 2.78372231 2.78016645 2.77661066
 2.77305496 2.76949934 2.7659438  2.76238833 2.75883295 2.75527764
 2.75172242 2.74816727 2.74461221 2.74105722 2.73750232 2.73394749
 2.73039275 2.72683808 2.72328349 2.71972899 2.71617456 2.71262022
 2.70906595 2.70551176 2.70195766 2.69840363 2.69484968 2.69129582
 2.68774203 2.68418832 2.6806347  2.67708115 2.67352769 2.6699743
 2.66642099 2.66286777 2.65931462 2.65576156 2.65220857 2.64865567
 2.64510285 2.6415501  2.63799744 2.63444486 2.63089235 2.62733993
 2.62378759 2.62023533 2.61668315 2.61313105 2.60957903 2.60602709
 2.60247523 2.59892345 2.59537175 2.59182014 2.5882686  2.58471715
 2.58116577 2.57761448 2.57406326 2.57051213 2.56696108 2.56341011
 2.55985922 2.55630841 2.55275768 2.54920703 2.54565647 2.54210598
 2.53855558 2.53500525 2.53145501 2.52790485 2.52435477 2.52080477
 2.51725485 2.51370501 2.51015525 2.50660558 2.50305599 2.49950647
 2.49595704 2.49240769 2.48885842 2.48530923 2.48176013 2.4782111
 2.47466216 2.4711133  2.46756452 2.46401582 2.4604672  2.45691866
 2.45337021 2.44982183 2.44627354 2.44272533 2.4391772  2.43562915
 2.43208119 2.4285333  2.4249855  2.42143778 2.41789014 2.41434258
 2.41079511 2.40724771 2.4037004  2.40015317 2.39660602 2.39305896
 2.38951197 2.38596507 2.38241825 2.37887151 2.37532486 2.37177828
 2.36823179 2.36468538 2.36113905 2.3575928  2.35404664 2.35050056
 2.34695456 2.34340864 2.33986281 2.33631705 2.33277138 2.3292258
 2.32568029 2.32213487 2.31858953 2.31504427 2.31149909 2.307954
 2.30440899 2.30086406 2.29731921 2.29377445 2.29022977 2.28668517
 2.28314066 2.27959622 2.27605187 2.27250761 2.26896342 2.26541932
 2.2618753  2.25833137 2.25478751 2.25124374 2.24770006 2.24415645
 2.24061293 2.23706949 2.23352614 2.22998287 2.22643968 2.22289657
 2.21935355 2.21581061 2.21226776 2.20872498 2.20518229 2.20163969
 2.19809717 2.19455473 2.19101237 2.1874701  2.18392791 2.1803858
 2.17684378 2.17330184 2.16975999 2.16621822 2.16267653 2.15913493
 2.15559341 2.15205197 2.14851062 2.14496935 2.14142816 2.13788706
 2.13434604 2.13080511 2.12726426 2.1237235  2.12018282 2.11664222
 2.11310171 2.10956128 2.10602093 2.10248067 2.09894049 2.0954004
 2.09186039 2.08832047 2.08478063 2.08124088 2.07770121 2.07416162
 2.07062212 2.0670827  2.06354337 2.06000412 2.05646496 2.05292588
 2.04938689 2.04584798 2.04230916 2.03877042 2.03523176 2.03169319
 2.02815471 2.02461631 2.02107799 2.01753977 2.01400162 2.01046356
 2.00692559 2.0033877  1.9998499  1.99631218 1.99277454 1.989237
 1.98569954 1.98216216 1.97862487 1.97508766 1.97155054 1.96801351
 1.96447656 1.9609397  1.95740292 1.95386623 1.95032962 1.9467931
 1.94325667 1.93972032 1.93618406 1.93264788 1.92911179 1.92557579
 1.92203987 1.91850404 1.9149683  1.91143264 1.90789707 1.90436158
 1.90082618 1.89729087 1.89375564 1.8902205  1.88668545 1.88315048
 1.8796156  1.87608081 1.8725461  1.86901149 1.86547695 1.86194251
 1.85840815 1.85487388 1.8513397  1.8478056  1.84427159 1.84073767
 1.83720383 1.83367009 1.83013643 1.82660286 1.82306937 1.81953597
 1.81600267 1.81246944 1.80893631 1.80540327 1.80187031 1.79833744
 1.79480466 1.79127196 1.78773936 1.78420684 1.78067441 1.77714207
 1.77360982 1.77007766 1.76654558 1.7630136  1.7594817  1.75594989
 1.75241817 1.74888654 1.745355   1.74182354 1.73829218 1.7347609
 1.73122972 1.72769862 1.72416762 1.7206367  1.71710587 1.71357513
 1.71004448 1.70651392 1.70298345 1.69945307 1.69592278 1.69239259
 1.68886248 1.68533246 1.68180253 1.67827269 1.67474294 1.67121328
 1.66768372 1.66415424 1.66062485 1.65709556 1.65356635 1.65003724
 1.64650822 1.64297929 1.63945045 1.6359217  1.63239304 1.62886448
 1.625336   1.62180762 1.61827933 1.61475113 1.61122302 1.60769501
 1.60416709 1.60063926 1.59711152 1.59358387 1.59005632 1.58652886
 1.58300149 1.57947422 1.57594704 1.57241995 1.56889295 1.56536605
 1.56183924 1.55831252 1.5547859  1.55125937 1.54773294 1.5442066
 1.54068035 1.5371542  1.53362814 1.53010218 1.52657631 1.52305054
 1.51952486 1.51599927 1.51247378 1.50894839 1.50542309 1.50189788
 1.49837277 1.49484776 1.49132284 1.48779802 1.4842733  1.48074867
 1.47722413 1.4736997  1.47017536 1.46665112 1.46312697 1.45960292
 1.45607897 1.45255511 1.44903136 1.4455077  1.44198413 1.43846067
 1.4349373  1.43141404 1.42789087 1.42436779 1.42084482 1.41732195
 1.41379918 1.4102765  1.40675392 1.40323145 1.39970907 1.3961868
 1.39266462 1.38914254 1.38562057 1.38209869 1.37857692 1.37505525
 1.37153367 1.3680122  1.36449084 1.36096957 1.3574484  1.35392734
 1.35040638 1.34688552 1.34336477 1.33984412 1.33632357 1.33280312
 1.32928278 1.32576254 1.32224241 1.31872238 1.31520246 1.31168264
 1.30816292 1.30464331 1.30112381 1.29760441 1.29408512 1.29056594
 1.28704686 1.28352789 1.28000902 1.27649026 1.27297161 1.26945307
 1.26593464 1.26241631 1.2588981  1.25537999 1.25186199 1.24834411
 1.24482633 1.24130866 1.2377911  1.23427366 1.23075632 1.2272391
 1.22372198 1.22020498 1.2166881  1.21317132 1.20965466 1.20613811
 1.20262168 1.19910536 1.19558916 1.19207307 1.18855709 1.18504123
 1.18152549 1.17800986 1.17449435 1.17097896 1.16746368 1.16394853
 1.16043349 1.15691857 1.15340377 1.14988909 1.14637453 1.14286009
 1.13934577 1.13583157 1.1323175  1.12880354 1.12528971 1.12177601
 1.11826242 1.11474897 1.11123563 1.10772242 1.10420934 1.10069639
 1.09718356 1.09367086 1.09015828 1.08664584 1.08313352 1.07962134
 1.07610928 1.07259736 1.06908557 1.06557391 1.06206238 1.05855098
 1.05503972 1.0515286  1.04801761 1.04450675 1.04099604 1.03748546
 1.03397501 1.03046471 1.02695455 1.02344452 1.01993464 1.0164249
 1.0129153  1.00940584 1.00589653 1.00238736 0.99887834 0.99536947
 0.99186074 0.98835216 0.98484373 0.98133545 0.97782733 0.97431935
 0.97081152 0.96730385 0.96379634 0.96028898 0.95678177 0.95327473
 0.94976784 0.94626111 0.94275454 0.93924814 0.93574189 0.93223581
 0.9287299  0.92522415 0.92171857 0.91821316 0.91470792 0.91120285
 0.90769795 0.90419323 0.90068868 0.89718431 0.89368011 0.8901761
 0.88667226 0.88316861 0.87966514 0.87616185 0.87265875 0.86915584
 0.86565312 0.86215058 0.85864825 0.8551461  0.85164415 0.8481424
 0.84464085 0.8411395  0.83763835 0.83413741 0.83063668 0.82713615
 0.82363583 0.82013573 0.81663584 0.81313617 0.80963671 0.80613748
 0.80263847 0.79913969 0.79564113 0.7921428  0.78864471 0.78514685
 0.78164923 0.77815184 0.7746547  0.77115781 0.76766116 0.76416476
 0.76066862 0.75717273 0.7536771  0.75018173 0.74668663 0.7431918
 0.73969723 0.73620294 0.73270893 0.7292152  0.72572176 0.7222286
 0.71873574 0.71524317 0.7117509  0.70825893 0.70476727 0.70127592
 0.69778488 0.69429417 0.69080378 0.68731371 0.68382398 0.68033459
 0.67684554 0.67335683 0.66986848 0.66638048 0.66289284 0.65940557
 0.65591868 0.65243216 0.64894603 0.64546028 0.64197494 0.63848999
 0.63500545 0.63152133 0.62803762 0.62455435 0.62107151 0.61758911
 0.61410716 0.61062567 0.60714464 0.60366408 0.60018401 0.59670442
 0.59322533 0.58974675 0.58626868 0.58279114 0.57931412 0.57672828
 0.57325035 0.56977295 0.56629609 0.5628198  0.55934407 0.55586892
 0.55239435 0.54892039 0.54544704 0.54197432 0.53850223 0.53503079
 0.53156002 0.52808993 0.52462052 0.52115182 0.51768384 0.5142166
 0.51075011 0.50728439 0.50381945 0.50035532 0.49689201 0.49342953
 0.48996792 0.48650718 0.48304735 0.47958843 0.47613046 0.47267345
 0.46921743 0.46576242 0.46230845 0.45885554 0.45540372 0.45195302
 0.44850347 0.44505509 0.44160792 0.43816198 0.43471732 0.43127397
 0.42783196 0.42439132 0.42095211 0.41751435 0.41407808 0.41064336
 0.40721023 0.40377873 0.40034891 0.39692082 0.39349451 0.39007004
 0.38664747 0.38322685 0.37980824 0.37639172 0.37297734 0.36956518
 0.36615531 0.36274781 0.35934275 0.35594022 0.35254031 0.34914311
 0.34574871 0.34235722 0.33896874 0.33558338 0.33220126 0.32882249
 0.32544721 0.32207555 0.31870766 0.31534367 0.31198375 0.30862806
 0.30527678 0.30193009 0.29858819 0.29525127 0.29191956 0.28859328
 0.28527269 0.28195803 0.27864958 0.27534763 0.27205249 0.26876449
 0.26548397 0.26221132 0.25894692 0.2556912  0.25244462 0.24920766
 0.24598084 0.24276472 0.2395599  0.23636703 0.23318679 0.23001994
 0.2268673  0.22372972 0.22060817 0.21750366 0.21441732 0.21135037
 0.20830413 0.20528005 0.20227973 0.1993049  0.19635749 0.1934396
 0.19055359 0.18770204 0.18488782 0.18211416 0.17938465 0.1767033
 0.17407467 0.17150388 0.16899675 0.16655992 0.16420101 0.16192879
 0.1597534  0.15768668 0.15574255 0.15393742 0.15229092 0.15082663
 0.14957328 0.1485662  0.14784949 0.14747899 0.14752671 0.14808743
 0.14928893 0.15130859 0.1544015  0.15895084]
t =  [1.05259816e+09 1.05259820e+09 1.05259825e+09 1.05259829e+09
 1.05259833e+09 1.05259837e+09 1.05259841e+09 1.05259846e+09
 1.05259850e+09 1.05259854e+09 1.05259858e+09 1.05259863e+09
 1.05259867e+09 1.05259871e+09 1.05259875e+09 1.05259879e+09
 1.05259884e+09 1.05259888e+09 1.05259892e+09 1.05259896e+09
 1.05259901e+09 1.05259905e+09 1.05259909e+09 1.05259913e+09
 1.05259917e+09 1.05259922e+09 1.05259926e+09 1.05259930e+09
 1.05259934e+09 1.05259939e+09 1.05259943e+09 1.05259947e+09
 1.05259951e+09 1.05259955e+09 1.05259960e+09 1.05259964e+09
 1.05259968e+09 1.05259972e+09 1.05259977e+09 1.05259981e+09
 1.05259985e+09 1.05259989e+09 1.05259993e+09 1.05259998e+09
 1.05260002e+09 1.05260006e+09 1.05260010e+09 1.05260014e+09
 1.05260019e+09 1.05260023e+09 1.05260027e+09 1.05260031e+09
 1.05260036e+09 1.05260040e+09 1.05260044e+09 1.05260048e+09
 1.05260052e+09 1.05260057e+09 1.05260061e+09 1.05260065e+09
 1.05260069e+09 1.05260074e+09 1.05260078e+09 1.05260082e+09
 1.05260086e+09 1.05260090e+09 1.05260095e+09 1.05260099e+09
 1.05260103e+09 1.05260107e+09 1.05260112e+09 1.05260116e+09
 1.05260120e+09 1.05260124e+09 1.05260128e+09 1.05260133e+09
 1.05260137e+09 1.05260141e+09 1.05260145e+09 1.05260150e+09
 1.05260154e+09 1.05260158e+09 1.05260162e+09 1.05260166e+09
 1.05260171e+09 1.05260175e+09 1.05260179e+09 1.05260183e+09
 1.05260188e+09 1.05260192e+09 1.05260196e+09 1.05260200e+09
 1.05260204e+09 1.05260209e+09 1.05260213e+09 1.05260217e+09
 1.05260221e+09 1.05260226e+09 1.05260230e+09 1.05260234e+09
 1.05260238e+09 1.05260242e+09 1.05260247e+09 1.05260251e+09
 1.05260255e+09 1.05260259e+09 1.05260264e+09 1.05260268e+09
 1.05260272e+09 1.05260276e+09 1.05260280e+09 1.05260285e+09
 1.05260289e+09 1.05260293e+09 1.05260297e+09 1.05260302e+09
 1.05260306e+09 1.05260310e+09 1.05260314e+09 1.05260318e+09
 1.05260323e+09 1.05260327e+09 1.05260331e+09 1.05260335e+09
 1.05260339e+09 1.05260344e+09 1.05260348e+09 1.05260352e+09
 1.05260356e+09 1.05260361e+09 1.05260365e+09 1.05260369e+09
 1.05260373e+09 1.05260377e+09 1.05260382e+09 1.05260386e+09
 1.05260390e+09 1.05260394e+09 1.05260399e+09 1.05260403e+09
 1.05260407e+09 1.05260411e+09 1.05260415e+09 1.05260420e+09
 1.05260424e+09 1.05260428e+09 1.05260432e+09 1.05260437e+09
 1.05260441e+09 1.05260445e+09 1.05260449e+09 1.05260453e+09
 1.05260458e+09 1.05260462e+09 1.05260466e+09 1.05260470e+09
 1.05260475e+09 1.05260479e+09 1.05260483e+09 1.05260487e+09
 1.05260491e+09 1.05260496e+09 1.05260500e+09 1.05260504e+09
 1.05260508e+09 1.05260513e+09 1.05260517e+09 1.05260521e+09
 1.05260525e+09 1.05260529e+09 1.05260534e+09 1.05260538e+09
 1.05260542e+09 1.05260546e+09 1.05260551e+09 1.05260555e+09
 1.05260559e+09 1.05260563e+09 1.05260567e+09 1.05260572e+09
 1.05260576e+09 1.05260580e+09 1.05260584e+09 1.05260589e+09
 1.05260593e+09 1.05260597e+09 1.05260601e+09 1.05260605e+09
 1.05260610e+09 1.05260614e+09 1.05260618e+09 1.05260622e+09
 1.05260626e+09 1.05260631e+09 1.05260635e+09 1.05260639e+09
 1.05260643e+09 1.05260648e+09 1.05260652e+09 1.05260656e+09
 1.05260660e+09 1.05260664e+09 1.05260669e+09 1.05260673e+09
 1.05260677e+09 1.05260681e+09 1.05260686e+09 1.05260690e+09
 1.05260694e+09 1.05260698e+09 1.05260702e+09 1.05260707e+09
 1.05260711e+09 1.05260715e+09 1.05260719e+09 1.05260724e+09
 1.05260728e+09 1.05260732e+09 1.05260736e+09 1.05260740e+09
 1.05260745e+09 1.05260749e+09 1.05260753e+09 1.05260757e+09
 1.05260762e+09 1.05260766e+09 1.05260770e+09 1.05260774e+09
 1.05260778e+09 1.05260783e+09 1.05260787e+09 1.05260791e+09
 1.05260795e+09 1.05260800e+09 1.05260804e+09 1.05260808e+09
 1.05260812e+09 1.05260816e+09 1.05260821e+09 1.05260825e+09
 1.05260829e+09 1.05260833e+09 1.05260838e+09 1.05260842e+09
 1.05260846e+09 1.05260850e+09 1.05260854e+09 1.05260859e+09
 1.05260863e+09 1.05260867e+09 1.05260871e+09 1.05260876e+09
 1.05260880e+09 1.05260884e+09 1.05260888e+09 1.05260892e+09
 1.05260897e+09 1.05260901e+09 1.05260905e+09 1.05260909e+09
 1.05260914e+09 1.05260918e+09 1.05260922e+09 1.05260926e+09
 1.05260930e+09 1.05260935e+09 1.05260939e+09 1.05260943e+09
 1.05260947e+09 1.05260951e+09 1.05260956e+09 1.05260960e+09
 1.05260964e+09 1.05260968e+09 1.05260973e+09 1.05260977e+09
 1.05260981e+09 1.05260985e+09 1.05260989e+09 1.05260994e+09
 1.05260998e+09 1.05261002e+09 1.05261006e+09 1.05261011e+09
 1.05261015e+09 1.05261019e+09 1.05261023e+09 1.05261027e+09
 1.05261032e+09 1.05261036e+09 1.05261040e+09 1.05261044e+09
 1.05261049e+09 1.05261053e+09 1.05261057e+09 1.05261061e+09
 1.05261065e+09 1.05261070e+09 1.05261074e+09 1.05261078e+09
 1.05261082e+09 1.05261087e+09 1.05261091e+09 1.05261095e+09
 1.05261099e+09 1.05261103e+09 1.05261108e+09 1.05261112e+09
 1.05261116e+09 1.05261120e+09 1.05261125e+09 1.05261129e+09
 1.05261133e+09 1.05261137e+09 1.05261141e+09 1.05261146e+09
 1.05261150e+09 1.05261154e+09 1.05261158e+09 1.05261163e+09
 1.05261167e+09 1.05261171e+09 1.05261175e+09 1.05261179e+09
 1.05261184e+09 1.05261188e+09 1.05261192e+09 1.05261196e+09
 1.05261201e+09 1.05261205e+09 1.05261209e+09 1.05261213e+09
 1.05261217e+09 1.05261222e+09 1.05261226e+09 1.05261230e+09
 1.05261234e+09 1.05261239e+09 1.05261243e+09 1.05261247e+09
 1.05261251e+09 1.05261255e+09 1.05261260e+09 1.05261264e+09
 1.05261268e+09 1.05261272e+09 1.05261276e+09 1.05261281e+09
 1.05261285e+09 1.05261289e+09 1.05261293e+09 1.05261298e+09
 1.05261302e+09 1.05261306e+09 1.05261310e+09 1.05261314e+09
 1.05261319e+09 1.05261323e+09 1.05261327e+09 1.05261331e+09
 1.05261336e+09 1.05261340e+09 1.05261344e+09 1.05261348e+09
 1.05261352e+09 1.05261357e+09 1.05261361e+09 1.05261365e+09
 1.05261369e+09 1.05261374e+09 1.05261378e+09 1.05261382e+09
 1.05261386e+09 1.05261390e+09 1.05261395e+09 1.05261399e+09
 1.05261403e+09 1.05261407e+09 1.05261412e+09 1.05261416e+09
 1.05261420e+09 1.05261424e+09 1.05261428e+09 1.05261433e+09
 1.05261437e+09 1.05261441e+09 1.05261445e+09 1.05261450e+09
 1.05261454e+09 1.05261458e+09 1.05261462e+09 1.05261466e+09
 1.05261471e+09 1.05261475e+09 1.05261479e+09 1.05261483e+09
 1.05261488e+09 1.05261492e+09 1.05261496e+09 1.05261500e+09
 1.05261504e+09 1.05261509e+09 1.05261513e+09 1.05261517e+09
 1.05261521e+09 1.05261526e+09 1.05261530e+09 1.05261534e+09
 1.05261538e+09 1.05261542e+09 1.05261547e+09 1.05261551e+09
 1.05261555e+09 1.05261559e+09 1.05261563e+09 1.05261568e+09
 1.05261572e+09 1.05261576e+09 1.05261580e+09 1.05261585e+09
 1.05261589e+09 1.05261593e+09 1.05261597e+09 1.05261601e+09
 1.05261606e+09 1.05261610e+09 1.05261614e+09 1.05261618e+09
 1.05261623e+09 1.05261627e+09 1.05261631e+09 1.05261635e+09
 1.05261639e+09 1.05261644e+09 1.05261648e+09 1.05261652e+09
 1.05261656e+09 1.05261661e+09 1.05261665e+09 1.05261669e+09
 1.05261673e+09 1.05261677e+09 1.05261682e+09 1.05261686e+09
 1.05261690e+09 1.05261694e+09 1.05261699e+09 1.05261703e+09
 1.05261707e+09 1.05261711e+09 1.05261715e+09 1.05261720e+09
 1.05261724e+09 1.05261728e+09 1.05261732e+09 1.05261737e+09
 1.05261741e+09 1.05261745e+09 1.05261749e+09 1.05261753e+09
 1.05261758e+09 1.05261762e+09 1.05261766e+09 1.05261770e+09
 1.05261775e+09 1.05261779e+09 1.05261783e+09 1.05261787e+09
 1.05261791e+09 1.05261796e+09 1.05261800e+09 1.05261804e+09
 1.05261808e+09 1.05261813e+09 1.05261817e+09 1.05261821e+09
 1.05261825e+09 1.05261829e+09 1.05261834e+09 1.05261838e+09
 1.05261842e+09 1.05261846e+09 1.05261851e+09 1.05261855e+09
 1.05261859e+09 1.05261863e+09 1.05261867e+09 1.05261872e+09
 1.05261876e+09 1.05261880e+09 1.05261884e+09 1.05261888e+09
 1.05261893e+09 1.05261897e+09 1.05261901e+09 1.05261905e+09
 1.05261910e+09 1.05261914e+09 1.05261918e+09 1.05261922e+09
 1.05261926e+09 1.05261931e+09 1.05261935e+09 1.05261939e+09
 1.05261943e+09 1.05261948e+09 1.05261952e+09 1.05261956e+09
 1.05261960e+09 1.05261964e+09 1.05261969e+09 1.05261973e+09
 1.05261977e+09 1.05261981e+09 1.05261986e+09 1.05261990e+09
 1.05261994e+09 1.05261998e+09 1.05262002e+09 1.05262007e+09
 1.05262011e+09 1.05262015e+09 1.05262019e+09 1.05262024e+09
 1.05262028e+09 1.05262032e+09 1.05262036e+09 1.05262040e+09
 1.05262045e+09 1.05262049e+09 1.05262053e+09 1.05262057e+09
 1.05262062e+09 1.05262066e+09 1.05262070e+09 1.05262074e+09
 1.05262078e+09 1.05262083e+09 1.05262087e+09 1.05262091e+09
 1.05262095e+09 1.05262100e+09 1.05262104e+09 1.05262108e+09
 1.05262112e+09 1.05262116e+09 1.05262121e+09 1.05262125e+09
 1.05262129e+09 1.05262133e+09 1.05262138e+09 1.05262142e+09
 1.05262146e+09 1.05262150e+09 1.05262154e+09 1.05262159e+09
 1.05262163e+09 1.05262167e+09 1.05262171e+09 1.05262176e+09
 1.05262180e+09 1.05262184e+09 1.05262188e+09 1.05262192e+09
 1.05262197e+09 1.05262201e+09 1.05262205e+09 1.05262209e+09
 1.05262213e+09 1.05262218e+09 1.05262222e+09 1.05262226e+09
 1.05262230e+09 1.05262235e+09 1.05262239e+09 1.05262243e+09
 1.05262247e+09 1.05262251e+09 1.05262256e+09 1.05262260e+09
 1.05262264e+09 1.05262268e+09 1.05262273e+09 1.05262277e+09
 1.05262281e+09 1.05262285e+09 1.05262289e+09 1.05262294e+09
 1.05262298e+09 1.05262302e+09 1.05262306e+09 1.05262311e+09
 1.05262315e+09 1.05262319e+09 1.05262323e+09 1.05262327e+09
 1.05262332e+09 1.05262336e+09 1.05262340e+09 1.05262344e+09
 1.05262349e+09 1.05262353e+09 1.05262357e+09 1.05262361e+09
 1.05262365e+09 1.05262370e+09 1.05262374e+09 1.05262378e+09
 1.05262382e+09 1.05262387e+09 1.05262391e+09 1.05262395e+09
 1.05262399e+09 1.05262403e+09 1.05262408e+09 1.05262412e+09
 1.05262416e+09 1.05262420e+09 1.05262425e+09 1.05262429e+09
 1.05262433e+09 1.05262437e+09 1.05262441e+09 1.05262446e+09
 1.05262450e+09 1.05262454e+09 1.05262458e+09 1.05262463e+09
 1.05262467e+09 1.05262471e+09 1.05262475e+09 1.05262479e+09
 1.05262484e+09 1.05262488e+09 1.05262492e+09 1.05262496e+09
 1.05262500e+09 1.05262505e+09 1.05262509e+09 1.05262513e+09
 1.05262517e+09 1.05262522e+09 1.05262526e+09 1.05262530e+09
 1.05262534e+09 1.05262538e+09 1.05262543e+09 1.05262547e+09
 1.05262551e+09 1.05262555e+09 1.05262560e+09 1.05262564e+09
 1.05262568e+09 1.05262572e+09 1.05262576e+09 1.05262581e+09
 1.05262585e+09 1.05262589e+09 1.05262593e+09 1.05262598e+09
 1.05262602e+09 1.05262606e+09 1.05262610e+09 1.05262614e+09
 1.05262619e+09 1.05262623e+09 1.05262627e+09 1.05262631e+09
 1.05262636e+09 1.05262640e+09 1.05262644e+09 1.05262648e+09
 1.05262652e+09 1.05262657e+09 1.05262661e+09 1.05262665e+09
 1.05262669e+09 1.05262674e+09 1.05262678e+09 1.05262682e+09
 1.05262686e+09 1.05262690e+09 1.05262695e+09 1.05262699e+09
 1.05262703e+09 1.05262707e+09 1.05262712e+09 1.05262716e+09
 1.05262720e+09 1.05262724e+09 1.05262728e+09 1.05262733e+09
 1.05262737e+09 1.05262741e+09 1.05262745e+09 1.05262750e+09
 1.05262754e+09 1.05262758e+09 1.05262762e+09 1.05262766e+09
 1.05262771e+09 1.05262775e+09 1.05262779e+09 1.05262783e+09
 1.05262788e+09 1.05262792e+09 1.05262796e+09 1.05262800e+09
 1.05262804e+09 1.05262809e+09 1.05262813e+09 1.05262817e+09
 1.05262821e+09 1.05262825e+09 1.05262830e+09 1.05262834e+09
 1.05262838e+09 1.05262842e+09 1.05262847e+09 1.05262851e+09
 1.05262855e+09 1.05262859e+09 1.05262863e+09 1.05262868e+09
 1.05262872e+09 1.05262876e+09 1.05262880e+09 1.05262885e+09
 1.05262889e+09 1.05262893e+09 1.05262897e+09 1.05262901e+09
 1.05262906e+09 1.05262910e+09 1.05262914e+09 1.05262918e+09
 1.05262923e+09 1.05262927e+09 1.05262931e+09 1.05262935e+09
 1.05262939e+09 1.05262944e+09 1.05262948e+09 1.05262952e+09
 1.05262956e+09 1.05262961e+09 1.05262965e+09 1.05262969e+09
 1.05262973e+09 1.05262977e+09 1.05262982e+09 1.05262986e+09
 1.05262990e+09 1.05262994e+09 1.05262999e+09 1.05263003e+09
 1.05263007e+09 1.05263011e+09 1.05263015e+09 1.05263020e+09
 1.05263024e+09 1.05263028e+09 1.05263032e+09 1.05263037e+09
 1.05263041e+09 1.05263045e+09 1.05263049e+09 1.05263053e+09
 1.05263058e+09 1.05263062e+09 1.05263066e+09 1.05263070e+09
 1.05263075e+09 1.05263079e+09 1.05263083e+09 1.05263087e+09
 1.05263091e+09 1.05263096e+09 1.05263100e+09 1.05263104e+09
 1.05263108e+09 1.05263113e+09 1.05263117e+09 1.05263121e+09
 1.05263125e+09 1.05263129e+09 1.05263134e+09 1.05263138e+09
 1.05263142e+09 1.05263146e+09 1.05263150e+09 1.05263155e+09
 1.05263159e+09 1.05263163e+09 1.05263167e+09 1.05263172e+09
 1.05263176e+09 1.05263180e+09 1.05263184e+09 1.05263188e+09
 1.05263193e+09 1.05263197e+09 1.05263201e+09 1.05263205e+09
 1.05263210e+09 1.05263214e+09 1.05263218e+09 1.05263222e+09
 1.05263226e+09 1.05263231e+09 1.05263235e+09 1.05263239e+09
 1.05263243e+09 1.05263248e+09 1.05263252e+09 1.05263256e+09
 1.05263260e+09 1.05263264e+09 1.05263269e+09 1.05263273e+09
 1.05263277e+09 1.05263281e+09 1.05263286e+09 1.05263290e+09
 1.05263294e+09 1.05263298e+09 1.05263302e+09 1.05263307e+09
 1.05263311e+09 1.05263315e+09 1.05263319e+09 1.05263324e+09
 1.05263328e+09 1.05263332e+09 1.05263336e+09 1.05263340e+09
 1.05263345e+09 1.05263349e+09 1.05263353e+09 1.05263357e+09
 1.05263362e+09 1.05263366e+09 1.05263370e+09 1.05263374e+09
 1.05263378e+09 1.05263383e+09 1.05263387e+09 1.05263391e+09
 1.05263395e+09 1.05263400e+09 1.05263404e+09 1.05263408e+09
 1.05263412e+09 1.05263416e+09 1.05263421e+09 1.05263425e+09
 1.05263429e+09 1.05263433e+09 1.05263437e+09 1.05263442e+09
 1.05263446e+09 1.05263450e+09 1.05263454e+09 1.05263459e+09
 1.05263463e+09 1.05263467e+09 1.05263471e+09 1.05263475e+09
 1.05263480e+09 1.05263484e+09 1.05263488e+09 1.05263492e+09
 1.05263497e+09 1.05263501e+09 1.05263505e+09 1.05263509e+09
 1.05263513e+09 1.05263518e+09 1.05263522e+09 1.05263526e+09
 1.05263530e+09 1.05263535e+09 1.05263539e+09 1.05263543e+09
 1.05263547e+09 1.05263551e+09 1.05263556e+09 1.05263560e+09
 1.05263564e+09 1.05263568e+09 1.05263573e+09 1.05263577e+09
 1.05263581e+09 1.05263585e+09 1.05263589e+09 1.05263594e+09
 1.05263598e+09 1.05263602e+09 1.05263606e+09 1.05263611e+09
 1.05263615e+09 1.05263619e+09 1.05263623e+09 1.05263627e+09
 1.05263632e+09 1.05263636e+09 1.05263640e+09 1.05263644e+09
 1.05263649e+09 1.05263653e+09 1.05263657e+09 1.05263661e+09
 1.05263665e+09 1.05263670e+09 1.05263674e+09 1.05263678e+09
 1.05263682e+09 1.05263687e+09 1.05263691e+09 1.05263695e+09
 1.05263699e+09 1.05263703e+09 1.05263708e+09 1.05263712e+09
 1.05263716e+09 1.05263720e+09 1.05263725e+09 1.05263729e+09
 1.05263733e+09 1.05263737e+09 1.05263741e+09 1.05263746e+09
 1.05263750e+09 1.05263754e+09 1.05263758e+09 1.05263762e+09
 1.05263767e+09 1.05263771e+09 1.05263775e+09 1.05263779e+09
 1.05263784e+09 1.05263788e+09 1.05263792e+09 1.05263796e+09
 1.05263800e+09 1.05263805e+09 1.05263809e+09 1.05263813e+09
 1.05263817e+09 1.05263822e+09 1.05263826e+09 1.05263830e+09
 1.05263834e+09 1.05263838e+09 1.05263843e+09 1.05263847e+09
 1.05263851e+09 1.05263855e+09 1.05263860e+09 1.05263864e+09
 1.05263868e+09 1.05263872e+09 1.05263876e+09 1.05263881e+09
 1.05263885e+09 1.05263889e+09 1.05263893e+09 1.05263898e+09
 1.05263902e+09 1.05263906e+09 1.05263910e+09 1.05263914e+09
 1.05263919e+09 1.05263923e+09 1.05263927e+09 1.05263931e+09
 1.05263936e+09 1.05263940e+09 1.05263944e+09 1.05263948e+09
 1.05263952e+09 1.05263957e+09 1.05263961e+09 1.05263965e+09
 1.05263969e+09 1.05263974e+09 1.05263978e+09 1.05263982e+09
 1.05263986e+09 1.05263990e+09 1.05263995e+09 1.05263999e+09
 1.05264003e+09 1.05264007e+09 1.05264012e+09 1.05264016e+09
 1.05264020e+09 1.05264024e+09 1.05264028e+09 1.05264033e+09]
minRes = 0.14747898999560663
minResTime =  [1.05264007e+09]
