name =JUICE_ROI_CAL_4_3_02
flyby =  ['2033 APR 06 23:29:30', '2033 APR 07 23:29:30']
Observation TW =  <SpiceCell dtype = 1, length = 0, size = 3400, card = 14, is_set = 1, adjust = 0, init = 1, base = 2554764751648, data = 2554764751696>
Res(t) =  [3.68423989 3.68059704 3.67695427 3.67331159 3.66966899 3.66602649
 3.66238407 3.65874174 3.65509949 3.65145734 3.64781527 3.64417329
 3.6405314  3.63688959 3.63324788 3.62960625 3.62596471 3.62232325
 3.61868188 3.6150406  3.61139941 3.60775831 3.60411729 3.60047636
 3.59683551 3.59319476 3.58955409 3.58591351 3.58227301 3.57863261
 3.57499229 3.57135205 3.56771191 3.56407185 3.56043188 3.55679199
 3.55315219 3.54951248 3.54587286 3.54223332 3.53859387 3.53495451
 3.53131523 3.52767604 3.52403694 3.52039792 3.51675899 3.51312015
 3.50948139 3.50584272 3.50220414 3.49856564 3.49492723 3.49128891
 3.48765067 3.48401252 3.48037446 3.47673648 3.47309859 3.46946079
 3.46582307 3.46218544 3.45854789 3.45491043 3.45127306 3.44763577
 3.44399857 3.44036146 3.43672443 3.43308748 3.42945063 3.42581386
 3.42217717 3.41854058 3.41490406 3.41126764 3.4076313  3.40399504
 3.40035887 3.39672279 3.39308679 3.38945088 3.38581506 3.38217932
 3.37854366 3.37490809 3.37127261 3.36763721 3.3640019  3.36036668
 3.35673154 3.35309648 3.34946151 3.34582663 3.34219183 3.33855712
 3.33492249 3.33128795 3.32765349 3.32401912 3.32038483 3.31675063
 3.31311651 3.30948248 3.30584854 3.30221468 3.2985809  3.29494721
 3.2913136  3.28768008 3.28404665 3.2804133  3.27678003 3.27314685
 3.26951375 3.26588074 3.26224782 3.25861498 3.25498222 3.25134955
 3.24771696 3.24408446 3.24045204 3.23681971 3.23318746 3.22955529
 3.22592322 3.22229122 3.21865931 3.21502748 3.21139574 3.20776408
 3.20413251 3.20050102 3.19686962 3.1932383  3.18960706 3.18597591
 3.18234484 3.17871386 3.17508296 3.17145215 3.16782142 3.16419077
 3.16056021 3.15692973 3.15329933 3.14966902 3.1460388  3.14240865
 3.13877859 3.13514862 3.13151873 3.12788892 3.12425919 3.12062955
 3.117      3.11337052 3.10974113 3.10611183 3.10248261 3.09885347
 3.09522441 3.09159544 3.08796655 3.08433775 3.08070903 3.07708039
 3.07345183 3.06982336 3.06619497 3.06256667 3.05893845 3.05531031
 3.05168225 3.04805428 3.04442639 3.04079858 3.03717086 3.03354322
 3.02991566 3.02628819 3.0226608  3.01903349 3.01540626 3.01177912
 3.00815206 3.00452508 3.00089819 2.99727138 2.99364465 2.990018
 2.98639144 2.98276496 2.97913856 2.97551224 2.97188601 2.96825986
 2.96463379 2.9610078  2.9573819  2.95375607 2.95013034 2.94650468
 2.9428791  2.93925361 2.9356282  2.93200287 2.92837763 2.92475246
 2.92112738 2.91750238 2.91387746 2.91025263 2.90662787 2.9030032
 2.89937861 2.8957541  2.89212968 2.88850533 2.88488107 2.88125689
 2.87763279 2.87400877 2.87038484 2.86676098 2.86313721 2.85951352
 2.85588991 2.85226638 2.84864293 2.84501957 2.84139628 2.83777308
 2.83414996 2.83052692 2.82690396 2.82328108 2.81965829 2.81603557
 2.81241294 2.80879039 2.80516791 2.80154552 2.79792321 2.79430099
 2.79067884 2.78705677 2.78343479 2.77981288 2.77619106 2.77256931
 2.76894765 2.76532607 2.76170457 2.75808315 2.75446181 2.75084055
 2.74721937 2.74359828 2.73997726 2.73635632 2.73273547 2.72911469
 2.725494   2.72187338 2.71825285 2.71463239 2.71101202 2.70739173
 2.70377151 2.70015138 2.69653133 2.69291135 2.68929146 2.68567165
 2.68205192 2.67843226 2.67481269 2.6711932  2.66757379 2.66395445
 2.6603352  2.65671603 2.65309693 2.64947792 2.64585899 2.64224013
 2.63862136 2.63500266 2.63138405 2.62776551 2.62414706 2.62052868
 2.61691038 2.61329217 2.60967403 2.60605597 2.60243799 2.59882009
 2.59520227 2.59158453 2.58796687 2.58434928 2.58073178 2.57711435
 2.57349701 2.56987974 2.56626255 2.56264545 2.55902842 2.55541147
 2.55179459 2.5481778  2.54456109 2.54094445 2.5373279  2.53371142
 2.53009502 2.5264787  2.52286246 2.5192463  2.51563021 2.51201421
 2.50839828 2.50478243 2.50116666 2.49755097 2.49393536 2.49031983
 2.48670437 2.48308899 2.47947369 2.47585847 2.47224333 2.46862826
 2.46501328 2.46139837 2.45778354 2.45416879 2.45055411 2.44693952
 2.443325   2.43971056 2.4360962  2.43248191 2.4288677  2.42525358
 2.42163953 2.41802555 2.41441166 2.41079784 2.4071841  2.40357044
 2.39995685 2.39634335 2.39272992 2.38911657 2.38550329 2.38189009
 2.37827698 2.37466393 2.37105097 2.36743808 2.36382527 2.36021254
 2.35659988 2.35298731 2.34937481 2.34576238 2.34215004 2.33853777
 2.33492557 2.33131346 2.32770142 2.32408946 2.32047758 2.31686577
 2.31325404 2.30964239 2.30603081 2.30241931 2.29880789 2.29519654
 2.29158527 2.28797408 2.28436296 2.28075192 2.27714096 2.27353007
 2.26991926 2.26630853 2.26269787 2.25908729 2.25547679 2.25186636
 2.24825601 2.24464574 2.24103554 2.23742542 2.23381537 2.2302054
 2.22659551 2.22298569 2.21937595 2.21576629 2.2121567  2.20854719
 2.20493775 2.20132839 2.1977191  2.1941099  2.19050076 2.18689171
 2.18328273 2.17967382 2.17606499 2.17245624 2.16884756 2.16523896
 2.16163043 2.15802198 2.15441361 2.15080531 2.14719709 2.14358894
 2.13998087 2.13637287 2.13276495 2.1291571  2.12554933 2.12194164
 2.11833402 2.11472647 2.11111901 2.10751161 2.10390429 2.10029705
 2.09668988 2.09308279 2.08947577 2.08586883 2.08226197 2.07865517
 2.07504846 2.07144182 2.06783525 2.06422876 2.06062234 2.057016
 2.05340974 2.04980354 2.04619743 2.04259139 2.03898542 2.03537953
 2.03177371 2.02816797 2.0245623  2.02095671 2.01735119 2.01374575
 2.01014038 2.00653509 2.00292987 1.99932472 1.99571965 1.99211466
 1.98850974 1.98490489 1.98130012 1.97769542 1.9740908  1.97048625
 1.96688178 1.96327738 1.95967305 1.9560688  1.95246463 1.94886053
 1.9452565  1.94165254 1.93804867 1.93444486 1.93084113 1.92723748
 1.92363389 1.92003039 1.91642695 1.91282359 1.90922031 1.9056171
 1.90201396 1.8984109  1.89480791 1.891205   1.88760216 1.88399939
 1.8803967  1.87679408 1.87319154 1.86958907 1.86598667 1.86238435
 1.8587821  1.85517992 1.85157782 1.8479758  1.84437385 1.84077197
 1.83717016 1.83356843 1.82996678 1.82636519 1.82276368 1.81916225
 1.81556089 1.8119596  1.80835839 1.80475725 1.80115618 1.79755519
 1.79395427 1.79035343 1.78675266 1.78315196 1.77955134 1.77595079
 1.77235031 1.76874991 1.76514958 1.76154933 1.75794915 1.75434904
 1.75074901 1.74714905 1.74354916 1.73994935 1.73634961 1.73274995
 1.72915036 1.72555084 1.7219514  1.71835203 1.71475274 1.71115351
 1.70755437 1.70395529 1.70035629 1.69675737 1.69315851 1.68955974
 1.68596103 1.6823624  1.67876384 1.67516536 1.67156695 1.66796861
 1.66437035 1.66077216 1.65717405 1.65357601 1.64997805 1.64638015
 1.64278233 1.63918459 1.63558692 1.63198932 1.6283918  1.62479435
 1.62119698 1.61759968 1.61400246 1.6104053  1.60680823 1.60321122
 1.59961429 1.59601744 1.59242066 1.58882395 1.58522732 1.58163076
 1.57803428 1.57443787 1.57084153 1.56724527 1.56364909 1.56005298
 1.55645694 1.55286098 1.54926509 1.54566928 1.54207354 1.53847788
 1.53488229 1.53128677 1.52769134 1.52409597 1.52050068 1.51690547
 1.51331033 1.50971527 1.50612028 1.50252536 1.49893052 1.49533576
 1.49174107 1.48814646 1.48455192 1.48095746 1.47736308 1.47376877
 1.47017453 1.46658037 1.46298629 1.45939228 1.45579835 1.45220449
 1.44861071 1.44501701 1.44142338 1.43782983 1.43423636 1.43064296
 1.42704964 1.42345639 1.41986323 1.41627013 1.41267712 1.40908418
 1.40549132 1.40189854 1.39830583 1.3947132  1.39112065 1.38752818
 1.38393578 1.38034346 1.37675122 1.37315905 1.36956697 1.36597496
 1.36238303 1.35879118 1.35519941 1.35160771 1.3480161  1.34442456
 1.3408331  1.33724172 1.33365042 1.3300592  1.32646806 1.322877
 1.31928602 1.31569512 1.3121043  1.30851355 1.30492289 1.30133231
 1.29774181 1.29415139 1.29056105 1.28697079 1.28338062 1.27979052
 1.27620051 1.27261057 1.26902072 1.26543096 1.26184127 1.25825167
 1.25466214 1.25107271 1.24748335 1.24389408 1.24030489 1.23671578
 1.23312676 1.22953783 1.22594897 1.2223602  1.21877152 1.21518292
 1.21159441 1.20800598 1.20441764 1.20082938 1.19724121 1.19365312
 1.19006513 1.18647722 1.18288939 1.17930166 1.17571401 1.17212645
 1.16853897 1.16495159 1.1613643  1.15777709 1.15418997 1.15060295
 1.14701601 1.14342916 1.13984241 1.13625575 1.13266917 1.12908269
 1.1254963  1.12191001 1.1183238  1.11473769 1.11115168 1.10756575
 1.10397993 1.10039419 1.09680855 1.09322301 1.08963757 1.08605222
 1.08246696 1.07888181 1.07529675 1.07171179 1.06812693 1.06454217
 1.0609575  1.05737294 1.05378848 1.05020412 1.04661986 1.0430357
 1.03945165 1.0358677  1.03228385 1.02870011 1.02511648 1.02153294
 1.01794952 1.0143662  1.01078299 1.00719989 1.00361689 1.00003401
 0.99645123 0.99286857 0.98928602 0.98570358 0.98212125 0.97853904
 0.97495694 0.97137495 0.96779308 0.96421133 0.9606297  0.95704818
 0.95346678 0.94988551 0.94630435 0.94272332 0.9391424  0.93556162
 0.93198095 0.92840041 0.92482    0.92123972 0.91765956 0.91407953
 0.91049964 0.90691987 0.90334024 0.89976074 0.89618138 0.89260215
 0.88902306 0.88544411 0.8818653  0.87828663 0.8747081  0.87112971
 0.86755147 0.86397338 0.86039543 0.85681763 0.85323998 0.84966249
 0.84608514 0.84250796 0.83893092 0.83535405 0.83177734 0.82820079
 0.8246244  0.82104817 0.81747211 0.81389622 0.8103205  0.80674496
 0.80316958 0.79959438 0.79601936 0.79244452 0.78886987 0.78529539
 0.7817211  0.77814701 0.7745731  0.77099938 0.76742586 0.76385254
 0.76027942 0.7567065  0.75313379 0.74956129 0.74598899 0.74241692
 0.73884505 0.73527341 0.73170199 0.7281308  0.72455983 0.72098909
 0.7174186  0.71384833 0.71027832 0.70670854 0.70313902 0.69956974
 0.69600073 0.69243197 0.68886348 0.68529526 0.68172731 0.67815964
 0.67459224 0.67102513 0.66745832 0.66389179 0.66032557 0.65675965
 0.65319404 0.64962874 0.64606377 0.64249912 0.6389348  0.63537082
 0.63180718 0.62824388 0.62468095 0.62111837 0.61755616 0.61399433
 0.61043288 0.60687181 0.60331115 0.59975088 0.59619103 0.5937626
 0.59020235 0.58664253 0.58308314 0.57952418 0.57596566 0.5724076
 0.56885    0.56529287 0.56173623 0.55818007 0.55462442 0.55106929
 0.54751467 0.54396059 0.54040706 0.53685409 0.53330169 0.52974987
 0.52619865 0.52264805 0.51909806 0.51554872 0.51200003 0.50845202
 0.50490468 0.50135806 0.49781215 0.49426698 0.49072256 0.48717892
 0.48363607 0.48009404 0.47655284 0.4730125  0.46947304 0.46593448
 0.46239685 0.45886017 0.45532446 0.45178976 0.44825609 0.44472348
 0.44119196 0.43766156 0.43413232 0.43060426 0.42707743 0.42355185
 0.42002756 0.41650461 0.41298304 0.40946288 0.40594418 0.40242699
 0.39891136 0.39539732 0.39188495 0.38837429 0.38486539 0.38135832
 0.37785314 0.37434991 0.3708487  0.36734959 0.36385263 0.36035792
 0.35686553 0.35337555 0.34988807 0.34640318 0.34292097 0.33944156
 0.33596505 0.33249155 0.32902119 0.32555408 0.32209037 0.31863019
 0.31517369 0.31172103 0.30827238 0.30482789 0.30138777 0.29795221
 0.29452141 0.29109559 0.28767499 0.28425985 0.28085044 0.27744704
 0.27404994 0.27065946 0.26727595 0.26389976 0.26053129 0.25717095
 0.25381918 0.25047647 0.24714333 0.24382031 0.240508   0.23720706
 0.23391817 0.23064209 0.22737963 0.22413169 0.22089921 0.21768326
 0.21448497 0.2113056  0.20814653 0.20500925 0.20189544 0.19880692
 0.19574572 0.19271408 0.18971452 0.18674982 0.18382311 0.1809379
 0.17809814 0.17530831 0.1725735  0.16989954 0.16729307 0.16476179
 0.16231462 0.15996197 0.15771606 0.15559139 0.15360524 0.15177845
 0.15013641 0.14871037 0.14753936 0.14667282 0.14617453 0.1461284
 0.1466475  0.14788863 0.15007681 0.15354911]
t =  [1.04971504e+09 1.04971508e+09 1.04971512e+09 1.04971517e+09
 1.04971521e+09 1.04971525e+09 1.04971529e+09 1.04971533e+09
 1.04971538e+09 1.04971542e+09 1.04971546e+09 1.04971550e+09
 1.04971555e+09 1.04971559e+09 1.04971563e+09 1.04971567e+09
 1.04971571e+09 1.04971576e+09 1.04971580e+09 1.04971584e+09
 1.04971588e+09 1.04971593e+09 1.04971597e+09 1.04971601e+09
 1.04971605e+09 1.04971609e+09 1.04971614e+09 1.04971618e+09
 1.04971622e+09 1.04971626e+09 1.04971630e+09 1.04971635e+09
 1.04971639e+09 1.04971643e+09 1.04971647e+09 1.04971652e+09
 1.04971656e+09 1.04971660e+09 1.04971664e+09 1.04971668e+09
 1.04971673e+09 1.04971677e+09 1.04971681e+09 1.04971685e+09
 1.04971690e+09 1.04971694e+09 1.04971698e+09 1.04971702e+09
 1.04971706e+09 1.04971711e+09 1.04971715e+09 1.04971719e+09
 1.04971723e+09 1.04971728e+09 1.04971732e+09 1.04971736e+09
 1.04971740e+09 1.04971744e+09 1.04971749e+09 1.04971753e+09
 1.04971757e+09 1.04971761e+09 1.04971766e+09 1.04971770e+09
 1.04971774e+09 1.04971778e+09 1.04971782e+09 1.04971787e+09
 1.04971791e+09 1.04971795e+09 1.04971799e+09 1.04971803e+09
 1.04971808e+09 1.04971812e+09 1.04971816e+09 1.04971820e+09
 1.04971825e+09 1.04971829e+09 1.04971833e+09 1.04971837e+09
 1.04971841e+09 1.04971846e+09 1.04971850e+09 1.04971854e+09
 1.04971858e+09 1.04971863e+09 1.04971867e+09 1.04971871e+09
 1.04971875e+09 1.04971879e+09 1.04971884e+09 1.04971888e+09
 1.04971892e+09 1.04971896e+09 1.04971901e+09 1.04971905e+09
 1.04971909e+09 1.04971913e+09 1.04971917e+09 1.04971922e+09
 1.04971926e+09 1.04971930e+09 1.04971934e+09 1.04971938e+09
 1.04971943e+09 1.04971947e+09 1.04971951e+09 1.04971955e+09
 1.04971960e+09 1.04971964e+09 1.04971968e+09 1.04971972e+09
 1.04971976e+09 1.04971981e+09 1.04971985e+09 1.04971989e+09
 1.04971993e+09 1.04971998e+09 1.04972002e+09 1.04972006e+09
 1.04972010e+09 1.04972014e+09 1.04972019e+09 1.04972023e+09
 1.04972027e+09 1.04972031e+09 1.04972036e+09 1.04972040e+09
 1.04972044e+09 1.04972048e+09 1.04972052e+09 1.04972057e+09
 1.04972061e+09 1.04972065e+09 1.04972069e+09 1.04972074e+09
 1.04972078e+09 1.04972082e+09 1.04972086e+09 1.04972090e+09
 1.04972095e+09 1.04972099e+09 1.04972103e+09 1.04972107e+09
 1.04972111e+09 1.04972116e+09 1.04972120e+09 1.04972124e+09
 1.04972128e+09 1.04972133e+09 1.04972137e+09 1.04972141e+09
 1.04972145e+09 1.04972149e+09 1.04972154e+09 1.04972158e+09
 1.04972162e+09 1.04972166e+09 1.04972171e+09 1.04972175e+09
 1.04972179e+09 1.04972183e+09 1.04972187e+09 1.04972192e+09
 1.04972196e+09 1.04972200e+09 1.04972204e+09 1.04972209e+09
 1.04972213e+09 1.04972217e+09 1.04972221e+09 1.04972225e+09
 1.04972230e+09 1.04972234e+09 1.04972238e+09 1.04972242e+09
 1.04972247e+09 1.04972251e+09 1.04972255e+09 1.04972259e+09
 1.04972263e+09 1.04972268e+09 1.04972272e+09 1.04972276e+09
 1.04972280e+09 1.04972284e+09 1.04972289e+09 1.04972293e+09
 1.04972297e+09 1.04972301e+09 1.04972306e+09 1.04972310e+09
 1.04972314e+09 1.04972318e+09 1.04972322e+09 1.04972327e+09
 1.04972331e+09 1.04972335e+09 1.04972339e+09 1.04972344e+09
 1.04972348e+09 1.04972352e+09 1.04972356e+09 1.04972360e+09
 1.04972365e+09 1.04972369e+09 1.04972373e+09 1.04972377e+09
 1.04972382e+09 1.04972386e+09 1.04972390e+09 1.04972394e+09
 1.04972398e+09 1.04972403e+09 1.04972407e+09 1.04972411e+09
 1.04972415e+09 1.04972419e+09 1.04972424e+09 1.04972428e+09
 1.04972432e+09 1.04972436e+09 1.04972441e+09 1.04972445e+09
 1.04972449e+09 1.04972453e+09 1.04972457e+09 1.04972462e+09
 1.04972466e+09 1.04972470e+09 1.04972474e+09 1.04972479e+09
 1.04972483e+09 1.04972487e+09 1.04972491e+09 1.04972495e+09
 1.04972500e+09 1.04972504e+09 1.04972508e+09 1.04972512e+09
 1.04972517e+09 1.04972521e+09 1.04972525e+09 1.04972529e+09
 1.04972533e+09 1.04972538e+09 1.04972542e+09 1.04972546e+09
 1.04972550e+09 1.04972555e+09 1.04972559e+09 1.04972563e+09
 1.04972567e+09 1.04972571e+09 1.04972576e+09 1.04972580e+09
 1.04972584e+09 1.04972588e+09 1.04972592e+09 1.04972597e+09
 1.04972601e+09 1.04972605e+09 1.04972609e+09 1.04972614e+09
 1.04972618e+09 1.04972622e+09 1.04972626e+09 1.04972630e+09
 1.04972635e+09 1.04972639e+09 1.04972643e+09 1.04972647e+09
 1.04972652e+09 1.04972656e+09 1.04972660e+09 1.04972664e+09
 1.04972668e+09 1.04972673e+09 1.04972677e+09 1.04972681e+09
 1.04972685e+09 1.04972690e+09 1.04972694e+09 1.04972698e+09
 1.04972702e+09 1.04972706e+09 1.04972711e+09 1.04972715e+09
 1.04972719e+09 1.04972723e+09 1.04972727e+09 1.04972732e+09
 1.04972736e+09 1.04972740e+09 1.04972744e+09 1.04972749e+09
 1.04972753e+09 1.04972757e+09 1.04972761e+09 1.04972765e+09
 1.04972770e+09 1.04972774e+09 1.04972778e+09 1.04972782e+09
 1.04972787e+09 1.04972791e+09 1.04972795e+09 1.04972799e+09
 1.04972803e+09 1.04972808e+09 1.04972812e+09 1.04972816e+09
 1.04972820e+09 1.04972825e+09 1.04972829e+09 1.04972833e+09
 1.04972837e+09 1.04972841e+09 1.04972846e+09 1.04972850e+09
 1.04972854e+09 1.04972858e+09 1.04972863e+09 1.04972867e+09
 1.04972871e+09 1.04972875e+09 1.04972879e+09 1.04972884e+09
 1.04972888e+09 1.04972892e+09 1.04972896e+09 1.04972900e+09
 1.04972905e+09 1.04972909e+09 1.04972913e+09 1.04972917e+09
 1.04972922e+09 1.04972926e+09 1.04972930e+09 1.04972934e+09
 1.04972938e+09 1.04972943e+09 1.04972947e+09 1.04972951e+09
 1.04972955e+09 1.04972960e+09 1.04972964e+09 1.04972968e+09
 1.04972972e+09 1.04972976e+09 1.04972981e+09 1.04972985e+09
 1.04972989e+09 1.04972993e+09 1.04972998e+09 1.04973002e+09
 1.04973006e+09 1.04973010e+09 1.04973014e+09 1.04973019e+09
 1.04973023e+09 1.04973027e+09 1.04973031e+09 1.04973035e+09
 1.04973040e+09 1.04973044e+09 1.04973048e+09 1.04973052e+09
 1.04973057e+09 1.04973061e+09 1.04973065e+09 1.04973069e+09
 1.04973073e+09 1.04973078e+09 1.04973082e+09 1.04973086e+09
 1.04973090e+09 1.04973095e+09 1.04973099e+09 1.04973103e+09
 1.04973107e+09 1.04973111e+09 1.04973116e+09 1.04973120e+09
 1.04973124e+09 1.04973128e+09 1.04973133e+09 1.04973137e+09
 1.04973141e+09 1.04973145e+09 1.04973149e+09 1.04973154e+09
 1.04973158e+09 1.04973162e+09 1.04973166e+09 1.04973171e+09
 1.04973175e+09 1.04973179e+09 1.04973183e+09 1.04973187e+09
 1.04973192e+09 1.04973196e+09 1.04973200e+09 1.04973204e+09
 1.04973208e+09 1.04973213e+09 1.04973217e+09 1.04973221e+09
 1.04973225e+09 1.04973230e+09 1.04973234e+09 1.04973238e+09
 1.04973242e+09 1.04973246e+09 1.04973251e+09 1.04973255e+09
 1.04973259e+09 1.04973263e+09 1.04973268e+09 1.04973272e+09
 1.04973276e+09 1.04973280e+09 1.04973284e+09 1.04973289e+09
 1.04973293e+09 1.04973297e+09 1.04973301e+09 1.04973306e+09
 1.04973310e+09 1.04973314e+09 1.04973318e+09 1.04973322e+09
 1.04973327e+09 1.04973331e+09 1.04973335e+09 1.04973339e+09
 1.04973343e+09 1.04973348e+09 1.04973352e+09 1.04973356e+09
 1.04973360e+09 1.04973365e+09 1.04973369e+09 1.04973373e+09
 1.04973377e+09 1.04973381e+09 1.04973386e+09 1.04973390e+09
 1.04973394e+09 1.04973398e+09 1.04973403e+09 1.04973407e+09
 1.04973411e+09 1.04973415e+09 1.04973419e+09 1.04973424e+09
 1.04973428e+09 1.04973432e+09 1.04973436e+09 1.04973441e+09
 1.04973445e+09 1.04973449e+09 1.04973453e+09 1.04973457e+09
 1.04973462e+09 1.04973466e+09 1.04973470e+09 1.04973474e+09
 1.04973479e+09 1.04973483e+09 1.04973487e+09 1.04973491e+09
 1.04973495e+09 1.04973500e+09 1.04973504e+09 1.04973508e+09
 1.04973512e+09 1.04973516e+09 1.04973521e+09 1.04973525e+09
 1.04973529e+09 1.04973533e+09 1.04973538e+09 1.04973542e+09
 1.04973546e+09 1.04973550e+09 1.04973554e+09 1.04973559e+09
 1.04973563e+09 1.04973567e+09 1.04973571e+09 1.04973576e+09
 1.04973580e+09 1.04973584e+09 1.04973588e+09 1.04973592e+09
 1.04973597e+09 1.04973601e+09 1.04973605e+09 1.04973609e+09
 1.04973614e+09 1.04973618e+09 1.04973622e+09 1.04973626e+09
 1.04973630e+09 1.04973635e+09 1.04973639e+09 1.04973643e+09
 1.04973647e+09 1.04973652e+09 1.04973656e+09 1.04973660e+09
 1.04973664e+09 1.04973668e+09 1.04973673e+09 1.04973677e+09
 1.04973681e+09 1.04973685e+09 1.04973689e+09 1.04973694e+09
 1.04973698e+09 1.04973702e+09 1.04973706e+09 1.04973711e+09
 1.04973715e+09 1.04973719e+09 1.04973723e+09 1.04973727e+09
 1.04973732e+09 1.04973736e+09 1.04973740e+09 1.04973744e+09
 1.04973749e+09 1.04973753e+09 1.04973757e+09 1.04973761e+09
 1.04973765e+09 1.04973770e+09 1.04973774e+09 1.04973778e+09
 1.04973782e+09 1.04973787e+09 1.04973791e+09 1.04973795e+09
 1.04973799e+09 1.04973803e+09 1.04973808e+09 1.04973812e+09
 1.04973816e+09 1.04973820e+09 1.04973824e+09 1.04973829e+09
 1.04973833e+09 1.04973837e+09 1.04973841e+09 1.04973846e+09
 1.04973850e+09 1.04973854e+09 1.04973858e+09 1.04973862e+09
 1.04973867e+09 1.04973871e+09 1.04973875e+09 1.04973879e+09
 1.04973884e+09 1.04973888e+09 1.04973892e+09 1.04973896e+09
 1.04973900e+09 1.04973905e+09 1.04973909e+09 1.04973913e+09
 1.04973917e+09 1.04973922e+09 1.04973926e+09 1.04973930e+09
 1.04973934e+09 1.04973938e+09 1.04973943e+09 1.04973947e+09
 1.04973951e+09 1.04973955e+09 1.04973960e+09 1.04973964e+09
 1.04973968e+09 1.04973972e+09 1.04973976e+09 1.04973981e+09
 1.04973985e+09 1.04973989e+09 1.04973993e+09 1.04973997e+09
 1.04974002e+09 1.04974006e+09 1.04974010e+09 1.04974014e+09
 1.04974019e+09 1.04974023e+09 1.04974027e+09 1.04974031e+09
 1.04974035e+09 1.04974040e+09 1.04974044e+09 1.04974048e+09
 1.04974052e+09 1.04974057e+09 1.04974061e+09 1.04974065e+09
 1.04974069e+09 1.04974073e+09 1.04974078e+09 1.04974082e+09
 1.04974086e+09 1.04974090e+09 1.04974095e+09 1.04974099e+09
 1.04974103e+09 1.04974107e+09 1.04974111e+09 1.04974116e+09
 1.04974120e+09 1.04974124e+09 1.04974128e+09 1.04974132e+09
 1.04974137e+09 1.04974141e+09 1.04974145e+09 1.04974149e+09
 1.04974154e+09 1.04974158e+09 1.04974162e+09 1.04974166e+09
 1.04974170e+09 1.04974175e+09 1.04974179e+09 1.04974183e+09
 1.04974187e+09 1.04974192e+09 1.04974196e+09 1.04974200e+09
 1.04974204e+09 1.04974208e+09 1.04974213e+09 1.04974217e+09
 1.04974221e+09 1.04974225e+09 1.04974230e+09 1.04974234e+09
 1.04974238e+09 1.04974242e+09 1.04974246e+09 1.04974251e+09
 1.04974255e+09 1.04974259e+09 1.04974263e+09 1.04974268e+09
 1.04974272e+09 1.04974276e+09 1.04974280e+09 1.04974284e+09
 1.04974289e+09 1.04974293e+09 1.04974297e+09 1.04974301e+09
 1.04974305e+09 1.04974310e+09 1.04974314e+09 1.04974318e+09
 1.04974322e+09 1.04974327e+09 1.04974331e+09 1.04974335e+09
 1.04974339e+09 1.04974343e+09 1.04974348e+09 1.04974352e+09
 1.04974356e+09 1.04974360e+09 1.04974365e+09 1.04974369e+09
 1.04974373e+09 1.04974377e+09 1.04974381e+09 1.04974386e+09
 1.04974390e+09 1.04974394e+09 1.04974398e+09 1.04974403e+09
 1.04974407e+09 1.04974411e+09 1.04974415e+09 1.04974419e+09
 1.04974424e+09 1.04974428e+09 1.04974432e+09 1.04974436e+09
 1.04974440e+09 1.04974445e+09 1.04974449e+09 1.04974453e+09
 1.04974457e+09 1.04974462e+09 1.04974466e+09 1.04974470e+09
 1.04974474e+09 1.04974478e+09 1.04974483e+09 1.04974487e+09
 1.04974491e+09 1.04974495e+09 1.04974500e+09 1.04974504e+09
 1.04974508e+09 1.04974512e+09 1.04974516e+09 1.04974521e+09
 1.04974525e+09 1.04974529e+09 1.04974533e+09 1.04974538e+09
 1.04974542e+09 1.04974546e+09 1.04974550e+09 1.04974554e+09
 1.04974559e+09 1.04974563e+09 1.04974567e+09 1.04974571e+09
 1.04974576e+09 1.04974580e+09 1.04974584e+09 1.04974588e+09
 1.04974592e+09 1.04974597e+09 1.04974601e+09 1.04974605e+09
 1.04974609e+09 1.04974613e+09 1.04974618e+09 1.04974622e+09
 1.04974626e+09 1.04974630e+09 1.04974635e+09 1.04974639e+09
 1.04974643e+09 1.04974647e+09 1.04974651e+09 1.04974656e+09
 1.04974660e+09 1.04974664e+09 1.04974668e+09 1.04974673e+09
 1.04974677e+09 1.04974681e+09 1.04974685e+09 1.04974689e+09
 1.04974694e+09 1.04974698e+09 1.04974702e+09 1.04974706e+09
 1.04974711e+09 1.04974715e+09 1.04974719e+09 1.04974723e+09
 1.04974727e+09 1.04974732e+09 1.04974736e+09 1.04974740e+09
 1.04974744e+09 1.04974748e+09 1.04974753e+09 1.04974757e+09
 1.04974761e+09 1.04974765e+09 1.04974770e+09 1.04974774e+09
 1.04974778e+09 1.04974782e+09 1.04974786e+09 1.04974791e+09
 1.04974795e+09 1.04974799e+09 1.04974803e+09 1.04974808e+09
 1.04974812e+09 1.04974816e+09 1.04974820e+09 1.04974824e+09
 1.04974829e+09 1.04974833e+09 1.04974837e+09 1.04974841e+09
 1.04974846e+09 1.04974850e+09 1.04974854e+09 1.04974858e+09
 1.04974862e+09 1.04974867e+09 1.04974871e+09 1.04974875e+09
 1.04974879e+09 1.04974884e+09 1.04974888e+09 1.04974892e+09
 1.04974896e+09 1.04974900e+09 1.04974905e+09 1.04974909e+09
 1.04974913e+09 1.04974917e+09 1.04974921e+09 1.04974926e+09
 1.04974930e+09 1.04974934e+09 1.04974938e+09 1.04974943e+09
 1.04974947e+09 1.04974951e+09 1.04974955e+09 1.04974959e+09
 1.04974964e+09 1.04974968e+09 1.04974972e+09 1.04974976e+09
 1.04974981e+09 1.04974985e+09 1.04974989e+09 1.04974993e+09
 1.04974997e+09 1.04975002e+09 1.04975006e+09 1.04975010e+09
 1.04975014e+09 1.04975019e+09 1.04975023e+09 1.04975027e+09
 1.04975031e+09 1.04975035e+09 1.04975040e+09 1.04975044e+09
 1.04975048e+09 1.04975052e+09 1.04975057e+09 1.04975061e+09
 1.04975065e+09 1.04975069e+09 1.04975073e+09 1.04975078e+09
 1.04975082e+09 1.04975086e+09 1.04975090e+09 1.04975094e+09
 1.04975099e+09 1.04975103e+09 1.04975107e+09 1.04975111e+09
 1.04975116e+09 1.04975120e+09 1.04975124e+09 1.04975128e+09
 1.04975132e+09 1.04975137e+09 1.04975141e+09 1.04975145e+09
 1.04975149e+09 1.04975154e+09 1.04975158e+09 1.04975162e+09
 1.04975166e+09 1.04975170e+09 1.04975175e+09 1.04975179e+09
 1.04975183e+09 1.04975187e+09 1.04975192e+09 1.04975196e+09
 1.04975200e+09 1.04975204e+09 1.04975208e+09 1.04975213e+09
 1.04975217e+09 1.04975221e+09 1.04975225e+09 1.04975229e+09
 1.04975234e+09 1.04975238e+09 1.04975242e+09 1.04975246e+09
 1.04975251e+09 1.04975255e+09 1.04975259e+09 1.04975263e+09
 1.04975267e+09 1.04975272e+09 1.04975276e+09 1.04975280e+09
 1.04975284e+09 1.04975289e+09 1.04975293e+09 1.04975297e+09
 1.04975301e+09 1.04975305e+09 1.04975310e+09 1.04975314e+09
 1.04975318e+09 1.04975322e+09 1.04975327e+09 1.04975331e+09
 1.04975335e+09 1.04975339e+09 1.04975343e+09 1.04975348e+09
 1.04975352e+09 1.04975356e+09 1.04975360e+09 1.04975365e+09
 1.04975369e+09 1.04975373e+09 1.04975377e+09 1.04975381e+09
 1.04975386e+09 1.04975390e+09 1.04975394e+09 1.04975398e+09
 1.04975402e+09 1.04975407e+09 1.04975411e+09 1.04975415e+09
 1.04975419e+09 1.04975424e+09 1.04975428e+09 1.04975432e+09
 1.04975436e+09 1.04975440e+09 1.04975445e+09 1.04975449e+09
 1.04975453e+09 1.04975457e+09 1.04975462e+09 1.04975466e+09
 1.04975470e+09 1.04975474e+09 1.04975478e+09 1.04975483e+09
 1.04975487e+09 1.04975491e+09 1.04975495e+09 1.04975500e+09
 1.04975504e+09 1.04975508e+09 1.04975512e+09 1.04975516e+09
 1.04975521e+09 1.04975525e+09 1.04975529e+09 1.04975533e+09
 1.04975537e+09 1.04975542e+09 1.04975546e+09 1.04975550e+09
 1.04975554e+09 1.04975559e+09 1.04975563e+09 1.04975567e+09
 1.04975571e+09 1.04975575e+09 1.04975580e+09 1.04975584e+09
 1.04975588e+09 1.04975592e+09 1.04975597e+09 1.04975601e+09
 1.04975605e+09 1.04975609e+09 1.04975613e+09 1.04975618e+09
 1.04975622e+09 1.04975626e+09 1.04975630e+09 1.04975635e+09
 1.04975639e+09 1.04975643e+09 1.04975647e+09 1.04975651e+09
 1.04975656e+09 1.04975660e+09 1.04975664e+09 1.04975668e+09
 1.04975673e+09 1.04975677e+09 1.04975681e+09 1.04975685e+09
 1.04975689e+09 1.04975694e+09 1.04975698e+09 1.04975702e+09
 1.04975706e+09 1.04975710e+09 1.04975715e+09 1.04975719e+09]
minRes = 0.14612839746769005
minResTime =  [1.04975702e+09]
