name =JUICE_ROI_CAL_3_0_01
flyby =  ['2033 JUL 16 02:11:44', '2033 JUL 17 02:11:44']
Observation TW =  <SpiceCell dtype = 1, length = 0, size = 2600, card = 6, is_set = 1, adjust = 0, init = 1, base = 2554798009520, data = 2554798009568>
Res(t) =  [1.21745468 1.22163051 1.22580983 1.22999255 1.23417861 1.23836794
 1.24256047 1.24675613 1.25095486 1.25515659 1.25936127 1.26356884
 1.26777923 1.27199238 1.27620825 1.28042678 1.28464791 1.28887159
 1.29309777 1.29732641 1.30155744 1.30579082 1.31002651 1.31426446
 1.31850462 1.32274696 1.32699142 1.33123796 1.33548656 1.33973715
 1.34398971 1.34824419 1.35250057 1.35675879 1.36101883 1.36528064
 1.3695442  1.37380946 1.3780764  1.38234499 1.38661518 1.39088696
 1.39516028 1.39943511 1.40371144 1.40798922 1.41226843 1.41654904
 1.42083103 1.42511436 1.42939901 1.43368496 1.43797217 1.44226063
 1.4465503  1.45084117 1.45513321 1.4594264  1.46372071 1.46801612
 1.47231261 1.47661016 1.48090874 1.48520834 1.48950894 1.49381051
 1.49811303 1.50241649 1.50672087 1.51102614 1.51533229 1.5196393
 1.52394716 1.52825584 1.53256532 1.5368756  1.54118665 1.54549846
 1.54981101 1.55412429 1.55843827 1.56275295 1.56706831 1.57138434
 1.57570101 1.58001832 1.58433625 1.58865478 1.59297391 1.59729362
 1.6016139  1.60593473 1.6102561  1.614578   1.61890042 1.62322334
 1.62754675 1.63187063 1.63619499 1.6405198  1.64484506 1.64917075
 1.65349686 1.65782338 1.66215031 1.66647762 1.67080532 1.67513338
 1.6794618  1.68379058 1.68811969 1.69244913 1.6967789  1.70110897
 1.70543935 1.70977002 1.71410097 1.7184322  1.72276369 1.72709545
 1.73142745 1.73575969 1.74009217 1.74442487 1.74875778 1.75309091
 1.75742423 1.76175775 1.76609146 1.77042534 1.7747594  1.77909361
 1.78342799 1.78776251 1.79209718 1.79643198 1.80076691 1.80510196
 1.80943712 1.8137724  1.81810778 1.82244325 1.82677882 1.83111446
 1.83545019 1.83978598 1.84412185 1.84845777 1.85279374 1.85712977
 1.86146583 1.86580193 1.87013807 1.87447423 1.87881041 1.8831466
 1.88748281 1.89181902 1.89615523 1.90049144 1.90482763 1.90916381
 1.91349997 1.9178361  1.92217221 1.92650828 1.93084431 1.9351803
 1.93951624 1.94385213 1.94818796 1.95252373 1.95685943 1.96119507
 1.96553063 1.96986611 1.97420151 1.97853682 1.98287205 1.98720718
 1.99154221 1.99587714 2.00021196 2.00454668 2.00888128 2.01321576
 2.01755012 2.02188436 2.02621847 2.03055245 2.0348863  2.03922
 2.04355357 2.04788699 2.05222026 2.05655338 2.06088634 2.06521915
 2.0695518  2.07388428 2.07821659 2.08254873 2.0868807  2.09121249
 2.09554411 2.09987554 2.10420678 2.10853784 2.1128687  2.11719937
 2.12152984 2.12586012 2.13019019 2.13452005 2.13884971 2.14317916
 2.14750839 2.15183741 2.15616621 2.16049479 2.16482315 2.16915128
 2.17347918 2.17780685 2.18213429 2.18646149 2.19078846 2.19511518
 2.19944167 2.2037679  2.2080939  2.21241964 2.21674513 2.22107036
 2.22539534 2.22972007 2.23404453 2.23836873 2.24269266 2.24701633
 2.25133973 2.25566286 2.25998572 2.2643083  2.26863061 2.27295264
 2.27727439 2.28159585 2.28591703 2.29023793 2.29455853 2.29887885
 2.30319888 2.30751861 2.31183805 2.31615719 2.32047603 2.32479457
 2.32911281 2.33343075 2.33774838 2.3420657  2.34638272 2.35069942
 2.35501581 2.35933189 2.36364765 2.3679631  2.37227822 2.37659303
 2.38090752 2.38522168 2.38953552 2.39384903 2.39816221 2.40247507
 2.4067876  2.41109979 2.41541165 2.41972317 2.42403436 2.42834521
 2.43265573 2.4369659  2.44127573 2.44558522 2.44989436 2.45420316
 2.45851161 2.46281971 2.46712746 2.47143486 2.47574191 2.48004861
 2.48435495 2.48866094 2.49296657 2.49727184 2.50157675 2.5058813
 2.51018549 2.51448932 2.51879278 2.52309588 2.52739861 2.53170098
 2.53600297 2.5403046  2.54460585 2.54890673 2.55320724 2.55750738
 2.56180714 2.56610652 2.57040553 2.57470416 2.57900241 2.58330028
 2.58759777 2.59189487 2.5961916  2.60048793 2.60478389 2.60907945
 2.61337463 2.61766942 2.62196383 2.62625784 2.63055146 2.63484469
 2.63913753 2.64342997 2.64772202 2.65201367 2.65630493 2.66059579
 2.66488625 2.66917631 2.67346597 2.67775523 2.68204409 2.68633255
 2.69062061 2.69490826 2.6991955  2.70348234 2.70776877 2.7120548
 2.71634042 2.72062563 2.72491043 2.72919482 2.73347879 2.73776236
 2.74204551 2.74632825 2.75061058 2.75489249 2.75917398 2.76345506
 2.76773572 2.77201597 2.77629579 2.7805752  2.78485418 2.78913275
 2.79341089 2.79768861 2.80196591 2.80624278 2.81051924 2.81479526
 2.81907086 2.82334604 2.82762078 2.8318951  2.836169   2.84044246
 2.8447155  2.8489881  2.85326027 2.85753202 2.86180333 2.86607421
 2.87034465 2.87461466 2.87888424 2.88315338 2.88742209 2.89169036
 2.8959582  2.90022559 2.90449255 2.90875907 2.91302516 2.9172908
 2.921556   2.92582077 2.93008509 2.93434897 2.93861241 2.9428754
 2.94713795 2.95140006 2.95566172 2.95992294 2.96418372 2.96844405
 2.97270393 2.97696336 2.98122235 2.98548089 2.98973898 2.99399662
 2.99825381 3.00251056 3.00676685 3.01102269 3.01527808 3.01953302
 3.02378751 3.02804154 3.03229512 3.03654825 3.04080092 3.04505314
 3.0493049  3.05355621 3.05780706 3.06205746 3.06630739 3.07055688
 3.0748059  3.07905446 3.08330257 3.08755022 3.09179741 3.09604414
 3.1002904  3.10453621 3.10878156 3.11302644 3.11727087 3.12151483
 3.12575833 3.13000136 3.13424393 3.13848604 3.14272768 3.14696886
 3.15120958 3.15544983 3.15968961 3.16392892 3.16816777 3.17240616
 3.17664407 3.18088152 3.1851185  3.18935501 3.19359105 3.19782662
 3.20206173 3.20629636 3.21053052 3.21476422 3.21899744 3.22323019
 3.22746247 3.23169427 3.23592561 3.24015647 3.24438686 3.24861677
 3.25284622 3.25707518 3.26130368 3.26553169 3.26975924 3.27398631
 3.2782129  3.28243901 3.28666466 3.29088982 3.29511451 3.29933871
 3.30356245 3.3077857  3.31200848 3.31623077 3.32045259 3.32467393
 3.32889479 3.33311517 3.33733507 3.34155449 3.34577343 3.34999189
 3.35420987 3.35842736 3.36264438 3.36686091 3.37107696 3.37529252
 3.37950761 3.38372221 3.38793633 3.39214996 3.39636311 3.40057578
 3.40478796 3.40899966 3.41321087 3.41742159 3.42163184 3.42584159
 3.43005086 3.43425964 3.43846794 3.44267575 3.44688307 3.4510899
 3.45529625 3.45950211 3.46370748 3.46791236 3.47211676 3.47632066
 3.48052408 3.484727   3.48892944 3.49313139 3.49733284 3.50153381
 3.50573428 3.50993427 3.51413376 3.51833277 3.52253128 3.5267293
 3.53092682 3.53512386 3.5393204  3.54351645 3.54771201 3.55190707
 3.55610165 3.56029572 3.56448931 3.5686824  3.57287499 3.57706709
 3.5812587  3.58544981 3.58964043 3.59383055 3.59802017 3.6022093
 3.60639794 3.61058608 3.61477372 3.61896086 3.62314751 3.62733366
 3.63151932 3.63570448 3.63988913 3.6440733  3.64825696 3.65244013
 3.65662279 3.66080496 3.66498663 3.66916781 3.67334848 3.67752865
 3.68170833 3.6858875  3.69006617 3.69424435 3.69842202 3.7025992
 3.70677587 3.71095204 3.71512771 3.71930288 3.72347755 3.72765172
 3.73182539 3.73599855 3.74017121 3.74434337 3.74851503 3.75268618
 3.75685684 3.76102699 3.76519663 3.76936578 3.77353442 3.77770255
 3.78187018 3.78603731 3.79020394 3.79437006 3.79853567 3.80270078
 3.80686539 3.81102949 3.81519309 3.81935618 3.82351877 3.82768085
 3.83184242 3.83600349 3.84016405 3.84432411 3.84848366 3.8526427
 3.85680124 3.86095927 3.86511679 3.86927381 3.87343032 3.87758632
 3.88174182 3.8858968  3.89005128 3.89420525 3.89835871 3.90251167
 3.90666411 3.91081605 3.91496748 3.9191184  3.92326881 3.92741871
 3.9315681  3.93571699 3.93986536 3.94401322 3.94816058 3.95230742
 3.95645375 3.96059958 3.96474489 3.96888969 3.97303398 3.97717777
 3.98132104 3.98546379 3.98960604 3.99374778 3.997889   4.00202972
 4.00616992 4.01030961 4.01444879 4.01858745 4.0227256  4.02686325
 4.03100037 4.03513699 4.03927309 4.04340868 4.04754376 4.05167832
 4.05581237 4.05994591 4.06407894 4.06821145 4.07234344 4.07647493
 4.08060589 4.08473635 4.08886629 4.09299572 4.09712463 4.10125302
 4.10538091 4.10950827 4.11363513 4.11776146 4.12188729 4.12601259
 4.13013738 4.13426166 4.13838542 4.14250867 4.14663139 4.15075361
 4.1548753  4.15899648 4.16311715 4.1672373  4.17135693 4.17547604
 4.17959464 4.18371272 4.18783029 4.19194733 4.19606386 4.20017988
 4.20429537 4.20841035 4.21252481 4.21663875 4.22075218 4.22486508
 4.22897747 4.23308934 4.2372007  4.24131153 4.24542185 4.24953164
 4.25364092 4.25774968 4.26185792 4.26596565 4.27007285 4.27417953
 4.2782857  4.28239134 4.28649647 4.29060108 4.29470516 4.29880873
 4.30291178 4.30701431 4.31111631 4.3152178  4.31931877 4.32341922
 4.32751914 4.33161855 4.33571743 4.3398158  4.34391364 4.34801097
 4.35210777 4.35620405 4.36029981 4.36439505 4.36848977 4.37258397
 4.37667764 4.3807708  4.38486343 4.38895554 4.39304713 4.39713819
 4.40122874 4.40531876 4.40940826 4.41349724 4.41758569 4.42167363
 4.42576104 4.42984793 4.43393429 4.43802013 4.44210545 4.44619025
 4.45027452 4.45435828 4.4584415  4.46252421 4.46660639 4.47068805
 4.47476918 4.47884979 4.48292988 4.48700944 4.49108848 4.49516699
 4.49924499 4.50332245 4.5073994  4.51147582 4.51555171 4.51962708
 4.52370193 4.52777625 4.53185004 4.53592331 4.53999606 4.54406828
 4.54813998 4.55221115 4.5562818  4.56035192 4.56442152 4.56849059
 4.57255914 4.57662716 4.58069465 4.58476162 4.58882807 4.59289398
 4.59695938 4.60102424 4.60508858 4.6091524  4.61321569 4.61727845
 4.62134068 4.62540239 4.62946358 4.63352423 4.63758436 4.64164397
 4.64570304 4.64976159 4.65381962 4.65787711 4.66193408 4.66599053
 4.67004644 4.67410183 4.67815669 4.68221102 4.68626483 4.69031811
 4.69437086 4.69842308 4.70247478 4.70652595 4.71057659 4.7146267
 4.71867629 4.72272534 4.72677387 4.73082187 4.73486935 4.73891629
 4.74296271 4.74700859 4.75105395 4.75509879 4.75914309 4.76318686
 4.76723011 4.77127282 4.77531501 4.77935667 4.7833978  4.7874384
 4.79147847 4.79551801 4.79955703 4.80359551 4.80763347 4.81167089
 4.81570779 4.81974416 4.82377999 4.8278153  4.83185008 4.83588433
 4.83991805 4.84395124 4.84798389 4.85201602 4.85604762 4.86007869
 4.86410923 4.86813924 4.87216872 4.87619767 4.88022608 4.88425397
 4.88828133 4.89230815 4.89633445 4.90036022 4.90438545 4.90841015
 4.91243433 4.91645797 4.92048108 4.92450366 4.92852571 4.93254723
 4.93656822 4.94058867 4.9446086  4.94862799 4.95264685 4.95666518
 4.96068298 4.96470025 4.96871699 4.97273319 4.97674887 4.98076401
 4.98477862 4.98879269 4.99280624 4.99681925 5.00083174 5.00484369
 5.0088551  5.01286599 5.01687634 5.02088616 5.02489545 5.02890421
 5.03291244 5.03692013 5.04092729 5.04493391 5.04894001 5.05294557
 5.0569506  5.0609551  5.06495906 5.06896249 5.07296539 5.07696775
 5.08096959 5.08497088 5.08897165 5.09297188 5.09697158 5.10097075
 5.10496938 5.10896748 5.11296505 5.11696208 5.12095858 5.12495455
 5.12894998 5.13294488 5.13693925 5.14093308 5.14492638 5.14891914
 5.15291137 5.15690307 5.16089423 5.16488486 5.16887495 5.17286451
 5.17685354 5.18084203 5.18482999 5.18881742 5.19280431 5.19679066
 5.20077648 5.20476177 5.20874652 5.21273074 5.21671442 5.22069757
 5.22468019 5.22866227 5.23264381 5.23662482 5.2406053  5.24458524
 5.24856464 5.25254351 5.25652185 5.26049965 5.26447692 5.26845365
 5.27242984 5.2764055  5.28038063 5.28435522 5.28832927 5.29230279
 5.29627577 5.30024822 5.30422014 5.30819151 5.31216235 5.31613266
 5.32010243 5.32407167 5.32804037 5.33200853 5.33597616 5.33994325
 5.34390981 5.34787583 5.35184131 5.35580626 5.35977067 5.36373455
 5.36769789 5.37166069 5.37562296 5.37958469 5.38354589 5.38750654
 5.39146667 5.39542625 5.3993853  5.40334382]
t =  [1.05841583e+09 1.05841587e+09 1.05841590e+09 1.05841594e+09
 1.05841597e+09 1.05841601e+09 1.05841605e+09 1.05841608e+09
 1.05841612e+09 1.05841615e+09 1.05841619e+09 1.05841622e+09
 1.05841626e+09 1.05841629e+09 1.05841633e+09 1.05841636e+09
 1.05841640e+09 1.05841643e+09 1.05841647e+09 1.05841651e+09
 1.05841654e+09 1.05841658e+09 1.05841661e+09 1.05841665e+09
 1.05841668e+09 1.05841672e+09 1.05841675e+09 1.05841679e+09
 1.05841682e+09 1.05841686e+09 1.05841689e+09 1.05841693e+09
 1.05841697e+09 1.05841700e+09 1.05841704e+09 1.05841707e+09
 1.05841711e+09 1.05841714e+09 1.05841718e+09 1.05841721e+09
 1.05841725e+09 1.05841728e+09 1.05841732e+09 1.05841735e+09
 1.05841739e+09 1.05841743e+09 1.05841746e+09 1.05841750e+09
 1.05841753e+09 1.05841757e+09 1.05841760e+09 1.05841764e+09
 1.05841767e+09 1.05841771e+09 1.05841774e+09 1.05841778e+09
 1.05841781e+09 1.05841785e+09 1.05841788e+09 1.05841792e+09
 1.05841796e+09 1.05841799e+09 1.05841803e+09 1.05841806e+09
 1.05841810e+09 1.05841813e+09 1.05841817e+09 1.05841820e+09
 1.05841824e+09 1.05841827e+09 1.05841831e+09 1.05841834e+09
 1.05841838e+09 1.05841842e+09 1.05841845e+09 1.05841849e+09
 1.05841852e+09 1.05841856e+09 1.05841859e+09 1.05841863e+09
 1.05841866e+09 1.05841870e+09 1.05841873e+09 1.05841877e+09
 1.05841880e+09 1.05841884e+09 1.05841888e+09 1.05841891e+09
 1.05841895e+09 1.05841898e+09 1.05841902e+09 1.05841905e+09
 1.05841909e+09 1.05841912e+09 1.05841916e+09 1.05841919e+09
 1.05841923e+09 1.05841926e+09 1.05841930e+09 1.05841934e+09
 1.05841937e+09 1.05841941e+09 1.05841944e+09 1.05841948e+09
 1.05841951e+09 1.05841955e+09 1.05841958e+09 1.05841962e+09
 1.05841965e+09 1.05841969e+09 1.05841972e+09 1.05841976e+09
 1.05841980e+09 1.05841983e+09 1.05841987e+09 1.05841990e+09
 1.05841994e+09 1.05841997e+09 1.05842001e+09 1.05842004e+09
 1.05842008e+09 1.05842011e+09 1.05842015e+09 1.05842018e+09
 1.05842022e+09 1.05842026e+09 1.05842029e+09 1.05842033e+09
 1.05842036e+09 1.05842040e+09 1.05842043e+09 1.05842047e+09
 1.05842050e+09 1.05842054e+09 1.05842057e+09 1.05842061e+09
 1.05842064e+09 1.05842068e+09 1.05842071e+09 1.05842075e+09
 1.05842079e+09 1.05842082e+09 1.05842086e+09 1.05842089e+09
 1.05842093e+09 1.05842096e+09 1.05842100e+09 1.05842103e+09
 1.05842107e+09 1.05842110e+09 1.05842114e+09 1.05842117e+09
 1.05842121e+09 1.05842125e+09 1.05842128e+09 1.05842132e+09
 1.05842135e+09 1.05842139e+09 1.05842142e+09 1.05842146e+09
 1.05842149e+09 1.05842153e+09 1.05842156e+09 1.05842160e+09
 1.05842163e+09 1.05842167e+09 1.05842171e+09 1.05842174e+09
 1.05842178e+09 1.05842181e+09 1.05842185e+09 1.05842188e+09
 1.05842192e+09 1.05842195e+09 1.05842199e+09 1.05842202e+09
 1.05842206e+09 1.05842209e+09 1.05842213e+09 1.05842217e+09
 1.05842220e+09 1.05842224e+09 1.05842227e+09 1.05842231e+09
 1.05842234e+09 1.05842238e+09 1.05842241e+09 1.05842245e+09
 1.05842248e+09 1.05842252e+09 1.05842255e+09 1.05842259e+09
 1.05842263e+09 1.05842266e+09 1.05842270e+09 1.05842273e+09
 1.05842277e+09 1.05842280e+09 1.05842284e+09 1.05842287e+09
 1.05842291e+09 1.05842294e+09 1.05842298e+09 1.05842301e+09
 1.05842305e+09 1.05842309e+09 1.05842312e+09 1.05842316e+09
 1.05842319e+09 1.05842323e+09 1.05842326e+09 1.05842330e+09
 1.05842333e+09 1.05842337e+09 1.05842340e+09 1.05842344e+09
 1.05842347e+09 1.05842351e+09 1.05842355e+09 1.05842358e+09
 1.05842362e+09 1.05842365e+09 1.05842369e+09 1.05842372e+09
 1.05842376e+09 1.05842379e+09 1.05842383e+09 1.05842386e+09
 1.05842390e+09 1.05842393e+09 1.05842397e+09 1.05842400e+09
 1.05842404e+09 1.05842408e+09 1.05842411e+09 1.05842415e+09
 1.05842418e+09 1.05842422e+09 1.05842425e+09 1.05842429e+09
 1.05842432e+09 1.05842436e+09 1.05842439e+09 1.05842443e+09
 1.05842446e+09 1.05842450e+09 1.05842454e+09 1.05842457e+09
 1.05842461e+09 1.05842464e+09 1.05842468e+09 1.05842471e+09
 1.05842475e+09 1.05842478e+09 1.05842482e+09 1.05842485e+09
 1.05842489e+09 1.05842492e+09 1.05842496e+09 1.05842500e+09
 1.05842503e+09 1.05842507e+09 1.05842510e+09 1.05842514e+09
 1.05842517e+09 1.05842521e+09 1.05842524e+09 1.05842528e+09
 1.05842531e+09 1.05842535e+09 1.05842538e+09 1.05842542e+09
 1.05842546e+09 1.05842549e+09 1.05842553e+09 1.05842556e+09
 1.05842560e+09 1.05842563e+09 1.05842567e+09 1.05842570e+09
 1.05842574e+09 1.05842577e+09 1.05842581e+09 1.05842584e+09
 1.05842588e+09 1.05842592e+09 1.05842595e+09 1.05842599e+09
 1.05842602e+09 1.05842606e+09 1.05842609e+09 1.05842613e+09
 1.05842616e+09 1.05842620e+09 1.05842623e+09 1.05842627e+09
 1.05842630e+09 1.05842634e+09 1.05842638e+09 1.05842641e+09
 1.05842645e+09 1.05842648e+09 1.05842652e+09 1.05842655e+09
 1.05842659e+09 1.05842662e+09 1.05842666e+09 1.05842669e+09
 1.05842673e+09 1.05842676e+09 1.05842680e+09 1.05842683e+09
 1.05842687e+09 1.05842691e+09 1.05842694e+09 1.05842698e+09
 1.05842701e+09 1.05842705e+09 1.05842708e+09 1.05842712e+09
 1.05842715e+09 1.05842719e+09 1.05842722e+09 1.05842726e+09
 1.05842729e+09 1.05842733e+09 1.05842737e+09 1.05842740e+09
 1.05842744e+09 1.05842747e+09 1.05842751e+09 1.05842754e+09
 1.05842758e+09 1.05842761e+09 1.05842765e+09 1.05842768e+09
 1.05842772e+09 1.05842775e+09 1.05842779e+09 1.05842783e+09
 1.05842786e+09 1.05842790e+09 1.05842793e+09 1.05842797e+09
 1.05842800e+09 1.05842804e+09 1.05842807e+09 1.05842811e+09
 1.05842814e+09 1.05842818e+09 1.05842821e+09 1.05842825e+09
 1.05842829e+09 1.05842832e+09 1.05842836e+09 1.05842839e+09
 1.05842843e+09 1.05842846e+09 1.05842850e+09 1.05842853e+09
 1.05842857e+09 1.05842860e+09 1.05842864e+09 1.05842867e+09
 1.05842871e+09 1.05842875e+09 1.05842878e+09 1.05842882e+09
 1.05842885e+09 1.05842889e+09 1.05842892e+09 1.05842896e+09
 1.05842899e+09 1.05842903e+09 1.05842906e+09 1.05842910e+09
 1.05842913e+09 1.05842917e+09 1.05842921e+09 1.05842924e+09
 1.05842928e+09 1.05842931e+09 1.05842935e+09 1.05842938e+09
 1.05842942e+09 1.05842945e+09 1.05842949e+09 1.05842952e+09
 1.05842956e+09 1.05842959e+09 1.05842963e+09 1.05842966e+09
 1.05842970e+09 1.05842974e+09 1.05842977e+09 1.05842981e+09
 1.05842984e+09 1.05842988e+09 1.05842991e+09 1.05842995e+09
 1.05842998e+09 1.05843002e+09 1.05843005e+09 1.05843009e+09
 1.05843012e+09 1.05843016e+09 1.05843020e+09 1.05843023e+09
 1.05843027e+09 1.05843030e+09 1.05843034e+09 1.05843037e+09
 1.05843041e+09 1.05843044e+09 1.05843048e+09 1.05843051e+09
 1.05843055e+09 1.05843058e+09 1.05843062e+09 1.05843066e+09
 1.05843069e+09 1.05843073e+09 1.05843076e+09 1.05843080e+09
 1.05843083e+09 1.05843087e+09 1.05843090e+09 1.05843094e+09
 1.05843097e+09 1.05843101e+09 1.05843104e+09 1.05843108e+09
 1.05843112e+09 1.05843115e+09 1.05843119e+09 1.05843122e+09
 1.05843126e+09 1.05843129e+09 1.05843133e+09 1.05843136e+09
 1.05843140e+09 1.05843143e+09 1.05843147e+09 1.05843150e+09
 1.05843154e+09 1.05843158e+09 1.05843161e+09 1.05843165e+09
 1.05843168e+09 1.05843172e+09 1.05843175e+09 1.05843179e+09
 1.05843182e+09 1.05843186e+09 1.05843189e+09 1.05843193e+09
 1.05843196e+09 1.05843200e+09 1.05843204e+09 1.05843207e+09
 1.05843211e+09 1.05843214e+09 1.05843218e+09 1.05843221e+09
 1.05843225e+09 1.05843228e+09 1.05843232e+09 1.05843235e+09
 1.05843239e+09 1.05843242e+09 1.05843246e+09 1.05843249e+09
 1.05843253e+09 1.05843257e+09 1.05843260e+09 1.05843264e+09
 1.05843267e+09 1.05843271e+09 1.05843274e+09 1.05843278e+09
 1.05843281e+09 1.05843285e+09 1.05843288e+09 1.05843292e+09
 1.05843295e+09 1.05843299e+09 1.05843303e+09 1.05843306e+09
 1.05843310e+09 1.05843313e+09 1.05843317e+09 1.05843320e+09
 1.05843324e+09 1.05843327e+09 1.05843331e+09 1.05843334e+09
 1.05843338e+09 1.05843341e+09 1.05843345e+09 1.05843349e+09
 1.05843352e+09 1.05843356e+09 1.05843359e+09 1.05843363e+09
 1.05843366e+09 1.05843370e+09 1.05843373e+09 1.05843377e+09
 1.05843380e+09 1.05843384e+09 1.05843387e+09 1.05843391e+09
 1.05843395e+09 1.05843398e+09 1.05843402e+09 1.05843405e+09
 1.05843409e+09 1.05843412e+09 1.05843416e+09 1.05843419e+09
 1.05843423e+09 1.05843426e+09 1.05843430e+09 1.05843433e+09
 1.05843437e+09 1.05843441e+09 1.05843444e+09 1.05843448e+09
 1.05843451e+09 1.05843455e+09 1.05843458e+09 1.05843462e+09
 1.05843465e+09 1.05843469e+09 1.05843472e+09 1.05843476e+09
 1.05843479e+09 1.05843483e+09 1.05843487e+09 1.05843490e+09
 1.05843494e+09 1.05843497e+09 1.05843501e+09 1.05843504e+09
 1.05843508e+09 1.05843511e+09 1.05843515e+09 1.05843518e+09
 1.05843522e+09 1.05843525e+09 1.05843529e+09 1.05843533e+09
 1.05843536e+09 1.05843540e+09 1.05843543e+09 1.05843547e+09
 1.05843550e+09 1.05843554e+09 1.05843557e+09 1.05843561e+09
 1.05843564e+09 1.05843568e+09 1.05843571e+09 1.05843575e+09
 1.05843578e+09 1.05843582e+09 1.05843586e+09 1.05843589e+09
 1.05843593e+09 1.05843596e+09 1.05843600e+09 1.05843603e+09
 1.05843607e+09 1.05843610e+09 1.05843614e+09 1.05843617e+09
 1.05843621e+09 1.05843624e+09 1.05843628e+09 1.05843632e+09
 1.05843635e+09 1.05843639e+09 1.05843642e+09 1.05843646e+09
 1.05843649e+09 1.05843653e+09 1.05843656e+09 1.05843660e+09
 1.05843663e+09 1.05843667e+09 1.05843670e+09 1.05843674e+09
 1.05843678e+09 1.05843681e+09 1.05843685e+09 1.05843688e+09
 1.05843692e+09 1.05843695e+09 1.05843699e+09 1.05843702e+09
 1.05843706e+09 1.05843709e+09 1.05843713e+09 1.05843716e+09
 1.05843720e+09 1.05843724e+09 1.05843727e+09 1.05843731e+09
 1.05843734e+09 1.05843738e+09 1.05843741e+09 1.05843745e+09
 1.05843748e+09 1.05843752e+09 1.05843755e+09 1.05843759e+09
 1.05843762e+09 1.05843766e+09 1.05843770e+09 1.05843773e+09
 1.05843777e+09 1.05843780e+09 1.05843784e+09 1.05843787e+09
 1.05843791e+09 1.05843794e+09 1.05843798e+09 1.05843801e+09
 1.05843805e+09 1.05843808e+09 1.05843812e+09 1.05843816e+09
 1.05843819e+09 1.05843823e+09 1.05843826e+09 1.05843830e+09
 1.05843833e+09 1.05843837e+09 1.05843840e+09 1.05843844e+09
 1.05843847e+09 1.05843851e+09 1.05843854e+09 1.05843858e+09
 1.05843861e+09 1.05843865e+09 1.05843869e+09 1.05843872e+09
 1.05843876e+09 1.05843879e+09 1.05843883e+09 1.05843886e+09
 1.05843890e+09 1.05843893e+09 1.05843897e+09 1.05843900e+09
 1.05843904e+09 1.05843907e+09 1.05843911e+09 1.05843915e+09
 1.05843918e+09 1.05843922e+09 1.05843925e+09 1.05843929e+09
 1.05843932e+09 1.05843936e+09 1.05843939e+09 1.05843943e+09
 1.05843946e+09 1.05843950e+09 1.05843953e+09 1.05843957e+09
 1.05843961e+09 1.05843964e+09 1.05843968e+09 1.05843971e+09
 1.05843975e+09 1.05843978e+09 1.05843982e+09 1.05843985e+09
 1.05843989e+09 1.05843992e+09 1.05843996e+09 1.05843999e+09
 1.05844003e+09 1.05844007e+09 1.05844010e+09 1.05844014e+09
 1.05844017e+09 1.05844021e+09 1.05844024e+09 1.05844028e+09
 1.05844031e+09 1.05844035e+09 1.05844038e+09 1.05844042e+09
 1.05844045e+09 1.05844049e+09 1.05844053e+09 1.05844056e+09
 1.05844060e+09 1.05844063e+09 1.05844067e+09 1.05844070e+09
 1.05844074e+09 1.05844077e+09 1.05844081e+09 1.05844084e+09
 1.05844088e+09 1.05844091e+09 1.05844095e+09 1.05844099e+09
 1.05844102e+09 1.05844106e+09 1.05844109e+09 1.05844113e+09
 1.05844116e+09 1.05844120e+09 1.05844123e+09 1.05844127e+09
 1.05844130e+09 1.05844134e+09 1.05844137e+09 1.05844141e+09
 1.05844144e+09 1.05844148e+09 1.05844152e+09 1.05844155e+09
 1.05844159e+09 1.05844162e+09 1.05844166e+09 1.05844169e+09
 1.05844173e+09 1.05844176e+09 1.05844180e+09 1.05844183e+09
 1.05844187e+09 1.05844190e+09 1.05844194e+09 1.05844198e+09
 1.05844201e+09 1.05844205e+09 1.05844208e+09 1.05844212e+09
 1.05844215e+09 1.05844219e+09 1.05844222e+09 1.05844226e+09
 1.05844229e+09 1.05844233e+09 1.05844236e+09 1.05844240e+09
 1.05844244e+09 1.05844247e+09 1.05844251e+09 1.05844254e+09
 1.05844258e+09 1.05844261e+09 1.05844265e+09 1.05844268e+09
 1.05844272e+09 1.05844275e+09 1.05844279e+09 1.05844282e+09
 1.05844286e+09 1.05844290e+09 1.05844293e+09 1.05844297e+09
 1.05844300e+09 1.05844304e+09 1.05844307e+09 1.05844311e+09
 1.05844314e+09 1.05844318e+09 1.05844321e+09 1.05844325e+09
 1.05844328e+09 1.05844332e+09 1.05844336e+09 1.05844339e+09
 1.05844343e+09 1.05844346e+09 1.05844350e+09 1.05844353e+09
 1.05844357e+09 1.05844360e+09 1.05844364e+09 1.05844367e+09
 1.05844371e+09 1.05844374e+09 1.05844378e+09 1.05844382e+09
 1.05844385e+09 1.05844389e+09 1.05844392e+09 1.05844396e+09
 1.05844399e+09 1.05844403e+09 1.05844406e+09 1.05844410e+09
 1.05844413e+09 1.05844417e+09 1.05844420e+09 1.05844424e+09
 1.05844427e+09 1.05844431e+09 1.05844435e+09 1.05844438e+09
 1.05844442e+09 1.05844445e+09 1.05844449e+09 1.05844452e+09
 1.05844456e+09 1.05844459e+09 1.05844463e+09 1.05844466e+09
 1.05844470e+09 1.05844473e+09 1.05844477e+09 1.05844481e+09
 1.05844484e+09 1.05844488e+09 1.05844491e+09 1.05844495e+09
 1.05844498e+09 1.05844502e+09 1.05844505e+09 1.05844509e+09
 1.05844512e+09 1.05844516e+09 1.05844519e+09 1.05844523e+09
 1.05844527e+09 1.05844530e+09 1.05844534e+09 1.05844537e+09
 1.05844541e+09 1.05844544e+09 1.05844548e+09 1.05844551e+09
 1.05844555e+09 1.05844558e+09 1.05844562e+09 1.05844565e+09
 1.05844569e+09 1.05844573e+09 1.05844576e+09 1.05844580e+09
 1.05844583e+09 1.05844587e+09 1.05844590e+09 1.05844594e+09
 1.05844597e+09 1.05844601e+09 1.05844604e+09 1.05844608e+09
 1.05844611e+09 1.05844615e+09 1.05844619e+09 1.05844622e+09
 1.05844626e+09 1.05844629e+09 1.05844633e+09 1.05844636e+09
 1.05844640e+09 1.05844643e+09 1.05844647e+09 1.05844650e+09
 1.05844654e+09 1.05844657e+09 1.05844661e+09 1.05844665e+09
 1.05844668e+09 1.05844672e+09 1.05844675e+09 1.05844679e+09
 1.05844682e+09 1.05844686e+09 1.05844689e+09 1.05844693e+09
 1.05844696e+09 1.05844700e+09 1.05844703e+09 1.05844707e+09
 1.05844711e+09 1.05844714e+09 1.05844718e+09 1.05844721e+09
 1.05844725e+09 1.05844728e+09 1.05844732e+09 1.05844735e+09
 1.05844739e+09 1.05844742e+09 1.05844746e+09 1.05844749e+09
 1.05844753e+09 1.05844756e+09 1.05844760e+09 1.05844764e+09
 1.05844767e+09 1.05844771e+09 1.05844774e+09 1.05844778e+09
 1.05844781e+09 1.05844785e+09 1.05844788e+09 1.05844792e+09
 1.05844795e+09 1.05844799e+09 1.05844802e+09 1.05844806e+09
 1.05844810e+09 1.05844813e+09 1.05844817e+09 1.05844820e+09
 1.05844824e+09 1.05844827e+09 1.05844831e+09 1.05844834e+09
 1.05844838e+09 1.05844841e+09 1.05844845e+09 1.05844848e+09
 1.05844852e+09 1.05844856e+09 1.05844859e+09 1.05844863e+09
 1.05844866e+09 1.05844870e+09 1.05844873e+09 1.05844877e+09
 1.05844880e+09 1.05844884e+09 1.05844887e+09 1.05844891e+09
 1.05844894e+09 1.05844898e+09 1.05844902e+09 1.05844905e+09
 1.05844909e+09 1.05844912e+09 1.05844916e+09 1.05844919e+09
 1.05844923e+09 1.05844926e+09 1.05844930e+09 1.05844933e+09
 1.05844937e+09 1.05844940e+09 1.05844944e+09 1.05844948e+09
 1.05844951e+09 1.05844955e+09 1.05844958e+09 1.05844962e+09
 1.05844965e+09 1.05844969e+09 1.05844972e+09 1.05844976e+09
 1.05844979e+09 1.05844983e+09 1.05844986e+09 1.05844990e+09
 1.05844994e+09 1.05844997e+09 1.05845001e+09 1.05845004e+09
 1.05845008e+09 1.05845011e+09 1.05845015e+09 1.05845018e+09
 1.05845022e+09 1.05845025e+09 1.05845029e+09 1.05845032e+09
 1.05845036e+09 1.05845039e+09 1.05845043e+09 1.05845047e+09
 1.05845050e+09 1.05845054e+09 1.05845057e+09 1.05845061e+09
 1.05845064e+09 1.05845068e+09 1.05845071e+09 1.05845075e+09
 1.05845078e+09 1.05845082e+09 1.05845085e+09 1.05845089e+09
 1.05845093e+09 1.05845096e+09 1.05845100e+09 1.05845103e+09
 1.05845107e+09 1.05845110e+09 1.05845114e+09 1.05845117e+09]
minRes = 1.2174546762104461
minResTime =  [1.05841583e+09]
