name =JUICE_ROI_CAL_6_1_06
flyby =  ['2032 OCT 13 20:53:36', '2032 OCT 14 20:53:36']
Observation TW =  <SpiceCell dtype = 1, length = 0, size = 3000, card = 10, is_set = 1, adjust = 0, init = 1, base = 2554805440560, data = 2554805440608>
Res(t) =  [1.77497192 1.77895946 1.78294641 1.78693277 1.79091853 1.79490369
 1.79888824 1.80287217 1.80685548 1.81083817 1.81482022 1.81880164
 1.82278241 1.82676253 1.830742   1.83472081 1.83869896 1.84267644
 1.84665325 1.85062938 1.85460483 1.85857959 1.86255366 1.86652703
 1.8704997  1.87447167 1.87844292 1.88241347 1.8863833  1.8903524
 1.89432078 1.89828843 1.90225535 1.90622153 1.91018697 1.91415167
 1.91811561 1.92207881 1.92604125 1.93000293 1.93396385 1.937924
 1.94188339 1.945842   1.94979984 1.9537569  1.95771318 1.96166867
 1.96562338 1.9695773  1.97353042 1.97748274 1.98143427 1.985385
 1.98933492 1.99328403 1.99723234 2.00117983 2.00512651 2.00907237
 2.01301741 2.01696163 2.02090502 2.02484758 2.02878932 2.03273022
 2.0366703  2.04060953 2.04454793 2.04848548 2.05242219 2.05635806
 2.06029309 2.06422726 2.06816058 2.07209305 2.07602467 2.07995543
 2.08388533 2.08781437 2.09174255 2.09566987 2.09959632 2.1035219
 2.10744662 2.11137046 2.11529344 2.11921554 2.12313676 2.12705711
 2.13097658 2.13489518 2.13881289 2.14272972 2.14664566 2.15056072
 2.1544749  2.15838818 2.16230058 2.16621209 2.17012271 2.17403243
 2.17794126 2.18184919 2.18575623 2.18966237 2.19356762 2.19747196
 2.2013754  2.20527794 2.20917958 2.21308032 2.21698015 2.22087907
 2.22477709 2.2286742  2.23257041 2.2364657  2.24036008 2.24425355
 2.24814611 2.25203776 2.25592849 2.25981831 2.26370722 2.26759521
 2.27148228 2.27536843 2.27925367 2.28313799 2.28702139 2.29090387
 2.29478542 2.29866606 2.30254578 2.30642457 2.31030244 2.31417938
 2.3180554  2.3219305  2.32580467 2.32967792 2.33355024 2.33742163
 2.34129209 2.34516163 2.34903024 2.35289792 2.35676467 2.36063049
 2.36449539 2.36835935 2.37222238 2.37608448 2.37994565 2.38380588
 2.38766519 2.39152356 2.395381   2.39923751 2.40309308 2.40694772
 2.41080143 2.4146542  2.41850604 2.42235695 2.42620692 2.43005595
 2.43390405 2.43775121 2.44159744 2.44544273 2.44928709 2.45313051
 2.456973   2.46081454 2.46465516 2.46849483 2.47233357 2.47617137
 2.48000824 2.48384417 2.48767916 2.49151321 2.49534633 2.49917851
 2.50300975 2.50684006 2.51066943 2.51449786 2.51832535 2.52215191
 2.52597752 2.52980221 2.53362595 2.53744876 2.54127063 2.54509156
 2.54891155 2.55273061 2.55654873 2.56036592 2.56418216 2.56799747
 2.57181185 2.57562528 2.57943778 2.58324934 2.58705997 2.59086966
 2.59467842 2.59848623 2.60229312 2.60609906 2.60990407 2.61370815
 2.61751129 2.62131349 2.62511476 2.6289151  2.6327145  2.63651296
 2.6403105  2.64410709 2.64790276 2.65169749 2.65549128 2.65928414
 2.66307607 2.66686707 2.67065713 2.67444627 2.67823446 2.68202173
 2.68580807 2.68959347 2.69337794 2.69716149 2.7009441  2.70472578
 2.70850653 2.71228635 2.71606524 2.7198432  2.72362023 2.72739634
 2.73117151 2.73494576 2.73871908 2.74249147 2.74626294 2.75003347
 2.75380308 2.75757177 2.76133953 2.76510636 2.76887227 2.77263725
 2.77640131 2.78016444 2.78392665 2.78768794 2.7914483  2.79520774
 2.79896625 2.80272385 2.80648052 2.81023627 2.8139911  2.81774501
 2.821498   2.82525007 2.82900122 2.83275145 2.83650076 2.84024916
 2.84399663 2.84774319 2.85148883 2.85523355 2.85897736 2.86272025
 2.86646222 2.87020328 2.87394343 2.87768266 2.88142097 2.88515838
 2.88889487 2.89263044 2.89636511 2.90009886 2.9038317  2.90756363
 2.91129465 2.91502476 2.91875396 2.92248225 2.92620964 2.92993611
 2.93366167 2.93738633 2.94111008 2.94483293 2.94855487 2.9522759
 2.95599603 2.95971525 2.96343357 2.96715098 2.9708675  2.97458311
 2.97829781 2.98201162 2.98572452 2.98943652 2.99314762 2.99685783
 3.00056713 3.00427553 3.00798304 3.01168964 3.01539535 3.01910017
 3.02280408 3.0265071  3.03020923 3.03391046 3.03761079 3.04131023
 3.04500878 3.04870643 3.05240319 3.05609906 3.05979404 3.06348813
 3.06718133 3.07087363 3.07456505 3.07825558 3.08194522 3.08563397
 3.08932183 3.09300881 3.0966949  3.10038011 3.10406443 3.10774786
 3.11143041 3.11511208 3.11879286 3.12247276 3.12615178 3.12982992
 3.13350718 3.13718355 3.14085905 3.14453366 3.1482074  3.15188026
 3.15555224 3.15922334 3.16289357 3.16656292 3.1702314  3.17389899
 3.17756572 3.18123157 3.18489655 3.18856065 3.19222388 3.19588624
 3.19954773 3.20320835 3.2068681  3.21052697 3.21418498 3.21784212
 3.22149839 3.2251538  3.22880833 3.23246201 3.23611481 3.23976675
 3.24341782 3.24706804 3.25071738 3.25436587 3.25801349 3.26166025
 3.26530615 3.26895118 3.27259536 3.27623868 3.27988114 3.28352274
 3.28716348 3.29080336 3.29444239 3.29808056 3.30171788 3.30535434
 3.30898995 3.3126247  3.3162586  3.31989164 3.32352384 3.32715518
 3.33078567 3.33441531 3.3380441  3.34167204 3.34529913 3.34892537
 3.35255077 3.35617532 3.35979902 3.36342187 3.36704388 3.37066505
 3.37428537 3.37790485 3.38152348 3.38514128 3.38875823 3.39237433
 3.3959896  3.39960403 3.40321762 3.40683037 3.41044228 3.41405335
 3.41766358 3.42127298 3.42488155 3.42848927 3.43209616 3.43570222
 3.43930744 3.44291183 3.44651539 3.45011812 3.45372001 3.45732107
 3.46092131 3.46452071 3.46811928 3.47171703 3.47531394 3.47891003
 3.48250529 3.48609973 3.48969334 3.49328613 3.49687809 3.50046923
 3.50405954 3.50764903 3.5112377  3.51482555 3.51841257 3.52199878
 3.52558416 3.52916873 3.53275248 3.53633541 3.53991752 3.54349882
 3.54707929 3.55065896 3.55423781 3.55781584 3.56139306 3.56496947
 3.56854506 3.57211984 3.57569381 3.57926697 3.58283932 3.58641085
 3.58998158 3.5935515  3.59712062 3.60068892 3.60425642 3.60782311
 3.61138899 3.61495408 3.61851835 3.62208182 3.62564449 3.62920636
 3.63276742 3.63632768 3.63988714 3.6434458  3.64700366 3.65056072
 3.65411698 3.65767245 3.66122711 3.66478098 3.66833406 3.67188633
 3.67543782 3.6789885  3.6825384  3.6860875  3.6896358  3.69318332
 3.69673004 3.70027597 3.70382111 3.70736546 3.71090903 3.7144518
 3.71799378 3.72153498 3.72507539 3.72861501 3.73215385 3.73569191
 3.73922917 3.74276566 3.74630136 3.74983627 3.75337041 3.75690376
 3.76043634 3.76396813 3.76749914 3.77102937 3.77455882 3.7780875
 3.78161539 3.78514251 3.78866886 3.79219443 3.79571922 3.79924324
 3.80276648 3.80628895 3.80981064 3.81333157 3.81685172 3.8203711
 3.82388971 3.82740755 3.83092462 3.83444092 3.83795646 3.84147122
 3.84498522 3.84849845 3.85201092 3.85552262 3.85903355 3.86254372
 3.86605313 3.86956177 3.87306965 3.87657677 3.88008313 3.88358872
 3.88709356 3.89059764 3.89410095 3.89760351 3.90110531 3.90460635
 3.90810664 3.91160617 3.91510494 3.91860296 3.92210023 3.92559674
 3.9290925  3.9325875  3.93608175 3.93957525 3.943068   3.94656
 3.95005125 3.95354175 3.9570315  3.9605205  3.96400875 3.96749626
 3.97098302 3.97446903 3.9779543  3.98143883 3.98492261 3.98840564
 3.99188794 3.99536949 3.9988503  4.00233036 4.00580969 4.00928828
 4.01276612 4.01624323 4.0197196  4.02319523 4.02667012 4.03014428
 4.0336177  4.03709038 4.04056233 4.04403354 4.04750402 4.05097377
 4.05444278 4.05791106 4.06137861 4.06484543 4.06831152 4.07177687
 4.0752415  4.0787054  4.08216857 4.08563101 4.08909273 4.09255371
 4.09601398 4.09947351 4.10293232 4.10639041 4.10984777 4.11330441
 4.11676033 4.12021552 4.12366999 4.12712374 4.13057677 4.13402908
 4.13748067 4.14093155 4.1443817  4.14783113 4.15127985 4.15472785
 4.15817514 4.16162171 4.16506756 4.1685127  4.17195713 4.17540084
 4.17884384 4.18228613 4.1857277  4.18916857 4.19260872 4.19604816
 4.1994869  4.20292492 4.20636224 4.20979884 4.21323475 4.21666994
 4.22010443 4.22353821 4.22697129 4.23040366 4.23383533 4.23726629
 4.24069655 4.24412611 4.24755497 4.25098312 4.25441058 4.25783733
 4.26126339 4.26468874 4.2681134  4.27153736 4.27496062 4.27838318
 4.28180505 4.28522622 4.2886467  4.29206648 4.29548557 4.29890396
 4.30232166 4.30573867 4.30915498 4.31257061 4.31598554 4.31939978
 4.32281333 4.3262262  4.32963837 4.33304986 4.33646065 4.33987076
 4.34328019 4.34668892 4.35009697 4.35350434 4.35691102 4.36031702
 4.36372233 4.36712696 4.37053091 4.37393417 4.37733676 4.38073866
 4.38413989 4.38754043 4.39094029 4.39433948 4.39773798 4.40113581
 4.40453296 4.40792944 4.41132524 4.41472036 4.41811481 4.42150858
 4.42490168 4.42829411 4.43168586 4.43507694 4.43846735 4.44185708
 4.44524615 4.44863455 4.45202227 4.45540933 4.45879571 4.46218143
 4.46556648 4.46895087 4.47233458 4.47571764 4.47910002 4.48248174
 4.4858628  4.48924319 4.49262291 4.49600198 4.49938038 4.50275812
 4.5061352  4.50951162 4.51288737 4.51626247 4.51963691 4.52301068
 4.5263838  4.52975627 4.53312807 4.53649922 4.53986971 4.54323954
 4.54660872 4.54997725 4.55334512 4.55671233 4.5600789  4.56344481
 4.56681006 4.57017467 4.57353863 4.57690193 4.58026458 4.58362659
 4.58698794 4.59034865 4.5937087  4.59706811 4.60042688 4.60378499
 4.60714246 4.61049929 4.61385547 4.617211   4.62056589 4.62392014
 4.62727374 4.6306267  4.63397902 4.63733069 4.64068173 4.64403212
 4.64738188 4.65073099 4.65407947 4.6574273  4.6607745  4.66412106
 4.66746698 4.67081227 4.67415692 4.67750094 4.68084432 4.68418706
 4.68752917 4.69087065 4.69421149 4.6975517  4.70089128 4.70423023
 4.70756855 4.71090623 4.71424329 4.71757971 4.72091551 4.72425067
 4.72758521 4.73091912 4.73425241 4.73758506 4.74091709 4.7442485
 4.74757928 4.75090943 4.75423896 4.75756787 4.76089615 4.76422381
 4.76755085 4.77087727 4.77420306 4.77752823 4.78085278 4.78417672
 4.78750003 4.79082272 4.7941448  4.79746626 4.8007871  4.80410732
 4.80742693 4.81074592 4.81406429 4.81738205 4.8206992  4.82401573
 4.82733164 4.83064695 4.83396164 4.83727572 4.84058918 4.84390204
 4.84721428 4.85052592 4.85383694 4.85714736 4.86045716 4.86376636
 4.86707495 4.87038293 4.87369031 4.87699707 4.88030324 4.88360879
 4.88691374 4.89021809 4.89352183 4.89682497 4.90012751 4.90342944
 4.90673077 4.9100315  4.91333163 4.91663115 4.91993008 4.92322841
 4.92652613 4.92982326 4.93311979 4.93641572 4.93971105 4.94300579
 4.94629993 4.94959347 4.95288642 4.95617877 4.95947053 4.96276169
 4.96605226 4.96934224 4.97263162 4.97592041 4.97920861 4.98249621
 4.98578323 4.98906965 4.99235549 4.99564073 4.99892539 5.00220945
 5.00549293 5.00877582 5.01205812 5.01533984 5.01862097 5.02190151
 5.02518147 5.02846084 5.03173963 5.03501783 5.03829545 5.04157249
 5.04484894 5.04812482 5.05140011 5.05467481 5.05794894 5.06122249
 5.06449545 5.06776784 5.07103964 5.07431087 5.07758152 5.08085159
 5.08412109 5.08739001 5.09065835 5.09392611 5.0971933  5.10045992
 5.10372595 5.10699142 5.11025631 5.11352063 5.11678437 5.12004755
 5.12331015 5.12657217 5.12983363 5.13309452 5.13635483 5.13961458
 5.14287376 5.14613237 5.14939041 5.15264788 5.15590478 5.15916112
 5.16241689 5.16567209 5.16892673 5.1721808  5.17543431 5.17868725
 5.18193963 5.18519145 5.1884427  5.19169339 5.19494351 5.19819308
 5.20144208 5.20469052 5.20793841 5.21118573 5.21443249 5.21767869
 5.22092434 5.22416942 5.22741395 5.23065792 5.23390133 5.23714419
 5.24038649 5.24362823 5.24686942 5.25011005 5.25335013 5.25658966
 5.25982863 5.26306705 5.26630491 5.26954222 5.27277899 5.27601519
 5.27925085 5.28248596 5.28572052 5.28895453 5.29218798 5.29542089
 5.29865325 5.30188507 5.30511633 5.30834705 5.31157722 5.31480684
 5.31803592 5.32126446 5.32449244 5.32771989 5.33094679 5.33417314
 5.33739895 5.34062422 5.34384895 5.34707313]
t =  [1.03464035e+09 1.03464038e+09 1.03464041e+09 1.03464044e+09
 1.03464047e+09 1.03464050e+09 1.03464054e+09 1.03464057e+09
 1.03464060e+09 1.03464063e+09 1.03464066e+09 1.03464069e+09
 1.03464073e+09 1.03464076e+09 1.03464079e+09 1.03464082e+09
 1.03464085e+09 1.03464089e+09 1.03464092e+09 1.03464095e+09
 1.03464098e+09 1.03464101e+09 1.03464104e+09 1.03464108e+09
 1.03464111e+09 1.03464114e+09 1.03464117e+09 1.03464120e+09
 1.03464123e+09 1.03464127e+09 1.03464130e+09 1.03464133e+09
 1.03464136e+09 1.03464139e+09 1.03464143e+09 1.03464146e+09
 1.03464149e+09 1.03464152e+09 1.03464155e+09 1.03464158e+09
 1.03464162e+09 1.03464165e+09 1.03464168e+09 1.03464171e+09
 1.03464174e+09 1.03464177e+09 1.03464181e+09 1.03464184e+09
 1.03464187e+09 1.03464190e+09 1.03464193e+09 1.03464197e+09
 1.03464200e+09 1.03464203e+09 1.03464206e+09 1.03464209e+09
 1.03464212e+09 1.03464216e+09 1.03464219e+09 1.03464222e+09
 1.03464225e+09 1.03464228e+09 1.03464232e+09 1.03464235e+09
 1.03464238e+09 1.03464241e+09 1.03464244e+09 1.03464247e+09
 1.03464251e+09 1.03464254e+09 1.03464257e+09 1.03464260e+09
 1.03464263e+09 1.03464266e+09 1.03464270e+09 1.03464273e+09
 1.03464276e+09 1.03464279e+09 1.03464282e+09 1.03464286e+09
 1.03464289e+09 1.03464292e+09 1.03464295e+09 1.03464298e+09
 1.03464301e+09 1.03464305e+09 1.03464308e+09 1.03464311e+09
 1.03464314e+09 1.03464317e+09 1.03464320e+09 1.03464324e+09
 1.03464327e+09 1.03464330e+09 1.03464333e+09 1.03464336e+09
 1.03464340e+09 1.03464343e+09 1.03464346e+09 1.03464349e+09
 1.03464352e+09 1.03464355e+09 1.03464359e+09 1.03464362e+09
 1.03464365e+09 1.03464368e+09 1.03464371e+09 1.03464374e+09
 1.03464378e+09 1.03464381e+09 1.03464384e+09 1.03464387e+09
 1.03464390e+09 1.03464394e+09 1.03464397e+09 1.03464400e+09
 1.03464403e+09 1.03464406e+09 1.03464409e+09 1.03464413e+09
 1.03464416e+09 1.03464419e+09 1.03464422e+09 1.03464425e+09
 1.03464428e+09 1.03464432e+09 1.03464435e+09 1.03464438e+09
 1.03464441e+09 1.03464444e+09 1.03464448e+09 1.03464451e+09
 1.03464454e+09 1.03464457e+09 1.03464460e+09 1.03464463e+09
 1.03464467e+09 1.03464470e+09 1.03464473e+09 1.03464476e+09
 1.03464479e+09 1.03464483e+09 1.03464486e+09 1.03464489e+09
 1.03464492e+09 1.03464495e+09 1.03464498e+09 1.03464502e+09
 1.03464505e+09 1.03464508e+09 1.03464511e+09 1.03464514e+09
 1.03464517e+09 1.03464521e+09 1.03464524e+09 1.03464527e+09
 1.03464530e+09 1.03464533e+09 1.03464537e+09 1.03464540e+09
 1.03464543e+09 1.03464546e+09 1.03464549e+09 1.03464552e+09
 1.03464556e+09 1.03464559e+09 1.03464562e+09 1.03464565e+09
 1.03464568e+09 1.03464571e+09 1.03464575e+09 1.03464578e+09
 1.03464581e+09 1.03464584e+09 1.03464587e+09 1.03464591e+09
 1.03464594e+09 1.03464597e+09 1.03464600e+09 1.03464603e+09
 1.03464606e+09 1.03464610e+09 1.03464613e+09 1.03464616e+09
 1.03464619e+09 1.03464622e+09 1.03464625e+09 1.03464629e+09
 1.03464632e+09 1.03464635e+09 1.03464638e+09 1.03464641e+09
 1.03464645e+09 1.03464648e+09 1.03464651e+09 1.03464654e+09
 1.03464657e+09 1.03464660e+09 1.03464664e+09 1.03464667e+09
 1.03464670e+09 1.03464673e+09 1.03464676e+09 1.03464679e+09
 1.03464683e+09 1.03464686e+09 1.03464689e+09 1.03464692e+09
 1.03464695e+09 1.03464699e+09 1.03464702e+09 1.03464705e+09
 1.03464708e+09 1.03464711e+09 1.03464714e+09 1.03464718e+09
 1.03464721e+09 1.03464724e+09 1.03464727e+09 1.03464730e+09
 1.03464733e+09 1.03464737e+09 1.03464740e+09 1.03464743e+09
 1.03464746e+09 1.03464749e+09 1.03464753e+09 1.03464756e+09
 1.03464759e+09 1.03464762e+09 1.03464765e+09 1.03464768e+09
 1.03464772e+09 1.03464775e+09 1.03464778e+09 1.03464781e+09
 1.03464784e+09 1.03464788e+09 1.03464791e+09 1.03464794e+09
 1.03464797e+09 1.03464800e+09 1.03464803e+09 1.03464807e+09
 1.03464810e+09 1.03464813e+09 1.03464816e+09 1.03464819e+09
 1.03464822e+09 1.03464826e+09 1.03464829e+09 1.03464832e+09
 1.03464835e+09 1.03464838e+09 1.03464842e+09 1.03464845e+09
 1.03464848e+09 1.03464851e+09 1.03464854e+09 1.03464857e+09
 1.03464861e+09 1.03464864e+09 1.03464867e+09 1.03464870e+09
 1.03464873e+09 1.03464876e+09 1.03464880e+09 1.03464883e+09
 1.03464886e+09 1.03464889e+09 1.03464892e+09 1.03464896e+09
 1.03464899e+09 1.03464902e+09 1.03464905e+09 1.03464908e+09
 1.03464911e+09 1.03464915e+09 1.03464918e+09 1.03464921e+09
 1.03464924e+09 1.03464927e+09 1.03464930e+09 1.03464934e+09
 1.03464937e+09 1.03464940e+09 1.03464943e+09 1.03464946e+09
 1.03464950e+09 1.03464953e+09 1.03464956e+09 1.03464959e+09
 1.03464962e+09 1.03464965e+09 1.03464969e+09 1.03464972e+09
 1.03464975e+09 1.03464978e+09 1.03464981e+09 1.03464984e+09
 1.03464988e+09 1.03464991e+09 1.03464994e+09 1.03464997e+09
 1.03465000e+09 1.03465004e+09 1.03465007e+09 1.03465010e+09
 1.03465013e+09 1.03465016e+09 1.03465019e+09 1.03465023e+09
 1.03465026e+09 1.03465029e+09 1.03465032e+09 1.03465035e+09
 1.03465039e+09 1.03465042e+09 1.03465045e+09 1.03465048e+09
 1.03465051e+09 1.03465054e+09 1.03465058e+09 1.03465061e+09
 1.03465064e+09 1.03465067e+09 1.03465070e+09 1.03465073e+09
 1.03465077e+09 1.03465080e+09 1.03465083e+09 1.03465086e+09
 1.03465089e+09 1.03465093e+09 1.03465096e+09 1.03465099e+09
 1.03465102e+09 1.03465105e+09 1.03465108e+09 1.03465112e+09
 1.03465115e+09 1.03465118e+09 1.03465121e+09 1.03465124e+09
 1.03465127e+09 1.03465131e+09 1.03465134e+09 1.03465137e+09
 1.03465140e+09 1.03465143e+09 1.03465147e+09 1.03465150e+09
 1.03465153e+09 1.03465156e+09 1.03465159e+09 1.03465162e+09
 1.03465166e+09 1.03465169e+09 1.03465172e+09 1.03465175e+09
 1.03465178e+09 1.03465181e+09 1.03465185e+09 1.03465188e+09
 1.03465191e+09 1.03465194e+09 1.03465197e+09 1.03465201e+09
 1.03465204e+09 1.03465207e+09 1.03465210e+09 1.03465213e+09
 1.03465216e+09 1.03465220e+09 1.03465223e+09 1.03465226e+09
 1.03465229e+09 1.03465232e+09 1.03465235e+09 1.03465239e+09
 1.03465242e+09 1.03465245e+09 1.03465248e+09 1.03465251e+09
 1.03465255e+09 1.03465258e+09 1.03465261e+09 1.03465264e+09
 1.03465267e+09 1.03465270e+09 1.03465274e+09 1.03465277e+09
 1.03465280e+09 1.03465283e+09 1.03465286e+09 1.03465290e+09
 1.03465293e+09 1.03465296e+09 1.03465299e+09 1.03465302e+09
 1.03465305e+09 1.03465309e+09 1.03465312e+09 1.03465315e+09
 1.03465318e+09 1.03465321e+09 1.03465324e+09 1.03465328e+09
 1.03465331e+09 1.03465334e+09 1.03465337e+09 1.03465340e+09
 1.03465344e+09 1.03465347e+09 1.03465350e+09 1.03465353e+09
 1.03465356e+09 1.03465359e+09 1.03465363e+09 1.03465366e+09
 1.03465369e+09 1.03465372e+09 1.03465375e+09 1.03465378e+09
 1.03465382e+09 1.03465385e+09 1.03465388e+09 1.03465391e+09
 1.03465394e+09 1.03465398e+09 1.03465401e+09 1.03465404e+09
 1.03465407e+09 1.03465410e+09 1.03465413e+09 1.03465417e+09
 1.03465420e+09 1.03465423e+09 1.03465426e+09 1.03465429e+09
 1.03465432e+09 1.03465436e+09 1.03465439e+09 1.03465442e+09
 1.03465445e+09 1.03465448e+09 1.03465452e+09 1.03465455e+09
 1.03465458e+09 1.03465461e+09 1.03465464e+09 1.03465467e+09
 1.03465471e+09 1.03465474e+09 1.03465477e+09 1.03465480e+09
 1.03465483e+09 1.03465486e+09 1.03465490e+09 1.03465493e+09
 1.03465496e+09 1.03465499e+09 1.03465502e+09 1.03465506e+09
 1.03465509e+09 1.03465512e+09 1.03465515e+09 1.03465518e+09
 1.03465521e+09 1.03465525e+09 1.03465528e+09 1.03465531e+09
 1.03465534e+09 1.03465537e+09 1.03465541e+09 1.03465544e+09
 1.03465547e+09 1.03465550e+09 1.03465553e+09 1.03465556e+09
 1.03465560e+09 1.03465563e+09 1.03465566e+09 1.03465569e+09
 1.03465572e+09 1.03465575e+09 1.03465579e+09 1.03465582e+09
 1.03465585e+09 1.03465588e+09 1.03465591e+09 1.03465595e+09
 1.03465598e+09 1.03465601e+09 1.03465604e+09 1.03465607e+09
 1.03465610e+09 1.03465614e+09 1.03465617e+09 1.03465620e+09
 1.03465623e+09 1.03465626e+09 1.03465629e+09 1.03465633e+09
 1.03465636e+09 1.03465639e+09 1.03465642e+09 1.03465645e+09
 1.03465649e+09 1.03465652e+09 1.03465655e+09 1.03465658e+09
 1.03465661e+09 1.03465664e+09 1.03465668e+09 1.03465671e+09
 1.03465674e+09 1.03465677e+09 1.03465680e+09 1.03465683e+09
 1.03465687e+09 1.03465690e+09 1.03465693e+09 1.03465696e+09
 1.03465699e+09 1.03465703e+09 1.03465706e+09 1.03465709e+09
 1.03465712e+09 1.03465715e+09 1.03465718e+09 1.03465722e+09
 1.03465725e+09 1.03465728e+09 1.03465731e+09 1.03465734e+09
 1.03465737e+09 1.03465741e+09 1.03465744e+09 1.03465747e+09
 1.03465750e+09 1.03465753e+09 1.03465757e+09 1.03465760e+09
 1.03465763e+09 1.03465766e+09 1.03465769e+09 1.03465772e+09
 1.03465776e+09 1.03465779e+09 1.03465782e+09 1.03465785e+09
 1.03465788e+09 1.03465791e+09 1.03465795e+09 1.03465798e+09
 1.03465801e+09 1.03465804e+09 1.03465807e+09 1.03465811e+09
 1.03465814e+09 1.03465817e+09 1.03465820e+09 1.03465823e+09
 1.03465826e+09 1.03465830e+09 1.03465833e+09 1.03465836e+09
 1.03465839e+09 1.03465842e+09 1.03465846e+09 1.03465849e+09
 1.03465852e+09 1.03465855e+09 1.03465858e+09 1.03465861e+09
 1.03465865e+09 1.03465868e+09 1.03465871e+09 1.03465874e+09
 1.03465877e+09 1.03465880e+09 1.03465884e+09 1.03465887e+09
 1.03465890e+09 1.03465893e+09 1.03465896e+09 1.03465900e+09
 1.03465903e+09 1.03465906e+09 1.03465909e+09 1.03465912e+09
 1.03465915e+09 1.03465919e+09 1.03465922e+09 1.03465925e+09
 1.03465928e+09 1.03465931e+09 1.03465934e+09 1.03465938e+09
 1.03465941e+09 1.03465944e+09 1.03465947e+09 1.03465950e+09
 1.03465954e+09 1.03465957e+09 1.03465960e+09 1.03465963e+09
 1.03465966e+09 1.03465969e+09 1.03465973e+09 1.03465976e+09
 1.03465979e+09 1.03465982e+09 1.03465985e+09 1.03465988e+09
 1.03465992e+09 1.03465995e+09 1.03465998e+09 1.03466001e+09
 1.03466004e+09 1.03466008e+09 1.03466011e+09 1.03466014e+09
 1.03466017e+09 1.03466020e+09 1.03466023e+09 1.03466027e+09
 1.03466030e+09 1.03466033e+09 1.03466036e+09 1.03466039e+09
 1.03466042e+09 1.03466046e+09 1.03466049e+09 1.03466052e+09
 1.03466055e+09 1.03466058e+09 1.03466062e+09 1.03466065e+09
 1.03466068e+09 1.03466071e+09 1.03466074e+09 1.03466077e+09
 1.03466081e+09 1.03466084e+09 1.03466087e+09 1.03466090e+09
 1.03466093e+09 1.03466097e+09 1.03466100e+09 1.03466103e+09
 1.03466106e+09 1.03466109e+09 1.03466112e+09 1.03466116e+09
 1.03466119e+09 1.03466122e+09 1.03466125e+09 1.03466128e+09
 1.03466131e+09 1.03466135e+09 1.03466138e+09 1.03466141e+09
 1.03466144e+09 1.03466147e+09 1.03466151e+09 1.03466154e+09
 1.03466157e+09 1.03466160e+09 1.03466163e+09 1.03466166e+09
 1.03466170e+09 1.03466173e+09 1.03466176e+09 1.03466179e+09
 1.03466182e+09 1.03466185e+09 1.03466189e+09 1.03466192e+09
 1.03466195e+09 1.03466198e+09 1.03466201e+09 1.03466205e+09
 1.03466208e+09 1.03466211e+09 1.03466214e+09 1.03466217e+09
 1.03466220e+09 1.03466224e+09 1.03466227e+09 1.03466230e+09
 1.03466233e+09 1.03466236e+09 1.03466239e+09 1.03466243e+09
 1.03466246e+09 1.03466249e+09 1.03466252e+09 1.03466255e+09
 1.03466259e+09 1.03466262e+09 1.03466265e+09 1.03466268e+09
 1.03466271e+09 1.03466274e+09 1.03466278e+09 1.03466281e+09
 1.03466284e+09 1.03466287e+09 1.03466290e+09 1.03466293e+09
 1.03466297e+09 1.03466300e+09 1.03466303e+09 1.03466306e+09
 1.03466309e+09 1.03466313e+09 1.03466316e+09 1.03466319e+09
 1.03466322e+09 1.03466325e+09 1.03466328e+09 1.03466332e+09
 1.03466335e+09 1.03466338e+09 1.03466341e+09 1.03466344e+09
 1.03466348e+09 1.03466351e+09 1.03466354e+09 1.03466357e+09
 1.03466360e+09 1.03466363e+09 1.03466367e+09 1.03466370e+09
 1.03466373e+09 1.03466376e+09 1.03466379e+09 1.03466382e+09
 1.03466386e+09 1.03466389e+09 1.03466392e+09 1.03466395e+09
 1.03466398e+09 1.03466402e+09 1.03466405e+09 1.03466408e+09
 1.03466411e+09 1.03466414e+09 1.03466417e+09 1.03466421e+09
 1.03466424e+09 1.03466427e+09 1.03466430e+09 1.03466433e+09
 1.03466436e+09 1.03466440e+09 1.03466443e+09 1.03466446e+09
 1.03466449e+09 1.03466452e+09 1.03466456e+09 1.03466459e+09
 1.03466462e+09 1.03466465e+09 1.03466468e+09 1.03466471e+09
 1.03466475e+09 1.03466478e+09 1.03466481e+09 1.03466484e+09
 1.03466487e+09 1.03466490e+09 1.03466494e+09 1.03466497e+09
 1.03466500e+09 1.03466503e+09 1.03466506e+09 1.03466510e+09
 1.03466513e+09 1.03466516e+09 1.03466519e+09 1.03466522e+09
 1.03466525e+09 1.03466529e+09 1.03466532e+09 1.03466535e+09
 1.03466538e+09 1.03466541e+09 1.03466544e+09 1.03466548e+09
 1.03466551e+09 1.03466554e+09 1.03466557e+09 1.03466560e+09
 1.03466564e+09 1.03466567e+09 1.03466570e+09 1.03466573e+09
 1.03466576e+09 1.03466579e+09 1.03466583e+09 1.03466586e+09
 1.03466589e+09 1.03466592e+09 1.03466595e+09 1.03466599e+09
 1.03466602e+09 1.03466605e+09 1.03466608e+09 1.03466611e+09
 1.03466614e+09 1.03466618e+09 1.03466621e+09 1.03466624e+09
 1.03466627e+09 1.03466630e+09 1.03466633e+09 1.03466637e+09
 1.03466640e+09 1.03466643e+09 1.03466646e+09 1.03466649e+09
 1.03466653e+09 1.03466656e+09 1.03466659e+09 1.03466662e+09
 1.03466665e+09 1.03466668e+09 1.03466672e+09 1.03466675e+09
 1.03466678e+09 1.03466681e+09 1.03466684e+09 1.03466687e+09
 1.03466691e+09 1.03466694e+09 1.03466697e+09 1.03466700e+09
 1.03466703e+09 1.03466707e+09 1.03466710e+09 1.03466713e+09
 1.03466716e+09 1.03466719e+09 1.03466722e+09 1.03466726e+09
 1.03466729e+09 1.03466732e+09 1.03466735e+09 1.03466738e+09
 1.03466741e+09 1.03466745e+09 1.03466748e+09 1.03466751e+09
 1.03466754e+09 1.03466757e+09 1.03466761e+09 1.03466764e+09
 1.03466767e+09 1.03466770e+09 1.03466773e+09 1.03466776e+09
 1.03466780e+09 1.03466783e+09 1.03466786e+09 1.03466789e+09
 1.03466792e+09 1.03466795e+09 1.03466799e+09 1.03466802e+09
 1.03466805e+09 1.03466808e+09 1.03466811e+09 1.03466815e+09
 1.03466818e+09 1.03466821e+09 1.03466824e+09 1.03466827e+09
 1.03466830e+09 1.03466834e+09 1.03466837e+09 1.03466840e+09
 1.03466843e+09 1.03466846e+09 1.03466849e+09 1.03466853e+09
 1.03466856e+09 1.03466859e+09 1.03466862e+09 1.03466865e+09
 1.03466869e+09 1.03466872e+09 1.03466875e+09 1.03466878e+09
 1.03466881e+09 1.03466884e+09 1.03466888e+09 1.03466891e+09
 1.03466894e+09 1.03466897e+09 1.03466900e+09 1.03466904e+09
 1.03466907e+09 1.03466910e+09 1.03466913e+09 1.03466916e+09
 1.03466919e+09 1.03466923e+09 1.03466926e+09 1.03466929e+09
 1.03466932e+09 1.03466935e+09 1.03466938e+09 1.03466942e+09
 1.03466945e+09 1.03466948e+09 1.03466951e+09 1.03466954e+09
 1.03466958e+09 1.03466961e+09 1.03466964e+09 1.03466967e+09
 1.03466970e+09 1.03466973e+09 1.03466977e+09 1.03466980e+09
 1.03466983e+09 1.03466986e+09 1.03466989e+09 1.03466992e+09
 1.03466996e+09 1.03466999e+09 1.03467002e+09 1.03467005e+09
 1.03467008e+09 1.03467012e+09 1.03467015e+09 1.03467018e+09
 1.03467021e+09 1.03467024e+09 1.03467027e+09 1.03467031e+09
 1.03467034e+09 1.03467037e+09 1.03467040e+09 1.03467043e+09
 1.03467046e+09 1.03467050e+09 1.03467053e+09 1.03467056e+09
 1.03467059e+09 1.03467062e+09 1.03467066e+09 1.03467069e+09
 1.03467072e+09 1.03467075e+09 1.03467078e+09 1.03467081e+09
 1.03467085e+09 1.03467088e+09 1.03467091e+09 1.03467094e+09
 1.03467097e+09 1.03467100e+09 1.03467104e+09 1.03467107e+09
 1.03467110e+09 1.03467113e+09 1.03467116e+09 1.03467120e+09
 1.03467123e+09 1.03467126e+09 1.03467129e+09 1.03467132e+09
 1.03467135e+09 1.03467139e+09 1.03467142e+09 1.03467145e+09
 1.03467148e+09 1.03467151e+09 1.03467155e+09 1.03467158e+09
 1.03467161e+09 1.03467164e+09 1.03467167e+09 1.03467170e+09
 1.03467174e+09 1.03467177e+09 1.03467180e+09 1.03467183e+09
 1.03467186e+09 1.03467189e+09 1.03467193e+09 1.03467196e+09
 1.03467199e+09 1.03467202e+09 1.03467205e+09 1.03467209e+09]
minRes = 1.7749719179712848
minResTime =  [1.03464035e+09]
