name =JUICE_ROI_CAL_6_1_08
flyby =  ['2033 JAN 13 13:32:12', '2033 JAN 14 13:32:12']
Observation TW =  <SpiceCell dtype = 1, length = 0, size = 3400, card = 14, is_set = 1, adjust = 0, init = 1, base = 2554805375024, data = 2554805375072>
Res(t) =  [3.54048278 3.53702123 3.53355955 3.53009774 3.5266358  3.52317373
 3.51971153 3.5162492  3.51278675 3.50932416 3.50586144 3.5023986
 3.49893562 3.49547252 3.49200928 3.48854591 3.48508242 3.48161879
 3.47815503 3.47469114 3.47122713 3.46776297 3.46429869 3.46083428
 3.45736974 3.45390506 3.45044025 3.44697531 3.44351024 3.44004504
 3.43657971 3.43311424 3.42964864 3.42618291 3.42271704 3.41925105
 3.41578492 3.41231865 3.40885226 3.40538573 3.40191907 3.39845227
 3.39498534 3.39151828 3.38805108 3.38458375 3.38111629 3.37764869
 3.37418096 3.37071309 3.36724509 3.36377695 3.36030868 3.35684027
 3.35337173 3.34990306 3.34643425 3.3429653  3.33949622 3.336027
 3.33255764 3.32908816 3.32561853 3.32214877 3.31867887 3.31520884
 3.31173867 3.30826836 3.30479791 3.30132733 3.29785662 3.29438576
 3.29091477 3.28744364 3.28397237 3.28050097 3.27702943 3.27355775
 3.27008593 3.26661397 3.26314188 3.25966964 3.25619727 3.25272476
 3.24925211 3.24577933 3.2423064  3.23883334 3.23536013 3.23188679
 3.2284133  3.22493968 3.22146592 3.21799201 3.21451797 3.21104379
 3.20756947 3.204095   3.2006204  3.19714565 3.19367077 3.19019574
 3.18672058 3.18324527 3.17976982 3.17629423 3.17281849 3.16934262
 3.1658666  3.16239045 3.15891415 3.15543771 3.15196112 3.14848439
 3.14500753 3.14153051 3.13805336 3.13457606 3.13109862 3.12762104
 3.12414331 3.12066544 3.11718743 3.11370927 3.11023097 3.10675252
 3.10327393 3.0997952  3.09631632 3.0928373  3.08935813 3.08587882
 3.08239936 3.07891976 3.07544001 3.07196012 3.06848008 3.0649999
 3.06151957 3.0580391  3.05455848 3.05107771 3.0475968  3.04411574
 3.04063453 3.03715318 3.03367168 3.03019004 3.02670824 3.0232263
 3.01974422 3.01626198 3.0127796  3.00929707 3.00581439 3.00233157
 2.9988486  2.99536548 2.99188221 2.98839879 2.98491522 2.98143151
 2.97794764 2.97446363 2.97097947 2.96749516 2.96401069 2.96052608
 2.95704132 2.95355642 2.95007136 2.94658615 2.94310079 2.93961528
 2.93612962 2.9326438  2.92915784 2.92567173 2.92218547 2.91869905
 2.91521249 2.91172577 2.9082389  2.90475188 2.90126471 2.89777738
 2.89428991 2.89080228 2.8873145  2.88382656 2.88033848 2.87685024
 2.87336184 2.8698733  2.8663846  2.86289575 2.85940675 2.85591759
 2.85242828 2.84893881 2.84544919 2.84195942 2.83846949 2.8349794
 2.83148917 2.82799877 2.82450823 2.82101753 2.81752667 2.81403566
 2.81054449 2.80705317 2.80356169 2.80007005 2.79657826 2.79308631
 2.78959421 2.78610195 2.78260954 2.77911696 2.77562423 2.77213135
 2.76863831 2.7651451  2.76165175 2.75815823 2.75466456 2.75117073
 2.74767674 2.74418259 2.74068829 2.73719382 2.7336992  2.73020442
 2.72670948 2.72321438 2.71971913 2.71622371 2.71272813 2.7092324
 2.7057365  2.70224045 2.69874424 2.69524786 2.69175133 2.68825463
 2.68475778 2.68126076 2.67776358 2.67426624 2.67076874 2.66727108
 2.66377326 2.66027528 2.65677713 2.65327883 2.64978036 2.64628173
 2.64278294 2.63928398 2.63578486 2.63228558 2.62878614 2.62528653
 2.62178676 2.61828683 2.61478673 2.61128647 2.60778605 2.60428546
 2.60078471 2.5972838  2.59378272 2.59028147 2.58678007 2.58327849
 2.57977675 2.57627485 2.57277278 2.56927055 2.56576815 2.56226558
 2.55876285 2.55525996 2.55175689 2.54825366 2.54475027 2.54124671
 2.53774298 2.53423908 2.53073502 2.52723079 2.52372639 2.52022183
 2.5167171  2.5132122  2.50970713 2.5062019  2.50269649 2.49919092
 2.49568518 2.49217927 2.48867319 2.48516695 2.48166053 2.47815394
 2.47464719 2.47114027 2.46763317 2.46412591 2.46061847 2.45711087
 2.4536031  2.45009515 2.44658704 2.44307875 2.43957029 2.43606166
 2.43255287 2.42904389 2.42553475 2.42202544 2.41851595 2.41500629
 2.41149646 2.40798646 2.40447629 2.40096594 2.39745542 2.39394472
 2.39043386 2.38692282 2.3834116  2.37990022 2.37638866 2.37287692
 2.36936501 2.36585293 2.36234067 2.35882824 2.35531563 2.35180285
 2.3482899  2.34477676 2.34126346 2.33774998 2.33423632 2.33072248
 2.32720847 2.32369429 2.32017992 2.31666539 2.31315067 2.30963578
 2.30612071 2.30260546 2.29909004 2.29557444 2.29205866 2.2885427
 2.28502657 2.28151026 2.27799377 2.2744771  2.27096025 2.26744322
 2.26392602 2.26040863 2.25689107 2.25337333 2.24985541 2.2463373
 2.24281902 2.23930056 2.23578192 2.2322631  2.22874409 2.22522491
 2.22170554 2.218186   2.21466627 2.21114636 2.20762627 2.204106
 2.20058555 2.19706491 2.1935441  2.1900231  2.18650192 2.18298055
 2.179459   2.17593727 2.17241536 2.16889326 2.16537098 2.16184851
 2.15832586 2.15480303 2.15128002 2.14775681 2.14423343 2.14070986
 2.1371861  2.13366216 2.13013804 2.12661372 2.12308923 2.11956454
 2.11603968 2.11251462 2.10898938 2.10546395 2.10193834 2.09841254
 2.09488655 2.09136038 2.08783401 2.08430746 2.08078073 2.0772538
 2.07372669 2.07019939 2.0666719  2.06314422 2.05961635 2.0560883
 2.05256005 2.04903162 2.04550299 2.04197418 2.03844518 2.03491598
 2.0313866  2.02785703 2.02432726 2.02079731 2.01726716 2.01373683
 2.0102063  2.00667558 2.00314467 1.99961357 1.99608227 1.99255078
 1.98901911 1.98548723 1.98195517 1.97842291 1.97489046 1.97135782
 1.96782499 1.96429196 1.96075873 1.95722531 1.9536917  1.9501579
 1.9466239  1.9430897  1.93955531 1.93602073 1.93248595 1.92895097
 1.9254158  1.92188043 1.91834487 1.91480911 1.91127316 1.90773701
 1.90420066 1.90066411 1.89712737 1.89359043 1.89005329 1.88651596
 1.88297843 1.8794407  1.87590277 1.87236464 1.86882631 1.86528779
 1.86174907 1.85821014 1.85467102 1.8511317  1.84759218 1.84405246
 1.84051254 1.83697242 1.83343209 1.82989157 1.82635085 1.82280992
 1.8192688  1.81572747 1.81218594 1.80864421 1.80510227 1.80156014
 1.7980178  1.79447526 1.79093252 1.78738957 1.78384642 1.78030307
 1.77675951 1.77321575 1.76967179 1.76612762 1.76258324 1.75903866
 1.75549388 1.75194889 1.7484037  1.7448583  1.7413127  1.73776689
 1.73422087 1.73067465 1.72712822 1.72358158 1.72003474 1.71648769
 1.71294044 1.70939297 1.7058453  1.70229742 1.69874933 1.69520103
 1.69165253 1.68810382 1.68455489 1.68100576 1.67745642 1.67390687
 1.67035711 1.66680714 1.66325696 1.65970657 1.65615597 1.65260515
 1.64905413 1.6455029  1.64195145 1.63839979 1.63484792 1.63129584
 1.62774355 1.62419104 1.62063832 1.61708539 1.61353224 1.60997888
 1.60642531 1.60287152 1.59931752 1.59576331 1.59220888 1.58865423
 1.58509937 1.5815443  1.57798901 1.57443351 1.57087778 1.56732185
 1.56376569 1.56020932 1.55665274 1.55309593 1.54953891 1.54598168
 1.54242422 1.53886655 1.53530865 1.53175055 1.52819222 1.52463367
 1.5210749  1.51751592 1.51395671 1.51039729 1.50683764 1.50327778
 1.49971769 1.49615739 1.49259686 1.48903611 1.48547515 1.48191396
 1.47835254 1.47479091 1.47122905 1.46766697 1.46410467 1.46054215
 1.4569794  1.45341643 1.44985323 1.44628981 1.44272617 1.4391623
 1.43559821 1.43203389 1.42846935 1.42490458 1.42133959 1.41777437
 1.41420893 1.41064326 1.40707736 1.40351123 1.39994488 1.3963783
 1.39281149 1.38924446 1.38567719 1.3821097  1.37854198 1.37497403
 1.37140585 1.36783745 1.36426881 1.36069994 1.35713084 1.35356152
 1.34999196 1.34642217 1.34285215 1.3392819  1.33571141 1.3321407
 1.32856975 1.32499857 1.32142715 1.31785551 1.31428363 1.31071151
 1.30713917 1.30356659 1.29999377 1.29642072 1.29284744 1.28927391
 1.28570016 1.28212617 1.27855194 1.27497748 1.27140278 1.26782784
 1.26425266 1.26067725 1.2571016  1.25352571 1.24994959 1.24637322
 1.24279662 1.23921978 1.2356427  1.23206538 1.22848782 1.22491001
 1.22133197 1.21775369 1.21417517 1.2105964  1.20701739 1.20343814
 1.19985865 1.19627892 1.19269894 1.18911872 1.18553826 1.18195755
 1.1783766  1.17479541 1.17121397 1.16763228 1.16405035 1.16046818
 1.15688575 1.15330309 1.14972017 1.14613701 1.1425536  1.13896995
 1.13538604 1.13180189 1.12821749 1.12463284 1.12104795 1.1174628
 1.1138774  1.11029176 1.10670586 1.10311971 1.09953331 1.09594666
 1.09235976 1.08877261 1.0851852  1.08159755 1.07800963 1.07442147
 1.07083305 1.06724438 1.06365546 1.06006627 1.05647684 1.05288715
 1.0492972  1.045707   1.04211654 1.03852583 1.03493485 1.03134362
 1.02775214 1.02416039 1.02056839 1.01697613 1.0133836  1.00979082
 1.00619778 1.00260448 0.99901092 0.9954171  0.99182301 0.98822867
 0.98463406 0.98103919 0.97744406 0.97384866 0.970253   0.96665708
 0.96306089 0.95946444 0.95586772 0.95227074 0.94867349 0.94507598
 0.9414782  0.93788015 0.93428183 0.93068325 0.9270844  0.92348528
 0.91988589 0.91628623 0.9126863  0.90908611 0.90548564 0.9018849
 0.89828389 0.8946826  0.89108105 0.88747922 0.88387712 0.88027475
 0.8766721  0.87306918 0.86946598 0.86586251 0.86225877 0.85865474
 0.85505044 0.85144587 0.84784101 0.84423588 0.84063047 0.83702478
 0.83341882 0.82981257 0.82620605 0.82259924 0.81899215 0.81538478
 0.81177713 0.8081692  0.80456098 0.80095249 0.7973437  0.79373464
 0.79012529 0.78651565 0.78290573 0.77929553 0.77568504 0.77207426
 0.76846319 0.76485184 0.76124019 0.75762826 0.75401604 0.75040353
 0.74679073 0.74317764 0.73956426 0.73595059 0.73233662 0.72872236
 0.72510781 0.72149297 0.71787783 0.71426239 0.71064666 0.70703064
 0.70341432 0.6997977  0.69618079 0.69256358 0.68894607 0.68532826
 0.68171015 0.67809174 0.67447303 0.67085402 0.66723471 0.6636151
 0.65999519 0.65637497 0.65275445 0.64913363 0.6455125  0.64189107
 0.63826933 0.63464729 0.63102493 0.62740228 0.62377931 0.62015604
 0.61653246 0.61290857 0.60928437 0.60565986 0.60203504 0.59840991
 0.59478447 0.59115871 0.58753264 0.58390626 0.58027957 0.57665256
 0.57302524 0.5693976  0.56576965 0.56316136 0.55953328 0.55590488
 0.55227618 0.54864717 0.54501785 0.54138822 0.53775827 0.53412802
 0.53049746 0.52686659 0.5232354  0.51960391 0.5159721  0.51233998
 0.50870755 0.50507481 0.50144175 0.49780839 0.49417471 0.49054072
 0.48690642 0.48327181 0.47963688 0.47600165 0.4723661  0.46873024
 0.46509407 0.46145759 0.4578208  0.4541837  0.45054629 0.44690857
 0.44327054 0.4396322  0.43599355 0.4323546  0.42871534 0.42507578
 0.42143591 0.41779574 0.41415526 0.41051449 0.40687341 0.40323203
 0.39959036 0.39594839 0.39230612 0.38866356 0.38502072 0.38137758
 0.37773415 0.37409044 0.37044645 0.36680218 0.36315763 0.3595128
 0.35586771 0.35222235 0.34857672 0.34493083 0.34128469 0.33763829
 0.33399165 0.33034477 0.32669764 0.32305029 0.31940271 0.31575491
 0.31210689 0.30845867 0.30481025 0.30116165 0.29751286 0.29386389
 0.29021477 0.28656549 0.28291607 0.27926652 0.27561686 0.27196709
 0.26831723 0.2646673  0.26101732 0.25736729 0.25371724 0.2500672
 0.24641717 0.24276719 0.23911728 0.23546747 0.23181778 0.22816824
 0.22451889 0.22086977 0.21722091 0.21357236 0.20992415 0.20627634
 0.20262897 0.19898211 0.19533582 0.19169015 0.18804519 0.184401
 0.18075768 0.17711531 0.173474   0.16983385 0.16619498 0.16255753
 0.15892163 0.15528744 0.15165514 0.14802491 0.14439697 0.14077154
 0.13714889 0.13352929 0.12991307 0.12630058 0.12269222 0.11908843
 0.1154897  0.11189661 0.10830979 0.10472996 0.10115795 0.09759469
 0.09404127 0.09049894 0.08696912 0.0834535  0.07995404 0.07647304
 0.07301322 0.06957782 0.06617072 0.06279661 0.05946118 0.05617143
 0.052936   0.04976573 0.04667428 0.04367914 0.04080295 0.03807537
 0.03553585 0.03323756 0.03125331 0.02968438 0.0286745  0.02843331
 0.02928105 0.03174947 0.03686175 0.04714897]
t =  [1.04250800e+09 1.04250804e+09 1.04250809e+09 1.04250813e+09
 1.04250817e+09 1.04250822e+09 1.04250826e+09 1.04250830e+09
 1.04250834e+09 1.04250839e+09 1.04250843e+09 1.04250847e+09
 1.04250852e+09 1.04250856e+09 1.04250860e+09 1.04250864e+09
 1.04250869e+09 1.04250873e+09 1.04250877e+09 1.04250882e+09
 1.04250886e+09 1.04250890e+09 1.04250895e+09 1.04250899e+09
 1.04250903e+09 1.04250907e+09 1.04250912e+09 1.04250916e+09
 1.04250920e+09 1.04250925e+09 1.04250929e+09 1.04250933e+09
 1.04250937e+09 1.04250942e+09 1.04250946e+09 1.04250950e+09
 1.04250955e+09 1.04250959e+09 1.04250963e+09 1.04250967e+09
 1.04250972e+09 1.04250976e+09 1.04250980e+09 1.04250985e+09
 1.04250989e+09 1.04250993e+09 1.04250998e+09 1.04251002e+09
 1.04251006e+09 1.04251010e+09 1.04251015e+09 1.04251019e+09
 1.04251023e+09 1.04251028e+09 1.04251032e+09 1.04251036e+09
 1.04251040e+09 1.04251045e+09 1.04251049e+09 1.04251053e+09
 1.04251058e+09 1.04251062e+09 1.04251066e+09 1.04251070e+09
 1.04251075e+09 1.04251079e+09 1.04251083e+09 1.04251088e+09
 1.04251092e+09 1.04251096e+09 1.04251101e+09 1.04251105e+09
 1.04251109e+09 1.04251113e+09 1.04251118e+09 1.04251122e+09
 1.04251126e+09 1.04251131e+09 1.04251135e+09 1.04251139e+09
 1.04251143e+09 1.04251148e+09 1.04251152e+09 1.04251156e+09
 1.04251161e+09 1.04251165e+09 1.04251169e+09 1.04251173e+09
 1.04251178e+09 1.04251182e+09 1.04251186e+09 1.04251191e+09
 1.04251195e+09 1.04251199e+09 1.04251204e+09 1.04251208e+09
 1.04251212e+09 1.04251216e+09 1.04251221e+09 1.04251225e+09
 1.04251229e+09 1.04251234e+09 1.04251238e+09 1.04251242e+09
 1.04251246e+09 1.04251251e+09 1.04251255e+09 1.04251259e+09
 1.04251264e+09 1.04251268e+09 1.04251272e+09 1.04251276e+09
 1.04251281e+09 1.04251285e+09 1.04251289e+09 1.04251294e+09
 1.04251298e+09 1.04251302e+09 1.04251307e+09 1.04251311e+09
 1.04251315e+09 1.04251319e+09 1.04251324e+09 1.04251328e+09
 1.04251332e+09 1.04251337e+09 1.04251341e+09 1.04251345e+09
 1.04251349e+09 1.04251354e+09 1.04251358e+09 1.04251362e+09
 1.04251367e+09 1.04251371e+09 1.04251375e+09 1.04251379e+09
 1.04251384e+09 1.04251388e+09 1.04251392e+09 1.04251397e+09
 1.04251401e+09 1.04251405e+09 1.04251410e+09 1.04251414e+09
 1.04251418e+09 1.04251422e+09 1.04251427e+09 1.04251431e+09
 1.04251435e+09 1.04251440e+09 1.04251444e+09 1.04251448e+09
 1.04251452e+09 1.04251457e+09 1.04251461e+09 1.04251465e+09
 1.04251470e+09 1.04251474e+09 1.04251478e+09 1.04251482e+09
 1.04251487e+09 1.04251491e+09 1.04251495e+09 1.04251500e+09
 1.04251504e+09 1.04251508e+09 1.04251513e+09 1.04251517e+09
 1.04251521e+09 1.04251525e+09 1.04251530e+09 1.04251534e+09
 1.04251538e+09 1.04251543e+09 1.04251547e+09 1.04251551e+09
 1.04251555e+09 1.04251560e+09 1.04251564e+09 1.04251568e+09
 1.04251573e+09 1.04251577e+09 1.04251581e+09 1.04251585e+09
 1.04251590e+09 1.04251594e+09 1.04251598e+09 1.04251603e+09
 1.04251607e+09 1.04251611e+09 1.04251616e+09 1.04251620e+09
 1.04251624e+09 1.04251628e+09 1.04251633e+09 1.04251637e+09
 1.04251641e+09 1.04251646e+09 1.04251650e+09 1.04251654e+09
 1.04251658e+09 1.04251663e+09 1.04251667e+09 1.04251671e+09
 1.04251676e+09 1.04251680e+09 1.04251684e+09 1.04251688e+09
 1.04251693e+09 1.04251697e+09 1.04251701e+09 1.04251706e+09
 1.04251710e+09 1.04251714e+09 1.04251719e+09 1.04251723e+09
 1.04251727e+09 1.04251731e+09 1.04251736e+09 1.04251740e+09
 1.04251744e+09 1.04251749e+09 1.04251753e+09 1.04251757e+09
 1.04251761e+09 1.04251766e+09 1.04251770e+09 1.04251774e+09
 1.04251779e+09 1.04251783e+09 1.04251787e+09 1.04251791e+09
 1.04251796e+09 1.04251800e+09 1.04251804e+09 1.04251809e+09
 1.04251813e+09 1.04251817e+09 1.04251822e+09 1.04251826e+09
 1.04251830e+09 1.04251834e+09 1.04251839e+09 1.04251843e+09
 1.04251847e+09 1.04251852e+09 1.04251856e+09 1.04251860e+09
 1.04251864e+09 1.04251869e+09 1.04251873e+09 1.04251877e+09
 1.04251882e+09 1.04251886e+09 1.04251890e+09 1.04251894e+09
 1.04251899e+09 1.04251903e+09 1.04251907e+09 1.04251912e+09
 1.04251916e+09 1.04251920e+09 1.04251925e+09 1.04251929e+09
 1.04251933e+09 1.04251937e+09 1.04251942e+09 1.04251946e+09
 1.04251950e+09 1.04251955e+09 1.04251959e+09 1.04251963e+09
 1.04251967e+09 1.04251972e+09 1.04251976e+09 1.04251980e+09
 1.04251985e+09 1.04251989e+09 1.04251993e+09 1.04251997e+09
 1.04252002e+09 1.04252006e+09 1.04252010e+09 1.04252015e+09
 1.04252019e+09 1.04252023e+09 1.04252028e+09 1.04252032e+09
 1.04252036e+09 1.04252040e+09 1.04252045e+09 1.04252049e+09
 1.04252053e+09 1.04252058e+09 1.04252062e+09 1.04252066e+09
 1.04252070e+09 1.04252075e+09 1.04252079e+09 1.04252083e+09
 1.04252088e+09 1.04252092e+09 1.04252096e+09 1.04252100e+09
 1.04252105e+09 1.04252109e+09 1.04252113e+09 1.04252118e+09
 1.04252122e+09 1.04252126e+09 1.04252131e+09 1.04252135e+09
 1.04252139e+09 1.04252143e+09 1.04252148e+09 1.04252152e+09
 1.04252156e+09 1.04252161e+09 1.04252165e+09 1.04252169e+09
 1.04252173e+09 1.04252178e+09 1.04252182e+09 1.04252186e+09
 1.04252191e+09 1.04252195e+09 1.04252199e+09 1.04252203e+09
 1.04252208e+09 1.04252212e+09 1.04252216e+09 1.04252221e+09
 1.04252225e+09 1.04252229e+09 1.04252234e+09 1.04252238e+09
 1.04252242e+09 1.04252246e+09 1.04252251e+09 1.04252255e+09
 1.04252259e+09 1.04252264e+09 1.04252268e+09 1.04252272e+09
 1.04252276e+09 1.04252281e+09 1.04252285e+09 1.04252289e+09
 1.04252294e+09 1.04252298e+09 1.04252302e+09 1.04252306e+09
 1.04252311e+09 1.04252315e+09 1.04252319e+09 1.04252324e+09
 1.04252328e+09 1.04252332e+09 1.04252337e+09 1.04252341e+09
 1.04252345e+09 1.04252349e+09 1.04252354e+09 1.04252358e+09
 1.04252362e+09 1.04252367e+09 1.04252371e+09 1.04252375e+09
 1.04252379e+09 1.04252384e+09 1.04252388e+09 1.04252392e+09
 1.04252397e+09 1.04252401e+09 1.04252405e+09 1.04252409e+09
 1.04252414e+09 1.04252418e+09 1.04252422e+09 1.04252427e+09
 1.04252431e+09 1.04252435e+09 1.04252440e+09 1.04252444e+09
 1.04252448e+09 1.04252452e+09 1.04252457e+09 1.04252461e+09
 1.04252465e+09 1.04252470e+09 1.04252474e+09 1.04252478e+09
 1.04252482e+09 1.04252487e+09 1.04252491e+09 1.04252495e+09
 1.04252500e+09 1.04252504e+09 1.04252508e+09 1.04252512e+09
 1.04252517e+09 1.04252521e+09 1.04252525e+09 1.04252530e+09
 1.04252534e+09 1.04252538e+09 1.04252543e+09 1.04252547e+09
 1.04252551e+09 1.04252555e+09 1.04252560e+09 1.04252564e+09
 1.04252568e+09 1.04252573e+09 1.04252577e+09 1.04252581e+09
 1.04252585e+09 1.04252590e+09 1.04252594e+09 1.04252598e+09
 1.04252603e+09 1.04252607e+09 1.04252611e+09 1.04252615e+09
 1.04252620e+09 1.04252624e+09 1.04252628e+09 1.04252633e+09
 1.04252637e+09 1.04252641e+09 1.04252646e+09 1.04252650e+09
 1.04252654e+09 1.04252658e+09 1.04252663e+09 1.04252667e+09
 1.04252671e+09 1.04252676e+09 1.04252680e+09 1.04252684e+09
 1.04252688e+09 1.04252693e+09 1.04252697e+09 1.04252701e+09
 1.04252706e+09 1.04252710e+09 1.04252714e+09 1.04252718e+09
 1.04252723e+09 1.04252727e+09 1.04252731e+09 1.04252736e+09
 1.04252740e+09 1.04252744e+09 1.04252749e+09 1.04252753e+09
 1.04252757e+09 1.04252761e+09 1.04252766e+09 1.04252770e+09
 1.04252774e+09 1.04252779e+09 1.04252783e+09 1.04252787e+09
 1.04252791e+09 1.04252796e+09 1.04252800e+09 1.04252804e+09
 1.04252809e+09 1.04252813e+09 1.04252817e+09 1.04252821e+09
 1.04252826e+09 1.04252830e+09 1.04252834e+09 1.04252839e+09
 1.04252843e+09 1.04252847e+09 1.04252852e+09 1.04252856e+09
 1.04252860e+09 1.04252864e+09 1.04252869e+09 1.04252873e+09
 1.04252877e+09 1.04252882e+09 1.04252886e+09 1.04252890e+09
 1.04252894e+09 1.04252899e+09 1.04252903e+09 1.04252907e+09
 1.04252912e+09 1.04252916e+09 1.04252920e+09 1.04252924e+09
 1.04252929e+09 1.04252933e+09 1.04252937e+09 1.04252942e+09
 1.04252946e+09 1.04252950e+09 1.04252955e+09 1.04252959e+09
 1.04252963e+09 1.04252967e+09 1.04252972e+09 1.04252976e+09
 1.04252980e+09 1.04252985e+09 1.04252989e+09 1.04252993e+09
 1.04252997e+09 1.04253002e+09 1.04253006e+09 1.04253010e+09
 1.04253015e+09 1.04253019e+09 1.04253023e+09 1.04253027e+09
 1.04253032e+09 1.04253036e+09 1.04253040e+09 1.04253045e+09
 1.04253049e+09 1.04253053e+09 1.04253058e+09 1.04253062e+09
 1.04253066e+09 1.04253070e+09 1.04253075e+09 1.04253079e+09
 1.04253083e+09 1.04253088e+09 1.04253092e+09 1.04253096e+09
 1.04253100e+09 1.04253105e+09 1.04253109e+09 1.04253113e+09
 1.04253118e+09 1.04253122e+09 1.04253126e+09 1.04253130e+09
 1.04253135e+09 1.04253139e+09 1.04253143e+09 1.04253148e+09
 1.04253152e+09 1.04253156e+09 1.04253161e+09 1.04253165e+09
 1.04253169e+09 1.04253173e+09 1.04253178e+09 1.04253182e+09
 1.04253186e+09 1.04253191e+09 1.04253195e+09 1.04253199e+09
 1.04253203e+09 1.04253208e+09 1.04253212e+09 1.04253216e+09
 1.04253221e+09 1.04253225e+09 1.04253229e+09 1.04253233e+09
 1.04253238e+09 1.04253242e+09 1.04253246e+09 1.04253251e+09
 1.04253255e+09 1.04253259e+09 1.04253264e+09 1.04253268e+09
 1.04253272e+09 1.04253276e+09 1.04253281e+09 1.04253285e+09
 1.04253289e+09 1.04253294e+09 1.04253298e+09 1.04253302e+09
 1.04253306e+09 1.04253311e+09 1.04253315e+09 1.04253319e+09
 1.04253324e+09 1.04253328e+09 1.04253332e+09 1.04253336e+09
 1.04253341e+09 1.04253345e+09 1.04253349e+09 1.04253354e+09
 1.04253358e+09 1.04253362e+09 1.04253367e+09 1.04253371e+09
 1.04253375e+09 1.04253379e+09 1.04253384e+09 1.04253388e+09
 1.04253392e+09 1.04253397e+09 1.04253401e+09 1.04253405e+09
 1.04253409e+09 1.04253414e+09 1.04253418e+09 1.04253422e+09
 1.04253427e+09 1.04253431e+09 1.04253435e+09 1.04253439e+09
 1.04253444e+09 1.04253448e+09 1.04253452e+09 1.04253457e+09
 1.04253461e+09 1.04253465e+09 1.04253470e+09 1.04253474e+09
 1.04253478e+09 1.04253482e+09 1.04253487e+09 1.04253491e+09
 1.04253495e+09 1.04253500e+09 1.04253504e+09 1.04253508e+09
 1.04253512e+09 1.04253517e+09 1.04253521e+09 1.04253525e+09
 1.04253530e+09 1.04253534e+09 1.04253538e+09 1.04253542e+09
 1.04253547e+09 1.04253551e+09 1.04253555e+09 1.04253560e+09
 1.04253564e+09 1.04253568e+09 1.04253573e+09 1.04253577e+09
 1.04253581e+09 1.04253585e+09 1.04253590e+09 1.04253594e+09
 1.04253598e+09 1.04253603e+09 1.04253607e+09 1.04253611e+09
 1.04253615e+09 1.04253620e+09 1.04253624e+09 1.04253628e+09
 1.04253633e+09 1.04253637e+09 1.04253641e+09 1.04253645e+09
 1.04253650e+09 1.04253654e+09 1.04253658e+09 1.04253663e+09
 1.04253667e+09 1.04253671e+09 1.04253676e+09 1.04253680e+09
 1.04253684e+09 1.04253688e+09 1.04253693e+09 1.04253697e+09
 1.04253701e+09 1.04253706e+09 1.04253710e+09 1.04253714e+09
 1.04253718e+09 1.04253723e+09 1.04253727e+09 1.04253731e+09
 1.04253736e+09 1.04253740e+09 1.04253744e+09 1.04253748e+09
 1.04253753e+09 1.04253757e+09 1.04253761e+09 1.04253766e+09
 1.04253770e+09 1.04253774e+09 1.04253779e+09 1.04253783e+09
 1.04253787e+09 1.04253791e+09 1.04253796e+09 1.04253800e+09
 1.04253804e+09 1.04253809e+09 1.04253813e+09 1.04253817e+09
 1.04253821e+09 1.04253826e+09 1.04253830e+09 1.04253834e+09
 1.04253839e+09 1.04253843e+09 1.04253847e+09 1.04253851e+09
 1.04253856e+09 1.04253860e+09 1.04253864e+09 1.04253869e+09
 1.04253873e+09 1.04253877e+09 1.04253882e+09 1.04253886e+09
 1.04253890e+09 1.04253894e+09 1.04253899e+09 1.04253903e+09
 1.04253907e+09 1.04253912e+09 1.04253916e+09 1.04253920e+09
 1.04253924e+09 1.04253929e+09 1.04253933e+09 1.04253937e+09
 1.04253942e+09 1.04253946e+09 1.04253950e+09 1.04253954e+09
 1.04253959e+09 1.04253963e+09 1.04253967e+09 1.04253972e+09
 1.04253976e+09 1.04253980e+09 1.04253985e+09 1.04253989e+09
 1.04253993e+09 1.04253997e+09 1.04254002e+09 1.04254006e+09
 1.04254010e+09 1.04254015e+09 1.04254019e+09 1.04254023e+09
 1.04254027e+09 1.04254032e+09 1.04254036e+09 1.04254040e+09
 1.04254045e+09 1.04254049e+09 1.04254053e+09 1.04254057e+09
 1.04254062e+09 1.04254066e+09 1.04254070e+09 1.04254075e+09
 1.04254079e+09 1.04254083e+09 1.04254088e+09 1.04254092e+09
 1.04254096e+09 1.04254100e+09 1.04254105e+09 1.04254109e+09
 1.04254113e+09 1.04254118e+09 1.04254122e+09 1.04254126e+09
 1.04254130e+09 1.04254135e+09 1.04254139e+09 1.04254143e+09
 1.04254148e+09 1.04254152e+09 1.04254156e+09 1.04254160e+09
 1.04254165e+09 1.04254169e+09 1.04254173e+09 1.04254178e+09
 1.04254182e+09 1.04254186e+09 1.04254191e+09 1.04254195e+09
 1.04254199e+09 1.04254203e+09 1.04254208e+09 1.04254212e+09
 1.04254216e+09 1.04254221e+09 1.04254225e+09 1.04254229e+09
 1.04254233e+09 1.04254238e+09 1.04254242e+09 1.04254246e+09
 1.04254251e+09 1.04254255e+09 1.04254259e+09 1.04254263e+09
 1.04254268e+09 1.04254272e+09 1.04254276e+09 1.04254281e+09
 1.04254285e+09 1.04254289e+09 1.04254294e+09 1.04254298e+09
 1.04254302e+09 1.04254306e+09 1.04254311e+09 1.04254315e+09
 1.04254319e+09 1.04254324e+09 1.04254328e+09 1.04254332e+09
 1.04254336e+09 1.04254341e+09 1.04254345e+09 1.04254349e+09
 1.04254354e+09 1.04254358e+09 1.04254362e+09 1.04254366e+09
 1.04254371e+09 1.04254375e+09 1.04254379e+09 1.04254384e+09
 1.04254388e+09 1.04254392e+09 1.04254397e+09 1.04254401e+09
 1.04254405e+09 1.04254409e+09 1.04254414e+09 1.04254418e+09
 1.04254422e+09 1.04254427e+09 1.04254431e+09 1.04254435e+09
 1.04254439e+09 1.04254444e+09 1.04254448e+09 1.04254452e+09
 1.04254457e+09 1.04254461e+09 1.04254465e+09 1.04254469e+09
 1.04254474e+09 1.04254478e+09 1.04254482e+09 1.04254487e+09
 1.04254491e+09 1.04254495e+09 1.04254500e+09 1.04254504e+09
 1.04254508e+09 1.04254512e+09 1.04254517e+09 1.04254521e+09
 1.04254525e+09 1.04254530e+09 1.04254534e+09 1.04254538e+09
 1.04254542e+09 1.04254547e+09 1.04254551e+09 1.04254555e+09
 1.04254560e+09 1.04254564e+09 1.04254568e+09 1.04254572e+09
 1.04254577e+09 1.04254581e+09 1.04254585e+09 1.04254590e+09
 1.04254594e+09 1.04254598e+09 1.04254603e+09 1.04254607e+09
 1.04254611e+09 1.04254615e+09 1.04254620e+09 1.04254624e+09
 1.04254628e+09 1.04254633e+09 1.04254637e+09 1.04254641e+09
 1.04254645e+09 1.04254650e+09 1.04254654e+09 1.04254658e+09
 1.04254663e+09 1.04254667e+09 1.04254671e+09 1.04254675e+09
 1.04254680e+09 1.04254684e+09 1.04254688e+09 1.04254693e+09
 1.04254697e+09 1.04254701e+09 1.04254706e+09 1.04254710e+09
 1.04254714e+09 1.04254718e+09 1.04254723e+09 1.04254727e+09
 1.04254731e+09 1.04254736e+09 1.04254740e+09 1.04254744e+09
 1.04254748e+09 1.04254753e+09 1.04254757e+09 1.04254761e+09
 1.04254766e+09 1.04254770e+09 1.04254774e+09 1.04254778e+09
 1.04254783e+09 1.04254787e+09 1.04254791e+09 1.04254796e+09
 1.04254800e+09 1.04254804e+09 1.04254809e+09 1.04254813e+09
 1.04254817e+09 1.04254821e+09 1.04254826e+09 1.04254830e+09
 1.04254834e+09 1.04254839e+09 1.04254843e+09 1.04254847e+09
 1.04254851e+09 1.04254856e+09 1.04254860e+09 1.04254864e+09
 1.04254869e+09 1.04254873e+09 1.04254877e+09 1.04254881e+09
 1.04254886e+09 1.04254890e+09 1.04254894e+09 1.04254899e+09
 1.04254903e+09 1.04254907e+09 1.04254912e+09 1.04254916e+09
 1.04254920e+09 1.04254924e+09 1.04254929e+09 1.04254933e+09
 1.04254937e+09 1.04254942e+09 1.04254946e+09 1.04254950e+09
 1.04254954e+09 1.04254959e+09 1.04254963e+09 1.04254967e+09
 1.04254972e+09 1.04254976e+09 1.04254980e+09 1.04254984e+09
 1.04254989e+09 1.04254993e+09 1.04254997e+09 1.04255002e+09
 1.04255006e+09 1.04255010e+09 1.04255015e+09 1.04255019e+09
 1.04255023e+09 1.04255027e+09 1.04255032e+09 1.04255036e+09
 1.04255040e+09 1.04255045e+09 1.04255049e+09 1.04255053e+09
 1.04255057e+09 1.04255062e+09 1.04255066e+09 1.04255070e+09
 1.04255075e+09 1.04255079e+09 1.04255083e+09 1.04255087e+09]
minRes = 0.028433311502312462
minResTime =  [1.0425507e+09]
