name =JUICE_ROI_CAL_5_0_02
flyby =  ['2032 DEC 27 21:06:34', '2032 DEC 28 21:06:34']
Observation TW =  <SpiceCell dtype = 1, length = 0, size = 3400, card = 14, is_set = 1, adjust = 0, init = 1, base = 2554801741872, data = 2554801741920>
Res(t) =  [3.4352719  3.43181952 3.42836727 3.42491514 3.42146314 3.41801126
 3.41455951 3.41110789 3.40765639 3.40420502 3.40075377 3.39730264
 3.39385164 3.39040077 3.38695002 3.38349939 3.38004889 3.37659851
 3.37314825 3.36969812 3.36624811 3.36279823 3.35934847 3.35589883
 3.35244932 3.34899993 3.34555066 3.34210151 3.33865249 3.33520358
 3.3317548  3.32830615 3.32485761 3.3214092  3.31796091 3.31451274
 3.31106469 3.30761676 3.30416895 3.30072126 3.2972737  3.29382626
 3.29037893 3.28693173 3.28348464 3.28003768 3.27659084 3.27314411
 3.26969751 3.26625103 3.26280466 3.25935842 3.25591229 3.25246628
 3.24902039 3.24557462 3.24212897 3.23868344 3.23523802 3.23179273
 3.22834755 3.22490249 3.22145755 3.21801272 3.21456801 3.21112342
 3.20767895 3.20423459 3.20079036 3.19734623 3.19390223 3.19045834
 3.18701456 3.18357091 3.18012737 3.17668394 3.17324063 3.16979744
 3.16635436 3.1629114  3.15946855 3.15602582 3.1525832  3.1491407
 3.14569831 3.14225604 3.13881388 3.13537184 3.13192991 3.12848809
 3.12504639 3.1216048  3.11816332 3.11472196 3.11128071 3.10783958
 3.10439856 3.10095765 3.09751685 3.09407616 3.09063559 3.08719513
 3.08375478 3.08031455 3.07687443 3.07343441 3.06999451 3.06655472
 3.06311505 3.05967548 3.05623602 3.05279668 3.04935744 3.04591832
 3.04247931 3.03904041 3.03560161 3.03216293 3.02872436 3.0252859
 3.02184754 3.0184093  3.01497116 3.01153314 3.00809522 3.00465741
 3.00121972 2.99778213 2.99434464 2.99090727 2.98747001 2.98403285
 2.9805958  2.97715886 2.97372202 2.9702853  2.96684868 2.96341217
 2.95997576 2.95653946 2.95310327 2.94966719 2.94623121 2.94279534
 2.93935957 2.93592391 2.93248836 2.92905291 2.92561757 2.92218233
 2.9187472  2.91531217 2.91187725 2.90844243 2.90500772 2.90157311
 2.89813861 2.89470421 2.89126992 2.88783573 2.88440164 2.88096766
 2.87753378 2.8741     2.87066633 2.86723276 2.8637993  2.86036593
 2.85693267 2.85349952 2.85006646 2.84663351 2.84320066 2.83976791
 2.83633526 2.83290272 2.82947027 2.82603793 2.82260569 2.81917355
 2.81574151 2.81230957 2.80887773 2.805446   2.80201436 2.79858283
 2.79515139 2.79172005 2.78828882 2.78485768 2.78142665 2.77799571
 2.77456487 2.77113413 2.76770349 2.76427295 2.76084251 2.75741216
 2.75398192 2.75055177 2.74712172 2.74369177 2.74026192 2.73683216
 2.7334025  2.72997294 2.72654348 2.72311411 2.71968485 2.71625567
 2.7128266  2.70939762 2.70596873 2.70253995 2.69911126 2.69568266
 2.69225416 2.68882576 2.68539745 2.68196924 2.67854112 2.6751131
 2.67168517 2.66825734 2.6648296  2.66140196 2.65797441 2.65454695
 2.65111959 2.64769232 2.64426515 2.64083807 2.63741108 2.63398419
 2.63055739 2.62713068 2.62370407 2.62027755 2.61685112 2.61342478
 2.60999854 2.60657239 2.60314633 2.59972036 2.59629448 2.59286869
 2.589443   2.5860174  2.58259189 2.57916647 2.57574114 2.5723159
 2.56889075 2.56546569 2.56204072 2.55861584 2.55519105 2.55176635
 2.54834175 2.54491723 2.5414928  2.53806845 2.5346442  2.53122004
 2.52779596 2.52437198 2.52094808 2.51752427 2.51410055 2.51067692
 2.50725337 2.50382991 2.50040654 2.49698326 2.49356006 2.49013695
 2.48671393 2.483291   2.47986815 2.47644539 2.47302271 2.46960012
 2.46617762 2.4627552  2.45933287 2.45591062 2.45248846 2.44906638
 2.44564439 2.44222249 2.43880067 2.43537893 2.43195728 2.42853571
 2.42511423 2.42169283 2.41827152 2.41485028 2.41142914 2.40800807
 2.40458709 2.40116619 2.39774538 2.39432465 2.390904   2.38748343
 2.38406295 2.38064254 2.37722222 2.37380199 2.37038183 2.36696176
 2.36354176 2.36012185 2.35670202 2.35328227 2.3498626  2.34644301
 2.34302351 2.33960408 2.33618473 2.33276547 2.32934628 2.32592718
 2.32250815 2.3190892  2.31567033 2.31225154 2.30883283 2.3054142
 2.30199565 2.29857718 2.29515878 2.29174047 2.28832223 2.28490407
 2.28148599 2.27806798 2.27465005 2.2712322  2.26781443 2.26439674
 2.26097912 2.25756157 2.25414411 2.25072672 2.24730941 2.24389217
 2.24047501 2.23705793 2.23364092 2.23022398 2.22680713 2.22339034
 2.21997364 2.216557   2.21314045 2.20972396 2.20630755 2.20289122
 2.19947496 2.19605877 2.19264266 2.18922662 2.18581066 2.18239477
 2.17897895 2.1755632  2.17214753 2.16873193 2.1653164  2.16190095
 2.15848557 2.15507026 2.15165502 2.14823985 2.14482476 2.14140973
 2.13799478 2.1345799  2.13116509 2.12775035 2.12433569 2.12092109
 2.11750656 2.11409211 2.11067772 2.1072634  2.10384916 2.10043498
 2.09702087 2.09360683 2.09019286 2.08677896 2.08336513 2.07995137
 2.07653768 2.07312405 2.0697105  2.06629701 2.06288359 2.05947023
 2.05605695 2.05264373 2.04923058 2.04581749 2.04240448 2.03899153
 2.03557864 2.03216583 2.02875308 2.02534039 2.02192778 2.01851522
 2.01510274 2.01169032 2.00827796 2.00486567 2.00145345 1.99804129
 1.99462919 1.99121716 1.98780519 1.98439329 1.98098145 1.97756968
 1.97415797 1.97074632 1.96733474 1.96392322 1.96051177 1.95710037
 1.95368904 1.95027777 1.94686657 1.94345543 1.94004435 1.93663333
 1.93322237 1.92981148 1.92640065 1.92298987 1.91957916 1.91616851
 1.91275793 1.9093474  1.90593693 1.90252653 1.89911618 1.8957059
 1.89229567 1.8888855  1.8854754  1.88206535 1.87865536 1.87524544
 1.87183557 1.86842576 1.86501601 1.86160631 1.85819668 1.8547871
 1.85137758 1.84796812 1.84455872 1.84114938 1.83774009 1.83433086
 1.83092169 1.82751257 1.82410351 1.82069451 1.81728556 1.81387667
 1.81046784 1.80705906 1.80365034 1.80024167 1.79683306 1.79342451
 1.79001601 1.78660756 1.78319917 1.77979084 1.77638256 1.77297433
 1.76956616 1.76615804 1.76274997 1.75934196 1.75593401 1.7525261
 1.74911825 1.74571045 1.74230271 1.73889502 1.73548738 1.73207979
 1.72867226 1.72526477 1.72185734 1.71844996 1.71504264 1.71163536
 1.70822814 1.70482096 1.70141384 1.69800677 1.69459975 1.69119278
 1.68778586 1.68437898 1.68097216 1.67756539 1.67415867 1.670752
 1.66734538 1.66393881 1.66053228 1.65712581 1.65371938 1.650313
 1.64690667 1.64350039 1.64009416 1.63668797 1.63328183 1.62987574
 1.6264697  1.6230637  1.61965775 1.61625185 1.612846   1.60944019
 1.60603442 1.60262871 1.59922304 1.59581741 1.59241183 1.5890063
 1.58560081 1.58219537 1.57878997 1.57538462 1.57197931 1.56857404
 1.56516882 1.56176365 1.55835852 1.55495343 1.55154839 1.54814339
 1.54473843 1.54133352 1.53792865 1.53452382 1.53111903 1.52771429
 1.52430959 1.52090493 1.51750032 1.51409574 1.51069121 1.50728672
 1.50388227 1.50047787 1.4970735  1.49366917 1.49026489 1.48686064
 1.48345644 1.48005228 1.47664815 1.47324407 1.46984002 1.46643602
 1.46303205 1.45962813 1.45622424 1.45282039 1.44941658 1.44601281
 1.44260908 1.43920539 1.43580173 1.43239812 1.42899454 1.42559099
 1.42218749 1.41878402 1.41538059 1.4119772  1.40857384 1.40517052
 1.40176724 1.39836399 1.39496078 1.3915576  1.38815446 1.38475136
 1.38134829 1.37794526 1.37454226 1.3711393  1.36773637 1.36433348
 1.36093062 1.3575278  1.35412501 1.35072225 1.34731953 1.34391684
 1.34051418 1.33711156 1.33370898 1.33030642 1.3269039  1.32350141
 1.32009895 1.31669653 1.31329413 1.30989177 1.30648945 1.30308715
 1.29968488 1.29628265 1.29288045 1.28947828 1.28607614 1.28267403
 1.27927195 1.2758699  1.27246789 1.2690659  1.26566394 1.26226201
 1.25886012 1.25545825 1.25205641 1.2486546  1.24525282 1.24185107
 1.23844935 1.23504765 1.23164599 1.22824435 1.22484274 1.22144116
 1.21803961 1.21463808 1.21123658 1.20783511 1.20443367 1.20103225
 1.19763087 1.1942295  1.19082817 1.18742686 1.18402558 1.18062432
 1.17722309 1.17382189 1.17042071 1.16701956 1.16361843 1.16021733
 1.15681625 1.1534152  1.15001418 1.14661318 1.1432122  1.13981125
 1.13641032 1.13300942 1.12960854 1.12620768 1.12280685 1.11940604
 1.11600526 1.1126045  1.10920376 1.10580305 1.10240236 1.09900169
 1.09560104 1.09220042 1.08879982 1.08539924 1.08199869 1.07859815
 1.07519764 1.07179715 1.06839669 1.06499624 1.06159582 1.05819541
 1.05479503 1.05139467 1.04799434 1.04459402 1.04119372 1.03779345
 1.03439319 1.03099296 1.02759274 1.02419255 1.02079238 1.01739222
 1.01399209 1.01059198 1.00719188 1.00379181 1.00039176 0.99699172
 0.99359171 0.99019171 0.98679174 0.98339178 0.97999185 0.97659193
 0.97319203 0.96979215 0.96639229 0.96299245 0.95959262 0.95619282
 0.95279303 0.94939327 0.94599352 0.94259379 0.93919408 0.93579439
 0.93239471 0.92899506 0.92559542 0.9221958  0.9187962  0.91539661
 0.91199705 0.9085975  0.90519797 0.90179846 0.89839897 0.8949995
 0.89160004 0.8882006  0.88480119 0.88140178 0.8780024  0.87460304
 0.87120369 0.86780436 0.86440505 0.86100576 0.85760648 0.85420723
 0.85080799 0.84740877 0.84400957 0.84061039 0.83721123 0.83381209
 0.83041296 0.82701386 0.82361477 0.8202157  0.81681665 0.81341762
 0.81001861 0.80661963 0.80322066 0.79982171 0.79642278 0.79302387
 0.78962498 0.78622611 0.78282726 0.77942843 0.77602963 0.77263084
 0.76923208 0.76583334 0.76243462 0.75903592 0.75563725 0.7522386
 0.74883997 0.74544137 0.74204279 0.73864423 0.7352457  0.73184719
 0.72844871 0.72505025 0.72165182 0.71825342 0.71485504 0.71145669
 0.70805837 0.70466008 0.70126181 0.69786357 0.69446537 0.69106719
 0.68766904 0.68427093 0.68087284 0.67747479 0.67407677 0.67067879
 0.66728084 0.66388292 0.66048504 0.6570872  0.6536894  0.65029163
 0.6468939  0.64349621 0.64009856 0.63670095 0.63330339 0.62990587
 0.62650839 0.62311096 0.61971357 0.61631623 0.61291894 0.6095217
 0.60612451 0.60272738 0.59933029 0.59593326 0.59253629 0.58913938
 0.58574252 0.58234572 0.57894899 0.57555232 0.57215571 0.56875917
 0.5653627  0.56196631 0.55856998 0.55517372 0.55177755 0.54838145
 0.54498543 0.54158949 0.53819364 0.53589169 0.53249654 0.52910148
 0.52570653 0.52231168 0.51891694 0.51552232 0.51212781 0.50873342
 0.50533916 0.50194501 0.498551   0.49515712 0.49176338 0.48836978
 0.48497632 0.48158301 0.47818985 0.47479685 0.47140402 0.46801135
 0.46461885 0.46122653 0.4578344  0.45444245 0.45105069 0.44765914
 0.44426779 0.44087666 0.43748574 0.43409505 0.43070459 0.42731438
 0.42392441 0.4205347  0.41714525 0.41375607 0.41036718 0.40697858
 0.40359028 0.40020229 0.39681462 0.39342728 0.39004029 0.38665365
 0.38326738 0.37988149 0.37649599 0.3731109  0.36972623 0.366342
 0.36295821 0.3595749  0.35619207 0.35280974 0.34942794 0.34604667
 0.34266596 0.33928584 0.33590631 0.33252742 0.32914917 0.3257716
 0.32239473 0.31901859 0.31564321 0.31226862 0.30889484 0.30552193
 0.3021499  0.29877879 0.29540865 0.29203952 0.28867143 0.28530444
 0.28193858 0.27857392 0.2752105  0.27184838 0.26848762 0.26512828
 0.26177042 0.25841412 0.25505945 0.25170648 0.24835531 0.24500601
 0.24165867 0.23831341 0.23497032 0.23162952 0.22829112 0.22495525
 0.22162205 0.21829165 0.21496423 0.21163993 0.20831894 0.20500146
 0.20168767 0.1983778  0.1950721  0.1917708  0.18847419 0.18518256
 0.18189623 0.17861556 0.17534091 0.17207269 0.16881135 0.16555738
 0.1623113  0.15907369 0.15584519 0.1526265  0.14941837 0.14622166
 0.1430373  0.13986632 0.13670988 0.13356924 0.13044583 0.12734126
 0.12425732 0.12119601 0.11815964 0.11515078 0.11217237 0.1092278
 0.10632093 0.10345622 0.10063884 0.09787482 0.09517123 0.09253641
 0.08998026 0.08751465 0.08515389 0.08291544 0.0808208  0.07889678
 0.07717729 0.07570596 0.07453993 0.07375597 0.07346014 0.07380441
 0.07501695 0.07746172 0.08176949 0.08916964]
t =  [1.04106646e+09 1.04106651e+09 1.04106655e+09 1.04106659e+09
 1.04106663e+09 1.04106668e+09 1.04106672e+09 1.04106676e+09
 1.04106680e+09 1.04106685e+09 1.04106689e+09 1.04106693e+09
 1.04106697e+09 1.04106702e+09 1.04106706e+09 1.04106710e+09
 1.04106714e+09 1.04106719e+09 1.04106723e+09 1.04106727e+09
 1.04106732e+09 1.04106736e+09 1.04106740e+09 1.04106744e+09
 1.04106749e+09 1.04106753e+09 1.04106757e+09 1.04106761e+09
 1.04106766e+09 1.04106770e+09 1.04106774e+09 1.04106778e+09
 1.04106783e+09 1.04106787e+09 1.04106791e+09 1.04106795e+09
 1.04106800e+09 1.04106804e+09 1.04106808e+09 1.04106813e+09
 1.04106817e+09 1.04106821e+09 1.04106825e+09 1.04106830e+09
 1.04106834e+09 1.04106838e+09 1.04106842e+09 1.04106847e+09
 1.04106851e+09 1.04106855e+09 1.04106859e+09 1.04106864e+09
 1.04106868e+09 1.04106872e+09 1.04106876e+09 1.04106881e+09
 1.04106885e+09 1.04106889e+09 1.04106893e+09 1.04106898e+09
 1.04106902e+09 1.04106906e+09 1.04106911e+09 1.04106915e+09
 1.04106919e+09 1.04106923e+09 1.04106928e+09 1.04106932e+09
 1.04106936e+09 1.04106940e+09 1.04106945e+09 1.04106949e+09
 1.04106953e+09 1.04106957e+09 1.04106962e+09 1.04106966e+09
 1.04106970e+09 1.04106974e+09 1.04106979e+09 1.04106983e+09
 1.04106987e+09 1.04106991e+09 1.04106996e+09 1.04107000e+09
 1.04107004e+09 1.04107009e+09 1.04107013e+09 1.04107017e+09
 1.04107021e+09 1.04107026e+09 1.04107030e+09 1.04107034e+09
 1.04107038e+09 1.04107043e+09 1.04107047e+09 1.04107051e+09
 1.04107055e+09 1.04107060e+09 1.04107064e+09 1.04107068e+09
 1.04107072e+09 1.04107077e+09 1.04107081e+09 1.04107085e+09
 1.04107089e+09 1.04107094e+09 1.04107098e+09 1.04107102e+09
 1.04107107e+09 1.04107111e+09 1.04107115e+09 1.04107119e+09
 1.04107124e+09 1.04107128e+09 1.04107132e+09 1.04107136e+09
 1.04107141e+09 1.04107145e+09 1.04107149e+09 1.04107153e+09
 1.04107158e+09 1.04107162e+09 1.04107166e+09 1.04107170e+09
 1.04107175e+09 1.04107179e+09 1.04107183e+09 1.04107187e+09
 1.04107192e+09 1.04107196e+09 1.04107200e+09 1.04107205e+09
 1.04107209e+09 1.04107213e+09 1.04107217e+09 1.04107222e+09
 1.04107226e+09 1.04107230e+09 1.04107234e+09 1.04107239e+09
 1.04107243e+09 1.04107247e+09 1.04107251e+09 1.04107256e+09
 1.04107260e+09 1.04107264e+09 1.04107268e+09 1.04107273e+09
 1.04107277e+09 1.04107281e+09 1.04107286e+09 1.04107290e+09
 1.04107294e+09 1.04107298e+09 1.04107303e+09 1.04107307e+09
 1.04107311e+09 1.04107315e+09 1.04107320e+09 1.04107324e+09
 1.04107328e+09 1.04107332e+09 1.04107337e+09 1.04107341e+09
 1.04107345e+09 1.04107349e+09 1.04107354e+09 1.04107358e+09
 1.04107362e+09 1.04107366e+09 1.04107371e+09 1.04107375e+09
 1.04107379e+09 1.04107384e+09 1.04107388e+09 1.04107392e+09
 1.04107396e+09 1.04107401e+09 1.04107405e+09 1.04107409e+09
 1.04107413e+09 1.04107418e+09 1.04107422e+09 1.04107426e+09
 1.04107430e+09 1.04107435e+09 1.04107439e+09 1.04107443e+09
 1.04107447e+09 1.04107452e+09 1.04107456e+09 1.04107460e+09
 1.04107464e+09 1.04107469e+09 1.04107473e+09 1.04107477e+09
 1.04107482e+09 1.04107486e+09 1.04107490e+09 1.04107494e+09
 1.04107499e+09 1.04107503e+09 1.04107507e+09 1.04107511e+09
 1.04107516e+09 1.04107520e+09 1.04107524e+09 1.04107528e+09
 1.04107533e+09 1.04107537e+09 1.04107541e+09 1.04107545e+09
 1.04107550e+09 1.04107554e+09 1.04107558e+09 1.04107562e+09
 1.04107567e+09 1.04107571e+09 1.04107575e+09 1.04107580e+09
 1.04107584e+09 1.04107588e+09 1.04107592e+09 1.04107597e+09
 1.04107601e+09 1.04107605e+09 1.04107609e+09 1.04107614e+09
 1.04107618e+09 1.04107622e+09 1.04107626e+09 1.04107631e+09
 1.04107635e+09 1.04107639e+09 1.04107643e+09 1.04107648e+09
 1.04107652e+09 1.04107656e+09 1.04107660e+09 1.04107665e+09
 1.04107669e+09 1.04107673e+09 1.04107678e+09 1.04107682e+09
 1.04107686e+09 1.04107690e+09 1.04107695e+09 1.04107699e+09
 1.04107703e+09 1.04107707e+09 1.04107712e+09 1.04107716e+09
 1.04107720e+09 1.04107724e+09 1.04107729e+09 1.04107733e+09
 1.04107737e+09 1.04107741e+09 1.04107746e+09 1.04107750e+09
 1.04107754e+09 1.04107759e+09 1.04107763e+09 1.04107767e+09
 1.04107771e+09 1.04107776e+09 1.04107780e+09 1.04107784e+09
 1.04107788e+09 1.04107793e+09 1.04107797e+09 1.04107801e+09
 1.04107805e+09 1.04107810e+09 1.04107814e+09 1.04107818e+09
 1.04107822e+09 1.04107827e+09 1.04107831e+09 1.04107835e+09
 1.04107839e+09 1.04107844e+09 1.04107848e+09 1.04107852e+09
 1.04107857e+09 1.04107861e+09 1.04107865e+09 1.04107869e+09
 1.04107874e+09 1.04107878e+09 1.04107882e+09 1.04107886e+09
 1.04107891e+09 1.04107895e+09 1.04107899e+09 1.04107903e+09
 1.04107908e+09 1.04107912e+09 1.04107916e+09 1.04107920e+09
 1.04107925e+09 1.04107929e+09 1.04107933e+09 1.04107937e+09
 1.04107942e+09 1.04107946e+09 1.04107950e+09 1.04107955e+09
 1.04107959e+09 1.04107963e+09 1.04107967e+09 1.04107972e+09
 1.04107976e+09 1.04107980e+09 1.04107984e+09 1.04107989e+09
 1.04107993e+09 1.04107997e+09 1.04108001e+09 1.04108006e+09
 1.04108010e+09 1.04108014e+09 1.04108018e+09 1.04108023e+09
 1.04108027e+09 1.04108031e+09 1.04108035e+09 1.04108040e+09
 1.04108044e+09 1.04108048e+09 1.04108053e+09 1.04108057e+09
 1.04108061e+09 1.04108065e+09 1.04108070e+09 1.04108074e+09
 1.04108078e+09 1.04108082e+09 1.04108087e+09 1.04108091e+09
 1.04108095e+09 1.04108099e+09 1.04108104e+09 1.04108108e+09
 1.04108112e+09 1.04108116e+09 1.04108121e+09 1.04108125e+09
 1.04108129e+09 1.04108133e+09 1.04108138e+09 1.04108142e+09
 1.04108146e+09 1.04108151e+09 1.04108155e+09 1.04108159e+09
 1.04108163e+09 1.04108168e+09 1.04108172e+09 1.04108176e+09
 1.04108180e+09 1.04108185e+09 1.04108189e+09 1.04108193e+09
 1.04108197e+09 1.04108202e+09 1.04108206e+09 1.04108210e+09
 1.04108214e+09 1.04108219e+09 1.04108223e+09 1.04108227e+09
 1.04108232e+09 1.04108236e+09 1.04108240e+09 1.04108244e+09
 1.04108249e+09 1.04108253e+09 1.04108257e+09 1.04108261e+09
 1.04108266e+09 1.04108270e+09 1.04108274e+09 1.04108278e+09
 1.04108283e+09 1.04108287e+09 1.04108291e+09 1.04108295e+09
 1.04108300e+09 1.04108304e+09 1.04108308e+09 1.04108312e+09
 1.04108317e+09 1.04108321e+09 1.04108325e+09 1.04108330e+09
 1.04108334e+09 1.04108338e+09 1.04108342e+09 1.04108347e+09
 1.04108351e+09 1.04108355e+09 1.04108359e+09 1.04108364e+09
 1.04108368e+09 1.04108372e+09 1.04108376e+09 1.04108381e+09
 1.04108385e+09 1.04108389e+09 1.04108393e+09 1.04108398e+09
 1.04108402e+09 1.04108406e+09 1.04108410e+09 1.04108415e+09
 1.04108419e+09 1.04108423e+09 1.04108428e+09 1.04108432e+09
 1.04108436e+09 1.04108440e+09 1.04108445e+09 1.04108449e+09
 1.04108453e+09 1.04108457e+09 1.04108462e+09 1.04108466e+09
 1.04108470e+09 1.04108474e+09 1.04108479e+09 1.04108483e+09
 1.04108487e+09 1.04108491e+09 1.04108496e+09 1.04108500e+09
 1.04108504e+09 1.04108508e+09 1.04108513e+09 1.04108517e+09
 1.04108521e+09 1.04108526e+09 1.04108530e+09 1.04108534e+09
 1.04108538e+09 1.04108543e+09 1.04108547e+09 1.04108551e+09
 1.04108555e+09 1.04108560e+09 1.04108564e+09 1.04108568e+09
 1.04108572e+09 1.04108577e+09 1.04108581e+09 1.04108585e+09
 1.04108589e+09 1.04108594e+09 1.04108598e+09 1.04108602e+09
 1.04108606e+09 1.04108611e+09 1.04108615e+09 1.04108619e+09
 1.04108624e+09 1.04108628e+09 1.04108632e+09 1.04108636e+09
 1.04108641e+09 1.04108645e+09 1.04108649e+09 1.04108653e+09
 1.04108658e+09 1.04108662e+09 1.04108666e+09 1.04108670e+09
 1.04108675e+09 1.04108679e+09 1.04108683e+09 1.04108687e+09
 1.04108692e+09 1.04108696e+09 1.04108700e+09 1.04108705e+09
 1.04108709e+09 1.04108713e+09 1.04108717e+09 1.04108722e+09
 1.04108726e+09 1.04108730e+09 1.04108734e+09 1.04108739e+09
 1.04108743e+09 1.04108747e+09 1.04108751e+09 1.04108756e+09
 1.04108760e+09 1.04108764e+09 1.04108768e+09 1.04108773e+09
 1.04108777e+09 1.04108781e+09 1.04108785e+09 1.04108790e+09
 1.04108794e+09 1.04108798e+09 1.04108803e+09 1.04108807e+09
 1.04108811e+09 1.04108815e+09 1.04108820e+09 1.04108824e+09
 1.04108828e+09 1.04108832e+09 1.04108837e+09 1.04108841e+09
 1.04108845e+09 1.04108849e+09 1.04108854e+09 1.04108858e+09
 1.04108862e+09 1.04108866e+09 1.04108871e+09 1.04108875e+09
 1.04108879e+09 1.04108883e+09 1.04108888e+09 1.04108892e+09
 1.04108896e+09 1.04108901e+09 1.04108905e+09 1.04108909e+09
 1.04108913e+09 1.04108918e+09 1.04108922e+09 1.04108926e+09
 1.04108930e+09 1.04108935e+09 1.04108939e+09 1.04108943e+09
 1.04108947e+09 1.04108952e+09 1.04108956e+09 1.04108960e+09
 1.04108964e+09 1.04108969e+09 1.04108973e+09 1.04108977e+09
 1.04108981e+09 1.04108986e+09 1.04108990e+09 1.04108994e+09
 1.04108999e+09 1.04109003e+09 1.04109007e+09 1.04109011e+09
 1.04109016e+09 1.04109020e+09 1.04109024e+09 1.04109028e+09
 1.04109033e+09 1.04109037e+09 1.04109041e+09 1.04109045e+09
 1.04109050e+09 1.04109054e+09 1.04109058e+09 1.04109062e+09
 1.04109067e+09 1.04109071e+09 1.04109075e+09 1.04109079e+09
 1.04109084e+09 1.04109088e+09 1.04109092e+09 1.04109097e+09
 1.04109101e+09 1.04109105e+09 1.04109109e+09 1.04109114e+09
 1.04109118e+09 1.04109122e+09 1.04109126e+09 1.04109131e+09
 1.04109135e+09 1.04109139e+09 1.04109143e+09 1.04109148e+09
 1.04109152e+09 1.04109156e+09 1.04109160e+09 1.04109165e+09
 1.04109169e+09 1.04109173e+09 1.04109178e+09 1.04109182e+09
 1.04109186e+09 1.04109190e+09 1.04109195e+09 1.04109199e+09
 1.04109203e+09 1.04109207e+09 1.04109212e+09 1.04109216e+09
 1.04109220e+09 1.04109224e+09 1.04109229e+09 1.04109233e+09
 1.04109237e+09 1.04109241e+09 1.04109246e+09 1.04109250e+09
 1.04109254e+09 1.04109258e+09 1.04109263e+09 1.04109267e+09
 1.04109271e+09 1.04109276e+09 1.04109280e+09 1.04109284e+09
 1.04109288e+09 1.04109293e+09 1.04109297e+09 1.04109301e+09
 1.04109305e+09 1.04109310e+09 1.04109314e+09 1.04109318e+09
 1.04109322e+09 1.04109327e+09 1.04109331e+09 1.04109335e+09
 1.04109339e+09 1.04109344e+09 1.04109348e+09 1.04109352e+09
 1.04109356e+09 1.04109361e+09 1.04109365e+09 1.04109369e+09
 1.04109374e+09 1.04109378e+09 1.04109382e+09 1.04109386e+09
 1.04109391e+09 1.04109395e+09 1.04109399e+09 1.04109403e+09
 1.04109408e+09 1.04109412e+09 1.04109416e+09 1.04109420e+09
 1.04109425e+09 1.04109429e+09 1.04109433e+09 1.04109437e+09
 1.04109442e+09 1.04109446e+09 1.04109450e+09 1.04109454e+09
 1.04109459e+09 1.04109463e+09 1.04109467e+09 1.04109472e+09
 1.04109476e+09 1.04109480e+09 1.04109484e+09 1.04109489e+09
 1.04109493e+09 1.04109497e+09 1.04109501e+09 1.04109506e+09
 1.04109510e+09 1.04109514e+09 1.04109518e+09 1.04109523e+09
 1.04109527e+09 1.04109531e+09 1.04109535e+09 1.04109540e+09
 1.04109544e+09 1.04109548e+09 1.04109552e+09 1.04109557e+09
 1.04109561e+09 1.04109565e+09 1.04109570e+09 1.04109574e+09
 1.04109578e+09 1.04109582e+09 1.04109587e+09 1.04109591e+09
 1.04109595e+09 1.04109599e+09 1.04109604e+09 1.04109608e+09
 1.04109612e+09 1.04109616e+09 1.04109621e+09 1.04109625e+09
 1.04109629e+09 1.04109633e+09 1.04109638e+09 1.04109642e+09
 1.04109646e+09 1.04109651e+09 1.04109655e+09 1.04109659e+09
 1.04109663e+09 1.04109668e+09 1.04109672e+09 1.04109676e+09
 1.04109680e+09 1.04109685e+09 1.04109689e+09 1.04109693e+09
 1.04109697e+09 1.04109702e+09 1.04109706e+09 1.04109710e+09
 1.04109714e+09 1.04109719e+09 1.04109723e+09 1.04109727e+09
 1.04109731e+09 1.04109736e+09 1.04109740e+09 1.04109744e+09
 1.04109749e+09 1.04109753e+09 1.04109757e+09 1.04109761e+09
 1.04109766e+09 1.04109770e+09 1.04109774e+09 1.04109778e+09
 1.04109783e+09 1.04109787e+09 1.04109791e+09 1.04109795e+09
 1.04109800e+09 1.04109804e+09 1.04109808e+09 1.04109812e+09
 1.04109817e+09 1.04109821e+09 1.04109825e+09 1.04109829e+09
 1.04109834e+09 1.04109838e+09 1.04109842e+09 1.04109847e+09
 1.04109851e+09 1.04109855e+09 1.04109859e+09 1.04109864e+09
 1.04109868e+09 1.04109872e+09 1.04109876e+09 1.04109881e+09
 1.04109885e+09 1.04109889e+09 1.04109893e+09 1.04109898e+09
 1.04109902e+09 1.04109906e+09 1.04109910e+09 1.04109915e+09
 1.04109919e+09 1.04109923e+09 1.04109927e+09 1.04109932e+09
 1.04109936e+09 1.04109940e+09 1.04109945e+09 1.04109949e+09
 1.04109953e+09 1.04109957e+09 1.04109962e+09 1.04109966e+09
 1.04109970e+09 1.04109974e+09 1.04109979e+09 1.04109983e+09
 1.04109987e+09 1.04109991e+09 1.04109996e+09 1.04110000e+09
 1.04110004e+09 1.04110008e+09 1.04110013e+09 1.04110017e+09
 1.04110021e+09 1.04110025e+09 1.04110030e+09 1.04110034e+09
 1.04110038e+09 1.04110043e+09 1.04110047e+09 1.04110051e+09
 1.04110055e+09 1.04110060e+09 1.04110064e+09 1.04110068e+09
 1.04110072e+09 1.04110077e+09 1.04110081e+09 1.04110085e+09
 1.04110089e+09 1.04110094e+09 1.04110098e+09 1.04110102e+09
 1.04110106e+09 1.04110111e+09 1.04110115e+09 1.04110119e+09
 1.04110124e+09 1.04110128e+09 1.04110132e+09 1.04110136e+09
 1.04110141e+09 1.04110145e+09 1.04110149e+09 1.04110153e+09
 1.04110158e+09 1.04110162e+09 1.04110166e+09 1.04110170e+09
 1.04110175e+09 1.04110179e+09 1.04110183e+09 1.04110187e+09
 1.04110192e+09 1.04110196e+09 1.04110200e+09 1.04110204e+09
 1.04110209e+09 1.04110213e+09 1.04110217e+09 1.04110222e+09
 1.04110226e+09 1.04110230e+09 1.04110234e+09 1.04110239e+09
 1.04110243e+09 1.04110247e+09 1.04110251e+09 1.04110256e+09
 1.04110260e+09 1.04110264e+09 1.04110268e+09 1.04110273e+09
 1.04110277e+09 1.04110281e+09 1.04110285e+09 1.04110290e+09
 1.04110294e+09 1.04110298e+09 1.04110302e+09 1.04110307e+09
 1.04110311e+09 1.04110315e+09 1.04110320e+09 1.04110324e+09
 1.04110328e+09 1.04110332e+09 1.04110337e+09 1.04110341e+09
 1.04110345e+09 1.04110349e+09 1.04110354e+09 1.04110358e+09
 1.04110362e+09 1.04110366e+09 1.04110371e+09 1.04110375e+09
 1.04110379e+09 1.04110383e+09 1.04110388e+09 1.04110392e+09
 1.04110396e+09 1.04110400e+09 1.04110405e+09 1.04110409e+09
 1.04110413e+09 1.04110418e+09 1.04110422e+09 1.04110426e+09
 1.04110430e+09 1.04110435e+09 1.04110439e+09 1.04110443e+09
 1.04110447e+09 1.04110452e+09 1.04110456e+09 1.04110460e+09
 1.04110464e+09 1.04110469e+09 1.04110473e+09 1.04110477e+09
 1.04110481e+09 1.04110486e+09 1.04110490e+09 1.04110494e+09
 1.04110498e+09 1.04110503e+09 1.04110507e+09 1.04110511e+09
 1.04110516e+09 1.04110520e+09 1.04110524e+09 1.04110528e+09
 1.04110533e+09 1.04110537e+09 1.04110541e+09 1.04110545e+09
 1.04110550e+09 1.04110554e+09 1.04110558e+09 1.04110562e+09
 1.04110567e+09 1.04110571e+09 1.04110575e+09 1.04110579e+09
 1.04110584e+09 1.04110588e+09 1.04110592e+09 1.04110597e+09
 1.04110601e+09 1.04110605e+09 1.04110609e+09 1.04110614e+09
 1.04110618e+09 1.04110622e+09 1.04110626e+09 1.04110631e+09
 1.04110635e+09 1.04110639e+09 1.04110643e+09 1.04110648e+09
 1.04110652e+09 1.04110656e+09 1.04110660e+09 1.04110665e+09
 1.04110669e+09 1.04110673e+09 1.04110677e+09 1.04110682e+09
 1.04110686e+09 1.04110690e+09 1.04110695e+09 1.04110699e+09
 1.04110703e+09 1.04110707e+09 1.04110712e+09 1.04110716e+09
 1.04110720e+09 1.04110724e+09 1.04110729e+09 1.04110733e+09
 1.04110737e+09 1.04110741e+09 1.04110746e+09 1.04110750e+09
 1.04110754e+09 1.04110758e+09 1.04110763e+09 1.04110767e+09
 1.04110771e+09 1.04110775e+09 1.04110780e+09 1.04110784e+09
 1.04110788e+09 1.04110793e+09 1.04110797e+09 1.04110801e+09
 1.04110805e+09 1.04110810e+09 1.04110814e+09 1.04110818e+09
 1.04110822e+09 1.04110827e+09 1.04110831e+09 1.04110835e+09
 1.04110839e+09 1.04110844e+09 1.04110848e+09 1.04110852e+09
 1.04110856e+09 1.04110861e+09 1.04110865e+09 1.04110869e+09
 1.04110873e+09 1.04110878e+09 1.04110882e+09 1.04110886e+09
 1.04110891e+09 1.04110895e+09 1.04110899e+09 1.04110903e+09]
minRes = 0.07346013729255427
minResTime =  [1.04110882e+09]
