name =JUICE_ROI_CAL_7_0_09
flyby =  ['2032 OCT 30 14:21:22', '2032 OCT 31 14:21:22']
Observation TW =  <SpiceCell dtype = 1, length = 0, size = 2400, card = 4, is_set = 1, adjust = 0, init = 1, base = 2554798095936, data = 2554798095984>
Res(t) =  [0.19550956 0.19540912 0.19531736 0.19523406 0.195159   0.19509198
 0.1950328  0.19498127 0.19493719 0.1949004  0.19487071 0.19484797
 0.19483199 0.19482264 0.19481975 0.19482318 0.19483278 0.19484842
 0.19486996 0.19489727 0.19493023 0.19496871 0.19501259 0.19506176
 0.19511611 0.19517552 0.1952399  0.19530913 0.19538313 0.19546178
 0.195545   0.1956327  0.19572479 0.19582117 0.19592177 0.19602651
 0.1961353  0.19624806 0.19636473 0.19648522 0.19660946 0.19673739
 0.19686894 0.19700403 0.19714261 0.19728461 0.19742998 0.19757864
 0.19773054 0.19788562 0.19804383 0.19820512 0.19836942 0.19853669
 0.19870688 0.19887994 0.19905581 0.19923446 0.19941583 0.19959988
 0.19978656 0.19997584 0.20016767 0.20036201 0.20055881 0.20075805
 0.20095967 0.20116365 0.20136994 0.20157851 0.20178933 0.20200235
 0.20221755 0.20243489 0.20265434 0.20287587 0.20309944 0.20332503
 0.2035526  0.20378213 0.20401359 0.20424694 0.20448217 0.20471924
 0.20495813 0.20519881 0.20544126 0.20568544 0.20593134 0.20617894
 0.2064282  0.20667911 0.20693164 0.20718577 0.20744148 0.20769874
 0.20795754 0.20821786 0.20847967 0.20874295 0.20900769 0.20927386
 0.20954145 0.20981044 0.2100808  0.21035253 0.2106256  0.2109
 0.21117571 0.21145271 0.21173099 0.21201052 0.21229131 0.21257332
 0.21285654 0.21314096 0.21342656 0.21371334 0.21400126 0.21429033
 0.21458052 0.21487183 0.21516424 0.21545773 0.21575229 0.21604792
 0.21634459 0.2166423  0.21694102 0.21724077 0.21754151 0.21784323
 0.21814594 0.2184496  0.21875423 0.21905979 0.21936629 0.2196737
 0.21998203 0.22029126 0.22060138 0.22091238 0.22122425 0.22153698
 0.22185056 0.22216499 0.22248025 0.22279633 0.22311322 0.22343092
 0.22374942 0.22406871 0.22438878 0.22470962 0.22503122 0.22535358
 0.22567668 0.22600053 0.2263251  0.2266504  0.22697642 0.22730315
 0.22763057 0.22795869 0.2282875  0.22861699 0.22894715 0.22927798
 0.22960947 0.22994161 0.2302744  0.23060782 0.23094188 0.23127657
 0.23161188 0.2319478  0.23228433 0.23262146 0.23295919 0.23329751
 0.23363641 0.2339759  0.23431596 0.23465658 0.23499777 0.23533952
 0.23568181 0.23602466 0.23636804 0.23671196 0.23705642 0.2374014
 0.2377469  0.23809291 0.23843944 0.23878647 0.23913401 0.23948204
 0.23983057 0.24017958 0.24052908 0.24087906 0.24122951 0.24158043
 0.24193182 0.24228367 0.24263598 0.24298874 0.24334195 0.24369561
 0.24404971 0.24440425 0.24475922 0.24511462 0.24547045 0.2458267
 0.24618336 0.24654045 0.24689794 0.24725584 0.24761415 0.24797286
 0.24833196 0.24869146 0.24905135 0.24941163 0.24977229 0.25013333
 0.25049475 0.25085654 0.25121871 0.25158124 0.25194414 0.25230739
 0.25267101 0.25303498 0.25339931 0.25376399 0.25412901 0.25449438
 0.25486008 0.25522613 0.25559251 0.25595923 0.25632627 0.25669365
 0.25706134 0.25742936 0.2577977  0.25816636 0.25853533 0.25890462
 0.25927421 0.25964411 0.26001431 0.26038482 0.26075563 0.26112673
 0.26149813 0.26186982 0.26224181 0.26261408 0.26298663 0.26335947
 0.2637326  0.264106   0.26447967 0.26485363 0.26522785 0.26560235
 0.26597712 0.26635215 0.26672745 0.26710301 0.26747883 0.26785491
 0.26823125 0.26860784 0.26898468 0.26936178 0.26973912 0.27011671
 0.27049455 0.27087263 0.27125095 0.27162951 0.27200831 0.27238735
 0.27276662 0.27314612 0.27352586 0.27390583 0.27428602 0.27466644
 0.27504708 0.27542795 0.27580904 0.27619034 0.27657187 0.27695361
 0.27733557 0.27771774 0.27810013 0.27848272 0.27886552 0.27924853
 0.27963175 0.28001517 0.2803988  0.28078262 0.28116665 0.28155087
 0.2819353  0.28231991 0.28270473 0.28308973 0.28347493 0.28386032
 0.2842459  0.28463167 0.28501762 0.28540376 0.28579008 0.28617659
 0.28656328 0.28695015 0.28733719 0.28772442 0.28811182 0.2884994
 0.28888715 0.28927508 0.28966318 0.29005144 0.29043988 0.29082849
 0.29121726 0.29160621 0.29199531 0.29238458 0.29277402 0.29316361
 0.29355337 0.29394328 0.29433336 0.29472359 0.29511398 0.29550453
 0.29589523 0.29628608 0.29667709 0.29706824 0.29745955 0.29785101
 0.29824262 0.29863437 0.29902627 0.29941832 0.29981051 0.30020285
 0.30059533 0.30098795 0.30138071 0.30177362 0.30216666 0.30255984
 0.30295316 0.30334662 0.30374021 0.30413393 0.3045278  0.30492179
 0.30531592 0.30571018 0.30610457 0.30649909 0.30689373 0.30728851
 0.30768342 0.30807845 0.30847361 0.30886889 0.3092643  0.30965983
 0.31005549 0.31045126 0.31084716 0.31124318 0.31163932 0.31203558
 0.31243195 0.31282845 0.31322506 0.31362179 0.31401863 0.31441559
 0.31481267 0.31520985 0.31560715 0.31600456 0.31640209 0.31679972
 0.31719747 0.31759532 0.31799328 0.31839135 0.31878953 0.31918782
 0.31958621 0.31998471 0.32038331 0.32078202 0.32118083 0.32157974
 0.32197876 0.32237788 0.3227771  0.32317642 0.32357584 0.32397536
 0.32437498 0.3247747  0.32517452 0.32557443 0.32597444 0.32637455
 0.32677475 0.32717505 0.32757544 0.32797593 0.32837651 0.32877718
 0.32917794 0.3295788  0.32997975 0.33038079 0.33078191 0.33118313
 0.33158444 0.33198584 0.33238732 0.33278889 0.33319055 0.3335923
 0.33399413 0.33439605 0.33479805 0.33520014 0.33560232 0.33600457
 0.33640691 0.33680933 0.33721184 0.33761443 0.3380171  0.33841985
 0.33882268 0.33922559 0.33962858 0.34003165 0.34043479 0.34083802
 0.34124132 0.34164471 0.34204817 0.3424517  0.34285531 0.343259
 0.34366277 0.3440666  0.34447052 0.3448745  0.34527856 0.3456827
 0.34608691 0.34649118 0.34689554 0.34729996 0.34770446 0.34810902
 0.34851366 0.34891836 0.34932314 0.34972799 0.3501329  0.35053789
 0.35094294 0.35134806 0.35175325 0.3521585  0.35256382 0.35296921
 0.35337467 0.35378019 0.35418577 0.35459142 0.35499714 0.35540292
 0.35580877 0.35621467 0.35662065 0.35702668 0.35743278 0.35783894
 0.35824516 0.35865144 0.35905779 0.35946419 0.35987066 0.36027719
 0.36068377 0.36109042 0.36149713 0.36190389 0.36231072 0.3627176
 0.36312454 0.36353154 0.3639386  0.36434572 0.36475289 0.36516012
 0.3655674  0.36597474 0.36638214 0.36678959 0.3671971  0.36760466
 0.36801228 0.36841995 0.36882768 0.36923546 0.36964329 0.37005118
 0.37045912 0.37086711 0.37127516 0.37168325 0.3720914  0.37249961
 0.37290786 0.37331616 0.37372452 0.37413292 0.37454138 0.37494988
 0.37535844 0.37576705 0.3761757  0.37658441 0.37699316 0.37740196
 0.37781081 0.37821971 0.37862866 0.37903765 0.37944669 0.37985578
 0.38026491 0.3806741  0.38108332 0.3814926  0.38190192 0.38231129
 0.3827207  0.38313016 0.38353966 0.38394921 0.3843588  0.38476844
 0.38517812 0.38558784 0.38599761 0.38640742 0.38681728 0.38722718
 0.38763712 0.3880471  0.38845713 0.3888672  0.38927731 0.38968746
 0.39009765 0.39050789 0.39091817 0.39132848 0.39173884 0.39214924
 0.39255968 0.39297016 0.39338068 0.39379124 0.39420184 0.39461248
 0.39502316 0.39543387 0.39584463 0.39625542 0.39666626 0.39707713
 0.39748804 0.39789898 0.39830997 0.39872099 0.39913205 0.39954315
 0.39995428 0.40036545 0.40077666 0.40118791 0.40159919 0.4020105
 0.40242185 0.40283324 0.40324467 0.40365612 0.40406762 0.40447915
 0.40489071 0.40530231 0.40571394 0.40612561 0.40653731 0.40694905
 0.40736082 0.40777262 0.40818446 0.40859633 0.40900823 0.40942017
 0.40983214 0.41024414 0.41065618 0.41106825 0.41148035 0.41189248
 0.41230464 0.41271684 0.41312907 0.41354132 0.41395361 0.41436594
 0.41477829 0.41519067 0.41560309 0.41601553 0.41642801 0.41684051
 0.41725305 0.41766561 0.41807821 0.41849084 0.41890349 0.41931618
 0.41972889 0.42014163 0.42055441 0.42096721 0.42138004 0.4217929
 0.42220578 0.4226187  0.42303164 0.42344461 0.42385761 0.42427064
 0.4246837  0.42509678 0.42550989 0.42592303 0.42633619 0.42674938
 0.4271626  0.42757585 0.42798912 0.42840242 0.42881574 0.4292291
 0.42964247 0.43005588 0.43046931 0.43088276 0.43129624 0.43170975
 0.43212328 0.43253684 0.43295042 0.43336403 0.43377766 0.43419132
 0.434605   0.43501871 0.43543244 0.43584619 0.43625997 0.43667378
 0.4370876  0.43750146 0.43791533 0.43832923 0.43874315 0.4391571
 0.43957107 0.43998506 0.44039908 0.44081312 0.44122718 0.44164127
 0.44205537 0.4424695  0.44288366 0.44329783 0.44371203 0.44412625
 0.44454049 0.44495475 0.44536904 0.44578334 0.44619767 0.44661202
 0.4470264  0.44744079 0.4478552  0.44826964 0.4486841  0.44909857
 0.44951307 0.44992759 0.45034213 0.45075669 0.45117127 0.45158587
 0.45200049 0.45241514 0.4528298  0.45324448 0.45365918 0.4540739
 0.45448864 0.4549034  0.45531818 0.45573298 0.4561478  0.45656264
 0.4569775  0.45739237 0.45780727 0.45822218 0.45863712 0.45905207
 0.45946704 0.45988203 0.46029704 0.46071206 0.46112711 0.46154217
 0.46195725 0.46237235 0.46278746 0.4632026  0.46361775 0.46403292
 0.46444811 0.46486331 0.46527853 0.46569377 0.46610903 0.46652431
 0.4669396  0.4673549  0.46777023 0.46818557 0.46860093 0.46901631
 0.4694317  0.46984711 0.47026253 0.47067797 0.47109343 0.47150891
 0.4719244  0.4723399  0.47275542 0.47317096 0.47358652 0.47400209
 0.47441767 0.47483327 0.47524889 0.47566452 0.47608017 0.47649583
 0.47691151 0.47732721 0.47774291 0.47815864 0.47857438 0.47899013
 0.4794059  0.47982168 0.48023748 0.48065329 0.48106912 0.48148496
 0.48190082 0.48231669 0.48273257 0.48314847 0.48356438 0.48398031
 0.48439625 0.48481221 0.48522817 0.48564416 0.48606015 0.48647616
 0.48689219 0.48730822 0.48772428 0.48814034 0.48855642 0.48897251
 0.48938861 0.48980473 0.49022086 0.490637   0.49105316 0.49146933
 0.49188551 0.4923017  0.49271791 0.49313413 0.49355037 0.49396661
 0.49438287 0.49479914 0.49521542 0.49563172 0.49604802 0.49646434
 0.49688067 0.49729702 0.49771337 0.49812974 0.49854612 0.49896251
 0.49937891 0.49979533 0.50021176 0.50062819 0.50104464 0.5014611
 0.50187758 0.50229406 0.50271056 0.50312706 0.50354358 0.50396011
 0.50437665 0.5047932  0.50520976 0.50562633 0.50604292 0.50645951
 0.50687612 0.50729273 0.50770936 0.508126   0.50854264 0.5089593
 0.50937597 0.50979265 0.51020934 0.51062604 0.51104275 0.51145947
 0.5118762  0.51229294 0.51270969 0.51312645 0.51354322 0.51396
 0.51437679 0.51479359 0.5152104  0.51562722 0.51604405 0.51646089
 0.51687774 0.5172946  0.51771146 0.51812834 0.51854523 0.51896212
 0.51937903 0.51979594 0.52021286 0.5206298  0.52104674 0.52146369
 0.52188065 0.52229762 0.52271459 0.52313158 0.52354857 0.52396558
 0.52438259 0.52479961 0.52521664 0.52563368 0.52605072 0.52646778
 0.52688484 0.52730192 0.527719   0.52813608 0.52855318 0.52897029
 0.5293874  0.52980452 0.53022165 0.53063879 0.53105593 0.53147309
 0.53189025 0.53230742 0.5327246  0.53314178 0.53355897 0.53397617
 0.53439338 0.5348106  0.53522782 0.53564505 0.53606229 0.53647954
 0.53689679 0.53731405 0.53773132 0.5381486  0.53856588 0.53898317
 0.53940047 0.53981777 0.54023508 0.5406524  0.54106973 0.54148706
 0.5419044  0.54232175 0.5427391  0.54315646 0.54357383 0.5439912
 0.54440858 0.54482597 0.54524336 0.54566076 0.54607817 0.54649559
 0.54691301 0.54733043 0.54774787 0.54816531 0.54858275 0.5490002
 0.54941766 0.54983513 0.5502526  0.55067008 0.55108756 0.55150505
 0.55192255 0.55234005 0.55275756 0.55317507 0.55359259 0.55401012
 0.55442765 0.55484519 0.55526273 0.55568028 0.55609783 0.55651539
 0.55693296 0.55735053 0.55776811 0.55818569 0.55860328 0.55902088
 0.55943848 0.55985608 0.56027369 0.56069131 0.56110893 0.56152656
 0.56194419 0.56236182 0.56277947 0.56319711]
t =  [1.03607187e+09 1.03607188e+09 1.03607188e+09 1.03607189e+09
 1.03607189e+09 1.03607190e+09 1.03607190e+09 1.03607191e+09
 1.03607191e+09 1.03607192e+09 1.03607192e+09 1.03607193e+09
 1.03607193e+09 1.03607194e+09 1.03607194e+09 1.03607194e+09
 1.03607195e+09 1.03607195e+09 1.03607196e+09 1.03607196e+09
 1.03607197e+09 1.03607197e+09 1.03607198e+09 1.03607198e+09
 1.03607199e+09 1.03607199e+09 1.03607200e+09 1.03607200e+09
 1.03607200e+09 1.03607201e+09 1.03607201e+09 1.03607202e+09
 1.03607202e+09 1.03607203e+09 1.03607203e+09 1.03607204e+09
 1.03607204e+09 1.03607205e+09 1.03607205e+09 1.03607206e+09
 1.03607206e+09 1.03607206e+09 1.03607207e+09 1.03607207e+09
 1.03607208e+09 1.03607208e+09 1.03607209e+09 1.03607209e+09
 1.03607210e+09 1.03607210e+09 1.03607211e+09 1.03607211e+09
 1.03607212e+09 1.03607212e+09 1.03607212e+09 1.03607213e+09
 1.03607213e+09 1.03607214e+09 1.03607214e+09 1.03607215e+09
 1.03607215e+09 1.03607216e+09 1.03607216e+09 1.03607217e+09
 1.03607217e+09 1.03607218e+09 1.03607218e+09 1.03607218e+09
 1.03607219e+09 1.03607219e+09 1.03607220e+09 1.03607220e+09
 1.03607221e+09 1.03607221e+09 1.03607222e+09 1.03607222e+09
 1.03607223e+09 1.03607223e+09 1.03607224e+09 1.03607224e+09
 1.03607224e+09 1.03607225e+09 1.03607225e+09 1.03607226e+09
 1.03607226e+09 1.03607227e+09 1.03607227e+09 1.03607228e+09
 1.03607228e+09 1.03607229e+09 1.03607229e+09 1.03607230e+09
 1.03607230e+09 1.03607230e+09 1.03607231e+09 1.03607231e+09
 1.03607232e+09 1.03607232e+09 1.03607233e+09 1.03607233e+09
 1.03607234e+09 1.03607234e+09 1.03607235e+09 1.03607235e+09
 1.03607236e+09 1.03607236e+09 1.03607236e+09 1.03607237e+09
 1.03607237e+09 1.03607238e+09 1.03607238e+09 1.03607239e+09
 1.03607239e+09 1.03607240e+09 1.03607240e+09 1.03607241e+09
 1.03607241e+09 1.03607242e+09 1.03607242e+09 1.03607242e+09
 1.03607243e+09 1.03607243e+09 1.03607244e+09 1.03607244e+09
 1.03607245e+09 1.03607245e+09 1.03607246e+09 1.03607246e+09
 1.03607247e+09 1.03607247e+09 1.03607248e+09 1.03607248e+09
 1.03607248e+09 1.03607249e+09 1.03607249e+09 1.03607250e+09
 1.03607250e+09 1.03607251e+09 1.03607251e+09 1.03607252e+09
 1.03607252e+09 1.03607253e+09 1.03607253e+09 1.03607254e+09
 1.03607254e+09 1.03607254e+09 1.03607255e+09 1.03607255e+09
 1.03607256e+09 1.03607256e+09 1.03607257e+09 1.03607257e+09
 1.03607258e+09 1.03607258e+09 1.03607259e+09 1.03607259e+09
 1.03607260e+09 1.03607260e+09 1.03607261e+09 1.03607261e+09
 1.03607261e+09 1.03607262e+09 1.03607262e+09 1.03607263e+09
 1.03607263e+09 1.03607264e+09 1.03607264e+09 1.03607265e+09
 1.03607265e+09 1.03607266e+09 1.03607266e+09 1.03607267e+09
 1.03607267e+09 1.03607267e+09 1.03607268e+09 1.03607268e+09
 1.03607269e+09 1.03607269e+09 1.03607270e+09 1.03607270e+09
 1.03607271e+09 1.03607271e+09 1.03607272e+09 1.03607272e+09
 1.03607273e+09 1.03607273e+09 1.03607273e+09 1.03607274e+09
 1.03607274e+09 1.03607275e+09 1.03607275e+09 1.03607276e+09
 1.03607276e+09 1.03607277e+09 1.03607277e+09 1.03607278e+09
 1.03607278e+09 1.03607279e+09 1.03607279e+09 1.03607279e+09
 1.03607280e+09 1.03607280e+09 1.03607281e+09 1.03607281e+09
 1.03607282e+09 1.03607282e+09 1.03607283e+09 1.03607283e+09
 1.03607284e+09 1.03607284e+09 1.03607285e+09 1.03607285e+09
 1.03607285e+09 1.03607286e+09 1.03607286e+09 1.03607287e+09
 1.03607287e+09 1.03607288e+09 1.03607288e+09 1.03607289e+09
 1.03607289e+09 1.03607290e+09 1.03607290e+09 1.03607291e+09
 1.03607291e+09 1.03607291e+09 1.03607292e+09 1.03607292e+09
 1.03607293e+09 1.03607293e+09 1.03607294e+09 1.03607294e+09
 1.03607295e+09 1.03607295e+09 1.03607296e+09 1.03607296e+09
 1.03607297e+09 1.03607297e+09 1.03607297e+09 1.03607298e+09
 1.03607298e+09 1.03607299e+09 1.03607299e+09 1.03607300e+09
 1.03607300e+09 1.03607301e+09 1.03607301e+09 1.03607302e+09
 1.03607302e+09 1.03607303e+09 1.03607303e+09 1.03607303e+09
 1.03607304e+09 1.03607304e+09 1.03607305e+09 1.03607305e+09
 1.03607306e+09 1.03607306e+09 1.03607307e+09 1.03607307e+09
 1.03607308e+09 1.03607308e+09 1.03607309e+09 1.03607309e+09
 1.03607309e+09 1.03607310e+09 1.03607310e+09 1.03607311e+09
 1.03607311e+09 1.03607312e+09 1.03607312e+09 1.03607313e+09
 1.03607313e+09 1.03607314e+09 1.03607314e+09 1.03607315e+09
 1.03607315e+09 1.03607315e+09 1.03607316e+09 1.03607316e+09
 1.03607317e+09 1.03607317e+09 1.03607318e+09 1.03607318e+09
 1.03607319e+09 1.03607319e+09 1.03607320e+09 1.03607320e+09
 1.03607321e+09 1.03607321e+09 1.03607321e+09 1.03607322e+09
 1.03607322e+09 1.03607323e+09 1.03607323e+09 1.03607324e+09
 1.03607324e+09 1.03607325e+09 1.03607325e+09 1.03607326e+09
 1.03607326e+09 1.03607327e+09 1.03607327e+09 1.03607328e+09
 1.03607328e+09 1.03607328e+09 1.03607329e+09 1.03607329e+09
 1.03607330e+09 1.03607330e+09 1.03607331e+09 1.03607331e+09
 1.03607332e+09 1.03607332e+09 1.03607333e+09 1.03607333e+09
 1.03607334e+09 1.03607334e+09 1.03607334e+09 1.03607335e+09
 1.03607335e+09 1.03607336e+09 1.03607336e+09 1.03607337e+09
 1.03607337e+09 1.03607338e+09 1.03607338e+09 1.03607339e+09
 1.03607339e+09 1.03607340e+09 1.03607340e+09 1.03607340e+09
 1.03607341e+09 1.03607341e+09 1.03607342e+09 1.03607342e+09
 1.03607343e+09 1.03607343e+09 1.03607344e+09 1.03607344e+09
 1.03607345e+09 1.03607345e+09 1.03607346e+09 1.03607346e+09
 1.03607346e+09 1.03607347e+09 1.03607347e+09 1.03607348e+09
 1.03607348e+09 1.03607349e+09 1.03607349e+09 1.03607350e+09
 1.03607350e+09 1.03607351e+09 1.03607351e+09 1.03607352e+09
 1.03607352e+09 1.03607352e+09 1.03607353e+09 1.03607353e+09
 1.03607354e+09 1.03607354e+09 1.03607355e+09 1.03607355e+09
 1.03607356e+09 1.03607356e+09 1.03607357e+09 1.03607357e+09
 1.03607358e+09 1.03607358e+09 1.03607358e+09 1.03607359e+09
 1.03607359e+09 1.03607360e+09 1.03607360e+09 1.03607361e+09
 1.03607361e+09 1.03607362e+09 1.03607362e+09 1.03607363e+09
 1.03607363e+09 1.03607364e+09 1.03607364e+09 1.03607364e+09
 1.03607365e+09 1.03607365e+09 1.03607366e+09 1.03607366e+09
 1.03607367e+09 1.03607367e+09 1.03607368e+09 1.03607368e+09
 1.03607369e+09 1.03607369e+09 1.03607370e+09 1.03607370e+09
 1.03607370e+09 1.03607371e+09 1.03607371e+09 1.03607372e+09
 1.03607372e+09 1.03607373e+09 1.03607373e+09 1.03607374e+09
 1.03607374e+09 1.03607375e+09 1.03607375e+09 1.03607376e+09
 1.03607376e+09 1.03607376e+09 1.03607377e+09 1.03607377e+09
 1.03607378e+09 1.03607378e+09 1.03607379e+09 1.03607379e+09
 1.03607380e+09 1.03607380e+09 1.03607381e+09 1.03607381e+09
 1.03607382e+09 1.03607382e+09 1.03607382e+09 1.03607383e+09
 1.03607383e+09 1.03607384e+09 1.03607384e+09 1.03607385e+09
 1.03607385e+09 1.03607386e+09 1.03607386e+09 1.03607387e+09
 1.03607387e+09 1.03607388e+09 1.03607388e+09 1.03607389e+09
 1.03607389e+09 1.03607389e+09 1.03607390e+09 1.03607390e+09
 1.03607391e+09 1.03607391e+09 1.03607392e+09 1.03607392e+09
 1.03607393e+09 1.03607393e+09 1.03607394e+09 1.03607394e+09
 1.03607395e+09 1.03607395e+09 1.03607395e+09 1.03607396e+09
 1.03607396e+09 1.03607397e+09 1.03607397e+09 1.03607398e+09
 1.03607398e+09 1.03607399e+09 1.03607399e+09 1.03607400e+09
 1.03607400e+09 1.03607401e+09 1.03607401e+09 1.03607401e+09
 1.03607402e+09 1.03607402e+09 1.03607403e+09 1.03607403e+09
 1.03607404e+09 1.03607404e+09 1.03607405e+09 1.03607405e+09
 1.03607406e+09 1.03607406e+09 1.03607407e+09 1.03607407e+09
 1.03607407e+09 1.03607408e+09 1.03607408e+09 1.03607409e+09
 1.03607409e+09 1.03607410e+09 1.03607410e+09 1.03607411e+09
 1.03607411e+09 1.03607412e+09 1.03607412e+09 1.03607413e+09
 1.03607413e+09 1.03607413e+09 1.03607414e+09 1.03607414e+09
 1.03607415e+09 1.03607415e+09 1.03607416e+09 1.03607416e+09
 1.03607417e+09 1.03607417e+09 1.03607418e+09 1.03607418e+09
 1.03607419e+09 1.03607419e+09 1.03607419e+09 1.03607420e+09
 1.03607420e+09 1.03607421e+09 1.03607421e+09 1.03607422e+09
 1.03607422e+09 1.03607423e+09 1.03607423e+09 1.03607424e+09
 1.03607424e+09 1.03607425e+09 1.03607425e+09 1.03607425e+09
 1.03607426e+09 1.03607426e+09 1.03607427e+09 1.03607427e+09
 1.03607428e+09 1.03607428e+09 1.03607429e+09 1.03607429e+09
 1.03607430e+09 1.03607430e+09 1.03607431e+09 1.03607431e+09
 1.03607431e+09 1.03607432e+09 1.03607432e+09 1.03607433e+09
 1.03607433e+09 1.03607434e+09 1.03607434e+09 1.03607435e+09
 1.03607435e+09 1.03607436e+09 1.03607436e+09 1.03607437e+09
 1.03607437e+09 1.03607437e+09 1.03607438e+09 1.03607438e+09
 1.03607439e+09 1.03607439e+09 1.03607440e+09 1.03607440e+09
 1.03607441e+09 1.03607441e+09 1.03607442e+09 1.03607442e+09
 1.03607443e+09 1.03607443e+09 1.03607443e+09 1.03607444e+09
 1.03607444e+09 1.03607445e+09 1.03607445e+09 1.03607446e+09
 1.03607446e+09 1.03607447e+09 1.03607447e+09 1.03607448e+09
 1.03607448e+09 1.03607449e+09 1.03607449e+09 1.03607449e+09
 1.03607450e+09 1.03607450e+09 1.03607451e+09 1.03607451e+09
 1.03607452e+09 1.03607452e+09 1.03607453e+09 1.03607453e+09
 1.03607454e+09 1.03607454e+09 1.03607455e+09 1.03607455e+09
 1.03607456e+09 1.03607456e+09 1.03607456e+09 1.03607457e+09
 1.03607457e+09 1.03607458e+09 1.03607458e+09 1.03607459e+09
 1.03607459e+09 1.03607460e+09 1.03607460e+09 1.03607461e+09
 1.03607461e+09 1.03607462e+09 1.03607462e+09 1.03607462e+09
 1.03607463e+09 1.03607463e+09 1.03607464e+09 1.03607464e+09
 1.03607465e+09 1.03607465e+09 1.03607466e+09 1.03607466e+09
 1.03607467e+09 1.03607467e+09 1.03607468e+09 1.03607468e+09
 1.03607468e+09 1.03607469e+09 1.03607469e+09 1.03607470e+09
 1.03607470e+09 1.03607471e+09 1.03607471e+09 1.03607472e+09
 1.03607472e+09 1.03607473e+09 1.03607473e+09 1.03607474e+09
 1.03607474e+09 1.03607474e+09 1.03607475e+09 1.03607475e+09
 1.03607476e+09 1.03607476e+09 1.03607477e+09 1.03607477e+09
 1.03607478e+09 1.03607478e+09 1.03607479e+09 1.03607479e+09
 1.03607480e+09 1.03607480e+09 1.03607480e+09 1.03607481e+09
 1.03607481e+09 1.03607482e+09 1.03607482e+09 1.03607483e+09
 1.03607483e+09 1.03607484e+09 1.03607484e+09 1.03607485e+09
 1.03607485e+09 1.03607486e+09 1.03607486e+09 1.03607486e+09
 1.03607487e+09 1.03607487e+09 1.03607488e+09 1.03607488e+09
 1.03607489e+09 1.03607489e+09 1.03607490e+09 1.03607490e+09
 1.03607491e+09 1.03607491e+09 1.03607492e+09 1.03607492e+09
 1.03607492e+09 1.03607493e+09 1.03607493e+09 1.03607494e+09
 1.03607494e+09 1.03607495e+09 1.03607495e+09 1.03607496e+09
 1.03607496e+09 1.03607497e+09 1.03607497e+09 1.03607498e+09
 1.03607498e+09 1.03607498e+09 1.03607499e+09 1.03607499e+09
 1.03607500e+09 1.03607500e+09 1.03607501e+09 1.03607501e+09
 1.03607502e+09 1.03607502e+09 1.03607503e+09 1.03607503e+09
 1.03607504e+09 1.03607504e+09 1.03607504e+09 1.03607505e+09
 1.03607505e+09 1.03607506e+09 1.03607506e+09 1.03607507e+09
 1.03607507e+09 1.03607508e+09 1.03607508e+09 1.03607509e+09
 1.03607509e+09 1.03607510e+09 1.03607510e+09 1.03607510e+09
 1.03607511e+09 1.03607511e+09 1.03607512e+09 1.03607512e+09
 1.03607513e+09 1.03607513e+09 1.03607514e+09 1.03607514e+09
 1.03607515e+09 1.03607515e+09 1.03607516e+09 1.03607516e+09
 1.03607516e+09 1.03607517e+09 1.03607517e+09 1.03607518e+09
 1.03607518e+09 1.03607519e+09 1.03607519e+09 1.03607520e+09
 1.03607520e+09 1.03607521e+09 1.03607521e+09 1.03607522e+09
 1.03607522e+09 1.03607523e+09 1.03607523e+09 1.03607523e+09
 1.03607524e+09 1.03607524e+09 1.03607525e+09 1.03607525e+09
 1.03607526e+09 1.03607526e+09 1.03607527e+09 1.03607527e+09
 1.03607528e+09 1.03607528e+09 1.03607529e+09 1.03607529e+09
 1.03607529e+09 1.03607530e+09 1.03607530e+09 1.03607531e+09
 1.03607531e+09 1.03607532e+09 1.03607532e+09 1.03607533e+09
 1.03607533e+09 1.03607534e+09 1.03607534e+09 1.03607535e+09
 1.03607535e+09 1.03607535e+09 1.03607536e+09 1.03607536e+09
 1.03607537e+09 1.03607537e+09 1.03607538e+09 1.03607538e+09
 1.03607539e+09 1.03607539e+09 1.03607540e+09 1.03607540e+09
 1.03607541e+09 1.03607541e+09 1.03607541e+09 1.03607542e+09
 1.03607542e+09 1.03607543e+09 1.03607543e+09 1.03607544e+09
 1.03607544e+09 1.03607545e+09 1.03607545e+09 1.03607546e+09
 1.03607546e+09 1.03607547e+09 1.03607547e+09 1.03607547e+09
 1.03607548e+09 1.03607548e+09 1.03607549e+09 1.03607549e+09
 1.03607550e+09 1.03607550e+09 1.03607551e+09 1.03607551e+09
 1.03607552e+09 1.03607552e+09 1.03607553e+09 1.03607553e+09
 1.03607553e+09 1.03607554e+09 1.03607554e+09 1.03607555e+09
 1.03607555e+09 1.03607556e+09 1.03607556e+09 1.03607557e+09
 1.03607557e+09 1.03607558e+09 1.03607558e+09 1.03607559e+09
 1.03607559e+09 1.03607559e+09 1.03607560e+09 1.03607560e+09
 1.03607561e+09 1.03607561e+09 1.03607562e+09 1.03607562e+09
 1.03607563e+09 1.03607563e+09 1.03607564e+09 1.03607564e+09
 1.03607565e+09 1.03607565e+09 1.03607565e+09 1.03607566e+09
 1.03607566e+09 1.03607567e+09 1.03607567e+09 1.03607568e+09
 1.03607568e+09 1.03607569e+09 1.03607569e+09 1.03607570e+09
 1.03607570e+09 1.03607571e+09 1.03607571e+09 1.03607571e+09
 1.03607572e+09 1.03607572e+09 1.03607573e+09 1.03607573e+09
 1.03607574e+09 1.03607574e+09 1.03607575e+09 1.03607575e+09
 1.03607576e+09 1.03607576e+09 1.03607577e+09 1.03607577e+09
 1.03607577e+09 1.03607578e+09 1.03607578e+09 1.03607579e+09
 1.03607579e+09 1.03607580e+09 1.03607580e+09 1.03607581e+09
 1.03607581e+09 1.03607582e+09 1.03607582e+09 1.03607583e+09
 1.03607583e+09 1.03607584e+09 1.03607584e+09 1.03607584e+09
 1.03607585e+09 1.03607585e+09 1.03607586e+09 1.03607586e+09
 1.03607587e+09 1.03607587e+09 1.03607588e+09 1.03607588e+09
 1.03607589e+09 1.03607589e+09 1.03607590e+09 1.03607590e+09
 1.03607590e+09 1.03607591e+09 1.03607591e+09 1.03607592e+09
 1.03607592e+09 1.03607593e+09 1.03607593e+09 1.03607594e+09
 1.03607594e+09 1.03607595e+09 1.03607595e+09 1.03607596e+09
 1.03607596e+09 1.03607596e+09 1.03607597e+09 1.03607597e+09
 1.03607598e+09 1.03607598e+09 1.03607599e+09 1.03607599e+09
 1.03607600e+09 1.03607600e+09 1.03607601e+09 1.03607601e+09
 1.03607602e+09 1.03607602e+09 1.03607602e+09 1.03607603e+09
 1.03607603e+09 1.03607604e+09 1.03607604e+09 1.03607605e+09
 1.03607605e+09 1.03607606e+09 1.03607606e+09 1.03607607e+09
 1.03607607e+09 1.03607608e+09 1.03607608e+09 1.03607608e+09
 1.03607609e+09 1.03607609e+09 1.03607610e+09 1.03607610e+09
 1.03607611e+09 1.03607611e+09 1.03607612e+09 1.03607612e+09
 1.03607613e+09 1.03607613e+09 1.03607614e+09 1.03607614e+09
 1.03607614e+09 1.03607615e+09 1.03607615e+09 1.03607616e+09
 1.03607616e+09 1.03607617e+09 1.03607617e+09 1.03607618e+09
 1.03607618e+09 1.03607619e+09 1.03607619e+09 1.03607620e+09
 1.03607620e+09 1.03607620e+09 1.03607621e+09 1.03607621e+09
 1.03607622e+09 1.03607622e+09 1.03607623e+09 1.03607623e+09
 1.03607624e+09 1.03607624e+09 1.03607625e+09 1.03607625e+09
 1.03607626e+09 1.03607626e+09 1.03607626e+09 1.03607627e+09
 1.03607627e+09 1.03607628e+09 1.03607628e+09 1.03607629e+09
 1.03607629e+09 1.03607630e+09 1.03607630e+09 1.03607631e+09
 1.03607631e+09 1.03607632e+09 1.03607632e+09 1.03607632e+09
 1.03607633e+09 1.03607633e+09 1.03607634e+09 1.03607634e+09
 1.03607635e+09 1.03607635e+09 1.03607636e+09 1.03607636e+09
 1.03607637e+09 1.03607637e+09 1.03607638e+09 1.03607638e+09
 1.03607638e+09 1.03607639e+09 1.03607639e+09 1.03607640e+09
 1.03607640e+09 1.03607641e+09 1.03607641e+09 1.03607642e+09
 1.03607642e+09 1.03607643e+09 1.03607643e+09 1.03607644e+09
 1.03607644e+09 1.03607644e+09 1.03607645e+09 1.03607645e+09
 1.03607646e+09 1.03607646e+09 1.03607647e+09 1.03607647e+09
 1.03607648e+09 1.03607648e+09 1.03607649e+09 1.03607649e+09]
minRes = 0.19481975055464534
minResTime =  [1.03607194e+09]
