name =JUICE_ROI_CAL_5_0_03
flyby =  ['2033 APR 06 23:29:30', '2033 APR 07 23:29:30']
Observation TW =  <SpiceCell dtype = 1, length = 0, size = 3200, card = 12, is_set = 1, adjust = 0, init = 1, base = 2554801769136, data = 2554801769184>
Res(t) =  [3.94276325 3.93873463 3.93470637 3.93067845 3.92665089 3.92262368
 3.91859682 3.91457032 3.91054416 3.90651836 3.90249291 3.89846781
 3.89444306 3.89041867 3.88639462 3.88237093 3.87834759 3.8743246
 3.87030196 3.86627967 3.86225774 3.85823615 3.85421492 3.85019404
 3.84617351 3.84215333 3.83813351 3.83411403 3.83009491 3.82607613
 3.82205771 3.81803964 3.81402192 3.81000455 3.80598754 3.80197087
 3.79795456 3.79393859 3.78992298 3.78590772 3.78189281 3.77787825
 3.77386404 3.76985018 3.76583668 3.76182352 3.75781072 3.75379826
 3.74978616 3.74577441 3.741763   3.73775195 3.73374125 3.7297309
 3.7257209  3.72171126 3.71770196 3.71369301 3.70968442 3.70567617
 3.70166828 3.69766073 3.69365354 3.68964669 3.6856402  3.68163406
 3.67762826 3.67362282 3.66961773 3.66561299 3.6616086  3.65760456
 3.65360087 3.64959753 3.64559454 3.6415919  3.63758961 3.63358767
 3.62958608 3.62558484 3.62158395 3.61758341 3.61358322 3.60958338
 3.60558389 3.60158475 3.59758596 3.59358752 3.58958943 3.58559169
 3.5815943  3.57759726 3.57360057 3.56960423 3.56560824 3.56161259
 3.5576173  3.55362236 3.54962777 3.54563352 3.54163963 3.53764609
 3.53365289 3.52966005 3.52566755 3.5216754  3.51768361 3.51369216
 3.50970106 3.50571031 3.50171991 3.49772986 3.49374016 3.48975081
 3.48576181 3.48177316 3.47778485 3.4737969  3.46980929 3.46582203
 3.46183513 3.45784857 3.45386236 3.4498765  3.44589099 3.44190582
 3.43792101 3.43393654 3.42995243 3.42596866 3.42198524 3.41800217
 3.41401945 3.41003708 3.40605506 3.40207338 3.39809206 3.39411108
 3.39013045 3.38615017 3.38217024 3.37819065 3.37421142 3.37023253
 3.366254   3.36227581 3.35829797 3.35432047 3.35034333 3.34636653
 3.34239008 3.33841399 3.33443823 3.33046283 3.32648778 3.32251307
 3.31853871 3.3145647  3.31059104 3.30661773 3.30264476 3.29867214
 3.29469987 3.29072795 3.28675637 3.28278515 3.27881427 3.27484374
 3.27087356 3.26690372 3.26293423 3.2589651  3.2549963  3.25102786
 3.24705976 3.24309202 3.23912461 3.23515756 3.23119085 3.2272245
 3.22325849 3.21929282 3.21532751 3.21136254 3.20739792 3.20343364
 3.19946972 3.19550614 3.19154291 3.18758002 3.18361749 3.1796553
 3.17569345 3.17173196 3.16777081 3.16381001 3.15984955 3.15588945
 3.15192969 3.14797028 3.14401121 3.14005249 3.13609412 3.13213609
 3.12817842 3.12422108 3.1202641  3.11630746 3.11235117 3.10839523
 3.10443963 3.10048438 3.09652947 3.09257492 3.08862071 3.08466684
 3.08071332 3.07676015 3.07280733 3.06885485 3.06490272 3.06095093
 3.05699949 3.0530484  3.04909766 3.04514726 3.0411972  3.0372475
 3.03329813 3.02934912 3.02540045 3.02145213 3.01750415 3.01355652
 3.00960924 3.0056623  3.00171571 2.99776946 2.99382356 2.98987801
 2.9859328  2.98198794 2.97804342 2.97409925 2.97015542 2.96621195
 2.96226881 2.95832603 2.95438358 2.95044149 2.94649974 2.94255833
 2.93861727 2.93467656 2.93073619 2.92679617 2.92285649 2.91891716
 2.91497817 2.91103953 2.90710124 2.90316329 2.89922568 2.89528842
 2.89135151 2.88741494 2.88347871 2.87954284 2.8756073  2.87167211
 2.86773727 2.86380277 2.85986862 2.85593481 2.85200135 2.84806823
 2.84413546 2.84020303 2.83627095 2.83233921 2.82840781 2.82447676
 2.82054606 2.8166157  2.81268569 2.80875602 2.80482669 2.80089771
 2.79696908 2.79304078 2.78911284 2.78518524 2.78125798 2.77733106
 2.7734045  2.76947827 2.76555239 2.76162686 2.75770166 2.75377682
 2.74985232 2.74592816 2.74200434 2.73808087 2.73415775 2.73023497
 2.72631253 2.72239044 2.71846869 2.71454728 2.71062622 2.7067055
 2.70278513 2.6988651  2.69494542 2.69102607 2.68710708 2.68318842
 2.67927011 2.67535215 2.67143452 2.66751725 2.66360031 2.65968372
 2.65576747 2.65185157 2.64793601 2.64402079 2.64010592 2.63619139
 2.6322772  2.62836336 2.62444986 2.6205367  2.61662389 2.61271142
 2.60879929 2.60488751 2.60097607 2.59706498 2.59315422 2.58924381
 2.58533375 2.58142402 2.57751464 2.57360561 2.56969691 2.56578856
 2.56188055 2.55797289 2.55406557 2.55015859 2.54625195 2.54234566
 2.53843971 2.5345341  2.53062883 2.52672391 2.52281933 2.5189151
 2.5150112  2.51110765 2.50720444 2.50330158 2.49939905 2.49549687
 2.49159503 2.48769354 2.48379238 2.47989157 2.4759911  2.47209098
 2.46819119 2.46429175 2.46039265 2.4564939  2.45259548 2.44869741
 2.44479968 2.44090229 2.43700525 2.43310854 2.42921218 2.42531616
 2.42142049 2.41752515 2.41363016 2.40973551 2.4058412  2.40194723
 2.39805361 2.39416032 2.39026738 2.38637478 2.38248253 2.37859061
 2.37469904 2.3708078  2.36691691 2.36302636 2.35913616 2.35524629
 2.35135677 2.34746759 2.34357875 2.33969025 2.33580209 2.33191427
 2.3280268  2.32413967 2.32025287 2.31636642 2.31248032 2.30859455
 2.30470912 2.30082404 2.2969393  2.29305489 2.28917083 2.28528711
 2.28140373 2.2775207  2.273638   2.26975565 2.26587363 2.26199196
 2.25811063 2.25422964 2.25034899 2.24646868 2.24258872 2.23870909
 2.2348298  2.23095086 2.22707226 2.22319399 2.21931607 2.21543849
 2.21156125 2.20768435 2.20380779 2.19993158 2.1960557  2.19218016
 2.18830497 2.18443011 2.1805556  2.17668143 2.17280759 2.1689341
 2.16506095 2.16118814 2.15731567 2.15344354 2.14957175 2.1457003
 2.14182919 2.13795843 2.134088   2.13021791 2.12634817 2.12247876
 2.11860969 2.11474097 2.11087258 2.10700454 2.10313683 2.09926947
 2.09540245 2.09153576 2.08766942 2.08380342 2.07993775 2.07607243
 2.07220745 2.06834281 2.0644785  2.06061454 2.05675092 2.05288764
 2.0490247  2.04516209 2.04129983 2.03743791 2.03357633 2.02971509
 2.02585419 2.02199363 2.0181334  2.01427352 2.01041398 2.00655478
 2.00269592 1.9988374  1.99497921 1.99112137 1.98726387 1.98340671
 1.97954988 1.9756934  1.97183726 1.96798146 1.96412599 1.96027087
 1.95641609 1.95256164 1.94870754 1.94485378 1.94100035 1.93714727
 1.93329452 1.92944212 1.92559005 1.92173833 1.91788694 1.9140359
 1.91018519 1.90633482 1.9024848  1.89863511 1.89478576 1.89093676
 1.88708809 1.88323976 1.87939177 1.87554412 1.87169681 1.86784984
 1.86400321 1.86015692 1.85631097 1.85246536 1.84862009 1.84477516
 1.84093057 1.83708632 1.83324241 1.82939883 1.8255556  1.82171271
 1.81787016 1.81402794 1.81018607 1.80634454 1.80250334 1.79866249
 1.79482197 1.7909818  1.78714196 1.78330247 1.77946331 1.77562449
 1.77178602 1.76794788 1.76411009 1.76027263 1.75643551 1.75259874
 1.7487623  1.7449262  1.74109045 1.73725503 1.73341995 1.72958521
 1.72575082 1.72191676 1.71808304 1.71424966 1.71041663 1.70658393
 1.70275157 1.69891956 1.69508788 1.69125654 1.68742555 1.68359489
 1.67976457 1.6759346  1.67210496 1.66827567 1.66444671 1.6606181
 1.65678982 1.65296189 1.6491343  1.64530704 1.64148013 1.63765356
 1.63382733 1.63000144 1.62617589 1.62235068 1.61852581 1.61470128
 1.61087709 1.60705325 1.60322974 1.59940658 1.59558376 1.59176127
 1.58793913 1.58411733 1.58029587 1.57647476 1.57265398 1.56883354
 1.56501345 1.5611937  1.55737429 1.55355522 1.54973649 1.5459181
 1.54210006 1.53828236 1.534465   1.53064798 1.5268313  1.52301497
 1.51919897 1.51538332 1.51156801 1.50775305 1.50393842 1.50012414
 1.4963102  1.49249661 1.48868335 1.48487044 1.48105787 1.47724565
 1.47343377 1.46962223 1.46581103 1.46200018 1.45818967 1.45437951
 1.45056968 1.4467602  1.44295107 1.43914228 1.43533383 1.43152573
 1.42771797 1.42391055 1.42010348 1.41629676 1.41249038 1.40868434
 1.40487865 1.4010733  1.3972683  1.39346364 1.38965933 1.38585537
 1.38205175 1.37824847 1.37444554 1.37064296 1.36684072 1.36303883
 1.35923729 1.35543609 1.35163524 1.34783474 1.34403458 1.34023477
 1.33643531 1.3326362  1.32883743 1.32503901 1.32124094 1.31744322
 1.31364584 1.30984882 1.30605214 1.30225581 1.29845983 1.2946642
 1.29086892 1.28707399 1.28327941 1.27948518 1.2756913  1.27189777
 1.26810459 1.26431176 1.26051929 1.25672716 1.25293539 1.24914397
 1.2453529  1.24156218 1.23777182 1.2339818  1.23019215 1.22640284
 1.22261389 1.21882529 1.21503705 1.21124916 1.20746163 1.20367445
 1.19988763 1.19610117 1.19231505 1.1885293  1.1847439  1.18095886
 1.17717418 1.17338986 1.16960589 1.16582228 1.16203903 1.15825614
 1.15447361 1.15069144 1.14690963 1.14312818 1.13934709 1.13556636
 1.131786   1.12800599 1.12422635 1.12044708 1.11666816 1.11288961
 1.10911143 1.10533361 1.10155615 1.09777906 1.09400234 1.09022599
 1.08645    1.08267438 1.07889913 1.07512425 1.07134973 1.06757559
 1.06380182 1.06002842 1.05625539 1.05248273 1.04871045 1.04493854
 1.04116701 1.03739585 1.03362506 1.02985465 1.02608462 1.02231497
 1.01854569 1.0147768  1.01100828 1.00724015 1.00347239 0.99970502
 0.99593803 0.99217142 0.9884052  0.98463937 0.98087392 0.97710885
 0.97334418 0.96957989 0.965816   0.96205249 0.95828938 0.95452666
 0.95076433 0.9470024  0.94324086 0.93947972 0.93571898 0.93195863
 0.92819869 0.92443914 0.92068    0.91692127 0.91316293 0.90940501
 0.90564749 0.90189038 0.89813367 0.89437738 0.8906215  0.88686604
 0.88311099 0.87935636 0.87560214 0.87184835 0.86809497 0.86434202
 0.8605895  0.85683739 0.85308572 0.84933448 0.84558366 0.84183328
 0.83808334 0.83433383 0.83058475 0.82683612 0.82308793 0.81934019
 0.81559289 0.81184604 0.80809964 0.80435369 0.8006082  0.79686317
 0.79311859 0.78937448 0.78563083 0.78188765 0.77814494 0.7744027
 0.77066093 0.76691964 0.76317884 0.75943851 0.75569867 0.75195932
 0.74822047 0.74448211 0.74074424 0.73700688 0.73327003 0.72953368
 0.72579785 0.72206253 0.71832773 0.71459345 0.71085971 0.70712649
 0.70339381 0.69966167 0.69593007 0.69219902 0.68846852 0.68473859
 0.68100921 0.6772804  0.67355216 0.6698245  0.66609742 0.66237093
 0.65864504 0.65491974 0.65119505 0.64747097 0.64374751 0.64002467
 0.63630246 0.63258088 0.62885995 0.62513967 0.62142005 0.61956636
 0.61584763 0.61212959 0.60841223 0.60469556 0.6009796  0.59726435
 0.59354981 0.58983601 0.58612295 0.58241064 0.57869909 0.5749883
 0.5712783  0.56756909 0.56386068 0.56015308 0.55644632 0.55274039
 0.54903531 0.5453311  0.54162777 0.53792533 0.5342238  0.53052319
 0.52682351 0.5231248  0.51942705 0.51573029 0.51203454 0.50833981
 0.50464613 0.50095351 0.49726197 0.49357153 0.48988222 0.48619406
 0.48250707 0.47882128 0.47513671 0.47145338 0.46777133 0.46409058
 0.46041116 0.4567331  0.45305643 0.44938119 0.4457074  0.44203511
 0.43836435 0.43469516 0.43102757 0.42736163 0.42369738 0.42003487
 0.41637414 0.41271523 0.40905821 0.40540312 0.40175002 0.39809897
 0.39445001 0.39080323 0.38715868 0.38351643 0.37987655 0.37623912
 0.37260421 0.36897192 0.36534231 0.36171549 0.35809156 0.3544706
 0.35085272 0.34723804 0.34362667 0.34001872 0.33641434 0.33281366
 0.32921681 0.32562395 0.32203524 0.31845085 0.31487095 0.31129573
 0.3077254  0.30416016 0.30060024 0.29704587 0.29349731 0.28995484
 0.28641873 0.28288929 0.27936685 0.27585176 0.27234439 0.26884514
 0.26535443 0.26187273 0.25840053 0.25493836 0.25148679 0.24804643
 0.24461796 0.24120208 0.23779958 0.2344113  0.23103817 0.22768118
 0.22434143 0.2210201  0.21771851 0.21443808 0.21118039 0.20794719
 0.20474039 0.20156212 0.19841475 0.19530092 0.19222357 0.18918601
 0.18619196 0.18324563 0.1803518  0.17751589 0.17474414 0.17204372
 0.16942291 0.16689136 0.16446039 0.16214334 0.15995609 0.1579177
 0.15605126 0.15438507 0.15295426 0.15180301 0.15098784 0.1505824
 0.1506848  0.15142921 0.15300489 0.1556893 ]
t =  [1.04971504e+09 1.04971508e+09 1.04971512e+09 1.04971517e+09
 1.04971521e+09 1.04971525e+09 1.04971529e+09 1.04971533e+09
 1.04971538e+09 1.04971542e+09 1.04971546e+09 1.04971550e+09
 1.04971555e+09 1.04971559e+09 1.04971563e+09 1.04971567e+09
 1.04971571e+09 1.04971576e+09 1.04971580e+09 1.04971584e+09
 1.04971588e+09 1.04971592e+09 1.04971597e+09 1.04971601e+09
 1.04971605e+09 1.04971609e+09 1.04971614e+09 1.04971618e+09
 1.04971622e+09 1.04971626e+09 1.04971630e+09 1.04971635e+09
 1.04971639e+09 1.04971643e+09 1.04971647e+09 1.04971652e+09
 1.04971656e+09 1.04971660e+09 1.04971664e+09 1.04971668e+09
 1.04971673e+09 1.04971677e+09 1.04971681e+09 1.04971685e+09
 1.04971690e+09 1.04971694e+09 1.04971698e+09 1.04971702e+09
 1.04971706e+09 1.04971711e+09 1.04971715e+09 1.04971719e+09
 1.04971723e+09 1.04971727e+09 1.04971732e+09 1.04971736e+09
 1.04971740e+09 1.04971744e+09 1.04971749e+09 1.04971753e+09
 1.04971757e+09 1.04971761e+09 1.04971765e+09 1.04971770e+09
 1.04971774e+09 1.04971778e+09 1.04971782e+09 1.04971787e+09
 1.04971791e+09 1.04971795e+09 1.04971799e+09 1.04971803e+09
 1.04971808e+09 1.04971812e+09 1.04971816e+09 1.04971820e+09
 1.04971824e+09 1.04971829e+09 1.04971833e+09 1.04971837e+09
 1.04971841e+09 1.04971846e+09 1.04971850e+09 1.04971854e+09
 1.04971858e+09 1.04971862e+09 1.04971867e+09 1.04971871e+09
 1.04971875e+09 1.04971879e+09 1.04971884e+09 1.04971888e+09
 1.04971892e+09 1.04971896e+09 1.04971900e+09 1.04971905e+09
 1.04971909e+09 1.04971913e+09 1.04971917e+09 1.04971922e+09
 1.04971926e+09 1.04971930e+09 1.04971934e+09 1.04971938e+09
 1.04971943e+09 1.04971947e+09 1.04971951e+09 1.04971955e+09
 1.04971959e+09 1.04971964e+09 1.04971968e+09 1.04971972e+09
 1.04971976e+09 1.04971981e+09 1.04971985e+09 1.04971989e+09
 1.04971993e+09 1.04971997e+09 1.04972002e+09 1.04972006e+09
 1.04972010e+09 1.04972014e+09 1.04972019e+09 1.04972023e+09
 1.04972027e+09 1.04972031e+09 1.04972035e+09 1.04972040e+09
 1.04972044e+09 1.04972048e+09 1.04972052e+09 1.04972056e+09
 1.04972061e+09 1.04972065e+09 1.04972069e+09 1.04972073e+09
 1.04972078e+09 1.04972082e+09 1.04972086e+09 1.04972090e+09
 1.04972094e+09 1.04972099e+09 1.04972103e+09 1.04972107e+09
 1.04972111e+09 1.04972116e+09 1.04972120e+09 1.04972124e+09
 1.04972128e+09 1.04972132e+09 1.04972137e+09 1.04972141e+09
 1.04972145e+09 1.04972149e+09 1.04972154e+09 1.04972158e+09
 1.04972162e+09 1.04972166e+09 1.04972170e+09 1.04972175e+09
 1.04972179e+09 1.04972183e+09 1.04972187e+09 1.04972191e+09
 1.04972196e+09 1.04972200e+09 1.04972204e+09 1.04972208e+09
 1.04972213e+09 1.04972217e+09 1.04972221e+09 1.04972225e+09
 1.04972229e+09 1.04972234e+09 1.04972238e+09 1.04972242e+09
 1.04972246e+09 1.04972251e+09 1.04972255e+09 1.04972259e+09
 1.04972263e+09 1.04972267e+09 1.04972272e+09 1.04972276e+09
 1.04972280e+09 1.04972284e+09 1.04972288e+09 1.04972293e+09
 1.04972297e+09 1.04972301e+09 1.04972305e+09 1.04972310e+09
 1.04972314e+09 1.04972318e+09 1.04972322e+09 1.04972326e+09
 1.04972331e+09 1.04972335e+09 1.04972339e+09 1.04972343e+09
 1.04972348e+09 1.04972352e+09 1.04972356e+09 1.04972360e+09
 1.04972364e+09 1.04972369e+09 1.04972373e+09 1.04972377e+09
 1.04972381e+09 1.04972386e+09 1.04972390e+09 1.04972394e+09
 1.04972398e+09 1.04972402e+09 1.04972407e+09 1.04972411e+09
 1.04972415e+09 1.04972419e+09 1.04972423e+09 1.04972428e+09
 1.04972432e+09 1.04972436e+09 1.04972440e+09 1.04972445e+09
 1.04972449e+09 1.04972453e+09 1.04972457e+09 1.04972461e+09
 1.04972466e+09 1.04972470e+09 1.04972474e+09 1.04972478e+09
 1.04972483e+09 1.04972487e+09 1.04972491e+09 1.04972495e+09
 1.04972499e+09 1.04972504e+09 1.04972508e+09 1.04972512e+09
 1.04972516e+09 1.04972520e+09 1.04972525e+09 1.04972529e+09
 1.04972533e+09 1.04972537e+09 1.04972542e+09 1.04972546e+09
 1.04972550e+09 1.04972554e+09 1.04972558e+09 1.04972563e+09
 1.04972567e+09 1.04972571e+09 1.04972575e+09 1.04972580e+09
 1.04972584e+09 1.04972588e+09 1.04972592e+09 1.04972596e+09
 1.04972601e+09 1.04972605e+09 1.04972609e+09 1.04972613e+09
 1.04972617e+09 1.04972622e+09 1.04972626e+09 1.04972630e+09
 1.04972634e+09 1.04972639e+09 1.04972643e+09 1.04972647e+09
 1.04972651e+09 1.04972655e+09 1.04972660e+09 1.04972664e+09
 1.04972668e+09 1.04972672e+09 1.04972677e+09 1.04972681e+09
 1.04972685e+09 1.04972689e+09 1.04972693e+09 1.04972698e+09
 1.04972702e+09 1.04972706e+09 1.04972710e+09 1.04972715e+09
 1.04972719e+09 1.04972723e+09 1.04972727e+09 1.04972731e+09
 1.04972736e+09 1.04972740e+09 1.04972744e+09 1.04972748e+09
 1.04972752e+09 1.04972757e+09 1.04972761e+09 1.04972765e+09
 1.04972769e+09 1.04972774e+09 1.04972778e+09 1.04972782e+09
 1.04972786e+09 1.04972790e+09 1.04972795e+09 1.04972799e+09
 1.04972803e+09 1.04972807e+09 1.04972812e+09 1.04972816e+09
 1.04972820e+09 1.04972824e+09 1.04972828e+09 1.04972833e+09
 1.04972837e+09 1.04972841e+09 1.04972845e+09 1.04972849e+09
 1.04972854e+09 1.04972858e+09 1.04972862e+09 1.04972866e+09
 1.04972871e+09 1.04972875e+09 1.04972879e+09 1.04972883e+09
 1.04972887e+09 1.04972892e+09 1.04972896e+09 1.04972900e+09
 1.04972904e+09 1.04972909e+09 1.04972913e+09 1.04972917e+09
 1.04972921e+09 1.04972925e+09 1.04972930e+09 1.04972934e+09
 1.04972938e+09 1.04972942e+09 1.04972947e+09 1.04972951e+09
 1.04972955e+09 1.04972959e+09 1.04972963e+09 1.04972968e+09
 1.04972972e+09 1.04972976e+09 1.04972980e+09 1.04972984e+09
 1.04972989e+09 1.04972993e+09 1.04972997e+09 1.04973001e+09
 1.04973006e+09 1.04973010e+09 1.04973014e+09 1.04973018e+09
 1.04973022e+09 1.04973027e+09 1.04973031e+09 1.04973035e+09
 1.04973039e+09 1.04973044e+09 1.04973048e+09 1.04973052e+09
 1.04973056e+09 1.04973060e+09 1.04973065e+09 1.04973069e+09
 1.04973073e+09 1.04973077e+09 1.04973081e+09 1.04973086e+09
 1.04973090e+09 1.04973094e+09 1.04973098e+09 1.04973103e+09
 1.04973107e+09 1.04973111e+09 1.04973115e+09 1.04973119e+09
 1.04973124e+09 1.04973128e+09 1.04973132e+09 1.04973136e+09
 1.04973141e+09 1.04973145e+09 1.04973149e+09 1.04973153e+09
 1.04973157e+09 1.04973162e+09 1.04973166e+09 1.04973170e+09
 1.04973174e+09 1.04973179e+09 1.04973183e+09 1.04973187e+09
 1.04973191e+09 1.04973195e+09 1.04973200e+09 1.04973204e+09
 1.04973208e+09 1.04973212e+09 1.04973216e+09 1.04973221e+09
 1.04973225e+09 1.04973229e+09 1.04973233e+09 1.04973238e+09
 1.04973242e+09 1.04973246e+09 1.04973250e+09 1.04973254e+09
 1.04973259e+09 1.04973263e+09 1.04973267e+09 1.04973271e+09
 1.04973276e+09 1.04973280e+09 1.04973284e+09 1.04973288e+09
 1.04973292e+09 1.04973297e+09 1.04973301e+09 1.04973305e+09
 1.04973309e+09 1.04973313e+09 1.04973318e+09 1.04973322e+09
 1.04973326e+09 1.04973330e+09 1.04973335e+09 1.04973339e+09
 1.04973343e+09 1.04973347e+09 1.04973351e+09 1.04973356e+09
 1.04973360e+09 1.04973364e+09 1.04973368e+09 1.04973373e+09
 1.04973377e+09 1.04973381e+09 1.04973385e+09 1.04973389e+09
 1.04973394e+09 1.04973398e+09 1.04973402e+09 1.04973406e+09
 1.04973410e+09 1.04973415e+09 1.04973419e+09 1.04973423e+09
 1.04973427e+09 1.04973432e+09 1.04973436e+09 1.04973440e+09
 1.04973444e+09 1.04973448e+09 1.04973453e+09 1.04973457e+09
 1.04973461e+09 1.04973465e+09 1.04973470e+09 1.04973474e+09
 1.04973478e+09 1.04973482e+09 1.04973486e+09 1.04973491e+09
 1.04973495e+09 1.04973499e+09 1.04973503e+09 1.04973508e+09
 1.04973512e+09 1.04973516e+09 1.04973520e+09 1.04973524e+09
 1.04973529e+09 1.04973533e+09 1.04973537e+09 1.04973541e+09
 1.04973545e+09 1.04973550e+09 1.04973554e+09 1.04973558e+09
 1.04973562e+09 1.04973567e+09 1.04973571e+09 1.04973575e+09
 1.04973579e+09 1.04973583e+09 1.04973588e+09 1.04973592e+09
 1.04973596e+09 1.04973600e+09 1.04973605e+09 1.04973609e+09
 1.04973613e+09 1.04973617e+09 1.04973621e+09 1.04973626e+09
 1.04973630e+09 1.04973634e+09 1.04973638e+09 1.04973642e+09
 1.04973647e+09 1.04973651e+09 1.04973655e+09 1.04973659e+09
 1.04973664e+09 1.04973668e+09 1.04973672e+09 1.04973676e+09
 1.04973680e+09 1.04973685e+09 1.04973689e+09 1.04973693e+09
 1.04973697e+09 1.04973702e+09 1.04973706e+09 1.04973710e+09
 1.04973714e+09 1.04973718e+09 1.04973723e+09 1.04973727e+09
 1.04973731e+09 1.04973735e+09 1.04973740e+09 1.04973744e+09
 1.04973748e+09 1.04973752e+09 1.04973756e+09 1.04973761e+09
 1.04973765e+09 1.04973769e+09 1.04973773e+09 1.04973777e+09
 1.04973782e+09 1.04973786e+09 1.04973790e+09 1.04973794e+09
 1.04973799e+09 1.04973803e+09 1.04973807e+09 1.04973811e+09
 1.04973815e+09 1.04973820e+09 1.04973824e+09 1.04973828e+09
 1.04973832e+09 1.04973837e+09 1.04973841e+09 1.04973845e+09
 1.04973849e+09 1.04973853e+09 1.04973858e+09 1.04973862e+09
 1.04973866e+09 1.04973870e+09 1.04973874e+09 1.04973879e+09
 1.04973883e+09 1.04973887e+09 1.04973891e+09 1.04973896e+09
 1.04973900e+09 1.04973904e+09 1.04973908e+09 1.04973912e+09
 1.04973917e+09 1.04973921e+09 1.04973925e+09 1.04973929e+09
 1.04973934e+09 1.04973938e+09 1.04973942e+09 1.04973946e+09
 1.04973950e+09 1.04973955e+09 1.04973959e+09 1.04973963e+09
 1.04973967e+09 1.04973972e+09 1.04973976e+09 1.04973980e+09
 1.04973984e+09 1.04973988e+09 1.04973993e+09 1.04973997e+09
 1.04974001e+09 1.04974005e+09 1.04974009e+09 1.04974014e+09
 1.04974018e+09 1.04974022e+09 1.04974026e+09 1.04974031e+09
 1.04974035e+09 1.04974039e+09 1.04974043e+09 1.04974047e+09
 1.04974052e+09 1.04974056e+09 1.04974060e+09 1.04974064e+09
 1.04974069e+09 1.04974073e+09 1.04974077e+09 1.04974081e+09
 1.04974085e+09 1.04974090e+09 1.04974094e+09 1.04974098e+09
 1.04974102e+09 1.04974106e+09 1.04974111e+09 1.04974115e+09
 1.04974119e+09 1.04974123e+09 1.04974128e+09 1.04974132e+09
 1.04974136e+09 1.04974140e+09 1.04974144e+09 1.04974149e+09
 1.04974153e+09 1.04974157e+09 1.04974161e+09 1.04974166e+09
 1.04974170e+09 1.04974174e+09 1.04974178e+09 1.04974182e+09
 1.04974187e+09 1.04974191e+09 1.04974195e+09 1.04974199e+09
 1.04974203e+09 1.04974208e+09 1.04974212e+09 1.04974216e+09
 1.04974220e+09 1.04974225e+09 1.04974229e+09 1.04974233e+09
 1.04974237e+09 1.04974241e+09 1.04974246e+09 1.04974250e+09
 1.04974254e+09 1.04974258e+09 1.04974263e+09 1.04974267e+09
 1.04974271e+09 1.04974275e+09 1.04974279e+09 1.04974284e+09
 1.04974288e+09 1.04974292e+09 1.04974296e+09 1.04974301e+09
 1.04974305e+09 1.04974309e+09 1.04974313e+09 1.04974317e+09
 1.04974322e+09 1.04974326e+09 1.04974330e+09 1.04974334e+09
 1.04974338e+09 1.04974343e+09 1.04974347e+09 1.04974351e+09
 1.04974355e+09 1.04974360e+09 1.04974364e+09 1.04974368e+09
 1.04974372e+09 1.04974376e+09 1.04974381e+09 1.04974385e+09
 1.04974389e+09 1.04974393e+09 1.04974398e+09 1.04974402e+09
 1.04974406e+09 1.04974410e+09 1.04974414e+09 1.04974419e+09
 1.04974423e+09 1.04974427e+09 1.04974431e+09 1.04974435e+09
 1.04974440e+09 1.04974444e+09 1.04974448e+09 1.04974452e+09
 1.04974457e+09 1.04974461e+09 1.04974465e+09 1.04974469e+09
 1.04974473e+09 1.04974478e+09 1.04974482e+09 1.04974486e+09
 1.04974490e+09 1.04974495e+09 1.04974499e+09 1.04974503e+09
 1.04974507e+09 1.04974511e+09 1.04974516e+09 1.04974520e+09
 1.04974524e+09 1.04974528e+09 1.04974533e+09 1.04974537e+09
 1.04974541e+09 1.04974545e+09 1.04974549e+09 1.04974554e+09
 1.04974558e+09 1.04974562e+09 1.04974566e+09 1.04974570e+09
 1.04974575e+09 1.04974579e+09 1.04974583e+09 1.04974587e+09
 1.04974592e+09 1.04974596e+09 1.04974600e+09 1.04974604e+09
 1.04974608e+09 1.04974613e+09 1.04974617e+09 1.04974621e+09
 1.04974625e+09 1.04974630e+09 1.04974634e+09 1.04974638e+09
 1.04974642e+09 1.04974646e+09 1.04974651e+09 1.04974655e+09
 1.04974659e+09 1.04974663e+09 1.04974667e+09 1.04974672e+09
 1.04974676e+09 1.04974680e+09 1.04974684e+09 1.04974689e+09
 1.04974693e+09 1.04974697e+09 1.04974701e+09 1.04974705e+09
 1.04974710e+09 1.04974714e+09 1.04974718e+09 1.04974722e+09
 1.04974727e+09 1.04974731e+09 1.04974735e+09 1.04974739e+09
 1.04974743e+09 1.04974748e+09 1.04974752e+09 1.04974756e+09
 1.04974760e+09 1.04974765e+09 1.04974769e+09 1.04974773e+09
 1.04974777e+09 1.04974781e+09 1.04974786e+09 1.04974790e+09
 1.04974794e+09 1.04974798e+09 1.04974802e+09 1.04974807e+09
 1.04974811e+09 1.04974815e+09 1.04974819e+09 1.04974824e+09
 1.04974828e+09 1.04974832e+09 1.04974836e+09 1.04974840e+09
 1.04974845e+09 1.04974849e+09 1.04974853e+09 1.04974857e+09
 1.04974862e+09 1.04974866e+09 1.04974870e+09 1.04974874e+09
 1.04974878e+09 1.04974883e+09 1.04974887e+09 1.04974891e+09
 1.04974895e+09 1.04974899e+09 1.04974904e+09 1.04974908e+09
 1.04974912e+09 1.04974916e+09 1.04974921e+09 1.04974925e+09
 1.04974929e+09 1.04974933e+09 1.04974937e+09 1.04974942e+09
 1.04974946e+09 1.04974950e+09 1.04974954e+09 1.04974959e+09
 1.04974963e+09 1.04974967e+09 1.04974971e+09 1.04974975e+09
 1.04974980e+09 1.04974984e+09 1.04974988e+09 1.04974992e+09
 1.04974996e+09 1.04975001e+09 1.04975005e+09 1.04975009e+09
 1.04975013e+09 1.04975018e+09 1.04975022e+09 1.04975026e+09
 1.04975030e+09 1.04975034e+09 1.04975039e+09 1.04975043e+09
 1.04975047e+09 1.04975051e+09 1.04975056e+09 1.04975060e+09
 1.04975064e+09 1.04975068e+09 1.04975072e+09 1.04975077e+09
 1.04975081e+09 1.04975085e+09 1.04975089e+09 1.04975094e+09
 1.04975098e+09 1.04975102e+09 1.04975106e+09 1.04975110e+09
 1.04975115e+09 1.04975119e+09 1.04975123e+09 1.04975127e+09
 1.04975131e+09 1.04975136e+09 1.04975140e+09 1.04975144e+09
 1.04975148e+09 1.04975153e+09 1.04975157e+09 1.04975161e+09
 1.04975165e+09 1.04975169e+09 1.04975174e+09 1.04975178e+09
 1.04975182e+09 1.04975186e+09 1.04975191e+09 1.04975195e+09
 1.04975199e+09 1.04975203e+09 1.04975207e+09 1.04975212e+09
 1.04975216e+09 1.04975220e+09 1.04975224e+09 1.04975228e+09
 1.04975233e+09 1.04975237e+09 1.04975241e+09 1.04975245e+09
 1.04975250e+09 1.04975254e+09 1.04975258e+09 1.04975262e+09
 1.04975266e+09 1.04975271e+09 1.04975275e+09 1.04975279e+09
 1.04975283e+09 1.04975288e+09 1.04975292e+09 1.04975296e+09
 1.04975300e+09 1.04975304e+09 1.04975309e+09 1.04975313e+09
 1.04975317e+09 1.04975321e+09 1.04975326e+09 1.04975330e+09
 1.04975334e+09 1.04975338e+09 1.04975342e+09 1.04975347e+09
 1.04975351e+09 1.04975355e+09 1.04975359e+09 1.04975363e+09
 1.04975368e+09 1.04975372e+09 1.04975376e+09 1.04975380e+09
 1.04975385e+09 1.04975389e+09 1.04975393e+09 1.04975397e+09
 1.04975401e+09 1.04975406e+09 1.04975410e+09 1.04975414e+09
 1.04975418e+09 1.04975423e+09 1.04975427e+09 1.04975431e+09
 1.04975435e+09 1.04975439e+09 1.04975444e+09 1.04975448e+09
 1.04975452e+09 1.04975456e+09 1.04975460e+09 1.04975465e+09
 1.04975469e+09 1.04975473e+09 1.04975477e+09 1.04975482e+09
 1.04975486e+09 1.04975490e+09 1.04975494e+09 1.04975498e+09
 1.04975503e+09 1.04975507e+09 1.04975511e+09 1.04975515e+09
 1.04975520e+09 1.04975524e+09 1.04975528e+09 1.04975532e+09
 1.04975536e+09 1.04975541e+09 1.04975545e+09 1.04975549e+09
 1.04975553e+09 1.04975558e+09 1.04975562e+09 1.04975566e+09
 1.04975570e+09 1.04975574e+09 1.04975579e+09 1.04975583e+09
 1.04975587e+09 1.04975591e+09 1.04975595e+09 1.04975600e+09
 1.04975604e+09 1.04975608e+09 1.04975612e+09 1.04975617e+09
 1.04975621e+09 1.04975625e+09 1.04975629e+09 1.04975633e+09
 1.04975638e+09 1.04975642e+09 1.04975646e+09 1.04975650e+09
 1.04975655e+09 1.04975659e+09 1.04975663e+09 1.04975667e+09
 1.04975671e+09 1.04975676e+09 1.04975680e+09 1.04975684e+09
 1.04975688e+09 1.04975692e+09 1.04975697e+09 1.04975701e+09
 1.04975705e+09 1.04975709e+09 1.04975714e+09 1.04975718e+09]
minRes = 0.1505823955461683
minResTime =  [1.04975701e+09]
