name =JUICE_ROI_CAL_4_7_05
flyby =  ['2032 SEP 10 11:52:29', '2032 SEP 11 11:52:29']
Observation TW =  <SpiceCell dtype = 1, length = 0, size = 2600, card = 6, is_set = 1, adjust = 0, init = 1, base = 2554797907056, data = 2554797907104>
Res(t) =  [4.17041284 4.1665813  4.16274982 4.15891841 4.15508706 4.15125578
 4.14742456 4.1435934  4.13976231 4.13593128 4.1321003  4.12826939
 4.12443854 4.12060775 4.11677702 4.11294635 4.10911574 4.10528518
 4.10145468 4.09762423 4.09379384 4.08996351 4.08613323 4.082303
 4.07847283 4.07464271 4.07081264 4.06698263 4.06315266 4.05932275
 4.05549288 4.05166307 4.0478333  4.04400358 4.04017391 4.03634428
 4.0325147  4.02868517 4.02485568 4.02102624 4.01719684 4.01336748
 4.00953817 4.0057089  4.00187967 3.99805048 3.99422133 3.99039222
 3.98656315 3.98273412 3.97890513 3.97507618 3.97124726 3.96741838
 3.96358954 3.95976073 3.95593195 3.95210321 3.9482745  3.94444583
 3.94061719 3.93678858 3.93296    3.92913145 3.92530293 3.92147444
 3.91764598 3.91381755 3.90998915 3.90616077 3.90233242 3.8985041
 3.8946758  3.89084753 3.88701928 3.88319106 3.87936285 3.87553467
 3.87170652 3.86787838 3.86405027 3.86022217 3.8563941  3.85256604
 3.848738   3.84490998 3.84108198 3.837254   3.83342603 3.82959808
 3.82577014 3.82194221 3.8181143  3.81428641 3.81045853 3.80663065
 3.80280279 3.79897495 3.79514711 3.79131928 3.78749146 3.78366365
 3.77983585 3.77600806 3.77218027 3.76835249 3.76452472 3.76069695
 3.75686918 3.75304142 3.74921367 3.74538591 3.74155816 3.73773041
 3.73390267 3.73007492 3.72624717 3.72241942 3.71859168 3.71476393
 3.71093618 3.70710842 3.70328066 3.6994529  3.69562514 3.69179737
 3.68796959 3.68414181 3.68031402 3.67648622 3.67265842 3.66883061
 3.66500278 3.66117495 3.65734711 3.65351926 3.6496914  3.64586352
 3.64203564 3.63820774 3.63437982 3.6305519  3.62672395 3.622896
 3.61906802 3.61524003 3.61141203 3.607584   3.60375596 3.5999279
 3.59609982 3.59227172 3.5884436  3.58461546 3.5807873  3.57695912
 3.57313091 3.56930268 3.56547442 3.56164615 3.55781784 3.55398951
 3.55016116 3.54633278 3.54250437 3.53867594 3.53484747 3.53101898
 3.52719046 3.5233619  3.51953332 3.51570471 3.51187606 3.50804738
 3.50421867 3.50038993 3.49656115 3.49273234 3.48890349 3.4850746
 3.48124568 3.47741673 3.47358773 3.4697587  3.46592963 3.46210052
 3.45827137 3.45444219 3.45061296 3.44678369 3.44295437 3.43912502
 3.43529562 3.43146618 3.42763669 3.42380716 3.41997759 3.41614796
 3.4123183  3.40848858 3.40465882 3.40082901 3.39699915 3.39316924
 3.38933928 3.38550928 3.38167922 3.37784911 3.37401894 3.37018873
 3.36635846 3.36252814 3.35869776 3.35486733 3.35103685 3.3472063
 3.34337571 3.33954505 3.33571434 3.33188357 3.32805274 3.32422185
 3.3203909  3.31655989 3.31272882 3.30889769 3.30506649 3.30123524
 3.29740392 3.29357253 3.28974109 3.28590957 3.282078   3.27824635
 3.27441464 3.27058286 3.26675102 3.26291911 3.25908712 3.25525507
 3.25142295 3.24759076 3.2437585  3.23992616 3.23609376 3.23226128
 3.22842873 3.2245961  3.2207634  3.21693063 3.21309778 3.20926485
 3.20543185 3.20159877 3.19776561 3.19393238 3.19009906 3.18626567
 3.18243219 3.17859864 3.17476501 3.17093129 3.16709749 3.16326361
 3.15942965 3.1555956  3.15176147 3.14792725 3.14409295 3.14025856
 3.13642409 3.13258952 3.12875488 3.12492014 3.12108531 3.1172504
 3.11341539 3.1095803  3.10574511 3.10190983 3.09807447 3.094239
 3.09040345 3.0865678  3.08273206 3.07889622 3.07506029 3.07122426
 3.06738814 3.06355191 3.0597156  3.05587918 3.05204266 3.04820605
 3.04436934 3.04053252 3.03669561 3.03285859 3.02902147 3.02518425
 3.02134693 3.0175095  3.01367197 3.00983434 3.0059966  3.00215875
 2.9983208  2.99448274 2.99064458 2.9868063  2.98296792 2.97912943
 2.97529083 2.97145212 2.9676133  2.96377437 2.95993533 2.95609617
 2.95225691 2.94841753 2.94457803 2.94073842 2.9368987  2.93305886
 2.92921891 2.92537884 2.92153865 2.91769834 2.91385792 2.91001738
 2.90617672 2.90233594 2.89849504 2.89465402 2.89081287 2.88697161
 2.88313022 2.87928872 2.87544708 2.87160533 2.86776345 2.86392144
 2.86007931 2.85623705 2.85239467 2.84855216 2.84470952 2.84086675
 2.83702386 2.83318083 2.82933768 2.8254944  2.82165098 2.81780743
 2.81396376 2.81011995 2.806276   2.80243193 2.79858772 2.79474337
 2.79089889 2.78705427 2.78320952 2.77936464 2.77551961 2.77167445
 2.76782915 2.76398371 2.76013813 2.75629241 2.75244655 2.74860055
 2.74475441 2.74090813 2.7370617  2.73321513 2.72936842 2.72552157
 2.72167457 2.71782743 2.71398014 2.7101327  2.70628512 2.70243739
 2.69858951 2.69474149 2.69089332 2.68704499 2.68319652 2.6793479
 2.67549913 2.67165021 2.66780113 2.6639519  2.66010252 2.65625299
 2.6524033  2.64855346 2.64470347 2.64085332 2.63700301 2.63315255
 2.62930193 2.62545116 2.62160022 2.61774913 2.61389788 2.61004647
 2.6061949  2.60234317 2.59849128 2.59463923 2.59078701 2.58693464
 2.5830821  2.5792294  2.57537653 2.5715235  2.56767031 2.56381695
 2.55996342 2.55610973 2.55225587 2.54840184 2.54454765 2.54069329
 2.53683876 2.53298406 2.52912919 2.52527415 2.52141894 2.51756356
 2.51370801 2.50985228 2.50599638 2.50214031 2.49828407 2.49442765
 2.49057105 2.48671429 2.48285734 2.47900022 2.47514293 2.47128545
 2.4674278  2.46356997 2.45971196 2.45585378 2.45199541 2.44813687
 2.44427814 2.44041923 2.43656015 2.43270088 2.42884142 2.42498179
 2.42112197 2.41726197 2.41340178 2.40954141 2.40568086 2.40182011
 2.39795919 2.39409807 2.39023677 2.38637528 2.38251361 2.37865174
 2.37478969 2.37092745 2.36706501 2.36320239 2.35933958 2.35547657
 2.35161338 2.34774999 2.34388641 2.34002264 2.33615867 2.33229451
 2.32843015 2.3245656  2.32070086 2.31683592 2.31297078 2.30910545
 2.30523992 2.30137419 2.29750826 2.29364214 2.28977582 2.28590929
 2.28204257 2.27817565 2.27430853 2.2704412  2.26657368 2.26270595
 2.25883803 2.25496989 2.25110156 2.24723302 2.24336428 2.23949533
 2.23562618 2.23175683 2.22788726 2.2240175  2.22014752 2.21627734
 2.21240695 2.20853635 2.20466555 2.20079454 2.19692331 2.19305188
 2.18918024 2.18530839 2.18143633 2.17756406 2.17369157 2.16981887
 2.16594597 2.16207284 2.15819951 2.15432596 2.1504522  2.14657823
 2.14270404 2.13882963 2.13495501 2.13108017 2.12720512 2.12332985
 2.11945437 2.11557866 2.11170274 2.1078266  2.10395025 2.10007367
 2.09619688 2.09231986 2.08844263 2.08456517 2.0806875  2.0768096
 2.07293149 2.06905315 2.06517459 2.0612958  2.0574168  2.05353757
 2.04965812 2.04577844 2.04189854 2.03801841 2.03413807 2.03025749
 2.02637669 2.02249567 2.01861441 2.01473294 2.01085123 2.0069693
 2.00308714 1.99920475 1.99532214 1.99143929 1.98755622 1.98367292
 1.97978939 1.97590563 1.97202164 1.96813742 1.96425297 1.96036829
 1.95648338 1.95259823 1.94871286 1.94482725 1.94094141 1.93705534
 1.93316904 1.9292825  1.92539573 1.92150873 1.91762149 1.91373402
 1.90984631 1.90595837 1.9020702  1.89818179 1.89429314 1.89040426
 1.88651515 1.88262579 1.87873621 1.87484638 1.87095632 1.86706602
 1.86317549 1.85928471 1.8553937  1.85150246 1.84761097 1.84371925
 1.83982728 1.83593508 1.83204265 1.82814997 1.82425705 1.8203639
 1.8164705  1.81257687 1.80868299 1.80478888 1.80089452 1.79699993
 1.7931051  1.78921002 1.78531471 1.78141915 1.77752335 1.77362732
 1.76973104 1.76583452 1.76193776 1.75804076 1.75414351 1.75024603
 1.7463483  1.74245034 1.73855213 1.73465368 1.73075498 1.72685605
 1.72295687 1.71905745 1.71515779 1.71125789 1.70735774 1.70345736
 1.69955673 1.69565586 1.69175474 1.68785339 1.68395179 1.68004995
 1.67614787 1.67224555 1.66834298 1.66444017 1.66053712 1.65663383
 1.6527303  1.64882652 1.64492251 1.64101825 1.63711375 1.63320901
 1.62930403 1.6253988  1.62149334 1.61758764 1.61368169 1.6097755
 1.60586908 1.60196241 1.5980555  1.59414836 1.59024097 1.58633335
 1.58242548 1.57851738 1.57460903 1.57070045 1.56679163 1.56288258
 1.55897328 1.55506375 1.55115398 1.54724397 1.54333373 1.53942325
 1.53551253 1.53160158 1.52769039 1.52377897 1.51986732 1.51595543
 1.5120433  1.50813095 1.50421836 1.50030553 1.49639248 1.49247919
 1.48856568 1.48465193 1.48073795 1.47682375 1.47290931 1.46899465
 1.46507976 1.46116464 1.45724929 1.45333372 1.44941792 1.4455019
 1.44158566 1.43766919 1.4337525  1.42983558 1.42591845 1.42200109
 1.41808352 1.41416572 1.41024771 1.40632948 1.40241103 1.39849237
 1.39457349 1.3906544  1.38673509 1.38281558 1.37889585 1.37497591
 1.37105576 1.3671354  1.36321484 1.35929407 1.3553731  1.35145192
 1.34753054 1.34360895 1.33968717 1.33576518 1.331843   1.32792062
 1.32399805 1.32007528 1.31615232 1.31222917 1.30830583 1.30438229
 1.30045857 1.29653467 1.29261058 1.28868631 1.28476185 1.28083722
 1.27691241 1.27298742 1.26906226 1.26513692 1.26121142 1.25728574
 1.2533599  1.24943389 1.24550771 1.24158138 1.23765488 1.23372823
 1.22980142 1.22587446 1.22194735 1.21802009 1.21409268 1.21016512
 1.20623742 1.20230959 1.19838161 1.1944535  1.19052526 1.18659689
 1.18266839 1.17873976 1.17481102 1.17088215 1.16695317 1.16302407
 1.15909486 1.15516555 1.15123613 1.14730661 1.14337699 1.13944728
 1.13551747 1.13158758 1.1276576  1.12372755 1.11979741 1.1158672
 1.11193692 1.10800657 1.10407616 1.10014569 1.09621517 1.0922846
 1.08835398 1.08442332 1.08049262 1.07656189 1.07263113 1.06870035
 1.06476955 1.06083874 1.05690791 1.05297708 1.04904626 1.04511544
 1.04118463 1.03725384 1.03332307 1.02939233 1.02546163 1.02153096
 1.01760035 1.01366978 1.00973928 1.00580884 1.00187848 0.99794819
 0.99401799 0.99008789 0.98615788 0.98222799 0.9782982  0.97436855
 0.97043902 0.96650963 0.96258039 0.95865131 0.95472239 0.95079365
 0.94686509 0.94293672 0.93900855 0.93508059 0.93115285 0.92722535
 0.92329808 0.91937107 0.91544432 0.91151784 0.90759165 0.90366576
 0.89974017 0.8958149  0.89188997 0.88796538 0.88404115 0.8801173
 0.87619382 0.87227075 0.8683481  0.86442587 0.86050408 0.85658276
 0.8526619  0.84874154 0.84482169 0.84090236 0.83698358 0.83306535
 0.82914771 0.82523066 0.82131423 0.81739843 0.81348329 0.80956883
 0.80565506 0.80174202 0.79782972 0.79391819 0.79000745 0.78609752
 0.78218843 0.77828021 0.77437288 0.77046647 0.76656101 0.76265652
 0.75875304 0.75436646 0.75046092 0.74655643 0.74265301 0.7387507
 0.73484953 0.73094954 0.72705076 0.72315323 0.71925699 0.71536207
 0.71146853 0.70757639 0.70368571 0.69979652 0.69590888 0.69202282
 0.6881384  0.68425567 0.68037468 0.67649548 0.67261814 0.66874269
 0.66486922 0.66099776 0.6571284  0.65326119 0.6493962  0.64553351
 0.64167318 0.63781528 0.63395991 0.63010712 0.62625702 0.62240969
 0.61856521 0.61472367 0.61088518 0.60704984 0.60321774 0.599389
 0.59556373 0.59174204 0.58792405 0.58410989 0.5802997  0.57649361
 0.57269175 0.56889428 0.56510135 0.56131313 0.55752977 0.55375146
 0.54997838 0.54621072 0.54244867 0.53869245 0.53494227 0.53119836
 0.52746097 0.52373033 0.52000672 0.51629041 0.51258168 0.50888085
 0.50518822 0.50150414 0.49782896 0.49416304 0.49050678 0.4868606
 0.48322492 0.4796002  0.47598693 0.47238563 0.46879683 0.46522111
 0.46165908 0.45811138 0.45457871 0.45106178 0.44756139 0.44407834
 0.44061353 0.4371679  0.43374245 0.43033825 0.42695646 0.42359832
 0.42026514 0.41695835 0.41367949 0.41043021 0.40721231 0.4040277
 0.4008785  0.39776696 0.39469557 0.391667   0.38868422 0.38575041
 0.38286912 0.3800442  0.37727993 0.374581   0.37195264 0.36940063
 0.3669314  0.36455218 0.36227101 0.360097   0.35804041 0.35611286
 0.35432764 0.35269992 0.35124718 0.34998965]
t =  [1.03170202e+09 1.03170206e+09 1.03170210e+09 1.03170214e+09
 1.03170218e+09 1.03170222e+09 1.03170226e+09 1.03170230e+09
 1.03170235e+09 1.03170239e+09 1.03170243e+09 1.03170247e+09
 1.03170251e+09 1.03170255e+09 1.03170259e+09 1.03170263e+09
 1.03170267e+09 1.03170271e+09 1.03170275e+09 1.03170280e+09
 1.03170284e+09 1.03170288e+09 1.03170292e+09 1.03170296e+09
 1.03170300e+09 1.03170304e+09 1.03170308e+09 1.03170312e+09
 1.03170316e+09 1.03170321e+09 1.03170325e+09 1.03170329e+09
 1.03170333e+09 1.03170337e+09 1.03170341e+09 1.03170345e+09
 1.03170349e+09 1.03170353e+09 1.03170357e+09 1.03170361e+09
 1.03170366e+09 1.03170370e+09 1.03170374e+09 1.03170378e+09
 1.03170382e+09 1.03170386e+09 1.03170390e+09 1.03170394e+09
 1.03170398e+09 1.03170402e+09 1.03170406e+09 1.03170411e+09
 1.03170415e+09 1.03170419e+09 1.03170423e+09 1.03170427e+09
 1.03170431e+09 1.03170435e+09 1.03170439e+09 1.03170443e+09
 1.03170447e+09 1.03170451e+09 1.03170456e+09 1.03170460e+09
 1.03170464e+09 1.03170468e+09 1.03170472e+09 1.03170476e+09
 1.03170480e+09 1.03170484e+09 1.03170488e+09 1.03170492e+09
 1.03170497e+09 1.03170501e+09 1.03170505e+09 1.03170509e+09
 1.03170513e+09 1.03170517e+09 1.03170521e+09 1.03170525e+09
 1.03170529e+09 1.03170533e+09 1.03170537e+09 1.03170542e+09
 1.03170546e+09 1.03170550e+09 1.03170554e+09 1.03170558e+09
 1.03170562e+09 1.03170566e+09 1.03170570e+09 1.03170574e+09
 1.03170578e+09 1.03170582e+09 1.03170587e+09 1.03170591e+09
 1.03170595e+09 1.03170599e+09 1.03170603e+09 1.03170607e+09
 1.03170611e+09 1.03170615e+09 1.03170619e+09 1.03170623e+09
 1.03170627e+09 1.03170632e+09 1.03170636e+09 1.03170640e+09
 1.03170644e+09 1.03170648e+09 1.03170652e+09 1.03170656e+09
 1.03170660e+09 1.03170664e+09 1.03170668e+09 1.03170673e+09
 1.03170677e+09 1.03170681e+09 1.03170685e+09 1.03170689e+09
 1.03170693e+09 1.03170697e+09 1.03170701e+09 1.03170705e+09
 1.03170709e+09 1.03170713e+09 1.03170718e+09 1.03170722e+09
 1.03170726e+09 1.03170730e+09 1.03170734e+09 1.03170738e+09
 1.03170742e+09 1.03170746e+09 1.03170750e+09 1.03170754e+09
 1.03170758e+09 1.03170763e+09 1.03170767e+09 1.03170771e+09
 1.03170775e+09 1.03170779e+09 1.03170783e+09 1.03170787e+09
 1.03170791e+09 1.03170795e+09 1.03170799e+09 1.03170804e+09
 1.03170808e+09 1.03170812e+09 1.03170816e+09 1.03170820e+09
 1.03170824e+09 1.03170828e+09 1.03170832e+09 1.03170836e+09
 1.03170840e+09 1.03170844e+09 1.03170849e+09 1.03170853e+09
 1.03170857e+09 1.03170861e+09 1.03170865e+09 1.03170869e+09
 1.03170873e+09 1.03170877e+09 1.03170881e+09 1.03170885e+09
 1.03170889e+09 1.03170894e+09 1.03170898e+09 1.03170902e+09
 1.03170906e+09 1.03170910e+09 1.03170914e+09 1.03170918e+09
 1.03170922e+09 1.03170926e+09 1.03170930e+09 1.03170934e+09
 1.03170939e+09 1.03170943e+09 1.03170947e+09 1.03170951e+09
 1.03170955e+09 1.03170959e+09 1.03170963e+09 1.03170967e+09
 1.03170971e+09 1.03170975e+09 1.03170980e+09 1.03170984e+09
 1.03170988e+09 1.03170992e+09 1.03170996e+09 1.03171000e+09
 1.03171004e+09 1.03171008e+09 1.03171012e+09 1.03171016e+09
 1.03171020e+09 1.03171025e+09 1.03171029e+09 1.03171033e+09
 1.03171037e+09 1.03171041e+09 1.03171045e+09 1.03171049e+09
 1.03171053e+09 1.03171057e+09 1.03171061e+09 1.03171065e+09
 1.03171070e+09 1.03171074e+09 1.03171078e+09 1.03171082e+09
 1.03171086e+09 1.03171090e+09 1.03171094e+09 1.03171098e+09
 1.03171102e+09 1.03171106e+09 1.03171110e+09 1.03171115e+09
 1.03171119e+09 1.03171123e+09 1.03171127e+09 1.03171131e+09
 1.03171135e+09 1.03171139e+09 1.03171143e+09 1.03171147e+09
 1.03171151e+09 1.03171156e+09 1.03171160e+09 1.03171164e+09
 1.03171168e+09 1.03171172e+09 1.03171176e+09 1.03171180e+09
 1.03171184e+09 1.03171188e+09 1.03171192e+09 1.03171196e+09
 1.03171201e+09 1.03171205e+09 1.03171209e+09 1.03171213e+09
 1.03171217e+09 1.03171221e+09 1.03171225e+09 1.03171229e+09
 1.03171233e+09 1.03171237e+09 1.03171241e+09 1.03171246e+09
 1.03171250e+09 1.03171254e+09 1.03171258e+09 1.03171262e+09
 1.03171266e+09 1.03171270e+09 1.03171274e+09 1.03171278e+09
 1.03171282e+09 1.03171286e+09 1.03171291e+09 1.03171295e+09
 1.03171299e+09 1.03171303e+09 1.03171307e+09 1.03171311e+09
 1.03171315e+09 1.03171319e+09 1.03171323e+09 1.03171327e+09
 1.03171332e+09 1.03171336e+09 1.03171340e+09 1.03171344e+09
 1.03171348e+09 1.03171352e+09 1.03171356e+09 1.03171360e+09
 1.03171364e+09 1.03171368e+09 1.03171372e+09 1.03171377e+09
 1.03171381e+09 1.03171385e+09 1.03171389e+09 1.03171393e+09
 1.03171397e+09 1.03171401e+09 1.03171405e+09 1.03171409e+09
 1.03171413e+09 1.03171417e+09 1.03171422e+09 1.03171426e+09
 1.03171430e+09 1.03171434e+09 1.03171438e+09 1.03171442e+09
 1.03171446e+09 1.03171450e+09 1.03171454e+09 1.03171458e+09
 1.03171462e+09 1.03171467e+09 1.03171471e+09 1.03171475e+09
 1.03171479e+09 1.03171483e+09 1.03171487e+09 1.03171491e+09
 1.03171495e+09 1.03171499e+09 1.03171503e+09 1.03171508e+09
 1.03171512e+09 1.03171516e+09 1.03171520e+09 1.03171524e+09
 1.03171528e+09 1.03171532e+09 1.03171536e+09 1.03171540e+09
 1.03171544e+09 1.03171548e+09 1.03171553e+09 1.03171557e+09
 1.03171561e+09 1.03171565e+09 1.03171569e+09 1.03171573e+09
 1.03171577e+09 1.03171581e+09 1.03171585e+09 1.03171589e+09
 1.03171593e+09 1.03171598e+09 1.03171602e+09 1.03171606e+09
 1.03171610e+09 1.03171614e+09 1.03171618e+09 1.03171622e+09
 1.03171626e+09 1.03171630e+09 1.03171634e+09 1.03171638e+09
 1.03171643e+09 1.03171647e+09 1.03171651e+09 1.03171655e+09
 1.03171659e+09 1.03171663e+09 1.03171667e+09 1.03171671e+09
 1.03171675e+09 1.03171679e+09 1.03171684e+09 1.03171688e+09
 1.03171692e+09 1.03171696e+09 1.03171700e+09 1.03171704e+09
 1.03171708e+09 1.03171712e+09 1.03171716e+09 1.03171720e+09
 1.03171724e+09 1.03171729e+09 1.03171733e+09 1.03171737e+09
 1.03171741e+09 1.03171745e+09 1.03171749e+09 1.03171753e+09
 1.03171757e+09 1.03171761e+09 1.03171765e+09 1.03171769e+09
 1.03171774e+09 1.03171778e+09 1.03171782e+09 1.03171786e+09
 1.03171790e+09 1.03171794e+09 1.03171798e+09 1.03171802e+09
 1.03171806e+09 1.03171810e+09 1.03171814e+09 1.03171819e+09
 1.03171823e+09 1.03171827e+09 1.03171831e+09 1.03171835e+09
 1.03171839e+09 1.03171843e+09 1.03171847e+09 1.03171851e+09
 1.03171855e+09 1.03171860e+09 1.03171864e+09 1.03171868e+09
 1.03171872e+09 1.03171876e+09 1.03171880e+09 1.03171884e+09
 1.03171888e+09 1.03171892e+09 1.03171896e+09 1.03171900e+09
 1.03171905e+09 1.03171909e+09 1.03171913e+09 1.03171917e+09
 1.03171921e+09 1.03171925e+09 1.03171929e+09 1.03171933e+09
 1.03171937e+09 1.03171941e+09 1.03171945e+09 1.03171950e+09
 1.03171954e+09 1.03171958e+09 1.03171962e+09 1.03171966e+09
 1.03171970e+09 1.03171974e+09 1.03171978e+09 1.03171982e+09
 1.03171986e+09 1.03171990e+09 1.03171995e+09 1.03171999e+09
 1.03172003e+09 1.03172007e+09 1.03172011e+09 1.03172015e+09
 1.03172019e+09 1.03172023e+09 1.03172027e+09 1.03172031e+09
 1.03172036e+09 1.03172040e+09 1.03172044e+09 1.03172048e+09
 1.03172052e+09 1.03172056e+09 1.03172060e+09 1.03172064e+09
 1.03172068e+09 1.03172072e+09 1.03172076e+09 1.03172081e+09
 1.03172085e+09 1.03172089e+09 1.03172093e+09 1.03172097e+09
 1.03172101e+09 1.03172105e+09 1.03172109e+09 1.03172113e+09
 1.03172117e+09 1.03172121e+09 1.03172126e+09 1.03172130e+09
 1.03172134e+09 1.03172138e+09 1.03172142e+09 1.03172146e+09
 1.03172150e+09 1.03172154e+09 1.03172158e+09 1.03172162e+09
 1.03172167e+09 1.03172171e+09 1.03172175e+09 1.03172179e+09
 1.03172183e+09 1.03172187e+09 1.03172191e+09 1.03172195e+09
 1.03172199e+09 1.03172203e+09 1.03172207e+09 1.03172212e+09
 1.03172216e+09 1.03172220e+09 1.03172224e+09 1.03172228e+09
 1.03172232e+09 1.03172236e+09 1.03172240e+09 1.03172244e+09
 1.03172248e+09 1.03172252e+09 1.03172257e+09 1.03172261e+09
 1.03172265e+09 1.03172269e+09 1.03172273e+09 1.03172277e+09
 1.03172281e+09 1.03172285e+09 1.03172289e+09 1.03172293e+09
 1.03172297e+09 1.03172302e+09 1.03172306e+09 1.03172310e+09
 1.03172314e+09 1.03172318e+09 1.03172322e+09 1.03172326e+09
 1.03172330e+09 1.03172334e+09 1.03172338e+09 1.03172343e+09
 1.03172347e+09 1.03172351e+09 1.03172355e+09 1.03172359e+09
 1.03172363e+09 1.03172367e+09 1.03172371e+09 1.03172375e+09
 1.03172379e+09 1.03172383e+09 1.03172388e+09 1.03172392e+09
 1.03172396e+09 1.03172400e+09 1.03172404e+09 1.03172408e+09
 1.03172412e+09 1.03172416e+09 1.03172420e+09 1.03172424e+09
 1.03172428e+09 1.03172433e+09 1.03172437e+09 1.03172441e+09
 1.03172445e+09 1.03172449e+09 1.03172453e+09 1.03172457e+09
 1.03172461e+09 1.03172465e+09 1.03172469e+09 1.03172473e+09
 1.03172478e+09 1.03172482e+09 1.03172486e+09 1.03172490e+09
 1.03172494e+09 1.03172498e+09 1.03172502e+09 1.03172506e+09
 1.03172510e+09 1.03172514e+09 1.03172519e+09 1.03172523e+09
 1.03172527e+09 1.03172531e+09 1.03172535e+09 1.03172539e+09
 1.03172543e+09 1.03172547e+09 1.03172551e+09 1.03172555e+09
 1.03172559e+09 1.03172564e+09 1.03172568e+09 1.03172572e+09
 1.03172576e+09 1.03172580e+09 1.03172584e+09 1.03172588e+09
 1.03172592e+09 1.03172596e+09 1.03172600e+09 1.03172604e+09
 1.03172609e+09 1.03172613e+09 1.03172617e+09 1.03172621e+09
 1.03172625e+09 1.03172629e+09 1.03172633e+09 1.03172637e+09
 1.03172641e+09 1.03172645e+09 1.03172649e+09 1.03172654e+09
 1.03172658e+09 1.03172662e+09 1.03172666e+09 1.03172670e+09
 1.03172674e+09 1.03172678e+09 1.03172682e+09 1.03172686e+09
 1.03172690e+09 1.03172695e+09 1.03172699e+09 1.03172703e+09
 1.03172707e+09 1.03172711e+09 1.03172715e+09 1.03172719e+09
 1.03172723e+09 1.03172727e+09 1.03172731e+09 1.03172735e+09
 1.03172740e+09 1.03172744e+09 1.03172748e+09 1.03172752e+09
 1.03172756e+09 1.03172760e+09 1.03172764e+09 1.03172768e+09
 1.03172772e+09 1.03172776e+09 1.03172780e+09 1.03172785e+09
 1.03172789e+09 1.03172793e+09 1.03172797e+09 1.03172801e+09
 1.03172805e+09 1.03172809e+09 1.03172813e+09 1.03172817e+09
 1.03172821e+09 1.03172825e+09 1.03172830e+09 1.03172834e+09
 1.03172838e+09 1.03172842e+09 1.03172846e+09 1.03172850e+09
 1.03172854e+09 1.03172858e+09 1.03172862e+09 1.03172866e+09
 1.03172871e+09 1.03172875e+09 1.03172879e+09 1.03172883e+09
 1.03172887e+09 1.03172891e+09 1.03172895e+09 1.03172899e+09
 1.03172903e+09 1.03172907e+09 1.03172911e+09 1.03172916e+09
 1.03172920e+09 1.03172924e+09 1.03172928e+09 1.03172932e+09
 1.03172936e+09 1.03172940e+09 1.03172944e+09 1.03172948e+09
 1.03172952e+09 1.03172956e+09 1.03172961e+09 1.03172965e+09
 1.03172969e+09 1.03172973e+09 1.03172977e+09 1.03172981e+09
 1.03172985e+09 1.03172989e+09 1.03172993e+09 1.03172997e+09
 1.03173001e+09 1.03173006e+09 1.03173010e+09 1.03173014e+09
 1.03173018e+09 1.03173022e+09 1.03173026e+09 1.03173030e+09
 1.03173034e+09 1.03173038e+09 1.03173042e+09 1.03173047e+09
 1.03173051e+09 1.03173055e+09 1.03173059e+09 1.03173063e+09
 1.03173067e+09 1.03173071e+09 1.03173075e+09 1.03173079e+09
 1.03173083e+09 1.03173087e+09 1.03173092e+09 1.03173096e+09
 1.03173100e+09 1.03173104e+09 1.03173108e+09 1.03173112e+09
 1.03173116e+09 1.03173120e+09 1.03173124e+09 1.03173128e+09
 1.03173132e+09 1.03173137e+09 1.03173141e+09 1.03173145e+09
 1.03173149e+09 1.03173153e+09 1.03173157e+09 1.03173161e+09
 1.03173165e+09 1.03173169e+09 1.03173173e+09 1.03173177e+09
 1.03173182e+09 1.03173186e+09 1.03173190e+09 1.03173194e+09
 1.03173198e+09 1.03173202e+09 1.03173206e+09 1.03173210e+09
 1.03173214e+09 1.03173218e+09 1.03173223e+09 1.03173227e+09
 1.03173231e+09 1.03173235e+09 1.03173239e+09 1.03173243e+09
 1.03173247e+09 1.03173251e+09 1.03173255e+09 1.03173259e+09
 1.03173263e+09 1.03173268e+09 1.03173272e+09 1.03173276e+09
 1.03173280e+09 1.03173284e+09 1.03173288e+09 1.03173292e+09
 1.03173296e+09 1.03173300e+09 1.03173304e+09 1.03173308e+09
 1.03173313e+09 1.03173317e+09 1.03173321e+09 1.03173325e+09
 1.03173329e+09 1.03173333e+09 1.03173337e+09 1.03173341e+09
 1.03173345e+09 1.03173349e+09 1.03173353e+09 1.03173358e+09
 1.03173362e+09 1.03173366e+09 1.03173370e+09 1.03173374e+09
 1.03173378e+09 1.03173382e+09 1.03173386e+09 1.03173390e+09
 1.03173394e+09 1.03173399e+09 1.03173403e+09 1.03173407e+09
 1.03173411e+09 1.03173415e+09 1.03173419e+09 1.03173423e+09
 1.03173427e+09 1.03173431e+09 1.03173435e+09 1.03173439e+09
 1.03173444e+09 1.03173448e+09 1.03173452e+09 1.03173456e+09
 1.03173460e+09 1.03173464e+09 1.03173468e+09 1.03173472e+09
 1.03173476e+09 1.03173480e+09 1.03173484e+09 1.03173489e+09
 1.03173493e+09 1.03173497e+09 1.03173501e+09 1.03173505e+09
 1.03173509e+09 1.03173513e+09 1.03173517e+09 1.03173521e+09
 1.03173525e+09 1.03173530e+09 1.03173534e+09 1.03173538e+09
 1.03173542e+09 1.03173546e+09 1.03173550e+09 1.03173554e+09
 1.03173558e+09 1.03173562e+09 1.03173566e+09 1.03173570e+09
 1.03173575e+09 1.03173579e+09 1.03173583e+09 1.03173587e+09
 1.03173591e+09 1.03173595e+09 1.03173599e+09 1.03173603e+09
 1.03173607e+09 1.03173611e+09 1.03173615e+09 1.03173620e+09
 1.03173624e+09 1.03173628e+09 1.03173632e+09 1.03173636e+09
 1.03173640e+09 1.03173644e+09 1.03173648e+09 1.03173652e+09
 1.03173656e+09 1.03173660e+09 1.03173665e+09 1.03173669e+09
 1.03173673e+09 1.03173677e+09 1.03173681e+09 1.03173685e+09
 1.03173689e+09 1.03173693e+09 1.03173697e+09 1.03173701e+09
 1.03173706e+09 1.03173710e+09 1.03173714e+09 1.03173718e+09
 1.03173722e+09 1.03173726e+09 1.03173730e+09 1.03173734e+09
 1.03173738e+09 1.03173742e+09 1.03173746e+09 1.03173751e+09
 1.03173755e+09 1.03173759e+09 1.03173763e+09 1.03173767e+09
 1.03173771e+09 1.03173775e+09 1.03173779e+09 1.03173783e+09
 1.03173787e+09 1.03173791e+09 1.03173796e+09 1.03173800e+09
 1.03173804e+09 1.03173808e+09 1.03173812e+09 1.03173816e+09
 1.03173820e+09 1.03173824e+09 1.03173828e+09 1.03173832e+09
 1.03173836e+09 1.03173841e+09 1.03173845e+09 1.03173849e+09
 1.03173853e+09 1.03173857e+09 1.03173861e+09 1.03173865e+09
 1.03173869e+09 1.03173873e+09 1.03173877e+09 1.03173882e+09
 1.03173886e+09 1.03173890e+09 1.03173894e+09 1.03173898e+09
 1.03173902e+09 1.03173906e+09 1.03173910e+09 1.03173914e+09
 1.03173918e+09 1.03173922e+09 1.03173927e+09 1.03173931e+09
 1.03173935e+09 1.03173939e+09 1.03173943e+09 1.03173947e+09
 1.03173951e+09 1.03173955e+09 1.03173959e+09 1.03173963e+09
 1.03173967e+09 1.03173972e+09 1.03173976e+09 1.03173980e+09
 1.03173984e+09 1.03173988e+09 1.03173992e+09 1.03173996e+09
 1.03174000e+09 1.03174004e+09 1.03174008e+09 1.03174012e+09
 1.03174017e+09 1.03174021e+09 1.03174025e+09 1.03174029e+09
 1.03174033e+09 1.03174037e+09 1.03174041e+09 1.03174045e+09
 1.03174049e+09 1.03174053e+09 1.03174058e+09 1.03174062e+09
 1.03174066e+09 1.03174070e+09 1.03174074e+09 1.03174078e+09
 1.03174082e+09 1.03174086e+09 1.03174090e+09 1.03174094e+09
 1.03174098e+09 1.03174103e+09 1.03174107e+09 1.03174111e+09
 1.03174115e+09 1.03174119e+09 1.03174123e+09 1.03174127e+09
 1.03174131e+09 1.03174135e+09 1.03174139e+09 1.03174143e+09
 1.03174148e+09 1.03174152e+09 1.03174156e+09 1.03174160e+09
 1.03174164e+09 1.03174168e+09 1.03174172e+09 1.03174176e+09
 1.03174180e+09 1.03174184e+09 1.03174188e+09 1.03174193e+09
 1.03174197e+09 1.03174201e+09 1.03174205e+09 1.03174209e+09
 1.03174213e+09 1.03174217e+09 1.03174221e+09 1.03174225e+09
 1.03174229e+09 1.03174234e+09 1.03174238e+09 1.03174242e+09
 1.03174246e+09 1.03174250e+09 1.03174254e+09 1.03174258e+09
 1.03174262e+09 1.03174266e+09 1.03174270e+09 1.03174274e+09
 1.03174279e+09 1.03174283e+09 1.03174287e+09 1.03174291e+09]
minRes = 0.34998964682088185
minResTime =  [1.03174291e+09]
