name =JUICE_ROI_CAL_4_5_03
flyby =  ['2033 MAR 04 14:44:09', '2033 MAR 05 14:44:09']
Observation TW =  <SpiceCell dtype = 1, length = 0, size = 2400, card = 4, is_set = 1, adjust = 0, init = 1, base = 2554798227024, data = 2554798227072>
Res(t) =  [6.48483698 6.48198355 6.47913014 6.47627672 6.47342331 6.4705699
 6.4677165  6.4648631  6.46200971 6.45915632 6.45630293 6.45344955
 6.45059617 6.44774279 6.44488942 6.44203606 6.43918269 6.43632933
 6.43347597 6.43062262 6.42776927 6.42491592 6.42206258 6.41920924
 6.41635591 6.41350258 6.41064925 6.40779592 6.4049426  6.40208928
 6.39923596 6.39638265 6.39352934 6.39067604 6.38782273 6.38496944
 6.38211614 6.37926285 6.37640956 6.37355627 6.37070298 6.3678497
 6.36499642 6.36214315 6.35928988 6.35643661 6.35358334 6.35073008
 6.34787682 6.34502356 6.3421703  6.33931705 6.3364638  6.33361055
 6.3307573  6.32790406 6.32505082 6.32219758 6.31934435 6.31649112
 6.31363789 6.31078466 6.30793143 6.30507821 6.30222499 6.29937177
 6.29651855 6.29366534 6.29081213 6.28795892 6.28510571 6.2822525
 6.2793993  6.2765461  6.2736929  6.2708397  6.26798651 6.26513331
 6.26228012 6.25942693 6.25657374 6.25372056 6.25086737 6.24801419
 6.24516101 6.24230783 6.23945465 6.23660147 6.2337483  6.23089513
 6.22804196 6.22518879 6.22233562 6.21948245 6.21662929 6.21377612
 6.21092296 6.2080698  6.20521664 6.20236348 6.19951032 6.19665717
 6.19380401 6.19095086 6.1880977  6.18524455 6.1823914  6.17953825
 6.17668511 6.17383196 6.17097881 6.16812567 6.16527252 6.16241938
 6.15956624 6.15671309 6.15385995 6.15100681 6.14815367 6.14530053
 6.1424474  6.13959426 6.13674112 6.13388799 6.13103485 6.12818172
 6.12532858 6.12247545 6.11962231 6.11676918 6.11391605 6.11106291
 6.10820978 6.10535665 6.10250352 6.09965039 6.09679726 6.09394413
 6.091091   6.08823786 6.08538473 6.0825316  6.07967847 6.07682534
 6.07397221 6.07111908 6.06826595 6.06541282 6.06255969 6.05970656
 6.05685343 6.0540003  6.05114717 6.04829404 6.04544091 6.04258777
 6.03973464 6.03688151 6.03402838 6.03117524 6.02832211 6.02546897
 6.02261584 6.0197627  6.01690957 6.01405643 6.01120329 6.00835016
 6.00549702 6.00264388 5.99979074 5.9969376  5.99408446 5.99123131
 5.98837817 5.98552503 5.98267188 5.97981873 5.97696559 5.97411244
 5.97125929 5.96840614 5.96555299 5.96269984 5.95984668 5.95699353
 5.95414037 5.95128722 5.94843406 5.9455809  5.94272774 5.93987458
 5.93702141 5.93416825 5.93131508 5.92846191 5.92560875 5.92275557
 5.9199024  5.91704923 5.91419605 5.91134288 5.9084897  5.90563652
 5.90278334 5.89993015 5.89707697 5.89422378 5.89137059 5.8885174
 5.88566421 5.88281101 5.87995782 5.87710462 5.87425142 5.87139822
 5.86854501 5.86569181 5.8628386  5.85998539 5.85713217 5.85427896
 5.85142574 5.84857252 5.8457193  5.84286608 5.84001285 5.83715962
 5.83430639 5.83145316 5.82859992 5.82574668 5.82289344 5.8200402
 5.81718696 5.81433371 5.81148046 5.8086272  5.80577395 5.80292069
 5.80006743 5.79721416 5.7943609  5.79150763 5.78865435 5.78580108
 5.7829478  5.78009452 5.77724124 5.77438795 5.77153466 5.76868137
 5.76582807 5.76297477 5.76012147 5.75726817 5.75441486 5.75156155
 5.74870823 5.74585491 5.74300159 5.74014827 5.73729494 5.73444161
 5.73158827 5.72873494 5.7258816  5.72302825 5.7201749  5.71732155
 5.7144682  5.71161484 5.70876148 5.70590811 5.70305474 5.70020137
 5.69734799 5.69449461 5.69164123 5.68878784 5.68593445 5.68308105
 5.68022765 5.67737425 5.67452084 5.67166743 5.66881402 5.6659606
 5.66310717 5.66025375 5.65740032 5.65454688 5.65169344 5.64884
 5.64598655 5.6431331  5.64027964 5.63742618 5.63457272 5.63171925
 5.62886577 5.6260123  5.62315882 5.62030533 5.61745184 5.61459834
 5.61174484 5.60889134 5.60603783 5.60318432 5.6003308  5.59747727
 5.59462375 5.59177022 5.58891668 5.58606314 5.58320959 5.58035604
 5.57750248 5.57464892 5.57179536 5.56894179 5.56608821 5.56323463
 5.56038105 5.55752745 5.55467386 5.55182026 5.54896665 5.54611304
 5.54325943 5.54040581 5.53755218 5.53469855 5.53184491 5.52899127
 5.52613762 5.52328397 5.52043031 5.51757665 5.51472298 5.51186931
 5.50901563 5.50616194 5.50330825 5.50045455 5.49760085 5.49474715
 5.49189343 5.48903971 5.48618599 5.48333226 5.48047853 5.47762478
 5.47477104 5.47191728 5.46906353 5.46620976 5.46335599 5.46050221
 5.45764843 5.45479464 5.45194085 5.44908705 5.44623324 5.44337943
 5.44052561 5.43767179 5.43481796 5.43196412 5.42911028 5.42625643
 5.42340257 5.42054871 5.41769484 5.41484097 5.41198709 5.4091332
 5.40627931 5.40342541 5.4005715  5.39771759 5.39486367 5.39200974
 5.38915581 5.38630187 5.38344793 5.38059398 5.37774002 5.37488605
 5.37203208 5.3691781  5.36632412 5.36347012 5.36061612 5.35776212
 5.35490811 5.35205409 5.34920006 5.34634603 5.34349199 5.34063794
 5.33778388 5.33492982 5.33207575 5.32922168 5.32636759 5.3235135
 5.32065941 5.3178053  5.31495119 5.31209707 5.30924295 5.30638881
 5.30353467 5.30068053 5.29782637 5.29497221 5.29211804 5.28926386
 5.28640968 5.28355548 5.28070128 5.27784708 5.27499286 5.27213864
 5.26928441 5.26643017 5.26357593 5.26072167 5.25786741 5.25501314
 5.25215887 5.24930458 5.24645029 5.24359599 5.24074168 5.23788737
 5.23503305 5.23217871 5.22932437 5.22647003 5.22361567 5.22076131
 5.21790694 5.21505256 5.21219817 5.20934378 5.20648937 5.20363496
 5.20078054 5.19792611 5.19507167 5.19221723 5.18936278 5.18650832
 5.18365385 5.18079937 5.17794488 5.17509039 5.17223588 5.16938137
 5.16652685 5.16367232 5.16081778 5.15796324 5.15510868 5.15225412
 5.14939955 5.14654497 5.14369038 5.14083578 5.13798117 5.13512656
 5.13227193 5.1294173  5.12656266 5.12370801 5.12085335 5.11799868
 5.11514401 5.11228932 5.10943462 5.10657992 5.10372521 5.10087048
 5.09801575 5.09516101 5.09230626 5.08945151 5.08659674 5.08374196
 5.08088717 5.07803238 5.07517758 5.07232276 5.06946794 5.06661311
 5.06375826 5.06090341 5.05804855 5.05519368 5.0523388  5.04948392
 5.04662902 5.04377411 5.04091919 5.03806427 5.03520933 5.03235438
 5.02949943 5.02664446 5.02378949 5.0209345  5.01807951 5.01522451
 5.01236949 5.00951447 5.00665944 5.00380439 5.00094934 4.99809428
 4.99523921 4.99238412 4.98952903 4.98667393 4.98381882 4.9809637
 4.97810856 4.97525342 4.97239827 4.96954311 4.96668793 4.96383275
 4.96097756 4.95812236 4.95526714 4.95241192 4.94955669 4.94670144
 4.94384619 4.94099093 4.93813565 4.93528037 4.93242507 4.92956977
 4.92671445 4.92385912 4.92100379 4.91814844 4.91529308 4.91243771
 4.90958233 4.90672695 4.90387155 4.90101613 4.89816071 4.89530528
 4.89244984 4.88959439 4.88673892 4.88388345 4.88102796 4.87817247
 4.87531696 4.87246144 4.86960592 4.86675038 4.86389483 4.86103927
 4.85818369 4.85532811 4.85247252 4.84961691 4.8467613  4.84390567
 4.84105003 4.83819438 4.83533872 4.83248305 4.82962737 4.82677168
 4.82391597 4.82106026 4.81820453 4.81534879 4.81249305 4.80963729
 4.80678151 4.80392573 4.80106994 4.79821413 4.79535832 4.79250249
 4.78964665 4.7867908  4.78393493 4.78107906 4.77822318 4.77536728
 4.77251137 4.76965545 4.76679952 4.76394358 4.76108762 4.75823166
 4.75537568 4.75251969 4.74966369 4.74680768 4.74395165 4.74109562
 4.73823957 4.73538351 4.73252744 4.72967135 4.72681526 4.72395915
 4.72110303 4.7182469  4.71539076 4.71253461 4.70967844 4.70682226
 4.70396607 4.70110987 4.69825366 4.69539743 4.69254119 4.68968494
 4.68682868 4.68397241 4.68111612 4.67825982 4.67540351 4.67254719
 4.66969086 4.66683451 4.66397815 4.66112178 4.6582654  4.655409
 4.65255259 4.64969617 4.64683974 4.64398329 4.64112684 4.63827037
 4.63541388 4.63255739 4.62970088 4.62684436 4.62398783 4.62113129
 4.61827473 4.61541816 4.61256158 4.60970499 4.60684838 4.60399176
 4.60113513 4.59827848 4.59542183 4.59256516 4.58970847 4.58685178
 4.58399507 4.58113835 4.57828162 4.57542487 4.57256811 4.56971134
 4.56685456 4.56399776 4.56114095 4.55828413 4.55542729 4.55257044
 4.54971358 4.54685671 4.54399982 4.54114292 4.53828601 4.53542908
 4.53257215 4.52971519 4.52685823 4.52400125 4.52114426 4.51828726
 4.51543024 4.51257321 4.50971617 4.50685911 4.50400204 4.50114496
 4.49828787 4.49543076 4.49257364 4.4897165  4.48685936 4.48400219
 4.48114502 4.47828783 4.47543063 4.47257342 4.46971619 4.46685895
 4.4640017  4.46114443 4.45828715 4.45542986 4.45257255 4.44971523
 4.44685789 4.44400055 4.44114319 4.43828581 4.43542843 4.43257102
 4.42971361 4.42685618 4.42399874 4.42114129 4.41828382 4.41542634
 4.41256884 4.40971133 4.40685381 4.40399627 4.40113872 4.39828116
 4.39542358 4.39256599 4.38970839 4.38685077 4.38399314 4.3811355
 4.37827784 4.37542017 4.37256248 4.36970478 4.36684707 4.36398934
 4.3611316  4.35827384 4.35541608 4.35255829 4.3497005  4.34684269
 4.34398487 4.34112703 4.33826918 4.33541131 4.33255343 4.32969554
 4.32683763 4.32397971 4.32112178 4.31826383 4.31540587 4.31254789
 4.3096899  4.3068319  4.30397388 4.30111585 4.29825781 4.29539975
 4.29254167 4.28968359 4.28682548 4.28396737 4.28110924 4.2782511
 4.27539294 4.27253477 4.26967658 4.26681838 4.26396017 4.26110194
 4.2582437  4.25538544 4.25252717 4.24966889 4.24681059 4.24395228
 4.24109395 4.23823561 4.23537726 4.23251889 4.2296605  4.22680211
 4.2239437  4.22108527 4.21822683 4.21536838 4.21250991 4.20965143
 4.20679293 4.20393442 4.2010759  4.19821736 4.1953588  4.19250024
 4.18964165 4.18678306 4.18392445 4.18106582 4.17820718 4.17534853
 4.17248986 4.16963118 4.16677249 4.16391378 4.16105505 4.15819631
 4.15533756 4.15247879 4.14962001 4.14676122 4.14390241 4.14104358
 4.13818474 4.13532589 4.13246702 4.12960814 4.12674924 4.12389033
 4.12103141 4.11817247 4.11531352 4.11245455 4.10959557 4.10673657
 4.10387756 4.10101853 4.09815949 4.09530044 4.09244137 4.08958229
 4.08672319 4.08386408 4.08100495 4.07814581 4.07528666 4.07242749
 4.06956831 4.06670911 4.0638499  4.06099067 4.05813143 4.05527217
 4.0524129  4.04955362 4.04669432 4.04383501 4.04097568 4.03811634
 4.03525698 4.03239761 4.02953823 4.02667883 4.02381942 4.02095999
 4.01810055 4.01524109 4.01238162 4.00952213 4.00666263 4.00380312
 4.00094359 3.99808405 3.99522449 3.99236492 3.98950533 3.98664573
 3.98378612 3.98092649 3.97806685 3.97520719 3.97234752 3.96948783
 3.96662813 3.96376841 3.96090868 3.95804894 3.95518918 3.95232941
 3.94946962 3.94660982 3.94375001 3.94089018 3.93803034 3.93517048
 3.9323106  3.92945072 3.92659082 3.9237309  3.92087097 3.91801103
 3.91515107 3.9122911  3.90943111 3.90657111 3.9037111  3.90085107
 3.89799103 3.89513097 3.8922709  3.88941081 3.88655071 3.8836906
 3.88083047 3.87797033 3.87511017 3.87225    3.86938981 3.86652962
 3.8636694  3.86080918 3.85794893 3.85508868 3.85222841 3.84936813
 3.84650783 3.84364752 3.84078719 3.83792685 3.8350665  3.83220613
 3.82934575 3.82648535 3.82362495 3.82076452 3.81790408 3.81504363
 3.81218317 3.80932269 3.8064622  3.80360169 3.80074117 3.79788063
 3.79502009 3.79215952 3.78929895 3.78643836 3.78357776 3.78071714
 3.77785651 3.77499586 3.7721352  3.76927453 3.76641385 3.76355315
 3.76069243 3.75783171 3.75497097 3.75211021 3.74924944 3.74638866
 3.74352787 3.74066706 3.73780624 3.7349454  3.73208455 3.72922369
 3.72636282 3.72350193 3.72064102 3.71778011 3.71491918 3.71205823
 3.70919728 3.70633631 3.70347533 3.70061433 3.69775332 3.6948923
 3.69203126 3.68917021 3.68630915 3.68344808 3.68058699 3.67772588
 3.67486477 3.67200364 3.6691425  3.66628135 3.66342018 3.660559
 3.65769781 3.6548366  3.65197538 3.64911415 3.64625291 3.64339165
 3.64053038 3.6376691  3.6348078  3.63194649]
t =  [1.04683232e+09 1.04683234e+09 1.04683236e+09 1.04683238e+09
 1.04683240e+09 1.04683242e+09 1.04683244e+09 1.04683246e+09
 1.04683248e+09 1.04683250e+09 1.04683252e+09 1.04683254e+09
 1.04683256e+09 1.04683258e+09 1.04683259e+09 1.04683261e+09
 1.04683263e+09 1.04683265e+09 1.04683267e+09 1.04683269e+09
 1.04683271e+09 1.04683273e+09 1.04683275e+09 1.04683277e+09
 1.04683279e+09 1.04683281e+09 1.04683283e+09 1.04683285e+09
 1.04683287e+09 1.04683289e+09 1.04683291e+09 1.04683293e+09
 1.04683295e+09 1.04683297e+09 1.04683299e+09 1.04683301e+09
 1.04683303e+09 1.04683305e+09 1.04683307e+09 1.04683309e+09
 1.04683311e+09 1.04683313e+09 1.04683315e+09 1.04683317e+09
 1.04683319e+09 1.04683321e+09 1.04683323e+09 1.04683325e+09
 1.04683327e+09 1.04683329e+09 1.04683331e+09 1.04683333e+09
 1.04683335e+09 1.04683337e+09 1.04683339e+09 1.04683340e+09
 1.04683342e+09 1.04683344e+09 1.04683346e+09 1.04683348e+09
 1.04683350e+09 1.04683352e+09 1.04683354e+09 1.04683356e+09
 1.04683358e+09 1.04683360e+09 1.04683362e+09 1.04683364e+09
 1.04683366e+09 1.04683368e+09 1.04683370e+09 1.04683372e+09
 1.04683374e+09 1.04683376e+09 1.04683378e+09 1.04683380e+09
 1.04683382e+09 1.04683384e+09 1.04683386e+09 1.04683388e+09
 1.04683390e+09 1.04683392e+09 1.04683394e+09 1.04683396e+09
 1.04683398e+09 1.04683400e+09 1.04683402e+09 1.04683404e+09
 1.04683406e+09 1.04683408e+09 1.04683410e+09 1.04683412e+09
 1.04683414e+09 1.04683416e+09 1.04683418e+09 1.04683420e+09
 1.04683422e+09 1.04683423e+09 1.04683425e+09 1.04683427e+09
 1.04683429e+09 1.04683431e+09 1.04683433e+09 1.04683435e+09
 1.04683437e+09 1.04683439e+09 1.04683441e+09 1.04683443e+09
 1.04683445e+09 1.04683447e+09 1.04683449e+09 1.04683451e+09
 1.04683453e+09 1.04683455e+09 1.04683457e+09 1.04683459e+09
 1.04683461e+09 1.04683463e+09 1.04683465e+09 1.04683467e+09
 1.04683469e+09 1.04683471e+09 1.04683473e+09 1.04683475e+09
 1.04683477e+09 1.04683479e+09 1.04683481e+09 1.04683483e+09
 1.04683485e+09 1.04683487e+09 1.04683489e+09 1.04683491e+09
 1.04683493e+09 1.04683495e+09 1.04683497e+09 1.04683499e+09
 1.04683501e+09 1.04683503e+09 1.04683505e+09 1.04683506e+09
 1.04683508e+09 1.04683510e+09 1.04683512e+09 1.04683514e+09
 1.04683516e+09 1.04683518e+09 1.04683520e+09 1.04683522e+09
 1.04683524e+09 1.04683526e+09 1.04683528e+09 1.04683530e+09
 1.04683532e+09 1.04683534e+09 1.04683536e+09 1.04683538e+09
 1.04683540e+09 1.04683542e+09 1.04683544e+09 1.04683546e+09
 1.04683548e+09 1.04683550e+09 1.04683552e+09 1.04683554e+09
 1.04683556e+09 1.04683558e+09 1.04683560e+09 1.04683562e+09
 1.04683564e+09 1.04683566e+09 1.04683568e+09 1.04683570e+09
 1.04683572e+09 1.04683574e+09 1.04683576e+09 1.04683578e+09
 1.04683580e+09 1.04683582e+09 1.04683584e+09 1.04683586e+09
 1.04683587e+09 1.04683589e+09 1.04683591e+09 1.04683593e+09
 1.04683595e+09 1.04683597e+09 1.04683599e+09 1.04683601e+09
 1.04683603e+09 1.04683605e+09 1.04683607e+09 1.04683609e+09
 1.04683611e+09 1.04683613e+09 1.04683615e+09 1.04683617e+09
 1.04683619e+09 1.04683621e+09 1.04683623e+09 1.04683625e+09
 1.04683627e+09 1.04683629e+09 1.04683631e+09 1.04683633e+09
 1.04683635e+09 1.04683637e+09 1.04683639e+09 1.04683641e+09
 1.04683643e+09 1.04683645e+09 1.04683647e+09 1.04683649e+09
 1.04683651e+09 1.04683653e+09 1.04683655e+09 1.04683657e+09
 1.04683659e+09 1.04683661e+09 1.04683663e+09 1.04683665e+09
 1.04683667e+09 1.04683669e+09 1.04683670e+09 1.04683672e+09
 1.04683674e+09 1.04683676e+09 1.04683678e+09 1.04683680e+09
 1.04683682e+09 1.04683684e+09 1.04683686e+09 1.04683688e+09
 1.04683690e+09 1.04683692e+09 1.04683694e+09 1.04683696e+09
 1.04683698e+09 1.04683700e+09 1.04683702e+09 1.04683704e+09
 1.04683706e+09 1.04683708e+09 1.04683710e+09 1.04683712e+09
 1.04683714e+09 1.04683716e+09 1.04683718e+09 1.04683720e+09
 1.04683722e+09 1.04683724e+09 1.04683726e+09 1.04683728e+09
 1.04683730e+09 1.04683732e+09 1.04683734e+09 1.04683736e+09
 1.04683738e+09 1.04683740e+09 1.04683742e+09 1.04683744e+09
 1.04683746e+09 1.04683748e+09 1.04683750e+09 1.04683752e+09
 1.04683753e+09 1.04683755e+09 1.04683757e+09 1.04683759e+09
 1.04683761e+09 1.04683763e+09 1.04683765e+09 1.04683767e+09
 1.04683769e+09 1.04683771e+09 1.04683773e+09 1.04683775e+09
 1.04683777e+09 1.04683779e+09 1.04683781e+09 1.04683783e+09
 1.04683785e+09 1.04683787e+09 1.04683789e+09 1.04683791e+09
 1.04683793e+09 1.04683795e+09 1.04683797e+09 1.04683799e+09
 1.04683801e+09 1.04683803e+09 1.04683805e+09 1.04683807e+09
 1.04683809e+09 1.04683811e+09 1.04683813e+09 1.04683815e+09
 1.04683817e+09 1.04683819e+09 1.04683821e+09 1.04683823e+09
 1.04683825e+09 1.04683827e+09 1.04683829e+09 1.04683831e+09
 1.04683833e+09 1.04683834e+09 1.04683836e+09 1.04683838e+09
 1.04683840e+09 1.04683842e+09 1.04683844e+09 1.04683846e+09
 1.04683848e+09 1.04683850e+09 1.04683852e+09 1.04683854e+09
 1.04683856e+09 1.04683858e+09 1.04683860e+09 1.04683862e+09
 1.04683864e+09 1.04683866e+09 1.04683868e+09 1.04683870e+09
 1.04683872e+09 1.04683874e+09 1.04683876e+09 1.04683878e+09
 1.04683880e+09 1.04683882e+09 1.04683884e+09 1.04683886e+09
 1.04683888e+09 1.04683890e+09 1.04683892e+09 1.04683894e+09
 1.04683896e+09 1.04683898e+09 1.04683900e+09 1.04683902e+09
 1.04683904e+09 1.04683906e+09 1.04683908e+09 1.04683910e+09
 1.04683912e+09 1.04683914e+09 1.04683916e+09 1.04683917e+09
 1.04683919e+09 1.04683921e+09 1.04683923e+09 1.04683925e+09
 1.04683927e+09 1.04683929e+09 1.04683931e+09 1.04683933e+09
 1.04683935e+09 1.04683937e+09 1.04683939e+09 1.04683941e+09
 1.04683943e+09 1.04683945e+09 1.04683947e+09 1.04683949e+09
 1.04683951e+09 1.04683953e+09 1.04683955e+09 1.04683957e+09
 1.04683959e+09 1.04683961e+09 1.04683963e+09 1.04683965e+09
 1.04683967e+09 1.04683969e+09 1.04683971e+09 1.04683973e+09
 1.04683975e+09 1.04683977e+09 1.04683979e+09 1.04683981e+09
 1.04683983e+09 1.04683985e+09 1.04683987e+09 1.04683989e+09
 1.04683991e+09 1.04683993e+09 1.04683995e+09 1.04683997e+09
 1.04683998e+09 1.04684000e+09 1.04684002e+09 1.04684004e+09
 1.04684006e+09 1.04684008e+09 1.04684010e+09 1.04684012e+09
 1.04684014e+09 1.04684016e+09 1.04684018e+09 1.04684020e+09
 1.04684022e+09 1.04684024e+09 1.04684026e+09 1.04684028e+09
 1.04684030e+09 1.04684032e+09 1.04684034e+09 1.04684036e+09
 1.04684038e+09 1.04684040e+09 1.04684042e+09 1.04684044e+09
 1.04684046e+09 1.04684048e+09 1.04684050e+09 1.04684052e+09
 1.04684054e+09 1.04684056e+09 1.04684058e+09 1.04684060e+09
 1.04684062e+09 1.04684064e+09 1.04684066e+09 1.04684068e+09
 1.04684070e+09 1.04684072e+09 1.04684074e+09 1.04684076e+09
 1.04684078e+09 1.04684080e+09 1.04684081e+09 1.04684083e+09
 1.04684085e+09 1.04684087e+09 1.04684089e+09 1.04684091e+09
 1.04684093e+09 1.04684095e+09 1.04684097e+09 1.04684099e+09
 1.04684101e+09 1.04684103e+09 1.04684105e+09 1.04684107e+09
 1.04684109e+09 1.04684111e+09 1.04684113e+09 1.04684115e+09
 1.04684117e+09 1.04684119e+09 1.04684121e+09 1.04684123e+09
 1.04684125e+09 1.04684127e+09 1.04684129e+09 1.04684131e+09
 1.04684133e+09 1.04684135e+09 1.04684137e+09 1.04684139e+09
 1.04684141e+09 1.04684143e+09 1.04684145e+09 1.04684147e+09
 1.04684149e+09 1.04684151e+09 1.04684153e+09 1.04684155e+09
 1.04684157e+09 1.04684159e+09 1.04684161e+09 1.04684163e+09
 1.04684164e+09 1.04684166e+09 1.04684168e+09 1.04684170e+09
 1.04684172e+09 1.04684174e+09 1.04684176e+09 1.04684178e+09
 1.04684180e+09 1.04684182e+09 1.04684184e+09 1.04684186e+09
 1.04684188e+09 1.04684190e+09 1.04684192e+09 1.04684194e+09
 1.04684196e+09 1.04684198e+09 1.04684200e+09 1.04684202e+09
 1.04684204e+09 1.04684206e+09 1.04684208e+09 1.04684210e+09
 1.04684212e+09 1.04684214e+09 1.04684216e+09 1.04684218e+09
 1.04684220e+09 1.04684222e+09 1.04684224e+09 1.04684226e+09
 1.04684228e+09 1.04684230e+09 1.04684232e+09 1.04684234e+09
 1.04684236e+09 1.04684238e+09 1.04684240e+09 1.04684242e+09
 1.04684244e+09 1.04684245e+09 1.04684247e+09 1.04684249e+09
 1.04684251e+09 1.04684253e+09 1.04684255e+09 1.04684257e+09
 1.04684259e+09 1.04684261e+09 1.04684263e+09 1.04684265e+09
 1.04684267e+09 1.04684269e+09 1.04684271e+09 1.04684273e+09
 1.04684275e+09 1.04684277e+09 1.04684279e+09 1.04684281e+09
 1.04684283e+09 1.04684285e+09 1.04684287e+09 1.04684289e+09
 1.04684291e+09 1.04684293e+09 1.04684295e+09 1.04684297e+09
 1.04684299e+09 1.04684301e+09 1.04684303e+09 1.04684305e+09
 1.04684307e+09 1.04684309e+09 1.04684311e+09 1.04684313e+09
 1.04684315e+09 1.04684317e+09 1.04684319e+09 1.04684321e+09
 1.04684323e+09 1.04684325e+09 1.04684327e+09 1.04684328e+09
 1.04684330e+09 1.04684332e+09 1.04684334e+09 1.04684336e+09
 1.04684338e+09 1.04684340e+09 1.04684342e+09 1.04684344e+09
 1.04684346e+09 1.04684348e+09 1.04684350e+09 1.04684352e+09
 1.04684354e+09 1.04684356e+09 1.04684358e+09 1.04684360e+09
 1.04684362e+09 1.04684364e+09 1.04684366e+09 1.04684368e+09
 1.04684370e+09 1.04684372e+09 1.04684374e+09 1.04684376e+09
 1.04684378e+09 1.04684380e+09 1.04684382e+09 1.04684384e+09
 1.04684386e+09 1.04684388e+09 1.04684390e+09 1.04684392e+09
 1.04684394e+09 1.04684396e+09 1.04684398e+09 1.04684400e+09
 1.04684402e+09 1.04684404e+09 1.04684406e+09 1.04684408e+09
 1.04684410e+09 1.04684411e+09 1.04684413e+09 1.04684415e+09
 1.04684417e+09 1.04684419e+09 1.04684421e+09 1.04684423e+09
 1.04684425e+09 1.04684427e+09 1.04684429e+09 1.04684431e+09
 1.04684433e+09 1.04684435e+09 1.04684437e+09 1.04684439e+09
 1.04684441e+09 1.04684443e+09 1.04684445e+09 1.04684447e+09
 1.04684449e+09 1.04684451e+09 1.04684453e+09 1.04684455e+09
 1.04684457e+09 1.04684459e+09 1.04684461e+09 1.04684463e+09
 1.04684465e+09 1.04684467e+09 1.04684469e+09 1.04684471e+09
 1.04684473e+09 1.04684475e+09 1.04684477e+09 1.04684479e+09
 1.04684481e+09 1.04684483e+09 1.04684485e+09 1.04684487e+09
 1.04684489e+09 1.04684491e+09 1.04684492e+09 1.04684494e+09
 1.04684496e+09 1.04684498e+09 1.04684500e+09 1.04684502e+09
 1.04684504e+09 1.04684506e+09 1.04684508e+09 1.04684510e+09
 1.04684512e+09 1.04684514e+09 1.04684516e+09 1.04684518e+09
 1.04684520e+09 1.04684522e+09 1.04684524e+09 1.04684526e+09
 1.04684528e+09 1.04684530e+09 1.04684532e+09 1.04684534e+09
 1.04684536e+09 1.04684538e+09 1.04684540e+09 1.04684542e+09
 1.04684544e+09 1.04684546e+09 1.04684548e+09 1.04684550e+09
 1.04684552e+09 1.04684554e+09 1.04684556e+09 1.04684558e+09
 1.04684560e+09 1.04684562e+09 1.04684564e+09 1.04684566e+09
 1.04684568e+09 1.04684570e+09 1.04684572e+09 1.04684574e+09
 1.04684575e+09 1.04684577e+09 1.04684579e+09 1.04684581e+09
 1.04684583e+09 1.04684585e+09 1.04684587e+09 1.04684589e+09
 1.04684591e+09 1.04684593e+09 1.04684595e+09 1.04684597e+09
 1.04684599e+09 1.04684601e+09 1.04684603e+09 1.04684605e+09
 1.04684607e+09 1.04684609e+09 1.04684611e+09 1.04684613e+09
 1.04684615e+09 1.04684617e+09 1.04684619e+09 1.04684621e+09
 1.04684623e+09 1.04684625e+09 1.04684627e+09 1.04684629e+09
 1.04684631e+09 1.04684633e+09 1.04684635e+09 1.04684637e+09
 1.04684639e+09 1.04684641e+09 1.04684643e+09 1.04684645e+09
 1.04684647e+09 1.04684649e+09 1.04684651e+09 1.04684653e+09
 1.04684655e+09 1.04684656e+09 1.04684658e+09 1.04684660e+09
 1.04684662e+09 1.04684664e+09 1.04684666e+09 1.04684668e+09
 1.04684670e+09 1.04684672e+09 1.04684674e+09 1.04684676e+09
 1.04684678e+09 1.04684680e+09 1.04684682e+09 1.04684684e+09
 1.04684686e+09 1.04684688e+09 1.04684690e+09 1.04684692e+09
 1.04684694e+09 1.04684696e+09 1.04684698e+09 1.04684700e+09
 1.04684702e+09 1.04684704e+09 1.04684706e+09 1.04684708e+09
 1.04684710e+09 1.04684712e+09 1.04684714e+09 1.04684716e+09
 1.04684718e+09 1.04684720e+09 1.04684722e+09 1.04684724e+09
 1.04684726e+09 1.04684728e+09 1.04684730e+09 1.04684732e+09
 1.04684734e+09 1.04684736e+09 1.04684738e+09 1.04684739e+09
 1.04684741e+09 1.04684743e+09 1.04684745e+09 1.04684747e+09
 1.04684749e+09 1.04684751e+09 1.04684753e+09 1.04684755e+09
 1.04684757e+09 1.04684759e+09 1.04684761e+09 1.04684763e+09
 1.04684765e+09 1.04684767e+09 1.04684769e+09 1.04684771e+09
 1.04684773e+09 1.04684775e+09 1.04684777e+09 1.04684779e+09
 1.04684781e+09 1.04684783e+09 1.04684785e+09 1.04684787e+09
 1.04684789e+09 1.04684791e+09 1.04684793e+09 1.04684795e+09
 1.04684797e+09 1.04684799e+09 1.04684801e+09 1.04684803e+09
 1.04684805e+09 1.04684807e+09 1.04684809e+09 1.04684811e+09
 1.04684813e+09 1.04684815e+09 1.04684817e+09 1.04684819e+09
 1.04684821e+09 1.04684822e+09 1.04684824e+09 1.04684826e+09
 1.04684828e+09 1.04684830e+09 1.04684832e+09 1.04684834e+09
 1.04684836e+09 1.04684838e+09 1.04684840e+09 1.04684842e+09
 1.04684844e+09 1.04684846e+09 1.04684848e+09 1.04684850e+09
 1.04684852e+09 1.04684854e+09 1.04684856e+09 1.04684858e+09
 1.04684860e+09 1.04684862e+09 1.04684864e+09 1.04684866e+09
 1.04684868e+09 1.04684870e+09 1.04684872e+09 1.04684874e+09
 1.04684876e+09 1.04684878e+09 1.04684880e+09 1.04684882e+09
 1.04684884e+09 1.04684886e+09 1.04684888e+09 1.04684890e+09
 1.04684892e+09 1.04684894e+09 1.04684896e+09 1.04684898e+09
 1.04684900e+09 1.04684902e+09 1.04684903e+09 1.04684905e+09
 1.04684907e+09 1.04684909e+09 1.04684911e+09 1.04684913e+09
 1.04684915e+09 1.04684917e+09 1.04684919e+09 1.04684921e+09
 1.04684923e+09 1.04684925e+09 1.04684927e+09 1.04684929e+09
 1.04684931e+09 1.04684933e+09 1.04684935e+09 1.04684937e+09
 1.04684939e+09 1.04684941e+09 1.04684943e+09 1.04684945e+09
 1.04684947e+09 1.04684949e+09 1.04684951e+09 1.04684953e+09
 1.04684955e+09 1.04684957e+09 1.04684959e+09 1.04684961e+09
 1.04684963e+09 1.04684965e+09 1.04684967e+09 1.04684969e+09
 1.04684971e+09 1.04684973e+09 1.04684975e+09 1.04684977e+09
 1.04684979e+09 1.04684981e+09 1.04684983e+09 1.04684985e+09
 1.04684986e+09 1.04684988e+09 1.04684990e+09 1.04684992e+09
 1.04684994e+09 1.04684996e+09 1.04684998e+09 1.04685000e+09
 1.04685002e+09 1.04685004e+09 1.04685006e+09 1.04685008e+09
 1.04685010e+09 1.04685012e+09 1.04685014e+09 1.04685016e+09
 1.04685018e+09 1.04685020e+09 1.04685022e+09 1.04685024e+09
 1.04685026e+09 1.04685028e+09 1.04685030e+09 1.04685032e+09
 1.04685034e+09 1.04685036e+09 1.04685038e+09 1.04685040e+09
 1.04685042e+09 1.04685044e+09 1.04685046e+09 1.04685048e+09
 1.04685050e+09 1.04685052e+09 1.04685054e+09 1.04685056e+09
 1.04685058e+09 1.04685060e+09 1.04685062e+09 1.04685064e+09
 1.04685066e+09 1.04685068e+09 1.04685069e+09 1.04685071e+09
 1.04685073e+09 1.04685075e+09 1.04685077e+09 1.04685079e+09
 1.04685081e+09 1.04685083e+09 1.04685085e+09 1.04685087e+09
 1.04685089e+09 1.04685091e+09 1.04685093e+09 1.04685095e+09
 1.04685097e+09 1.04685099e+09 1.04685101e+09 1.04685103e+09
 1.04685105e+09 1.04685107e+09 1.04685109e+09 1.04685111e+09
 1.04685113e+09 1.04685115e+09 1.04685117e+09 1.04685119e+09
 1.04685121e+09 1.04685123e+09 1.04685125e+09 1.04685127e+09
 1.04685129e+09 1.04685131e+09 1.04685133e+09 1.04685135e+09
 1.04685137e+09 1.04685139e+09 1.04685141e+09 1.04685143e+09
 1.04685145e+09 1.04685147e+09 1.04685149e+09 1.04685150e+09
 1.04685152e+09 1.04685154e+09 1.04685156e+09 1.04685158e+09
 1.04685160e+09 1.04685162e+09 1.04685164e+09 1.04685166e+09
 1.04685168e+09 1.04685170e+09 1.04685172e+09 1.04685174e+09
 1.04685176e+09 1.04685178e+09 1.04685180e+09 1.04685182e+09
 1.04685184e+09 1.04685186e+09 1.04685188e+09 1.04685190e+09
 1.04685192e+09 1.04685194e+09 1.04685196e+09 1.04685198e+09
 1.04685200e+09 1.04685202e+09 1.04685204e+09 1.04685206e+09]
minRes = 3.631946490664061
minResTime =  [1.04685206e+09]
