name =JUICE_ROI_CAL_4_7_06
flyby =  ['2032 OCT 13 20:53:36', '2032 OCT 14 20:53:36']
Observation TW =  <SpiceCell dtype = 1, length = 0, size = 3000, card = 10, is_set = 1, adjust = 0, init = 1, base = 2554800175072, data = 2554800175120>
Res(t) =  [5.05040578 5.04647377 5.0425411  5.03860777 5.03467377 5.03073911
 5.02680379 5.0228678  5.01893114 5.01499381 5.01105581 5.00711714
 5.0031778  4.99923779 4.9952971  4.99135574 4.9874137  4.98347099
 4.97952759 4.97558352 4.97163877 4.96769334 4.96374723 4.95980043
 4.95585295 4.95190478 4.94795593 4.94400639 4.94005616 4.93610525
 4.93215364 4.92820134 4.92424835 4.92029467 4.91634029 4.91238522
 4.90842945 4.90447299 4.90051582 4.89655796 4.89259939 4.88864013
 4.88468016 4.88071948 4.87675811 4.87279602 4.86883323 4.86486974
 4.86090553 4.85694061 4.85297499 4.84900865 4.8450416  4.84107383
 4.83710535 4.83313615 4.82916624 4.8251956  4.82122425 4.81725218
 4.81327939 4.80930587 4.80533163 4.80135667 4.79738098 4.79340456
 4.78942742 4.78544955 4.78147094 4.77749161 4.77351155 4.76953075
 4.76554922 4.76156695 4.75758395 4.75360021 4.74961573 4.74563051
 4.74164455 4.73765785 4.73367041 4.72968223 4.7256933  4.72170362
 4.7177132  4.71372203 4.70973011 4.70573744 4.70174402 4.69774985
 4.69375493 4.68975925 4.68576281 4.68176562 4.67776768 4.67376897
 4.66976951 4.66576928 4.66176829 4.65776654 4.65376403 4.64976075
 4.64575671 4.64175189 4.63774632 4.63373997 4.62973285 4.62572496
 4.6217163  4.61770686 4.61369665 4.60968566 4.6056739  4.60166136
 4.59764804 4.59363394 4.58961906 4.5856034  4.58158696 4.57756973
 4.57355171 4.56953291 4.56551332 4.56149294 4.55747178 4.55344982
 4.54942707 4.54540353 4.54137919 4.53735406 4.53332813 4.52930141
 4.52527389 4.52124556 4.51721644 4.51318652 4.50915579 4.50512426
 4.50109192 4.49705878 4.49302483 4.48899007 4.48495451 4.48091813
 4.47688094 4.47284294 4.46880412 4.46476449 4.46072405 4.45668279
 4.4526407  4.4485978  4.44455408 4.44050954 4.43646418 4.43241799
 4.42837098 4.42432314 4.42027447 4.41622498 4.41217466 4.4081235
 4.40407152 4.4000187  4.39596505 4.39191057 4.38785525 4.38379909
 4.37974209 4.37568426 4.37162558 4.36756606 4.3635057  4.3594445
 4.35538245 4.35131956 4.34725582 4.34319123 4.33912579 4.3350595
 4.33099236 4.32692437 4.32285552 4.31878582 4.31471526 4.31064385
 4.30657158 4.30249844 4.29842445 4.2943496  4.29027388 4.2861973
 4.28211985 4.27804154 4.27396236 4.26988231 4.2658014  4.26171961
 4.25763695 4.25355341 4.24946901 4.24538372 4.24129757 4.23721053
 4.23312261 4.22903382 4.22494414 4.22085359 4.21676215 4.21266982
 4.20857661 4.20448251 4.20038753 4.19629165 4.19219489 4.18809723
 4.18399868 4.17989924 4.17579891 4.17169767 4.16759555 4.16349252
 4.15938859 4.15528376 4.15117804 4.14707141 4.14296387 4.13885543
 4.13474608 4.13063583 4.12652467 4.1224126  4.11829961 4.11418572
 4.11007091 4.10595519 4.10183855 4.09772099 4.09360252 4.08948313
 4.08536282 4.08124159 4.07711943 4.07299635 4.06887235 4.06474742
 4.06062156 4.05649478 4.05236706 4.04823841 4.04410884 4.03997833
 4.03584688 4.0317145  4.02758119 4.02344693 4.01931174 4.0151756
 4.01103853 4.00690051 4.00276155 3.99862165 3.9944808  3.990339
 3.98619625 3.98205255 3.97790791 3.97376231 3.96961575 3.96546825
 3.96131979 3.95717037 3.95301999 3.94886866 3.94471636 3.9405631
 3.93640888 3.9322537  3.92809755 3.92394044 3.91978235 3.9156233
 3.91146328 3.90730229 3.90314033 3.89897739 3.89481348 3.89064859
 3.88648273 3.88231588 3.87814806 3.87397926 3.86980947 3.86563871
 3.86146695 3.85729422 3.85312049 3.84894578 3.84477008 3.84059339
 3.83641571 3.83223703 3.82805736 3.8238767  3.81969504 3.81551238
 3.81132872 3.80714407 3.80295841 3.79877175 3.79458409 3.79039542
 3.78620574 3.78201506 3.77782337 3.77363067 3.76943696 3.76524223
 3.7610465  3.75684975 3.75265198 3.74845319 3.74425339 3.74005257
 3.73585073 3.73164786 3.72744397 3.72323906 3.71903312 3.71482616
 3.71061816 3.70640914 3.70219908 3.697988   3.69377588 3.68956273
 3.68534854 3.68113331 3.67691705 3.67269975 3.6684814  3.66426202
 3.66004159 3.65582011 3.6515976  3.64737403 3.64314942 3.63892375
 3.63469704 3.63046928 3.62624046 3.62201059 3.61777966 3.61354767
 3.60931463 3.60508053 3.60084536 3.59660914 3.59237185 3.5881335
 3.58389408 3.5796536  3.57541204 3.57116942 3.56692573 3.56268096
 3.55843513 3.55418821 3.54994022 3.54569116 3.54144101 3.53718979
 3.53293749 3.5286841  3.52442963 3.52017408 3.51591744 3.51165971
 3.50740089 3.50314099 3.49887999 3.4946179  3.49035472 3.48609044
 3.48182507 3.4775586  3.47329103 3.46902236 3.46475259 3.46048171
 3.45620974 3.45193665 3.44766247 3.44338717 3.43911076 3.43483325
 3.43055462 3.42627488 3.42199403 3.41771206 3.41342897 3.40914476
 3.40485944 3.40057299 3.39628543 3.39199674 3.38770692 3.38341598
 3.37912392 3.37483072 3.37053639 3.36624094 3.36194435 3.35764663
 3.35334777 3.34904778 3.34474664 3.34044437 3.33614096 3.33183641
 3.32753072 3.32322388 3.31891589 3.31460676 3.31029648 3.30598505
 3.30167247 3.29735874 3.29304386 3.28872782 3.28441062 3.28009227
 3.27577276 3.27145209 3.26713026 3.26280726 3.2584831  3.25415778
 3.24983129 3.24550363 3.2411748  3.2368448  3.23251363 3.22818129
 3.22384777 3.21951308 3.21517721 3.21084016 3.20650193 3.20216252
 3.19782192 3.19348015 3.18913718 3.18479303 3.1804477  3.17610117
 3.17175345 3.16740454 3.16305444 3.15870315 3.15435065 3.14999696
 3.14564207 3.14128599 3.1369287  3.1325702  3.12821051 3.1238496
 3.11948749 3.11512418 3.11075965 3.10639391 3.10202696 3.0976588
 3.09328942 3.08891883 3.08454701 3.08017398 3.07579973 3.07142426
 3.06704756 3.06266964 3.05829049 3.05391012 3.04952852 3.04514568
 3.04076162 3.03637632 3.03198979 3.02760203 3.02321303 3.01882279
 3.01443131 3.01003858 3.00564462 3.00124941 2.99685296 2.99245527
 2.98805632 2.98365612 2.97925468 2.97485198 2.97044803 2.96604283
 2.96163636 2.95722865 2.95281967 2.94840943 2.94399793 2.93958517
 2.93517114 2.93075585 2.92633929 2.92192146 2.91750237 2.913082
 2.90866035 2.90423744 2.89981325 2.89538778 2.89096103 2.88653301
 2.8821037  2.87767311 2.87324124 2.86880808 2.86437363 2.8599379
 2.85550088 2.85106256 2.84662296 2.84218206 2.83773986 2.83329637
 2.82885158 2.8244055  2.81995811 2.81550942 2.81105942 2.80660812
 2.80215552 2.7977016  2.79324638 2.78878985 2.784332   2.77987285
 2.77541237 2.77095058 2.76648748 2.76202305 2.75755731 2.75309024
 2.74862185 2.74415213 2.73968109 2.73520872 2.73073502 2.72625999
 2.72178363 2.71730594 2.71282691 2.70834655 2.70386484 2.6993818
 2.69489742 2.6904117  2.68592463 2.68143622 2.67694647 2.67245536
 2.66796291 2.66346911 2.65897395 2.65447744 2.64997958 2.64548036
 2.64097979 2.63647785 2.63197456 2.6274699  2.62296388 2.61845649
 2.61394774 2.60943763 2.60492614 2.60041328 2.59589905 2.59138345
 2.58686647 2.58234812 2.57782839 2.57330728 2.56878479 2.56426092
 2.55973566 2.55520902 2.550681   2.54615158 2.54162078 2.53708859
 2.532555   2.52802003 2.52348365 2.51894588 2.51440672 2.50986615
 2.50532418 2.50078082 2.49623604 2.49168987 2.48714228 2.48259329
 2.47804289 2.47349108 2.46893786 2.46438322 2.45982717 2.45526971
 2.45071082 2.44615052 2.44158879 2.43702564 2.43246107 2.42789508
 2.42332765 2.4187588  2.41418852 2.40961681 2.40504367 2.40046909
 2.39589308 2.39131563 2.38673675 2.38215642 2.37757466 2.37299145
 2.36840679 2.3638207  2.35923315 2.35464416 2.35005372 2.34546182
 2.34086848 2.33627368 2.33167742 2.32707971 2.32248054 2.31787991
 2.31327782 2.30867427 2.30406925 2.29946277 2.29485482 2.2902454
 2.28563452 2.28102216 2.27640833 2.27179302 2.26717624 2.26255799
 2.25793825 2.25331704 2.24869434 2.24407016 2.2394445  2.23481736
 2.23018872 2.2255586  2.22092699 2.21629388 2.21165929 2.2070232
 2.20238562 2.19774654 2.19310596 2.18846388 2.1838203  2.17917522
 2.17452863 2.16988054 2.16523094 2.16057984 2.15592722 2.1512731
 2.14661746 2.14196031 2.13730164 2.13264146 2.12797976 2.12331654
 2.1186518  2.11398554 2.10931776 2.10464845 2.09997761 2.09530525
 2.09063136 2.08595594 2.08127898 2.0766005  2.07192048 2.06723892
 2.06255583 2.0578712  2.05318503 2.04849731 2.04380806 2.03911726
 2.03442492 2.02973103 2.02503559 2.02033861 2.01564007 2.01093998
 2.00623834 2.00153514 1.99683039 1.99212408 1.98741622 1.98270679
 1.9779958  1.97328325 1.96856914 1.96385346 1.95913622 1.95441741
 1.94969703 1.94497508 1.94025155 1.93552646 1.93079979 1.92607155
 1.92134173 1.91661034 1.91187736 1.90714281 1.90240667 1.89766895
 1.89292965 1.88818876 1.88344629 1.87870223 1.87395658 1.86920934
 1.86446051 1.85971009 1.85495808 1.85020447 1.84544926 1.84069246
 1.83593406 1.83117407 1.82641247 1.82164927 1.81688447 1.81211806
 1.80735006 1.80258044 1.79780922 1.79303639 1.78826195 1.7834859
 1.77870825 1.77392897 1.76914809 1.76436559 1.75958148 1.75479575
 1.75000841 1.74521944 1.74042886 1.73563666 1.73084283 1.72604739
 1.72125032 1.71645163 1.71165131 1.70684937 1.7020458  1.6972406
 1.69243378 1.68762533 1.68281525 1.67800353 1.67319019 1.66837521
 1.6635586  1.65874036 1.65392048 1.64909897 1.64427582 1.63945104
 1.63462461 1.62979655 1.62496685 1.62013552 1.61530254 1.61046792
 1.60563166 1.60079376 1.59595422 1.59111303 1.5862702  1.58142573
 1.57657961 1.57173185 1.56688245 1.56203139 1.5571787  1.55232435
 1.54746836 1.54261073 1.53775145 1.53289052 1.52802794 1.52316371
 1.51829784 1.51343032 1.50856115 1.50369033 1.49881787 1.49394375
 1.48906799 1.48419058 1.47931152 1.47443082 1.46954846 1.46466446
 1.45977881 1.45489151 1.45000257 1.44511198 1.44021974 1.43532585
 1.43043032 1.42553315 1.42063433 1.41573386 1.41083176 1.40592801
 1.40102261 1.39611558 1.3912069  1.38629659 1.38138463 1.37647104
 1.37155581 1.36663894 1.36172044 1.3568003  1.35187853 1.34695513
 1.3420301  1.33710344 1.33217515 1.32724524 1.3223137  1.31738054
 1.31244576 1.30750935 1.30257133 1.2976317  1.29269045 1.28774759
 1.28280311 1.27785704 1.27290935 1.26796007 1.26300918 1.25805669
 1.25310261 1.24814694 1.24318968 1.23823083 1.2332704  1.22830839
 1.2233448  1.21837964 1.2134129  1.2084446  1.20347474 1.19850332
 1.19353034 1.18855581 1.18357974 1.17860212 1.17362296 1.16864227
 1.16366006 1.15867631 1.15369105 1.14870428 1.143716   1.13872622
 1.13373494 1.12874217 1.12374791 1.11875218 1.11375497 1.1087563
 1.10375617 1.0987546  1.09375157 1.08874711 1.08374123 1.07873392
 1.0737252  1.06871508 1.06370356 1.05869066 1.05367638 1.04866074
 1.04364374 1.03862539 1.03360571 1.0285847  1.02356238 1.01853876
 1.01351384 1.00347045 0.9984315  0.99339117 0.98834948 0.98330644
 0.97826206 0.97321635 0.96816932 0.96312099 0.95807137 0.95302047
 0.94796831 0.9429149  0.93786027 0.93280441 0.92774735 0.92268911
 0.9176297  0.91256915 0.90750746 0.90244466 0.89738077 0.8923158
 0.88724979 0.88218274 0.87711469 0.87204565 0.86697566 0.86190473
 0.85683288 0.85176016 0.84668658 0.84161217 0.83653696 0.83146098
 0.82638427 0.82130685 0.81622876 0.81115004 0.80607072 0.80099083
 0.79591042 0.79082953 0.7857482  0.78066648 0.77558439 0.77050201
 0.76541937 0.76033652 0.75525351 0.75017041 0.74508726 0.74000413
 0.73492107 0.72983816 0.72475545 0.71967302 0.71459093 0.70950926
 0.7044281  0.69934751 0.69426759 0.68918842 0.6841101  0.67903272
 0.67395638 0.66888119 0.66380725 0.65873468 0.6536636  0.64859414
 0.64352642 0.63846058 0.63339678 0.62833515 0.62327585 0.61821906
 0.61316494 0.60811369 0.60306548 0.59802053]
t =  [1.03458569e+09 1.03458572e+09 1.03458576e+09 1.03458580e+09
 1.03458584e+09 1.03458588e+09 1.03458592e+09 1.03458596e+09
 1.03458600e+09 1.03458604e+09 1.03458608e+09 1.03458612e+09
 1.03458616e+09 1.03458620e+09 1.03458624e+09 1.03458628e+09
 1.03458631e+09 1.03458635e+09 1.03458639e+09 1.03458643e+09
 1.03458647e+09 1.03458651e+09 1.03458655e+09 1.03458659e+09
 1.03458663e+09 1.03458667e+09 1.03458671e+09 1.03458675e+09
 1.03458679e+09 1.03458683e+09 1.03458687e+09 1.03458690e+09
 1.03458694e+09 1.03458698e+09 1.03458702e+09 1.03458706e+09
 1.03458710e+09 1.03458714e+09 1.03458718e+09 1.03458722e+09
 1.03458726e+09 1.03458730e+09 1.03458734e+09 1.03458738e+09
 1.03458742e+09 1.03458746e+09 1.03458749e+09 1.03458753e+09
 1.03458757e+09 1.03458761e+09 1.03458765e+09 1.03458769e+09
 1.03458773e+09 1.03458777e+09 1.03458781e+09 1.03458785e+09
 1.03458789e+09 1.03458793e+09 1.03458797e+09 1.03458801e+09
 1.03458805e+09 1.03458808e+09 1.03458812e+09 1.03458816e+09
 1.03458820e+09 1.03458824e+09 1.03458828e+09 1.03458832e+09
 1.03458836e+09 1.03458840e+09 1.03458844e+09 1.03458848e+09
 1.03458852e+09 1.03458856e+09 1.03458860e+09 1.03458864e+09
 1.03458867e+09 1.03458871e+09 1.03458875e+09 1.03458879e+09
 1.03458883e+09 1.03458887e+09 1.03458891e+09 1.03458895e+09
 1.03458899e+09 1.03458903e+09 1.03458907e+09 1.03458911e+09
 1.03458915e+09 1.03458919e+09 1.03458923e+09 1.03458927e+09
 1.03458930e+09 1.03458934e+09 1.03458938e+09 1.03458942e+09
 1.03458946e+09 1.03458950e+09 1.03458954e+09 1.03458958e+09
 1.03458962e+09 1.03458966e+09 1.03458970e+09 1.03458974e+09
 1.03458978e+09 1.03458982e+09 1.03458986e+09 1.03458989e+09
 1.03458993e+09 1.03458997e+09 1.03459001e+09 1.03459005e+09
 1.03459009e+09 1.03459013e+09 1.03459017e+09 1.03459021e+09
 1.03459025e+09 1.03459029e+09 1.03459033e+09 1.03459037e+09
 1.03459041e+09 1.03459045e+09 1.03459048e+09 1.03459052e+09
 1.03459056e+09 1.03459060e+09 1.03459064e+09 1.03459068e+09
 1.03459072e+09 1.03459076e+09 1.03459080e+09 1.03459084e+09
 1.03459088e+09 1.03459092e+09 1.03459096e+09 1.03459100e+09
 1.03459104e+09 1.03459107e+09 1.03459111e+09 1.03459115e+09
 1.03459119e+09 1.03459123e+09 1.03459127e+09 1.03459131e+09
 1.03459135e+09 1.03459139e+09 1.03459143e+09 1.03459147e+09
 1.03459151e+09 1.03459155e+09 1.03459159e+09 1.03459163e+09
 1.03459166e+09 1.03459170e+09 1.03459174e+09 1.03459178e+09
 1.03459182e+09 1.03459186e+09 1.03459190e+09 1.03459194e+09
 1.03459198e+09 1.03459202e+09 1.03459206e+09 1.03459210e+09
 1.03459214e+09 1.03459218e+09 1.03459222e+09 1.03459225e+09
 1.03459229e+09 1.03459233e+09 1.03459237e+09 1.03459241e+09
 1.03459245e+09 1.03459249e+09 1.03459253e+09 1.03459257e+09
 1.03459261e+09 1.03459265e+09 1.03459269e+09 1.03459273e+09
 1.03459277e+09 1.03459281e+09 1.03459284e+09 1.03459288e+09
 1.03459292e+09 1.03459296e+09 1.03459300e+09 1.03459304e+09
 1.03459308e+09 1.03459312e+09 1.03459316e+09 1.03459320e+09
 1.03459324e+09 1.03459328e+09 1.03459332e+09 1.03459336e+09
 1.03459340e+09 1.03459344e+09 1.03459347e+09 1.03459351e+09
 1.03459355e+09 1.03459359e+09 1.03459363e+09 1.03459367e+09
 1.03459371e+09 1.03459375e+09 1.03459379e+09 1.03459383e+09
 1.03459387e+09 1.03459391e+09 1.03459395e+09 1.03459399e+09
 1.03459403e+09 1.03459406e+09 1.03459410e+09 1.03459414e+09
 1.03459418e+09 1.03459422e+09 1.03459426e+09 1.03459430e+09
 1.03459434e+09 1.03459438e+09 1.03459442e+09 1.03459446e+09
 1.03459450e+09 1.03459454e+09 1.03459458e+09 1.03459462e+09
 1.03459465e+09 1.03459469e+09 1.03459473e+09 1.03459477e+09
 1.03459481e+09 1.03459485e+09 1.03459489e+09 1.03459493e+09
 1.03459497e+09 1.03459501e+09 1.03459505e+09 1.03459509e+09
 1.03459513e+09 1.03459517e+09 1.03459521e+09 1.03459524e+09
 1.03459528e+09 1.03459532e+09 1.03459536e+09 1.03459540e+09
 1.03459544e+09 1.03459548e+09 1.03459552e+09 1.03459556e+09
 1.03459560e+09 1.03459564e+09 1.03459568e+09 1.03459572e+09
 1.03459576e+09 1.03459580e+09 1.03459583e+09 1.03459587e+09
 1.03459591e+09 1.03459595e+09 1.03459599e+09 1.03459603e+09
 1.03459607e+09 1.03459611e+09 1.03459615e+09 1.03459619e+09
 1.03459623e+09 1.03459627e+09 1.03459631e+09 1.03459635e+09
 1.03459639e+09 1.03459642e+09 1.03459646e+09 1.03459650e+09
 1.03459654e+09 1.03459658e+09 1.03459662e+09 1.03459666e+09
 1.03459670e+09 1.03459674e+09 1.03459678e+09 1.03459682e+09
 1.03459686e+09 1.03459690e+09 1.03459694e+09 1.03459698e+09
 1.03459701e+09 1.03459705e+09 1.03459709e+09 1.03459713e+09
 1.03459717e+09 1.03459721e+09 1.03459725e+09 1.03459729e+09
 1.03459733e+09 1.03459737e+09 1.03459741e+09 1.03459745e+09
 1.03459749e+09 1.03459753e+09 1.03459757e+09 1.03459761e+09
 1.03459764e+09 1.03459768e+09 1.03459772e+09 1.03459776e+09
 1.03459780e+09 1.03459784e+09 1.03459788e+09 1.03459792e+09
 1.03459796e+09 1.03459800e+09 1.03459804e+09 1.03459808e+09
 1.03459812e+09 1.03459816e+09 1.03459820e+09 1.03459823e+09
 1.03459827e+09 1.03459831e+09 1.03459835e+09 1.03459839e+09
 1.03459843e+09 1.03459847e+09 1.03459851e+09 1.03459855e+09
 1.03459859e+09 1.03459863e+09 1.03459867e+09 1.03459871e+09
 1.03459875e+09 1.03459879e+09 1.03459882e+09 1.03459886e+09
 1.03459890e+09 1.03459894e+09 1.03459898e+09 1.03459902e+09
 1.03459906e+09 1.03459910e+09 1.03459914e+09 1.03459918e+09
 1.03459922e+09 1.03459926e+09 1.03459930e+09 1.03459934e+09
 1.03459938e+09 1.03459941e+09 1.03459945e+09 1.03459949e+09
 1.03459953e+09 1.03459957e+09 1.03459961e+09 1.03459965e+09
 1.03459969e+09 1.03459973e+09 1.03459977e+09 1.03459981e+09
 1.03459985e+09 1.03459989e+09 1.03459993e+09 1.03459997e+09
 1.03460000e+09 1.03460004e+09 1.03460008e+09 1.03460012e+09
 1.03460016e+09 1.03460020e+09 1.03460024e+09 1.03460028e+09
 1.03460032e+09 1.03460036e+09 1.03460040e+09 1.03460044e+09
 1.03460048e+09 1.03460052e+09 1.03460056e+09 1.03460059e+09
 1.03460063e+09 1.03460067e+09 1.03460071e+09 1.03460075e+09
 1.03460079e+09 1.03460083e+09 1.03460087e+09 1.03460091e+09
 1.03460095e+09 1.03460099e+09 1.03460103e+09 1.03460107e+09
 1.03460111e+09 1.03460115e+09 1.03460118e+09 1.03460122e+09
 1.03460126e+09 1.03460130e+09 1.03460134e+09 1.03460138e+09
 1.03460142e+09 1.03460146e+09 1.03460150e+09 1.03460154e+09
 1.03460158e+09 1.03460162e+09 1.03460166e+09 1.03460170e+09
 1.03460174e+09 1.03460177e+09 1.03460181e+09 1.03460185e+09
 1.03460189e+09 1.03460193e+09 1.03460197e+09 1.03460201e+09
 1.03460205e+09 1.03460209e+09 1.03460213e+09 1.03460217e+09
 1.03460221e+09 1.03460225e+09 1.03460229e+09 1.03460233e+09
 1.03460237e+09 1.03460240e+09 1.03460244e+09 1.03460248e+09
 1.03460252e+09 1.03460256e+09 1.03460260e+09 1.03460264e+09
 1.03460268e+09 1.03460272e+09 1.03460276e+09 1.03460280e+09
 1.03460284e+09 1.03460288e+09 1.03460292e+09 1.03460296e+09
 1.03460299e+09 1.03460303e+09 1.03460307e+09 1.03460311e+09
 1.03460315e+09 1.03460319e+09 1.03460323e+09 1.03460327e+09
 1.03460331e+09 1.03460335e+09 1.03460339e+09 1.03460343e+09
 1.03460347e+09 1.03460351e+09 1.03460355e+09 1.03460358e+09
 1.03460362e+09 1.03460366e+09 1.03460370e+09 1.03460374e+09
 1.03460378e+09 1.03460382e+09 1.03460386e+09 1.03460390e+09
 1.03460394e+09 1.03460398e+09 1.03460402e+09 1.03460406e+09
 1.03460410e+09 1.03460414e+09 1.03460417e+09 1.03460421e+09
 1.03460425e+09 1.03460429e+09 1.03460433e+09 1.03460437e+09
 1.03460441e+09 1.03460445e+09 1.03460449e+09 1.03460453e+09
 1.03460457e+09 1.03460461e+09 1.03460465e+09 1.03460469e+09
 1.03460473e+09 1.03460476e+09 1.03460480e+09 1.03460484e+09
 1.03460488e+09 1.03460492e+09 1.03460496e+09 1.03460500e+09
 1.03460504e+09 1.03460508e+09 1.03460512e+09 1.03460516e+09
 1.03460520e+09 1.03460524e+09 1.03460528e+09 1.03460532e+09
 1.03460535e+09 1.03460539e+09 1.03460543e+09 1.03460547e+09
 1.03460551e+09 1.03460555e+09 1.03460559e+09 1.03460563e+09
 1.03460567e+09 1.03460571e+09 1.03460575e+09 1.03460579e+09
 1.03460583e+09 1.03460587e+09 1.03460591e+09 1.03460594e+09
 1.03460598e+09 1.03460602e+09 1.03460606e+09 1.03460610e+09
 1.03460614e+09 1.03460618e+09 1.03460622e+09 1.03460626e+09
 1.03460630e+09 1.03460634e+09 1.03460638e+09 1.03460642e+09
 1.03460646e+09 1.03460650e+09 1.03460654e+09 1.03460657e+09
 1.03460661e+09 1.03460665e+09 1.03460669e+09 1.03460673e+09
 1.03460677e+09 1.03460681e+09 1.03460685e+09 1.03460689e+09
 1.03460693e+09 1.03460697e+09 1.03460701e+09 1.03460705e+09
 1.03460709e+09 1.03460713e+09 1.03460716e+09 1.03460720e+09
 1.03460724e+09 1.03460728e+09 1.03460732e+09 1.03460736e+09
 1.03460740e+09 1.03460744e+09 1.03460748e+09 1.03460752e+09
 1.03460756e+09 1.03460760e+09 1.03460764e+09 1.03460768e+09
 1.03460772e+09 1.03460775e+09 1.03460779e+09 1.03460783e+09
 1.03460787e+09 1.03460791e+09 1.03460795e+09 1.03460799e+09
 1.03460803e+09 1.03460807e+09 1.03460811e+09 1.03460815e+09
 1.03460819e+09 1.03460823e+09 1.03460827e+09 1.03460831e+09
 1.03460834e+09 1.03460838e+09 1.03460842e+09 1.03460846e+09
 1.03460850e+09 1.03460854e+09 1.03460858e+09 1.03460862e+09
 1.03460866e+09 1.03460870e+09 1.03460874e+09 1.03460878e+09
 1.03460882e+09 1.03460886e+09 1.03460890e+09 1.03460893e+09
 1.03460897e+09 1.03460901e+09 1.03460905e+09 1.03460909e+09
 1.03460913e+09 1.03460917e+09 1.03460921e+09 1.03460925e+09
 1.03460929e+09 1.03460933e+09 1.03460937e+09 1.03460941e+09
 1.03460945e+09 1.03460949e+09 1.03460952e+09 1.03460956e+09
 1.03460960e+09 1.03460964e+09 1.03460968e+09 1.03460972e+09
 1.03460976e+09 1.03460980e+09 1.03460984e+09 1.03460988e+09
 1.03460992e+09 1.03460996e+09 1.03461000e+09 1.03461004e+09
 1.03461008e+09 1.03461011e+09 1.03461015e+09 1.03461019e+09
 1.03461023e+09 1.03461027e+09 1.03461031e+09 1.03461035e+09
 1.03461039e+09 1.03461043e+09 1.03461047e+09 1.03461051e+09
 1.03461055e+09 1.03461059e+09 1.03461063e+09 1.03461067e+09
 1.03461071e+09 1.03461074e+09 1.03461078e+09 1.03461082e+09
 1.03461086e+09 1.03461090e+09 1.03461094e+09 1.03461098e+09
 1.03461102e+09 1.03461106e+09 1.03461110e+09 1.03461114e+09
 1.03461118e+09 1.03461122e+09 1.03461126e+09 1.03461130e+09
 1.03461133e+09 1.03461137e+09 1.03461141e+09 1.03461145e+09
 1.03461149e+09 1.03461153e+09 1.03461157e+09 1.03461161e+09
 1.03461165e+09 1.03461169e+09 1.03461173e+09 1.03461177e+09
 1.03461181e+09 1.03461185e+09 1.03461189e+09 1.03461192e+09
 1.03461196e+09 1.03461200e+09 1.03461204e+09 1.03461208e+09
 1.03461212e+09 1.03461216e+09 1.03461220e+09 1.03461224e+09
 1.03461228e+09 1.03461232e+09 1.03461236e+09 1.03461240e+09
 1.03461244e+09 1.03461248e+09 1.03461251e+09 1.03461255e+09
 1.03461259e+09 1.03461263e+09 1.03461267e+09 1.03461271e+09
 1.03461275e+09 1.03461279e+09 1.03461283e+09 1.03461287e+09
 1.03461291e+09 1.03461295e+09 1.03461299e+09 1.03461303e+09
 1.03461307e+09 1.03461310e+09 1.03461314e+09 1.03461318e+09
 1.03461322e+09 1.03461326e+09 1.03461330e+09 1.03461334e+09
 1.03461338e+09 1.03461342e+09 1.03461346e+09 1.03461350e+09
 1.03461354e+09 1.03461358e+09 1.03461362e+09 1.03461366e+09
 1.03461369e+09 1.03461373e+09 1.03461377e+09 1.03461381e+09
 1.03461385e+09 1.03461389e+09 1.03461393e+09 1.03461397e+09
 1.03461401e+09 1.03461405e+09 1.03461409e+09 1.03461413e+09
 1.03461417e+09 1.03461421e+09 1.03461425e+09 1.03461428e+09
 1.03461432e+09 1.03461436e+09 1.03461440e+09 1.03461444e+09
 1.03461448e+09 1.03461452e+09 1.03461456e+09 1.03461460e+09
 1.03461464e+09 1.03461468e+09 1.03461472e+09 1.03461476e+09
 1.03461480e+09 1.03461484e+09 1.03461487e+09 1.03461491e+09
 1.03461495e+09 1.03461499e+09 1.03461503e+09 1.03461507e+09
 1.03461511e+09 1.03461515e+09 1.03461519e+09 1.03461523e+09
 1.03461527e+09 1.03461531e+09 1.03461535e+09 1.03461539e+09
 1.03461543e+09 1.03461547e+09 1.03461550e+09 1.03461554e+09
 1.03461558e+09 1.03461562e+09 1.03461566e+09 1.03461570e+09
 1.03461574e+09 1.03461578e+09 1.03461582e+09 1.03461586e+09
 1.03461590e+09 1.03461594e+09 1.03461598e+09 1.03461602e+09
 1.03461606e+09 1.03461609e+09 1.03461613e+09 1.03461617e+09
 1.03461621e+09 1.03461625e+09 1.03461629e+09 1.03461633e+09
 1.03461637e+09 1.03461641e+09 1.03461645e+09 1.03461649e+09
 1.03461653e+09 1.03461657e+09 1.03461661e+09 1.03461665e+09
 1.03461668e+09 1.03461672e+09 1.03461676e+09 1.03461680e+09
 1.03461684e+09 1.03461688e+09 1.03461692e+09 1.03461696e+09
 1.03461700e+09 1.03461704e+09 1.03461708e+09 1.03461712e+09
 1.03461716e+09 1.03461720e+09 1.03461724e+09 1.03461727e+09
 1.03461731e+09 1.03461735e+09 1.03461739e+09 1.03461743e+09
 1.03461747e+09 1.03461751e+09 1.03461755e+09 1.03461759e+09
 1.03461763e+09 1.03461767e+09 1.03461771e+09 1.03461775e+09
 1.03461779e+09 1.03461783e+09 1.03461786e+09 1.03461790e+09
 1.03461794e+09 1.03461798e+09 1.03461802e+09 1.03461806e+09
 1.03461810e+09 1.03461814e+09 1.03461818e+09 1.03461822e+09
 1.03461826e+09 1.03461830e+09 1.03461834e+09 1.03461838e+09
 1.03461842e+09 1.03461845e+09 1.03461849e+09 1.03461853e+09
 1.03461857e+09 1.03461861e+09 1.03461865e+09 1.03461869e+09
 1.03461873e+09 1.03461877e+09 1.03461881e+09 1.03461885e+09
 1.03461889e+09 1.03461893e+09 1.03461897e+09 1.03461901e+09
 1.03461904e+09 1.03461908e+09 1.03461912e+09 1.03461916e+09
 1.03461920e+09 1.03461924e+09 1.03461928e+09 1.03461932e+09
 1.03461936e+09 1.03461940e+09 1.03461944e+09 1.03461948e+09
 1.03461952e+09 1.03461956e+09 1.03461960e+09 1.03461964e+09
 1.03461967e+09 1.03461971e+09 1.03461975e+09 1.03461979e+09
 1.03461983e+09 1.03461987e+09 1.03461991e+09 1.03461995e+09
 1.03461999e+09 1.03462003e+09 1.03462007e+09 1.03462011e+09
 1.03462015e+09 1.03462019e+09 1.03462023e+09 1.03462026e+09
 1.03462030e+09 1.03462034e+09 1.03462038e+09 1.03462042e+09
 1.03462046e+09 1.03462050e+09 1.03462054e+09 1.03462058e+09
 1.03462062e+09 1.03462066e+09 1.03462070e+09 1.03462074e+09
 1.03462078e+09 1.03462082e+09 1.03462085e+09 1.03462089e+09
 1.03462093e+09 1.03462097e+09 1.03462101e+09 1.03462105e+09
 1.03462109e+09 1.03462113e+09 1.03462117e+09 1.03462121e+09
 1.03462125e+09 1.03462129e+09 1.03462133e+09 1.03462137e+09
 1.03462141e+09 1.03462144e+09 1.03462148e+09 1.03462152e+09
 1.03462156e+09 1.03462160e+09 1.03462164e+09 1.03462168e+09
 1.03462172e+09 1.03462176e+09 1.03462180e+09 1.03462184e+09
 1.03462188e+09 1.03462192e+09 1.03462196e+09 1.03462200e+09
 1.03462203e+09 1.03462207e+09 1.03462211e+09 1.03462215e+09
 1.03462219e+09 1.03462223e+09 1.03462227e+09 1.03462231e+09
 1.03462235e+09 1.03462239e+09 1.03462243e+09 1.03462247e+09
 1.03462251e+09 1.03462255e+09 1.03462259e+09 1.03462262e+09
 1.03462266e+09 1.03462270e+09 1.03462274e+09 1.03462278e+09
 1.03462282e+09 1.03462286e+09 1.03462290e+09 1.03462294e+09
 1.03462298e+09 1.03462302e+09 1.03462306e+09 1.03462310e+09
 1.03462314e+09 1.03462318e+09 1.03462321e+09 1.03462325e+09
 1.03462329e+09 1.03462333e+09 1.03462337e+09 1.03462341e+09
 1.03462345e+09 1.03462349e+09 1.03462353e+09 1.03462357e+09
 1.03462361e+09 1.03462365e+09 1.03462369e+09 1.03462373e+09
 1.03462377e+09 1.03462381e+09 1.03462384e+09 1.03462388e+09
 1.03462392e+09 1.03462396e+09 1.03462400e+09 1.03462404e+09
 1.03462408e+09 1.03462412e+09 1.03462416e+09 1.03462420e+09
 1.03462424e+09 1.03462428e+09 1.03462432e+09 1.03462436e+09
 1.03462440e+09 1.03462443e+09 1.03462447e+09 1.03462451e+09
 1.03462455e+09 1.03462459e+09 1.03462463e+09 1.03462467e+09
 1.03462471e+09 1.03462475e+09 1.03462479e+09 1.03462483e+09
 1.03462487e+09 1.03462491e+09 1.03462495e+09 1.03462499e+09]
minRes = 0.598020528694367
minResTime =  [1.03462499e+09]
