name =JUICE_ROI_CAL_5_0_02
flyby =  ['2033 MAY 10 08:21:32', '2033 MAY 11 08:21:32']
Observation TW =  <SpiceCell dtype = 1, length = 0, size = 3400, card = 14, is_set = 1, adjust = 0, init = 1, base = 2554801741872, data = 2554801741920>
Res(t) =  [4.13530546 4.13105795 4.12681084 4.12256414 4.11831785 4.11407196
 4.10982647 4.10558139 4.10133671 4.09709244 4.09284857 4.0886051
 4.08436204 4.08011939 4.07587714 4.07163529 4.06739385 4.06315281
 4.05891218 4.05467195 4.05043212 4.0461927  4.04195368 4.03771507
 4.03347686 4.02923905 4.02500165 4.02076465 4.01652806 4.01229187
 4.00805609 4.0038207  3.99958573 3.99535115 3.99111698 3.98688321
 3.98264985 3.97841689 3.97418433 3.96995218 3.96572043 3.96148909
 3.95725814 3.9530276  3.94879747 3.94456774 3.94033841 3.93610948
 3.93188096 3.92765284 3.92342513 3.91919781 3.9149709  3.9107444
 3.90651829 3.90229259 3.8980673  3.8938424  3.88961791 3.88539382
 3.88117014 3.87694686 3.87272398 3.8685015  3.86427942 3.86005775
 3.85583648 3.85161562 3.84739516 3.8431751  3.83895544 3.83473618
 3.83051733 3.82629888 3.82208083 3.81786319 3.81364594 3.8094291
 3.80521266 3.80099663 3.79678099 3.79256576 3.78835093 3.78413651
 3.77992248 3.77570886 3.77149564 3.76728282 3.7630704  3.75885839
 3.75464678 3.75043556 3.74622476 3.74201435 3.73780434 3.73359474
 3.72938554 3.72517674 3.72096834 3.71676035 3.71255275 3.70834556
 3.70413877 3.69993238 3.69572639 3.69152081 3.68731562 3.68311084
 3.67890646 3.67470247 3.6704989  3.66629572 3.66209294 3.65789057
 3.65368859 3.64948702 3.64528585 3.64108508 3.63688471 3.63268474
 3.62848517 3.62428601 3.62008724 3.61588888 3.61169091 3.60749335
 3.60329619 3.59909943 3.59490307 3.59070711 3.58651155 3.5823164
 3.57812164 3.57392729 3.56973333 3.56553978 3.56134662 3.55715387
 3.55296152 3.54876956 3.54457801 3.54038686 3.53619611 3.53200576
 3.52781581 3.52362626 3.51943711 3.51524836 3.51106001 3.50687206
 3.50268451 3.49849736 3.49431062 3.49012427 3.48593832 3.48175277
 3.47756762 3.47338287 3.46919853 3.46501458 3.46083103 3.45664788
 3.45246513 3.44828278 3.44410083 3.43991928 3.43573813 3.43155738
 3.42737703 3.42319708 3.41901753 3.41483838 3.41065963 3.40648127
 3.40230332 3.39812577 3.39394861 3.38977186 3.3855955  3.38141954
 3.37724399 3.37306883 3.36889407 3.36471971 3.36054575 3.35637219
 3.35219903 3.34802627 3.3438539  3.33968194 3.33551037 3.33133921
 3.32716844 3.32299807 3.3188281  3.31465853 3.31048936 3.30632058
 3.30215221 3.29798423 3.29381665 3.28964948 3.2854827  3.28131631
 3.27715033 3.27298475 3.26881956 3.26465478 3.26049039 3.2563264
 3.25216281 3.24799961 3.24383682 3.23967442 3.23551242 3.23135082
 3.22718962 3.22302882 3.21886841 3.21470841 3.2105488  3.20638959
 3.20223078 3.19807236 3.19391435 3.18975673 3.18559951 3.18144268
 3.17728626 3.17313023 3.1689746  3.16481937 3.16066454 3.15651011
 3.15235607 3.14820243 3.14404919 3.13989634 3.1357439  3.13159185
 3.1274402  3.12328894 3.11913808 3.11498763 3.11083756 3.1066879
 3.10253863 3.09838977 3.09424129 3.09009322 3.08594554 3.08179826
 3.07765138 3.07350489 3.06935881 3.06521312 3.06106782 3.05692292
 3.05277843 3.04863432 3.04449062 3.04034731 3.0362044  3.03206188
 3.02791977 3.02377805 3.01963672 3.01549579 3.01135526 3.00721513
 3.00307539 2.99893606 2.99479711 2.99065857 2.98652042 2.98238266
 2.97824531 2.97410835 2.96997178 2.96583562 2.96169985 2.95756447
 2.9534295  2.94929492 2.94516073 2.94102694 2.93689355 2.93276056
 2.92862796 2.92449575 2.92036395 2.91623254 2.91210152 2.90797091
 2.90384068 2.89971086 2.89558143 2.8914524  2.88732376 2.88319552
 2.87906767 2.87494022 2.87081317 2.86668651 2.86256025 2.85843438
 2.85430891 2.85018384 2.84605916 2.84193488 2.83781099 2.8336875
 2.82956441 2.82544171 2.8213194  2.81719749 2.81307598 2.80895486
 2.80483414 2.80071381 2.79659388 2.79247435 2.78835521 2.78423646
 2.78011811 2.77600016 2.7718826  2.76776544 2.76364867 2.7595323
 2.75541632 2.75130074 2.74718555 2.74307076 2.73895637 2.73484236
 2.73072876 2.72661555 2.72250273 2.71839031 2.71427828 2.71016665
 2.70605542 2.70194458 2.69783413 2.69372408 2.68961442 2.68550516
 2.68139629 2.67728782 2.67317974 2.66907206 2.66496477 2.66085788
 2.65675138 2.65264528 2.64853957 2.64443426 2.64032934 2.63622481
 2.63212068 2.62801695 2.6239136  2.61981066 2.6157081  2.61160595
 2.60750418 2.60340281 2.59930184 2.59520126 2.59110107 2.58700128
 2.58290188 2.57880288 2.57470427 2.57060606 2.56650824 2.56241081
 2.55831378 2.55421714 2.5501209  2.54602505 2.54192959 2.53783453
 2.53373986 2.52964559 2.52555171 2.52145823 2.51736513 2.51327244
 2.50918013 2.50508822 2.50099671 2.49690559 2.49281486 2.48872453
 2.48463459 2.48054504 2.47645589 2.47236713 2.46827876 2.46419079
 2.46010322 2.45601603 2.45192924 2.44784285 2.44375684 2.43967123
 2.43558602 2.4315012  2.42741677 2.42333273 2.41924909 2.41516585
 2.41108299 2.40700053 2.40291846 2.39883679 2.39475551 2.39067462
 2.38659413 2.38251403 2.37843433 2.37435501 2.37027609 2.36619757
 2.36211943 2.35804169 2.35396435 2.3498874  2.34581084 2.34173467
 2.3376589  2.33358352 2.32950853 2.32543394 2.32135974 2.31728593
 2.31321252 2.30913949 2.30506687 2.30099463 2.29692279 2.29285134
 2.28878029 2.28470963 2.28063936 2.27656948 2.2725     2.26843091
 2.26436221 2.26029391 2.256226   2.25215848 2.24809136 2.24402463
 2.23995829 2.23589234 2.23182679 2.22776163 2.22369686 2.21963249
 2.21556851 2.21150492 2.20744173 2.20337893 2.19931652 2.1952545
 2.19119288 2.18713165 2.18307081 2.17901037 2.17495031 2.17089066
 2.16683139 2.16277252 2.15871404 2.15465595 2.15059826 2.14654095
 2.14248405 2.13842753 2.13437141 2.13031568 2.12626034 2.12220539
 2.11815084 2.11409668 2.11004292 2.10598954 2.10193656 2.09788398
 2.09383178 2.08977998 2.08572857 2.08167756 2.07762693 2.0735767
 2.06952686 2.06547742 2.06142837 2.05737971 2.05333144 2.04928357
 2.04523609 2.041189   2.03714231 2.033096   2.02905009 2.02500458
 2.02095946 2.01691472 2.01287039 2.00882644 2.00478289 2.00073973
 1.99669697 1.99265459 1.98861262 1.98457103 1.98052983 1.97648903
 1.97244863 1.96840861 1.96436899 1.96032976 1.95629093 1.95225248
 1.94821443 1.94417678 1.94013952 1.93610265 1.93206617 1.92803008
 1.92399439 1.9199591  1.91592419 1.91188968 1.90785557 1.90382184
 1.89978851 1.89575557 1.89172303 1.88769088 1.88365912 1.87962776
 1.87559679 1.87156621 1.86753603 1.86350624 1.85947684 1.85544784
 1.85141923 1.84739101 1.84336319 1.83933576 1.83530873 1.83128209
 1.82725584 1.82322999 1.81920453 1.81517947 1.81115479 1.80713052
 1.80310663 1.79908315 1.79506005 1.79103735 1.78701504 1.78299313
 1.77897161 1.77495049 1.77092976 1.76690942 1.76288948 1.75886994
 1.75485078 1.75083203 1.74681367 1.7427957  1.73877812 1.73476095
 1.73074416 1.72672777 1.72271178 1.71869618 1.71468098 1.71066617
 1.70665176 1.70263774 1.69862411 1.69461089 1.69059805 1.68658562
 1.68257358 1.67856193 1.67455068 1.67053983 1.66652937 1.66251931
 1.65850964 1.65450037 1.6504915  1.64648302 1.64247494 1.63846725
 1.63445996 1.63045307 1.62644657 1.62244047 1.61843477 1.61442947
 1.61042456 1.60642005 1.60241593 1.59841221 1.59440889 1.59040597
 1.58640345 1.58240132 1.57839959 1.57439826 1.57039732 1.56639679
 1.56239665 1.55839691 1.55439757 1.55039862 1.54640008 1.54240193
 1.53840419 1.53440684 1.53040989 1.52641334 1.52241719 1.51842144
 1.51442609 1.51043114 1.50643659 1.50244243 1.49844868 1.49445533
 1.49046238 1.48646983 1.48247768 1.47848593 1.47449458 1.47050363
 1.46651309 1.46252294 1.4585332  1.45454386 1.45055492 1.44656639
 1.44257825 1.43859052 1.43460319 1.43061627 1.42662974 1.42264362
 1.41865791 1.41467259 1.41068768 1.40670318 1.40271908 1.39873538
 1.39475209 1.3907692  1.38678672 1.38280464 1.37882297 1.37484171
 1.37086085 1.3668804  1.36290035 1.35892071 1.35494148 1.35096265
 1.34698423 1.34300622 1.33902862 1.33505142 1.33107464 1.32709826
 1.32312229 1.31914673 1.31517158 1.31119684 1.30722252 1.3032486
 1.29927509 1.29530199 1.29132931 1.28735703 1.28338517 1.27941372
 1.27544269 1.27147206 1.26750185 1.26353206 1.25956268 1.25559371
 1.25162516 1.24765702 1.2436893  1.23972199 1.2357551  1.23178863
 1.22782258 1.22385694 1.21989172 1.21592692 1.21196254 1.20799858
 1.20403504 1.20007191 1.19610921 1.19214693 1.18818508 1.18422364
 1.18026263 1.17630204 1.17234187 1.16838213 1.16442282 1.16046393
 1.15650546 1.15254742 1.14858981 1.14463263 1.14067587 1.13671955
 1.13276365 1.12880818 1.12485315 1.12089854 1.11694437 1.11299063
 1.10903732 1.10508445 1.10113201 1.09718001 1.09322844 1.08927731
 1.08532662 1.08137637 1.07742656 1.07347718 1.06952825 1.06557976
 1.06163171 1.05768411 1.05373695 1.04979023 1.04584396 1.04189814
 1.03795276 1.03400784 1.03006336 1.02611933 1.02217576 1.01823264
 1.01428997 1.01034776 1.006406   1.00246471 0.99852387 0.99458348
 0.99064356 0.9867041  0.98276511 0.97882658 0.97488851 0.97095091
 0.96701378 0.96307711 0.95914092 0.9552052  0.95126995 0.94733518
 0.94340089 0.93946707 0.93553373 0.93160087 0.9276685  0.92373661
 0.9198052  0.91587429 0.91194386 0.90801392 0.90408447 0.90015552
 0.89622707 0.89229911 0.88837166 0.8844447  0.88051826 0.87659231
 0.87266688 0.86874195 0.86481754 0.86089364 0.85697026 0.8530474
 0.84912506 0.84520325 0.84128196 0.8373612  0.83344097 0.82952128
 0.82560213 0.82168351 0.81776544 0.81384791 0.80993094 0.80601451
 0.80209864 0.79818332 0.79426857 0.79035438 0.78644076 0.78252771
 0.77861524 0.77470334 0.77079203 0.7668813  0.76297116 0.75906162
 0.75515267 0.75124433 0.74733659 0.74342946 0.73952295 0.73561705
 0.73171179 0.72780715 0.72390314 0.71999977 0.71609705 0.71219498
 0.70829356 0.7043928  0.70049271 0.69659329 0.69269455 0.68879649
 0.68489912 0.68100245 0.67710649 0.67321123 0.66931669 0.66542288
 0.6615298  0.65763746 0.65374586 0.64985502 0.64720973 0.64331856
 0.63942814 0.63553849 0.63164961 0.62776152 0.62387423 0.61998773
 0.61610205 0.61221719 0.60833316 0.60444998 0.60056765 0.59668619
 0.5928056  0.5889259  0.58504711 0.58116922 0.57729227 0.57341626
 0.5695412  0.56566711 0.561794   0.55792189 0.5540508  0.55018074
 0.54631172 0.54244377 0.53857691 0.53471114 0.5308465  0.526983
 0.52312065 0.51925949 0.51539954 0.51154081 0.50768333 0.50382712
 0.49997221 0.49611863 0.4922664  0.48841555 0.48456611 0.48071811
 0.47687158 0.47302655 0.46918306 0.46534114 0.46150082 0.45766215
 0.45382517 0.44998991 0.44615641 0.44232473 0.4384949  0.43466698
 0.43084101 0.42701705 0.42319515 0.41937536 0.41555775 0.41174237
 0.4079293  0.40411859 0.40031031 0.39650455 0.39270137 0.38890086
 0.38510309 0.38130817 0.37751617 0.3737272  0.36994135 0.36615874
 0.36237947 0.35860366 0.35483143 0.35106292 0.34729826 0.34353759
 0.33978107 0.33602885 0.33228111 0.32853802 0.32479977 0.32106656
 0.3173386  0.31361612 0.30989935 0.30618854 0.30248396 0.2987859
 0.29509466 0.29141056 0.28773394 0.28406517 0.28040464 0.27675277
 0.27311001 0.26947684 0.26585378 0.26224138 0.25864023 0.25505098
 0.25147432 0.247911   0.24436183 0.24082769 0.23730953 0.23380839
 0.23032539 0.22686176 0.22341886 0.21999815 0.21660126 0.21322997
 0.20988623 0.20657223 0.20329037 0.20004332 0.19683409 0.19366599
 0.19054279 0.1874687  0.18444849 0.18148758 0.17859216 0.17576929
 0.17302714 0.17037514 0.16782429 0.1653875  0.16308002 0.16092003
 0.15892936 0.15713456 0.15556821 0.15427087 0.15329377 0.15270269
 0.15258382 0.15305273 0.15426875 0.156459  ]
t =  [1.05259816e+09 1.05259820e+09 1.05259825e+09 1.05259829e+09
 1.05259833e+09 1.05259837e+09 1.05259841e+09 1.05259846e+09
 1.05259850e+09 1.05259854e+09 1.05259858e+09 1.05259863e+09
 1.05259867e+09 1.05259871e+09 1.05259875e+09 1.05259879e+09
 1.05259884e+09 1.05259888e+09 1.05259892e+09 1.05259896e+09
 1.05259901e+09 1.05259905e+09 1.05259909e+09 1.05259913e+09
 1.05259917e+09 1.05259922e+09 1.05259926e+09 1.05259930e+09
 1.05259934e+09 1.05259939e+09 1.05259943e+09 1.05259947e+09
 1.05259951e+09 1.05259955e+09 1.05259960e+09 1.05259964e+09
 1.05259968e+09 1.05259972e+09 1.05259977e+09 1.05259981e+09
 1.05259985e+09 1.05259989e+09 1.05259993e+09 1.05259998e+09
 1.05260002e+09 1.05260006e+09 1.05260010e+09 1.05260015e+09
 1.05260019e+09 1.05260023e+09 1.05260027e+09 1.05260031e+09
 1.05260036e+09 1.05260040e+09 1.05260044e+09 1.05260048e+09
 1.05260053e+09 1.05260057e+09 1.05260061e+09 1.05260065e+09
 1.05260069e+09 1.05260074e+09 1.05260078e+09 1.05260082e+09
 1.05260086e+09 1.05260091e+09 1.05260095e+09 1.05260099e+09
 1.05260103e+09 1.05260107e+09 1.05260112e+09 1.05260116e+09
 1.05260120e+09 1.05260124e+09 1.05260129e+09 1.05260133e+09
 1.05260137e+09 1.05260141e+09 1.05260145e+09 1.05260150e+09
 1.05260154e+09 1.05260158e+09 1.05260162e+09 1.05260167e+09
 1.05260171e+09 1.05260175e+09 1.05260179e+09 1.05260183e+09
 1.05260188e+09 1.05260192e+09 1.05260196e+09 1.05260200e+09
 1.05260205e+09 1.05260209e+09 1.05260213e+09 1.05260217e+09
 1.05260221e+09 1.05260226e+09 1.05260230e+09 1.05260234e+09
 1.05260238e+09 1.05260243e+09 1.05260247e+09 1.05260251e+09
 1.05260255e+09 1.05260259e+09 1.05260264e+09 1.05260268e+09
 1.05260272e+09 1.05260276e+09 1.05260281e+09 1.05260285e+09
 1.05260289e+09 1.05260293e+09 1.05260297e+09 1.05260302e+09
 1.05260306e+09 1.05260310e+09 1.05260314e+09 1.05260319e+09
 1.05260323e+09 1.05260327e+09 1.05260331e+09 1.05260335e+09
 1.05260340e+09 1.05260344e+09 1.05260348e+09 1.05260352e+09
 1.05260357e+09 1.05260361e+09 1.05260365e+09 1.05260369e+09
 1.05260374e+09 1.05260378e+09 1.05260382e+09 1.05260386e+09
 1.05260390e+09 1.05260395e+09 1.05260399e+09 1.05260403e+09
 1.05260407e+09 1.05260412e+09 1.05260416e+09 1.05260420e+09
 1.05260424e+09 1.05260428e+09 1.05260433e+09 1.05260437e+09
 1.05260441e+09 1.05260445e+09 1.05260450e+09 1.05260454e+09
 1.05260458e+09 1.05260462e+09 1.05260466e+09 1.05260471e+09
 1.05260475e+09 1.05260479e+09 1.05260483e+09 1.05260488e+09
 1.05260492e+09 1.05260496e+09 1.05260500e+09 1.05260504e+09
 1.05260509e+09 1.05260513e+09 1.05260517e+09 1.05260521e+09
 1.05260526e+09 1.05260530e+09 1.05260534e+09 1.05260538e+09
 1.05260542e+09 1.05260547e+09 1.05260551e+09 1.05260555e+09
 1.05260559e+09 1.05260564e+09 1.05260568e+09 1.05260572e+09
 1.05260576e+09 1.05260580e+09 1.05260585e+09 1.05260589e+09
 1.05260593e+09 1.05260597e+09 1.05260602e+09 1.05260606e+09
 1.05260610e+09 1.05260614e+09 1.05260618e+09 1.05260623e+09
 1.05260627e+09 1.05260631e+09 1.05260635e+09 1.05260640e+09
 1.05260644e+09 1.05260648e+09 1.05260652e+09 1.05260656e+09
 1.05260661e+09 1.05260665e+09 1.05260669e+09 1.05260673e+09
 1.05260678e+09 1.05260682e+09 1.05260686e+09 1.05260690e+09
 1.05260694e+09 1.05260699e+09 1.05260703e+09 1.05260707e+09
 1.05260711e+09 1.05260716e+09 1.05260720e+09 1.05260724e+09
 1.05260728e+09 1.05260732e+09 1.05260737e+09 1.05260741e+09
 1.05260745e+09 1.05260749e+09 1.05260754e+09 1.05260758e+09
 1.05260762e+09 1.05260766e+09 1.05260770e+09 1.05260775e+09
 1.05260779e+09 1.05260783e+09 1.05260787e+09 1.05260792e+09
 1.05260796e+09 1.05260800e+09 1.05260804e+09 1.05260808e+09
 1.05260813e+09 1.05260817e+09 1.05260821e+09 1.05260825e+09
 1.05260830e+09 1.05260834e+09 1.05260838e+09 1.05260842e+09
 1.05260846e+09 1.05260851e+09 1.05260855e+09 1.05260859e+09
 1.05260863e+09 1.05260868e+09 1.05260872e+09 1.05260876e+09
 1.05260880e+09 1.05260884e+09 1.05260889e+09 1.05260893e+09
 1.05260897e+09 1.05260901e+09 1.05260906e+09 1.05260910e+09
 1.05260914e+09 1.05260918e+09 1.05260922e+09 1.05260927e+09
 1.05260931e+09 1.05260935e+09 1.05260939e+09 1.05260944e+09
 1.05260948e+09 1.05260952e+09 1.05260956e+09 1.05260960e+09
 1.05260965e+09 1.05260969e+09 1.05260973e+09 1.05260977e+09
 1.05260982e+09 1.05260986e+09 1.05260990e+09 1.05260994e+09
 1.05260998e+09 1.05261003e+09 1.05261007e+09 1.05261011e+09
 1.05261015e+09 1.05261020e+09 1.05261024e+09 1.05261028e+09
 1.05261032e+09 1.05261036e+09 1.05261041e+09 1.05261045e+09
 1.05261049e+09 1.05261053e+09 1.05261058e+09 1.05261062e+09
 1.05261066e+09 1.05261070e+09 1.05261074e+09 1.05261079e+09
 1.05261083e+09 1.05261087e+09 1.05261091e+09 1.05261096e+09
 1.05261100e+09 1.05261104e+09 1.05261108e+09 1.05261112e+09
 1.05261117e+09 1.05261121e+09 1.05261125e+09 1.05261129e+09
 1.05261134e+09 1.05261138e+09 1.05261142e+09 1.05261146e+09
 1.05261150e+09 1.05261155e+09 1.05261159e+09 1.05261163e+09
 1.05261167e+09 1.05261172e+09 1.05261176e+09 1.05261180e+09
 1.05261184e+09 1.05261188e+09 1.05261193e+09 1.05261197e+09
 1.05261201e+09 1.05261205e+09 1.05261210e+09 1.05261214e+09
 1.05261218e+09 1.05261222e+09 1.05261226e+09 1.05261231e+09
 1.05261235e+09 1.05261239e+09 1.05261243e+09 1.05261248e+09
 1.05261252e+09 1.05261256e+09 1.05261260e+09 1.05261264e+09
 1.05261269e+09 1.05261273e+09 1.05261277e+09 1.05261281e+09
 1.05261286e+09 1.05261290e+09 1.05261294e+09 1.05261298e+09
 1.05261302e+09 1.05261307e+09 1.05261311e+09 1.05261315e+09
 1.05261319e+09 1.05261324e+09 1.05261328e+09 1.05261332e+09
 1.05261336e+09 1.05261340e+09 1.05261345e+09 1.05261349e+09
 1.05261353e+09 1.05261357e+09 1.05261362e+09 1.05261366e+09
 1.05261370e+09 1.05261374e+09 1.05261378e+09 1.05261383e+09
 1.05261387e+09 1.05261391e+09 1.05261395e+09 1.05261400e+09
 1.05261404e+09 1.05261408e+09 1.05261412e+09 1.05261416e+09
 1.05261421e+09 1.05261425e+09 1.05261429e+09 1.05261433e+09
 1.05261438e+09 1.05261442e+09 1.05261446e+09 1.05261450e+09
 1.05261454e+09 1.05261459e+09 1.05261463e+09 1.05261467e+09
 1.05261471e+09 1.05261476e+09 1.05261480e+09 1.05261484e+09
 1.05261488e+09 1.05261492e+09 1.05261497e+09 1.05261501e+09
 1.05261505e+09 1.05261509e+09 1.05261514e+09 1.05261518e+09
 1.05261522e+09 1.05261526e+09 1.05261530e+09 1.05261535e+09
 1.05261539e+09 1.05261543e+09 1.05261547e+09 1.05261552e+09
 1.05261556e+09 1.05261560e+09 1.05261564e+09 1.05261568e+09
 1.05261573e+09 1.05261577e+09 1.05261581e+09 1.05261585e+09
 1.05261590e+09 1.05261594e+09 1.05261598e+09 1.05261602e+09
 1.05261606e+09 1.05261611e+09 1.05261615e+09 1.05261619e+09
 1.05261623e+09 1.05261628e+09 1.05261632e+09 1.05261636e+09
 1.05261640e+09 1.05261645e+09 1.05261649e+09 1.05261653e+09
 1.05261657e+09 1.05261661e+09 1.05261666e+09 1.05261670e+09
 1.05261674e+09 1.05261678e+09 1.05261683e+09 1.05261687e+09
 1.05261691e+09 1.05261695e+09 1.05261699e+09 1.05261704e+09
 1.05261708e+09 1.05261712e+09 1.05261716e+09 1.05261721e+09
 1.05261725e+09 1.05261729e+09 1.05261733e+09 1.05261737e+09
 1.05261742e+09 1.05261746e+09 1.05261750e+09 1.05261754e+09
 1.05261759e+09 1.05261763e+09 1.05261767e+09 1.05261771e+09
 1.05261775e+09 1.05261780e+09 1.05261784e+09 1.05261788e+09
 1.05261792e+09 1.05261797e+09 1.05261801e+09 1.05261805e+09
 1.05261809e+09 1.05261813e+09 1.05261818e+09 1.05261822e+09
 1.05261826e+09 1.05261830e+09 1.05261835e+09 1.05261839e+09
 1.05261843e+09 1.05261847e+09 1.05261851e+09 1.05261856e+09
 1.05261860e+09 1.05261864e+09 1.05261868e+09 1.05261873e+09
 1.05261877e+09 1.05261881e+09 1.05261885e+09 1.05261889e+09
 1.05261894e+09 1.05261898e+09 1.05261902e+09 1.05261906e+09
 1.05261911e+09 1.05261915e+09 1.05261919e+09 1.05261923e+09
 1.05261927e+09 1.05261932e+09 1.05261936e+09 1.05261940e+09
 1.05261944e+09 1.05261949e+09 1.05261953e+09 1.05261957e+09
 1.05261961e+09 1.05261965e+09 1.05261970e+09 1.05261974e+09
 1.05261978e+09 1.05261982e+09 1.05261987e+09 1.05261991e+09
 1.05261995e+09 1.05261999e+09 1.05262003e+09 1.05262008e+09
 1.05262012e+09 1.05262016e+09 1.05262020e+09 1.05262025e+09
 1.05262029e+09 1.05262033e+09 1.05262037e+09 1.05262041e+09
 1.05262046e+09 1.05262050e+09 1.05262054e+09 1.05262058e+09
 1.05262063e+09 1.05262067e+09 1.05262071e+09 1.05262075e+09
 1.05262079e+09 1.05262084e+09 1.05262088e+09 1.05262092e+09
 1.05262096e+09 1.05262101e+09 1.05262105e+09 1.05262109e+09
 1.05262113e+09 1.05262117e+09 1.05262122e+09 1.05262126e+09
 1.05262130e+09 1.05262134e+09 1.05262139e+09 1.05262143e+09
 1.05262147e+09 1.05262151e+09 1.05262155e+09 1.05262160e+09
 1.05262164e+09 1.05262168e+09 1.05262172e+09 1.05262177e+09
 1.05262181e+09 1.05262185e+09 1.05262189e+09 1.05262193e+09
 1.05262198e+09 1.05262202e+09 1.05262206e+09 1.05262210e+09
 1.05262215e+09 1.05262219e+09 1.05262223e+09 1.05262227e+09
 1.05262231e+09 1.05262236e+09 1.05262240e+09 1.05262244e+09
 1.05262248e+09 1.05262253e+09 1.05262257e+09 1.05262261e+09
 1.05262265e+09 1.05262269e+09 1.05262274e+09 1.05262278e+09
 1.05262282e+09 1.05262286e+09 1.05262291e+09 1.05262295e+09
 1.05262299e+09 1.05262303e+09 1.05262307e+09 1.05262312e+09
 1.05262316e+09 1.05262320e+09 1.05262324e+09 1.05262329e+09
 1.05262333e+09 1.05262337e+09 1.05262341e+09 1.05262345e+09
 1.05262350e+09 1.05262354e+09 1.05262358e+09 1.05262362e+09
 1.05262367e+09 1.05262371e+09 1.05262375e+09 1.05262379e+09
 1.05262383e+09 1.05262388e+09 1.05262392e+09 1.05262396e+09
 1.05262400e+09 1.05262405e+09 1.05262409e+09 1.05262413e+09
 1.05262417e+09 1.05262421e+09 1.05262426e+09 1.05262430e+09
 1.05262434e+09 1.05262438e+09 1.05262443e+09 1.05262447e+09
 1.05262451e+09 1.05262455e+09 1.05262459e+09 1.05262464e+09
 1.05262468e+09 1.05262472e+09 1.05262476e+09 1.05262481e+09
 1.05262485e+09 1.05262489e+09 1.05262493e+09 1.05262497e+09
 1.05262502e+09 1.05262506e+09 1.05262510e+09 1.05262514e+09
 1.05262519e+09 1.05262523e+09 1.05262527e+09 1.05262531e+09
 1.05262535e+09 1.05262540e+09 1.05262544e+09 1.05262548e+09
 1.05262552e+09 1.05262557e+09 1.05262561e+09 1.05262565e+09
 1.05262569e+09 1.05262573e+09 1.05262578e+09 1.05262582e+09
 1.05262586e+09 1.05262590e+09 1.05262595e+09 1.05262599e+09
 1.05262603e+09 1.05262607e+09 1.05262611e+09 1.05262616e+09
 1.05262620e+09 1.05262624e+09 1.05262628e+09 1.05262633e+09
 1.05262637e+09 1.05262641e+09 1.05262645e+09 1.05262649e+09
 1.05262654e+09 1.05262658e+09 1.05262662e+09 1.05262666e+09
 1.05262671e+09 1.05262675e+09 1.05262679e+09 1.05262683e+09
 1.05262687e+09 1.05262692e+09 1.05262696e+09 1.05262700e+09
 1.05262704e+09 1.05262709e+09 1.05262713e+09 1.05262717e+09
 1.05262721e+09 1.05262725e+09 1.05262730e+09 1.05262734e+09
 1.05262738e+09 1.05262742e+09 1.05262747e+09 1.05262751e+09
 1.05262755e+09 1.05262759e+09 1.05262763e+09 1.05262768e+09
 1.05262772e+09 1.05262776e+09 1.05262780e+09 1.05262785e+09
 1.05262789e+09 1.05262793e+09 1.05262797e+09 1.05262801e+09
 1.05262806e+09 1.05262810e+09 1.05262814e+09 1.05262818e+09
 1.05262823e+09 1.05262827e+09 1.05262831e+09 1.05262835e+09
 1.05262839e+09 1.05262844e+09 1.05262848e+09 1.05262852e+09
 1.05262856e+09 1.05262861e+09 1.05262865e+09 1.05262869e+09
 1.05262873e+09 1.05262878e+09 1.05262882e+09 1.05262886e+09
 1.05262890e+09 1.05262894e+09 1.05262899e+09 1.05262903e+09
 1.05262907e+09 1.05262911e+09 1.05262916e+09 1.05262920e+09
 1.05262924e+09 1.05262928e+09 1.05262932e+09 1.05262937e+09
 1.05262941e+09 1.05262945e+09 1.05262949e+09 1.05262954e+09
 1.05262958e+09 1.05262962e+09 1.05262966e+09 1.05262970e+09
 1.05262975e+09 1.05262979e+09 1.05262983e+09 1.05262987e+09
 1.05262992e+09 1.05262996e+09 1.05263000e+09 1.05263004e+09
 1.05263008e+09 1.05263013e+09 1.05263017e+09 1.05263021e+09
 1.05263025e+09 1.05263030e+09 1.05263034e+09 1.05263038e+09
 1.05263042e+09 1.05263046e+09 1.05263051e+09 1.05263055e+09
 1.05263059e+09 1.05263063e+09 1.05263068e+09 1.05263072e+09
 1.05263076e+09 1.05263080e+09 1.05263084e+09 1.05263089e+09
 1.05263093e+09 1.05263097e+09 1.05263101e+09 1.05263106e+09
 1.05263110e+09 1.05263114e+09 1.05263118e+09 1.05263122e+09
 1.05263127e+09 1.05263131e+09 1.05263135e+09 1.05263139e+09
 1.05263144e+09 1.05263148e+09 1.05263152e+09 1.05263156e+09
 1.05263160e+09 1.05263165e+09 1.05263169e+09 1.05263173e+09
 1.05263177e+09 1.05263182e+09 1.05263186e+09 1.05263190e+09
 1.05263194e+09 1.05263198e+09 1.05263203e+09 1.05263207e+09
 1.05263211e+09 1.05263215e+09 1.05263220e+09 1.05263224e+09
 1.05263228e+09 1.05263232e+09 1.05263236e+09 1.05263241e+09
 1.05263245e+09 1.05263249e+09 1.05263253e+09 1.05263258e+09
 1.05263262e+09 1.05263266e+09 1.05263270e+09 1.05263274e+09
 1.05263279e+09 1.05263283e+09 1.05263287e+09 1.05263291e+09
 1.05263296e+09 1.05263300e+09 1.05263304e+09 1.05263308e+09
 1.05263312e+09 1.05263317e+09 1.05263321e+09 1.05263325e+09
 1.05263329e+09 1.05263334e+09 1.05263338e+09 1.05263342e+09
 1.05263346e+09 1.05263350e+09 1.05263355e+09 1.05263359e+09
 1.05263363e+09 1.05263367e+09 1.05263372e+09 1.05263376e+09
 1.05263380e+09 1.05263384e+09 1.05263388e+09 1.05263393e+09
 1.05263397e+09 1.05263401e+09 1.05263405e+09 1.05263410e+09
 1.05263414e+09 1.05263418e+09 1.05263422e+09 1.05263426e+09
 1.05263431e+09 1.05263435e+09 1.05263439e+09 1.05263443e+09
 1.05263448e+09 1.05263452e+09 1.05263456e+09 1.05263460e+09
 1.05263464e+09 1.05263469e+09 1.05263473e+09 1.05263477e+09
 1.05263481e+09 1.05263486e+09 1.05263490e+09 1.05263494e+09
 1.05263498e+09 1.05263502e+09 1.05263507e+09 1.05263511e+09
 1.05263515e+09 1.05263519e+09 1.05263524e+09 1.05263528e+09
 1.05263532e+09 1.05263536e+09 1.05263540e+09 1.05263545e+09
 1.05263549e+09 1.05263553e+09 1.05263557e+09 1.05263562e+09
 1.05263566e+09 1.05263570e+09 1.05263574e+09 1.05263578e+09
 1.05263583e+09 1.05263587e+09 1.05263591e+09 1.05263595e+09
 1.05263600e+09 1.05263604e+09 1.05263608e+09 1.05263612e+09
 1.05263616e+09 1.05263621e+09 1.05263625e+09 1.05263629e+09
 1.05263633e+09 1.05263638e+09 1.05263642e+09 1.05263646e+09
 1.05263650e+09 1.05263654e+09 1.05263659e+09 1.05263663e+09
 1.05263667e+09 1.05263671e+09 1.05263676e+09 1.05263680e+09
 1.05263684e+09 1.05263688e+09 1.05263692e+09 1.05263697e+09
 1.05263701e+09 1.05263705e+09 1.05263709e+09 1.05263714e+09
 1.05263718e+09 1.05263722e+09 1.05263726e+09 1.05263730e+09
 1.05263735e+09 1.05263739e+09 1.05263743e+09 1.05263747e+09
 1.05263752e+09 1.05263756e+09 1.05263760e+09 1.05263764e+09
 1.05263768e+09 1.05263773e+09 1.05263777e+09 1.05263781e+09
 1.05263785e+09 1.05263790e+09 1.05263794e+09 1.05263798e+09
 1.05263802e+09 1.05263806e+09 1.05263811e+09 1.05263815e+09
 1.05263819e+09 1.05263823e+09 1.05263828e+09 1.05263832e+09
 1.05263836e+09 1.05263840e+09 1.05263844e+09 1.05263849e+09
 1.05263853e+09 1.05263857e+09 1.05263861e+09 1.05263866e+09
 1.05263870e+09 1.05263874e+09 1.05263878e+09 1.05263882e+09
 1.05263887e+09 1.05263891e+09 1.05263895e+09 1.05263899e+09
 1.05263904e+09 1.05263908e+09 1.05263912e+09 1.05263916e+09
 1.05263920e+09 1.05263925e+09 1.05263929e+09 1.05263933e+09
 1.05263937e+09 1.05263942e+09 1.05263946e+09 1.05263950e+09
 1.05263954e+09 1.05263958e+09 1.05263963e+09 1.05263967e+09
 1.05263971e+09 1.05263975e+09 1.05263980e+09 1.05263984e+09
 1.05263988e+09 1.05263992e+09 1.05263996e+09 1.05264001e+09
 1.05264005e+09 1.05264009e+09 1.05264013e+09 1.05264018e+09
 1.05264022e+09 1.05264026e+09 1.05264030e+09 1.05264034e+09]
minRes = 0.15258381566917767
minResTime =  [1.05264022e+09]
