name =JUICE_ROI_CAL_7_0_05
flyby =  ['2032 OCT 13 20:53:36', '2032 OCT 14 20:53:36']
Observation TW =  <SpiceCell dtype = 1, length = 0, size = 3000, card = 10, is_set = 1, adjust = 0, init = 1, base = 2554802564624, data = 2554802564672>
Res(t) =  [3.41837189 3.41491074 3.41144986 3.40798924 3.40452889 3.40106881
 3.39760899 3.39414944 3.39069015 3.38723113 3.38377237 3.38031387
 3.37685564 3.37339767 3.36993996 3.36648251 3.36302533 3.3595684
 3.35611174 3.35265533 3.34919918 3.34574329 3.34228766 3.33883229
 3.33537718 3.33192232 3.32846771 3.32501337 3.32155927 3.31810543
 3.31465185 3.31119852 3.30774544 3.30429262 3.30084005 3.29738772
 3.29393565 3.29048384 3.28703227 3.28358095 3.28012988 3.27667906
 3.27322848 3.26977816 3.26632808 3.26287825 3.25942866 3.25597932
 3.25253023 3.24908138 3.24563277 3.24218441 3.23873629 3.23528842
 3.23184078 3.22839339 3.22494624 3.22149934 3.21805267 3.21460624
 3.21116005 3.2077141  3.20426839 3.20082291 3.19737768 3.19393268
 3.19048792 3.18704339 3.1835991  3.18015504 3.17671122 3.17326763
 3.16982428 3.16638116 3.16293827 3.15949562 3.15605319 3.152611
 3.14916904 3.1457273  3.1422858  3.13884453 3.13540349 3.13196267
 3.12852208 3.12508172 3.12164159 3.11820168 3.114762   3.11132254
 3.10788331 3.1044443  3.10100552 3.09756696 3.09412863 3.09069051
 3.08725262 3.08381495 3.0803775  3.07694027 3.07350327 3.07006648
 3.06662991 3.06319356 3.05975743 3.05632151 3.05288581 3.04945033
 3.04601507 3.04258002 3.03914519 3.03571057 3.03227617 3.02884198
 3.025408   3.02197424 3.01854069 3.01510735 3.01167422 3.0082413
 3.0048086  3.0013761  2.99794382 2.99451174 2.99107987 2.98764821
 2.98421676 2.98078552 2.97735448 2.97392365 2.97049302 2.9670626
 2.96363239 2.96020237 2.95677257 2.95334296 2.94991356 2.94648437
 2.94305537 2.93962658 2.93619798 2.93276959 2.9293414  2.9259134
 2.92248561 2.91905802 2.91563062 2.91220342 2.90877642 2.90534962
 2.90192301 2.8984966  2.89507038 2.89164436 2.88821853 2.8847929
 2.88136746 2.87794221 2.87451716 2.8710923  2.86766763 2.86424315
 2.86081886 2.85739477 2.85397086 2.85054714 2.84712361 2.84370027
 2.84027712 2.83685415 2.83343137 2.83000878 2.82658638 2.82316416
 2.81974212 2.81632027 2.8128986  2.80947712 2.80605582 2.80263471
 2.79921377 2.79579302 2.79237245 2.78895206 2.78553185 2.78211182
 2.77869197 2.7752723  2.77185281 2.7684335  2.76501436 2.7615954
 2.75817662 2.75475802 2.75133959 2.74792133 2.74450326 2.74108535
 2.73766762 2.73425006 2.73083268 2.72741547 2.72399843 2.72058156
 2.71716486 2.71374834 2.71033198 2.7069158  2.70349978 2.70008393
 2.69666825 2.69325274 2.6898374  2.68642222 2.68300721 2.67959237
 2.67617769 2.67276318 2.66934883 2.66593465 2.66252063 2.65910677
 2.65569308 2.65227955 2.64886618 2.64545297 2.64203993 2.63862704
 2.63521432 2.63180175 2.62838935 2.6249771  2.62156501 2.61815308
 2.6147413  2.61132969 2.60791823 2.60450692 2.60109577 2.59768478
 2.59427394 2.59086326 2.58745273 2.58404235 2.58063212 2.57722205
 2.57381213 2.57040236 2.56699274 2.56358328 2.56017396 2.55676479
 2.55335577 2.5499469  2.54653818 2.54312961 2.53972118 2.5363129
 2.53290477 2.52949679 2.52608894 2.52268125 2.5192737  2.51586629
 2.51245903 2.50905191 2.50564493 2.5022381  2.4988314  2.49542485
 2.49201844 2.48861217 2.48520604 2.48180005 2.4783942  2.47498849
 2.47158292 2.46817748 2.46477218 2.46136702 2.457962   2.45455711
 2.45115236 2.44774774 2.44434326 2.44093891 2.43753469 2.43413061
 2.43072666 2.42732285 2.42391916 2.42051561 2.41711219 2.4137089
 2.41030574 2.40690271 2.40349981 2.40009703 2.39669439 2.39329187
 2.38988948 2.38648722 2.38308509 2.37968308 2.3762812  2.37287944
 2.36947781 2.3660763  2.36267491 2.35927365 2.35587251 2.3524715
 2.34907061 2.34566983 2.34226918 2.33886865 2.33546825 2.33206796
 2.32866779 2.32526774 2.3218678  2.31846799 2.31506829 2.31166872
 2.30826925 2.30486991 2.30147068 2.29807156 2.29467256 2.29127368
 2.28787491 2.28447625 2.28107771 2.27767928 2.27428096 2.27088275
 2.26748466 2.26408667 2.2606888  2.25729104 2.25389338 2.25049584
 2.2470984  2.24370108 2.24030386 2.23690674 2.23350974 2.23011284
 2.22671605 2.22331936 2.21992278 2.21652631 2.21312993 2.20973367
 2.2063375  2.20294144 2.19954548 2.19614962 2.19275387 2.18935822
 2.18596266 2.18256721 2.17917186 2.17577661 2.17238145 2.1689864
 2.16559144 2.16219658 2.15880182 2.15540715 2.15201259 2.14861811
 2.14522374 2.14182945 2.13843527 2.13504117 2.13164718 2.12825327
 2.12485946 2.12146574 2.11807211 2.11467857 2.11128513 2.10789177
 2.10449851 2.10110533 2.09771225 2.09431925 2.09092634 2.08753352
 2.08414079 2.08074815 2.07735559 2.07396312 2.07057073 2.06717843
 2.06378622 2.06039409 2.05700204 2.05361008 2.0502182  2.04682641
 2.04343469 2.04004306 2.03665151 2.03326004 2.02986865 2.02647734
 2.02308612 2.01969497 2.0163039  2.01291291 2.00952199 2.00613116
 2.0027404  1.99934972 1.99595911 1.99256858 1.98917813 1.98578775
 1.98239745 1.97900722 1.97561706 1.97222698 1.96883697 1.96544703
 1.96205716 1.95866737 1.95527764 1.95188799 1.94849841 1.9451089
 1.94171946 1.93833008 1.93494078 1.93155154 1.92816237 1.92477327
 1.92138423 1.91799526 1.91460636 1.91121752 1.90782875 1.90444004
 1.9010514  1.89766282 1.8942743  1.89088584 1.88749745 1.88410912
 1.88072086 1.87733265 1.8739445  1.87055642 1.86716839 1.86378043
 1.86039252 1.85700467 1.85361688 1.85022915 1.84684147 1.84345386
 1.84006629 1.83667879 1.83329134 1.82990394 1.8265166  1.82312932
 1.81974208 1.8163549  1.81296778 1.80958071 1.80619369 1.80280672
 1.7994198  1.79603293 1.79264611 1.78925935 1.78587263 1.78248596
 1.77909934 1.77571277 1.77232625 1.76893977 1.76555335 1.76216696
 1.75878063 1.75539434 1.75200809 1.74862189 1.74523574 1.74184963
 1.73846356 1.73507754 1.73169155 1.72830561 1.72491972 1.72153386
 1.71814805 1.71476227 1.71137654 1.70799084 1.70460519 1.70121957
 1.69783399 1.69444845 1.69106295 1.68767749 1.68429206 1.68090667
 1.67752131 1.67413599 1.6707507  1.66736545 1.66398024 1.66059506
 1.65720991 1.65382479 1.65043971 1.64705465 1.64366963 1.64028465
 1.63689969 1.63351476 1.63012986 1.62674499 1.62336016 1.61997535
 1.61659056 1.61320581 1.60982108 1.60643638 1.60305171 1.59966706
 1.59628244 1.59289785 1.58951328 1.58612873 1.58274421 1.57935971
 1.57597523 1.57259078 1.56920635 1.56582194 1.56243756 1.55905319
 1.55566885 1.55228452 1.54890022 1.54551593 1.54213166 1.53874742
 1.53536319 1.53197897 1.52859478 1.5252106  1.52182644 1.5184423
 1.51505817 1.51167405 1.50828995 1.50490587 1.50152179 1.49813774
 1.49475369 1.49136966 1.48798564 1.48460163 1.48121764 1.47783365
 1.47444967 1.47106571 1.46768175 1.46429781 1.46091387 1.45752994
 1.45414602 1.45076211 1.44737821 1.44399431 1.44061042 1.43722653
 1.43384265 1.43045877 1.4270749  1.42369104 1.42030717 1.41692332
 1.41353946 1.41015561 1.40677176 1.40338791 1.40000406 1.39662021
 1.39323637 1.38985252 1.38646867 1.38308483 1.37970098 1.37631713
 1.37293328 1.36954942 1.36616557 1.36278171 1.35939784 1.35601398
 1.35263011 1.34924623 1.34586235 1.34247846 1.33909457 1.33571067
 1.33232676 1.32894285 1.32555893 1.322175   1.31879106 1.31540711
 1.31202315 1.30863919 1.30525521 1.30187122 1.29848723 1.29510322
 1.2917192  1.28833516 1.28495112 1.28156706 1.27818299 1.2747989
 1.2714148  1.26803068 1.26464655 1.26126241 1.25787825 1.25449407
 1.25110987 1.24772566 1.24434143 1.24095719 1.23757292 1.23418864
 1.23080433 1.22742001 1.22403567 1.22065131 1.21726692 1.21388252
 1.21049809 1.20711364 1.20372917 1.20034468 1.19696016 1.19357562
 1.19019106 1.18680647 1.18342186 1.18003722 1.17665256 1.17326787
 1.16988315 1.16649841 1.16311364 1.15972885 1.15634402 1.15295917
 1.14957429 1.14618938 1.14280444 1.13941947 1.13603447 1.13264944
 1.12926437 1.12587928 1.12249416 1.119109   1.11572381 1.11233859
 1.10895333 1.10556804 1.10218272 1.09879736 1.09541197 1.09202654
 1.08864107 1.08525557 1.08187004 1.07848446 1.07509885 1.07171321
 1.06832752 1.0649418  1.06155603 1.05817023 1.05478439 1.05139851
 1.04801259 1.04462663 1.04124063 1.03785458 1.0344685  1.03108237
 1.0276962  1.02430999 1.02092374 1.01753744 1.0141511  1.01076471
 1.00737828 1.00399181 1.00060529 0.99721872 0.99383211 0.99044545
 0.98705875 0.983672   0.9802852  0.97689836 0.97351146 0.97012452
 0.96673753 0.96335049 0.9599634  0.95657626 0.95318908 0.94980184
 0.94641455 0.94302721 0.93963982 0.93625238 0.93286488 0.92947734
 0.92608974 0.92270209 0.91931438 0.91592663 0.91253882 0.90915095
 0.90576303 0.90237506 0.89898703 0.89559895 0.89221081 0.88882261
 0.88543436 0.88204606 0.87865769 0.87526927 0.8718808  0.86849226
 0.86510367 0.86171502 0.85832632 0.85493755 0.85154873 0.84815984
 0.8447709  0.8413819  0.83799284 0.83460372 0.83121454 0.82782531
 0.82443601 0.82104665 0.81765723 0.81426774 0.8108782  0.8074886
 0.80409893 0.80070921 0.79731942 0.79392957 0.79053966 0.78714969
 0.78375965 0.78036955 0.77697939 0.77358917 0.77019889 0.76680854
 0.76341813 0.76002765 0.75663712 0.75324652 0.74985585 0.74646513
 0.74307434 0.73968349 0.73629257 0.73290159 0.72951055 0.72611945
 0.72272828 0.71933705 0.71594575 0.7125544  0.70916298 0.70577149
 0.70237995 0.69898834 0.69559667 0.69220494 0.68881314 0.68542129
 0.68202937 0.67863739 0.67524535 0.67185324 0.66846108 0.66506886
 0.66167657 0.65828423 0.65489182 0.65149936 0.64810684 0.64471426
 0.64132162 0.63792892 0.63453617 0.63114336 0.62775049 0.62435757
 0.62096459 0.61757156 0.61417848 0.61078534 0.60739215 0.6039989
 0.60060561 0.59721227 0.59381887 0.59042543 0.58703194 0.5836384
 0.58024482 0.57685119 0.57345752 0.57006381 0.56667005 0.56327626
 0.55988242 0.55648855 0.55309464 0.54970069 0.54630672 0.54291271
 0.53951867 0.53615553 0.5327608  0.52936605 0.52597126 0.52257644
 0.5191816  0.51578674 0.51239186 0.50899696 0.50560204 0.5022071
 0.49881216 0.4954172  0.49202224 0.48862727 0.4852323  0.48183734
 0.47844237 0.47504741 0.47165247 0.46825753 0.46486262 0.46146772
 0.45807285 0.454678   0.45128319 0.44788841 0.44449368 0.44109899
 0.43770435 0.43430976 0.43091523 0.42752077 0.42412638 0.42073206
 0.41733783 0.41394368 0.41054963 0.40715568 0.40376184 0.40036811
 0.39697451 0.39358103 0.3901877  0.38679451 0.38340148 0.38000862
 0.37661593 0.37322342 0.36983112 0.36643902 0.36304713 0.35965548
 0.35626408 0.35287292 0.34948204 0.34609145 0.34270115 0.33931117
 0.33592152 0.33253222 0.32914328 0.32575473 0.32236659 0.31897887
 0.3155916  0.31220481 0.3088185  0.30543272 0.30204749 0.29866283
 0.29527877 0.29189535 0.28851259 0.28513054 0.28174922 0.27836869
 0.27498896 0.27161009 0.26823213 0.26485512 0.2614791  0.25810414
 0.25473029 0.25135761 0.24798616 0.244616   0.24124722 0.23787987
 0.23451406 0.23114985 0.22778734 0.22442663 0.22106782 0.21771102
 0.21435635 0.21100393 0.2076539  0.2043064  0.2009616  0.19761965
 0.19428074 0.19094506 0.18761281 0.18428423 0.18095955 0.17763904
 0.17432299 0.1710117  0.16770551 0.16440479 0.16110993 0.15782138
 0.15453961 0.15126514 0.14799855 0.14474048 0.14149162 0.13825275
 0.13502471 0.13180847 0.12860508 0.12541572 0.12224172 0.11908457
 0.11594593 0.1128277  0.10973203 0.10666136 0.10361849 0.10060663
 0.09762948 0.09469131 0.09179712 0.08895275 0.08616509 0.08344229
 0.08079409 0.07823221 0.07577088 0.07342753 0.07122372 0.06918649
 0.06735022 0.06575932 0.06447232 0.06356821 0.06315686 0.06339699
 0.06452964 0.06694611 0.0713434  0.07914351]
t =  [1.03458569e+09 1.03458573e+09 1.03458577e+09 1.03458581e+09
 1.03458586e+09 1.03458590e+09 1.03458594e+09 1.03458598e+09
 1.03458603e+09 1.03458607e+09 1.03458611e+09 1.03458615e+09
 1.03458620e+09 1.03458624e+09 1.03458628e+09 1.03458633e+09
 1.03458637e+09 1.03458641e+09 1.03458645e+09 1.03458650e+09
 1.03458654e+09 1.03458658e+09 1.03458662e+09 1.03458667e+09
 1.03458671e+09 1.03458675e+09 1.03458679e+09 1.03458684e+09
 1.03458688e+09 1.03458692e+09 1.03458697e+09 1.03458701e+09
 1.03458705e+09 1.03458709e+09 1.03458714e+09 1.03458718e+09
 1.03458722e+09 1.03458726e+09 1.03458731e+09 1.03458735e+09
 1.03458739e+09 1.03458743e+09 1.03458748e+09 1.03458752e+09
 1.03458756e+09 1.03458761e+09 1.03458765e+09 1.03458769e+09
 1.03458773e+09 1.03458778e+09 1.03458782e+09 1.03458786e+09
 1.03458790e+09 1.03458795e+09 1.03458799e+09 1.03458803e+09
 1.03458808e+09 1.03458812e+09 1.03458816e+09 1.03458820e+09
 1.03458825e+09 1.03458829e+09 1.03458833e+09 1.03458837e+09
 1.03458842e+09 1.03458846e+09 1.03458850e+09 1.03458854e+09
 1.03458859e+09 1.03458863e+09 1.03458867e+09 1.03458872e+09
 1.03458876e+09 1.03458880e+09 1.03458884e+09 1.03458889e+09
 1.03458893e+09 1.03458897e+09 1.03458901e+09 1.03458906e+09
 1.03458910e+09 1.03458914e+09 1.03458918e+09 1.03458923e+09
 1.03458927e+09 1.03458931e+09 1.03458936e+09 1.03458940e+09
 1.03458944e+09 1.03458948e+09 1.03458953e+09 1.03458957e+09
 1.03458961e+09 1.03458965e+09 1.03458970e+09 1.03458974e+09
 1.03458978e+09 1.03458982e+09 1.03458987e+09 1.03458991e+09
 1.03458995e+09 1.03459000e+09 1.03459004e+09 1.03459008e+09
 1.03459012e+09 1.03459017e+09 1.03459021e+09 1.03459025e+09
 1.03459029e+09 1.03459034e+09 1.03459038e+09 1.03459042e+09
 1.03459046e+09 1.03459051e+09 1.03459055e+09 1.03459059e+09
 1.03459064e+09 1.03459068e+09 1.03459072e+09 1.03459076e+09
 1.03459081e+09 1.03459085e+09 1.03459089e+09 1.03459093e+09
 1.03459098e+09 1.03459102e+09 1.03459106e+09 1.03459111e+09
 1.03459115e+09 1.03459119e+09 1.03459123e+09 1.03459128e+09
 1.03459132e+09 1.03459136e+09 1.03459140e+09 1.03459145e+09
 1.03459149e+09 1.03459153e+09 1.03459157e+09 1.03459162e+09
 1.03459166e+09 1.03459170e+09 1.03459175e+09 1.03459179e+09
 1.03459183e+09 1.03459187e+09 1.03459192e+09 1.03459196e+09
 1.03459200e+09 1.03459204e+09 1.03459209e+09 1.03459213e+09
 1.03459217e+09 1.03459221e+09 1.03459226e+09 1.03459230e+09
 1.03459234e+09 1.03459239e+09 1.03459243e+09 1.03459247e+09
 1.03459251e+09 1.03459256e+09 1.03459260e+09 1.03459264e+09
 1.03459268e+09 1.03459273e+09 1.03459277e+09 1.03459281e+09
 1.03459285e+09 1.03459290e+09 1.03459294e+09 1.03459298e+09
 1.03459303e+09 1.03459307e+09 1.03459311e+09 1.03459315e+09
 1.03459320e+09 1.03459324e+09 1.03459328e+09 1.03459332e+09
 1.03459337e+09 1.03459341e+09 1.03459345e+09 1.03459349e+09
 1.03459354e+09 1.03459358e+09 1.03459362e+09 1.03459367e+09
 1.03459371e+09 1.03459375e+09 1.03459379e+09 1.03459384e+09
 1.03459388e+09 1.03459392e+09 1.03459396e+09 1.03459401e+09
 1.03459405e+09 1.03459409e+09 1.03459414e+09 1.03459418e+09
 1.03459422e+09 1.03459426e+09 1.03459431e+09 1.03459435e+09
 1.03459439e+09 1.03459443e+09 1.03459448e+09 1.03459452e+09
 1.03459456e+09 1.03459460e+09 1.03459465e+09 1.03459469e+09
 1.03459473e+09 1.03459478e+09 1.03459482e+09 1.03459486e+09
 1.03459490e+09 1.03459495e+09 1.03459499e+09 1.03459503e+09
 1.03459507e+09 1.03459512e+09 1.03459516e+09 1.03459520e+09
 1.03459524e+09 1.03459529e+09 1.03459533e+09 1.03459537e+09
 1.03459542e+09 1.03459546e+09 1.03459550e+09 1.03459554e+09
 1.03459559e+09 1.03459563e+09 1.03459567e+09 1.03459571e+09
 1.03459576e+09 1.03459580e+09 1.03459584e+09 1.03459588e+09
 1.03459593e+09 1.03459597e+09 1.03459601e+09 1.03459606e+09
 1.03459610e+09 1.03459614e+09 1.03459618e+09 1.03459623e+09
 1.03459627e+09 1.03459631e+09 1.03459635e+09 1.03459640e+09
 1.03459644e+09 1.03459648e+09 1.03459652e+09 1.03459657e+09
 1.03459661e+09 1.03459665e+09 1.03459670e+09 1.03459674e+09
 1.03459678e+09 1.03459682e+09 1.03459687e+09 1.03459691e+09
 1.03459695e+09 1.03459699e+09 1.03459704e+09 1.03459708e+09
 1.03459712e+09 1.03459717e+09 1.03459721e+09 1.03459725e+09
 1.03459729e+09 1.03459734e+09 1.03459738e+09 1.03459742e+09
 1.03459746e+09 1.03459751e+09 1.03459755e+09 1.03459759e+09
 1.03459763e+09 1.03459768e+09 1.03459772e+09 1.03459776e+09
 1.03459781e+09 1.03459785e+09 1.03459789e+09 1.03459793e+09
 1.03459798e+09 1.03459802e+09 1.03459806e+09 1.03459810e+09
 1.03459815e+09 1.03459819e+09 1.03459823e+09 1.03459827e+09
 1.03459832e+09 1.03459836e+09 1.03459840e+09 1.03459845e+09
 1.03459849e+09 1.03459853e+09 1.03459857e+09 1.03459862e+09
 1.03459866e+09 1.03459870e+09 1.03459874e+09 1.03459879e+09
 1.03459883e+09 1.03459887e+09 1.03459891e+09 1.03459896e+09
 1.03459900e+09 1.03459904e+09 1.03459909e+09 1.03459913e+09
 1.03459917e+09 1.03459921e+09 1.03459926e+09 1.03459930e+09
 1.03459934e+09 1.03459938e+09 1.03459943e+09 1.03459947e+09
 1.03459951e+09 1.03459956e+09 1.03459960e+09 1.03459964e+09
 1.03459968e+09 1.03459973e+09 1.03459977e+09 1.03459981e+09
 1.03459985e+09 1.03459990e+09 1.03459994e+09 1.03459998e+09
 1.03460002e+09 1.03460007e+09 1.03460011e+09 1.03460015e+09
 1.03460020e+09 1.03460024e+09 1.03460028e+09 1.03460032e+09
 1.03460037e+09 1.03460041e+09 1.03460045e+09 1.03460049e+09
 1.03460054e+09 1.03460058e+09 1.03460062e+09 1.03460066e+09
 1.03460071e+09 1.03460075e+09 1.03460079e+09 1.03460084e+09
 1.03460088e+09 1.03460092e+09 1.03460096e+09 1.03460101e+09
 1.03460105e+09 1.03460109e+09 1.03460113e+09 1.03460118e+09
 1.03460122e+09 1.03460126e+09 1.03460130e+09 1.03460135e+09
 1.03460139e+09 1.03460143e+09 1.03460148e+09 1.03460152e+09
 1.03460156e+09 1.03460160e+09 1.03460165e+09 1.03460169e+09
 1.03460173e+09 1.03460177e+09 1.03460182e+09 1.03460186e+09
 1.03460190e+09 1.03460194e+09 1.03460199e+09 1.03460203e+09
 1.03460207e+09 1.03460212e+09 1.03460216e+09 1.03460220e+09
 1.03460224e+09 1.03460229e+09 1.03460233e+09 1.03460237e+09
 1.03460241e+09 1.03460246e+09 1.03460250e+09 1.03460254e+09
 1.03460259e+09 1.03460263e+09 1.03460267e+09 1.03460271e+09
 1.03460276e+09 1.03460280e+09 1.03460284e+09 1.03460288e+09
 1.03460293e+09 1.03460297e+09 1.03460301e+09 1.03460305e+09
 1.03460310e+09 1.03460314e+09 1.03460318e+09 1.03460323e+09
 1.03460327e+09 1.03460331e+09 1.03460335e+09 1.03460340e+09
 1.03460344e+09 1.03460348e+09 1.03460352e+09 1.03460357e+09
 1.03460361e+09 1.03460365e+09 1.03460369e+09 1.03460374e+09
 1.03460378e+09 1.03460382e+09 1.03460387e+09 1.03460391e+09
 1.03460395e+09 1.03460399e+09 1.03460404e+09 1.03460408e+09
 1.03460412e+09 1.03460416e+09 1.03460421e+09 1.03460425e+09
 1.03460429e+09 1.03460433e+09 1.03460438e+09 1.03460442e+09
 1.03460446e+09 1.03460451e+09 1.03460455e+09 1.03460459e+09
 1.03460463e+09 1.03460468e+09 1.03460472e+09 1.03460476e+09
 1.03460480e+09 1.03460485e+09 1.03460489e+09 1.03460493e+09
 1.03460497e+09 1.03460502e+09 1.03460506e+09 1.03460510e+09
 1.03460515e+09 1.03460519e+09 1.03460523e+09 1.03460527e+09
 1.03460532e+09 1.03460536e+09 1.03460540e+09 1.03460544e+09
 1.03460549e+09 1.03460553e+09 1.03460557e+09 1.03460562e+09
 1.03460566e+09 1.03460570e+09 1.03460574e+09 1.03460579e+09
 1.03460583e+09 1.03460587e+09 1.03460591e+09 1.03460596e+09
 1.03460600e+09 1.03460604e+09 1.03460608e+09 1.03460613e+09
 1.03460617e+09 1.03460621e+09 1.03460626e+09 1.03460630e+09
 1.03460634e+09 1.03460638e+09 1.03460643e+09 1.03460647e+09
 1.03460651e+09 1.03460655e+09 1.03460660e+09 1.03460664e+09
 1.03460668e+09 1.03460672e+09 1.03460677e+09 1.03460681e+09
 1.03460685e+09 1.03460690e+09 1.03460694e+09 1.03460698e+09
 1.03460702e+09 1.03460707e+09 1.03460711e+09 1.03460715e+09
 1.03460719e+09 1.03460724e+09 1.03460728e+09 1.03460732e+09
 1.03460736e+09 1.03460741e+09 1.03460745e+09 1.03460749e+09
 1.03460754e+09 1.03460758e+09 1.03460762e+09 1.03460766e+09
 1.03460771e+09 1.03460775e+09 1.03460779e+09 1.03460783e+09
 1.03460788e+09 1.03460792e+09 1.03460796e+09 1.03460800e+09
 1.03460805e+09 1.03460809e+09 1.03460813e+09 1.03460818e+09
 1.03460822e+09 1.03460826e+09 1.03460830e+09 1.03460835e+09
 1.03460839e+09 1.03460843e+09 1.03460847e+09 1.03460852e+09
 1.03460856e+09 1.03460860e+09 1.03460865e+09 1.03460869e+09
 1.03460873e+09 1.03460877e+09 1.03460882e+09 1.03460886e+09
 1.03460890e+09 1.03460894e+09 1.03460899e+09 1.03460903e+09
 1.03460907e+09 1.03460911e+09 1.03460916e+09 1.03460920e+09
 1.03460924e+09 1.03460929e+09 1.03460933e+09 1.03460937e+09
 1.03460941e+09 1.03460946e+09 1.03460950e+09 1.03460954e+09
 1.03460958e+09 1.03460963e+09 1.03460967e+09 1.03460971e+09
 1.03460975e+09 1.03460980e+09 1.03460984e+09 1.03460988e+09
 1.03460993e+09 1.03460997e+09 1.03461001e+09 1.03461005e+09
 1.03461010e+09 1.03461014e+09 1.03461018e+09 1.03461022e+09
 1.03461027e+09 1.03461031e+09 1.03461035e+09 1.03461039e+09
 1.03461044e+09 1.03461048e+09 1.03461052e+09 1.03461057e+09
 1.03461061e+09 1.03461065e+09 1.03461069e+09 1.03461074e+09
 1.03461078e+09 1.03461082e+09 1.03461086e+09 1.03461091e+09
 1.03461095e+09 1.03461099e+09 1.03461103e+09 1.03461108e+09
 1.03461112e+09 1.03461116e+09 1.03461121e+09 1.03461125e+09
 1.03461129e+09 1.03461133e+09 1.03461138e+09 1.03461142e+09
 1.03461146e+09 1.03461150e+09 1.03461155e+09 1.03461159e+09
 1.03461163e+09 1.03461168e+09 1.03461172e+09 1.03461176e+09
 1.03461180e+09 1.03461185e+09 1.03461189e+09 1.03461193e+09
 1.03461197e+09 1.03461202e+09 1.03461206e+09 1.03461210e+09
 1.03461214e+09 1.03461219e+09 1.03461223e+09 1.03461227e+09
 1.03461232e+09 1.03461236e+09 1.03461240e+09 1.03461244e+09
 1.03461249e+09 1.03461253e+09 1.03461257e+09 1.03461261e+09
 1.03461266e+09 1.03461270e+09 1.03461274e+09 1.03461278e+09
 1.03461283e+09 1.03461287e+09 1.03461291e+09 1.03461296e+09
 1.03461300e+09 1.03461304e+09 1.03461308e+09 1.03461313e+09
 1.03461317e+09 1.03461321e+09 1.03461325e+09 1.03461330e+09
 1.03461334e+09 1.03461338e+09 1.03461342e+09 1.03461347e+09
 1.03461351e+09 1.03461355e+09 1.03461360e+09 1.03461364e+09
 1.03461368e+09 1.03461372e+09 1.03461377e+09 1.03461381e+09
 1.03461385e+09 1.03461389e+09 1.03461394e+09 1.03461398e+09
 1.03461402e+09 1.03461407e+09 1.03461411e+09 1.03461415e+09
 1.03461419e+09 1.03461424e+09 1.03461428e+09 1.03461432e+09
 1.03461436e+09 1.03461441e+09 1.03461445e+09 1.03461449e+09
 1.03461453e+09 1.03461458e+09 1.03461462e+09 1.03461466e+09
 1.03461471e+09 1.03461475e+09 1.03461479e+09 1.03461483e+09
 1.03461488e+09 1.03461492e+09 1.03461496e+09 1.03461500e+09
 1.03461505e+09 1.03461509e+09 1.03461513e+09 1.03461517e+09
 1.03461522e+09 1.03461526e+09 1.03461530e+09 1.03461535e+09
 1.03461539e+09 1.03461543e+09 1.03461547e+09 1.03461552e+09
 1.03461556e+09 1.03461560e+09 1.03461564e+09 1.03461569e+09
 1.03461573e+09 1.03461577e+09 1.03461581e+09 1.03461586e+09
 1.03461590e+09 1.03461594e+09 1.03461599e+09 1.03461603e+09
 1.03461607e+09 1.03461611e+09 1.03461616e+09 1.03461620e+09
 1.03461624e+09 1.03461628e+09 1.03461633e+09 1.03461637e+09
 1.03461641e+09 1.03461645e+09 1.03461650e+09 1.03461654e+09
 1.03461658e+09 1.03461663e+09 1.03461667e+09 1.03461671e+09
 1.03461675e+09 1.03461680e+09 1.03461684e+09 1.03461688e+09
 1.03461692e+09 1.03461697e+09 1.03461701e+09 1.03461705e+09
 1.03461710e+09 1.03461714e+09 1.03461718e+09 1.03461722e+09
 1.03461727e+09 1.03461731e+09 1.03461735e+09 1.03461739e+09
 1.03461744e+09 1.03461748e+09 1.03461752e+09 1.03461756e+09
 1.03461761e+09 1.03461765e+09 1.03461769e+09 1.03461774e+09
 1.03461778e+09 1.03461782e+09 1.03461786e+09 1.03461791e+09
 1.03461795e+09 1.03461799e+09 1.03461803e+09 1.03461808e+09
 1.03461812e+09 1.03461816e+09 1.03461820e+09 1.03461825e+09
 1.03461829e+09 1.03461833e+09 1.03461838e+09 1.03461842e+09
 1.03461846e+09 1.03461850e+09 1.03461855e+09 1.03461859e+09
 1.03461863e+09 1.03461867e+09 1.03461872e+09 1.03461876e+09
 1.03461880e+09 1.03461884e+09 1.03461889e+09 1.03461893e+09
 1.03461897e+09 1.03461902e+09 1.03461906e+09 1.03461910e+09
 1.03461914e+09 1.03461919e+09 1.03461923e+09 1.03461927e+09
 1.03461931e+09 1.03461936e+09 1.03461940e+09 1.03461944e+09
 1.03461948e+09 1.03461953e+09 1.03461957e+09 1.03461961e+09
 1.03461966e+09 1.03461970e+09 1.03461974e+09 1.03461978e+09
 1.03461983e+09 1.03461987e+09 1.03461991e+09 1.03461995e+09
 1.03462000e+09 1.03462004e+09 1.03462008e+09 1.03462013e+09
 1.03462017e+09 1.03462021e+09 1.03462025e+09 1.03462030e+09
 1.03462034e+09 1.03462038e+09 1.03462042e+09 1.03462047e+09
 1.03462051e+09 1.03462055e+09 1.03462059e+09 1.03462064e+09
 1.03462068e+09 1.03462072e+09 1.03462077e+09 1.03462081e+09
 1.03462085e+09 1.03462089e+09 1.03462094e+09 1.03462098e+09
 1.03462102e+09 1.03462106e+09 1.03462111e+09 1.03462115e+09
 1.03462119e+09 1.03462123e+09 1.03462128e+09 1.03462132e+09
 1.03462136e+09 1.03462141e+09 1.03462145e+09 1.03462149e+09
 1.03462153e+09 1.03462158e+09 1.03462162e+09 1.03462166e+09
 1.03462170e+09 1.03462175e+09 1.03462179e+09 1.03462183e+09
 1.03462187e+09 1.03462192e+09 1.03462196e+09 1.03462200e+09
 1.03462205e+09 1.03462209e+09 1.03462213e+09 1.03462217e+09
 1.03462222e+09 1.03462226e+09 1.03462230e+09 1.03462234e+09
 1.03462239e+09 1.03462243e+09 1.03462247e+09 1.03462251e+09
 1.03462256e+09 1.03462260e+09 1.03462264e+09 1.03462269e+09
 1.03462273e+09 1.03462277e+09 1.03462281e+09 1.03462286e+09
 1.03462290e+09 1.03462294e+09 1.03462298e+09 1.03462303e+09
 1.03462307e+09 1.03462311e+09 1.03462316e+09 1.03462320e+09
 1.03462324e+09 1.03462328e+09 1.03462333e+09 1.03462337e+09
 1.03462341e+09 1.03462345e+09 1.03462350e+09 1.03462354e+09
 1.03462358e+09 1.03462362e+09 1.03462367e+09 1.03462371e+09
 1.03462375e+09 1.03462380e+09 1.03462384e+09 1.03462388e+09
 1.03462392e+09 1.03462397e+09 1.03462401e+09 1.03462405e+09
 1.03462409e+09 1.03462414e+09 1.03462418e+09 1.03462422e+09
 1.03462426e+09 1.03462431e+09 1.03462435e+09 1.03462439e+09
 1.03462444e+09 1.03462448e+09 1.03462452e+09 1.03462456e+09
 1.03462461e+09 1.03462465e+09 1.03462469e+09 1.03462473e+09
 1.03462478e+09 1.03462482e+09 1.03462486e+09 1.03462490e+09
 1.03462495e+09 1.03462499e+09 1.03462503e+09 1.03462508e+09
 1.03462512e+09 1.03462516e+09 1.03462520e+09 1.03462525e+09
 1.03462529e+09 1.03462533e+09 1.03462537e+09 1.03462542e+09
 1.03462546e+09 1.03462550e+09 1.03462554e+09 1.03462559e+09
 1.03462563e+09 1.03462567e+09 1.03462572e+09 1.03462576e+09
 1.03462580e+09 1.03462584e+09 1.03462589e+09 1.03462593e+09
 1.03462597e+09 1.03462601e+09 1.03462606e+09 1.03462610e+09
 1.03462614e+09 1.03462619e+09 1.03462623e+09 1.03462627e+09
 1.03462631e+09 1.03462636e+09 1.03462640e+09 1.03462644e+09
 1.03462648e+09 1.03462653e+09 1.03462657e+09 1.03462661e+09
 1.03462665e+09 1.03462670e+09 1.03462674e+09 1.03462678e+09
 1.03462683e+09 1.03462687e+09 1.03462691e+09 1.03462695e+09
 1.03462700e+09 1.03462704e+09 1.03462708e+09 1.03462712e+09
 1.03462717e+09 1.03462721e+09 1.03462725e+09 1.03462729e+09
 1.03462734e+09 1.03462738e+09 1.03462742e+09 1.03462747e+09
 1.03462751e+09 1.03462755e+09 1.03462759e+09 1.03462764e+09
 1.03462768e+09 1.03462772e+09 1.03462776e+09 1.03462781e+09
 1.03462785e+09 1.03462789e+09 1.03462793e+09 1.03462798e+09
 1.03462802e+09 1.03462806e+09 1.03462811e+09 1.03462815e+09
 1.03462819e+09 1.03462823e+09 1.03462828e+09 1.03462832e+09]
minRes = 0.06315685564573385
minResTime =  [1.03462811e+09]
