name =JUICE_ROI_CAL_4_3_01
flyby =  ['2033 JUL 16 02:11:44', '2033 JUL 17 02:11:44']
Observation TW =  <SpiceCell dtype = 1, length = 0, size = 3400, card = 14, is_set = 1, adjust = 0, init = 1, base = 2554799371776, data = 2554799371824>
Res(t) =  [5.67010133 5.66412514 5.65815004 5.65217604 5.64620314 5.64023133
 5.63426061 5.62829099 5.62232247 5.61635504 5.6103887  5.60442345
 5.5984593  5.59249623 5.58653426 5.58057338 5.5746136  5.5686549
 5.56269729 5.55674077 5.55078534 5.544831   5.53887774 5.53292558
 5.5269745  5.52102451 5.51507561 5.50912779 5.50318105 5.49723541
 5.49129084 5.48534737 5.47940497 5.47346366 5.46752344 5.46158429
 5.45564623 5.44970925 5.44377335 5.43783854 5.4319048  5.42597215
 5.42004057 5.41411007 5.40818066 5.40225232 5.39632506 5.39039888
 5.38447377 5.37854975 5.3726268  5.36670492 5.36078413 5.3548644
 5.34894576 5.34302818 5.33711168 5.33119626 5.32528191 5.31936863
 5.31345643 5.30754529 5.30163523 5.29572624 5.28981832 5.28391148
 5.2780057  5.27210099 5.26619735 5.26029478 5.25439328 5.24849285
 5.24259349 5.23669519 5.23079796 5.2249018  5.2190067  5.21311267
 5.20721971 5.20132781 5.19543697 5.1895472  5.18365849 5.17777085
 5.17188427 5.16599875 5.16011429 5.1542309  5.14834856 5.14246729
 5.13658708 5.13070793 5.12482984 5.11895281 5.11307684 5.10720193
 5.10132807 5.09545527 5.08958353 5.08371285 5.07784323 5.07197466
 5.06610714 5.06024069 5.05437528 5.04851094 5.04264764 5.0367854
 5.03092422 5.02506409 5.01920501 5.01334698 5.00749001 5.00163408
 4.99577921 4.98992539 4.98407262 4.9782209  4.97237023 4.96652061
 4.96067204 4.95482451 4.94897804 4.94313261 4.93728823 4.9314449
 4.92560261 4.91976137 4.91392118 4.90808203 4.90224392 4.89640686
 4.89057085 4.88473588 4.87890195 4.87306907 4.86723723 4.86140643
 4.85557667 4.84974795 4.84392028 4.83809365 4.83226805 4.8264435
 4.82061999 4.81479752 4.80897608 4.80315569 4.79733633 4.79151801
 4.78570073 4.77988448 4.77406927 4.7682551  4.76244196 4.75662986
 4.7508188  4.74500877 4.73919977 4.73339181 4.72758488 4.72177898
 4.71597412 4.71017029 4.70436749 4.69856573 4.69276499 4.68696529
 4.68116662 4.67536897 4.66957236 4.66377678 4.65798222 4.6521887
 4.6463962  4.64060473 4.63481429 4.62902488 4.62323649 4.61744913
 4.6116628  4.60587749 4.6000932  4.59430995 4.58852771 4.5827465
 4.57696632 4.57118716 4.56540902 4.5596319  4.55385581 4.54808074
 4.54230669 4.53653366 4.53076165 4.52499067 4.5192207  4.51345175
 4.50768383 4.50191692 4.49615103 4.49038616 4.48462231 4.47885947
 4.47309765 4.46733685 4.46157707 4.4558183  4.45006055 4.44430381
 4.43854809 4.43279338 4.42703969 4.42128701 4.41553535 4.40978469
 4.40403505 4.39828643 4.39253881 4.38679221 4.38104662 4.37530204
 4.36955847 4.36381591 4.35807436 4.35233382 4.34659429 4.34085577
 4.33511826 4.32938175 4.32364626 4.31791177 4.31217829 4.30644581
 4.30071434 4.29498388 4.28925442 4.28352597 4.27779852 4.27207208
 4.26634664 4.26062221 4.25489878 4.24917635 4.24345492 4.2377345
 4.23201508 4.22629666 4.22057924 4.21486283 4.20914741 4.20343299
 4.19771958 4.19200716 4.18629574 4.18058533 4.17487591 4.16916748
 4.16346006 4.15775363 4.15204821 4.14634377 4.14064034 4.1349379
 4.12923645 4.123536   4.11783655 4.11213809 4.10644062 4.10074415
 4.09504867 4.08935419 4.0836607  4.0779682  4.07227669 4.06658618
 4.06089665 4.05520812 4.04952058 4.04383403 4.03814846 4.03246389
 4.02678031 4.02109772 4.01541611 4.00973549 4.00405587 3.99837722
 3.99269957 3.9870229  3.98134722 3.97567253 3.96999882 3.9643261
 3.95865436 3.95298361 3.94731384 3.94164505 3.93597725 3.93031044
 3.9246446  3.91897975 3.91331588 3.90765299 3.90199109 3.89633017
 3.89067022 3.88501126 3.87935328 3.87369628 3.86804026 3.86238521
 3.85673115 3.85107806 3.84542596 3.83977483 3.83412468 3.8284755
 3.8228273  3.81718008 3.81153384 3.80588857 3.80024428 3.79460096
 3.78895862 3.78331725 3.77767685 3.77203743 3.76639899 3.76076151
 3.75512501 3.74948948 3.74385493 3.73822134 3.73258873 3.72695709
 3.72132641 3.71569671 3.71006798 3.70444022 3.69881343 3.69318761
 3.68756275 3.68193887 3.67631595 3.670694   3.66507302 3.65945301
 3.65383396 3.64821588 3.64259876 3.63698261 3.63136743 3.62575321
 3.62013995 3.61452766 3.60891634 3.60330597 3.59769657 3.59208814
 3.58648067 3.58087415 3.57526861 3.56966402 3.56406039 3.55845773
 3.55285603 3.54725528 3.5416555  3.53605668 3.53045881 3.52486191
 3.51926596 3.51367097 3.50807694 3.50248387 3.49689176 3.4913006
 3.4857104  3.48012116 3.47453287 3.46894554 3.46335916 3.45777374
 3.45218927 3.44660576 3.4410232  3.4354416  3.42986095 3.42428125
 3.4187025  3.41312471 3.40754787 3.40197198 3.39639705 3.39082306
 3.38525003 3.37967794 3.37410681 3.36853663 3.36296739 3.35739911
 3.35183177 3.34626539 3.34069995 3.33513546 3.32957191 3.32400932
 3.31844767 3.31288697 3.30732721 3.3017684  3.29621054 3.29065362
 3.28509765 3.27954262 3.27398854 3.2684354  3.2628832  3.25733195
 3.25178164 3.24623227 3.24068385 3.23513637 3.22958983 3.22404423
 3.21849957 3.21295586 3.20741308 3.20187125 3.19633035 3.1907904
 3.18525138 3.1797133  3.17417617 3.16863997 3.1631047  3.15757038
 3.15203699 3.14650454 3.14097303 3.13544246 3.12991282 3.12438411
 3.11885634 3.11332951 3.10780361 3.10227865 3.09675462 3.09123153
 3.08570936 3.08018814 3.07466784 3.06914848 3.06363005 3.05811255
 3.05259599 3.04708035 3.04156565 3.03605188 3.03053904 3.02502712
 3.01951614 3.01400609 3.00849697 3.00298878 2.99748151 2.99197517
 2.98646977 2.98096529 2.97546173 2.96995911 2.96445741 2.95895664
 2.95345679 2.94795787 2.94245988 2.93696281 2.93146667 2.92597145
 2.92047715 2.91498378 2.90949134 2.90399981 2.89850921 2.89301954
 2.88753078 2.88204295 2.87655604 2.87107005 2.86558499 2.86010084
 2.85461762 2.84913531 2.84365393 2.83817346 2.83269392 2.82721529
 2.82173759 2.8162608  2.81078493 2.80530998 2.79983594 2.79436283
 2.78889063 2.78341935 2.77794898 2.77247953 2.767011   2.76154339
 2.75607668 2.7506109  2.74514603 2.73968207 2.73421903 2.7287569
 2.72329568 2.71783538 2.71237599 2.70691752 2.70145995 2.6960033
 2.69054756 2.68509273 2.67963882 2.67418581 2.66873372 2.66328253
 2.65783226 2.6523829  2.64693444 2.6414869  2.63604026 2.63059453
 2.62514971 2.6197058  2.6142628  2.6088207  2.60337952 2.59793923
 2.59249986 2.58706139 2.58162383 2.57618717 2.57075142 2.56531658
 2.55988264 2.5544496  2.54901747 2.54358624 2.53815592 2.5327265
 2.52729799 2.52187037 2.51644366 2.51101786 2.50559295 2.50016895
 2.49474584 2.48932364 2.48390234 2.47848195 2.47306245 2.46764385
 2.46222615 2.45680935 2.45139346 2.44597846 2.44056436 2.43515115
 2.42973885 2.42432745 2.41891694 2.41350733 2.40809862 2.4026908
 2.39728388 2.39187786 2.38647273 2.3810685  2.37566517 2.37026273
 2.36486118 2.35946053 2.35406078 2.34866192 2.34326395 2.33786688
 2.3324707  2.32707542 2.32168103 2.31628753 2.31089492 2.3055032
 2.30011238 2.29472245 2.28933341 2.28394526 2.27855801 2.27317164
 2.26778617 2.26240158 2.25701788 2.25163508 2.24625316 2.24087214
 2.235492   2.23011275 2.22473439 2.21935692 2.21398033 2.20860463
 2.20322983 2.1978559  2.19248287 2.18711072 2.18173946 2.17636908
 2.1709996  2.16563099 2.16026328 2.15489644 2.1495305  2.14416543
 2.13880126 2.13343796 2.12807556 2.12271403 2.11735339 2.11199363
 2.10663476 2.10127677 2.09591966 2.09056343 2.08520809 2.07985363
 2.07450005 2.06914736 2.06379554 2.05844461 2.05309455 2.04774538
 2.04239709 2.03704968 2.03170315 2.0263575  2.02101273 2.01566884
 2.01032583 2.00498369 1.99964244 1.99430207 1.98896257 1.98362395
 1.97828622 1.97294936 1.96761337 1.96227827 1.95694404 1.95161069
 1.94627822 1.94094662 1.9356159  1.93028606 1.92495709 1.919629
 1.91430179 1.90897545 1.90364999 1.8983254  1.89300169 1.88767886
 1.88235689 1.87703581 1.8717156  1.86639626 1.8610778  1.85576021
 1.8504435  1.84512766 1.83981269 1.8344986  1.82918538 1.82387304
 1.81856157 1.81325097 1.80794124 1.80263239 1.79732441 1.7920173
 1.78671107 1.78140571 1.77610122 1.7707976  1.76549486 1.76019298
 1.75489198 1.74959185 1.74429259 1.73899421 1.73369669 1.72840005
 1.72310428 1.71780938 1.71251535 1.70722219 1.7019299  1.69663849
 1.69134794 1.68605827 1.68076946 1.67548153 1.67019447 1.66490828
 1.65962296 1.65433851 1.64905493 1.64377222 1.63849038 1.63320941
 1.62792932 1.62265009 1.61737173 1.61209425 1.60681763 1.60154189
 1.59626702 1.59099301 1.58571988 1.58044762 1.57517623 1.56990571
 1.56463606 1.55936728 1.55409937 1.54883234 1.54356617 1.53830088
 1.53303645 1.5277729  1.52251022 1.51724841 1.51198748 1.50672741
 1.50146822 1.4962099  1.49095245 1.48569587 1.48044017 1.47518534
 1.46993138 1.4646783  1.45942609 1.45417475 1.44892428 1.44367469
 1.43842598 1.43317814 1.42793117 1.42268508 1.41743986 1.41219552
 1.40695206 1.40170947 1.39646775 1.39122692 1.38598696 1.38074788
 1.37550968 1.37027235 1.3650359  1.35980034 1.35456565 1.34933184
 1.34409891 1.33886687 1.3336357  1.32840542 1.32317602 1.3179475
 1.31271986 1.30749311 1.30226724 1.29704226 1.29181817 1.28659496
 1.28137263 1.2761512  1.27093065 1.26571099 1.26049222 1.25527435
 1.25005736 1.24484126 1.23962606 1.23441175 1.22919834 1.22398582
 1.2187742  1.21356347 1.20835364 1.20314471 1.19793669 1.19272956
 1.18752333 1.18231801 1.17711359 1.17191008 1.16670748 1.16150578
 1.15630499 1.15110511 1.14590615 1.14070809 1.13551096 1.13031473
 1.12511943 1.11992504 1.11473158 1.10953903 1.10434741 1.09915672
 1.09396695 1.08877811 1.0835902  1.07840322 1.07321718 1.06803208
 1.06284791 1.05766468 1.0524824  1.04730106 1.04212066 1.03694122
 1.03176273 1.02658519 1.0214086  1.01623298 1.01105832 1.00588462
 1.00071189 0.99554013 0.99036935 0.98519953 0.9800307  0.97486285
 0.96969599 0.96453011 0.95936523 0.95420134 0.94903846 0.94387657
 0.9387157  0.93355583 0.92839698 0.92323915 0.91808234 0.91292656
 0.90777182 0.90261811 0.89746544 0.89231382 0.88716326 0.88201375
 0.87711743 0.87196748 0.86681857 0.86167071 0.85652389 0.85137814
 0.84623345 0.84108982 0.83594727 0.83080581 0.82566543 0.82052614
 0.81538796 0.81025088 0.80511492 0.79998009 0.79484638 0.78971382
 0.7845824  0.77945214 0.77432305 0.76919513 0.7640684  0.75894286
 0.75381852 0.7486954  0.74357351 0.73845285 0.73333345 0.7282153
 0.72309843 0.71798284 0.71286856 0.70775559 0.70264395 0.69753365
 0.69242471 0.68731714 0.68221097 0.67710621 0.67200287 0.66690098
 0.66180055 0.6567016  0.65160416 0.64650825 0.64141389 0.6363211
 0.6312299  0.62614033 0.62105241 0.61596616 0.61088161 0.6057988
 0.60071775 0.59563849 0.59056107 0.58548551 0.58041184 0.57534012
 0.57027037 0.56520264 0.56013698 0.55507342 0.55001201 0.54495281
 0.53989586 0.53484122 0.52978895 0.5247391  0.51969173 0.51464692
 0.50960473 0.50456522 0.49952849 0.4944946  0.48946364 0.48443569
 0.47941086 0.47438923 0.46937091 0.464356   0.45934462 0.4543369
 0.44933295 0.44433291 0.43933693 0.43434515 0.42935774 0.42437486
 0.41939669 0.41442343 0.40945527 0.40449244 0.39953516 0.39458368
 0.38963826 0.38469919 0.37976675 0.37484128 0.36992311 0.36501261
 0.36011018 0.35521625 0.35033127 0.34545573 0.34059018 0.33573519
 0.33089139 0.32605945 0.32124012 0.31643419 0.31164254 0.30686612
 0.302106   0.29736331 0.29263931 0.2879354  0.28325311 0.27859414
 0.27396039 0.26935394 0.26477715 0.26023265 0.25572337 0.25125266
 0.24682428 0.24244251 0.23811224 0.23383907 0.22962948 0.22549094
 0.22143219 0.21746347 0.2135969  0.2098469 ]
t =  [1.05836477e+09 1.05836482e+09 1.05836486e+09 1.05836490e+09
 1.05836494e+09 1.05836498e+09 1.05836502e+09 1.05836507e+09
 1.05836511e+09 1.05836515e+09 1.05836519e+09 1.05836523e+09
 1.05836528e+09 1.05836532e+09 1.05836536e+09 1.05836540e+09
 1.05836544e+09 1.05836548e+09 1.05836553e+09 1.05836557e+09
 1.05836561e+09 1.05836565e+09 1.05836569e+09 1.05836574e+09
 1.05836578e+09 1.05836582e+09 1.05836586e+09 1.05836590e+09
 1.05836594e+09 1.05836599e+09 1.05836603e+09 1.05836607e+09
 1.05836611e+09 1.05836615e+09 1.05836620e+09 1.05836624e+09
 1.05836628e+09 1.05836632e+09 1.05836636e+09 1.05836640e+09
 1.05836645e+09 1.05836649e+09 1.05836653e+09 1.05836657e+09
 1.05836661e+09 1.05836666e+09 1.05836670e+09 1.05836674e+09
 1.05836678e+09 1.05836682e+09 1.05836686e+09 1.05836691e+09
 1.05836695e+09 1.05836699e+09 1.05836703e+09 1.05836707e+09
 1.05836712e+09 1.05836716e+09 1.05836720e+09 1.05836724e+09
 1.05836728e+09 1.05836732e+09 1.05836737e+09 1.05836741e+09
 1.05836745e+09 1.05836749e+09 1.05836753e+09 1.05836758e+09
 1.05836762e+09 1.05836766e+09 1.05836770e+09 1.05836774e+09
 1.05836779e+09 1.05836783e+09 1.05836787e+09 1.05836791e+09
 1.05836795e+09 1.05836799e+09 1.05836804e+09 1.05836808e+09
 1.05836812e+09 1.05836816e+09 1.05836820e+09 1.05836825e+09
 1.05836829e+09 1.05836833e+09 1.05836837e+09 1.05836841e+09
 1.05836845e+09 1.05836850e+09 1.05836854e+09 1.05836858e+09
 1.05836862e+09 1.05836866e+09 1.05836871e+09 1.05836875e+09
 1.05836879e+09 1.05836883e+09 1.05836887e+09 1.05836891e+09
 1.05836896e+09 1.05836900e+09 1.05836904e+09 1.05836908e+09
 1.05836912e+09 1.05836917e+09 1.05836921e+09 1.05836925e+09
 1.05836929e+09 1.05836933e+09 1.05836937e+09 1.05836942e+09
 1.05836946e+09 1.05836950e+09 1.05836954e+09 1.05836958e+09
 1.05836963e+09 1.05836967e+09 1.05836971e+09 1.05836975e+09
 1.05836979e+09 1.05836983e+09 1.05836988e+09 1.05836992e+09
 1.05836996e+09 1.05837000e+09 1.05837004e+09 1.05837009e+09
 1.05837013e+09 1.05837017e+09 1.05837021e+09 1.05837025e+09
 1.05837029e+09 1.05837034e+09 1.05837038e+09 1.05837042e+09
 1.05837046e+09 1.05837050e+09 1.05837055e+09 1.05837059e+09
 1.05837063e+09 1.05837067e+09 1.05837071e+09 1.05837076e+09
 1.05837080e+09 1.05837084e+09 1.05837088e+09 1.05837092e+09
 1.05837096e+09 1.05837101e+09 1.05837105e+09 1.05837109e+09
 1.05837113e+09 1.05837117e+09 1.05837122e+09 1.05837126e+09
 1.05837130e+09 1.05837134e+09 1.05837138e+09 1.05837142e+09
 1.05837147e+09 1.05837151e+09 1.05837155e+09 1.05837159e+09
 1.05837163e+09 1.05837168e+09 1.05837172e+09 1.05837176e+09
 1.05837180e+09 1.05837184e+09 1.05837188e+09 1.05837193e+09
 1.05837197e+09 1.05837201e+09 1.05837205e+09 1.05837209e+09
 1.05837214e+09 1.05837218e+09 1.05837222e+09 1.05837226e+09
 1.05837230e+09 1.05837234e+09 1.05837239e+09 1.05837243e+09
 1.05837247e+09 1.05837251e+09 1.05837255e+09 1.05837260e+09
 1.05837264e+09 1.05837268e+09 1.05837272e+09 1.05837276e+09
 1.05837280e+09 1.05837285e+09 1.05837289e+09 1.05837293e+09
 1.05837297e+09 1.05837301e+09 1.05837306e+09 1.05837310e+09
 1.05837314e+09 1.05837318e+09 1.05837322e+09 1.05837327e+09
 1.05837331e+09 1.05837335e+09 1.05837339e+09 1.05837343e+09
 1.05837347e+09 1.05837352e+09 1.05837356e+09 1.05837360e+09
 1.05837364e+09 1.05837368e+09 1.05837373e+09 1.05837377e+09
 1.05837381e+09 1.05837385e+09 1.05837389e+09 1.05837393e+09
 1.05837398e+09 1.05837402e+09 1.05837406e+09 1.05837410e+09
 1.05837414e+09 1.05837419e+09 1.05837423e+09 1.05837427e+09
 1.05837431e+09 1.05837435e+09 1.05837439e+09 1.05837444e+09
 1.05837448e+09 1.05837452e+09 1.05837456e+09 1.05837460e+09
 1.05837465e+09 1.05837469e+09 1.05837473e+09 1.05837477e+09
 1.05837481e+09 1.05837485e+09 1.05837490e+09 1.05837494e+09
 1.05837498e+09 1.05837502e+09 1.05837506e+09 1.05837511e+09
 1.05837515e+09 1.05837519e+09 1.05837523e+09 1.05837527e+09
 1.05837531e+09 1.05837536e+09 1.05837540e+09 1.05837544e+09
 1.05837548e+09 1.05837552e+09 1.05837557e+09 1.05837561e+09
 1.05837565e+09 1.05837569e+09 1.05837573e+09 1.05837577e+09
 1.05837582e+09 1.05837586e+09 1.05837590e+09 1.05837594e+09
 1.05837598e+09 1.05837603e+09 1.05837607e+09 1.05837611e+09
 1.05837615e+09 1.05837619e+09 1.05837624e+09 1.05837628e+09
 1.05837632e+09 1.05837636e+09 1.05837640e+09 1.05837644e+09
 1.05837649e+09 1.05837653e+09 1.05837657e+09 1.05837661e+09
 1.05837665e+09 1.05837670e+09 1.05837674e+09 1.05837678e+09
 1.05837682e+09 1.05837686e+09 1.05837690e+09 1.05837695e+09
 1.05837699e+09 1.05837703e+09 1.05837707e+09 1.05837711e+09
 1.05837716e+09 1.05837720e+09 1.05837724e+09 1.05837728e+09
 1.05837732e+09 1.05837736e+09 1.05837741e+09 1.05837745e+09
 1.05837749e+09 1.05837753e+09 1.05837757e+09 1.05837762e+09
 1.05837766e+09 1.05837770e+09 1.05837774e+09 1.05837778e+09
 1.05837782e+09 1.05837787e+09 1.05837791e+09 1.05837795e+09
 1.05837799e+09 1.05837803e+09 1.05837808e+09 1.05837812e+09
 1.05837816e+09 1.05837820e+09 1.05837824e+09 1.05837828e+09
 1.05837833e+09 1.05837837e+09 1.05837841e+09 1.05837845e+09
 1.05837849e+09 1.05837854e+09 1.05837858e+09 1.05837862e+09
 1.05837866e+09 1.05837870e+09 1.05837875e+09 1.05837879e+09
 1.05837883e+09 1.05837887e+09 1.05837891e+09 1.05837895e+09
 1.05837900e+09 1.05837904e+09 1.05837908e+09 1.05837912e+09
 1.05837916e+09 1.05837921e+09 1.05837925e+09 1.05837929e+09
 1.05837933e+09 1.05837937e+09 1.05837941e+09 1.05837946e+09
 1.05837950e+09 1.05837954e+09 1.05837958e+09 1.05837962e+09
 1.05837967e+09 1.05837971e+09 1.05837975e+09 1.05837979e+09
 1.05837983e+09 1.05837987e+09 1.05837992e+09 1.05837996e+09
 1.05838000e+09 1.05838004e+09 1.05838008e+09 1.05838013e+09
 1.05838017e+09 1.05838021e+09 1.05838025e+09 1.05838029e+09
 1.05838033e+09 1.05838038e+09 1.05838042e+09 1.05838046e+09
 1.05838050e+09 1.05838054e+09 1.05838059e+09 1.05838063e+09
 1.05838067e+09 1.05838071e+09 1.05838075e+09 1.05838079e+09
 1.05838084e+09 1.05838088e+09 1.05838092e+09 1.05838096e+09
 1.05838100e+09 1.05838105e+09 1.05838109e+09 1.05838113e+09
 1.05838117e+09 1.05838121e+09 1.05838125e+09 1.05838130e+09
 1.05838134e+09 1.05838138e+09 1.05838142e+09 1.05838146e+09
 1.05838151e+09 1.05838155e+09 1.05838159e+09 1.05838163e+09
 1.05838167e+09 1.05838172e+09 1.05838176e+09 1.05838180e+09
 1.05838184e+09 1.05838188e+09 1.05838192e+09 1.05838197e+09
 1.05838201e+09 1.05838205e+09 1.05838209e+09 1.05838213e+09
 1.05838218e+09 1.05838222e+09 1.05838226e+09 1.05838230e+09
 1.05838234e+09 1.05838238e+09 1.05838243e+09 1.05838247e+09
 1.05838251e+09 1.05838255e+09 1.05838259e+09 1.05838264e+09
 1.05838268e+09 1.05838272e+09 1.05838276e+09 1.05838280e+09
 1.05838284e+09 1.05838289e+09 1.05838293e+09 1.05838297e+09
 1.05838301e+09 1.05838305e+09 1.05838310e+09 1.05838314e+09
 1.05838318e+09 1.05838322e+09 1.05838326e+09 1.05838330e+09
 1.05838335e+09 1.05838339e+09 1.05838343e+09 1.05838347e+09
 1.05838351e+09 1.05838356e+09 1.05838360e+09 1.05838364e+09
 1.05838368e+09 1.05838372e+09 1.05838376e+09 1.05838381e+09
 1.05838385e+09 1.05838389e+09 1.05838393e+09 1.05838397e+09
 1.05838402e+09 1.05838406e+09 1.05838410e+09 1.05838414e+09
 1.05838418e+09 1.05838422e+09 1.05838427e+09 1.05838431e+09
 1.05838435e+09 1.05838439e+09 1.05838443e+09 1.05838448e+09
 1.05838452e+09 1.05838456e+09 1.05838460e+09 1.05838464e+09
 1.05838469e+09 1.05838473e+09 1.05838477e+09 1.05838481e+09
 1.05838485e+09 1.05838489e+09 1.05838494e+09 1.05838498e+09
 1.05838502e+09 1.05838506e+09 1.05838510e+09 1.05838515e+09
 1.05838519e+09 1.05838523e+09 1.05838527e+09 1.05838531e+09
 1.05838535e+09 1.05838540e+09 1.05838544e+09 1.05838548e+09
 1.05838552e+09 1.05838556e+09 1.05838561e+09 1.05838565e+09
 1.05838569e+09 1.05838573e+09 1.05838577e+09 1.05838581e+09
 1.05838586e+09 1.05838590e+09 1.05838594e+09 1.05838598e+09
 1.05838602e+09 1.05838607e+09 1.05838611e+09 1.05838615e+09
 1.05838619e+09 1.05838623e+09 1.05838627e+09 1.05838632e+09
 1.05838636e+09 1.05838640e+09 1.05838644e+09 1.05838648e+09
 1.05838653e+09 1.05838657e+09 1.05838661e+09 1.05838665e+09
 1.05838669e+09 1.05838673e+09 1.05838678e+09 1.05838682e+09
 1.05838686e+09 1.05838690e+09 1.05838694e+09 1.05838699e+09
 1.05838703e+09 1.05838707e+09 1.05838711e+09 1.05838715e+09
 1.05838720e+09 1.05838724e+09 1.05838728e+09 1.05838732e+09
 1.05838736e+09 1.05838740e+09 1.05838745e+09 1.05838749e+09
 1.05838753e+09 1.05838757e+09 1.05838761e+09 1.05838766e+09
 1.05838770e+09 1.05838774e+09 1.05838778e+09 1.05838782e+09
 1.05838786e+09 1.05838791e+09 1.05838795e+09 1.05838799e+09
 1.05838803e+09 1.05838807e+09 1.05838812e+09 1.05838816e+09
 1.05838820e+09 1.05838824e+09 1.05838828e+09 1.05838832e+09
 1.05838837e+09 1.05838841e+09 1.05838845e+09 1.05838849e+09
 1.05838853e+09 1.05838858e+09 1.05838862e+09 1.05838866e+09
 1.05838870e+09 1.05838874e+09 1.05838878e+09 1.05838883e+09
 1.05838887e+09 1.05838891e+09 1.05838895e+09 1.05838899e+09
 1.05838904e+09 1.05838908e+09 1.05838912e+09 1.05838916e+09
 1.05838920e+09 1.05838924e+09 1.05838929e+09 1.05838933e+09
 1.05838937e+09 1.05838941e+09 1.05838945e+09 1.05838950e+09
 1.05838954e+09 1.05838958e+09 1.05838962e+09 1.05838966e+09
 1.05838970e+09 1.05838975e+09 1.05838979e+09 1.05838983e+09
 1.05838987e+09 1.05838991e+09 1.05838996e+09 1.05839000e+09
 1.05839004e+09 1.05839008e+09 1.05839012e+09 1.05839017e+09
 1.05839021e+09 1.05839025e+09 1.05839029e+09 1.05839033e+09
 1.05839037e+09 1.05839042e+09 1.05839046e+09 1.05839050e+09
 1.05839054e+09 1.05839058e+09 1.05839063e+09 1.05839067e+09
 1.05839071e+09 1.05839075e+09 1.05839079e+09 1.05839083e+09
 1.05839088e+09 1.05839092e+09 1.05839096e+09 1.05839100e+09
 1.05839104e+09 1.05839109e+09 1.05839113e+09 1.05839117e+09
 1.05839121e+09 1.05839125e+09 1.05839129e+09 1.05839134e+09
 1.05839138e+09 1.05839142e+09 1.05839146e+09 1.05839150e+09
 1.05839155e+09 1.05839159e+09 1.05839163e+09 1.05839167e+09
 1.05839171e+09 1.05839175e+09 1.05839180e+09 1.05839184e+09
 1.05839188e+09 1.05839192e+09 1.05839196e+09 1.05839201e+09
 1.05839205e+09 1.05839209e+09 1.05839213e+09 1.05839217e+09
 1.05839221e+09 1.05839226e+09 1.05839230e+09 1.05839234e+09
 1.05839238e+09 1.05839242e+09 1.05839247e+09 1.05839251e+09
 1.05839255e+09 1.05839259e+09 1.05839263e+09 1.05839268e+09
 1.05839272e+09 1.05839276e+09 1.05839280e+09 1.05839284e+09
 1.05839288e+09 1.05839293e+09 1.05839297e+09 1.05839301e+09
 1.05839305e+09 1.05839309e+09 1.05839314e+09 1.05839318e+09
 1.05839322e+09 1.05839326e+09 1.05839330e+09 1.05839334e+09
 1.05839339e+09 1.05839343e+09 1.05839347e+09 1.05839351e+09
 1.05839355e+09 1.05839360e+09 1.05839364e+09 1.05839368e+09
 1.05839372e+09 1.05839376e+09 1.05839380e+09 1.05839385e+09
 1.05839389e+09 1.05839393e+09 1.05839397e+09 1.05839401e+09
 1.05839406e+09 1.05839410e+09 1.05839414e+09 1.05839418e+09
 1.05839422e+09 1.05839426e+09 1.05839431e+09 1.05839435e+09
 1.05839439e+09 1.05839443e+09 1.05839447e+09 1.05839452e+09
 1.05839456e+09 1.05839460e+09 1.05839464e+09 1.05839468e+09
 1.05839472e+09 1.05839477e+09 1.05839481e+09 1.05839485e+09
 1.05839489e+09 1.05839493e+09 1.05839498e+09 1.05839502e+09
 1.05839506e+09 1.05839510e+09 1.05839514e+09 1.05839518e+09
 1.05839523e+09 1.05839527e+09 1.05839531e+09 1.05839535e+09
 1.05839539e+09 1.05839544e+09 1.05839548e+09 1.05839552e+09
 1.05839556e+09 1.05839560e+09 1.05839565e+09 1.05839569e+09
 1.05839573e+09 1.05839577e+09 1.05839581e+09 1.05839585e+09
 1.05839590e+09 1.05839594e+09 1.05839598e+09 1.05839602e+09
 1.05839606e+09 1.05839611e+09 1.05839615e+09 1.05839619e+09
 1.05839623e+09 1.05839627e+09 1.05839631e+09 1.05839636e+09
 1.05839640e+09 1.05839644e+09 1.05839648e+09 1.05839652e+09
 1.05839657e+09 1.05839661e+09 1.05839665e+09 1.05839669e+09
 1.05839673e+09 1.05839677e+09 1.05839682e+09 1.05839686e+09
 1.05839690e+09 1.05839694e+09 1.05839698e+09 1.05839703e+09
 1.05839707e+09 1.05839711e+09 1.05839715e+09 1.05839719e+09
 1.05839723e+09 1.05839728e+09 1.05839732e+09 1.05839736e+09
 1.05839740e+09 1.05839744e+09 1.05839749e+09 1.05839753e+09
 1.05839757e+09 1.05839761e+09 1.05839765e+09 1.05839769e+09
 1.05839774e+09 1.05839778e+09 1.05839782e+09 1.05839786e+09
 1.05839790e+09 1.05839795e+09 1.05839799e+09 1.05839803e+09
 1.05839807e+09 1.05839811e+09 1.05839815e+09 1.05839820e+09
 1.05839824e+09 1.05839828e+09 1.05839832e+09 1.05839836e+09
 1.05839841e+09 1.05839845e+09 1.05839849e+09 1.05839853e+09
 1.05839857e+09 1.05839862e+09 1.05839866e+09 1.05839870e+09
 1.05839874e+09 1.05839878e+09 1.05839882e+09 1.05839887e+09
 1.05839891e+09 1.05839895e+09 1.05839899e+09 1.05839903e+09
 1.05839908e+09 1.05839912e+09 1.05839916e+09 1.05839920e+09
 1.05839924e+09 1.05839928e+09 1.05839933e+09 1.05839937e+09
 1.05839941e+09 1.05839945e+09 1.05839949e+09 1.05839954e+09
 1.05839958e+09 1.05839962e+09 1.05839966e+09 1.05839970e+09
 1.05839974e+09 1.05839979e+09 1.05839983e+09 1.05839987e+09
 1.05839991e+09 1.05839995e+09 1.05840000e+09 1.05840004e+09
 1.05840008e+09 1.05840012e+09 1.05840016e+09 1.05840020e+09
 1.05840025e+09 1.05840029e+09 1.05840033e+09 1.05840037e+09
 1.05840041e+09 1.05840046e+09 1.05840050e+09 1.05840054e+09
 1.05840058e+09 1.05840062e+09 1.05840066e+09 1.05840071e+09
 1.05840075e+09 1.05840079e+09 1.05840083e+09 1.05840087e+09
 1.05840092e+09 1.05840096e+09 1.05840100e+09 1.05840104e+09
 1.05840108e+09 1.05840113e+09 1.05840117e+09 1.05840121e+09
 1.05840125e+09 1.05840129e+09 1.05840133e+09 1.05840138e+09
 1.05840142e+09 1.05840146e+09 1.05840150e+09 1.05840154e+09
 1.05840159e+09 1.05840163e+09 1.05840167e+09 1.05840171e+09
 1.05840175e+09 1.05840179e+09 1.05840184e+09 1.05840188e+09
 1.05840192e+09 1.05840196e+09 1.05840200e+09 1.05840205e+09
 1.05840209e+09 1.05840213e+09 1.05840217e+09 1.05840221e+09
 1.05840225e+09 1.05840230e+09 1.05840234e+09 1.05840238e+09
 1.05840242e+09 1.05840246e+09 1.05840251e+09 1.05840255e+09
 1.05840259e+09 1.05840263e+09 1.05840267e+09 1.05840271e+09
 1.05840276e+09 1.05840280e+09 1.05840284e+09 1.05840288e+09
 1.05840292e+09 1.05840297e+09 1.05840301e+09 1.05840305e+09
 1.05840309e+09 1.05840313e+09 1.05840317e+09 1.05840322e+09
 1.05840326e+09 1.05840330e+09 1.05840334e+09 1.05840338e+09
 1.05840343e+09 1.05840347e+09 1.05840351e+09 1.05840355e+09
 1.05840359e+09 1.05840363e+09 1.05840368e+09 1.05840372e+09
 1.05840376e+09 1.05840380e+09 1.05840384e+09 1.05840389e+09
 1.05840393e+09 1.05840397e+09 1.05840401e+09 1.05840405e+09
 1.05840410e+09 1.05840414e+09 1.05840418e+09 1.05840422e+09
 1.05840426e+09 1.05840430e+09 1.05840435e+09 1.05840439e+09
 1.05840443e+09 1.05840447e+09 1.05840451e+09 1.05840456e+09
 1.05840460e+09 1.05840464e+09 1.05840468e+09 1.05840472e+09
 1.05840476e+09 1.05840481e+09 1.05840485e+09 1.05840489e+09
 1.05840493e+09 1.05840497e+09 1.05840502e+09 1.05840506e+09
 1.05840510e+09 1.05840514e+09 1.05840518e+09 1.05840522e+09
 1.05840527e+09 1.05840531e+09 1.05840535e+09 1.05840539e+09
 1.05840543e+09 1.05840548e+09 1.05840552e+09 1.05840556e+09
 1.05840560e+09 1.05840564e+09 1.05840568e+09 1.05840573e+09
 1.05840577e+09 1.05840581e+09 1.05840585e+09 1.05840589e+09
 1.05840594e+09 1.05840598e+09 1.05840602e+09 1.05840606e+09
 1.05840610e+09 1.05840614e+09 1.05840619e+09 1.05840623e+09
 1.05840627e+09 1.05840631e+09 1.05840635e+09 1.05840640e+09
 1.05840644e+09 1.05840648e+09 1.05840652e+09 1.05840656e+09]
minRes = 0.20984690352873234
minResTime =  [1.05840656e+09]
