name =JUICE_ROI_CAL_4_3_10
flyby =  ['2032 AUG 14 10:09:17', '2032 AUG 15 10:09:17']
Observation TW =  <SpiceCell dtype = 1, length = 0, size = 3400, card = 14, is_set = 1, adjust = 0, init = 1, base = 2554799706128, data = 2554799706176>
Res(t) =  [5.84587587 5.84390443 5.84193281 5.83996099 5.83798899 5.8360168
 5.83404442 5.83207185 5.83009909 5.82812615 5.82615301 5.82417968
 5.82220617 5.82023247 5.81825857 5.81628449 5.81431022 5.81233576
 5.8103611  5.80838626 5.80641123 5.80443601 5.8024606  5.80048499
 5.7985092  5.79653322 5.79455704 5.79258068 5.79060412 5.78862737
 5.78665044 5.78467331 5.78269599 5.78071848 5.77874078 5.77676288
 5.7747848  5.77280652 5.77082805 5.76884939 5.76687054 5.76489149
 5.76291225 5.76093283 5.7589532  5.75697339 5.75499338 5.75301318
 5.75103279 5.74905221 5.74707143 5.74509046 5.7431093  5.74112794
 5.73914639 5.73716465 5.73518271 5.73320058 5.73121825 5.72923573
 5.72725302 5.72527012 5.72328702 5.72130372 5.71932023 5.71733655
 5.71535267 5.7133686  5.71138434 5.70939987 5.70741522 5.70543037
 5.70344532 5.70146008 5.69947464 5.69748901 5.69550318 5.69351716
 5.69153094 5.68954453 5.68755792 5.68557111 5.68358411 5.68159691
 5.67960952 5.67762193 5.67563414 5.67364616 5.67165798 5.6696696
 5.66768103 5.66569226 5.66370329 5.66171412 5.65972476 5.6577352
 5.65574545 5.65375549 5.65176534 5.64977499 5.64778445 5.6457937
 5.64380276 5.64181162 5.63982028 5.63782874 5.63583701 5.63384507
 5.63185294 5.62986061 5.62786808 5.62587535 5.62388242 5.6218893
 5.61989597 5.61790244 5.61590872 5.6139148  5.61192067 5.60992635
 5.60793183 5.6059371  5.60394218 5.60194706 5.59995174 5.59795621
 5.59596049 5.59396457 5.59196844 5.58997212 5.58797559 5.58597887
 5.58398194 5.58198481 5.57998748 5.57798995 5.57599222 5.57399429
 5.57199615 5.56999782 5.56799928 5.56600054 5.5640016  5.56200245
 5.56000311 5.55800356 5.55600381 5.55400386 5.5520037  5.55000334
 5.54800278 5.54600202 5.54400105 5.54199988 5.53999851 5.53799694
 5.53599516 5.53399318 5.53199099 5.5299886  5.52798601 5.52598321
 5.52398021 5.52197701 5.5199736  5.51796999 5.51596617 5.51396215
 5.51195793 5.5099535  5.50794886 5.50594402 5.50393898 5.50193373
 5.49992827 5.49792261 5.49591675 5.49391068 5.4919044  5.48989792
 5.48789124 5.48588434 5.48387724 5.48186994 5.47986243 5.47785471
 5.47584679 5.47383866 5.47183033 5.46982178 5.46781304 5.46580408
 5.46379492 5.46178555 5.45977597 5.45776619 5.4557562  5.453746
 5.45173559 5.44972498 5.44771416 5.44570313 5.4436919  5.44168045
 5.4396688  5.43765694 5.43564487 5.4336326  5.43162011 5.42960742
 5.42759451 5.4255814  5.42356808 5.42155455 5.41954082 5.41752687
 5.41551271 5.41349835 5.41148377 5.40946899 5.40745399 5.40543879
 5.40342338 5.40140775 5.39939192 5.39737587 5.39535962 5.39334316
 5.39132648 5.3893096  5.3872925  5.38527519 5.38325768 5.38123995
 5.37922201 5.37720386 5.3751855  5.37316692 5.37114814 5.36912914
 5.36710993 5.36509051 5.36307088 5.36105104 5.35903099 5.35701072
 5.35499024 5.35296955 5.35094864 5.34892753 5.3469062  5.34488465
 5.3428629  5.34084093 5.33881875 5.33679636 5.33477375 5.33275093
 5.33072789 5.32870465 5.32668119 5.32465751 5.32263362 5.32060952
 5.3185852  5.31656067 5.31453593 5.31251097 5.3104858  5.30846041
 5.3064348  5.30440899 5.30238295 5.30035671 5.29833024 5.29630357
 5.29427667 5.29224957 5.29022224 5.2881947  5.28616695 5.28413898
 5.28211079 5.28008239 5.27805377 5.27602494 5.27399589 5.27196662
 5.26993714 5.26790744 5.26587752 5.26384739 5.26181704 5.25978648
 5.25775569 5.25572469 5.25369347 5.25166204 5.24963039 5.24759851
 5.24556643 5.24353412 5.2415016  5.23946886 5.2374359  5.23540272
 5.23336932 5.23133571 5.22930188 5.22726783 5.22523356 5.22319907
 5.22116436 5.21912944 5.21709429 5.21505893 5.21302334 5.21098754
 5.20895152 5.20691528 5.20487882 5.20284214 5.20080523 5.19876811
 5.19673077 5.19469321 5.19265543 5.19061743 5.18857921 5.18654077
 5.1845021  5.18246322 5.18042412 5.17838479 5.17634524 5.17430548
 5.17226549 5.17022528 5.16818485 5.16614419 5.16410332 5.16206222
 5.16002091 5.15797937 5.1559376  5.15389562 5.15185341 5.14981099
 5.14776833 5.14572546 5.14368237 5.14163905 5.1395955  5.13755174
 5.13550775 5.13346354 5.13141911 5.12937445 5.12732957 5.12528447
 5.12323914 5.12119359 5.11914781 5.11710181 5.11505559 5.11300914
 5.11096247 5.10891558 5.10686846 5.10482111 5.10277354 5.10072575
 5.09867773 5.09662949 5.09458102 5.09253233 5.09048341 5.08843426
 5.0863849  5.0843353  5.08228548 5.08023543 5.07818516 5.07613466
 5.07408394 5.07203299 5.06998182 5.06793041 5.06587878 5.06382693
 5.06177485 5.05972254 5.05767    5.05561724 5.05356425 5.05151104
 5.04945759 5.04740392 5.04535003 5.0432959  5.04124155 5.03918697
 5.03713216 5.03507712 5.03302186 5.03096637 5.02891065 5.0268547
 5.02479852 5.02274212 5.02068548 5.01862862 5.01657153 5.01451421
 5.01245666 5.01039888 5.00834088 5.00628264 5.00422418 5.00216548
 5.00010656 4.9980474  4.99598802 4.9939284  4.99186856 4.98980849
 4.98774818 4.98568765 4.98362689 4.98156589 4.97950467 4.97744321
 4.97538152 4.97331961 4.97125746 4.96919508 4.96713247 4.96506963
 4.96300656 4.96094325 4.95887972 4.95681595 4.95475195 4.95268772
 4.95062326 4.94855857 4.94649364 4.94442848 4.94236309 4.94029747
 4.93823161 4.93616553 4.93409921 4.93203265 4.92996587 4.92789885
 4.9258316  4.92376411 4.92169639 4.91962844 4.91756026 4.91549184
 4.91342319 4.9113543  4.90928518 4.90721583 4.90514624 4.90307642
 4.90100636 4.89893607 4.89686555 4.89479479 4.8927238  4.89065257
 4.88858111 4.88650941 4.88443748 4.88236531 4.88029291 4.87822027
 4.8761474  4.87407429 4.87200095 4.86992737 4.86785355 4.8657795
 4.86370521 4.86163069 4.85955593 4.85748094 4.85540571 4.85333024
 4.85125454 4.8491786  4.84710242 4.845026   4.84294935 4.84087247
 4.83879534 4.83671798 4.83464038 4.83256255 4.83048447 4.82840616
 4.82632761 4.82424883 4.8221698  4.82009054 4.81801104 4.8159313
 4.81385133 4.81177111 4.80969066 4.80760997 4.80552904 4.80344787
 4.80136647 4.79928482 4.79720294 4.79512081 4.79303845 4.79095585
 4.78887301 4.78678993 4.78470661 4.78262305 4.78053925 4.77845521
 4.77637094 4.77428642 4.77220166 4.77011666 4.76803142 4.76594594
 4.76386023 4.76177427 4.75968807 4.75760163 4.75551495 4.75342802
 4.75134086 4.74925346 4.74716581 4.74507793 4.7429898  4.74090143
 4.73881282 4.73672397 4.73463488 4.73254554 4.73045597 4.72836615
 4.72627609 4.72418579 4.72209524 4.72000445 4.71791343 4.71582215
 4.71373064 4.71163888 4.70954688 4.70745464 4.70536216 4.70326943
 4.70117646 4.69908324 4.69698979 4.69489609 4.69280214 4.69070796
 4.68861353 4.68651885 4.68442393 4.68232877 4.68023336 4.67813771
 4.67604182 4.67394568 4.6718493  4.66975267 4.6676558  4.66555868
 4.66346132 4.66136372 4.65926587 4.65716777 4.65506943 4.65297085
 4.65087202 4.64877295 4.64667362 4.64457406 4.64247425 4.64037419
 4.63827389 4.63617334 4.63407255 4.63197151 4.62987022 4.62776869
 4.62566691 4.62356489 4.62146262 4.6193601  4.61725733 4.61515432
 4.61305107 4.61094756 4.60884381 4.60673982 4.60463557 4.60253108
 4.60042634 4.59832136 4.59621613 4.59411064 4.59200492 4.58989894
 4.58779272 4.58568625 4.58357953 4.58147256 4.57936535 4.57725789
 4.57515018 4.57304222 4.57093401 4.56882555 4.56671685 4.5646079
 4.5624987  4.56038925 4.55827955 4.5561696  4.55405941 4.55194896
 4.54983827 4.54772732 4.54561613 4.54350469 4.541393   4.53928106
 4.53716886 4.53505642 4.53294373 4.53083079 4.5287176  4.52660417
 4.52449048 4.52237654 4.52026235 4.51814791 4.51603322 4.51391827
 4.51180308 4.50968764 4.50757195 4.505456   4.50333981 4.50122337
 4.49910667 4.49698972 4.49487252 4.49275508 4.49063737 4.48851942
 4.48640122 4.48428276 4.48216406 4.4800451  4.47792589 4.47580643
 4.47368672 4.47156675 4.46944653 4.46732607 4.46520534 4.46308437
 4.46096314 4.45884167 4.45671994 4.45459795 4.45247572 4.45035323
 4.44823049 4.44610749 4.44398425 4.44186075 4.439737   4.43761299
 4.43548873 4.43336422 4.43123945 4.42911444 4.42698916 4.42486364
 4.42273786 4.42061183 4.41848554 4.416359   4.41423221 4.41210516
 4.40997786 4.4078503  4.40572249 4.40359443 4.40146611 4.39933754
 4.39720871 4.39507963 4.3929503  4.39082071 4.38869086 4.38656076
 4.38443041 4.3822998  4.38016894 4.37803782 4.37590645 4.37377482
 4.37164293 4.36951079 4.3673784  4.36524575 4.36311285 4.36097969
 4.35884627 4.3567126  4.35457867 4.35244449 4.35031005 4.34817536
 4.34604041 4.3439052  4.34176974 4.33963402 4.33749805 4.33536182
 4.33322533 4.33108859 4.32895159 4.32681434 4.32467683 4.32253906
 4.32040103 4.31826275 4.31612421 4.31398542 4.31184637 4.30970706
 4.3075675  4.30542767 4.30328759 4.30114726 4.29900667 4.29686582
 4.29472471 4.29258334 4.29044172 4.28829984 4.28615771 4.28401531
 4.28187266 4.27972975 4.27758658 4.27544316 4.27329948 4.27115554
 4.26901134 4.26686688 4.26472217 4.2625772  4.26043197 4.25828648
 4.25614074 4.25399473 4.25184847 4.24970195 4.24755517 4.24540813
 4.24326084 4.24111328 4.23896547 4.2368174  4.23466907 4.23252048
 4.23037164 4.22822253 4.22607317 4.22392354 4.22177366 4.21962352
 4.21747312 4.21532246 4.21317155 4.21102037 4.20886893 4.20671724
 4.20456529 4.20241307 4.2002606  4.19810787 4.19595488 4.19380163
 4.19164812 4.18949435 4.18734032 4.18518603 4.18303149 4.18087668
 4.17872161 4.17656629 4.1744107  4.17225485 4.17009875 4.16794238
 4.16578576 4.16362887 4.16147173 4.15931433 4.15715666 4.15499874
 4.15284055 4.15068211 4.1485234  4.14636444 4.14420522 4.14204573
 4.13988599 4.13772598 4.13556572 4.13340519 4.1312444  4.12908336
 4.12692205 4.12476048 4.12259866 4.12043657 4.11827422 4.11611161
 4.11394875 4.11178562 4.10962223 4.10745858 4.10529467 4.10313049
 4.10096606 4.09880137 4.09663642 4.0944712  4.09230573 4.09013999
 4.087974   4.08580774 4.08364122 4.08147445 4.07930741 4.07714011
 4.07497255 4.07280473 4.07063664 4.0684683  4.0662997  4.06413083
 4.06196171 4.05979232 4.05762267 4.05545277 4.0532826  4.05111217
 4.04894148 4.04677053 4.04459931 4.04242784 4.04025611 4.03808411
 4.03591186 4.03373934 4.03156656 4.02939352 4.02722022 4.02504666
 4.02287284 4.02069876 4.01852441 4.01634981 4.01417494 4.01199981
 4.00982443 4.00764878 4.00547287 4.0032967  4.00112027 3.99894357
 3.99676662 3.99458941 3.99241193 3.9902342  3.9880562  3.98587794
 3.98369942 3.98152064 3.9793416  3.9771623  3.97498274 3.97280292
 3.97062283 3.96844249 3.96626188 3.96408102 3.96189989 3.9597185
 3.95753685 3.95535494 3.95317278 3.95099034 3.94880765 3.9466247
 3.94444149 3.94225802 3.94007428 3.93789029 3.93570604 3.93352152
 3.93133674 3.92915171 3.92696641 3.92478086 3.92259504 3.92040896
 3.91822262 3.91603603 3.91384917 3.91166205 3.90947467 3.90728703
 3.90509913 3.90291097 3.90072256 3.89853388 3.89634494 3.89415574
 3.89196628 3.88977656 3.88758658 3.88539635 3.88320585 3.88101509
 3.87882407 3.8766328  3.87444126 3.87224946 3.87005741 3.86786509
 3.86567252 3.86347969 3.86128659 3.85909324 3.85689963 3.85470576
 3.85251163 3.85031724 3.84812259 3.84592769 3.84373252 3.8415371
 3.83934142 3.83714547 3.83494927 3.83275282 3.8305561  3.82835912
 3.82616189 3.8239644  3.82176665 3.81956864 3.81737037 3.81517185
 3.81297306 3.81077402 3.80857472 3.80637517 3.80417535 3.80197528
 3.79977495 3.79757437 3.79537352 3.79317242 3.79097106 3.78876945
 3.78656757 3.78436544 3.78216306 3.77996041 3.77775751 3.77555436
 3.77335094 3.77114727 3.76894335 3.76673916]
t =  [1.02936303e+09 1.02936305e+09 1.02936306e+09 1.02936308e+09
 1.02936310e+09 1.02936312e+09 1.02936314e+09 1.02936316e+09
 1.02936318e+09 1.02936320e+09 1.02936322e+09 1.02936323e+09
 1.02936325e+09 1.02936327e+09 1.02936329e+09 1.02936331e+09
 1.02936333e+09 1.02936335e+09 1.02936337e+09 1.02936339e+09
 1.02936340e+09 1.02936342e+09 1.02936344e+09 1.02936346e+09
 1.02936348e+09 1.02936350e+09 1.02936352e+09 1.02936354e+09
 1.02936356e+09 1.02936357e+09 1.02936359e+09 1.02936361e+09
 1.02936363e+09 1.02936365e+09 1.02936367e+09 1.02936369e+09
 1.02936371e+09 1.02936373e+09 1.02936375e+09 1.02936376e+09
 1.02936378e+09 1.02936380e+09 1.02936382e+09 1.02936384e+09
 1.02936386e+09 1.02936388e+09 1.02936390e+09 1.02936392e+09
 1.02936393e+09 1.02936395e+09 1.02936397e+09 1.02936399e+09
 1.02936401e+09 1.02936403e+09 1.02936405e+09 1.02936407e+09
 1.02936409e+09 1.02936410e+09 1.02936412e+09 1.02936414e+09
 1.02936416e+09 1.02936418e+09 1.02936420e+09 1.02936422e+09
 1.02936424e+09 1.02936426e+09 1.02936427e+09 1.02936429e+09
 1.02936431e+09 1.02936433e+09 1.02936435e+09 1.02936437e+09
 1.02936439e+09 1.02936441e+09 1.02936443e+09 1.02936445e+09
 1.02936446e+09 1.02936448e+09 1.02936450e+09 1.02936452e+09
 1.02936454e+09 1.02936456e+09 1.02936458e+09 1.02936460e+09
 1.02936462e+09 1.02936463e+09 1.02936465e+09 1.02936467e+09
 1.02936469e+09 1.02936471e+09 1.02936473e+09 1.02936475e+09
 1.02936477e+09 1.02936479e+09 1.02936480e+09 1.02936482e+09
 1.02936484e+09 1.02936486e+09 1.02936488e+09 1.02936490e+09
 1.02936492e+09 1.02936494e+09 1.02936496e+09 1.02936497e+09
 1.02936499e+09 1.02936501e+09 1.02936503e+09 1.02936505e+09
 1.02936507e+09 1.02936509e+09 1.02936511e+09 1.02936513e+09
 1.02936515e+09 1.02936516e+09 1.02936518e+09 1.02936520e+09
 1.02936522e+09 1.02936524e+09 1.02936526e+09 1.02936528e+09
 1.02936530e+09 1.02936532e+09 1.02936533e+09 1.02936535e+09
 1.02936537e+09 1.02936539e+09 1.02936541e+09 1.02936543e+09
 1.02936545e+09 1.02936547e+09 1.02936549e+09 1.02936550e+09
 1.02936552e+09 1.02936554e+09 1.02936556e+09 1.02936558e+09
 1.02936560e+09 1.02936562e+09 1.02936564e+09 1.02936566e+09
 1.02936567e+09 1.02936569e+09 1.02936571e+09 1.02936573e+09
 1.02936575e+09 1.02936577e+09 1.02936579e+09 1.02936581e+09
 1.02936583e+09 1.02936585e+09 1.02936586e+09 1.02936588e+09
 1.02936590e+09 1.02936592e+09 1.02936594e+09 1.02936596e+09
 1.02936598e+09 1.02936600e+09 1.02936602e+09 1.02936603e+09
 1.02936605e+09 1.02936607e+09 1.02936609e+09 1.02936611e+09
 1.02936613e+09 1.02936615e+09 1.02936617e+09 1.02936619e+09
 1.02936620e+09 1.02936622e+09 1.02936624e+09 1.02936626e+09
 1.02936628e+09 1.02936630e+09 1.02936632e+09 1.02936634e+09
 1.02936636e+09 1.02936637e+09 1.02936639e+09 1.02936641e+09
 1.02936643e+09 1.02936645e+09 1.02936647e+09 1.02936649e+09
 1.02936651e+09 1.02936653e+09 1.02936655e+09 1.02936656e+09
 1.02936658e+09 1.02936660e+09 1.02936662e+09 1.02936664e+09
 1.02936666e+09 1.02936668e+09 1.02936670e+09 1.02936672e+09
 1.02936673e+09 1.02936675e+09 1.02936677e+09 1.02936679e+09
 1.02936681e+09 1.02936683e+09 1.02936685e+09 1.02936687e+09
 1.02936689e+09 1.02936690e+09 1.02936692e+09 1.02936694e+09
 1.02936696e+09 1.02936698e+09 1.02936700e+09 1.02936702e+09
 1.02936704e+09 1.02936706e+09 1.02936707e+09 1.02936709e+09
 1.02936711e+09 1.02936713e+09 1.02936715e+09 1.02936717e+09
 1.02936719e+09 1.02936721e+09 1.02936723e+09 1.02936725e+09
 1.02936726e+09 1.02936728e+09 1.02936730e+09 1.02936732e+09
 1.02936734e+09 1.02936736e+09 1.02936738e+09 1.02936740e+09
 1.02936742e+09 1.02936743e+09 1.02936745e+09 1.02936747e+09
 1.02936749e+09 1.02936751e+09 1.02936753e+09 1.02936755e+09
 1.02936757e+09 1.02936759e+09 1.02936760e+09 1.02936762e+09
 1.02936764e+09 1.02936766e+09 1.02936768e+09 1.02936770e+09
 1.02936772e+09 1.02936774e+09 1.02936776e+09 1.02936777e+09
 1.02936779e+09 1.02936781e+09 1.02936783e+09 1.02936785e+09
 1.02936787e+09 1.02936789e+09 1.02936791e+09 1.02936793e+09
 1.02936795e+09 1.02936796e+09 1.02936798e+09 1.02936800e+09
 1.02936802e+09 1.02936804e+09 1.02936806e+09 1.02936808e+09
 1.02936810e+09 1.02936812e+09 1.02936813e+09 1.02936815e+09
 1.02936817e+09 1.02936819e+09 1.02936821e+09 1.02936823e+09
 1.02936825e+09 1.02936827e+09 1.02936829e+09 1.02936830e+09
 1.02936832e+09 1.02936834e+09 1.02936836e+09 1.02936838e+09
 1.02936840e+09 1.02936842e+09 1.02936844e+09 1.02936846e+09
 1.02936847e+09 1.02936849e+09 1.02936851e+09 1.02936853e+09
 1.02936855e+09 1.02936857e+09 1.02936859e+09 1.02936861e+09
 1.02936863e+09 1.02936865e+09 1.02936866e+09 1.02936868e+09
 1.02936870e+09 1.02936872e+09 1.02936874e+09 1.02936876e+09
 1.02936878e+09 1.02936880e+09 1.02936882e+09 1.02936883e+09
 1.02936885e+09 1.02936887e+09 1.02936889e+09 1.02936891e+09
 1.02936893e+09 1.02936895e+09 1.02936897e+09 1.02936899e+09
 1.02936900e+09 1.02936902e+09 1.02936904e+09 1.02936906e+09
 1.02936908e+09 1.02936910e+09 1.02936912e+09 1.02936914e+09
 1.02936916e+09 1.02936917e+09 1.02936919e+09 1.02936921e+09
 1.02936923e+09 1.02936925e+09 1.02936927e+09 1.02936929e+09
 1.02936931e+09 1.02936933e+09 1.02936935e+09 1.02936936e+09
 1.02936938e+09 1.02936940e+09 1.02936942e+09 1.02936944e+09
 1.02936946e+09 1.02936948e+09 1.02936950e+09 1.02936952e+09
 1.02936953e+09 1.02936955e+09 1.02936957e+09 1.02936959e+09
 1.02936961e+09 1.02936963e+09 1.02936965e+09 1.02936967e+09
 1.02936969e+09 1.02936970e+09 1.02936972e+09 1.02936974e+09
 1.02936976e+09 1.02936978e+09 1.02936980e+09 1.02936982e+09
 1.02936984e+09 1.02936986e+09 1.02936987e+09 1.02936989e+09
 1.02936991e+09 1.02936993e+09 1.02936995e+09 1.02936997e+09
 1.02936999e+09 1.02937001e+09 1.02937003e+09 1.02937005e+09
 1.02937006e+09 1.02937008e+09 1.02937010e+09 1.02937012e+09
 1.02937014e+09 1.02937016e+09 1.02937018e+09 1.02937020e+09
 1.02937022e+09 1.02937023e+09 1.02937025e+09 1.02937027e+09
 1.02937029e+09 1.02937031e+09 1.02937033e+09 1.02937035e+09
 1.02937037e+09 1.02937039e+09 1.02937040e+09 1.02937042e+09
 1.02937044e+09 1.02937046e+09 1.02937048e+09 1.02937050e+09
 1.02937052e+09 1.02937054e+09 1.02937056e+09 1.02937057e+09
 1.02937059e+09 1.02937061e+09 1.02937063e+09 1.02937065e+09
 1.02937067e+09 1.02937069e+09 1.02937071e+09 1.02937073e+09
 1.02937075e+09 1.02937076e+09 1.02937078e+09 1.02937080e+09
 1.02937082e+09 1.02937084e+09 1.02937086e+09 1.02937088e+09
 1.02937090e+09 1.02937092e+09 1.02937093e+09 1.02937095e+09
 1.02937097e+09 1.02937099e+09 1.02937101e+09 1.02937103e+09
 1.02937105e+09 1.02937107e+09 1.02937109e+09 1.02937110e+09
 1.02937112e+09 1.02937114e+09 1.02937116e+09 1.02937118e+09
 1.02937120e+09 1.02937122e+09 1.02937124e+09 1.02937126e+09
 1.02937127e+09 1.02937129e+09 1.02937131e+09 1.02937133e+09
 1.02937135e+09 1.02937137e+09 1.02937139e+09 1.02937141e+09
 1.02937143e+09 1.02937145e+09 1.02937146e+09 1.02937148e+09
 1.02937150e+09 1.02937152e+09 1.02937154e+09 1.02937156e+09
 1.02937158e+09 1.02937160e+09 1.02937162e+09 1.02937163e+09
 1.02937165e+09 1.02937167e+09 1.02937169e+09 1.02937171e+09
 1.02937173e+09 1.02937175e+09 1.02937177e+09 1.02937179e+09
 1.02937180e+09 1.02937182e+09 1.02937184e+09 1.02937186e+09
 1.02937188e+09 1.02937190e+09 1.02937192e+09 1.02937194e+09
 1.02937196e+09 1.02937197e+09 1.02937199e+09 1.02937201e+09
 1.02937203e+09 1.02937205e+09 1.02937207e+09 1.02937209e+09
 1.02937211e+09 1.02937213e+09 1.02937215e+09 1.02937216e+09
 1.02937218e+09 1.02937220e+09 1.02937222e+09 1.02937224e+09
 1.02937226e+09 1.02937228e+09 1.02937230e+09 1.02937232e+09
 1.02937233e+09 1.02937235e+09 1.02937237e+09 1.02937239e+09
 1.02937241e+09 1.02937243e+09 1.02937245e+09 1.02937247e+09
 1.02937249e+09 1.02937250e+09 1.02937252e+09 1.02937254e+09
 1.02937256e+09 1.02937258e+09 1.02937260e+09 1.02937262e+09
 1.02937264e+09 1.02937266e+09 1.02937267e+09 1.02937269e+09
 1.02937271e+09 1.02937273e+09 1.02937275e+09 1.02937277e+09
 1.02937279e+09 1.02937281e+09 1.02937283e+09 1.02937285e+09
 1.02937286e+09 1.02937288e+09 1.02937290e+09 1.02937292e+09
 1.02937294e+09 1.02937296e+09 1.02937298e+09 1.02937300e+09
 1.02937302e+09 1.02937303e+09 1.02937305e+09 1.02937307e+09
 1.02937309e+09 1.02937311e+09 1.02937313e+09 1.02937315e+09
 1.02937317e+09 1.02937319e+09 1.02937320e+09 1.02937322e+09
 1.02937324e+09 1.02937326e+09 1.02937328e+09 1.02937330e+09
 1.02937332e+09 1.02937334e+09 1.02937336e+09 1.02937337e+09
 1.02937339e+09 1.02937341e+09 1.02937343e+09 1.02937345e+09
 1.02937347e+09 1.02937349e+09 1.02937351e+09 1.02937353e+09
 1.02937355e+09 1.02937356e+09 1.02937358e+09 1.02937360e+09
 1.02937362e+09 1.02937364e+09 1.02937366e+09 1.02937368e+09
 1.02937370e+09 1.02937372e+09 1.02937373e+09 1.02937375e+09
 1.02937377e+09 1.02937379e+09 1.02937381e+09 1.02937383e+09
 1.02937385e+09 1.02937387e+09 1.02937389e+09 1.02937390e+09
 1.02937392e+09 1.02937394e+09 1.02937396e+09 1.02937398e+09
 1.02937400e+09 1.02937402e+09 1.02937404e+09 1.02937406e+09
 1.02937407e+09 1.02937409e+09 1.02937411e+09 1.02937413e+09
 1.02937415e+09 1.02937417e+09 1.02937419e+09 1.02937421e+09
 1.02937423e+09 1.02937425e+09 1.02937426e+09 1.02937428e+09
 1.02937430e+09 1.02937432e+09 1.02937434e+09 1.02937436e+09
 1.02937438e+09 1.02937440e+09 1.02937442e+09 1.02937443e+09
 1.02937445e+09 1.02937447e+09 1.02937449e+09 1.02937451e+09
 1.02937453e+09 1.02937455e+09 1.02937457e+09 1.02937459e+09
 1.02937460e+09 1.02937462e+09 1.02937464e+09 1.02937466e+09
 1.02937468e+09 1.02937470e+09 1.02937472e+09 1.02937474e+09
 1.02937476e+09 1.02937477e+09 1.02937479e+09 1.02937481e+09
 1.02937483e+09 1.02937485e+09 1.02937487e+09 1.02937489e+09
 1.02937491e+09 1.02937493e+09 1.02937495e+09 1.02937496e+09
 1.02937498e+09 1.02937500e+09 1.02937502e+09 1.02937504e+09
 1.02937506e+09 1.02937508e+09 1.02937510e+09 1.02937512e+09
 1.02937513e+09 1.02937515e+09 1.02937517e+09 1.02937519e+09
 1.02937521e+09 1.02937523e+09 1.02937525e+09 1.02937527e+09
 1.02937529e+09 1.02937530e+09 1.02937532e+09 1.02937534e+09
 1.02937536e+09 1.02937538e+09 1.02937540e+09 1.02937542e+09
 1.02937544e+09 1.02937546e+09 1.02937547e+09 1.02937549e+09
 1.02937551e+09 1.02937553e+09 1.02937555e+09 1.02937557e+09
 1.02937559e+09 1.02937561e+09 1.02937563e+09 1.02937565e+09
 1.02937566e+09 1.02937568e+09 1.02937570e+09 1.02937572e+09
 1.02937574e+09 1.02937576e+09 1.02937578e+09 1.02937580e+09
 1.02937582e+09 1.02937583e+09 1.02937585e+09 1.02937587e+09
 1.02937589e+09 1.02937591e+09 1.02937593e+09 1.02937595e+09
 1.02937597e+09 1.02937599e+09 1.02937600e+09 1.02937602e+09
 1.02937604e+09 1.02937606e+09 1.02937608e+09 1.02937610e+09
 1.02937612e+09 1.02937614e+09 1.02937616e+09 1.02937617e+09
 1.02937619e+09 1.02937621e+09 1.02937623e+09 1.02937625e+09
 1.02937627e+09 1.02937629e+09 1.02937631e+09 1.02937633e+09
 1.02937635e+09 1.02937636e+09 1.02937638e+09 1.02937640e+09
 1.02937642e+09 1.02937644e+09 1.02937646e+09 1.02937648e+09
 1.02937650e+09 1.02937652e+09 1.02937653e+09 1.02937655e+09
 1.02937657e+09 1.02937659e+09 1.02937661e+09 1.02937663e+09
 1.02937665e+09 1.02937667e+09 1.02937669e+09 1.02937670e+09
 1.02937672e+09 1.02937674e+09 1.02937676e+09 1.02937678e+09
 1.02937680e+09 1.02937682e+09 1.02937684e+09 1.02937686e+09
 1.02937687e+09 1.02937689e+09 1.02937691e+09 1.02937693e+09
 1.02937695e+09 1.02937697e+09 1.02937699e+09 1.02937701e+09
 1.02937703e+09 1.02937705e+09 1.02937706e+09 1.02937708e+09
 1.02937710e+09 1.02937712e+09 1.02937714e+09 1.02937716e+09
 1.02937718e+09 1.02937720e+09 1.02937722e+09 1.02937723e+09
 1.02937725e+09 1.02937727e+09 1.02937729e+09 1.02937731e+09
 1.02937733e+09 1.02937735e+09 1.02937737e+09 1.02937739e+09
 1.02937740e+09 1.02937742e+09 1.02937744e+09 1.02937746e+09
 1.02937748e+09 1.02937750e+09 1.02937752e+09 1.02937754e+09
 1.02937756e+09 1.02937757e+09 1.02937759e+09 1.02937761e+09
 1.02937763e+09 1.02937765e+09 1.02937767e+09 1.02937769e+09
 1.02937771e+09 1.02937773e+09 1.02937775e+09 1.02937776e+09
 1.02937778e+09 1.02937780e+09 1.02937782e+09 1.02937784e+09
 1.02937786e+09 1.02937788e+09 1.02937790e+09 1.02937792e+09
 1.02937793e+09 1.02937795e+09 1.02937797e+09 1.02937799e+09
 1.02937801e+09 1.02937803e+09 1.02937805e+09 1.02937807e+09
 1.02937809e+09 1.02937810e+09 1.02937812e+09 1.02937814e+09
 1.02937816e+09 1.02937818e+09 1.02937820e+09 1.02937822e+09
 1.02937824e+09 1.02937826e+09 1.02937827e+09 1.02937829e+09
 1.02937831e+09 1.02937833e+09 1.02937835e+09 1.02937837e+09
 1.02937839e+09 1.02937841e+09 1.02937843e+09 1.02937845e+09
 1.02937846e+09 1.02937848e+09 1.02937850e+09 1.02937852e+09
 1.02937854e+09 1.02937856e+09 1.02937858e+09 1.02937860e+09
 1.02937862e+09 1.02937863e+09 1.02937865e+09 1.02937867e+09
 1.02937869e+09 1.02937871e+09 1.02937873e+09 1.02937875e+09
 1.02937877e+09 1.02937879e+09 1.02937880e+09 1.02937882e+09
 1.02937884e+09 1.02937886e+09 1.02937888e+09 1.02937890e+09
 1.02937892e+09 1.02937894e+09 1.02937896e+09 1.02937897e+09
 1.02937899e+09 1.02937901e+09 1.02937903e+09 1.02937905e+09
 1.02937907e+09 1.02937909e+09 1.02937911e+09 1.02937913e+09
 1.02937915e+09 1.02937916e+09 1.02937918e+09 1.02937920e+09
 1.02937922e+09 1.02937924e+09 1.02937926e+09 1.02937928e+09
 1.02937930e+09 1.02937932e+09 1.02937933e+09 1.02937935e+09
 1.02937937e+09 1.02937939e+09 1.02937941e+09 1.02937943e+09
 1.02937945e+09 1.02937947e+09 1.02937949e+09 1.02937950e+09
 1.02937952e+09 1.02937954e+09 1.02937956e+09 1.02937958e+09
 1.02937960e+09 1.02937962e+09 1.02937964e+09 1.02937966e+09
 1.02937967e+09 1.02937969e+09 1.02937971e+09 1.02937973e+09
 1.02937975e+09 1.02937977e+09 1.02937979e+09 1.02937981e+09
 1.02937983e+09 1.02937985e+09 1.02937986e+09 1.02937988e+09
 1.02937990e+09 1.02937992e+09 1.02937994e+09 1.02937996e+09
 1.02937998e+09 1.02938000e+09 1.02938002e+09 1.02938003e+09
 1.02938005e+09 1.02938007e+09 1.02938009e+09 1.02938011e+09
 1.02938013e+09 1.02938015e+09 1.02938017e+09 1.02938019e+09
 1.02938020e+09 1.02938022e+09 1.02938024e+09 1.02938026e+09
 1.02938028e+09 1.02938030e+09 1.02938032e+09 1.02938034e+09
 1.02938036e+09 1.02938037e+09 1.02938039e+09 1.02938041e+09
 1.02938043e+09 1.02938045e+09 1.02938047e+09 1.02938049e+09
 1.02938051e+09 1.02938053e+09 1.02938055e+09 1.02938056e+09
 1.02938058e+09 1.02938060e+09 1.02938062e+09 1.02938064e+09
 1.02938066e+09 1.02938068e+09 1.02938070e+09 1.02938072e+09
 1.02938073e+09 1.02938075e+09 1.02938077e+09 1.02938079e+09
 1.02938081e+09 1.02938083e+09 1.02938085e+09 1.02938087e+09
 1.02938089e+09 1.02938090e+09 1.02938092e+09 1.02938094e+09
 1.02938096e+09 1.02938098e+09 1.02938100e+09 1.02938102e+09
 1.02938104e+09 1.02938106e+09 1.02938107e+09 1.02938109e+09
 1.02938111e+09 1.02938113e+09 1.02938115e+09 1.02938117e+09
 1.02938119e+09 1.02938121e+09 1.02938123e+09 1.02938125e+09
 1.02938126e+09 1.02938128e+09 1.02938130e+09 1.02938132e+09
 1.02938134e+09 1.02938136e+09 1.02938138e+09 1.02938140e+09
 1.02938142e+09 1.02938143e+09 1.02938145e+09 1.02938147e+09
 1.02938149e+09 1.02938151e+09 1.02938153e+09 1.02938155e+09
 1.02938157e+09 1.02938159e+09 1.02938160e+09 1.02938162e+09
 1.02938164e+09 1.02938166e+09 1.02938168e+09 1.02938170e+09
 1.02938172e+09 1.02938174e+09 1.02938176e+09 1.02938177e+09
 1.02938179e+09 1.02938181e+09 1.02938183e+09 1.02938185e+09
 1.02938187e+09 1.02938189e+09 1.02938191e+09 1.02938193e+09]
minRes = 3.766739164278688
minResTime =  [1.02938193e+09]
