name =JUICE_ROI_CAL_5_0_06
flyby =  ['2033 APR 06 23:29:30', '2033 APR 07 23:29:30']
Observation TW =  <SpiceCell dtype = 1, length = 0, size = 3000, card = 10, is_set = 1, adjust = 0, init = 1, base = 2554804125744, data = 2554804125792>
Res(t) =  [5.63076561 5.63168767 5.63260969 5.63353168 5.63445364 5.63537557
 5.63629747 5.63721934 5.63814117 5.63906297 5.63998474 5.64090648
 5.64182819 5.64274987 5.64367151 5.64459312 5.64551471 5.64643625
 5.64735777 5.64827926 5.64920071 5.65012213 5.65104353 5.65196488
 5.65288621 5.65380751 5.65472877 5.65565    5.65657121 5.65749237
 5.65841351 5.65933462 5.66025569 5.66117673 5.66209774 5.66301872
 5.66393967 5.66486059 5.66578147 5.66670232 5.66762314 5.66854393
 5.66946469 5.67038541 5.67130611 5.67222677 5.6731474  5.674068
 5.67498857 5.6759091  5.67682961 5.67775008 5.67867052 5.67959093
 5.6805113  5.68143165 5.68235196 5.68327224 5.68419249 5.68511271
 5.6860329  5.68695305 5.68787318 5.68879327 5.68971333 5.69063336
 5.69155335 5.69247332 5.69339325 5.69431315 5.69523302 5.69615286
 5.69707267 5.69799244 5.69891218 5.6998319  5.70075157 5.70167122
 5.70259084 5.70351042 5.70442998 5.7053495  5.70626899 5.70718844
 5.70810787 5.70902726 5.70994663 5.71086596 5.71178526 5.71270452
 5.71362376 5.71454296 5.71546213 5.71638128 5.71730038 5.71821946
 5.71913851 5.72005752 5.7209765  5.72189545 5.72281437 5.72373326
 5.72465211 5.72557094 5.72648973 5.72740849 5.72832722 5.72924591
 5.73016458 5.73108321 5.73200181 5.73292038 5.73383892 5.73475743
 5.7356759  5.73659434 5.73751275 5.73843113 5.73934948 5.7402678
 5.74118608 5.74210433 5.74302256 5.74394074 5.7448589  5.74577703
 5.74669512 5.74761318 5.74853121 5.74944921 5.75036718 5.75128512
 5.75220302 5.75312089 5.75403873 5.75495654 5.75587432 5.75679206
 5.75770977 5.75862746 5.75954511 5.76046272 5.76138031 5.76229786
 5.76321539 5.76413288 5.76505034 5.76596777 5.76688516 5.76780253
 5.76871986 5.76963716 5.77055443 5.77147167 5.77238887 5.77330604
 5.77422319 5.7751403  5.77605738 5.77697442 5.77789144 5.77880842
 5.77972537 5.78064229 5.78155918 5.78247604 5.78339286 5.78430966
 5.78522642 5.78614315 5.78705984 5.78797651 5.78889314 5.78980975
 5.79072632 5.79164286 5.79255936 5.79347584 5.79439228 5.7953087
 5.79622508 5.79714143 5.79805774 5.79897403 5.79989028 5.8008065
 5.80172269 5.80263885 5.80355498 5.80447107 5.80538714 5.80630317
 5.80721917 5.80813513 5.80905107 5.80996697 5.81088285 5.81179869
 5.8127145  5.81363027 5.81454602 5.81546173 5.81637742 5.81729307
 5.81820868 5.81912427 5.82003983 5.82095535 5.82187084 5.8227863
 5.82370173 5.82461713 5.82553249 5.82644782 5.82736312 5.82827839
 5.82919363 5.83010884 5.83102401 5.83193915 5.83285426 5.83376934
 5.83468439 5.8355994  5.83651439 5.83742934 5.83834426 5.83925915
 5.840174   5.84108883 5.84200362 5.84291838 5.84383311 5.84474781
 5.84566248 5.84657711 5.84749171 5.84840628 5.84932082 5.85023533
 5.8511498  5.85206425 5.85297866 5.85389304 5.85480739 5.85572171
 5.85663599 5.85755024 5.85846446 5.85937865 5.86029281 5.86120694
 5.86212103 5.86303509 5.86394913 5.86486312 5.86577709 5.86669103
 5.86760493 5.8685188  5.86943264 5.87034645 5.87126023 5.87217397
 5.87308769 5.87400137 5.87491502 5.87582863 5.87674222 5.87765577
 5.8785693  5.87948279 5.88039625 5.88130967 5.88222307 5.88313643
 5.88404976 5.88496306 5.88587633 5.88678957 5.88770277 5.88861595
 5.88952909 5.8904422  5.89135527 5.89226832 5.89318133 5.89409432
 5.89500727 5.89592019 5.89683307 5.89774593 5.89865875 5.89957154
 5.9004843  5.90139703 5.90230973 5.90322239 5.90413503 5.90504763
 5.9059602  5.90687273 5.90778524 5.90869771 5.90961015 5.91052256
 5.91143494 5.91234729 5.91325961 5.91417189 5.91508414 5.91599636
 5.91690855 5.9178207  5.91873283 5.91964492 5.92055698 5.92146901
 5.92238101 5.92329297 5.92420491 5.92511681 5.92602868 5.92694052
 5.92785232 5.9287641  5.92967584 5.93058755 5.93149923 5.93241088
 5.93332249 5.93423408 5.93514563 5.93605715 5.93696864 5.9378801
 5.93879152 5.93970291 5.94061427 5.9415256  5.9424369  5.94334817
 5.9442594  5.94517061 5.94608178 5.94699291 5.94790402 5.9488151
 5.94972614 5.95063715 5.95154813 5.95245908 5.95337    5.95428088
 5.95519173 5.95610255 5.95701334 5.9579241  5.95883483 5.95974552
 5.96065618 5.96156681 5.96247741 5.96338798 5.96429851 5.96520902
 5.96611949 5.96702993 5.96794033 5.96885071 5.96976105 5.97067137
 5.97158165 5.9724919  5.97340211 5.9743123  5.97522245 5.97613257
 5.97704266 5.97795272 5.97886275 5.97977274 5.9806827  5.98159263
 5.98250253 5.9834124  5.98432223 5.98523204 5.98614181 5.98705155
 5.98796126 5.98887093 5.98978058 5.99069019 5.99159977 5.99250932
 5.99341884 5.99432832 5.99523778 5.9961472  5.99705659 5.99796595
 5.99887527 5.99978457 6.00069383 6.00160306 6.00251226 6.00342143
 6.00433056 6.00523967 6.00614874 6.00705778 6.00796679 6.00887576
 6.00978471 6.01069362 6.0116025  6.01251135 6.01342017 6.01432895
 6.01523771 6.01614643 6.01705512 6.01796378 6.0188724  6.019781
 6.02068956 6.02159809 6.02250659 6.02341506 6.0243235  6.0252319
 6.02614027 6.02704861 6.02795692 6.0288652  6.02977344 6.03068165
 6.03158984 6.03249798 6.0334061  6.03431419 6.03522224 6.03613026
 6.03703825 6.03794621 6.03885414 6.03976203 6.0406699  6.04157773
 6.04248553 6.0433933  6.04430103 6.04520874 6.04611641 6.04702405
 6.04793166 6.04883923 6.04974678 6.05065429 6.05156177 6.05246922
 6.05337664 6.05428402 6.05519138 6.0560987  6.05700599 6.05791325
 6.05882048 6.05972767 6.06063483 6.06154197 6.06244906 6.06335613
 6.06426317 6.06517017 6.06607714 6.06698408 6.06789099 6.06879787
 6.06970471 6.07061153 6.07151831 6.07242506 6.07333177 6.07423846
 6.07514511 6.07605174 6.07695833 6.07786488 6.07877141 6.07967791
 6.08058437 6.0814908  6.0823972  6.08330357 6.0842099  6.08511621
 6.08602248 6.08692872 6.08783493 6.0887411  6.08964725 6.09055336
 6.09145944 6.09236549 6.09327151 6.09417749 6.09508345 6.09598937
 6.09689526 6.09780112 6.09870694 6.09961274 6.1005185  6.10142423
 6.10232993 6.1032356  6.10414123 6.10504683 6.10595241 6.10685795
 6.10776345 6.10866893 6.10957437 6.11047979 6.11138517 6.11229052
 6.11319583 6.11410112 6.11500637 6.11591159 6.11681678 6.11772194
 6.11862707 6.11953216 6.12043722 6.12134225 6.12224725 6.12315222
 6.12405715 6.12496206 6.12586693 6.12677177 6.12767657 6.12858135
 6.12948609 6.13039081 6.13129549 6.13220013 6.13310475 6.13400934
 6.13491389 6.13581841 6.1367229  6.13762736 6.13853178 6.13943618
 6.14034054 6.14124487 6.14214917 6.14305343 6.14395767 6.14486187
 6.14576604 6.14667018 6.14757429 6.14847836 6.14938241 6.15028642
 6.1511904  6.15209434 6.15299826 6.15390214 6.154806   6.15570982
 6.15661361 6.15751736 6.15842109 6.15932478 6.16022844 6.16113207
 6.16203567 6.16293924 6.16384277 6.16474627 6.16564974 6.16655318
 6.16745659 6.16835996 6.1692633  6.17016662 6.17106989 6.17197314
 6.17287636 6.17377954 6.17468269 6.17558581 6.1764889  6.17739196
 6.17829498 6.17919797 6.18010094 6.18100386 6.18190676 6.18280963
 6.18371246 6.18461526 6.18551803 6.18642077 6.18732347 6.18822615
 6.18912879 6.1900314  6.19093398 6.19183653 6.19273904 6.19364152
 6.19454398 6.19544639 6.19634878 6.19725114 6.19815346 6.19905575
 6.19995801 6.20086024 6.20176244 6.2026646  6.20356673 6.20446884
 6.2053709  6.20627294 6.20717495 6.20807692 6.20897886 6.20988077
 6.21078265 6.21168449 6.21258631 6.21348809 6.21438984 6.21529156
 6.21619325 6.2170949  6.21799652 6.21889812 6.21979968 6.2207012
 6.2216027  6.22250416 6.22340559 6.22430699 6.22520836 6.2261097
 6.227011   6.22791227 6.22881352 6.22971472 6.2306159  6.23151705
 6.23241816 6.23331924 6.23422029 6.23512131 6.23602229 6.23692325
 6.23782417 6.23872506 6.23962592 6.24052675 6.24142754 6.2423283
 6.24322903 6.24412973 6.2450304  6.24593104 6.24683164 6.24773221
 6.24863275 6.24953326 6.25043374 6.25133418 6.25223459 6.25313497
 6.25403532 6.25493564 6.25583592 6.25673618 6.2576364  6.25853659
 6.25943674 6.26033687 6.26123696 6.26213703 6.26303706 6.26393705
 6.26483702 6.26573695 6.26663686 6.26753673 6.26843657 6.26933637
 6.27023615 6.27113589 6.2720356  6.27293528 6.27383493 6.27473455
 6.27563413 6.27653368 6.2774332  6.27833269 6.27923215 6.28013157
 6.28103097 6.28193033 6.28282966 6.28372895 6.28462822 6.28552745
 6.28642665 6.28732582 6.28822496 6.28912407 6.29002314 6.29092218
 6.29182119 6.29272017 6.29361912 6.29451803 6.29541692 6.29631577
 6.29721459 6.29811337 6.29901213 6.29991085 6.30080954 6.3017082
 6.30260683 6.30350543 6.30440399 6.30530252 6.30620103 6.30709949
 6.30799793 6.30889634 6.30979471 6.31069305 6.31159136 6.31248964
 6.31338788 6.3142861  6.31518428 6.31608243 6.31698055 6.31787863
 6.31877669 6.31967471 6.3205727  6.32147066 6.32236859 6.32326648
 6.32416434 6.32506217 6.32595997 6.32685774 6.32775548 6.32865318
 6.32955085 6.33044849 6.3313461  6.33224368 6.33314122 6.33403873
 6.33493622 6.33583366 6.33673108 6.33762847 6.33852582 6.33942314
 6.34032043 6.34121769 6.34211491 6.34301211 6.34390927 6.3448064
 6.3457035  6.34660056 6.3474976  6.3483946  6.34929157 6.35018851
 6.35108542 6.35198229 6.35287914 6.35377595 6.35467273 6.35556947
 6.35646619 6.35736287 6.35825953 6.35915615 6.36005273 6.36094929
 6.36184581 6.36274231 6.36363877 6.3645352  6.36543159 6.36632796
 6.36722429 6.36812059 6.36901686 6.3699131  6.37080931 6.37170548
 6.37260162 6.37349773 6.37439381 6.37528986 6.37618587 6.37708185
 6.3779778  6.37887372 6.37976961 6.38066547 6.38156129 6.38245708
 6.38335284 6.38424857 6.38514426 6.38603993 6.38693556 6.38783116
 6.38872673 6.38962226 6.39051777 6.39141324 6.39230868 6.39320409
 6.39409947 6.39499481 6.39589012 6.39678541 6.39768065 6.39857587
 6.39947106 6.40036621 6.40126133 6.40215642 6.40305148 6.40394651
 6.4048415  6.40573646 6.4066314  6.40752629 6.40842116 6.409316
 6.4102108  6.41110557 6.41200031 6.41289502 6.41378969 6.41468434
 6.41557895 6.41647353 6.41736808 6.41826259 6.41915708 6.42005153
 6.42094595 6.42184034 6.42273469 6.42362902 6.42452331 6.42541757
 6.4263118  6.427206   6.42810017 6.4289943  6.4298884  6.43078247
 6.43167651 6.43257051 6.43346449 6.43435843 6.43525234 6.43614622
 6.43704007 6.43793388 6.43882766 6.43972141 6.44061513 6.44150882
 6.44240248 6.4432961  6.44418969 6.44508325 6.44597678 6.44687027
 6.44776374 6.44865717 6.44955057 6.45044394 6.45133728 6.45223058
 6.45312385 6.45401709 6.4549103  6.45580348 6.45669663 6.45758974
 6.45848282 6.45937587 6.46026889 6.46116187 6.46205483 6.46294775
 6.46384064 6.4647335  6.46562632 6.46651912 6.46741188 6.46830461
 6.46919731 6.47008998 6.47098261 6.47187522 6.47276779 6.47366033
 6.47455283 6.47544531 6.47633775 6.47723016 6.47812254 6.47901489
 6.47990721 6.48079949 6.48169175 6.48258397 6.48347615 6.48436831
 6.48526044 6.48615253 6.48704459 6.48793662 6.48882862 6.48972058
 6.49061252 6.49150442 6.49239629 6.49328813 6.49417993 6.49507171
 6.49596345 6.49685516 6.49774684 6.49863848 6.4995301  6.50042168
 6.50131323 6.50220475 6.50309624 6.50398769 6.50487912 6.50577051
 6.50666187 6.50755319 6.50844449 6.50933575 6.51022699 6.51111819
 6.51200935 6.51290049 6.5137916  6.51468267 6.51557371 6.51646472
 6.51735569 6.51824664 6.51913755 6.52002843 6.52091928 6.5218101
 6.52270089 6.52359164 6.52448236 6.52537305 6.52626371 6.52715434
 6.52804493 6.52893549 6.52982602 6.53071652 6.53160699 6.53249742
 6.53338783 6.5342782  6.53516854 6.53605884]
t =  [1.04979466e+09 1.04979467e+09 1.04979467e+09 1.04979468e+09
 1.04979469e+09 1.04979469e+09 1.04979470e+09 1.04979471e+09
 1.04979471e+09 1.04979472e+09 1.04979473e+09 1.04979473e+09
 1.04979474e+09 1.04979475e+09 1.04979475e+09 1.04979476e+09
 1.04979477e+09 1.04979477e+09 1.04979478e+09 1.04979479e+09
 1.04979479e+09 1.04979480e+09 1.04979481e+09 1.04979482e+09
 1.04979482e+09 1.04979483e+09 1.04979484e+09 1.04979484e+09
 1.04979485e+09 1.04979486e+09 1.04979486e+09 1.04979487e+09
 1.04979488e+09 1.04979488e+09 1.04979489e+09 1.04979490e+09
 1.04979490e+09 1.04979491e+09 1.04979492e+09 1.04979492e+09
 1.04979493e+09 1.04979494e+09 1.04979494e+09 1.04979495e+09
 1.04979496e+09 1.04979496e+09 1.04979497e+09 1.04979498e+09
 1.04979498e+09 1.04979499e+09 1.04979500e+09 1.04979501e+09
 1.04979501e+09 1.04979502e+09 1.04979503e+09 1.04979503e+09
 1.04979504e+09 1.04979505e+09 1.04979505e+09 1.04979506e+09
 1.04979507e+09 1.04979507e+09 1.04979508e+09 1.04979509e+09
 1.04979509e+09 1.04979510e+09 1.04979511e+09 1.04979511e+09
 1.04979512e+09 1.04979513e+09 1.04979513e+09 1.04979514e+09
 1.04979515e+09 1.04979515e+09 1.04979516e+09 1.04979517e+09
 1.04979517e+09 1.04979518e+09 1.04979519e+09 1.04979520e+09
 1.04979520e+09 1.04979521e+09 1.04979522e+09 1.04979522e+09
 1.04979523e+09 1.04979524e+09 1.04979524e+09 1.04979525e+09
 1.04979526e+09 1.04979526e+09 1.04979527e+09 1.04979528e+09
 1.04979528e+09 1.04979529e+09 1.04979530e+09 1.04979530e+09
 1.04979531e+09 1.04979532e+09 1.04979532e+09 1.04979533e+09
 1.04979534e+09 1.04979534e+09 1.04979535e+09 1.04979536e+09
 1.04979537e+09 1.04979537e+09 1.04979538e+09 1.04979539e+09
 1.04979539e+09 1.04979540e+09 1.04979541e+09 1.04979541e+09
 1.04979542e+09 1.04979543e+09 1.04979543e+09 1.04979544e+09
 1.04979545e+09 1.04979545e+09 1.04979546e+09 1.04979547e+09
 1.04979547e+09 1.04979548e+09 1.04979549e+09 1.04979549e+09
 1.04979550e+09 1.04979551e+09 1.04979551e+09 1.04979552e+09
 1.04979553e+09 1.04979553e+09 1.04979554e+09 1.04979555e+09
 1.04979556e+09 1.04979556e+09 1.04979557e+09 1.04979558e+09
 1.04979558e+09 1.04979559e+09 1.04979560e+09 1.04979560e+09
 1.04979561e+09 1.04979562e+09 1.04979562e+09 1.04979563e+09
 1.04979564e+09 1.04979564e+09 1.04979565e+09 1.04979566e+09
 1.04979566e+09 1.04979567e+09 1.04979568e+09 1.04979568e+09
 1.04979569e+09 1.04979570e+09 1.04979570e+09 1.04979571e+09
 1.04979572e+09 1.04979572e+09 1.04979573e+09 1.04979574e+09
 1.04979575e+09 1.04979575e+09 1.04979576e+09 1.04979577e+09
 1.04979577e+09 1.04979578e+09 1.04979579e+09 1.04979579e+09
 1.04979580e+09 1.04979581e+09 1.04979581e+09 1.04979582e+09
 1.04979583e+09 1.04979583e+09 1.04979584e+09 1.04979585e+09
 1.04979585e+09 1.04979586e+09 1.04979587e+09 1.04979587e+09
 1.04979588e+09 1.04979589e+09 1.04979589e+09 1.04979590e+09
 1.04979591e+09 1.04979591e+09 1.04979592e+09 1.04979593e+09
 1.04979594e+09 1.04979594e+09 1.04979595e+09 1.04979596e+09
 1.04979596e+09 1.04979597e+09 1.04979598e+09 1.04979598e+09
 1.04979599e+09 1.04979600e+09 1.04979600e+09 1.04979601e+09
 1.04979602e+09 1.04979602e+09 1.04979603e+09 1.04979604e+09
 1.04979604e+09 1.04979605e+09 1.04979606e+09 1.04979606e+09
 1.04979607e+09 1.04979608e+09 1.04979608e+09 1.04979609e+09
 1.04979610e+09 1.04979610e+09 1.04979611e+09 1.04979612e+09
 1.04979613e+09 1.04979613e+09 1.04979614e+09 1.04979615e+09
 1.04979615e+09 1.04979616e+09 1.04979617e+09 1.04979617e+09
 1.04979618e+09 1.04979619e+09 1.04979619e+09 1.04979620e+09
 1.04979621e+09 1.04979621e+09 1.04979622e+09 1.04979623e+09
 1.04979623e+09 1.04979624e+09 1.04979625e+09 1.04979625e+09
 1.04979626e+09 1.04979627e+09 1.04979627e+09 1.04979628e+09
 1.04979629e+09 1.04979629e+09 1.04979630e+09 1.04979631e+09
 1.04979632e+09 1.04979632e+09 1.04979633e+09 1.04979634e+09
 1.04979634e+09 1.04979635e+09 1.04979636e+09 1.04979636e+09
 1.04979637e+09 1.04979638e+09 1.04979638e+09 1.04979639e+09
 1.04979640e+09 1.04979640e+09 1.04979641e+09 1.04979642e+09
 1.04979642e+09 1.04979643e+09 1.04979644e+09 1.04979644e+09
 1.04979645e+09 1.04979646e+09 1.04979646e+09 1.04979647e+09
 1.04979648e+09 1.04979648e+09 1.04979649e+09 1.04979650e+09
 1.04979651e+09 1.04979651e+09 1.04979652e+09 1.04979653e+09
 1.04979653e+09 1.04979654e+09 1.04979655e+09 1.04979655e+09
 1.04979656e+09 1.04979657e+09 1.04979657e+09 1.04979658e+09
 1.04979659e+09 1.04979659e+09 1.04979660e+09 1.04979661e+09
 1.04979661e+09 1.04979662e+09 1.04979663e+09 1.04979663e+09
 1.04979664e+09 1.04979665e+09 1.04979665e+09 1.04979666e+09
 1.04979667e+09 1.04979667e+09 1.04979668e+09 1.04979669e+09
 1.04979670e+09 1.04979670e+09 1.04979671e+09 1.04979672e+09
 1.04979672e+09 1.04979673e+09 1.04979674e+09 1.04979674e+09
 1.04979675e+09 1.04979676e+09 1.04979676e+09 1.04979677e+09
 1.04979678e+09 1.04979678e+09 1.04979679e+09 1.04979680e+09
 1.04979680e+09 1.04979681e+09 1.04979682e+09 1.04979682e+09
 1.04979683e+09 1.04979684e+09 1.04979684e+09 1.04979685e+09
 1.04979686e+09 1.04979686e+09 1.04979687e+09 1.04979688e+09
 1.04979689e+09 1.04979689e+09 1.04979690e+09 1.04979691e+09
 1.04979691e+09 1.04979692e+09 1.04979693e+09 1.04979693e+09
 1.04979694e+09 1.04979695e+09 1.04979695e+09 1.04979696e+09
 1.04979697e+09 1.04979697e+09 1.04979698e+09 1.04979699e+09
 1.04979699e+09 1.04979700e+09 1.04979701e+09 1.04979701e+09
 1.04979702e+09 1.04979703e+09 1.04979703e+09 1.04979704e+09
 1.04979705e+09 1.04979705e+09 1.04979706e+09 1.04979707e+09
 1.04979708e+09 1.04979708e+09 1.04979709e+09 1.04979710e+09
 1.04979710e+09 1.04979711e+09 1.04979712e+09 1.04979712e+09
 1.04979713e+09 1.04979714e+09 1.04979714e+09 1.04979715e+09
 1.04979716e+09 1.04979716e+09 1.04979717e+09 1.04979718e+09
 1.04979718e+09 1.04979719e+09 1.04979720e+09 1.04979720e+09
 1.04979721e+09 1.04979722e+09 1.04979722e+09 1.04979723e+09
 1.04979724e+09 1.04979724e+09 1.04979725e+09 1.04979726e+09
 1.04979727e+09 1.04979727e+09 1.04979728e+09 1.04979729e+09
 1.04979729e+09 1.04979730e+09 1.04979731e+09 1.04979731e+09
 1.04979732e+09 1.04979733e+09 1.04979733e+09 1.04979734e+09
 1.04979735e+09 1.04979735e+09 1.04979736e+09 1.04979737e+09
 1.04979737e+09 1.04979738e+09 1.04979739e+09 1.04979739e+09
 1.04979740e+09 1.04979741e+09 1.04979741e+09 1.04979742e+09
 1.04979743e+09 1.04979743e+09 1.04979744e+09 1.04979745e+09
 1.04979746e+09 1.04979746e+09 1.04979747e+09 1.04979748e+09
 1.04979748e+09 1.04979749e+09 1.04979750e+09 1.04979750e+09
 1.04979751e+09 1.04979752e+09 1.04979752e+09 1.04979753e+09
 1.04979754e+09 1.04979754e+09 1.04979755e+09 1.04979756e+09
 1.04979756e+09 1.04979757e+09 1.04979758e+09 1.04979758e+09
 1.04979759e+09 1.04979760e+09 1.04979760e+09 1.04979761e+09
 1.04979762e+09 1.04979763e+09 1.04979763e+09 1.04979764e+09
 1.04979765e+09 1.04979765e+09 1.04979766e+09 1.04979767e+09
 1.04979767e+09 1.04979768e+09 1.04979769e+09 1.04979769e+09
 1.04979770e+09 1.04979771e+09 1.04979771e+09 1.04979772e+09
 1.04979773e+09 1.04979773e+09 1.04979774e+09 1.04979775e+09
 1.04979775e+09 1.04979776e+09 1.04979777e+09 1.04979777e+09
 1.04979778e+09 1.04979779e+09 1.04979779e+09 1.04979780e+09
 1.04979781e+09 1.04979782e+09 1.04979782e+09 1.04979783e+09
 1.04979784e+09 1.04979784e+09 1.04979785e+09 1.04979786e+09
 1.04979786e+09 1.04979787e+09 1.04979788e+09 1.04979788e+09
 1.04979789e+09 1.04979790e+09 1.04979790e+09 1.04979791e+09
 1.04979792e+09 1.04979792e+09 1.04979793e+09 1.04979794e+09
 1.04979794e+09 1.04979795e+09 1.04979796e+09 1.04979796e+09
 1.04979797e+09 1.04979798e+09 1.04979798e+09 1.04979799e+09
 1.04979800e+09 1.04979801e+09 1.04979801e+09 1.04979802e+09
 1.04979803e+09 1.04979803e+09 1.04979804e+09 1.04979805e+09
 1.04979805e+09 1.04979806e+09 1.04979807e+09 1.04979807e+09
 1.04979808e+09 1.04979809e+09 1.04979809e+09 1.04979810e+09
 1.04979811e+09 1.04979811e+09 1.04979812e+09 1.04979813e+09
 1.04979813e+09 1.04979814e+09 1.04979815e+09 1.04979815e+09
 1.04979816e+09 1.04979817e+09 1.04979817e+09 1.04979818e+09
 1.04979819e+09 1.04979820e+09 1.04979820e+09 1.04979821e+09
 1.04979822e+09 1.04979822e+09 1.04979823e+09 1.04979824e+09
 1.04979824e+09 1.04979825e+09 1.04979826e+09 1.04979826e+09
 1.04979827e+09 1.04979828e+09 1.04979828e+09 1.04979829e+09
 1.04979830e+09 1.04979830e+09 1.04979831e+09 1.04979832e+09
 1.04979832e+09 1.04979833e+09 1.04979834e+09 1.04979834e+09
 1.04979835e+09 1.04979836e+09 1.04979836e+09 1.04979837e+09
 1.04979838e+09 1.04979839e+09 1.04979839e+09 1.04979840e+09
 1.04979841e+09 1.04979841e+09 1.04979842e+09 1.04979843e+09
 1.04979843e+09 1.04979844e+09 1.04979845e+09 1.04979845e+09
 1.04979846e+09 1.04979847e+09 1.04979847e+09 1.04979848e+09
 1.04979849e+09 1.04979849e+09 1.04979850e+09 1.04979851e+09
 1.04979851e+09 1.04979852e+09 1.04979853e+09 1.04979853e+09
 1.04979854e+09 1.04979855e+09 1.04979855e+09 1.04979856e+09
 1.04979857e+09 1.04979858e+09 1.04979858e+09 1.04979859e+09
 1.04979860e+09 1.04979860e+09 1.04979861e+09 1.04979862e+09
 1.04979862e+09 1.04979863e+09 1.04979864e+09 1.04979864e+09
 1.04979865e+09 1.04979866e+09 1.04979866e+09 1.04979867e+09
 1.04979868e+09 1.04979868e+09 1.04979869e+09 1.04979870e+09
 1.04979870e+09 1.04979871e+09 1.04979872e+09 1.04979872e+09
 1.04979873e+09 1.04979874e+09 1.04979874e+09 1.04979875e+09
 1.04979876e+09 1.04979877e+09 1.04979877e+09 1.04979878e+09
 1.04979879e+09 1.04979879e+09 1.04979880e+09 1.04979881e+09
 1.04979881e+09 1.04979882e+09 1.04979883e+09 1.04979883e+09
 1.04979884e+09 1.04979885e+09 1.04979885e+09 1.04979886e+09
 1.04979887e+09 1.04979887e+09 1.04979888e+09 1.04979889e+09
 1.04979889e+09 1.04979890e+09 1.04979891e+09 1.04979891e+09
 1.04979892e+09 1.04979893e+09 1.04979893e+09 1.04979894e+09
 1.04979895e+09 1.04979896e+09 1.04979896e+09 1.04979897e+09
 1.04979898e+09 1.04979898e+09 1.04979899e+09 1.04979900e+09
 1.04979900e+09 1.04979901e+09 1.04979902e+09 1.04979902e+09
 1.04979903e+09 1.04979904e+09 1.04979904e+09 1.04979905e+09
 1.04979906e+09 1.04979906e+09 1.04979907e+09 1.04979908e+09
 1.04979908e+09 1.04979909e+09 1.04979910e+09 1.04979910e+09
 1.04979911e+09 1.04979912e+09 1.04979912e+09 1.04979913e+09
 1.04979914e+09 1.04979915e+09 1.04979915e+09 1.04979916e+09
 1.04979917e+09 1.04979917e+09 1.04979918e+09 1.04979919e+09
 1.04979919e+09 1.04979920e+09 1.04979921e+09 1.04979921e+09
 1.04979922e+09 1.04979923e+09 1.04979923e+09 1.04979924e+09
 1.04979925e+09 1.04979925e+09 1.04979926e+09 1.04979927e+09
 1.04979927e+09 1.04979928e+09 1.04979929e+09 1.04979929e+09
 1.04979930e+09 1.04979931e+09 1.04979931e+09 1.04979932e+09
 1.04979933e+09 1.04979934e+09 1.04979934e+09 1.04979935e+09
 1.04979936e+09 1.04979936e+09 1.04979937e+09 1.04979938e+09
 1.04979938e+09 1.04979939e+09 1.04979940e+09 1.04979940e+09
 1.04979941e+09 1.04979942e+09 1.04979942e+09 1.04979943e+09
 1.04979944e+09 1.04979944e+09 1.04979945e+09 1.04979946e+09
 1.04979946e+09 1.04979947e+09 1.04979948e+09 1.04979948e+09
 1.04979949e+09 1.04979950e+09 1.04979950e+09 1.04979951e+09
 1.04979952e+09 1.04979953e+09 1.04979953e+09 1.04979954e+09
 1.04979955e+09 1.04979955e+09 1.04979956e+09 1.04979957e+09
 1.04979957e+09 1.04979958e+09 1.04979959e+09 1.04979959e+09
 1.04979960e+09 1.04979961e+09 1.04979961e+09 1.04979962e+09
 1.04979963e+09 1.04979963e+09 1.04979964e+09 1.04979965e+09
 1.04979965e+09 1.04979966e+09 1.04979967e+09 1.04979967e+09
 1.04979968e+09 1.04979969e+09 1.04979969e+09 1.04979970e+09
 1.04979971e+09 1.04979972e+09 1.04979972e+09 1.04979973e+09
 1.04979974e+09 1.04979974e+09 1.04979975e+09 1.04979976e+09
 1.04979976e+09 1.04979977e+09 1.04979978e+09 1.04979978e+09
 1.04979979e+09 1.04979980e+09 1.04979980e+09 1.04979981e+09
 1.04979982e+09 1.04979982e+09 1.04979983e+09 1.04979984e+09
 1.04979984e+09 1.04979985e+09 1.04979986e+09 1.04979986e+09
 1.04979987e+09 1.04979988e+09 1.04979989e+09 1.04979989e+09
 1.04979990e+09 1.04979991e+09 1.04979991e+09 1.04979992e+09
 1.04979993e+09 1.04979993e+09 1.04979994e+09 1.04979995e+09
 1.04979995e+09 1.04979996e+09 1.04979997e+09 1.04979997e+09
 1.04979998e+09 1.04979999e+09 1.04979999e+09 1.04980000e+09
 1.04980001e+09 1.04980001e+09 1.04980002e+09 1.04980003e+09
 1.04980003e+09 1.04980004e+09 1.04980005e+09 1.04980005e+09
 1.04980006e+09 1.04980007e+09 1.04980008e+09 1.04980008e+09
 1.04980009e+09 1.04980010e+09 1.04980010e+09 1.04980011e+09
 1.04980012e+09 1.04980012e+09 1.04980013e+09 1.04980014e+09
 1.04980014e+09 1.04980015e+09 1.04980016e+09 1.04980016e+09
 1.04980017e+09 1.04980018e+09 1.04980018e+09 1.04980019e+09
 1.04980020e+09 1.04980020e+09 1.04980021e+09 1.04980022e+09
 1.04980022e+09 1.04980023e+09 1.04980024e+09 1.04980024e+09
 1.04980025e+09 1.04980026e+09 1.04980027e+09 1.04980027e+09
 1.04980028e+09 1.04980029e+09 1.04980029e+09 1.04980030e+09
 1.04980031e+09 1.04980031e+09 1.04980032e+09 1.04980033e+09
 1.04980033e+09 1.04980034e+09 1.04980035e+09 1.04980035e+09
 1.04980036e+09 1.04980037e+09 1.04980037e+09 1.04980038e+09
 1.04980039e+09 1.04980039e+09 1.04980040e+09 1.04980041e+09
 1.04980041e+09 1.04980042e+09 1.04980043e+09 1.04980043e+09
 1.04980044e+09 1.04980045e+09 1.04980046e+09 1.04980046e+09
 1.04980047e+09 1.04980048e+09 1.04980048e+09 1.04980049e+09
 1.04980050e+09 1.04980050e+09 1.04980051e+09 1.04980052e+09
 1.04980052e+09 1.04980053e+09 1.04980054e+09 1.04980054e+09
 1.04980055e+09 1.04980056e+09 1.04980056e+09 1.04980057e+09
 1.04980058e+09 1.04980058e+09 1.04980059e+09 1.04980060e+09
 1.04980060e+09 1.04980061e+09 1.04980062e+09 1.04980062e+09
 1.04980063e+09 1.04980064e+09 1.04980065e+09 1.04980065e+09
 1.04980066e+09 1.04980067e+09 1.04980067e+09 1.04980068e+09
 1.04980069e+09 1.04980069e+09 1.04980070e+09 1.04980071e+09
 1.04980071e+09 1.04980072e+09 1.04980073e+09 1.04980073e+09
 1.04980074e+09 1.04980075e+09 1.04980075e+09 1.04980076e+09
 1.04980077e+09 1.04980077e+09 1.04980078e+09 1.04980079e+09
 1.04980079e+09 1.04980080e+09 1.04980081e+09 1.04980081e+09
 1.04980082e+09 1.04980083e+09 1.04980084e+09 1.04980084e+09
 1.04980085e+09 1.04980086e+09 1.04980086e+09 1.04980087e+09
 1.04980088e+09 1.04980088e+09 1.04980089e+09 1.04980090e+09
 1.04980090e+09 1.04980091e+09 1.04980092e+09 1.04980092e+09
 1.04980093e+09 1.04980094e+09 1.04980094e+09 1.04980095e+09
 1.04980096e+09 1.04980096e+09 1.04980097e+09 1.04980098e+09
 1.04980098e+09 1.04980099e+09 1.04980100e+09 1.04980100e+09
 1.04980101e+09 1.04980102e+09 1.04980103e+09 1.04980103e+09
 1.04980104e+09 1.04980105e+09 1.04980105e+09 1.04980106e+09
 1.04980107e+09 1.04980107e+09 1.04980108e+09 1.04980109e+09
 1.04980109e+09 1.04980110e+09 1.04980111e+09 1.04980111e+09
 1.04980112e+09 1.04980113e+09 1.04980113e+09 1.04980114e+09
 1.04980115e+09 1.04980115e+09 1.04980116e+09 1.04980117e+09
 1.04980117e+09 1.04980118e+09 1.04980119e+09 1.04980119e+09
 1.04980120e+09 1.04980121e+09 1.04980122e+09 1.04980122e+09
 1.04980123e+09 1.04980124e+09 1.04980124e+09 1.04980125e+09
 1.04980126e+09 1.04980126e+09 1.04980127e+09 1.04980128e+09
 1.04980128e+09 1.04980129e+09 1.04980130e+09 1.04980130e+09
 1.04980131e+09 1.04980132e+09 1.04980132e+09 1.04980133e+09
 1.04980134e+09 1.04980134e+09 1.04980135e+09 1.04980136e+09
 1.04980136e+09 1.04980137e+09 1.04980138e+09 1.04980138e+09
 1.04980139e+09 1.04980140e+09 1.04980141e+09 1.04980141e+09
 1.04980142e+09 1.04980143e+09 1.04980143e+09 1.04980144e+09]
minRes = 5.630765609549483
minResTime =  [1.04979466e+09]
