name =JUICE_ROI_CAL_4_6_02
flyby =  ['2033 MAR 04 14:44:09', '2033 MAR 05 14:44:09']
Observation TW =  <SpiceCell dtype = 1, length = 0, size = 3000, card = 10, is_set = 1, adjust = 0, init = 1, base = 2554797768592, data = 2554797768640>
Res(t) =  [5.39411543 5.39111542 5.3881149  5.38511387 5.38211234 5.3791103
 5.37610776 5.3731047  5.37010114 5.36709707 5.36409249 5.3610874
 5.3580818  5.35507569 5.35206907 5.34906194 5.3460543  5.34304615
 5.34003749 5.33702832 5.33401863 5.33100844 5.32799773 5.32498651
 5.32197477 5.31896253 5.31594977 5.3129365  5.30992271 5.30690841
 5.30389359 5.30087826 5.29786242 5.29484605 5.29182918 5.28881179
 5.28579388 5.28277545 5.27975651 5.27673705 5.27371708 5.27069659
 5.26767557 5.26465405 5.261632   5.25860943 5.25558635 5.25256274
 5.24953862 5.24651397 5.24348881 5.24046313 5.23743692 5.23441019
 5.23138295 5.22835518 5.22532689 5.22229807 5.21926874 5.21623888
 5.2132085  5.21017759 5.20714617 5.20411421 5.20108174 5.19804874
 5.19501521 5.19198116 5.18894659 5.18591148 5.18287586 5.1798397
 5.17680302 5.17376581 5.17072808 5.16768982 5.16465103 5.16161171
 5.15857187 5.15553149 5.15249059 5.14944916 5.14640719 5.1433647
 5.14032168 5.13727813 5.13423405 5.13118943 5.12814429 5.12509861
 5.1220524  5.11900566 5.11595839 5.11291058 5.10986224 5.10681337
 5.10376397 5.10071403 5.09766355 5.09461254 5.091561   5.08850892
 5.08545631 5.08240316 5.07934947 5.07629525 5.07324049 5.0701852
 5.06712936 5.06407299 5.06101609 5.05795864 5.05490065 5.05184213
 5.04878307 5.04572346 5.04266332 5.03960264 5.03654142 5.03347966
 5.03041735 5.02735451 5.02429112 5.02122719 5.01816272 5.01509771
 5.01203215 5.00896605 5.00589941 5.00283223 4.9997645  4.99669622
 4.9936274  4.99055804 4.98748813 4.98441768 4.98134668 4.97827513
 4.97520304 4.9721304  4.96905721 4.96598348 4.9629092  4.95983437
 4.95675899 4.95368306 4.95060659 4.94752956 4.94445199 4.94137386
 4.93829519 4.93521596 4.93213619 4.92905586 4.92597498 4.92289355
 4.91981157 4.91672904 4.91364595 4.91056231 4.90747811 4.90439337
 4.90130806 4.89822221 4.8951358  4.89204883 4.88896131 4.88587324
 4.8827846  4.87969542 4.87660567 4.87351537 4.87042451 4.86733309
 4.86424112 4.86114859 4.8580555  4.85496185 4.85186764 4.84877287
 4.84567754 4.84258165 4.83948521 4.8363882  4.83329063 4.8301925
 4.8270938  4.82399455 4.82089473 4.81779435 4.81469341 4.8115919
 4.80848983 4.8053872  4.802284   4.79918024 4.79607591 4.79297101
 4.78986556 4.78675953 4.78365294 4.78054578 4.77743806 4.77432977
 4.77122091 4.76811148 4.76500149 4.76189092 4.75877979 4.75566809
 4.75255582 4.74944298 4.74632956 4.74321558 4.74010103 4.73698591
 4.73387021 4.73075394 4.7276371  4.72451969 4.72140171 4.71828315
 4.71516402 4.71204431 4.70892403 4.70580318 4.70268175 4.69955974
 4.69643716 4.69331401 4.69019027 4.68706596 4.68394108 4.68081562
 4.67768958 4.67456296 4.67143576 4.66830799 4.66517963 4.6620507
 4.65892119 4.65579109 4.65266042 4.64952917 4.64639733 4.64326492
 4.64013192 4.63699834 4.63386418 4.63072943 4.6275941  4.62445819
 4.6213217  4.61818462 4.61504696 4.61190871 4.60876987 4.60563046
 4.60249045 4.59934986 4.59620868 4.59306692 4.58992457 4.58678163
 4.58363811 4.58049399 4.57734929 4.574204   4.57105812 4.56791165
 4.56476459 4.56161693 4.55846869 4.55531986 4.55217044 4.54902042
 4.54586981 4.54271861 4.53956682 4.53641444 4.53326146 4.53010788
 4.52695372 4.52379896 4.5206436  4.51748765 4.5143311  4.51117396
 4.50801622 4.50485788 4.50169895 4.49853942 4.49537929 4.49221856
 4.48905724 4.48589532 4.48273279 4.47956967 4.47640595 4.47324163
 4.47007671 4.46691118 4.46374506 4.46057833 4.457411   4.45424307
 4.45107454 4.4479054  4.44473566 4.44156532 4.43839437 4.43522282
 4.43205066 4.4288779  4.42570453 4.42253056 4.41935598 4.41618079
 4.413005   4.4098286  4.40665159 4.40347397 4.40029574 4.39711691
 4.39393747 4.39075741 4.38757675 4.38439547 4.38121359 4.37803109
 4.37484799 4.37166427 4.36847993 4.36529499 4.36210943 4.35892326
 4.35573648 4.35254908 4.34936107 4.34617244 4.3429832  4.33979334
 4.33660287 4.33341178 4.33022007 4.32702775 4.3238348  4.32064124
 4.31744707 4.31425227 4.31105686 4.30786082 4.30466417 4.30146689
 4.298269   4.29507049 4.29187135 4.28867159 4.28547121 4.28227021
 4.27906859 4.27586634 4.27266347 4.26945997 4.26625585 4.26305111
 4.25984574 4.25663975 4.25343313 4.25022588 4.24701801 4.24380951
 4.24060038 4.23739063 4.23418024 4.23096923 4.22775759 4.22454533
 4.22133243 4.2181189  4.21490474 4.21168995 4.20847453 4.20525848
 4.20204179 4.19882448 4.19560653 4.19238795 4.18916873 4.18594888
 4.1827284  4.17950728 4.17628553 4.17306314 4.16984012 4.16661646
 4.16339216 4.16016723 4.15694166 4.15371545 4.1504886  4.14726111
 4.14403299 4.14080423 4.13757482 4.13434478 4.13111409 4.12788277
 4.1246508  4.12141819 4.11818494 4.11495105 4.11171652 4.10848134
 4.10524552 4.10200905 4.09877194 4.09553418 4.09229578 4.08905673
 4.08581704 4.0825767  4.07933571 4.07609408 4.0728518  4.06960887
 4.06636529 4.06312107 4.05987619 4.05663066 4.05338449 4.05013766
 4.04689018 4.04364205 4.04039327 4.03714384 4.03389376 4.03064302
 4.02739163 4.02413958 4.02088688 4.01763353 4.01437952 4.01112485
 4.00786953 4.00461356 4.00135692 3.99809963 3.99484169 3.99158308
 3.98832382 3.98506389 3.98180331 3.97854207 3.97528017 3.97201761
 3.96875438 3.9654905  3.96222596 3.95896075 3.95569488 3.95242835
 3.94916115 3.94589329 3.94262477 3.93935558 3.93608573 3.93281521
 3.92954402 3.92627217 3.92299966 3.91972647 3.91645262 3.9131781
 3.90990291 3.90662706 3.90335053 3.90007334 3.89679547 3.89351694
 3.89023773 3.88695785 3.8836773  3.88039608 3.87711419 3.87383162
 3.87054838 3.86726446 3.86397988 3.86069461 3.85740867 3.85412206
 3.85083477 3.8475468  3.84425816 3.84096884 3.83767884 3.83438816
 3.83109681 3.82780478 3.82451206 3.82121867 3.8179246  3.81462984
 3.81133441 3.80803829 3.80474149 3.80144401 3.79814584 3.794847
 3.79154746 3.78824725 3.78494635 3.78164476 3.77834249 3.77503953
 3.77173589 3.76843156 3.76512654 3.76182084 3.75851444 3.75520736
 3.75189959 3.74859113 3.74528198 3.74197214 3.73866161 3.73535038
 3.73203847 3.72872586 3.72541256 3.72209857 3.71878388 3.7154685
 3.71215243 3.70883566 3.70551819 3.70220003 3.69888117 3.69556162
 3.69224137 3.68892042 3.68559878 3.68227643 3.67895339 3.67562965
 3.6723052  3.66898006 3.66565422 3.66232767 3.65900042 3.65567248
 3.65234383 3.64901447 3.64568441 3.64235365 3.63902219 3.63569002
 3.63235714 3.62902356 3.62568927 3.62235428 3.61901857 3.61568217
 3.61234505 3.60900722 3.60566869 3.60232944 3.59898949 3.59564882
 3.59230745 3.58896536 3.58562257 3.58227905 3.57893483 3.5755899
 3.57224425 3.56889788 3.5655508  3.56220301 3.5588545  3.55550528
 3.55215533 3.54880468 3.5454533  3.54210121 3.53874839 3.53539486
 3.53204061 3.52868564 3.52532996 3.52197354 3.51861641 3.51525856
 3.51189998 3.50854069 3.50518067 3.50181992 3.49845845 3.49509626
 3.49173334 3.4883697  3.48500533 3.48164023 3.47827441 3.47490786
 3.47154058 3.46817258 3.46480384 3.46143438 3.45806419 3.45469326
 3.45132161 3.44794922 3.4445761  3.44120225 3.43782767 3.43445235
 3.43107631 3.42769952 3.424322   3.42094375 3.41756476 3.41418504
 3.41080457 3.40742338 3.40404144 3.40065877 3.39727535 3.3938912
 3.39050631 3.38712068 3.38373431 3.38034719 3.37695934 3.37357074
 3.3701814  3.36679132 3.3634005  3.36000893 3.35661661 3.35322355
 3.34982975 3.3464352  3.3430399  3.33964386 3.33624707 3.33284953
 3.32945124 3.3260522  3.32265242 3.31925188 3.31585059 3.31244855
 3.30904577 3.30564222 3.30223793 3.29883288 3.29542708 3.29202053
 3.28861322 3.28520515 3.28179633 3.27838676 3.27497643 3.27156534
 3.26815349 3.26474088 3.26132752 3.2579134  3.25449851 3.25108287
 3.24766647 3.2442493  3.24083138 3.23741269 3.23399324 3.23057302
 3.22715204 3.2237303  3.22030779 3.21688452 3.21346048 3.21003567
 3.2066101  3.20318376 3.19975665 3.19632877 3.19290013 3.18947071
 3.18604053 3.18260957 3.17917785 3.17574535 3.17231208 3.16887803
 3.16544322 3.16200763 3.15857126 3.15513412 3.15169621 3.14825752
 3.14481805 3.1413778  3.13793678 3.13449498 3.1310524  3.12760905
 3.12416491 3.12071999 3.11727429 3.11382781 3.11038055 3.10693251
 3.10348368 3.10003408 3.09658368 3.0931325  3.08968054 3.08622779
 3.08277426 3.07931994 3.07586483 3.07240893 3.06895225 3.06549477
 3.06203651 3.05857746 3.05511762 3.05165698 3.04819556 3.04473334
 3.04127033 3.03780653 3.03434193 3.03087654 3.02741035 3.02394337
 3.02047559 3.01700702 3.01353765 3.01006748 3.00659651 3.00312475
 2.99965218 2.99617882 2.99270465 2.98922968 2.98575392 2.98227735
 2.97879997 2.9753218  2.97184282 2.96836304 2.96488245 2.96140105
 2.95791885 2.95443585 2.95095203 2.94746741 2.94398198 2.94049574
 2.93700869 2.93352084 2.93003217 2.92654269 2.9230524  2.91956129
 2.91606938 2.91257665 2.9090831  2.90558875 2.90209357 2.89859758
 2.89510078 2.89160316 2.88810472 2.88460546 2.88110538 2.87760449
 2.87410277 2.87060024 2.86709688 2.8635927  2.8600877  2.85658188
 2.85307523 2.84956776 2.84605947 2.84255035 2.83904041 2.83552963
 2.83201804 2.82850561 2.82499236 2.82147828 2.81796337 2.81444763
 2.81093106 2.80741366 2.80389542 2.80037636 2.79685646 2.79333573
 2.78981417 2.78629177 2.78276853 2.77924446 2.77571956 2.77219382
 2.76866724 2.76513982 2.76161156 2.75808247 2.75455253 2.75102175
 2.74749014 2.74395768 2.74042438 2.73689023 2.73335524 2.72981941
 2.72628274 2.72274522 2.71920685 2.71566763 2.71212757 2.70858666
 2.70504491 2.7015023  2.69795885 2.69441454 2.69086938 2.68732338
 2.68377652 2.6802288  2.67668024 2.67313082 2.66958054 2.66602941
 2.66247743 2.65892459 2.65537089 2.65181633 2.64826092 2.64470464
 2.64114751 2.63758952 2.63403067 2.63047095 2.62691037 2.62334893
 2.61978663 2.61622346 2.61265943 2.60909454 2.60552878 2.60196215
 2.59839465 2.59482629 2.59125706 2.58768696 2.58411599 2.58054415
 2.57697144 2.57339785 2.5698234  2.56624807 2.56267187 2.55909479
 2.55551684 2.55193802 2.54835832 2.54477774 2.54119629 2.53761395
 2.53403074 2.53044665 2.52686168 2.52327583 2.5196891  2.51610148
 2.51251298 2.5089236  2.50533334 2.50174219 2.49815016 2.49455724
 2.49096343 2.48736874 2.48377316 2.48017669 2.47657934 2.47298109
 2.46938195 2.46578192 2.462181   2.45857919 2.45497648 2.45137288
 2.44776839 2.444163   2.44055671 2.43694953 2.43334145 2.42973248
 2.4261226  2.42251183 2.41890015 2.41528758 2.4116741  2.40805973
 2.40444445 2.40082827 2.39721118 2.39359319 2.38997429 2.38635449
 2.38273378 2.37911217 2.37548964 2.37186621 2.36824187 2.36461662
 2.36099046 2.35736338 2.3537354  2.3501065  2.34647669 2.34284596
 2.33921432 2.33558177 2.33194829 2.3283139  2.3246786  2.32104237
 2.31740523 2.31376716 2.31012818 2.30648828 2.30284745 2.2992057
 2.29556303 2.29191943 2.28827491 2.28462946 2.28098309 2.27733579
 2.27368756 2.27003841 2.26638832 2.26273731 2.25908537 2.25543249
 2.25177868 2.24812394 2.24446827 2.24081167 2.23715413 2.23349565
 2.22983624 2.22617589 2.2225146  2.21885238 2.21518921 2.21152511
 2.20786007 2.20419408 2.20052716 2.19685929 2.19319047 2.18952072
 2.18585002 2.18217837 2.17850578 2.17483224 2.17115775 2.16748231
 2.16380593 2.16012859 2.1564503  2.15277107 2.14909088 2.14540973
 2.14172764 2.13804459 2.13436058 2.13067562 2.1269897  2.12330282
 2.11961499 2.1159262  2.11223644 2.10854573 2.10485406 2.10116142
 2.09746782 2.09377326 2.09007773 2.08638124]
t =  [1.04683232e+09 1.04683235e+09 1.04683237e+09 1.04683240e+09
 1.04683243e+09 1.04683246e+09 1.04683249e+09 1.04683252e+09
 1.04683254e+09 1.04683257e+09 1.04683260e+09 1.04683263e+09
 1.04683266e+09 1.04683269e+09 1.04683271e+09 1.04683274e+09
 1.04683277e+09 1.04683280e+09 1.04683283e+09 1.04683286e+09
 1.04683288e+09 1.04683291e+09 1.04683294e+09 1.04683297e+09
 1.04683300e+09 1.04683303e+09 1.04683305e+09 1.04683308e+09
 1.04683311e+09 1.04683314e+09 1.04683317e+09 1.04683320e+09
 1.04683322e+09 1.04683325e+09 1.04683328e+09 1.04683331e+09
 1.04683334e+09 1.04683336e+09 1.04683339e+09 1.04683342e+09
 1.04683345e+09 1.04683348e+09 1.04683351e+09 1.04683353e+09
 1.04683356e+09 1.04683359e+09 1.04683362e+09 1.04683365e+09
 1.04683368e+09 1.04683370e+09 1.04683373e+09 1.04683376e+09
 1.04683379e+09 1.04683382e+09 1.04683385e+09 1.04683387e+09
 1.04683390e+09 1.04683393e+09 1.04683396e+09 1.04683399e+09
 1.04683402e+09 1.04683404e+09 1.04683407e+09 1.04683410e+09
 1.04683413e+09 1.04683416e+09 1.04683419e+09 1.04683421e+09
 1.04683424e+09 1.04683427e+09 1.04683430e+09 1.04683433e+09
 1.04683435e+09 1.04683438e+09 1.04683441e+09 1.04683444e+09
 1.04683447e+09 1.04683450e+09 1.04683452e+09 1.04683455e+09
 1.04683458e+09 1.04683461e+09 1.04683464e+09 1.04683467e+09
 1.04683469e+09 1.04683472e+09 1.04683475e+09 1.04683478e+09
 1.04683481e+09 1.04683484e+09 1.04683486e+09 1.04683489e+09
 1.04683492e+09 1.04683495e+09 1.04683498e+09 1.04683501e+09
 1.04683503e+09 1.04683506e+09 1.04683509e+09 1.04683512e+09
 1.04683515e+09 1.04683518e+09 1.04683520e+09 1.04683523e+09
 1.04683526e+09 1.04683529e+09 1.04683532e+09 1.04683535e+09
 1.04683537e+09 1.04683540e+09 1.04683543e+09 1.04683546e+09
 1.04683549e+09 1.04683551e+09 1.04683554e+09 1.04683557e+09
 1.04683560e+09 1.04683563e+09 1.04683566e+09 1.04683568e+09
 1.04683571e+09 1.04683574e+09 1.04683577e+09 1.04683580e+09
 1.04683583e+09 1.04683585e+09 1.04683588e+09 1.04683591e+09
 1.04683594e+09 1.04683597e+09 1.04683600e+09 1.04683602e+09
 1.04683605e+09 1.04683608e+09 1.04683611e+09 1.04683614e+09
 1.04683617e+09 1.04683619e+09 1.04683622e+09 1.04683625e+09
 1.04683628e+09 1.04683631e+09 1.04683634e+09 1.04683636e+09
 1.04683639e+09 1.04683642e+09 1.04683645e+09 1.04683648e+09
 1.04683650e+09 1.04683653e+09 1.04683656e+09 1.04683659e+09
 1.04683662e+09 1.04683665e+09 1.04683667e+09 1.04683670e+09
 1.04683673e+09 1.04683676e+09 1.04683679e+09 1.04683682e+09
 1.04683684e+09 1.04683687e+09 1.04683690e+09 1.04683693e+09
 1.04683696e+09 1.04683699e+09 1.04683701e+09 1.04683704e+09
 1.04683707e+09 1.04683710e+09 1.04683713e+09 1.04683716e+09
 1.04683718e+09 1.04683721e+09 1.04683724e+09 1.04683727e+09
 1.04683730e+09 1.04683733e+09 1.04683735e+09 1.04683738e+09
 1.04683741e+09 1.04683744e+09 1.04683747e+09 1.04683749e+09
 1.04683752e+09 1.04683755e+09 1.04683758e+09 1.04683761e+09
 1.04683764e+09 1.04683766e+09 1.04683769e+09 1.04683772e+09
 1.04683775e+09 1.04683778e+09 1.04683781e+09 1.04683783e+09
 1.04683786e+09 1.04683789e+09 1.04683792e+09 1.04683795e+09
 1.04683798e+09 1.04683800e+09 1.04683803e+09 1.04683806e+09
 1.04683809e+09 1.04683812e+09 1.04683815e+09 1.04683817e+09
 1.04683820e+09 1.04683823e+09 1.04683826e+09 1.04683829e+09
 1.04683832e+09 1.04683834e+09 1.04683837e+09 1.04683840e+09
 1.04683843e+09 1.04683846e+09 1.04683849e+09 1.04683851e+09
 1.04683854e+09 1.04683857e+09 1.04683860e+09 1.04683863e+09
 1.04683865e+09 1.04683868e+09 1.04683871e+09 1.04683874e+09
 1.04683877e+09 1.04683880e+09 1.04683882e+09 1.04683885e+09
 1.04683888e+09 1.04683891e+09 1.04683894e+09 1.04683897e+09
 1.04683899e+09 1.04683902e+09 1.04683905e+09 1.04683908e+09
 1.04683911e+09 1.04683914e+09 1.04683916e+09 1.04683919e+09
 1.04683922e+09 1.04683925e+09 1.04683928e+09 1.04683931e+09
 1.04683933e+09 1.04683936e+09 1.04683939e+09 1.04683942e+09
 1.04683945e+09 1.04683948e+09 1.04683950e+09 1.04683953e+09
 1.04683956e+09 1.04683959e+09 1.04683962e+09 1.04683964e+09
 1.04683967e+09 1.04683970e+09 1.04683973e+09 1.04683976e+09
 1.04683979e+09 1.04683981e+09 1.04683984e+09 1.04683987e+09
 1.04683990e+09 1.04683993e+09 1.04683996e+09 1.04683998e+09
 1.04684001e+09 1.04684004e+09 1.04684007e+09 1.04684010e+09
 1.04684013e+09 1.04684015e+09 1.04684018e+09 1.04684021e+09
 1.04684024e+09 1.04684027e+09 1.04684030e+09 1.04684032e+09
 1.04684035e+09 1.04684038e+09 1.04684041e+09 1.04684044e+09
 1.04684047e+09 1.04684049e+09 1.04684052e+09 1.04684055e+09
 1.04684058e+09 1.04684061e+09 1.04684063e+09 1.04684066e+09
 1.04684069e+09 1.04684072e+09 1.04684075e+09 1.04684078e+09
 1.04684080e+09 1.04684083e+09 1.04684086e+09 1.04684089e+09
 1.04684092e+09 1.04684095e+09 1.04684097e+09 1.04684100e+09
 1.04684103e+09 1.04684106e+09 1.04684109e+09 1.04684112e+09
 1.04684114e+09 1.04684117e+09 1.04684120e+09 1.04684123e+09
 1.04684126e+09 1.04684129e+09 1.04684131e+09 1.04684134e+09
 1.04684137e+09 1.04684140e+09 1.04684143e+09 1.04684146e+09
 1.04684148e+09 1.04684151e+09 1.04684154e+09 1.04684157e+09
 1.04684160e+09 1.04684163e+09 1.04684165e+09 1.04684168e+09
 1.04684171e+09 1.04684174e+09 1.04684177e+09 1.04684179e+09
 1.04684182e+09 1.04684185e+09 1.04684188e+09 1.04684191e+09
 1.04684194e+09 1.04684196e+09 1.04684199e+09 1.04684202e+09
 1.04684205e+09 1.04684208e+09 1.04684211e+09 1.04684213e+09
 1.04684216e+09 1.04684219e+09 1.04684222e+09 1.04684225e+09
 1.04684228e+09 1.04684230e+09 1.04684233e+09 1.04684236e+09
 1.04684239e+09 1.04684242e+09 1.04684245e+09 1.04684247e+09
 1.04684250e+09 1.04684253e+09 1.04684256e+09 1.04684259e+09
 1.04684262e+09 1.04684264e+09 1.04684267e+09 1.04684270e+09
 1.04684273e+09 1.04684276e+09 1.04684278e+09 1.04684281e+09
 1.04684284e+09 1.04684287e+09 1.04684290e+09 1.04684293e+09
 1.04684295e+09 1.04684298e+09 1.04684301e+09 1.04684304e+09
 1.04684307e+09 1.04684310e+09 1.04684312e+09 1.04684315e+09
 1.04684318e+09 1.04684321e+09 1.04684324e+09 1.04684327e+09
 1.04684329e+09 1.04684332e+09 1.04684335e+09 1.04684338e+09
 1.04684341e+09 1.04684344e+09 1.04684346e+09 1.04684349e+09
 1.04684352e+09 1.04684355e+09 1.04684358e+09 1.04684361e+09
 1.04684363e+09 1.04684366e+09 1.04684369e+09 1.04684372e+09
 1.04684375e+09 1.04684377e+09 1.04684380e+09 1.04684383e+09
 1.04684386e+09 1.04684389e+09 1.04684392e+09 1.04684394e+09
 1.04684397e+09 1.04684400e+09 1.04684403e+09 1.04684406e+09
 1.04684409e+09 1.04684411e+09 1.04684414e+09 1.04684417e+09
 1.04684420e+09 1.04684423e+09 1.04684426e+09 1.04684428e+09
 1.04684431e+09 1.04684434e+09 1.04684437e+09 1.04684440e+09
 1.04684443e+09 1.04684445e+09 1.04684448e+09 1.04684451e+09
 1.04684454e+09 1.04684457e+09 1.04684460e+09 1.04684462e+09
 1.04684465e+09 1.04684468e+09 1.04684471e+09 1.04684474e+09
 1.04684477e+09 1.04684479e+09 1.04684482e+09 1.04684485e+09
 1.04684488e+09 1.04684491e+09 1.04684493e+09 1.04684496e+09
 1.04684499e+09 1.04684502e+09 1.04684505e+09 1.04684508e+09
 1.04684510e+09 1.04684513e+09 1.04684516e+09 1.04684519e+09
 1.04684522e+09 1.04684525e+09 1.04684527e+09 1.04684530e+09
 1.04684533e+09 1.04684536e+09 1.04684539e+09 1.04684542e+09
 1.04684544e+09 1.04684547e+09 1.04684550e+09 1.04684553e+09
 1.04684556e+09 1.04684559e+09 1.04684561e+09 1.04684564e+09
 1.04684567e+09 1.04684570e+09 1.04684573e+09 1.04684576e+09
 1.04684578e+09 1.04684581e+09 1.04684584e+09 1.04684587e+09
 1.04684590e+09 1.04684592e+09 1.04684595e+09 1.04684598e+09
 1.04684601e+09 1.04684604e+09 1.04684607e+09 1.04684609e+09
 1.04684612e+09 1.04684615e+09 1.04684618e+09 1.04684621e+09
 1.04684624e+09 1.04684626e+09 1.04684629e+09 1.04684632e+09
 1.04684635e+09 1.04684638e+09 1.04684641e+09 1.04684643e+09
 1.04684646e+09 1.04684649e+09 1.04684652e+09 1.04684655e+09
 1.04684658e+09 1.04684660e+09 1.04684663e+09 1.04684666e+09
 1.04684669e+09 1.04684672e+09 1.04684675e+09 1.04684677e+09
 1.04684680e+09 1.04684683e+09 1.04684686e+09 1.04684689e+09
 1.04684691e+09 1.04684694e+09 1.04684697e+09 1.04684700e+09
 1.04684703e+09 1.04684706e+09 1.04684708e+09 1.04684711e+09
 1.04684714e+09 1.04684717e+09 1.04684720e+09 1.04684723e+09
 1.04684725e+09 1.04684728e+09 1.04684731e+09 1.04684734e+09
 1.04684737e+09 1.04684740e+09 1.04684742e+09 1.04684745e+09
 1.04684748e+09 1.04684751e+09 1.04684754e+09 1.04684757e+09
 1.04684759e+09 1.04684762e+09 1.04684765e+09 1.04684768e+09
 1.04684771e+09 1.04684774e+09 1.04684776e+09 1.04684779e+09
 1.04684782e+09 1.04684785e+09 1.04684788e+09 1.04684791e+09
 1.04684793e+09 1.04684796e+09 1.04684799e+09 1.04684802e+09
 1.04684805e+09 1.04684807e+09 1.04684810e+09 1.04684813e+09
 1.04684816e+09 1.04684819e+09 1.04684822e+09 1.04684824e+09
 1.04684827e+09 1.04684830e+09 1.04684833e+09 1.04684836e+09
 1.04684839e+09 1.04684841e+09 1.04684844e+09 1.04684847e+09
 1.04684850e+09 1.04684853e+09 1.04684856e+09 1.04684858e+09
 1.04684861e+09 1.04684864e+09 1.04684867e+09 1.04684870e+09
 1.04684873e+09 1.04684875e+09 1.04684878e+09 1.04684881e+09
 1.04684884e+09 1.04684887e+09 1.04684890e+09 1.04684892e+09
 1.04684895e+09 1.04684898e+09 1.04684901e+09 1.04684904e+09
 1.04684906e+09 1.04684909e+09 1.04684912e+09 1.04684915e+09
 1.04684918e+09 1.04684921e+09 1.04684923e+09 1.04684926e+09
 1.04684929e+09 1.04684932e+09 1.04684935e+09 1.04684938e+09
 1.04684940e+09 1.04684943e+09 1.04684946e+09 1.04684949e+09
 1.04684952e+09 1.04684955e+09 1.04684957e+09 1.04684960e+09
 1.04684963e+09 1.04684966e+09 1.04684969e+09 1.04684972e+09
 1.04684974e+09 1.04684977e+09 1.04684980e+09 1.04684983e+09
 1.04684986e+09 1.04684989e+09 1.04684991e+09 1.04684994e+09
 1.04684997e+09 1.04685000e+09 1.04685003e+09 1.04685005e+09
 1.04685008e+09 1.04685011e+09 1.04685014e+09 1.04685017e+09
 1.04685020e+09 1.04685022e+09 1.04685025e+09 1.04685028e+09
 1.04685031e+09 1.04685034e+09 1.04685037e+09 1.04685039e+09
 1.04685042e+09 1.04685045e+09 1.04685048e+09 1.04685051e+09
 1.04685054e+09 1.04685056e+09 1.04685059e+09 1.04685062e+09
 1.04685065e+09 1.04685068e+09 1.04685071e+09 1.04685073e+09
 1.04685076e+09 1.04685079e+09 1.04685082e+09 1.04685085e+09
 1.04685088e+09 1.04685090e+09 1.04685093e+09 1.04685096e+09
 1.04685099e+09 1.04685102e+09 1.04685105e+09 1.04685107e+09
 1.04685110e+09 1.04685113e+09 1.04685116e+09 1.04685119e+09
 1.04685121e+09 1.04685124e+09 1.04685127e+09 1.04685130e+09
 1.04685133e+09 1.04685136e+09 1.04685138e+09 1.04685141e+09
 1.04685144e+09 1.04685147e+09 1.04685150e+09 1.04685153e+09
 1.04685155e+09 1.04685158e+09 1.04685161e+09 1.04685164e+09
 1.04685167e+09 1.04685170e+09 1.04685172e+09 1.04685175e+09
 1.04685178e+09 1.04685181e+09 1.04685184e+09 1.04685187e+09
 1.04685189e+09 1.04685192e+09 1.04685195e+09 1.04685198e+09
 1.04685201e+09 1.04685204e+09 1.04685206e+09 1.04685209e+09
 1.04685212e+09 1.04685215e+09 1.04685218e+09 1.04685220e+09
 1.04685223e+09 1.04685226e+09 1.04685229e+09 1.04685232e+09
 1.04685235e+09 1.04685237e+09 1.04685240e+09 1.04685243e+09
 1.04685246e+09 1.04685249e+09 1.04685252e+09 1.04685254e+09
 1.04685257e+09 1.04685260e+09 1.04685263e+09 1.04685266e+09
 1.04685269e+09 1.04685271e+09 1.04685274e+09 1.04685277e+09
 1.04685280e+09 1.04685283e+09 1.04685286e+09 1.04685288e+09
 1.04685291e+09 1.04685294e+09 1.04685297e+09 1.04685300e+09
 1.04685303e+09 1.04685305e+09 1.04685308e+09 1.04685311e+09
 1.04685314e+09 1.04685317e+09 1.04685319e+09 1.04685322e+09
 1.04685325e+09 1.04685328e+09 1.04685331e+09 1.04685334e+09
 1.04685336e+09 1.04685339e+09 1.04685342e+09 1.04685345e+09
 1.04685348e+09 1.04685351e+09 1.04685353e+09 1.04685356e+09
 1.04685359e+09 1.04685362e+09 1.04685365e+09 1.04685368e+09
 1.04685370e+09 1.04685373e+09 1.04685376e+09 1.04685379e+09
 1.04685382e+09 1.04685385e+09 1.04685387e+09 1.04685390e+09
 1.04685393e+09 1.04685396e+09 1.04685399e+09 1.04685402e+09
 1.04685404e+09 1.04685407e+09 1.04685410e+09 1.04685413e+09
 1.04685416e+09 1.04685419e+09 1.04685421e+09 1.04685424e+09
 1.04685427e+09 1.04685430e+09 1.04685433e+09 1.04685435e+09
 1.04685438e+09 1.04685441e+09 1.04685444e+09 1.04685447e+09
 1.04685450e+09 1.04685452e+09 1.04685455e+09 1.04685458e+09
 1.04685461e+09 1.04685464e+09 1.04685467e+09 1.04685469e+09
 1.04685472e+09 1.04685475e+09 1.04685478e+09 1.04685481e+09
 1.04685484e+09 1.04685486e+09 1.04685489e+09 1.04685492e+09
 1.04685495e+09 1.04685498e+09 1.04685501e+09 1.04685503e+09
 1.04685506e+09 1.04685509e+09 1.04685512e+09 1.04685515e+09
 1.04685518e+09 1.04685520e+09 1.04685523e+09 1.04685526e+09
 1.04685529e+09 1.04685532e+09 1.04685534e+09 1.04685537e+09
 1.04685540e+09 1.04685543e+09 1.04685546e+09 1.04685549e+09
 1.04685551e+09 1.04685554e+09 1.04685557e+09 1.04685560e+09
 1.04685563e+09 1.04685566e+09 1.04685568e+09 1.04685571e+09
 1.04685574e+09 1.04685577e+09 1.04685580e+09 1.04685583e+09
 1.04685585e+09 1.04685588e+09 1.04685591e+09 1.04685594e+09
 1.04685597e+09 1.04685600e+09 1.04685602e+09 1.04685605e+09
 1.04685608e+09 1.04685611e+09 1.04685614e+09 1.04685617e+09
 1.04685619e+09 1.04685622e+09 1.04685625e+09 1.04685628e+09
 1.04685631e+09 1.04685633e+09 1.04685636e+09 1.04685639e+09
 1.04685642e+09 1.04685645e+09 1.04685648e+09 1.04685650e+09
 1.04685653e+09 1.04685656e+09 1.04685659e+09 1.04685662e+09
 1.04685665e+09 1.04685667e+09 1.04685670e+09 1.04685673e+09
 1.04685676e+09 1.04685679e+09 1.04685682e+09 1.04685684e+09
 1.04685687e+09 1.04685690e+09 1.04685693e+09 1.04685696e+09
 1.04685699e+09 1.04685701e+09 1.04685704e+09 1.04685707e+09
 1.04685710e+09 1.04685713e+09 1.04685716e+09 1.04685718e+09
 1.04685721e+09 1.04685724e+09 1.04685727e+09 1.04685730e+09
 1.04685733e+09 1.04685735e+09 1.04685738e+09 1.04685741e+09
 1.04685744e+09 1.04685747e+09 1.04685749e+09 1.04685752e+09
 1.04685755e+09 1.04685758e+09 1.04685761e+09 1.04685764e+09
 1.04685766e+09 1.04685769e+09 1.04685772e+09 1.04685775e+09
 1.04685778e+09 1.04685781e+09 1.04685783e+09 1.04685786e+09
 1.04685789e+09 1.04685792e+09 1.04685795e+09 1.04685798e+09
 1.04685800e+09 1.04685803e+09 1.04685806e+09 1.04685809e+09
 1.04685812e+09 1.04685815e+09 1.04685817e+09 1.04685820e+09
 1.04685823e+09 1.04685826e+09 1.04685829e+09 1.04685832e+09
 1.04685834e+09 1.04685837e+09 1.04685840e+09 1.04685843e+09
 1.04685846e+09 1.04685848e+09 1.04685851e+09 1.04685854e+09
 1.04685857e+09 1.04685860e+09 1.04685863e+09 1.04685865e+09
 1.04685868e+09 1.04685871e+09 1.04685874e+09 1.04685877e+09
 1.04685880e+09 1.04685882e+09 1.04685885e+09 1.04685888e+09
 1.04685891e+09 1.04685894e+09 1.04685897e+09 1.04685899e+09
 1.04685902e+09 1.04685905e+09 1.04685908e+09 1.04685911e+09
 1.04685914e+09 1.04685916e+09 1.04685919e+09 1.04685922e+09
 1.04685925e+09 1.04685928e+09 1.04685931e+09 1.04685933e+09
 1.04685936e+09 1.04685939e+09 1.04685942e+09 1.04685945e+09
 1.04685947e+09 1.04685950e+09 1.04685953e+09 1.04685956e+09
 1.04685959e+09 1.04685962e+09 1.04685964e+09 1.04685967e+09
 1.04685970e+09 1.04685973e+09 1.04685976e+09 1.04685979e+09
 1.04685981e+09 1.04685984e+09 1.04685987e+09 1.04685990e+09
 1.04685993e+09 1.04685996e+09 1.04685998e+09 1.04686001e+09
 1.04686004e+09 1.04686007e+09 1.04686010e+09 1.04686013e+09
 1.04686015e+09 1.04686018e+09 1.04686021e+09 1.04686024e+09
 1.04686027e+09 1.04686030e+09 1.04686032e+09 1.04686035e+09
 1.04686038e+09 1.04686041e+09 1.04686044e+09 1.04686047e+09
 1.04686049e+09 1.04686052e+09 1.04686055e+09 1.04686058e+09]
minRes = 2.0863812406065434
minResTime =  [1.04686058e+09]
