name =JUICE_ROI_CAL_5_0_14
flyby =  ['2033 JUL 16 02:11:44', '2033 JUL 17 02:11:44']
Observation TW =  <SpiceCell dtype = 1, length = 0, size = 3400, card = 14, is_set = 1, adjust = 0, init = 1, base = 2554805490288, data = 2554805490336>
Res(t) =  [4.73680877 4.73195999 4.72711169 4.72226387 4.71741652 4.71256965
 4.70772325 4.70287732 4.69803187 4.69318689 4.68834238 4.68349835
 4.6786548  4.67381172 4.66896911 4.66412697 4.65928531 4.65444412
 4.64960341 4.64476317 4.6399234  4.6350841  4.63024528 4.62540693
 4.62056906 4.61573165 4.61089472 4.60605827 4.60122228 4.59638677
 4.59155173 4.58671716 4.58188307 4.57704945 4.5722163  4.56738362
 4.56255141 4.55771968 4.55288841 4.54805762 4.5432273  4.53839746
 4.53356808 4.52873918 4.52391074 4.51908278 4.51425529 4.50942827
 4.50460172 4.49977565 4.49495004 4.4901249  4.48530024 4.48047605
 4.47565232 4.47082907 4.46600629 4.46118398 4.45636214 4.45154077
 4.44671986 4.44189943 4.43707947 4.43225998 4.42744096 4.42262241
 4.41780433 4.41298672 4.40816958 4.4033529  4.3985367  4.39372097
 4.3889057  4.38409091 4.37927658 4.37446273 4.36964934 4.36483642
 4.36002397 4.35521199 4.35040047 4.34558943 4.34077885 4.33596875
 4.33115911 4.32634994 4.32154124 4.316733   4.31192524 4.30711794
 4.30231111 4.29750475 4.29269885 4.28789342 4.28308847 4.27828397
 4.27347995 4.26867639 4.2638733  4.25907068 4.25426853 4.24946684
 4.24466562 4.23986487 4.23506458 4.23026476 4.2254654  4.22066652
 4.2158681  4.21107014 4.20627266 4.20147564 4.19667908 4.19188299
 4.18708737 4.18229221 4.17749752 4.1727033  4.16790954 4.16311625
 4.15832342 4.15353106 4.14873917 4.14394773 4.13915677 4.13436627
 4.12957624 4.12478667 4.11999756 4.11520892 4.11042075 4.10563304
 4.1008458  4.09605902 4.0912727  4.08648685 4.08170146 4.07691654
 4.07213209 4.06734809 4.06256456 4.0577815  4.0529989  4.04821676
 4.04343509 4.03865388 4.03387314 4.02909285 4.02431304 4.01953368
 4.01475479 4.00997636 4.0051984  4.0004209  3.99564386 3.99086729
 3.98609118 3.98131553 3.97654034 3.97176562 3.96699136 3.96221756
 3.95744423 3.95267135 3.94789894 3.943127   3.93835551 3.93358449
 3.92881393 3.92404383 3.91927419 3.91450502 3.9097363  3.90496805
 3.90020026 3.89543294 3.89066607 3.88589967 3.88113372 3.87636824
 3.87160322 3.86683866 3.86207456 3.85731092 3.85254775 3.84778503
 3.84302278 3.83826098 3.83349965 3.82873878 3.82397837 3.81921842
 3.81445892 3.80969989 3.80494132 3.80018321 3.79542556 3.79066837
 3.78591164 3.78115537 3.77639956 3.77164421 3.76688932 3.76213489
 3.75738092 3.7526274  3.74787435 3.74312176 3.73836962 3.73361795
 3.72886673 3.72411598 3.71936568 3.71461584 3.70986646 3.70511754
 3.70036907 3.69562107 3.69087352 3.68612643 3.68137981 3.67663363
 3.67188792 3.66714267 3.66239787 3.65765353 3.65290965 3.64816623
 3.64342327 3.63868076 3.63393871 3.62919712 3.62445598 3.61971531
 3.61497509 3.61023533 3.60549602 3.60075717 3.59601878 3.59128085
 3.58654337 3.58180635 3.57706979 3.57233368 3.56759803 3.56286284
 3.55812811 3.55339383 3.54866    3.54392663 3.53919372 3.53446127
 3.52972927 3.52499773 3.52026664 3.51553601 3.51080583 3.50607611
 3.50134685 3.49661804 3.49188969 3.48716179 3.48243435 3.47770737
 3.47298083 3.46825476 3.46352914 3.45880397 3.45407926 3.449355
 3.4446312  3.43990786 3.43518496 3.43046253 3.42574055 3.42101902
 3.41629794 3.41157732 3.40685716 3.40213745 3.39741819 3.39269939
 3.38798104 3.38326314 3.3785457  3.37382872 3.36911218 3.3643961
 3.35968047 3.3549653  3.35025058 3.34553632 3.3408225  3.33610914
 3.33139624 3.32668378 3.32197178 3.31726023 3.31254914 3.3078385
 3.30312831 3.29841857 3.29370929 3.28900046 3.28429208 3.27958415
 3.27487667 3.27016965 3.26546308 3.26075696 3.2560513  3.25134608
 3.24664132 3.24193701 3.23723315 3.23252974 3.22782679 3.22312429
 3.21842223 3.21372063 3.20901948 3.20431878 3.19961854 3.19491874
 3.19021939 3.1855205  3.18082206 3.17612406 3.17142652 3.16672943
 3.16203279 3.1573366  3.15264086 3.14794557 3.14325073 3.13855635
 3.13386241 3.12916892 3.12447588 3.11978329 3.11509116 3.11039947
 3.10570823 3.10101744 3.0963271  3.09163721 3.08694777 3.08225878
 3.07757024 3.07288215 3.06819451 3.06350732 3.05882057 3.05413428
 3.04944843 3.04476303 3.04007809 3.03539359 3.03070954 3.02602593
 3.02134278 3.01666008 3.01197782 3.00729601 3.00261465 2.99793374
 2.99325328 2.98857326 2.98389369 2.97921457 2.9745359  2.96985768
 2.9651799  2.96050257 2.95582569 2.95114926 2.94647328 2.94179774
 2.93712265 2.932448   2.92777381 2.92310006 2.91842676 2.9137539
 2.90908149 2.90440953 2.89973802 2.89506695 2.89039633 2.88572615
 2.88105643 2.87638715 2.87171831 2.86704992 2.86238198 2.85771448
 2.85304744 2.84838083 2.84371467 2.83904896 2.8343837  2.82971888
 2.8250545  2.82039057 2.81572709 2.81106405 2.80640146 2.80173932
 2.79707761 2.79241636 2.78775555 2.78309518 2.77843526 2.77377579
 2.76911676 2.76445817 2.75980003 2.75514234 2.75048509 2.74582828
 2.74117192 2.736516   2.73186053 2.7272055  2.72255092 2.71789678
 2.71324308 2.70858983 2.70393702 2.69928466 2.69463274 2.68998126
 2.68533023 2.68067964 2.6760295  2.6713798  2.66673054 2.66208173
 2.65743336 2.65278543 2.64813795 2.64349091 2.63884431 2.63419816
 2.62955244 2.62490718 2.62026235 2.61561797 2.61097403 2.60633053
 2.60168748 2.59704487 2.5924027  2.58776097 2.58311969 2.57847885
 2.57383845 2.56919849 2.56455897 2.5599199  2.55528127 2.55064308
 2.54600533 2.54136803 2.53673117 2.53209475 2.52745877 2.52282323
 2.51818813 2.51355348 2.50891926 2.50428549 2.49965216 2.49501927
 2.49038682 2.48575481 2.48112325 2.47649212 2.47186144 2.46723119
 2.46260139 2.45797203 2.45334311 2.44871463 2.44408659 2.43945899
 2.43483183 2.43020511 2.42557883 2.420953   2.4163276  2.41170264
 2.40707812 2.40245405 2.39783041 2.39320721 2.38858446 2.38396214
 2.37934026 2.37471882 2.37009782 2.36547727 2.36085715 2.35623747
 2.35161823 2.34699943 2.34238107 2.33776315 2.33314566 2.32852862
 2.32391201 2.31929585 2.31468012 2.31006484 2.30544999 2.30083558
 2.29622161 2.29160808 2.28699498 2.28238233 2.27777011 2.27315834
 2.268547   2.2639361  2.25932563 2.25471561 2.25010603 2.24549688
 2.24088817 2.2362799  2.23167207 2.22706467 2.22245771 2.2178512
 2.21324512 2.20863947 2.20403427 2.1994295  2.19482517 2.19022128
 2.18561782 2.18101481 2.17641223 2.17181008 2.16720838 2.16260711
 2.15800628 2.15340589 2.14880593 2.14420642 2.13960734 2.13500869
 2.13041048 2.12581271 2.12121538 2.11661849 2.11202203 2.107426
 2.10283042 2.09823527 2.09364056 2.08904628 2.08445244 2.07985904
 2.07526608 2.07067355 2.06608145 2.0614898  2.05689858 2.0523078
 2.04771745 2.04312754 2.03853806 2.03394902 2.02936042 2.02477226
 2.02018453 2.01559723 2.01101038 2.00642395 2.00183797 1.99725242
 1.99266731 1.98808263 1.98349839 1.97891458 1.97433121 1.96974828
 1.96516578 1.96058371 1.95600209 1.95142089 1.94684014 1.94225982
 1.93767993 1.93310048 1.92852147 1.92394289 1.91936475 1.91478704
 1.91020977 1.90563294 1.90105654 1.89648057 1.89190504 1.88732995
 1.88275529 1.87818106 1.87360728 1.86903392 1.864461   1.85988852
 1.85531647 1.85074486 1.84617369 1.84160294 1.83703264 1.83246277
 1.82789333 1.82332433 1.81875577 1.81418764 1.80961994 1.80505268
 1.80048586 1.79591947 1.79135351 1.786788   1.78222291 1.77765826
 1.77309405 1.76853027 1.76396693 1.75940402 1.75484155 1.75027952
 1.74571791 1.74115675 1.73659602 1.73203572 1.72747586 1.72291644
 1.71835745 1.7137989  1.70924078 1.70468309 1.70012585 1.69556903
 1.69101266 1.68645672 1.68190121 1.67734614 1.67279151 1.66823731
 1.66368355 1.65913022 1.65457733 1.65002488 1.64547286 1.64092128
 1.63637013 1.63181942 1.62726914 1.6227193  1.6181699  1.61362094
 1.60907241 1.60452431 1.59997666 1.59542944 1.59088265 1.5863363
 1.58179039 1.57724492 1.57269988 1.56815528 1.56361112 1.5590674
 1.55452411 1.54998126 1.54543884 1.54089687 1.53635533 1.53181423
 1.52727356 1.52273334 1.51819355 1.5136542  1.50911529 1.50457682
 1.50003879 1.49550119 1.49096403 1.48642731 1.48189104 1.47735519
 1.47281979 1.46828483 1.46375031 1.45921623 1.45468258 1.45014938
 1.44561662 1.4410843  1.43655241 1.43202097 1.42748997 1.42295941
 1.41842929 1.41389962 1.40937038 1.40484159 1.40031323 1.39578532
 1.39125785 1.38673083 1.38220425 1.37767811 1.37315241 1.36862716
 1.36410235 1.35957798 1.35505406 1.35053058 1.34600755 1.34148496
 1.33696282 1.33244112 1.32791987 1.32339907 1.31887871 1.3143588
 1.30983933 1.30532031 1.30080174 1.29628362 1.29176594 1.28724872
 1.28273194 1.27821561 1.27369973 1.26918431 1.26466933 1.2601548
 1.25564073 1.2511271  1.24661393 1.24210121 1.23758894 1.23307713
 1.22856577 1.22405486 1.21954441 1.21503441 1.21052487 1.20601579
 1.20150716 1.19699899 1.19249128 1.18798402 1.18347723 1.17897089
 1.17446501 1.1699596  1.16545464 1.16095015 1.15644612 1.15194255
 1.14743945 1.14293681 1.13843464 1.13393293 1.12943169 1.12493091
 1.1204306  1.11593077 1.1114314  1.1069325  1.10243407 1.09793612
 1.09343864 1.08894163 1.0844451  1.07994904 1.07545346 1.07095835
 1.06646373 1.06196958 1.05747591 1.05298273 1.04849003 1.04399781
 1.03950608 1.03501483 1.03052407 1.0260338  1.02154401 1.01705472
 1.01256592 1.00807762 1.0035898  0.99910249 0.99461567 0.99012935
 0.98564353 0.98115821 0.9766734  0.97218909 0.96770529 0.96322199
 0.95873921 0.95425694 0.94977518 0.94529393 0.9408132  0.93633299
 0.93185331 0.92737414 0.9228955  0.91841739 0.9139398  0.90946275
 0.90498623 0.90051024 0.8960348  0.89155989 0.88708553 0.88261171
 0.87813844 0.87366572 0.86919355 0.86472194 0.86025089 0.8557804
 0.85131048 0.84684113 0.84237234 0.83790413 0.8334365  0.82896945
 0.82450299 0.82003711 0.81557182 0.81110713 0.80664305 0.80217956
 0.79771668 0.79325442 0.78879277 0.78433174 0.77987134 0.77541157
 0.77095243 0.76649393 0.76203608 0.75757888 0.75312234 0.74900986
 0.74455242 0.74009561 0.73563946 0.73118397 0.72672913 0.72227496
 0.71782146 0.71336864 0.70891651 0.70446507 0.70001432 0.69556429
 0.69111496 0.68666636 0.68221849 0.67777135 0.67332496 0.66887932
 0.66443445 0.65999034 0.65554702 0.65110449 0.64666276 0.64222184
 0.63778175 0.63334248 0.62890407 0.6244665  0.62002981 0.615594
 0.61115909 0.60672508 0.602292   0.59785985 0.59342866 0.58899843
 0.58456919 0.58014095 0.57571372 0.57128754 0.5668624  0.56243835
 0.55801539 0.55359354 0.54917283 0.54475328 0.54033492 0.53591776
 0.53150184 0.52708717 0.5226738  0.51826174 0.51385102 0.50944168
 0.50503376 0.50062727 0.49622226 0.49181876 0.48741682 0.48301647
 0.47861776 0.47422072 0.4698254  0.46543186 0.46104013 0.45665028
 0.45226235 0.44787641 0.44349252 0.43911072 0.4347311  0.43035373
 0.42597866 0.42160599 0.41723578 0.41286813 0.40850313 0.40414086
 0.39978142 0.39542493 0.39107148 0.3867212  0.3823742  0.37803062
 0.37369059 0.36935426 0.36502178 0.36069331 0.35636903 0.35204912
 0.34773378 0.3434232  0.33911762 0.33481727 0.3305224  0.32623328
 0.3219502  0.31767346 0.3134034  0.30914037 0.30488474 0.30063693
 0.29639738 0.29216655 0.28794498 0.2837332  0.27953182 0.27534149
 0.27116292 0.26699688 0.2628442  0.25870581 0.25458271 0.250476
 0.24638688 0.2423167  0.23826693 0.23423919 0.23023529 0.22625724
 0.2223073  0.21838798 0.21450209 0.21065284 0.20684382 0.20307914
 0.19936347 0.19570218 0.19210145 0.18856844 0.18511151 0.18174045
 0.17846685 0.1753045  0.17226997 0.16938336 0.16666933 0.16415846
 0.16188925 0.15991092 0.15828755 0.15710436]
t =  [1.05836477e+09 1.05836482e+09 1.05836486e+09 1.05836490e+09
 1.05836494e+09 1.05836498e+09 1.05836503e+09 1.05836507e+09
 1.05836511e+09 1.05836515e+09 1.05836519e+09 1.05836524e+09
 1.05836528e+09 1.05836532e+09 1.05836536e+09 1.05836541e+09
 1.05836545e+09 1.05836549e+09 1.05836553e+09 1.05836557e+09
 1.05836562e+09 1.05836566e+09 1.05836570e+09 1.05836574e+09
 1.05836579e+09 1.05836583e+09 1.05836587e+09 1.05836591e+09
 1.05836595e+09 1.05836600e+09 1.05836604e+09 1.05836608e+09
 1.05836612e+09 1.05836616e+09 1.05836621e+09 1.05836625e+09
 1.05836629e+09 1.05836633e+09 1.05836638e+09 1.05836642e+09
 1.05836646e+09 1.05836650e+09 1.05836654e+09 1.05836659e+09
 1.05836663e+09 1.05836667e+09 1.05836671e+09 1.05836676e+09
 1.05836680e+09 1.05836684e+09 1.05836688e+09 1.05836692e+09
 1.05836697e+09 1.05836701e+09 1.05836705e+09 1.05836709e+09
 1.05836713e+09 1.05836718e+09 1.05836722e+09 1.05836726e+09
 1.05836730e+09 1.05836735e+09 1.05836739e+09 1.05836743e+09
 1.05836747e+09 1.05836751e+09 1.05836756e+09 1.05836760e+09
 1.05836764e+09 1.05836768e+09 1.05836773e+09 1.05836777e+09
 1.05836781e+09 1.05836785e+09 1.05836789e+09 1.05836794e+09
 1.05836798e+09 1.05836802e+09 1.05836806e+09 1.05836810e+09
 1.05836815e+09 1.05836819e+09 1.05836823e+09 1.05836827e+09
 1.05836832e+09 1.05836836e+09 1.05836840e+09 1.05836844e+09
 1.05836848e+09 1.05836853e+09 1.05836857e+09 1.05836861e+09
 1.05836865e+09 1.05836869e+09 1.05836874e+09 1.05836878e+09
 1.05836882e+09 1.05836886e+09 1.05836891e+09 1.05836895e+09
 1.05836899e+09 1.05836903e+09 1.05836907e+09 1.05836912e+09
 1.05836916e+09 1.05836920e+09 1.05836924e+09 1.05836929e+09
 1.05836933e+09 1.05836937e+09 1.05836941e+09 1.05836945e+09
 1.05836950e+09 1.05836954e+09 1.05836958e+09 1.05836962e+09
 1.05836966e+09 1.05836971e+09 1.05836975e+09 1.05836979e+09
 1.05836983e+09 1.05836988e+09 1.05836992e+09 1.05836996e+09
 1.05837000e+09 1.05837004e+09 1.05837009e+09 1.05837013e+09
 1.05837017e+09 1.05837021e+09 1.05837026e+09 1.05837030e+09
 1.05837034e+09 1.05837038e+09 1.05837042e+09 1.05837047e+09
 1.05837051e+09 1.05837055e+09 1.05837059e+09 1.05837063e+09
 1.05837068e+09 1.05837072e+09 1.05837076e+09 1.05837080e+09
 1.05837085e+09 1.05837089e+09 1.05837093e+09 1.05837097e+09
 1.05837101e+09 1.05837106e+09 1.05837110e+09 1.05837114e+09
 1.05837118e+09 1.05837123e+09 1.05837127e+09 1.05837131e+09
 1.05837135e+09 1.05837139e+09 1.05837144e+09 1.05837148e+09
 1.05837152e+09 1.05837156e+09 1.05837160e+09 1.05837165e+09
 1.05837169e+09 1.05837173e+09 1.05837177e+09 1.05837182e+09
 1.05837186e+09 1.05837190e+09 1.05837194e+09 1.05837198e+09
 1.05837203e+09 1.05837207e+09 1.05837211e+09 1.05837215e+09
 1.05837220e+09 1.05837224e+09 1.05837228e+09 1.05837232e+09
 1.05837236e+09 1.05837241e+09 1.05837245e+09 1.05837249e+09
 1.05837253e+09 1.05837257e+09 1.05837262e+09 1.05837266e+09
 1.05837270e+09 1.05837274e+09 1.05837279e+09 1.05837283e+09
 1.05837287e+09 1.05837291e+09 1.05837295e+09 1.05837300e+09
 1.05837304e+09 1.05837308e+09 1.05837312e+09 1.05837316e+09
 1.05837321e+09 1.05837325e+09 1.05837329e+09 1.05837333e+09
 1.05837338e+09 1.05837342e+09 1.05837346e+09 1.05837350e+09
 1.05837354e+09 1.05837359e+09 1.05837363e+09 1.05837367e+09
 1.05837371e+09 1.05837376e+09 1.05837380e+09 1.05837384e+09
 1.05837388e+09 1.05837392e+09 1.05837397e+09 1.05837401e+09
 1.05837405e+09 1.05837409e+09 1.05837413e+09 1.05837418e+09
 1.05837422e+09 1.05837426e+09 1.05837430e+09 1.05837435e+09
 1.05837439e+09 1.05837443e+09 1.05837447e+09 1.05837451e+09
 1.05837456e+09 1.05837460e+09 1.05837464e+09 1.05837468e+09
 1.05837473e+09 1.05837477e+09 1.05837481e+09 1.05837485e+09
 1.05837489e+09 1.05837494e+09 1.05837498e+09 1.05837502e+09
 1.05837506e+09 1.05837510e+09 1.05837515e+09 1.05837519e+09
 1.05837523e+09 1.05837527e+09 1.05837532e+09 1.05837536e+09
 1.05837540e+09 1.05837544e+09 1.05837548e+09 1.05837553e+09
 1.05837557e+09 1.05837561e+09 1.05837565e+09 1.05837570e+09
 1.05837574e+09 1.05837578e+09 1.05837582e+09 1.05837586e+09
 1.05837591e+09 1.05837595e+09 1.05837599e+09 1.05837603e+09
 1.05837607e+09 1.05837612e+09 1.05837616e+09 1.05837620e+09
 1.05837624e+09 1.05837629e+09 1.05837633e+09 1.05837637e+09
 1.05837641e+09 1.05837645e+09 1.05837650e+09 1.05837654e+09
 1.05837658e+09 1.05837662e+09 1.05837667e+09 1.05837671e+09
 1.05837675e+09 1.05837679e+09 1.05837683e+09 1.05837688e+09
 1.05837692e+09 1.05837696e+09 1.05837700e+09 1.05837704e+09
 1.05837709e+09 1.05837713e+09 1.05837717e+09 1.05837721e+09
 1.05837726e+09 1.05837730e+09 1.05837734e+09 1.05837738e+09
 1.05837742e+09 1.05837747e+09 1.05837751e+09 1.05837755e+09
 1.05837759e+09 1.05837763e+09 1.05837768e+09 1.05837772e+09
 1.05837776e+09 1.05837780e+09 1.05837785e+09 1.05837789e+09
 1.05837793e+09 1.05837797e+09 1.05837801e+09 1.05837806e+09
 1.05837810e+09 1.05837814e+09 1.05837818e+09 1.05837823e+09
 1.05837827e+09 1.05837831e+09 1.05837835e+09 1.05837839e+09
 1.05837844e+09 1.05837848e+09 1.05837852e+09 1.05837856e+09
 1.05837860e+09 1.05837865e+09 1.05837869e+09 1.05837873e+09
 1.05837877e+09 1.05837882e+09 1.05837886e+09 1.05837890e+09
 1.05837894e+09 1.05837898e+09 1.05837903e+09 1.05837907e+09
 1.05837911e+09 1.05837915e+09 1.05837920e+09 1.05837924e+09
 1.05837928e+09 1.05837932e+09 1.05837936e+09 1.05837941e+09
 1.05837945e+09 1.05837949e+09 1.05837953e+09 1.05837957e+09
 1.05837962e+09 1.05837966e+09 1.05837970e+09 1.05837974e+09
 1.05837979e+09 1.05837983e+09 1.05837987e+09 1.05837991e+09
 1.05837995e+09 1.05838000e+09 1.05838004e+09 1.05838008e+09
 1.05838012e+09 1.05838017e+09 1.05838021e+09 1.05838025e+09
 1.05838029e+09 1.05838033e+09 1.05838038e+09 1.05838042e+09
 1.05838046e+09 1.05838050e+09 1.05838054e+09 1.05838059e+09
 1.05838063e+09 1.05838067e+09 1.05838071e+09 1.05838076e+09
 1.05838080e+09 1.05838084e+09 1.05838088e+09 1.05838092e+09
 1.05838097e+09 1.05838101e+09 1.05838105e+09 1.05838109e+09
 1.05838114e+09 1.05838118e+09 1.05838122e+09 1.05838126e+09
 1.05838130e+09 1.05838135e+09 1.05838139e+09 1.05838143e+09
 1.05838147e+09 1.05838151e+09 1.05838156e+09 1.05838160e+09
 1.05838164e+09 1.05838168e+09 1.05838173e+09 1.05838177e+09
 1.05838181e+09 1.05838185e+09 1.05838189e+09 1.05838194e+09
 1.05838198e+09 1.05838202e+09 1.05838206e+09 1.05838210e+09
 1.05838215e+09 1.05838219e+09 1.05838223e+09 1.05838227e+09
 1.05838232e+09 1.05838236e+09 1.05838240e+09 1.05838244e+09
 1.05838248e+09 1.05838253e+09 1.05838257e+09 1.05838261e+09
 1.05838265e+09 1.05838270e+09 1.05838274e+09 1.05838278e+09
 1.05838282e+09 1.05838286e+09 1.05838291e+09 1.05838295e+09
 1.05838299e+09 1.05838303e+09 1.05838307e+09 1.05838312e+09
 1.05838316e+09 1.05838320e+09 1.05838324e+09 1.05838329e+09
 1.05838333e+09 1.05838337e+09 1.05838341e+09 1.05838345e+09
 1.05838350e+09 1.05838354e+09 1.05838358e+09 1.05838362e+09
 1.05838367e+09 1.05838371e+09 1.05838375e+09 1.05838379e+09
 1.05838383e+09 1.05838388e+09 1.05838392e+09 1.05838396e+09
 1.05838400e+09 1.05838404e+09 1.05838409e+09 1.05838413e+09
 1.05838417e+09 1.05838421e+09 1.05838426e+09 1.05838430e+09
 1.05838434e+09 1.05838438e+09 1.05838442e+09 1.05838447e+09
 1.05838451e+09 1.05838455e+09 1.05838459e+09 1.05838464e+09
 1.05838468e+09 1.05838472e+09 1.05838476e+09 1.05838480e+09
 1.05838485e+09 1.05838489e+09 1.05838493e+09 1.05838497e+09
 1.05838501e+09 1.05838506e+09 1.05838510e+09 1.05838514e+09
 1.05838518e+09 1.05838523e+09 1.05838527e+09 1.05838531e+09
 1.05838535e+09 1.05838539e+09 1.05838544e+09 1.05838548e+09
 1.05838552e+09 1.05838556e+09 1.05838561e+09 1.05838565e+09
 1.05838569e+09 1.05838573e+09 1.05838577e+09 1.05838582e+09
 1.05838586e+09 1.05838590e+09 1.05838594e+09 1.05838598e+09
 1.05838603e+09 1.05838607e+09 1.05838611e+09 1.05838615e+09
 1.05838620e+09 1.05838624e+09 1.05838628e+09 1.05838632e+09
 1.05838636e+09 1.05838641e+09 1.05838645e+09 1.05838649e+09
 1.05838653e+09 1.05838657e+09 1.05838662e+09 1.05838666e+09
 1.05838670e+09 1.05838674e+09 1.05838679e+09 1.05838683e+09
 1.05838687e+09 1.05838691e+09 1.05838695e+09 1.05838700e+09
 1.05838704e+09 1.05838708e+09 1.05838712e+09 1.05838717e+09
 1.05838721e+09 1.05838725e+09 1.05838729e+09 1.05838733e+09
 1.05838738e+09 1.05838742e+09 1.05838746e+09 1.05838750e+09
 1.05838754e+09 1.05838759e+09 1.05838763e+09 1.05838767e+09
 1.05838771e+09 1.05838776e+09 1.05838780e+09 1.05838784e+09
 1.05838788e+09 1.05838792e+09 1.05838797e+09 1.05838801e+09
 1.05838805e+09 1.05838809e+09 1.05838814e+09 1.05838818e+09
 1.05838822e+09 1.05838826e+09 1.05838830e+09 1.05838835e+09
 1.05838839e+09 1.05838843e+09 1.05838847e+09 1.05838851e+09
 1.05838856e+09 1.05838860e+09 1.05838864e+09 1.05838868e+09
 1.05838873e+09 1.05838877e+09 1.05838881e+09 1.05838885e+09
 1.05838889e+09 1.05838894e+09 1.05838898e+09 1.05838902e+09
 1.05838906e+09 1.05838911e+09 1.05838915e+09 1.05838919e+09
 1.05838923e+09 1.05838927e+09 1.05838932e+09 1.05838936e+09
 1.05838940e+09 1.05838944e+09 1.05838948e+09 1.05838953e+09
 1.05838957e+09 1.05838961e+09 1.05838965e+09 1.05838970e+09
 1.05838974e+09 1.05838978e+09 1.05838982e+09 1.05838986e+09
 1.05838991e+09 1.05838995e+09 1.05838999e+09 1.05839003e+09
 1.05839007e+09 1.05839012e+09 1.05839016e+09 1.05839020e+09
 1.05839024e+09 1.05839029e+09 1.05839033e+09 1.05839037e+09
 1.05839041e+09 1.05839045e+09 1.05839050e+09 1.05839054e+09
 1.05839058e+09 1.05839062e+09 1.05839067e+09 1.05839071e+09
 1.05839075e+09 1.05839079e+09 1.05839083e+09 1.05839088e+09
 1.05839092e+09 1.05839096e+09 1.05839100e+09 1.05839104e+09
 1.05839109e+09 1.05839113e+09 1.05839117e+09 1.05839121e+09
 1.05839126e+09 1.05839130e+09 1.05839134e+09 1.05839138e+09
 1.05839142e+09 1.05839147e+09 1.05839151e+09 1.05839155e+09
 1.05839159e+09 1.05839164e+09 1.05839168e+09 1.05839172e+09
 1.05839176e+09 1.05839180e+09 1.05839185e+09 1.05839189e+09
 1.05839193e+09 1.05839197e+09 1.05839201e+09 1.05839206e+09
 1.05839210e+09 1.05839214e+09 1.05839218e+09 1.05839223e+09
 1.05839227e+09 1.05839231e+09 1.05839235e+09 1.05839239e+09
 1.05839244e+09 1.05839248e+09 1.05839252e+09 1.05839256e+09
 1.05839261e+09 1.05839265e+09 1.05839269e+09 1.05839273e+09
 1.05839277e+09 1.05839282e+09 1.05839286e+09 1.05839290e+09
 1.05839294e+09 1.05839298e+09 1.05839303e+09 1.05839307e+09
 1.05839311e+09 1.05839315e+09 1.05839320e+09 1.05839324e+09
 1.05839328e+09 1.05839332e+09 1.05839336e+09 1.05839341e+09
 1.05839345e+09 1.05839349e+09 1.05839353e+09 1.05839358e+09
 1.05839362e+09 1.05839366e+09 1.05839370e+09 1.05839374e+09
 1.05839379e+09 1.05839383e+09 1.05839387e+09 1.05839391e+09
 1.05839395e+09 1.05839400e+09 1.05839404e+09 1.05839408e+09
 1.05839412e+09 1.05839417e+09 1.05839421e+09 1.05839425e+09
 1.05839429e+09 1.05839433e+09 1.05839438e+09 1.05839442e+09
 1.05839446e+09 1.05839450e+09 1.05839454e+09 1.05839459e+09
 1.05839463e+09 1.05839467e+09 1.05839471e+09 1.05839476e+09
 1.05839480e+09 1.05839484e+09 1.05839488e+09 1.05839492e+09
 1.05839497e+09 1.05839501e+09 1.05839505e+09 1.05839509e+09
 1.05839514e+09 1.05839518e+09 1.05839522e+09 1.05839526e+09
 1.05839530e+09 1.05839535e+09 1.05839539e+09 1.05839543e+09
 1.05839547e+09 1.05839551e+09 1.05839556e+09 1.05839560e+09
 1.05839564e+09 1.05839568e+09 1.05839573e+09 1.05839577e+09
 1.05839581e+09 1.05839585e+09 1.05839589e+09 1.05839594e+09
 1.05839598e+09 1.05839602e+09 1.05839606e+09 1.05839611e+09
 1.05839615e+09 1.05839619e+09 1.05839623e+09 1.05839627e+09
 1.05839632e+09 1.05839636e+09 1.05839640e+09 1.05839644e+09
 1.05839648e+09 1.05839653e+09 1.05839657e+09 1.05839661e+09
 1.05839665e+09 1.05839670e+09 1.05839674e+09 1.05839678e+09
 1.05839682e+09 1.05839686e+09 1.05839691e+09 1.05839695e+09
 1.05839699e+09 1.05839703e+09 1.05839708e+09 1.05839712e+09
 1.05839716e+09 1.05839720e+09 1.05839724e+09 1.05839729e+09
 1.05839733e+09 1.05839737e+09 1.05839741e+09 1.05839745e+09
 1.05839750e+09 1.05839754e+09 1.05839758e+09 1.05839762e+09
 1.05839767e+09 1.05839771e+09 1.05839775e+09 1.05839779e+09
 1.05839783e+09 1.05839788e+09 1.05839792e+09 1.05839796e+09
 1.05839800e+09 1.05839805e+09 1.05839809e+09 1.05839813e+09
 1.05839817e+09 1.05839821e+09 1.05839826e+09 1.05839830e+09
 1.05839834e+09 1.05839838e+09 1.05839842e+09 1.05839847e+09
 1.05839851e+09 1.05839855e+09 1.05839859e+09 1.05839864e+09
 1.05839868e+09 1.05839872e+09 1.05839876e+09 1.05839880e+09
 1.05839885e+09 1.05839889e+09 1.05839893e+09 1.05839897e+09
 1.05839901e+09 1.05839906e+09 1.05839910e+09 1.05839914e+09
 1.05839918e+09 1.05839923e+09 1.05839927e+09 1.05839931e+09
 1.05839935e+09 1.05839939e+09 1.05839944e+09 1.05839948e+09
 1.05839952e+09 1.05839956e+09 1.05839961e+09 1.05839965e+09
 1.05839969e+09 1.05839973e+09 1.05839977e+09 1.05839982e+09
 1.05839986e+09 1.05839990e+09 1.05839994e+09 1.05839998e+09
 1.05840003e+09 1.05840007e+09 1.05840011e+09 1.05840015e+09
 1.05840020e+09 1.05840024e+09 1.05840028e+09 1.05840032e+09
 1.05840036e+09 1.05840041e+09 1.05840045e+09 1.05840049e+09
 1.05840053e+09 1.05840058e+09 1.05840062e+09 1.05840066e+09
 1.05840070e+09 1.05840074e+09 1.05840079e+09 1.05840083e+09
 1.05840087e+09 1.05840091e+09 1.05840095e+09 1.05840100e+09
 1.05840104e+09 1.05840108e+09 1.05840112e+09 1.05840117e+09
 1.05840121e+09 1.05840125e+09 1.05840129e+09 1.05840133e+09
 1.05840138e+09 1.05840142e+09 1.05840146e+09 1.05840150e+09
 1.05840155e+09 1.05840159e+09 1.05840163e+09 1.05840167e+09
 1.05840171e+09 1.05840176e+09 1.05840180e+09 1.05840184e+09
 1.05840188e+09 1.05840192e+09 1.05840197e+09 1.05840201e+09
 1.05840205e+09 1.05840209e+09 1.05840214e+09 1.05840218e+09
 1.05840222e+09 1.05840226e+09 1.05840230e+09 1.05840235e+09
 1.05840239e+09 1.05840243e+09 1.05840247e+09 1.05840252e+09
 1.05840256e+09 1.05840260e+09 1.05840264e+09 1.05840268e+09
 1.05840273e+09 1.05840277e+09 1.05840281e+09 1.05840285e+09
 1.05840289e+09 1.05840294e+09 1.05840298e+09 1.05840302e+09
 1.05840306e+09 1.05840311e+09 1.05840315e+09 1.05840319e+09
 1.05840323e+09 1.05840327e+09 1.05840332e+09 1.05840336e+09
 1.05840340e+09 1.05840344e+09 1.05840348e+09 1.05840353e+09
 1.05840357e+09 1.05840361e+09 1.05840365e+09 1.05840370e+09
 1.05840374e+09 1.05840378e+09 1.05840382e+09 1.05840386e+09
 1.05840391e+09 1.05840395e+09 1.05840399e+09 1.05840403e+09
 1.05840408e+09 1.05840412e+09 1.05840416e+09 1.05840420e+09
 1.05840424e+09 1.05840429e+09 1.05840433e+09 1.05840437e+09
 1.05840441e+09 1.05840445e+09 1.05840450e+09 1.05840454e+09
 1.05840458e+09 1.05840462e+09 1.05840467e+09 1.05840471e+09
 1.05840475e+09 1.05840479e+09 1.05840483e+09 1.05840488e+09
 1.05840492e+09 1.05840496e+09 1.05840500e+09 1.05840505e+09
 1.05840509e+09 1.05840513e+09 1.05840517e+09 1.05840521e+09
 1.05840526e+09 1.05840530e+09 1.05840534e+09 1.05840538e+09
 1.05840542e+09 1.05840547e+09 1.05840551e+09 1.05840555e+09
 1.05840559e+09 1.05840564e+09 1.05840568e+09 1.05840572e+09
 1.05840576e+09 1.05840580e+09 1.05840585e+09 1.05840589e+09
 1.05840593e+09 1.05840597e+09 1.05840602e+09 1.05840606e+09
 1.05840610e+09 1.05840614e+09 1.05840618e+09 1.05840623e+09
 1.05840627e+09 1.05840631e+09 1.05840635e+09 1.05840639e+09
 1.05840644e+09 1.05840648e+09 1.05840652e+09 1.05840656e+09
 1.05840661e+09 1.05840665e+09 1.05840669e+09 1.05840673e+09
 1.05840677e+09 1.05840682e+09 1.05840686e+09 1.05840690e+09]
minRes = 0.15710436373577227
minResTime =  [1.0584069e+09]
