name =JUICE_ROI_CAL_5_0_05
flyby =  ['2033 JAN 13 13:32:12', '2033 JAN 14 13:32:12']
Observation TW =  <SpiceCell dtype = 1, length = 0, size = 3400, card = 14, is_set = 1, adjust = 0, init = 1, base = 2554801041456, data = 2554801041504>
Res(t) =  [3.47798802 3.47455706 3.47112603 3.46769493 3.46426377 3.46083255
 3.45740126 3.45396991 3.45053849 3.447107   3.44367545 3.44024384
 3.43681216 3.43338041 3.4299486  3.42651672 3.42308477 3.41965276
 3.41622068 3.41278854 3.40935633 3.40592405 3.40249171 3.3990593
 3.39562682 3.39219428 3.38876167 3.38532899 3.38189624 3.37846343
 3.37503055 3.3715976  3.36816458 3.3647315  3.36129835 3.35786513
 3.35443184 3.35099849 3.34756506 3.34413157 3.34069801 3.33726438
 3.33383068 3.33039691 3.32696308 3.32352917 3.3200952  3.31666115
 3.31322704 3.30979286 3.30635861 3.30292429 3.29948989 3.29605543
 3.2926209  3.2891863  3.28575163 3.28231689 3.27888207 3.27544719
 3.27201224 3.26857721 3.26514212 3.26170695 3.25827172 3.25483641
 3.25140103 3.24796558 3.24453006 3.24109446 3.2376588  3.23422306
 3.23078725 3.22735137 3.22391542 3.2204794  3.2170433  3.21360713
 3.21017089 3.20673457 3.20329818 3.19986172 3.19642519 3.19298858
 3.1895519  3.18611515 3.18267833 3.17924143 3.17580445 3.17236741
 3.16893029 3.16549309 3.16205582 3.15861848 3.15518106 3.15174357
 3.14830601 3.14486837 3.14143065 3.13799286 3.134555   3.13111706
 3.12767904 3.12424095 3.12080279 3.11736455 3.11392623 3.11048784
 3.10704937 3.10361083 3.10017221 3.09673352 3.09329475 3.0898559
 3.08641697 3.08297797 3.0795389  3.07609974 3.07266051 3.0692212
 3.06578182 3.06234236 3.05890282 3.0554632  3.05202351 3.04858374
 3.04514389 3.04170396 3.03826396 3.03482387 3.03138371 3.02794347
 3.02450315 3.02106276 3.01762228 3.01418173 3.0107411  3.00730039
 3.00385959 3.00041873 2.99697778 2.99353675 2.99009564 2.98665445
 2.98321319 2.97977184 2.97633041 2.97288891 2.96944732 2.96600565
 2.9625639  2.95912208 2.95568017 2.95223818 2.94879611 2.94535396
 2.94191172 2.93846941 2.93502702 2.93158454 2.92814198 2.92469934
 2.92125662 2.91781382 2.91437093 2.91092797 2.90748492 2.90404179
 2.90059857 2.89715528 2.8937119  2.89026843 2.88682489 2.88338126
 2.87993755 2.87649376 2.87304988 2.86960592 2.86616187 2.86271775
 2.85927353 2.85582924 2.85238486 2.84894039 2.84549584 2.84205121
 2.83860649 2.83516169 2.83171681 2.82827183 2.82482678 2.82138164
 2.81793641 2.8144911  2.8110457  2.80760022 2.80415465 2.80070899
 2.79726325 2.79381743 2.79037151 2.78692551 2.78347943 2.78003326
 2.776587   2.77314065 2.76969422 2.7662477  2.7628011  2.7593544
 2.75590762 2.75246076 2.7490138  2.74556676 2.74211963 2.73867241
 2.7352251  2.73177771 2.72833022 2.72488265 2.72143499 2.71798724
 2.7145394  2.71109148 2.70764346 2.70419536 2.70074716 2.69729888
 2.69385051 2.69040205 2.68695349 2.68350485 2.68005612 2.6766073
 2.67315839 2.66970938 2.66626029 2.66281111 2.65936184 2.65591247
 2.65246302 2.64901347 2.64556383 2.6421141  2.63866428 2.63521437
 2.63176437 2.62831427 2.62486408 2.6214138  2.61796343 2.61451297
 2.61106241 2.60761176 2.60416102 2.60071019 2.59725926 2.59380824
 2.59035713 2.58690592 2.58345462 2.58000323 2.57655174 2.57310016
 2.56964849 2.56619672 2.56274486 2.5592929  2.55584085 2.55238871
 2.54893647 2.54548413 2.5420317  2.53857918 2.53512656 2.53167384
 2.52822103 2.52476813 2.52131512 2.51786203 2.51440883 2.51095554
 2.50750216 2.50404868 2.5005951  2.49714143 2.49368765 2.49023379
 2.48677982 2.48332576 2.4798716  2.47641734 2.47296299 2.46950854
 2.46605399 2.46259934 2.4591446  2.45568976 2.45223482 2.44877978
 2.44532464 2.4418694  2.43841407 2.43495864 2.4315031  2.42804747
 2.42459174 2.42113591 2.41767998 2.41422395 2.41076782 2.4073116
 2.40385527 2.40039884 2.39694231 2.39348568 2.39002895 2.38657212
 2.38311519 2.37965816 2.37620102 2.37274379 2.36928645 2.36582902
 2.36237148 2.35891384 2.35545609 2.35199825 2.3485403  2.34508226
 2.34162411 2.33816585 2.3347075  2.33124904 2.32779048 2.32433181
 2.32087304 2.31741417 2.3139552  2.31049612 2.30703694 2.30357765
 2.30011826 2.29665877 2.29319917 2.28973947 2.28627966 2.28281975
 2.27935974 2.27589962 2.27243939 2.26897906 2.26551862 2.26205808
 2.25859743 2.25513668 2.25167582 2.24821486 2.24475379 2.24129261
 2.23783132 2.23436993 2.23090844 2.22744683 2.22398512 2.2205233
 2.21706138 2.21359935 2.21013721 2.20667496 2.2032126  2.19975014
 2.19628757 2.19282489 2.1893621  2.1858992  2.1824362  2.17897308
 2.17550986 2.17204653 2.16858309 2.16511954 2.16165588 2.15819211
 2.15472823 2.15126424 2.14780014 2.14433593 2.14087161 2.13740718
 2.13394264 2.13047799 2.12701323 2.12354835 2.12008337 2.11661827
 2.11315307 2.10968775 2.10622232 2.10275678 2.09929112 2.09582535
 2.09235947 2.08889348 2.08542738 2.08196116 2.07849483 2.07502839
 2.07156183 2.06809516 2.06462838 2.06116148 2.05769447 2.05422735
 2.05076011 2.04729276 2.04382529 2.04035771 2.03689001 2.0334222
 2.02995428 2.02648624 2.02301808 2.01954981 2.01608142 2.01261292
 2.0091443  2.00567557 2.00220672 1.99873775 1.99526866 1.99179946
 1.98833015 1.98486071 1.98139116 1.97792149 1.97445171 1.97098181
 1.96751179 1.96404165 1.96057139 1.95710102 1.95363052 1.95015991
 1.94668918 1.94321833 1.93974737 1.93627628 1.93280508 1.92933375
 1.92586231 1.92239074 1.91891906 1.91544725 1.91197533 1.90850329
 1.90503112 1.90155884 1.89808643 1.89461391 1.89114126 1.88766849
 1.8841956  1.88072259 1.87724945 1.8737762  1.87030282 1.86682932
 1.8633557  1.85988196 1.85640809 1.8529341  1.84945999 1.84598575
 1.84251139 1.83903691 1.8355623  1.83208758 1.82861272 1.82513774
 1.82166264 1.81818742 1.81471207 1.81123659 1.80776099 1.80428527
 1.80080942 1.79733344 1.79385734 1.79038111 1.78690476 1.78342828
 1.77995168 1.77647494 1.77299809 1.7695211  1.76604399 1.76256675
 1.75908939 1.75561189 1.75213427 1.74865653 1.74517865 1.74170065
 1.73822251 1.73474425 1.73126587 1.72778735 1.7243087  1.72082993
 1.71735102 1.71387199 1.71039283 1.70691353 1.70343411 1.69995456
 1.69647487 1.69299506 1.68951512 1.68603504 1.68255484 1.6790745
 1.67559403 1.67211343 1.6686327  1.66515184 1.66167084 1.65818972
 1.65470846 1.65122707 1.64774554 1.64426389 1.6407821  1.63730017
 1.63381812 1.63033593 1.62685361 1.62337115 1.61988856 1.61640583
 1.61292297 1.60943998 1.60595685 1.60247358 1.59899018 1.59550665
 1.59202298 1.58853917 1.58505523 1.58157115 1.57808694 1.57460259
 1.5711181  1.56763348 1.56414872 1.56066382 1.55717879 1.55369361
 1.5502083  1.54672285 1.54323727 1.53975154 1.53626568 1.53277968
 1.52929354 1.52580726 1.52232084 1.51883429 1.51534759 1.51186075
 1.50837377 1.50488666 1.5013994  1.497912   1.49442446 1.49093678
 1.48744896 1.483961   1.4804729  1.47698465 1.47349627 1.47000774
 1.46651907 1.46303025 1.4595413  1.4560522  1.45256296 1.44907357
 1.44558404 1.44209437 1.43860455 1.43511459 1.43162449 1.42813424
 1.42464385 1.42115331 1.41766263 1.4141718  1.41068082 1.4071897
 1.40369844 1.40020703 1.39671547 1.39322377 1.38973191 1.38623992
 1.38274777 1.37925548 1.37576304 1.37227045 1.36877772 1.36528484
 1.3617918  1.35829862 1.3548053  1.35131182 1.34781819 1.34432441
 1.34083049 1.33733641 1.33384219 1.33034781 1.32685329 1.32335861
 1.31986378 1.3163688  1.31287367 1.30937839 1.30588296 1.30238737
 1.29889164 1.29539575 1.2918997  1.28840351 1.28490716 1.28141066
 1.277914   1.27441719 1.27092023 1.26742311 1.26392584 1.26042842
 1.25693084 1.2534331  1.24993521 1.24643716 1.24293896 1.2394406
 1.23594209 1.23244342 1.22894459 1.22544561 1.22194646 1.21844716
 1.21494771 1.21144809 1.20794832 1.20444839 1.2009483  1.19744805
 1.19394765 1.19044708 1.18694635 1.18344547 1.17994442 1.17644322
 1.17294185 1.16944032 1.16593863 1.16243679 1.15893478 1.1554326
 1.15193027 1.14842777 1.14492511 1.14142229 1.13791931 1.13441616
 1.13091285 1.12740938 1.12390574 1.12040193 1.11689797 1.11339384
 1.10988954 1.10638508 1.10288045 1.09937566 1.0958707  1.09236557
 1.08886028 1.08535482 1.0818492  1.0783434  1.07483744 1.07133132
 1.06782502 1.06431856 1.06081192 1.05730512 1.05379815 1.05029101
 1.0467837  1.04327622 1.03976857 1.03626075 1.03275276 1.0292446
 1.02573626 1.02222776 1.01871908 1.01521023 1.01170121 1.00819202
 1.00468265 1.00117311 0.9976634  0.99415351 0.99064345 0.98713321
 0.9836228  0.98011221 0.97660145 0.97309052 0.9695794  0.96606812
 0.96255665 0.95904501 0.95553319 0.9520212  0.94850902 0.94499667
 0.94148414 0.93797144 0.93445855 0.93094549 0.92743224 0.92391882
 0.92040521 0.91689143 0.91337747 0.90986332 0.90634899 0.90283449
 0.8993198  0.89580492 0.89228987 0.88877463 0.88525921 0.88174361
 0.87822782 0.87471185 0.8711957  0.86767936 0.86416284 0.86064613
 0.85712923 0.85361215 0.85009489 0.84657744 0.8430598  0.83954197
 0.83602396 0.83250575 0.82898737 0.82546879 0.82195002 0.81843107
 0.81491192 0.81139259 0.80787306 0.80435335 0.80083345 0.79731335
 0.79379306 0.79027259 0.78675192 0.78323105 0.77971    0.77618875
 0.77266731 0.76914568 0.76562385 0.76210183 0.75857961 0.7550572
 0.7515346  0.7480118  0.7444888  0.74096561 0.73744222 0.73391863
 0.73039485 0.72687087 0.72334669 0.71982232 0.71629775 0.71277297
 0.709248   0.70572283 0.70219746 0.69867189 0.69514612 0.69162015
 0.68809398 0.68456761 0.68104104 0.67751426 0.67398729 0.67046011
 0.66693273 0.66340514 0.65987736 0.65634937 0.65282117 0.64929277
 0.64576417 0.64223537 0.63870635 0.63517714 0.63164772 0.62811809
 0.62458826 0.62105822 0.61752797 0.61399752 0.61046686 0.606936
 0.60340493 0.59987365 0.59634216 0.59281047 0.58927857 0.58574646
 0.58221414 0.57868162 0.57514888 0.57161594 0.56808279 0.56454943
 0.56101586 0.55748208 0.55394809 0.5504139  0.5479537  0.54441959
 0.54088529 0.53735078 0.53381607 0.53028116 0.52674605 0.52321074
 0.51967523 0.51613953 0.51260362 0.50906751 0.50553121 0.50199471
 0.49845801 0.49492112 0.49138403 0.48784674 0.48430926 0.48077158
 0.47723372 0.47369565 0.4701574  0.46661896 0.46308032 0.4595415
 0.45600249 0.45246329 0.4489239  0.44538433 0.44184458 0.43830464
 0.43476453 0.43122423 0.42768376 0.42414311 0.42060229 0.4170613
 0.41352013 0.4099788  0.40643731 0.40289565 0.39935382 0.39581185
 0.39226971 0.38872742 0.38518499 0.38164241 0.37809968 0.37455682
 0.37101382 0.36747069 0.36392743 0.36038405 0.35684055 0.35329694
 0.34975323 0.34620941 0.34266549 0.33912148 0.33557739 0.33203323
 0.32848899 0.32494469 0.32140034 0.31785594 0.3143115  0.31076704
 0.30722256 0.30367808 0.3001336  0.29658914 0.2930447  0.28950031
 0.28595598 0.28241172 0.27886754 0.27532348 0.27177953 0.26823573
 0.26469208 0.26114862 0.25760537 0.25406235 0.25051958 0.2469771
 0.24343493 0.23989311 0.23635166 0.23281063 0.22927005 0.22572996
 0.22219042 0.21865145 0.21511312 0.21157548 0.20803859 0.2045025
 0.2009673  0.19743304 0.19389981 0.19036769 0.18683677 0.18330715
 0.17977895 0.17625227 0.17272724 0.16920399 0.16568269 0.16216348
 0.15864656 0.1551321  0.15162034 0.14811149 0.14460583 0.14110363
 0.13760521 0.13411091 0.13062113 0.12713628 0.12365686 0.12018338
 0.11671646 0.11325676 0.10980503 0.10636215 0.10292906 0.09950689
 0.09609689 0.09270051 0.08931942 0.08595554 0.08261112 0.07928879
 0.07599161 0.07272323 0.06948797 0.06629101 0.06313861 0.06003833
 0.05699949 0.05403356 0.05115489 0.04838153 0.04573653 0.0432496
 0.04095955 0.03891783 0.03719375 0.03588251 0.03511814 0.03509625
 0.03611798 0.03868796 0.04377412 0.05368858]
t =  [1.04250800e+09 1.04250804e+09 1.04250809e+09 1.04250813e+09
 1.04250817e+09 1.04250822e+09 1.04250826e+09 1.04250830e+09
 1.04250834e+09 1.04250839e+09 1.04250843e+09 1.04250847e+09
 1.04250852e+09 1.04250856e+09 1.04250860e+09 1.04250864e+09
 1.04250869e+09 1.04250873e+09 1.04250877e+09 1.04250882e+09
 1.04250886e+09 1.04250890e+09 1.04250894e+09 1.04250899e+09
 1.04250903e+09 1.04250907e+09 1.04250912e+09 1.04250916e+09
 1.04250920e+09 1.04250924e+09 1.04250929e+09 1.04250933e+09
 1.04250937e+09 1.04250942e+09 1.04250946e+09 1.04250950e+09
 1.04250954e+09 1.04250959e+09 1.04250963e+09 1.04250967e+09
 1.04250972e+09 1.04250976e+09 1.04250980e+09 1.04250984e+09
 1.04250989e+09 1.04250993e+09 1.04250997e+09 1.04251002e+09
 1.04251006e+09 1.04251010e+09 1.04251014e+09 1.04251019e+09
 1.04251023e+09 1.04251027e+09 1.04251032e+09 1.04251036e+09
 1.04251040e+09 1.04251044e+09 1.04251049e+09 1.04251053e+09
 1.04251057e+09 1.04251062e+09 1.04251066e+09 1.04251070e+09
 1.04251074e+09 1.04251079e+09 1.04251083e+09 1.04251087e+09
 1.04251092e+09 1.04251096e+09 1.04251100e+09 1.04251104e+09
 1.04251109e+09 1.04251113e+09 1.04251117e+09 1.04251122e+09
 1.04251126e+09 1.04251130e+09 1.04251134e+09 1.04251139e+09
 1.04251143e+09 1.04251147e+09 1.04251152e+09 1.04251156e+09
 1.04251160e+09 1.04251164e+09 1.04251169e+09 1.04251173e+09
 1.04251177e+09 1.04251182e+09 1.04251186e+09 1.04251190e+09
 1.04251194e+09 1.04251199e+09 1.04251203e+09 1.04251207e+09
 1.04251212e+09 1.04251216e+09 1.04251220e+09 1.04251225e+09
 1.04251229e+09 1.04251233e+09 1.04251237e+09 1.04251242e+09
 1.04251246e+09 1.04251250e+09 1.04251255e+09 1.04251259e+09
 1.04251263e+09 1.04251267e+09 1.04251272e+09 1.04251276e+09
 1.04251280e+09 1.04251285e+09 1.04251289e+09 1.04251293e+09
 1.04251297e+09 1.04251302e+09 1.04251306e+09 1.04251310e+09
 1.04251315e+09 1.04251319e+09 1.04251323e+09 1.04251327e+09
 1.04251332e+09 1.04251336e+09 1.04251340e+09 1.04251345e+09
 1.04251349e+09 1.04251353e+09 1.04251357e+09 1.04251362e+09
 1.04251366e+09 1.04251370e+09 1.04251375e+09 1.04251379e+09
 1.04251383e+09 1.04251387e+09 1.04251392e+09 1.04251396e+09
 1.04251400e+09 1.04251405e+09 1.04251409e+09 1.04251413e+09
 1.04251417e+09 1.04251422e+09 1.04251426e+09 1.04251430e+09
 1.04251435e+09 1.04251439e+09 1.04251443e+09 1.04251447e+09
 1.04251452e+09 1.04251456e+09 1.04251460e+09 1.04251465e+09
 1.04251469e+09 1.04251473e+09 1.04251477e+09 1.04251482e+09
 1.04251486e+09 1.04251490e+09 1.04251495e+09 1.04251499e+09
 1.04251503e+09 1.04251507e+09 1.04251512e+09 1.04251516e+09
 1.04251520e+09 1.04251525e+09 1.04251529e+09 1.04251533e+09
 1.04251537e+09 1.04251542e+09 1.04251546e+09 1.04251550e+09
 1.04251555e+09 1.04251559e+09 1.04251563e+09 1.04251567e+09
 1.04251572e+09 1.04251576e+09 1.04251580e+09 1.04251585e+09
 1.04251589e+09 1.04251593e+09 1.04251597e+09 1.04251602e+09
 1.04251606e+09 1.04251610e+09 1.04251615e+09 1.04251619e+09
 1.04251623e+09 1.04251627e+09 1.04251632e+09 1.04251636e+09
 1.04251640e+09 1.04251645e+09 1.04251649e+09 1.04251653e+09
 1.04251657e+09 1.04251662e+09 1.04251666e+09 1.04251670e+09
 1.04251675e+09 1.04251679e+09 1.04251683e+09 1.04251687e+09
 1.04251692e+09 1.04251696e+09 1.04251700e+09 1.04251705e+09
 1.04251709e+09 1.04251713e+09 1.04251717e+09 1.04251722e+09
 1.04251726e+09 1.04251730e+09 1.04251735e+09 1.04251739e+09
 1.04251743e+09 1.04251747e+09 1.04251752e+09 1.04251756e+09
 1.04251760e+09 1.04251765e+09 1.04251769e+09 1.04251773e+09
 1.04251777e+09 1.04251782e+09 1.04251786e+09 1.04251790e+09
 1.04251795e+09 1.04251799e+09 1.04251803e+09 1.04251807e+09
 1.04251812e+09 1.04251816e+09 1.04251820e+09 1.04251825e+09
 1.04251829e+09 1.04251833e+09 1.04251837e+09 1.04251842e+09
 1.04251846e+09 1.04251850e+09 1.04251855e+09 1.04251859e+09
 1.04251863e+09 1.04251868e+09 1.04251872e+09 1.04251876e+09
 1.04251880e+09 1.04251885e+09 1.04251889e+09 1.04251893e+09
 1.04251898e+09 1.04251902e+09 1.04251906e+09 1.04251910e+09
 1.04251915e+09 1.04251919e+09 1.04251923e+09 1.04251928e+09
 1.04251932e+09 1.04251936e+09 1.04251940e+09 1.04251945e+09
 1.04251949e+09 1.04251953e+09 1.04251958e+09 1.04251962e+09
 1.04251966e+09 1.04251970e+09 1.04251975e+09 1.04251979e+09
 1.04251983e+09 1.04251988e+09 1.04251992e+09 1.04251996e+09
 1.04252000e+09 1.04252005e+09 1.04252009e+09 1.04252013e+09
 1.04252018e+09 1.04252022e+09 1.04252026e+09 1.04252030e+09
 1.04252035e+09 1.04252039e+09 1.04252043e+09 1.04252048e+09
 1.04252052e+09 1.04252056e+09 1.04252060e+09 1.04252065e+09
 1.04252069e+09 1.04252073e+09 1.04252078e+09 1.04252082e+09
 1.04252086e+09 1.04252090e+09 1.04252095e+09 1.04252099e+09
 1.04252103e+09 1.04252108e+09 1.04252112e+09 1.04252116e+09
 1.04252120e+09 1.04252125e+09 1.04252129e+09 1.04252133e+09
 1.04252138e+09 1.04252142e+09 1.04252146e+09 1.04252150e+09
 1.04252155e+09 1.04252159e+09 1.04252163e+09 1.04252168e+09
 1.04252172e+09 1.04252176e+09 1.04252180e+09 1.04252185e+09
 1.04252189e+09 1.04252193e+09 1.04252198e+09 1.04252202e+09
 1.04252206e+09 1.04252210e+09 1.04252215e+09 1.04252219e+09
 1.04252223e+09 1.04252228e+09 1.04252232e+09 1.04252236e+09
 1.04252240e+09 1.04252245e+09 1.04252249e+09 1.04252253e+09
 1.04252258e+09 1.04252262e+09 1.04252266e+09 1.04252270e+09
 1.04252275e+09 1.04252279e+09 1.04252283e+09 1.04252288e+09
 1.04252292e+09 1.04252296e+09 1.04252300e+09 1.04252305e+09
 1.04252309e+09 1.04252313e+09 1.04252318e+09 1.04252322e+09
 1.04252326e+09 1.04252330e+09 1.04252335e+09 1.04252339e+09
 1.04252343e+09 1.04252348e+09 1.04252352e+09 1.04252356e+09
 1.04252360e+09 1.04252365e+09 1.04252369e+09 1.04252373e+09
 1.04252378e+09 1.04252382e+09 1.04252386e+09 1.04252390e+09
 1.04252395e+09 1.04252399e+09 1.04252403e+09 1.04252408e+09
 1.04252412e+09 1.04252416e+09 1.04252420e+09 1.04252425e+09
 1.04252429e+09 1.04252433e+09 1.04252438e+09 1.04252442e+09
 1.04252446e+09 1.04252450e+09 1.04252455e+09 1.04252459e+09
 1.04252463e+09 1.04252468e+09 1.04252472e+09 1.04252476e+09
 1.04252481e+09 1.04252485e+09 1.04252489e+09 1.04252493e+09
 1.04252498e+09 1.04252502e+09 1.04252506e+09 1.04252511e+09
 1.04252515e+09 1.04252519e+09 1.04252523e+09 1.04252528e+09
 1.04252532e+09 1.04252536e+09 1.04252541e+09 1.04252545e+09
 1.04252549e+09 1.04252553e+09 1.04252558e+09 1.04252562e+09
 1.04252566e+09 1.04252571e+09 1.04252575e+09 1.04252579e+09
 1.04252583e+09 1.04252588e+09 1.04252592e+09 1.04252596e+09
 1.04252601e+09 1.04252605e+09 1.04252609e+09 1.04252613e+09
 1.04252618e+09 1.04252622e+09 1.04252626e+09 1.04252631e+09
 1.04252635e+09 1.04252639e+09 1.04252643e+09 1.04252648e+09
 1.04252652e+09 1.04252656e+09 1.04252661e+09 1.04252665e+09
 1.04252669e+09 1.04252673e+09 1.04252678e+09 1.04252682e+09
 1.04252686e+09 1.04252691e+09 1.04252695e+09 1.04252699e+09
 1.04252703e+09 1.04252708e+09 1.04252712e+09 1.04252716e+09
 1.04252721e+09 1.04252725e+09 1.04252729e+09 1.04252733e+09
 1.04252738e+09 1.04252742e+09 1.04252746e+09 1.04252751e+09
 1.04252755e+09 1.04252759e+09 1.04252763e+09 1.04252768e+09
 1.04252772e+09 1.04252776e+09 1.04252781e+09 1.04252785e+09
 1.04252789e+09 1.04252793e+09 1.04252798e+09 1.04252802e+09
 1.04252806e+09 1.04252811e+09 1.04252815e+09 1.04252819e+09
 1.04252823e+09 1.04252828e+09 1.04252832e+09 1.04252836e+09
 1.04252841e+09 1.04252845e+09 1.04252849e+09 1.04252853e+09
 1.04252858e+09 1.04252862e+09 1.04252866e+09 1.04252871e+09
 1.04252875e+09 1.04252879e+09 1.04252883e+09 1.04252888e+09
 1.04252892e+09 1.04252896e+09 1.04252901e+09 1.04252905e+09
 1.04252909e+09 1.04252913e+09 1.04252918e+09 1.04252922e+09
 1.04252926e+09 1.04252931e+09 1.04252935e+09 1.04252939e+09
 1.04252943e+09 1.04252948e+09 1.04252952e+09 1.04252956e+09
 1.04252961e+09 1.04252965e+09 1.04252969e+09 1.04252973e+09
 1.04252978e+09 1.04252982e+09 1.04252986e+09 1.04252991e+09
 1.04252995e+09 1.04252999e+09 1.04253003e+09 1.04253008e+09
 1.04253012e+09 1.04253016e+09 1.04253021e+09 1.04253025e+09
 1.04253029e+09 1.04253033e+09 1.04253038e+09 1.04253042e+09
 1.04253046e+09 1.04253051e+09 1.04253055e+09 1.04253059e+09
 1.04253063e+09 1.04253068e+09 1.04253072e+09 1.04253076e+09
 1.04253081e+09 1.04253085e+09 1.04253089e+09 1.04253093e+09
 1.04253098e+09 1.04253102e+09 1.04253106e+09 1.04253111e+09
 1.04253115e+09 1.04253119e+09 1.04253124e+09 1.04253128e+09
 1.04253132e+09 1.04253136e+09 1.04253141e+09 1.04253145e+09
 1.04253149e+09 1.04253154e+09 1.04253158e+09 1.04253162e+09
 1.04253166e+09 1.04253171e+09 1.04253175e+09 1.04253179e+09
 1.04253184e+09 1.04253188e+09 1.04253192e+09 1.04253196e+09
 1.04253201e+09 1.04253205e+09 1.04253209e+09 1.04253214e+09
 1.04253218e+09 1.04253222e+09 1.04253226e+09 1.04253231e+09
 1.04253235e+09 1.04253239e+09 1.04253244e+09 1.04253248e+09
 1.04253252e+09 1.04253256e+09 1.04253261e+09 1.04253265e+09
 1.04253269e+09 1.04253274e+09 1.04253278e+09 1.04253282e+09
 1.04253286e+09 1.04253291e+09 1.04253295e+09 1.04253299e+09
 1.04253304e+09 1.04253308e+09 1.04253312e+09 1.04253316e+09
 1.04253321e+09 1.04253325e+09 1.04253329e+09 1.04253334e+09
 1.04253338e+09 1.04253342e+09 1.04253346e+09 1.04253351e+09
 1.04253355e+09 1.04253359e+09 1.04253364e+09 1.04253368e+09
 1.04253372e+09 1.04253376e+09 1.04253381e+09 1.04253385e+09
 1.04253389e+09 1.04253394e+09 1.04253398e+09 1.04253402e+09
 1.04253406e+09 1.04253411e+09 1.04253415e+09 1.04253419e+09
 1.04253424e+09 1.04253428e+09 1.04253432e+09 1.04253436e+09
 1.04253441e+09 1.04253445e+09 1.04253449e+09 1.04253454e+09
 1.04253458e+09 1.04253462e+09 1.04253466e+09 1.04253471e+09
 1.04253475e+09 1.04253479e+09 1.04253484e+09 1.04253488e+09
 1.04253492e+09 1.04253496e+09 1.04253501e+09 1.04253505e+09
 1.04253509e+09 1.04253514e+09 1.04253518e+09 1.04253522e+09
 1.04253526e+09 1.04253531e+09 1.04253535e+09 1.04253539e+09
 1.04253544e+09 1.04253548e+09 1.04253552e+09 1.04253556e+09
 1.04253561e+09 1.04253565e+09 1.04253569e+09 1.04253574e+09
 1.04253578e+09 1.04253582e+09 1.04253586e+09 1.04253591e+09
 1.04253595e+09 1.04253599e+09 1.04253604e+09 1.04253608e+09
 1.04253612e+09 1.04253616e+09 1.04253621e+09 1.04253625e+09
 1.04253629e+09 1.04253634e+09 1.04253638e+09 1.04253642e+09
 1.04253646e+09 1.04253651e+09 1.04253655e+09 1.04253659e+09
 1.04253664e+09 1.04253668e+09 1.04253672e+09 1.04253676e+09
 1.04253681e+09 1.04253685e+09 1.04253689e+09 1.04253694e+09
 1.04253698e+09 1.04253702e+09 1.04253706e+09 1.04253711e+09
 1.04253715e+09 1.04253719e+09 1.04253724e+09 1.04253728e+09
 1.04253732e+09 1.04253737e+09 1.04253741e+09 1.04253745e+09
 1.04253749e+09 1.04253754e+09 1.04253758e+09 1.04253762e+09
 1.04253767e+09 1.04253771e+09 1.04253775e+09 1.04253779e+09
 1.04253784e+09 1.04253788e+09 1.04253792e+09 1.04253797e+09
 1.04253801e+09 1.04253805e+09 1.04253809e+09 1.04253814e+09
 1.04253818e+09 1.04253822e+09 1.04253827e+09 1.04253831e+09
 1.04253835e+09 1.04253839e+09 1.04253844e+09 1.04253848e+09
 1.04253852e+09 1.04253857e+09 1.04253861e+09 1.04253865e+09
 1.04253869e+09 1.04253874e+09 1.04253878e+09 1.04253882e+09
 1.04253887e+09 1.04253891e+09 1.04253895e+09 1.04253899e+09
 1.04253904e+09 1.04253908e+09 1.04253912e+09 1.04253917e+09
 1.04253921e+09 1.04253925e+09 1.04253929e+09 1.04253934e+09
 1.04253938e+09 1.04253942e+09 1.04253947e+09 1.04253951e+09
 1.04253955e+09 1.04253959e+09 1.04253964e+09 1.04253968e+09
 1.04253972e+09 1.04253977e+09 1.04253981e+09 1.04253985e+09
 1.04253989e+09 1.04253994e+09 1.04253998e+09 1.04254002e+09
 1.04254007e+09 1.04254011e+09 1.04254015e+09 1.04254019e+09
 1.04254024e+09 1.04254028e+09 1.04254032e+09 1.04254037e+09
 1.04254041e+09 1.04254045e+09 1.04254049e+09 1.04254054e+09
 1.04254058e+09 1.04254062e+09 1.04254067e+09 1.04254071e+09
 1.04254075e+09 1.04254079e+09 1.04254084e+09 1.04254088e+09
 1.04254092e+09 1.04254097e+09 1.04254101e+09 1.04254105e+09
 1.04254109e+09 1.04254114e+09 1.04254118e+09 1.04254122e+09
 1.04254127e+09 1.04254131e+09 1.04254135e+09 1.04254139e+09
 1.04254144e+09 1.04254148e+09 1.04254152e+09 1.04254157e+09
 1.04254161e+09 1.04254165e+09 1.04254169e+09 1.04254174e+09
 1.04254178e+09 1.04254182e+09 1.04254187e+09 1.04254191e+09
 1.04254195e+09 1.04254199e+09 1.04254204e+09 1.04254208e+09
 1.04254212e+09 1.04254217e+09 1.04254221e+09 1.04254225e+09
 1.04254229e+09 1.04254234e+09 1.04254238e+09 1.04254242e+09
 1.04254247e+09 1.04254251e+09 1.04254255e+09 1.04254259e+09
 1.04254264e+09 1.04254268e+09 1.04254272e+09 1.04254277e+09
 1.04254281e+09 1.04254285e+09 1.04254289e+09 1.04254294e+09
 1.04254298e+09 1.04254302e+09 1.04254307e+09 1.04254311e+09
 1.04254315e+09 1.04254319e+09 1.04254324e+09 1.04254328e+09
 1.04254332e+09 1.04254337e+09 1.04254341e+09 1.04254345e+09
 1.04254350e+09 1.04254354e+09 1.04254358e+09 1.04254362e+09
 1.04254367e+09 1.04254371e+09 1.04254375e+09 1.04254380e+09
 1.04254384e+09 1.04254388e+09 1.04254392e+09 1.04254397e+09
 1.04254401e+09 1.04254405e+09 1.04254410e+09 1.04254414e+09
 1.04254418e+09 1.04254422e+09 1.04254427e+09 1.04254431e+09
 1.04254435e+09 1.04254440e+09 1.04254444e+09 1.04254448e+09
 1.04254452e+09 1.04254457e+09 1.04254461e+09 1.04254465e+09
 1.04254470e+09 1.04254474e+09 1.04254478e+09 1.04254482e+09
 1.04254487e+09 1.04254491e+09 1.04254495e+09 1.04254500e+09
 1.04254504e+09 1.04254508e+09 1.04254512e+09 1.04254517e+09
 1.04254521e+09 1.04254525e+09 1.04254530e+09 1.04254534e+09
 1.04254538e+09 1.04254542e+09 1.04254547e+09 1.04254551e+09
 1.04254555e+09 1.04254560e+09 1.04254564e+09 1.04254568e+09
 1.04254572e+09 1.04254577e+09 1.04254581e+09 1.04254585e+09
 1.04254590e+09 1.04254594e+09 1.04254598e+09 1.04254602e+09
 1.04254607e+09 1.04254611e+09 1.04254615e+09 1.04254620e+09
 1.04254624e+09 1.04254628e+09 1.04254632e+09 1.04254637e+09
 1.04254641e+09 1.04254645e+09 1.04254650e+09 1.04254654e+09
 1.04254658e+09 1.04254662e+09 1.04254667e+09 1.04254671e+09
 1.04254675e+09 1.04254680e+09 1.04254684e+09 1.04254688e+09
 1.04254692e+09 1.04254697e+09 1.04254701e+09 1.04254705e+09
 1.04254710e+09 1.04254714e+09 1.04254718e+09 1.04254722e+09
 1.04254727e+09 1.04254731e+09 1.04254735e+09 1.04254740e+09
 1.04254744e+09 1.04254748e+09 1.04254752e+09 1.04254757e+09
 1.04254761e+09 1.04254765e+09 1.04254770e+09 1.04254774e+09
 1.04254778e+09 1.04254782e+09 1.04254787e+09 1.04254791e+09
 1.04254795e+09 1.04254800e+09 1.04254804e+09 1.04254808e+09
 1.04254812e+09 1.04254817e+09 1.04254821e+09 1.04254825e+09
 1.04254830e+09 1.04254834e+09 1.04254838e+09 1.04254842e+09
 1.04254847e+09 1.04254851e+09 1.04254855e+09 1.04254860e+09
 1.04254864e+09 1.04254868e+09 1.04254872e+09 1.04254877e+09
 1.04254881e+09 1.04254885e+09 1.04254890e+09 1.04254894e+09
 1.04254898e+09 1.04254902e+09 1.04254907e+09 1.04254911e+09
 1.04254915e+09 1.04254920e+09 1.04254924e+09 1.04254928e+09
 1.04254932e+09 1.04254937e+09 1.04254941e+09 1.04254945e+09
 1.04254950e+09 1.04254954e+09 1.04254958e+09 1.04254962e+09
 1.04254967e+09 1.04254971e+09 1.04254975e+09 1.04254980e+09
 1.04254984e+09 1.04254988e+09 1.04254993e+09 1.04254997e+09
 1.04255001e+09 1.04255005e+09 1.04255010e+09 1.04255014e+09
 1.04255018e+09 1.04255023e+09 1.04255027e+09 1.04255031e+09
 1.04255035e+09 1.04255040e+09 1.04255044e+09 1.04255048e+09
 1.04255053e+09 1.04255057e+09 1.04255061e+09 1.04255065e+09
 1.04255070e+09 1.04255074e+09 1.04255078e+09 1.04255083e+09]
minRes = 0.03509625441735494
minResTime =  [1.04255065e+09]
