name =JUICE_ROI_CAL_5_0_01
flyby =  ['2033 APR 06 23:29:30', '2033 APR 07 23:29:30']
Observation TW =  <SpiceCell dtype = 1, length = 0, size = 3400, card = 14, is_set = 1, adjust = 0, init = 1, base = 2554802142736, data = 2554802142784>
Res(t) =  [3.6517519  3.64805267 3.64435362 3.64065476 3.63695609 3.6332576
 3.6295593  3.62586119 3.62216326 3.61846552 3.61476797 3.61107061
 3.60737343 3.60367644 3.59997963 3.59628301 3.59258658 3.58889034
 3.58519428 3.58149841 3.57780272 3.57410723 3.57041192 3.56671679
 3.56302186 3.55932711 3.55563255 3.55193817 3.54824398 3.54454998
 3.54085617 3.53716254 3.5334691  3.52977584 3.52608278 3.5223899
 3.5186972  3.5150047  3.51131238 3.50762025 3.5039283  3.50023655
 3.49654498 3.49285359 3.4891624  3.48547139 3.48178057 3.47808993
 3.47439949 3.47070923 3.46701915 3.46332927 3.45963957 3.45595006
 3.45226073 3.44857159 3.44488264 3.44119388 3.4375053  3.43381692
 3.43012871 3.4264407  3.42275287 3.41906523 3.41537778 3.41169052
 3.40800344 3.40431655 3.40062985 3.39694333 3.393257   3.38957086
 3.38588491 3.38219914 3.37851356 3.37482817 3.37114297 3.36745795
 3.36377312 3.36008848 3.35640402 3.35271976 3.34903568 3.34535178
 3.34166808 3.33798456 3.33430123 3.33061809 3.32693513 3.32325236
 3.31956978 3.31588739 3.31220519 3.30852317 3.30484134 3.30115969
 3.29747824 3.29379697 3.29011589 3.286435   3.28275429 3.27907377
 3.27539344 3.2717133  3.26803335 3.26435358 3.260674   3.25699461
 3.2533154  3.24963638 3.24595755 3.24227891 3.23860046 3.23492219
 3.23124411 3.22756622 3.22388852 3.220211   3.21653367 3.21285653
 3.20917958 3.20550281 3.20182623 3.19814984 3.19447364 3.19079763
 3.1871218  3.18344616 3.17977071 3.17609544 3.17242037 3.16874548
 3.16507078 3.16139627 3.15772194 3.1540478  3.15037385 3.14670009
 3.14302652 3.13935313 3.13567993 3.13200692 3.1283341  3.12466146
 3.12098901 3.11731675 3.11364468 3.1099728  3.1063011  3.10262959
 3.09895827 3.09528714 3.0916162  3.08794544 3.08427487 3.08060449
 3.07693429 3.07326429 3.06959447 3.06592484 3.0622554  3.05858614
 3.05491708 3.0512482  3.04757951 3.043911   3.04024269 3.03657456
 3.03290662 3.02923887 3.02557131 3.02190393 3.01823675 3.01456975
 3.01090293 3.00723631 3.00356987 2.99990363 2.99623757 2.99257169
 2.98890601 2.98524051 2.98157521 2.97791009 2.97424515 2.97058041
 2.96691585 2.96325148 2.9595873  2.95592331 2.95225951 2.94859589
 2.94493246 2.94126922 2.93760617 2.93394331 2.93028063 2.92661814
 2.92295584 2.91929373 2.9156318  2.91197007 2.90830852 2.90464716
 2.90098599 2.897325   2.89366421 2.8900036  2.88634318 2.88268294
 2.8790229  2.87536304 2.87170338 2.8680439  2.8643846  2.8607255
 2.85706658 2.85340786 2.84974932 2.84609096 2.8424328  2.83877482
 2.83511704 2.83145944 2.82780203 2.8241448  2.82048777 2.81683092
 2.81317426 2.80951779 2.80586151 2.80220541 2.7985495  2.79489378
 2.79123825 2.78758291 2.78392776 2.78027279 2.77661801 2.77296342
 2.76930902 2.7656548  2.76200078 2.75834694 2.75469329 2.75103983
 2.74738655 2.74373347 2.74008057 2.73642786 2.73277534 2.729123
 2.72547086 2.7218189  2.71816713 2.71451555 2.71086416 2.70721295
 2.70356194 2.69991111 2.69626047 2.69261001 2.68895975 2.68530967
 2.68165978 2.67801008 2.67436057 2.67071125 2.66706211 2.66341316
 2.6597644  2.65611583 2.65246745 2.64881925 2.64517125 2.64152343
 2.6378758  2.63422835 2.6305811  2.62693403 2.62328715 2.61964046
 2.61599396 2.61234764 2.60870152 2.60505558 2.60140983 2.59776426
 2.59411889 2.5904737  2.58682871 2.5831839  2.57953927 2.57589484
 2.5722506  2.56860654 2.56496267 2.56131899 2.55767549 2.55403219
 2.55038907 2.54674614 2.5431034  2.53946085 2.53581848 2.5321763
 2.52853432 2.52489251 2.5212509  2.51760948 2.51396824 2.51032719
 2.50668633 2.50304566 2.49940517 2.49576488 2.49212477 2.48848485
 2.48484512 2.48120557 2.47756621 2.47392705 2.47028807 2.46664927
 2.46301067 2.45937225 2.45573403 2.45209599 2.44845813 2.44482047
 2.44118299 2.4375457  2.4339086  2.43027169 2.42663497 2.42299843
 2.41936208 2.41572592 2.41208995 2.40845417 2.40481857 2.40118316
 2.39754794 2.39391291 2.39027807 2.38664341 2.38300894 2.37937466
 2.37574057 2.37210666 2.36847295 2.36483942 2.36120608 2.35757292
 2.35393996 2.35030718 2.34667459 2.34304219 2.33940998 2.33577796
 2.33214612 2.32851447 2.32488301 2.32125173 2.31762065 2.31398975
 2.31035904 2.30672852 2.30309819 2.29946804 2.29583808 2.29220831
 2.28857873 2.28494933 2.28132013 2.27769111 2.27406228 2.27043363
 2.26680518 2.26317691 2.25954883 2.25592094 2.25229324 2.24866572
 2.24503839 2.24141125 2.2377843  2.23415753 2.23053096 2.22690457
 2.22327837 2.21965235 2.21602653 2.21240089 2.20877544 2.20515018
 2.2015251  2.19790022 2.19427552 2.19065101 2.18702668 2.18340255
 2.1797786  2.17615484 2.17253127 2.16890788 2.16528468 2.16166167
 2.15803885 2.15441622 2.15079377 2.14717151 2.14354944 2.13992756
 2.13630586 2.13268436 2.12906304 2.1254419  2.12182096 2.1182002
 2.11457963 2.11095925 2.10733906 2.10371905 2.10009923 2.0964796
 2.09286016 2.0892409  2.08562184 2.08200295 2.07838426 2.07476576
 2.07114744 2.06752931 2.06391137 2.06029361 2.05667605 2.05305867
 2.04944147 2.04582447 2.04220765 2.03859102 2.03497458 2.03135833
 2.02774226 2.02412638 2.02051069 2.01689519 2.01327987 2.00966474
 2.0060498  2.00243505 1.99882048 1.9952061  1.99159191 1.98797791
 1.98436409 1.98075046 1.97713702 1.97352377 1.9699107  1.96629782
 1.96268513 1.95907263 1.95546031 1.95184818 1.94823624 1.94462449
 1.94101292 1.93740154 1.93379035 1.93017935 1.92656853 1.9229579
 1.91934746 1.91573721 1.91212714 1.90851726 1.90490757 1.90129806
 1.89768874 1.89407961 1.89047067 1.88686192 1.88325335 1.87964497
 1.87603678 1.87242877 1.86882095 1.86521332 1.86160588 1.85799862
 1.85439155 1.85078467 1.84717798 1.84357147 1.83996515 1.83635902
 1.83275308 1.82914732 1.82554175 1.82193637 1.81833117 1.81472616
 1.81112134 1.80751671 1.80391226 1.80030801 1.79670393 1.79310005
 1.78949635 1.78589285 1.78228952 1.77868639 1.77508344 1.77148068
 1.76787811 1.76427572 1.76067353 1.75707152 1.75346969 1.74986806
 1.74626661 1.74266535 1.73906427 1.73546339 1.73186269 1.72826217
 1.72466185 1.72106171 1.71746176 1.713862   1.71026242 1.70666304
 1.70306384 1.69946482 1.695866   1.69226736 1.68866891 1.68507064
 1.68147256 1.67787467 1.67427697 1.67067946 1.66708213 1.66348499
 1.65988804 1.65629127 1.65269469 1.6490983  1.6455021  1.64190608
 1.63831026 1.63471461 1.63111916 1.62752389 1.62392882 1.62033392
 1.61673922 1.6131447  1.60955037 1.60595623 1.60236228 1.59876851
 1.59517493 1.59158154 1.58798833 1.58439532 1.58080249 1.57720985
 1.57361739 1.57002512 1.56643304 1.56284115 1.55924945 1.55565793
 1.5520666  1.54847546 1.5448845  1.54129374 1.53770316 1.53411277
 1.53052256 1.52693255 1.52334272 1.51975308 1.51616363 1.51257436
 1.50898528 1.50539639 1.50180769 1.49821918 1.49463085 1.49104271
 1.48745476 1.483867   1.48027942 1.47669204 1.47310484 1.46951783
 1.465931   1.46234437 1.45875792 1.45517166 1.45158559 1.44799971
 1.44441401 1.4408285  1.43724318 1.43365805 1.43007311 1.42648836
 1.42290379 1.41931941 1.41573522 1.41215122 1.40856741 1.40498379
 1.40140035 1.3978171  1.39423404 1.39065117 1.38706849 1.383486
 1.3799037  1.37632158 1.37273965 1.36915791 1.36557636 1.361995
 1.35841383 1.35483285 1.35125206 1.34767145 1.34409104 1.34051081
 1.33693077 1.33335092 1.32977126 1.32619179 1.32261251 1.31903342
 1.31545452 1.31187581 1.30829729 1.30471895 1.30114081 1.29756286
 1.29398509 1.29040752 1.28683013 1.28325294 1.27967594 1.27609912
 1.2725225  1.26894607 1.26536982 1.26179377 1.25821791 1.25464223
 1.25106675 1.24749146 1.24391636 1.24034145 1.23676674 1.23319221
 1.22961787 1.22604373 1.22246977 1.21889601 1.21532244 1.21174906
 1.20817587 1.20460288 1.20103007 1.19745746 1.19388504 1.19031281
 1.18674078 1.18316893 1.17959728 1.17602582 1.17245456 1.16888349
 1.16531261 1.16174192 1.15817142 1.15460112 1.15103102 1.1474611
 1.14389138 1.14032186 1.13675252 1.13318338 1.12961444 1.12604569
 1.12247713 1.11890877 1.11534061 1.11177264 1.10820486 1.10463728
 1.1010699  1.09750271 1.09393571 1.09036892 1.08680231 1.08323591
 1.0796697  1.07610369 1.07253787 1.06897225 1.06540683 1.06184161
 1.05827659 1.05471176 1.05114713 1.0475827  1.04401847 1.04045443
 1.0368906  1.03332696 1.02976353 1.02620029 1.02263725 1.01907442
 1.01551178 1.01194935 1.00838712 1.00482509 1.00126326 0.99770163
 0.9941402  0.99057898 0.98701796 0.98345714 0.97989653 0.97633612
 0.97277591 0.96921591 0.96565611 0.96209652 0.95853714 0.95497796
 0.95141898 0.94786021 0.94430165 0.9407433  0.93718516 0.93362722
 0.93006949 0.92651197 0.92295466 0.91939757 0.91584068 0.912284
 0.90872753 0.90517128 0.90161523 0.89805941 0.89450379 0.89094839
 0.8873932  0.88383823 0.88028347 0.87672893 0.8731746  0.86962049
 0.8660666  0.86251293 0.85895948 0.85540625 0.85185324 0.84830045
 0.84474788 0.84119553 0.83764341 0.83409151 0.83053983 0.82698839
 0.82343716 0.81988617 0.8163354  0.81278486 0.80923455 0.80568447
 0.80213462 0.79858501 0.79503562 0.79148647 0.78793756 0.78438888
 0.78084044 0.77729224 0.77374427 0.77019655 0.76664907 0.76310183
 0.75955483 0.75600808 0.75246157 0.74891531 0.74536931 0.74182354
 0.73827804 0.73473278 0.73118778 0.72764303 0.72409854 0.72055431
 0.71701033 0.71346662 0.70992317 0.70637999 0.70283707 0.69929442
 0.69575204 0.69220994 0.6886681  0.68512654 0.68158526 0.67804425
 0.67450353 0.67096309 0.66742294 0.66388307 0.6603435  0.65680422
 0.65326523 0.64972653 0.64618814 0.64265005 0.63911227 0.63557479
 0.63203762 0.62850077 0.62496423 0.62142801 0.61789211 0.61435654
 0.61082129 0.60728638 0.6037518  0.60021756 0.59668366 0.59315011
 0.58961691 0.58608406 0.58255157 0.57901945 0.57548768 0.57195629
 0.57011108 0.56658    0.5630493  0.55951899 0.55598906 0.55245954
 0.54893041 0.54540169 0.54187339 0.5383455  0.53481804 0.531291
 0.5277644  0.52423825 0.52071254 0.5171873  0.51366251 0.5101382
 0.50661436 0.50309101 0.49956816 0.49604581 0.49252397 0.48900265
 0.48548186 0.48196161 0.4784419  0.47492276 0.47140419 0.4678862
 0.4643688  0.460852   0.45733582 0.45382027 0.45030535 0.4467911
 0.44327751 0.4397646  0.43625239 0.4327409  0.42923013 0.42572011
 0.42221085 0.41870237 0.4151947  0.41168784 0.40818182 0.40467666
 0.40117239 0.39766901 0.39416657 0.39066508 0.38716456 0.38366505
 0.38016657 0.37666916 0.37317283 0.36967763 0.36618358 0.36269072
 0.35919909 0.35570872 0.35221965 0.34873192 0.34524557 0.34176066
 0.33827722 0.33479531 0.33131497 0.32783626 0.32435924 0.32088397
 0.3174105  0.31393891 0.31046926 0.30700162 0.30353608 0.3000727
 0.29661158 0.29315281 0.28969647 0.28624267 0.28279152 0.27934312
 0.27589759 0.27245505 0.26901564 0.26557951 0.26214678 0.25871763
 0.25529222 0.25187073 0.24845335 0.24504029 0.24163175 0.23822797
 0.23482919 0.23143569 0.22804773 0.22466564 0.22128973 0.21792035
 0.21455789 0.21120275 0.20785536 0.20451621 0.20118581 0.19786472
 0.19455355 0.19125295 0.18796364 0.18468641 0.18142211 0.17817169
 0.17493618 0.17171672 0.16851455 0.16533108 0.16216782 0.15902649
 0.15590899 0.15281745 0.14975424 0.14672206 0.14372393 0.14076328
 0.13784401 0.13497058 0.13214811 0.12938251 0.12668062 0.12405045
 0.12150138 0.11904452 0.11669313 0.11446315 0.11237394 0.11044929
 0.10871881 0.10721986 0.1060004  0.10512325 0.10467259 0.10476447
 0.10556447 0.10731924 0.11041687 0.11551402]
t =  [1.04971504e+09 1.04971508e+09 1.04971512e+09 1.04971517e+09
 1.04971521e+09 1.04971525e+09 1.04971529e+09 1.04971534e+09
 1.04971538e+09 1.04971542e+09 1.04971546e+09 1.04971551e+09
 1.04971555e+09 1.04971559e+09 1.04971563e+09 1.04971568e+09
 1.04971572e+09 1.04971576e+09 1.04971580e+09 1.04971585e+09
 1.04971589e+09 1.04971593e+09 1.04971597e+09 1.04971602e+09
 1.04971606e+09 1.04971610e+09 1.04971614e+09 1.04971619e+09
 1.04971623e+09 1.04971627e+09 1.04971631e+09 1.04971635e+09
 1.04971640e+09 1.04971644e+09 1.04971648e+09 1.04971652e+09
 1.04971657e+09 1.04971661e+09 1.04971665e+09 1.04971669e+09
 1.04971674e+09 1.04971678e+09 1.04971682e+09 1.04971686e+09
 1.04971691e+09 1.04971695e+09 1.04971699e+09 1.04971703e+09
 1.04971708e+09 1.04971712e+09 1.04971716e+09 1.04971720e+09
 1.04971725e+09 1.04971729e+09 1.04971733e+09 1.04971737e+09
 1.04971742e+09 1.04971746e+09 1.04971750e+09 1.04971754e+09
 1.04971759e+09 1.04971763e+09 1.04971767e+09 1.04971771e+09
 1.04971776e+09 1.04971780e+09 1.04971784e+09 1.04971788e+09
 1.04971793e+09 1.04971797e+09 1.04971801e+09 1.04971805e+09
 1.04971809e+09 1.04971814e+09 1.04971818e+09 1.04971822e+09
 1.04971826e+09 1.04971831e+09 1.04971835e+09 1.04971839e+09
 1.04971843e+09 1.04971848e+09 1.04971852e+09 1.04971856e+09
 1.04971860e+09 1.04971865e+09 1.04971869e+09 1.04971873e+09
 1.04971877e+09 1.04971882e+09 1.04971886e+09 1.04971890e+09
 1.04971894e+09 1.04971899e+09 1.04971903e+09 1.04971907e+09
 1.04971911e+09 1.04971916e+09 1.04971920e+09 1.04971924e+09
 1.04971928e+09 1.04971933e+09 1.04971937e+09 1.04971941e+09
 1.04971945e+09 1.04971950e+09 1.04971954e+09 1.04971958e+09
 1.04971962e+09 1.04971967e+09 1.04971971e+09 1.04971975e+09
 1.04971979e+09 1.04971983e+09 1.04971988e+09 1.04971992e+09
 1.04971996e+09 1.04972000e+09 1.04972005e+09 1.04972009e+09
 1.04972013e+09 1.04972017e+09 1.04972022e+09 1.04972026e+09
 1.04972030e+09 1.04972034e+09 1.04972039e+09 1.04972043e+09
 1.04972047e+09 1.04972051e+09 1.04972056e+09 1.04972060e+09
 1.04972064e+09 1.04972068e+09 1.04972073e+09 1.04972077e+09
 1.04972081e+09 1.04972085e+09 1.04972090e+09 1.04972094e+09
 1.04972098e+09 1.04972102e+09 1.04972107e+09 1.04972111e+09
 1.04972115e+09 1.04972119e+09 1.04972124e+09 1.04972128e+09
 1.04972132e+09 1.04972136e+09 1.04972141e+09 1.04972145e+09
 1.04972149e+09 1.04972153e+09 1.04972157e+09 1.04972162e+09
 1.04972166e+09 1.04972170e+09 1.04972174e+09 1.04972179e+09
 1.04972183e+09 1.04972187e+09 1.04972191e+09 1.04972196e+09
 1.04972200e+09 1.04972204e+09 1.04972208e+09 1.04972213e+09
 1.04972217e+09 1.04972221e+09 1.04972225e+09 1.04972230e+09
 1.04972234e+09 1.04972238e+09 1.04972242e+09 1.04972247e+09
 1.04972251e+09 1.04972255e+09 1.04972259e+09 1.04972264e+09
 1.04972268e+09 1.04972272e+09 1.04972276e+09 1.04972281e+09
 1.04972285e+09 1.04972289e+09 1.04972293e+09 1.04972298e+09
 1.04972302e+09 1.04972306e+09 1.04972310e+09 1.04972315e+09
 1.04972319e+09 1.04972323e+09 1.04972327e+09 1.04972331e+09
 1.04972336e+09 1.04972340e+09 1.04972344e+09 1.04972348e+09
 1.04972353e+09 1.04972357e+09 1.04972361e+09 1.04972365e+09
 1.04972370e+09 1.04972374e+09 1.04972378e+09 1.04972382e+09
 1.04972387e+09 1.04972391e+09 1.04972395e+09 1.04972399e+09
 1.04972404e+09 1.04972408e+09 1.04972412e+09 1.04972416e+09
 1.04972421e+09 1.04972425e+09 1.04972429e+09 1.04972433e+09
 1.04972438e+09 1.04972442e+09 1.04972446e+09 1.04972450e+09
 1.04972455e+09 1.04972459e+09 1.04972463e+09 1.04972467e+09
 1.04972472e+09 1.04972476e+09 1.04972480e+09 1.04972484e+09
 1.04972489e+09 1.04972493e+09 1.04972497e+09 1.04972501e+09
 1.04972506e+09 1.04972510e+09 1.04972514e+09 1.04972518e+09
 1.04972522e+09 1.04972527e+09 1.04972531e+09 1.04972535e+09
 1.04972539e+09 1.04972544e+09 1.04972548e+09 1.04972552e+09
 1.04972556e+09 1.04972561e+09 1.04972565e+09 1.04972569e+09
 1.04972573e+09 1.04972578e+09 1.04972582e+09 1.04972586e+09
 1.04972590e+09 1.04972595e+09 1.04972599e+09 1.04972603e+09
 1.04972607e+09 1.04972612e+09 1.04972616e+09 1.04972620e+09
 1.04972624e+09 1.04972629e+09 1.04972633e+09 1.04972637e+09
 1.04972641e+09 1.04972646e+09 1.04972650e+09 1.04972654e+09
 1.04972658e+09 1.04972663e+09 1.04972667e+09 1.04972671e+09
 1.04972675e+09 1.04972680e+09 1.04972684e+09 1.04972688e+09
 1.04972692e+09 1.04972696e+09 1.04972701e+09 1.04972705e+09
 1.04972709e+09 1.04972713e+09 1.04972718e+09 1.04972722e+09
 1.04972726e+09 1.04972730e+09 1.04972735e+09 1.04972739e+09
 1.04972743e+09 1.04972747e+09 1.04972752e+09 1.04972756e+09
 1.04972760e+09 1.04972764e+09 1.04972769e+09 1.04972773e+09
 1.04972777e+09 1.04972781e+09 1.04972786e+09 1.04972790e+09
 1.04972794e+09 1.04972798e+09 1.04972803e+09 1.04972807e+09
 1.04972811e+09 1.04972815e+09 1.04972820e+09 1.04972824e+09
 1.04972828e+09 1.04972832e+09 1.04972837e+09 1.04972841e+09
 1.04972845e+09 1.04972849e+09 1.04972854e+09 1.04972858e+09
 1.04972862e+09 1.04972866e+09 1.04972870e+09 1.04972875e+09
 1.04972879e+09 1.04972883e+09 1.04972887e+09 1.04972892e+09
 1.04972896e+09 1.04972900e+09 1.04972904e+09 1.04972909e+09
 1.04972913e+09 1.04972917e+09 1.04972921e+09 1.04972926e+09
 1.04972930e+09 1.04972934e+09 1.04972938e+09 1.04972943e+09
 1.04972947e+09 1.04972951e+09 1.04972955e+09 1.04972960e+09
 1.04972964e+09 1.04972968e+09 1.04972972e+09 1.04972977e+09
 1.04972981e+09 1.04972985e+09 1.04972989e+09 1.04972994e+09
 1.04972998e+09 1.04973002e+09 1.04973006e+09 1.04973011e+09
 1.04973015e+09 1.04973019e+09 1.04973023e+09 1.04973028e+09
 1.04973032e+09 1.04973036e+09 1.04973040e+09 1.04973044e+09
 1.04973049e+09 1.04973053e+09 1.04973057e+09 1.04973061e+09
 1.04973066e+09 1.04973070e+09 1.04973074e+09 1.04973078e+09
 1.04973083e+09 1.04973087e+09 1.04973091e+09 1.04973095e+09
 1.04973100e+09 1.04973104e+09 1.04973108e+09 1.04973112e+09
 1.04973117e+09 1.04973121e+09 1.04973125e+09 1.04973129e+09
 1.04973134e+09 1.04973138e+09 1.04973142e+09 1.04973146e+09
 1.04973151e+09 1.04973155e+09 1.04973159e+09 1.04973163e+09
 1.04973168e+09 1.04973172e+09 1.04973176e+09 1.04973180e+09
 1.04973185e+09 1.04973189e+09 1.04973193e+09 1.04973197e+09
 1.04973202e+09 1.04973206e+09 1.04973210e+09 1.04973214e+09
 1.04973218e+09 1.04973223e+09 1.04973227e+09 1.04973231e+09
 1.04973235e+09 1.04973240e+09 1.04973244e+09 1.04973248e+09
 1.04973252e+09 1.04973257e+09 1.04973261e+09 1.04973265e+09
 1.04973269e+09 1.04973274e+09 1.04973278e+09 1.04973282e+09
 1.04973286e+09 1.04973291e+09 1.04973295e+09 1.04973299e+09
 1.04973303e+09 1.04973308e+09 1.04973312e+09 1.04973316e+09
 1.04973320e+09 1.04973325e+09 1.04973329e+09 1.04973333e+09
 1.04973337e+09 1.04973342e+09 1.04973346e+09 1.04973350e+09
 1.04973354e+09 1.04973359e+09 1.04973363e+09 1.04973367e+09
 1.04973371e+09 1.04973376e+09 1.04973380e+09 1.04973384e+09
 1.04973388e+09 1.04973392e+09 1.04973397e+09 1.04973401e+09
 1.04973405e+09 1.04973409e+09 1.04973414e+09 1.04973418e+09
 1.04973422e+09 1.04973426e+09 1.04973431e+09 1.04973435e+09
 1.04973439e+09 1.04973443e+09 1.04973448e+09 1.04973452e+09
 1.04973456e+09 1.04973460e+09 1.04973465e+09 1.04973469e+09
 1.04973473e+09 1.04973477e+09 1.04973482e+09 1.04973486e+09
 1.04973490e+09 1.04973494e+09 1.04973499e+09 1.04973503e+09
 1.04973507e+09 1.04973511e+09 1.04973516e+09 1.04973520e+09
 1.04973524e+09 1.04973528e+09 1.04973533e+09 1.04973537e+09
 1.04973541e+09 1.04973545e+09 1.04973550e+09 1.04973554e+09
 1.04973558e+09 1.04973562e+09 1.04973566e+09 1.04973571e+09
 1.04973575e+09 1.04973579e+09 1.04973583e+09 1.04973588e+09
 1.04973592e+09 1.04973596e+09 1.04973600e+09 1.04973605e+09
 1.04973609e+09 1.04973613e+09 1.04973617e+09 1.04973622e+09
 1.04973626e+09 1.04973630e+09 1.04973634e+09 1.04973639e+09
 1.04973643e+09 1.04973647e+09 1.04973651e+09 1.04973656e+09
 1.04973660e+09 1.04973664e+09 1.04973668e+09 1.04973673e+09
 1.04973677e+09 1.04973681e+09 1.04973685e+09 1.04973690e+09
 1.04973694e+09 1.04973698e+09 1.04973702e+09 1.04973707e+09
 1.04973711e+09 1.04973715e+09 1.04973719e+09 1.04973724e+09
 1.04973728e+09 1.04973732e+09 1.04973736e+09 1.04973741e+09
 1.04973745e+09 1.04973749e+09 1.04973753e+09 1.04973757e+09
 1.04973762e+09 1.04973766e+09 1.04973770e+09 1.04973774e+09
 1.04973779e+09 1.04973783e+09 1.04973787e+09 1.04973791e+09
 1.04973796e+09 1.04973800e+09 1.04973804e+09 1.04973808e+09
 1.04973813e+09 1.04973817e+09 1.04973821e+09 1.04973825e+09
 1.04973830e+09 1.04973834e+09 1.04973838e+09 1.04973842e+09
 1.04973847e+09 1.04973851e+09 1.04973855e+09 1.04973859e+09
 1.04973864e+09 1.04973868e+09 1.04973872e+09 1.04973876e+09
 1.04973881e+09 1.04973885e+09 1.04973889e+09 1.04973893e+09
 1.04973898e+09 1.04973902e+09 1.04973906e+09 1.04973910e+09
 1.04973915e+09 1.04973919e+09 1.04973923e+09 1.04973927e+09
 1.04973931e+09 1.04973936e+09 1.04973940e+09 1.04973944e+09
 1.04973948e+09 1.04973953e+09 1.04973957e+09 1.04973961e+09
 1.04973965e+09 1.04973970e+09 1.04973974e+09 1.04973978e+09
 1.04973982e+09 1.04973987e+09 1.04973991e+09 1.04973995e+09
 1.04973999e+09 1.04974004e+09 1.04974008e+09 1.04974012e+09
 1.04974016e+09 1.04974021e+09 1.04974025e+09 1.04974029e+09
 1.04974033e+09 1.04974038e+09 1.04974042e+09 1.04974046e+09
 1.04974050e+09 1.04974055e+09 1.04974059e+09 1.04974063e+09
 1.04974067e+09 1.04974072e+09 1.04974076e+09 1.04974080e+09
 1.04974084e+09 1.04974089e+09 1.04974093e+09 1.04974097e+09
 1.04974101e+09 1.04974105e+09 1.04974110e+09 1.04974114e+09
 1.04974118e+09 1.04974122e+09 1.04974127e+09 1.04974131e+09
 1.04974135e+09 1.04974139e+09 1.04974144e+09 1.04974148e+09
 1.04974152e+09 1.04974156e+09 1.04974161e+09 1.04974165e+09
 1.04974169e+09 1.04974173e+09 1.04974178e+09 1.04974182e+09
 1.04974186e+09 1.04974190e+09 1.04974195e+09 1.04974199e+09
 1.04974203e+09 1.04974207e+09 1.04974212e+09 1.04974216e+09
 1.04974220e+09 1.04974224e+09 1.04974229e+09 1.04974233e+09
 1.04974237e+09 1.04974241e+09 1.04974246e+09 1.04974250e+09
 1.04974254e+09 1.04974258e+09 1.04974263e+09 1.04974267e+09
 1.04974271e+09 1.04974275e+09 1.04974279e+09 1.04974284e+09
 1.04974288e+09 1.04974292e+09 1.04974296e+09 1.04974301e+09
 1.04974305e+09 1.04974309e+09 1.04974313e+09 1.04974318e+09
 1.04974322e+09 1.04974326e+09 1.04974330e+09 1.04974335e+09
 1.04974339e+09 1.04974343e+09 1.04974347e+09 1.04974352e+09
 1.04974356e+09 1.04974360e+09 1.04974364e+09 1.04974369e+09
 1.04974373e+09 1.04974377e+09 1.04974381e+09 1.04974386e+09
 1.04974390e+09 1.04974394e+09 1.04974398e+09 1.04974403e+09
 1.04974407e+09 1.04974411e+09 1.04974415e+09 1.04974420e+09
 1.04974424e+09 1.04974428e+09 1.04974432e+09 1.04974437e+09
 1.04974441e+09 1.04974445e+09 1.04974449e+09 1.04974453e+09
 1.04974458e+09 1.04974462e+09 1.04974466e+09 1.04974470e+09
 1.04974475e+09 1.04974479e+09 1.04974483e+09 1.04974487e+09
 1.04974492e+09 1.04974496e+09 1.04974500e+09 1.04974504e+09
 1.04974509e+09 1.04974513e+09 1.04974517e+09 1.04974521e+09
 1.04974526e+09 1.04974530e+09 1.04974534e+09 1.04974538e+09
 1.04974543e+09 1.04974547e+09 1.04974551e+09 1.04974555e+09
 1.04974560e+09 1.04974564e+09 1.04974568e+09 1.04974572e+09
 1.04974577e+09 1.04974581e+09 1.04974585e+09 1.04974589e+09
 1.04974594e+09 1.04974598e+09 1.04974602e+09 1.04974606e+09
 1.04974611e+09 1.04974615e+09 1.04974619e+09 1.04974623e+09
 1.04974627e+09 1.04974632e+09 1.04974636e+09 1.04974640e+09
 1.04974644e+09 1.04974649e+09 1.04974653e+09 1.04974657e+09
 1.04974661e+09 1.04974666e+09 1.04974670e+09 1.04974674e+09
 1.04974678e+09 1.04974683e+09 1.04974687e+09 1.04974691e+09
 1.04974695e+09 1.04974700e+09 1.04974704e+09 1.04974708e+09
 1.04974712e+09 1.04974717e+09 1.04974721e+09 1.04974725e+09
 1.04974729e+09 1.04974734e+09 1.04974738e+09 1.04974742e+09
 1.04974746e+09 1.04974751e+09 1.04974755e+09 1.04974759e+09
 1.04974763e+09 1.04974768e+09 1.04974772e+09 1.04974776e+09
 1.04974780e+09 1.04974785e+09 1.04974789e+09 1.04974793e+09
 1.04974797e+09 1.04974802e+09 1.04974806e+09 1.04974810e+09
 1.04974814e+09 1.04974818e+09 1.04974823e+09 1.04974827e+09
 1.04974831e+09 1.04974835e+09 1.04974840e+09 1.04974844e+09
 1.04974848e+09 1.04974852e+09 1.04974857e+09 1.04974861e+09
 1.04974865e+09 1.04974869e+09 1.04974874e+09 1.04974878e+09
 1.04974882e+09 1.04974886e+09 1.04974891e+09 1.04974895e+09
 1.04974899e+09 1.04974903e+09 1.04974908e+09 1.04974912e+09
 1.04974916e+09 1.04974920e+09 1.04974925e+09 1.04974929e+09
 1.04974933e+09 1.04974937e+09 1.04974942e+09 1.04974946e+09
 1.04974950e+09 1.04974954e+09 1.04974959e+09 1.04974963e+09
 1.04974967e+09 1.04974971e+09 1.04974976e+09 1.04974980e+09
 1.04974984e+09 1.04974988e+09 1.04974992e+09 1.04974997e+09
 1.04975001e+09 1.04975005e+09 1.04975009e+09 1.04975014e+09
 1.04975018e+09 1.04975022e+09 1.04975026e+09 1.04975031e+09
 1.04975035e+09 1.04975039e+09 1.04975043e+09 1.04975048e+09
 1.04975052e+09 1.04975056e+09 1.04975060e+09 1.04975065e+09
 1.04975069e+09 1.04975073e+09 1.04975077e+09 1.04975082e+09
 1.04975086e+09 1.04975090e+09 1.04975094e+09 1.04975099e+09
 1.04975103e+09 1.04975107e+09 1.04975111e+09 1.04975116e+09
 1.04975120e+09 1.04975124e+09 1.04975128e+09 1.04975133e+09
 1.04975137e+09 1.04975141e+09 1.04975145e+09 1.04975150e+09
 1.04975154e+09 1.04975158e+09 1.04975162e+09 1.04975166e+09
 1.04975171e+09 1.04975175e+09 1.04975179e+09 1.04975183e+09
 1.04975188e+09 1.04975192e+09 1.04975196e+09 1.04975200e+09
 1.04975205e+09 1.04975209e+09 1.04975213e+09 1.04975217e+09
 1.04975222e+09 1.04975226e+09 1.04975230e+09 1.04975234e+09
 1.04975239e+09 1.04975243e+09 1.04975247e+09 1.04975251e+09
 1.04975256e+09 1.04975260e+09 1.04975264e+09 1.04975268e+09
 1.04975273e+09 1.04975277e+09 1.04975281e+09 1.04975285e+09
 1.04975290e+09 1.04975294e+09 1.04975298e+09 1.04975302e+09
 1.04975307e+09 1.04975311e+09 1.04975315e+09 1.04975319e+09
 1.04975324e+09 1.04975328e+09 1.04975332e+09 1.04975336e+09
 1.04975340e+09 1.04975345e+09 1.04975349e+09 1.04975353e+09
 1.04975357e+09 1.04975362e+09 1.04975366e+09 1.04975370e+09
 1.04975374e+09 1.04975379e+09 1.04975383e+09 1.04975387e+09
 1.04975391e+09 1.04975396e+09 1.04975400e+09 1.04975404e+09
 1.04975408e+09 1.04975413e+09 1.04975417e+09 1.04975421e+09
 1.04975425e+09 1.04975430e+09 1.04975434e+09 1.04975438e+09
 1.04975442e+09 1.04975447e+09 1.04975451e+09 1.04975455e+09
 1.04975459e+09 1.04975464e+09 1.04975468e+09 1.04975472e+09
 1.04975476e+09 1.04975481e+09 1.04975485e+09 1.04975489e+09
 1.04975493e+09 1.04975498e+09 1.04975502e+09 1.04975506e+09
 1.04975510e+09 1.04975514e+09 1.04975519e+09 1.04975523e+09
 1.04975527e+09 1.04975531e+09 1.04975536e+09 1.04975540e+09
 1.04975544e+09 1.04975548e+09 1.04975553e+09 1.04975557e+09
 1.04975561e+09 1.04975565e+09 1.04975570e+09 1.04975574e+09
 1.04975578e+09 1.04975582e+09 1.04975587e+09 1.04975591e+09
 1.04975595e+09 1.04975599e+09 1.04975604e+09 1.04975608e+09
 1.04975612e+09 1.04975616e+09 1.04975621e+09 1.04975625e+09
 1.04975629e+09 1.04975633e+09 1.04975638e+09 1.04975642e+09
 1.04975646e+09 1.04975650e+09 1.04975655e+09 1.04975659e+09
 1.04975663e+09 1.04975667e+09 1.04975672e+09 1.04975676e+09
 1.04975680e+09 1.04975684e+09 1.04975688e+09 1.04975693e+09
 1.04975697e+09 1.04975701e+09 1.04975705e+09 1.04975710e+09
 1.04975714e+09 1.04975718e+09 1.04975722e+09 1.04975727e+09
 1.04975731e+09 1.04975735e+09 1.04975739e+09 1.04975744e+09]
minRes = 0.10467259404634763
minResTime =  [1.04975722e+09]
