name =JUICE_ROI_CAL_7_0_03
flyby =  ['2033 APR 06 23:29:30', '2033 APR 07 23:29:30']
Observation TW =  <SpiceCell dtype = 1, length = 0, size = 3000, card = 10, is_set = 1, adjust = 0, init = 1, base = 2554802540560, data = 2554802540608>
Res(t) =  [5.40860023 5.40330358 5.39800791 5.39271321 5.38741947 5.38212671
 5.37683492 5.3715441  5.36625425 5.36096537 5.35567746 5.35039052
 5.34510454 5.33981954 5.3345355  5.32925243 5.32397032 5.31868918
 5.31340901 5.3081298  5.30285155 5.29757427 5.29229796 5.28702261
 5.28174822 5.27647479 5.27120233 5.26593083 5.26066029 5.25539071
 5.25012209 5.24485444 5.23958774 5.234322   5.22905722 5.2237934
 5.21853054 5.21326864 5.20800769 5.20274771 5.19748867 5.1922306
 5.18697348 5.18171732 5.17646211 5.17120786 5.16595456 5.16070221
 5.15545082 5.15020038 5.1449509  5.13970236 5.13445478 5.12920815
 5.12396247 5.11871774 5.11347397 5.10823114 5.10298926 5.09774833
 5.09250835 5.08726932 5.08203124 5.0767941  5.07155792 5.06632267
 5.06108838 5.05585503 5.05062263 5.04539117 5.04016066 5.03493109
 5.02970246 5.02447478 5.01924804 5.01402225 5.0087974  5.00357349
 4.99835052 4.99312849 4.98790741 4.98268726 4.97746806 4.97224979
 4.96703247 4.96181608 4.95660063 4.95138612 4.94617255 4.94095992
 4.93574822 4.93053746 4.92532763 4.92011875 4.91491079 4.90970378
 4.90449769 4.89929255 4.89408833 4.88888505 4.88368271 4.87848129
 4.87328081 4.86808126 4.86288264 4.85768496 4.8524882  4.84729238
 4.84209748 4.83690352 4.83171049 4.82651838 4.8213272  4.81613695
 4.81094763 4.80575924 4.80057178 4.79538524 4.79019963 4.78501494
 4.77983118 4.77464834 4.76946644 4.76428545 4.75910539 4.75392625
 4.74874804 4.74357075 4.73839438 4.73321894 4.72804441 4.72287081
 4.71769813 4.71252637 4.70735554 4.70218562 4.69701662 4.69184854
 4.68668138 4.68151514 4.67634982 4.67118541 4.66602193 4.66085936
 4.6556977  4.65053697 4.64537715 4.64021824 4.63506026 4.62990318
 4.62474702 4.61959178 4.61443745 4.60928403 4.60413153 4.59897994
 4.59382926 4.5886795  4.58353064 4.5783827  4.57323567 4.56808955
 4.56294434 4.55780004 4.55265665 4.54751417 4.5423726  4.53723193
 4.53209218 4.52695333 4.52181539 4.51667836 4.51154224 4.50640702
 4.50127271 4.4961393  4.4910068  4.4858752  4.48074451 4.47561473
 4.47048584 4.46535787 4.46023079 4.45510462 4.44997935 4.44485498
 4.43973152 4.43460895 4.42948729 4.42436653 4.41924667 4.41412771
 4.40900965 4.40389249 4.39877623 4.39366086 4.3885464  4.38343283
 4.37832016 4.37320839 4.36809752 4.36298754 4.35787846 4.35277028
 4.34766299 4.3425566  4.3374511  4.3323465  4.32724279 4.32213998
 4.31703806 4.31193703 4.3068369  4.30173766 4.29663931 4.29154185
 4.28644529 4.28134961 4.27625483 4.27116094 4.26606794 4.26097583
 4.25588461 4.25079428 4.24570483 4.24061628 4.23552862 4.23044184
 4.22535595 4.22027095 4.21518683 4.21010361 4.20502126 4.19993981
 4.19485924 4.18977956 4.18470076 4.17962285 4.17454582 4.16946967
 4.16439441 4.15932003 4.15424654 4.14917393 4.1441022  4.13903135
 4.13396139 4.12889231 4.12382411 4.11875679 4.11369035 4.10862479
 4.10356011 4.09849631 4.09343339 4.08837135 4.08331018 4.0782499
 4.0731905  4.06813197 4.06307432 4.05801755 4.05296165 4.04790663
 4.04285249 4.03779922 4.03274683 4.02769531 4.02264467 4.01759491
 4.01254601 4.007498   4.00245085 3.99740458 3.99235918 3.98731466
 3.98227101 3.97722823 3.97218632 3.96714529 3.96210512 3.95706583
 3.95202741 3.94698985 3.94195317 3.93691736 3.93188242 3.92684834
 3.92181514 3.91678281 3.91175134 3.90672074 3.90169101 3.89666214
 3.89163415 3.88660702 3.88158076 3.87655536 3.87153083 3.86650716
 3.86148436 3.85646243 3.85144136 3.84642116 3.84140182 3.83638334
 3.83136573 3.82634898 3.82133309 3.81631807 3.81130391 3.80629061
 3.80127817 3.7962666  3.79125588 3.78624603 3.78123704 3.77622891
 3.77122164 3.76621523 3.76120968 3.75620499 3.75120115 3.74619818
 3.74119607 3.73619481 3.73119441 3.72619487 3.72119619 3.71619836
 3.71120139 3.70620528 3.70121003 3.69621563 3.69122208 3.6862294
 3.68123756 3.67624659 3.67125647 3.6662672  3.66127878 3.65629122
 3.65130452 3.64631867 3.64133367 3.63634952 3.63136623 3.62638379
 3.6214022  3.61642146 3.61144158 3.60646254 3.60148436 3.59650703
 3.59153055 3.58655492 3.58158014 3.57660621 3.57163313 3.5666609
 3.56168951 3.55671898 3.5517493  3.54678046 3.54181247 3.53684533
 3.53187904 3.52691359 3.521949   3.51698524 3.51202234 3.50706028
 3.50209907 3.4971387  3.49217918 3.48722051 3.48226268 3.47730569
 3.47234955 3.46739426 3.46243981 3.4574862  3.45253344 3.44758152
 3.44263044 3.43768021 3.43273082 3.42778227 3.42283457 3.4178877
 3.41294168 3.40799651 3.40305217 3.39810867 3.39316602 3.3882242
 3.38328323 3.3783431  3.3734038  3.36846535 3.36352774 3.35859096
 3.35365503 3.34871993 3.34378568 3.33885226 3.33391968 3.32898794
 3.32405704 3.31912697 3.31419775 3.30926936 3.30434181 3.29941509
 3.29448921 3.28956417 3.28463997 3.2797166  3.27479406 3.26987237
 3.26495151 3.26003148 3.25511229 3.25019393 3.24527641 3.24035973
 3.23544388 3.23052886 3.22561468 3.22070133 3.21578881 3.21087713
 3.20596628 3.20105627 3.19614709 3.19123874 3.18633122 3.18142454
 3.17651869 3.17161367 3.16670948 3.16180612 3.1569036  3.15200191
 3.14710105 3.14220102 3.13730182 3.13240345 3.12750591 3.12260921
 3.11771333 3.11281829 3.10792407 3.10303068 3.09813813 3.0932464
 3.0883555  3.08346544 3.0785762  3.07368779 3.06880021 3.06391345
 3.05902753 3.05414243 3.04925817 3.04437473 3.03949212 3.03461033
 3.02972938 3.02484925 3.01996995 3.01509148 3.01021383 3.00533701
 3.00046102 2.99558586 2.99071152 2.98583801 2.98096532 2.97609347
 2.97122243 2.96635223 2.96148285 2.95661429 2.95174657 2.94687966
 2.94201359 2.93714834 2.93228391 2.92742031 2.92255754 2.91769559
 2.91283446 2.90797416 2.90311469 2.89825604 2.89339821 2.88854121
 2.88368503 2.87882968 2.87397515 2.86912145 2.86426857 2.85941652
 2.85456529 2.84971488 2.8448653  2.84001654 2.8351686  2.83032149
 2.8254752  2.82062974 2.8157851  2.81094128 2.80609829 2.80125612
 2.79641478 2.79157425 2.78673456 2.78189568 2.77705763 2.7722204
 2.76738399 2.76254841 2.75771365 2.75287971 2.7480466  2.74321431
 2.73838284 2.7335522  2.72872238 2.72389338 2.71906521 2.71423786
 2.70941133 2.70458562 2.69976074 2.69493668 2.69011345 2.68529103
 2.68046945 2.67564868 2.67082874 2.66600962 2.66119132 2.65637385
 2.6515572  2.64674137 2.64192637 2.63711219 2.63229883 2.6274863
 2.62267459 2.61786371 2.61305365 2.60824441 2.603436   2.59862841
 2.59382164 2.5890157  2.58421059 2.57940629 2.57460282 2.56980018
 2.56499836 2.56019737 2.5553972  2.55059785 2.54579933 2.54100164
 2.53620477 2.53140872 2.52661351 2.52181911 2.51702554 2.5122328
 2.50744089 2.5026498  2.49785953 2.4930701  2.48828149 2.4834937
 2.47870675 2.47392062 2.46913532 2.46435084 2.45956719 2.45478437
 2.45000238 2.44522122 2.44044089 2.43566138 2.4308827  2.42610485
 2.42132783 2.41655165 2.41177629 2.40700176 2.40222806 2.39745519
 2.39268315 2.38791194 2.38314156 2.37837202 2.37360331 2.36883543
 2.36406838 2.35930216 2.35453678 2.34977223 2.34500851 2.34024563
 2.33548358 2.33072236 2.32596198 2.32120244 2.31644373 2.31168586
 2.30692882 2.30217262 2.29741725 2.29266273 2.28790904 2.28315619
 2.27840417 2.273653   2.26890266 2.26415317 2.25940451 2.2546567
 2.24990972 2.24516359 2.2404183  2.23567385 2.23093024 2.22618748
 2.22144556 2.21670448 2.21196425 2.20722487 2.20248633 2.19774863
 2.19301178 2.18827578 2.18354063 2.17880633 2.17407287 2.16934026
 2.16460851 2.1598776  2.15514755 2.15041834 2.14568999 2.1409625
 2.13623585 2.13151006 2.12678513 2.12206105 2.11733783 2.11261546
 2.10789395 2.1031733  2.09845351 2.09373458 2.08901651 2.0842993
 2.07958295 2.07486746 2.07015284 2.06543909 2.06072619 2.05601417
 2.05130301 2.04659271 2.04188329 2.03717474 2.03246705 2.02776024
 2.0230543  2.01834923 2.01364504 2.00894172 2.00423927 1.9995377
 1.99483701 1.9901372  1.98543827 1.98074022 1.97604305 1.97134676
 1.96665136 1.96195684 1.95726321 1.95257047 1.94787861 1.94318764
 1.93849757 1.93380838 1.92912009 1.92443269 1.91974619 1.91506058
 1.91037587 1.90569206 1.90100916 1.89632715 1.89164605 1.88696585
 1.88228655 1.87760817 1.87293069 1.86825412 1.86357847 1.85890372
 1.8542299  1.84955698 1.84488499 1.84021391 1.83554376 1.83087453
 1.82620622 1.82153884 1.81687238 1.81220686 1.80754226 1.8028786
 1.79821587 1.79355408 1.78889322 1.78423331 1.77957434 1.77491631
 1.77025922 1.76560309 1.7609479  1.75629367 1.75164038 1.74698806
 1.74233669 1.73768628 1.73303684 1.72838836 1.72374084 1.71909429
 1.71444872 1.70980412 1.70516049 1.70051785 1.69587618 1.6912355
 1.6865958  1.68195709 1.67731937 1.67268265 1.66804692 1.66341219
 1.65877846 1.65414574 1.64951402 1.64488331 1.64025362 1.63562494
 1.63099728 1.62637065 1.62174504 1.61712045 1.6124969  1.60787439
 1.60325291 1.59863247 1.59401308 1.58939474 1.58477745 1.58016121
 1.57554603 1.57093192 1.56631887 1.56170689 1.55709598 1.55248616
 1.54787741 1.54326975 1.53866318 1.53405771 1.52945333 1.52485006
 1.52024789 1.51564683 1.51104689 1.50644807 1.50185038 1.49725381
 1.49265838 1.48806409 1.48347095 1.47887895 1.47428811 1.46969842
 1.4651099  1.46052256 1.45593638 1.45135139 1.44676759 1.44218498
 1.43760356 1.43302336 1.42844436 1.42386658 1.41929002 1.41471469
 1.41014059 1.40556774 1.40099614 1.39642579 1.39185671 1.38728889
 1.38272235 1.3781571  1.37359313 1.36903047 1.36446911 1.35990906
 1.35535034 1.35079295 1.3462369  1.34168219 1.33712884 1.33257685
 1.32802623 1.323477   1.31892916 1.31438272 1.30983768 1.30529407
 1.30075189 1.29621114 1.29167185 1.28713401 1.28259764 1.27806276
 1.27352937 1.26899748 1.26446711 1.25993826 1.25541095 1.25088519
 1.24636099 1.24183837 1.23731734 1.23279791 1.22828009 1.2237639
 1.21924936 1.21473647 1.21022525 1.20571571 1.20120788 1.19670176
 1.19219737 1.18769473 1.18319386 1.17869476 1.17419746 1.16970197
 1.16520832 1.16071652 1.15622659 1.15173854 1.1472524  1.14276819
 1.13828593 1.13380563 1.12932732 1.12485102 1.12037675 1.11590453
 1.1114344  1.10696636 1.10250045 1.09803668 1.0935751  1.08911571
 1.08465854 1.08020363 1.075751   1.07130068 1.06685269 1.06240707
 1.05796385 1.05352306 1.04908472 1.04464888 1.04021556 1.03578481
 1.03135664 1.02693111 1.02250824 1.01808807 1.01367065 1.00925601
 1.0048442  1.00043524 0.9960292  0.9916261  0.987226   0.98282894
 0.97843497 0.97404413 0.96965649 0.96527208 0.96089096 0.95651319
 0.95213882 0.9477679  0.94340051 0.93903669 0.93467651 0.93032003
 0.92596732 0.92242646 0.91807581 0.91372904 0.90938622 0.90504742
 0.90071273 0.89638222 0.89205596 0.88773405 0.88341657 0.8791036
 0.87479524 0.87049158 0.86619271 0.86189874 0.85760977 0.85332591
 0.84904726 0.84477394 0.84050607 0.83624376 0.83198714 0.82773635
 0.82349151 0.81925277 0.81502027 0.81079415 0.80657457 0.8023617
 0.79815569 0.79395672 0.78976496 0.7855806  0.78140384 0.77723487
 0.77307389 0.76892113 0.7647768  0.76064114 0.75651439 0.75239681
 0.74828864 0.74419017 0.74010167 0.73602345 0.73195582 0.72789908
 0.72385359 0.71981969 0.71579775 0.71178816 0.7077913  0.70380761
 0.69983752 0.69588149 0.69194001 0.68801358 0.68410272 0.68020801
 0.67633002 0.67246937 0.66862671 0.66480272 0.66099812 0.65721366
 0.65345015 0.64970842 0.64598938 0.64229395 0.63862315 0.63497802
 0.63135969 0.62776935 0.62420825 0.62067775 0.61717926 0.61371432
 0.61028454 0.60689165 0.60353752 0.60022411]
t =  [1.04971504e+09 1.04971508e+09 1.04971512e+09 1.04971516e+09
 1.04971520e+09 1.04971524e+09 1.04971528e+09 1.04971531e+09
 1.04971535e+09 1.04971539e+09 1.04971543e+09 1.04971547e+09
 1.04971551e+09 1.04971555e+09 1.04971559e+09 1.04971563e+09
 1.04971567e+09 1.04971571e+09 1.04971575e+09 1.04971579e+09
 1.04971583e+09 1.04971587e+09 1.04971590e+09 1.04971594e+09
 1.04971598e+09 1.04971602e+09 1.04971606e+09 1.04971610e+09
 1.04971614e+09 1.04971618e+09 1.04971622e+09 1.04971626e+09
 1.04971630e+09 1.04971634e+09 1.04971638e+09 1.04971642e+09
 1.04971646e+09 1.04971649e+09 1.04971653e+09 1.04971657e+09
 1.04971661e+09 1.04971665e+09 1.04971669e+09 1.04971673e+09
 1.04971677e+09 1.04971681e+09 1.04971685e+09 1.04971689e+09
 1.04971693e+09 1.04971697e+09 1.04971701e+09 1.04971705e+09
 1.04971708e+09 1.04971712e+09 1.04971716e+09 1.04971720e+09
 1.04971724e+09 1.04971728e+09 1.04971732e+09 1.04971736e+09
 1.04971740e+09 1.04971744e+09 1.04971748e+09 1.04971752e+09
 1.04971756e+09 1.04971760e+09 1.04971764e+09 1.04971767e+09
 1.04971771e+09 1.04971775e+09 1.04971779e+09 1.04971783e+09
 1.04971787e+09 1.04971791e+09 1.04971795e+09 1.04971799e+09
 1.04971803e+09 1.04971807e+09 1.04971811e+09 1.04971815e+09
 1.04971819e+09 1.04971823e+09 1.04971827e+09 1.04971830e+09
 1.04971834e+09 1.04971838e+09 1.04971842e+09 1.04971846e+09
 1.04971850e+09 1.04971854e+09 1.04971858e+09 1.04971862e+09
 1.04971866e+09 1.04971870e+09 1.04971874e+09 1.04971878e+09
 1.04971882e+09 1.04971886e+09 1.04971889e+09 1.04971893e+09
 1.04971897e+09 1.04971901e+09 1.04971905e+09 1.04971909e+09
 1.04971913e+09 1.04971917e+09 1.04971921e+09 1.04971925e+09
 1.04971929e+09 1.04971933e+09 1.04971937e+09 1.04971941e+09
 1.04971945e+09 1.04971948e+09 1.04971952e+09 1.04971956e+09
 1.04971960e+09 1.04971964e+09 1.04971968e+09 1.04971972e+09
 1.04971976e+09 1.04971980e+09 1.04971984e+09 1.04971988e+09
 1.04971992e+09 1.04971996e+09 1.04972000e+09 1.04972004e+09
 1.04972007e+09 1.04972011e+09 1.04972015e+09 1.04972019e+09
 1.04972023e+09 1.04972027e+09 1.04972031e+09 1.04972035e+09
 1.04972039e+09 1.04972043e+09 1.04972047e+09 1.04972051e+09
 1.04972055e+09 1.04972059e+09 1.04972063e+09 1.04972066e+09
 1.04972070e+09 1.04972074e+09 1.04972078e+09 1.04972082e+09
 1.04972086e+09 1.04972090e+09 1.04972094e+09 1.04972098e+09
 1.04972102e+09 1.04972106e+09 1.04972110e+09 1.04972114e+09
 1.04972118e+09 1.04972122e+09 1.04972125e+09 1.04972129e+09
 1.04972133e+09 1.04972137e+09 1.04972141e+09 1.04972145e+09
 1.04972149e+09 1.04972153e+09 1.04972157e+09 1.04972161e+09
 1.04972165e+09 1.04972169e+09 1.04972173e+09 1.04972177e+09
 1.04972181e+09 1.04972184e+09 1.04972188e+09 1.04972192e+09
 1.04972196e+09 1.04972200e+09 1.04972204e+09 1.04972208e+09
 1.04972212e+09 1.04972216e+09 1.04972220e+09 1.04972224e+09
 1.04972228e+09 1.04972232e+09 1.04972236e+09 1.04972240e+09
 1.04972243e+09 1.04972247e+09 1.04972251e+09 1.04972255e+09
 1.04972259e+09 1.04972263e+09 1.04972267e+09 1.04972271e+09
 1.04972275e+09 1.04972279e+09 1.04972283e+09 1.04972287e+09
 1.04972291e+09 1.04972295e+09 1.04972299e+09 1.04972303e+09
 1.04972306e+09 1.04972310e+09 1.04972314e+09 1.04972318e+09
 1.04972322e+09 1.04972326e+09 1.04972330e+09 1.04972334e+09
 1.04972338e+09 1.04972342e+09 1.04972346e+09 1.04972350e+09
 1.04972354e+09 1.04972358e+09 1.04972362e+09 1.04972365e+09
 1.04972369e+09 1.04972373e+09 1.04972377e+09 1.04972381e+09
 1.04972385e+09 1.04972389e+09 1.04972393e+09 1.04972397e+09
 1.04972401e+09 1.04972405e+09 1.04972409e+09 1.04972413e+09
 1.04972417e+09 1.04972421e+09 1.04972424e+09 1.04972428e+09
 1.04972432e+09 1.04972436e+09 1.04972440e+09 1.04972444e+09
 1.04972448e+09 1.04972452e+09 1.04972456e+09 1.04972460e+09
 1.04972464e+09 1.04972468e+09 1.04972472e+09 1.04972476e+09
 1.04972480e+09 1.04972483e+09 1.04972487e+09 1.04972491e+09
 1.04972495e+09 1.04972499e+09 1.04972503e+09 1.04972507e+09
 1.04972511e+09 1.04972515e+09 1.04972519e+09 1.04972523e+09
 1.04972527e+09 1.04972531e+09 1.04972535e+09 1.04972539e+09
 1.04972542e+09 1.04972546e+09 1.04972550e+09 1.04972554e+09
 1.04972558e+09 1.04972562e+09 1.04972566e+09 1.04972570e+09
 1.04972574e+09 1.04972578e+09 1.04972582e+09 1.04972586e+09
 1.04972590e+09 1.04972594e+09 1.04972598e+09 1.04972601e+09
 1.04972605e+09 1.04972609e+09 1.04972613e+09 1.04972617e+09
 1.04972621e+09 1.04972625e+09 1.04972629e+09 1.04972633e+09
 1.04972637e+09 1.04972641e+09 1.04972645e+09 1.04972649e+09
 1.04972653e+09 1.04972657e+09 1.04972660e+09 1.04972664e+09
 1.04972668e+09 1.04972672e+09 1.04972676e+09 1.04972680e+09
 1.04972684e+09 1.04972688e+09 1.04972692e+09 1.04972696e+09
 1.04972700e+09 1.04972704e+09 1.04972708e+09 1.04972712e+09
 1.04972716e+09 1.04972720e+09 1.04972723e+09 1.04972727e+09
 1.04972731e+09 1.04972735e+09 1.04972739e+09 1.04972743e+09
 1.04972747e+09 1.04972751e+09 1.04972755e+09 1.04972759e+09
 1.04972763e+09 1.04972767e+09 1.04972771e+09 1.04972775e+09
 1.04972779e+09 1.04972782e+09 1.04972786e+09 1.04972790e+09
 1.04972794e+09 1.04972798e+09 1.04972802e+09 1.04972806e+09
 1.04972810e+09 1.04972814e+09 1.04972818e+09 1.04972822e+09
 1.04972826e+09 1.04972830e+09 1.04972834e+09 1.04972838e+09
 1.04972841e+09 1.04972845e+09 1.04972849e+09 1.04972853e+09
 1.04972857e+09 1.04972861e+09 1.04972865e+09 1.04972869e+09
 1.04972873e+09 1.04972877e+09 1.04972881e+09 1.04972885e+09
 1.04972889e+09 1.04972893e+09 1.04972897e+09 1.04972900e+09
 1.04972904e+09 1.04972908e+09 1.04972912e+09 1.04972916e+09
 1.04972920e+09 1.04972924e+09 1.04972928e+09 1.04972932e+09
 1.04972936e+09 1.04972940e+09 1.04972944e+09 1.04972948e+09
 1.04972952e+09 1.04972956e+09 1.04972959e+09 1.04972963e+09
 1.04972967e+09 1.04972971e+09 1.04972975e+09 1.04972979e+09
 1.04972983e+09 1.04972987e+09 1.04972991e+09 1.04972995e+09
 1.04972999e+09 1.04973003e+09 1.04973007e+09 1.04973011e+09
 1.04973015e+09 1.04973018e+09 1.04973022e+09 1.04973026e+09
 1.04973030e+09 1.04973034e+09 1.04973038e+09 1.04973042e+09
 1.04973046e+09 1.04973050e+09 1.04973054e+09 1.04973058e+09
 1.04973062e+09 1.04973066e+09 1.04973070e+09 1.04973074e+09
 1.04973077e+09 1.04973081e+09 1.04973085e+09 1.04973089e+09
 1.04973093e+09 1.04973097e+09 1.04973101e+09 1.04973105e+09
 1.04973109e+09 1.04973113e+09 1.04973117e+09 1.04973121e+09
 1.04973125e+09 1.04973129e+09 1.04973133e+09 1.04973137e+09
 1.04973140e+09 1.04973144e+09 1.04973148e+09 1.04973152e+09
 1.04973156e+09 1.04973160e+09 1.04973164e+09 1.04973168e+09
 1.04973172e+09 1.04973176e+09 1.04973180e+09 1.04973184e+09
 1.04973188e+09 1.04973192e+09 1.04973196e+09 1.04973199e+09
 1.04973203e+09 1.04973207e+09 1.04973211e+09 1.04973215e+09
 1.04973219e+09 1.04973223e+09 1.04973227e+09 1.04973231e+09
 1.04973235e+09 1.04973239e+09 1.04973243e+09 1.04973247e+09
 1.04973251e+09 1.04973255e+09 1.04973258e+09 1.04973262e+09
 1.04973266e+09 1.04973270e+09 1.04973274e+09 1.04973278e+09
 1.04973282e+09 1.04973286e+09 1.04973290e+09 1.04973294e+09
 1.04973298e+09 1.04973302e+09 1.04973306e+09 1.04973310e+09
 1.04973314e+09 1.04973317e+09 1.04973321e+09 1.04973325e+09
 1.04973329e+09 1.04973333e+09 1.04973337e+09 1.04973341e+09
 1.04973345e+09 1.04973349e+09 1.04973353e+09 1.04973357e+09
 1.04973361e+09 1.04973365e+09 1.04973369e+09 1.04973373e+09
 1.04973376e+09 1.04973380e+09 1.04973384e+09 1.04973388e+09
 1.04973392e+09 1.04973396e+09 1.04973400e+09 1.04973404e+09
 1.04973408e+09 1.04973412e+09 1.04973416e+09 1.04973420e+09
 1.04973424e+09 1.04973428e+09 1.04973432e+09 1.04973435e+09
 1.04973439e+09 1.04973443e+09 1.04973447e+09 1.04973451e+09
 1.04973455e+09 1.04973459e+09 1.04973463e+09 1.04973467e+09
 1.04973471e+09 1.04973475e+09 1.04973479e+09 1.04973483e+09
 1.04973487e+09 1.04973491e+09 1.04973494e+09 1.04973498e+09
 1.04973502e+09 1.04973506e+09 1.04973510e+09 1.04973514e+09
 1.04973518e+09 1.04973522e+09 1.04973526e+09 1.04973530e+09
 1.04973534e+09 1.04973538e+09 1.04973542e+09 1.04973546e+09
 1.04973550e+09 1.04973553e+09 1.04973557e+09 1.04973561e+09
 1.04973565e+09 1.04973569e+09 1.04973573e+09 1.04973577e+09
 1.04973581e+09 1.04973585e+09 1.04973589e+09 1.04973593e+09
 1.04973597e+09 1.04973601e+09 1.04973605e+09 1.04973609e+09
 1.04973613e+09 1.04973616e+09 1.04973620e+09 1.04973624e+09
 1.04973628e+09 1.04973632e+09 1.04973636e+09 1.04973640e+09
 1.04973644e+09 1.04973648e+09 1.04973652e+09 1.04973656e+09
 1.04973660e+09 1.04973664e+09 1.04973668e+09 1.04973672e+09
 1.04973675e+09 1.04973679e+09 1.04973683e+09 1.04973687e+09
 1.04973691e+09 1.04973695e+09 1.04973699e+09 1.04973703e+09
 1.04973707e+09 1.04973711e+09 1.04973715e+09 1.04973719e+09
 1.04973723e+09 1.04973727e+09 1.04973731e+09 1.04973734e+09
 1.04973738e+09 1.04973742e+09 1.04973746e+09 1.04973750e+09
 1.04973754e+09 1.04973758e+09 1.04973762e+09 1.04973766e+09
 1.04973770e+09 1.04973774e+09 1.04973778e+09 1.04973782e+09
 1.04973786e+09 1.04973790e+09 1.04973793e+09 1.04973797e+09
 1.04973801e+09 1.04973805e+09 1.04973809e+09 1.04973813e+09
 1.04973817e+09 1.04973821e+09 1.04973825e+09 1.04973829e+09
 1.04973833e+09 1.04973837e+09 1.04973841e+09 1.04973845e+09
 1.04973849e+09 1.04973852e+09 1.04973856e+09 1.04973860e+09
 1.04973864e+09 1.04973868e+09 1.04973872e+09 1.04973876e+09
 1.04973880e+09 1.04973884e+09 1.04973888e+09 1.04973892e+09
 1.04973896e+09 1.04973900e+09 1.04973904e+09 1.04973908e+09
 1.04973911e+09 1.04973915e+09 1.04973919e+09 1.04973923e+09
 1.04973927e+09 1.04973931e+09 1.04973935e+09 1.04973939e+09
 1.04973943e+09 1.04973947e+09 1.04973951e+09 1.04973955e+09
 1.04973959e+09 1.04973963e+09 1.04973967e+09 1.04973970e+09
 1.04973974e+09 1.04973978e+09 1.04973982e+09 1.04973986e+09
 1.04973990e+09 1.04973994e+09 1.04973998e+09 1.04974002e+09
 1.04974006e+09 1.04974010e+09 1.04974014e+09 1.04974018e+09
 1.04974022e+09 1.04974026e+09 1.04974030e+09 1.04974033e+09
 1.04974037e+09 1.04974041e+09 1.04974045e+09 1.04974049e+09
 1.04974053e+09 1.04974057e+09 1.04974061e+09 1.04974065e+09
 1.04974069e+09 1.04974073e+09 1.04974077e+09 1.04974081e+09
 1.04974085e+09 1.04974089e+09 1.04974092e+09 1.04974096e+09
 1.04974100e+09 1.04974104e+09 1.04974108e+09 1.04974112e+09
 1.04974116e+09 1.04974120e+09 1.04974124e+09 1.04974128e+09
 1.04974132e+09 1.04974136e+09 1.04974140e+09 1.04974144e+09
 1.04974148e+09 1.04974151e+09 1.04974155e+09 1.04974159e+09
 1.04974163e+09 1.04974167e+09 1.04974171e+09 1.04974175e+09
 1.04974179e+09 1.04974183e+09 1.04974187e+09 1.04974191e+09
 1.04974195e+09 1.04974199e+09 1.04974203e+09 1.04974207e+09
 1.04974210e+09 1.04974214e+09 1.04974218e+09 1.04974222e+09
 1.04974226e+09 1.04974230e+09 1.04974234e+09 1.04974238e+09
 1.04974242e+09 1.04974246e+09 1.04974250e+09 1.04974254e+09
 1.04974258e+09 1.04974262e+09 1.04974266e+09 1.04974269e+09
 1.04974273e+09 1.04974277e+09 1.04974281e+09 1.04974285e+09
 1.04974289e+09 1.04974293e+09 1.04974297e+09 1.04974301e+09
 1.04974305e+09 1.04974309e+09 1.04974313e+09 1.04974317e+09
 1.04974321e+09 1.04974325e+09 1.04974328e+09 1.04974332e+09
 1.04974336e+09 1.04974340e+09 1.04974344e+09 1.04974348e+09
 1.04974352e+09 1.04974356e+09 1.04974360e+09 1.04974364e+09
 1.04974368e+09 1.04974372e+09 1.04974376e+09 1.04974380e+09
 1.04974384e+09 1.04974387e+09 1.04974391e+09 1.04974395e+09
 1.04974399e+09 1.04974403e+09 1.04974407e+09 1.04974411e+09
 1.04974415e+09 1.04974419e+09 1.04974423e+09 1.04974427e+09
 1.04974431e+09 1.04974435e+09 1.04974439e+09 1.04974443e+09
 1.04974447e+09 1.04974450e+09 1.04974454e+09 1.04974458e+09
 1.04974462e+09 1.04974466e+09 1.04974470e+09 1.04974474e+09
 1.04974478e+09 1.04974482e+09 1.04974486e+09 1.04974490e+09
 1.04974494e+09 1.04974498e+09 1.04974502e+09 1.04974506e+09
 1.04974509e+09 1.04974513e+09 1.04974517e+09 1.04974521e+09
 1.04974525e+09 1.04974529e+09 1.04974533e+09 1.04974537e+09
 1.04974541e+09 1.04974545e+09 1.04974549e+09 1.04974553e+09
 1.04974557e+09 1.04974561e+09 1.04974565e+09 1.04974568e+09
 1.04974572e+09 1.04974576e+09 1.04974580e+09 1.04974584e+09
 1.04974588e+09 1.04974592e+09 1.04974596e+09 1.04974600e+09
 1.04974604e+09 1.04974608e+09 1.04974612e+09 1.04974616e+09
 1.04974620e+09 1.04974624e+09 1.04974627e+09 1.04974631e+09
 1.04974635e+09 1.04974639e+09 1.04974643e+09 1.04974647e+09
 1.04974651e+09 1.04974655e+09 1.04974659e+09 1.04974663e+09
 1.04974667e+09 1.04974671e+09 1.04974675e+09 1.04974679e+09
 1.04974683e+09 1.04974686e+09 1.04974690e+09 1.04974694e+09
 1.04974698e+09 1.04974702e+09 1.04974706e+09 1.04974710e+09
 1.04974714e+09 1.04974718e+09 1.04974722e+09 1.04974726e+09
 1.04974730e+09 1.04974734e+09 1.04974738e+09 1.04974742e+09
 1.04974745e+09 1.04974749e+09 1.04974753e+09 1.04974757e+09
 1.04974761e+09 1.04974765e+09 1.04974769e+09 1.04974773e+09
 1.04974777e+09 1.04974781e+09 1.04974785e+09 1.04974789e+09
 1.04974793e+09 1.04974797e+09 1.04974801e+09 1.04974804e+09
 1.04974808e+09 1.04974812e+09 1.04974816e+09 1.04974820e+09
 1.04974824e+09 1.04974828e+09 1.04974832e+09 1.04974836e+09
 1.04974840e+09 1.04974844e+09 1.04974848e+09 1.04974852e+09
 1.04974856e+09 1.04974860e+09 1.04974863e+09 1.04974867e+09
 1.04974871e+09 1.04974875e+09 1.04974879e+09 1.04974883e+09
 1.04974887e+09 1.04974891e+09 1.04974895e+09 1.04974899e+09
 1.04974903e+09 1.04974907e+09 1.04974911e+09 1.04974915e+09
 1.04974919e+09 1.04974923e+09 1.04974926e+09 1.04974930e+09
 1.04974934e+09 1.04974938e+09 1.04974942e+09 1.04974946e+09
 1.04974950e+09 1.04974954e+09 1.04974958e+09 1.04974962e+09
 1.04974966e+09 1.04974970e+09 1.04974974e+09 1.04974978e+09
 1.04974982e+09 1.04974985e+09 1.04974989e+09 1.04974993e+09
 1.04974997e+09 1.04975001e+09 1.04975005e+09 1.04975009e+09
 1.04975013e+09 1.04975017e+09 1.04975021e+09 1.04975025e+09
 1.04975029e+09 1.04975033e+09 1.04975037e+09 1.04975041e+09
 1.04975044e+09 1.04975048e+09 1.04975052e+09 1.04975056e+09
 1.04975060e+09 1.04975064e+09 1.04975068e+09 1.04975072e+09
 1.04975076e+09 1.04975080e+09 1.04975084e+09 1.04975088e+09
 1.04975092e+09 1.04975096e+09 1.04975100e+09 1.04975103e+09
 1.04975107e+09 1.04975111e+09 1.04975115e+09 1.04975119e+09
 1.04975123e+09 1.04975127e+09 1.04975131e+09 1.04975135e+09
 1.04975139e+09 1.04975143e+09 1.04975147e+09 1.04975151e+09
 1.04975155e+09 1.04975159e+09 1.04975162e+09 1.04975166e+09
 1.04975170e+09 1.04975174e+09 1.04975178e+09 1.04975182e+09
 1.04975186e+09 1.04975190e+09 1.04975194e+09 1.04975198e+09
 1.04975202e+09 1.04975206e+09 1.04975210e+09 1.04975214e+09
 1.04975218e+09 1.04975221e+09 1.04975225e+09 1.04975229e+09
 1.04975233e+09 1.04975237e+09 1.04975241e+09 1.04975245e+09
 1.04975249e+09 1.04975253e+09 1.04975257e+09 1.04975261e+09
 1.04975265e+09 1.04975269e+09 1.04975273e+09 1.04975277e+09
 1.04975280e+09 1.04975284e+09 1.04975288e+09 1.04975292e+09
 1.04975296e+09 1.04975300e+09 1.04975304e+09 1.04975308e+09
 1.04975312e+09 1.04975316e+09 1.04975320e+09 1.04975324e+09
 1.04975328e+09 1.04975332e+09 1.04975336e+09 1.04975340e+09
 1.04975343e+09 1.04975347e+09 1.04975351e+09 1.04975355e+09
 1.04975359e+09 1.04975363e+09 1.04975367e+09 1.04975371e+09
 1.04975375e+09 1.04975379e+09 1.04975383e+09 1.04975387e+09
 1.04975391e+09 1.04975395e+09 1.04975399e+09 1.04975402e+09
 1.04975406e+09 1.04975410e+09 1.04975414e+09 1.04975418e+09
 1.04975422e+09 1.04975426e+09 1.04975430e+09 1.04975434e+09]
minRes = 0.6002241124557728
minResTime =  [1.04975434e+09]
