name =JUICE_ROI_CAL_5_0_10
flyby =  ['2032 OCT 30 14:21:22', '2032 OCT 31 14:21:22']
Observation TW =  <SpiceCell dtype = 1, length = 0, size = 3000, card = 10, is_set = 1, adjust = 0, init = 1, base = 2554804092976, data = 2554804093024>
Res(t) =  [4.68230993 4.67913025 4.67595004 4.6727693  4.66958804 4.66640625
 4.66322393 4.66004108 4.6568577  4.65367379 4.65048935 4.64730439
 4.64411888 4.64093285 4.63774629 4.63455919 4.63137156 4.62818339
 4.62499469 4.62180546 4.61861569 4.61542539 4.61223455 4.60904317
 4.60585126 4.60265881 4.59946582 4.5962723  4.59307823 4.58988363
 4.58668848 4.5834928  4.58029657 4.57709981 4.5739025  4.57070465
 4.56750626 4.56430732 4.56110784 4.55790782 4.55470725 4.55150614
 4.54830449 4.54510228 4.54189953 4.53869624 4.5354924  4.53228801
 4.52908307 4.52587758 4.52267154 4.51946496 4.51625782 4.51305014
 4.5098419  4.50663311 4.50342377 4.50021388 4.49700343 4.49379243
 4.49058088 4.48736877 4.48415611 4.48094289 4.47772912 4.47451479
 4.47129991 4.46808447 4.46486847 4.46165191 4.45843479 4.45521712
 4.45199888 4.44878009 4.44556073 4.44234082 4.43912034 4.4358993
 4.4326777  4.42945554 4.42623281 4.42300952 4.41978566 4.41656124
 4.41333626 4.41011071 4.40688459 4.40365791 4.40043066 4.39720284
 4.39397445 4.3907455  4.38751598 4.38428588 4.38105522 4.37782399
 4.37459218 4.37135981 4.36812686 4.36489334 4.36165925 4.35842459
 4.35518935 4.35195353 4.34871715 4.34548018 4.34224264 4.33900453
 4.33576584 4.33252657 4.32928672 4.3260463  4.3228053  4.31956371
 4.31632155 4.31307881 4.30983549 4.30659159 4.3033471  4.30010204
 4.29685639 4.29361016 4.29036335 4.28711595 4.28386796 4.2806194
 4.27737025 4.27412051 4.27087018 4.26761927 4.26436777 4.26111569
 4.25786301 4.25460975 4.2513559  4.24810146 4.24484643 4.2415908
 4.23833459 4.23507779 4.23182039 4.2285624  4.22530382 4.22204464
 4.21878487 4.21552451 4.21226355 4.20900199 4.20573984 4.2024771
 4.19921375 4.19594981 4.19268527 4.18942013 4.1861544  4.18288806
 4.17962113 4.17635359 4.17308545 4.16981672 4.16654738 4.16327744
 4.16000689 4.15673574 4.15346399 4.15019164 4.14691868 4.14364511
 4.14037094 4.13709616 4.13382078 4.13054479 4.12726819 4.12399098
 4.12071317 4.11743474 4.11415571 4.11087606 4.10759581 4.10431494
 4.10103347 4.09775138 4.09446868 4.09118536 4.08790143 4.08461689
 4.08133173 4.07804596 4.07475958 4.07147257 4.06818495 4.06489672
 4.06160786 4.05831839 4.0550283  4.05173759 4.04844626 4.04515431
 4.04186175 4.03856856 4.03527475 4.03198031 4.02868526 4.02538958
 4.02209328 4.01879635 4.0154988  4.01220063 4.00890183 4.0056024
 4.00230235 3.99900167 3.99570037 3.99239843 3.98909587 3.98579268
 3.98248886 3.97918441 3.97587933 3.97257362 3.96926728 3.9659603
 3.9626527  3.95934446 3.95603559 3.95272608 3.94941594 3.94610517
 3.94279376 3.93948171 3.93616903 3.93285571 3.92954175 3.92622716
 3.92291193 3.91959606 3.91627955 3.9129624  3.90964461 3.90632618
 3.90300711 3.8996874  3.89636704 3.89304604 3.8897244  3.88640212
 3.88307919 3.87975562 3.8764314  3.87310654 3.86978102 3.86645487
 3.86312806 3.85980061 3.85647251 3.85314376 3.84981437 3.84648432
 3.84315362 3.83982227 3.83649027 3.83315762 3.82982432 3.82649037
 3.82315576 3.8198205  3.81648458 3.81314801 3.80981078 3.8064729
 3.80313436 3.79979517 3.79645532 3.79311481 3.78977364 3.78643181
 3.78308933 3.77974618 3.77640238 3.77305791 3.76971279 3.766367
 3.76302055 3.75967344 3.75632566 3.75297722 3.74962812 3.74627835
 3.74292792 3.73957682 3.73622505 3.73287262 3.72951952 3.72616575
 3.72281132 3.71945622 3.71610045 3.712744   3.70938689 3.70602911
 3.70267066 3.69931153 3.69595173 3.69259126 3.68923012 3.6858683
 3.68250581 3.67914265 3.67577881 3.67241429 3.6690491  3.66568323
 3.66231668 3.65894946 3.65558156 3.65221298 3.64884372 3.64547378
 3.64210316 3.63873186 3.63535988 3.63198722 3.62861387 3.62523984
 3.62186513 3.61848974 3.61511366 3.6117369  3.60835945 3.60498132
 3.6016025  3.59822299 3.5948428  3.59146192 3.58808035 3.58469809
 3.58131514 3.57793151 3.57454718 3.57116216 3.56777646 3.56439006
 3.56100296 3.55761518 3.5542267  3.55083753 3.54744767 3.54405711
 3.54066585 3.5372739  3.53388125 3.53048791 3.52709387 3.52369913
 3.5203037  3.51690756 3.51351073 3.51011319 3.50671496 3.50331603
 3.49991639 3.49651605 3.49311501 3.48971327 3.48631083 3.48290768
 3.47950383 3.47609927 3.47269401 3.46928804 3.46588137 3.46247399
 3.4590659  3.45565711 3.45224761 3.44883739 3.44542647 3.44201485
 3.43860251 3.43518946 3.43177569 3.42836122 3.42494604 3.42153014
 3.41811353 3.41469621 3.41127817 3.40785942 3.40443995 3.40101977
 3.39759887 3.39417725 3.39075492 3.38733187 3.38390811 3.38048362
 3.37705842 3.37363249 3.37020585 3.36677848 3.3633504  3.35992159
 3.35649207 3.35306181 3.34963084 3.34619915 3.34276672 3.33933358
 3.33589971 3.33246512 3.3290298  3.32559375 3.32215698 3.31871947
 3.31528125 3.31184229 3.3084026  3.30496219 3.30152105 3.29807917
 3.29463657 3.29119323 3.28774916 3.28430436 3.28085883 3.27741257
 3.27396557 3.27051783 3.26706937 3.26362016 3.26017023 3.25671955
 3.25326814 3.249816   3.24636311 3.24290949 3.23945513 3.23600003
 3.23254419 3.22908761 3.22563029 3.22217223 3.21871343 3.21525389
 3.2117936  3.20833258 3.20487081 3.20140829 3.19794503 3.19448103
 3.19101628 3.18755079 3.18408455 3.18061757 3.17714983 3.17368135
 3.17021213 3.16674215 3.16327143 3.15979995 3.15632773 3.15285475
 3.14938103 3.14590655 3.14243133 3.13895535 3.13547862 3.13200113
 3.12852289 3.1250439  3.12156415 3.11808365 3.11460239 3.11112038
 3.10763761 3.10415409 3.1006698  3.09718476 3.09369897 3.09021241
 3.08672509 3.08323702 3.07974818 3.07625859 3.07276823 3.06927711
 3.06578523 3.06229259 3.05879919 3.05530502 3.05181009 3.0483144
 3.04481794 3.04132071 3.03782272 3.03432397 3.03082445 3.02732416
 3.02382311 3.02032128 3.01681869 3.01331534 3.00981121 3.00630631
 3.00280064 2.99929421 2.995787   2.99227902 2.98877027 2.98526075
 2.98175046 2.97823939 2.97472755 2.97121494 2.96770155 2.96418739
 2.96067245 2.95715674 2.95364025 2.95012298 2.94660494 2.94308612
 2.93956653 2.93604616 2.932525   2.92900307 2.92548036 2.92195688
 2.91843261 2.91490756 2.91138173 2.90785511 2.90432772 2.90079955
 2.89727059 2.89374085 2.89021033 2.88667902 2.88314693 2.87961405
 2.87608039 2.87254594 2.86901071 2.8654747  2.86193789 2.8584003
 2.85486192 2.85132276 2.8477828  2.84424206 2.84070053 2.83715821
 2.8336151  2.8300712  2.82652651 2.82298103 2.81943476 2.8158877
 2.81233984 2.80879119 2.80524176 2.80169152 2.7981405  2.79458868
 2.79103606 2.78748266 2.78392845 2.78037346 2.77681766 2.77326107
 2.76970369 2.76614551 2.76258653 2.75902675 2.75546618 2.75190481
 2.74834264 2.74477967 2.7412159  2.73765133 2.73408597 2.7305198
 2.72695283 2.72338507 2.7198165  2.71624713 2.71267696 2.70910598
 2.70553421 2.70196163 2.69838825 2.69481406 2.69123908 2.68766328
 2.68408669 2.68050929 2.67693108 2.67335207 2.66977226 2.66619164
 2.66261021 2.65902797 2.65544493 2.65186109 2.64827643 2.64469097
 2.6411047  2.63751763 2.63392974 2.63034105 2.62675155 2.62316123
 2.61957011 2.61597818 2.61238544 2.60879189 2.60519753 2.60160236
 2.59800638 2.59440958 2.59081198 2.58721356 2.58361434 2.5800143
 2.57641344 2.57281178 2.5692093  2.56560601 2.56200191 2.55839699
 2.55479126 2.55118472 2.54757736 2.54396919 2.5403602  2.5367504
 2.53313979 2.52952836 2.52591611 2.52230305 2.51868917 2.51507448
 2.51145897 2.50784265 2.50422551 2.50060755 2.49698878 2.49336919
 2.48974878 2.48612756 2.48250552 2.47888266 2.47525899 2.47163449
 2.46800918 2.46438306 2.46075611 2.45712835 2.45349977 2.44987037
 2.44624015 2.44260912 2.43897726 2.43534459 2.4317111  2.42807679
 2.42444166 2.42080571 2.41716895 2.41353136 2.40989296 2.40625374
 2.4026137  2.39897284 2.39533116 2.39168866 2.38804534 2.3844012
 2.38075625 2.37711047 2.37346388 2.36981646 2.36616823 2.36251918
 2.35886931 2.35521862 2.35156711 2.34791478 2.34426164 2.34060767
 2.33695289 2.33329729 2.32964087 2.32598363 2.32232557 2.31866669
 2.315007   2.31134648 2.30768515 2.30402301 2.30036004 2.29669625
 2.29303165 2.28936623 2.2857     2.28203295 2.27836508 2.27469639
 2.27102689 2.26735657 2.26368543 2.26001348 2.25634071 2.25266713
 2.24899273 2.24531752 2.24164149 2.23796465 2.23428699 2.23060852
 2.22692924 2.22324914 2.21956823 2.21588651 2.21220398 2.20852063
 2.20483647 2.2011515  2.19746572 2.19377913 2.19009172 2.18640351
 2.18271449 2.17902466 2.17533402 2.17164257 2.16795032 2.16425725
 2.16056338 2.15686871 2.15317322 2.14947694 2.14577984 2.14208195
 2.13838325 2.13468374 2.13098343 2.12728232 2.12358041 2.1198777
 2.11617419 2.11246987 2.10876476 2.10505885 2.10135214 2.09764464
 2.09393633 2.09022723 2.08651734 2.08280665 2.07909517 2.07538289
 2.07166982 2.06795596 2.06424131 2.06052587 2.05680964 2.05309263
 2.04937482 2.04565623 2.04193685 2.03821669 2.03449574 2.03077402
 2.0270515  2.02332821 2.01960414 2.01587929 2.01215366 2.00842725
 2.00470007 2.00097211 1.99724338 1.99351388 1.9897836  1.98605256
 1.98232074 1.97858816 1.97485481 1.97112069 1.96738581 1.96365017
 1.95991376 1.9561766  1.95243867 1.94869999 1.94496055 1.94122036
 1.93747941 1.93373771 1.92999526 1.92625206 1.92250811 1.91876342
 1.91501798 1.9112718  1.90752487 1.90377721 1.90002881 1.89627967
 1.8925298  1.8887792  1.88502786 1.88127579 1.877523   1.87376948
 1.87001524 1.86626028 1.86250459 1.85874819 1.85499107 1.85123324
 1.8474747  1.84371544 1.83995548 1.83619482 1.83243345 1.82867138
 1.82490861 1.82114514 1.81738099 1.81361614 1.8098506  1.80608437
 1.80231746 1.79854987 1.7947816  1.79101265 1.78724303 1.78347274
 1.77970178 1.77593015 1.77215786 1.76838491 1.76461131 1.76083705
 1.75706214 1.75328658 1.74951038 1.74573353 1.74195605 1.73817793
 1.73439918 1.7306198  1.7268398  1.72305917 1.71927793 1.71549607
 1.7117136  1.70793053 1.70414685 1.70036256 1.69657769 1.69279222
 1.68900616 1.68521952 1.6814323  1.6776445  1.67385613 1.6700672
 1.6662777  1.66248764 1.65869703 1.65490586 1.65111416 1.64732191
 1.64352913 1.63973581 1.63594197 1.63214761 1.62835273 1.62455735
 1.62076145 1.61696506 1.61316817 1.60937079 1.60557293 1.60177459
 1.59797578 1.59417651 1.59037677 1.58657658 1.58277593 1.57897485
 1.57517333 1.57137138 1.56756901 1.56376623 1.55996303 1.55615943
 1.55235544 1.54855105 1.54474629 1.54094115 1.53713564 1.53332978
 1.52952356 1.525717   1.5219101  1.51810288 1.51429534 1.51048748
 1.50667932 1.50287087 1.49906214 1.49525312 1.49144384 1.4876343
 1.48382452 1.48001449 1.47620423 1.47239375 1.46858307 1.46477218
 1.4609611  1.45714985 1.45333843 1.44952685 1.44571512 1.44190326
 1.43809127 1.43427918 1.43046698 1.4266547  1.42284234 1.41902991
 1.41521744 1.41140493 1.40759239 1.40377985 1.39996731 1.39615478
 1.39234229 1.38852984 1.38471745 1.38090513 1.37709291 1.37328079
 1.36946879 1.36565693 1.36184523 1.35803369 1.35422235 1.35041121
 1.34660029 1.34278961 1.33897919 1.33516905 1.3313592  1.32754967
 1.32374048 1.31993164 1.31612318 1.31231511 1.30850746 1.30470026
 1.30089351 1.29708726 1.29328151 1.28947629 1.28567162 1.28186754
 1.27806406 1.27426121 1.27045902 1.26665752 1.26285672 1.25905666
 1.25525736 1.25145886 1.24766119 1.24386436 1.24006843 1.23627341
 1.23247933 1.22868624 1.22489416 1.22110313 1.21731318 1.21352435
 1.20973667 1.20595018 1.20216493 1.19838094 1.19459826 1.19081692
 1.18703698 1.18325847 1.17948143 1.17570591]
t =  [1.03603095e+09 1.03603098e+09 1.03603102e+09 1.03603105e+09
 1.03603108e+09 1.03603111e+09 1.03603114e+09 1.03603118e+09
 1.03603121e+09 1.03603124e+09 1.03603127e+09 1.03603130e+09
 1.03603134e+09 1.03603137e+09 1.03603140e+09 1.03603143e+09
 1.03603146e+09 1.03603150e+09 1.03603153e+09 1.03603156e+09
 1.03603159e+09 1.03603162e+09 1.03603166e+09 1.03603169e+09
 1.03603172e+09 1.03603175e+09 1.03603178e+09 1.03603182e+09
 1.03603185e+09 1.03603188e+09 1.03603191e+09 1.03603194e+09
 1.03603198e+09 1.03603201e+09 1.03603204e+09 1.03603207e+09
 1.03603210e+09 1.03603214e+09 1.03603217e+09 1.03603220e+09
 1.03603223e+09 1.03603226e+09 1.03603230e+09 1.03603233e+09
 1.03603236e+09 1.03603239e+09 1.03603242e+09 1.03603246e+09
 1.03603249e+09 1.03603252e+09 1.03603255e+09 1.03603258e+09
 1.03603262e+09 1.03603265e+09 1.03603268e+09 1.03603271e+09
 1.03603274e+09 1.03603278e+09 1.03603281e+09 1.03603284e+09
 1.03603287e+09 1.03603290e+09 1.03603294e+09 1.03603297e+09
 1.03603300e+09 1.03603303e+09 1.03603306e+09 1.03603310e+09
 1.03603313e+09 1.03603316e+09 1.03603319e+09 1.03603322e+09
 1.03603326e+09 1.03603329e+09 1.03603332e+09 1.03603335e+09
 1.03603338e+09 1.03603342e+09 1.03603345e+09 1.03603348e+09
 1.03603351e+09 1.03603354e+09 1.03603358e+09 1.03603361e+09
 1.03603364e+09 1.03603367e+09 1.03603370e+09 1.03603374e+09
 1.03603377e+09 1.03603380e+09 1.03603383e+09 1.03603386e+09
 1.03603390e+09 1.03603393e+09 1.03603396e+09 1.03603399e+09
 1.03603402e+09 1.03603406e+09 1.03603409e+09 1.03603412e+09
 1.03603415e+09 1.03603418e+09 1.03603422e+09 1.03603425e+09
 1.03603428e+09 1.03603431e+09 1.03603434e+09 1.03603438e+09
 1.03603441e+09 1.03603444e+09 1.03603447e+09 1.03603450e+09
 1.03603454e+09 1.03603457e+09 1.03603460e+09 1.03603463e+09
 1.03603466e+09 1.03603470e+09 1.03603473e+09 1.03603476e+09
 1.03603479e+09 1.03603482e+09 1.03603486e+09 1.03603489e+09
 1.03603492e+09 1.03603495e+09 1.03603498e+09 1.03603502e+09
 1.03603505e+09 1.03603508e+09 1.03603511e+09 1.03603514e+09
 1.03603518e+09 1.03603521e+09 1.03603524e+09 1.03603527e+09
 1.03603530e+09 1.03603534e+09 1.03603537e+09 1.03603540e+09
 1.03603543e+09 1.03603546e+09 1.03603550e+09 1.03603553e+09
 1.03603556e+09 1.03603559e+09 1.03603562e+09 1.03603566e+09
 1.03603569e+09 1.03603572e+09 1.03603575e+09 1.03603578e+09
 1.03603582e+09 1.03603585e+09 1.03603588e+09 1.03603591e+09
 1.03603595e+09 1.03603598e+09 1.03603601e+09 1.03603604e+09
 1.03603607e+09 1.03603611e+09 1.03603614e+09 1.03603617e+09
 1.03603620e+09 1.03603623e+09 1.03603627e+09 1.03603630e+09
 1.03603633e+09 1.03603636e+09 1.03603639e+09 1.03603643e+09
 1.03603646e+09 1.03603649e+09 1.03603652e+09 1.03603655e+09
 1.03603659e+09 1.03603662e+09 1.03603665e+09 1.03603668e+09
 1.03603671e+09 1.03603675e+09 1.03603678e+09 1.03603681e+09
 1.03603684e+09 1.03603687e+09 1.03603691e+09 1.03603694e+09
 1.03603697e+09 1.03603700e+09 1.03603703e+09 1.03603707e+09
 1.03603710e+09 1.03603713e+09 1.03603716e+09 1.03603719e+09
 1.03603723e+09 1.03603726e+09 1.03603729e+09 1.03603732e+09
 1.03603735e+09 1.03603739e+09 1.03603742e+09 1.03603745e+09
 1.03603748e+09 1.03603751e+09 1.03603755e+09 1.03603758e+09
 1.03603761e+09 1.03603764e+09 1.03603767e+09 1.03603771e+09
 1.03603774e+09 1.03603777e+09 1.03603780e+09 1.03603783e+09
 1.03603787e+09 1.03603790e+09 1.03603793e+09 1.03603796e+09
 1.03603799e+09 1.03603803e+09 1.03603806e+09 1.03603809e+09
 1.03603812e+09 1.03603815e+09 1.03603819e+09 1.03603822e+09
 1.03603825e+09 1.03603828e+09 1.03603831e+09 1.03603835e+09
 1.03603838e+09 1.03603841e+09 1.03603844e+09 1.03603847e+09
 1.03603851e+09 1.03603854e+09 1.03603857e+09 1.03603860e+09
 1.03603863e+09 1.03603867e+09 1.03603870e+09 1.03603873e+09
 1.03603876e+09 1.03603879e+09 1.03603883e+09 1.03603886e+09
 1.03603889e+09 1.03603892e+09 1.03603895e+09 1.03603899e+09
 1.03603902e+09 1.03603905e+09 1.03603908e+09 1.03603911e+09
 1.03603915e+09 1.03603918e+09 1.03603921e+09 1.03603924e+09
 1.03603927e+09 1.03603931e+09 1.03603934e+09 1.03603937e+09
 1.03603940e+09 1.03603943e+09 1.03603947e+09 1.03603950e+09
 1.03603953e+09 1.03603956e+09 1.03603959e+09 1.03603963e+09
 1.03603966e+09 1.03603969e+09 1.03603972e+09 1.03603975e+09
 1.03603979e+09 1.03603982e+09 1.03603985e+09 1.03603988e+09
 1.03603991e+09 1.03603995e+09 1.03603998e+09 1.03604001e+09
 1.03604004e+09 1.03604007e+09 1.03604011e+09 1.03604014e+09
 1.03604017e+09 1.03604020e+09 1.03604023e+09 1.03604027e+09
 1.03604030e+09 1.03604033e+09 1.03604036e+09 1.03604039e+09
 1.03604043e+09 1.03604046e+09 1.03604049e+09 1.03604052e+09
 1.03604055e+09 1.03604059e+09 1.03604062e+09 1.03604065e+09
 1.03604068e+09 1.03604071e+09 1.03604075e+09 1.03604078e+09
 1.03604081e+09 1.03604084e+09 1.03604087e+09 1.03604091e+09
 1.03604094e+09 1.03604097e+09 1.03604100e+09 1.03604103e+09
 1.03604107e+09 1.03604110e+09 1.03604113e+09 1.03604116e+09
 1.03604120e+09 1.03604123e+09 1.03604126e+09 1.03604129e+09
 1.03604132e+09 1.03604136e+09 1.03604139e+09 1.03604142e+09
 1.03604145e+09 1.03604148e+09 1.03604152e+09 1.03604155e+09
 1.03604158e+09 1.03604161e+09 1.03604164e+09 1.03604168e+09
 1.03604171e+09 1.03604174e+09 1.03604177e+09 1.03604180e+09
 1.03604184e+09 1.03604187e+09 1.03604190e+09 1.03604193e+09
 1.03604196e+09 1.03604200e+09 1.03604203e+09 1.03604206e+09
 1.03604209e+09 1.03604212e+09 1.03604216e+09 1.03604219e+09
 1.03604222e+09 1.03604225e+09 1.03604228e+09 1.03604232e+09
 1.03604235e+09 1.03604238e+09 1.03604241e+09 1.03604244e+09
 1.03604248e+09 1.03604251e+09 1.03604254e+09 1.03604257e+09
 1.03604260e+09 1.03604264e+09 1.03604267e+09 1.03604270e+09
 1.03604273e+09 1.03604276e+09 1.03604280e+09 1.03604283e+09
 1.03604286e+09 1.03604289e+09 1.03604292e+09 1.03604296e+09
 1.03604299e+09 1.03604302e+09 1.03604305e+09 1.03604308e+09
 1.03604312e+09 1.03604315e+09 1.03604318e+09 1.03604321e+09
 1.03604324e+09 1.03604328e+09 1.03604331e+09 1.03604334e+09
 1.03604337e+09 1.03604340e+09 1.03604344e+09 1.03604347e+09
 1.03604350e+09 1.03604353e+09 1.03604356e+09 1.03604360e+09
 1.03604363e+09 1.03604366e+09 1.03604369e+09 1.03604372e+09
 1.03604376e+09 1.03604379e+09 1.03604382e+09 1.03604385e+09
 1.03604388e+09 1.03604392e+09 1.03604395e+09 1.03604398e+09
 1.03604401e+09 1.03604404e+09 1.03604408e+09 1.03604411e+09
 1.03604414e+09 1.03604417e+09 1.03604420e+09 1.03604424e+09
 1.03604427e+09 1.03604430e+09 1.03604433e+09 1.03604436e+09
 1.03604440e+09 1.03604443e+09 1.03604446e+09 1.03604449e+09
 1.03604452e+09 1.03604456e+09 1.03604459e+09 1.03604462e+09
 1.03604465e+09 1.03604468e+09 1.03604472e+09 1.03604475e+09
 1.03604478e+09 1.03604481e+09 1.03604484e+09 1.03604488e+09
 1.03604491e+09 1.03604494e+09 1.03604497e+09 1.03604500e+09
 1.03604504e+09 1.03604507e+09 1.03604510e+09 1.03604513e+09
 1.03604516e+09 1.03604520e+09 1.03604523e+09 1.03604526e+09
 1.03604529e+09 1.03604532e+09 1.03604536e+09 1.03604539e+09
 1.03604542e+09 1.03604545e+09 1.03604548e+09 1.03604552e+09
 1.03604555e+09 1.03604558e+09 1.03604561e+09 1.03604564e+09
 1.03604568e+09 1.03604571e+09 1.03604574e+09 1.03604577e+09
 1.03604580e+09 1.03604584e+09 1.03604587e+09 1.03604590e+09
 1.03604593e+09 1.03604596e+09 1.03604600e+09 1.03604603e+09
 1.03604606e+09 1.03604609e+09 1.03604612e+09 1.03604616e+09
 1.03604619e+09 1.03604622e+09 1.03604625e+09 1.03604628e+09
 1.03604632e+09 1.03604635e+09 1.03604638e+09 1.03604641e+09
 1.03604644e+09 1.03604648e+09 1.03604651e+09 1.03604654e+09
 1.03604657e+09 1.03604661e+09 1.03604664e+09 1.03604667e+09
 1.03604670e+09 1.03604673e+09 1.03604677e+09 1.03604680e+09
 1.03604683e+09 1.03604686e+09 1.03604689e+09 1.03604693e+09
 1.03604696e+09 1.03604699e+09 1.03604702e+09 1.03604705e+09
 1.03604709e+09 1.03604712e+09 1.03604715e+09 1.03604718e+09
 1.03604721e+09 1.03604725e+09 1.03604728e+09 1.03604731e+09
 1.03604734e+09 1.03604737e+09 1.03604741e+09 1.03604744e+09
 1.03604747e+09 1.03604750e+09 1.03604753e+09 1.03604757e+09
 1.03604760e+09 1.03604763e+09 1.03604766e+09 1.03604769e+09
 1.03604773e+09 1.03604776e+09 1.03604779e+09 1.03604782e+09
 1.03604785e+09 1.03604789e+09 1.03604792e+09 1.03604795e+09
 1.03604798e+09 1.03604801e+09 1.03604805e+09 1.03604808e+09
 1.03604811e+09 1.03604814e+09 1.03604817e+09 1.03604821e+09
 1.03604824e+09 1.03604827e+09 1.03604830e+09 1.03604833e+09
 1.03604837e+09 1.03604840e+09 1.03604843e+09 1.03604846e+09
 1.03604849e+09 1.03604853e+09 1.03604856e+09 1.03604859e+09
 1.03604862e+09 1.03604865e+09 1.03604869e+09 1.03604872e+09
 1.03604875e+09 1.03604878e+09 1.03604881e+09 1.03604885e+09
 1.03604888e+09 1.03604891e+09 1.03604894e+09 1.03604897e+09
 1.03604901e+09 1.03604904e+09 1.03604907e+09 1.03604910e+09
 1.03604913e+09 1.03604917e+09 1.03604920e+09 1.03604923e+09
 1.03604926e+09 1.03604929e+09 1.03604933e+09 1.03604936e+09
 1.03604939e+09 1.03604942e+09 1.03604945e+09 1.03604949e+09
 1.03604952e+09 1.03604955e+09 1.03604958e+09 1.03604961e+09
 1.03604965e+09 1.03604968e+09 1.03604971e+09 1.03604974e+09
 1.03604977e+09 1.03604981e+09 1.03604984e+09 1.03604987e+09
 1.03604990e+09 1.03604993e+09 1.03604997e+09 1.03605000e+09
 1.03605003e+09 1.03605006e+09 1.03605009e+09 1.03605013e+09
 1.03605016e+09 1.03605019e+09 1.03605022e+09 1.03605025e+09
 1.03605029e+09 1.03605032e+09 1.03605035e+09 1.03605038e+09
 1.03605041e+09 1.03605045e+09 1.03605048e+09 1.03605051e+09
 1.03605054e+09 1.03605057e+09 1.03605061e+09 1.03605064e+09
 1.03605067e+09 1.03605070e+09 1.03605073e+09 1.03605077e+09
 1.03605080e+09 1.03605083e+09 1.03605086e+09 1.03605089e+09
 1.03605093e+09 1.03605096e+09 1.03605099e+09 1.03605102e+09
 1.03605105e+09 1.03605109e+09 1.03605112e+09 1.03605115e+09
 1.03605118e+09 1.03605121e+09 1.03605125e+09 1.03605128e+09
 1.03605131e+09 1.03605134e+09 1.03605137e+09 1.03605141e+09
 1.03605144e+09 1.03605147e+09 1.03605150e+09 1.03605153e+09
 1.03605157e+09 1.03605160e+09 1.03605163e+09 1.03605166e+09
 1.03605169e+09 1.03605173e+09 1.03605176e+09 1.03605179e+09
 1.03605182e+09 1.03605186e+09 1.03605189e+09 1.03605192e+09
 1.03605195e+09 1.03605198e+09 1.03605202e+09 1.03605205e+09
 1.03605208e+09 1.03605211e+09 1.03605214e+09 1.03605218e+09
 1.03605221e+09 1.03605224e+09 1.03605227e+09 1.03605230e+09
 1.03605234e+09 1.03605237e+09 1.03605240e+09 1.03605243e+09
 1.03605246e+09 1.03605250e+09 1.03605253e+09 1.03605256e+09
 1.03605259e+09 1.03605262e+09 1.03605266e+09 1.03605269e+09
 1.03605272e+09 1.03605275e+09 1.03605278e+09 1.03605282e+09
 1.03605285e+09 1.03605288e+09 1.03605291e+09 1.03605294e+09
 1.03605298e+09 1.03605301e+09 1.03605304e+09 1.03605307e+09
 1.03605310e+09 1.03605314e+09 1.03605317e+09 1.03605320e+09
 1.03605323e+09 1.03605326e+09 1.03605330e+09 1.03605333e+09
 1.03605336e+09 1.03605339e+09 1.03605342e+09 1.03605346e+09
 1.03605349e+09 1.03605352e+09 1.03605355e+09 1.03605358e+09
 1.03605362e+09 1.03605365e+09 1.03605368e+09 1.03605371e+09
 1.03605374e+09 1.03605378e+09 1.03605381e+09 1.03605384e+09
 1.03605387e+09 1.03605390e+09 1.03605394e+09 1.03605397e+09
 1.03605400e+09 1.03605403e+09 1.03605406e+09 1.03605410e+09
 1.03605413e+09 1.03605416e+09 1.03605419e+09 1.03605422e+09
 1.03605426e+09 1.03605429e+09 1.03605432e+09 1.03605435e+09
 1.03605438e+09 1.03605442e+09 1.03605445e+09 1.03605448e+09
 1.03605451e+09 1.03605454e+09 1.03605458e+09 1.03605461e+09
 1.03605464e+09 1.03605467e+09 1.03605470e+09 1.03605474e+09
 1.03605477e+09 1.03605480e+09 1.03605483e+09 1.03605486e+09
 1.03605490e+09 1.03605493e+09 1.03605496e+09 1.03605499e+09
 1.03605502e+09 1.03605506e+09 1.03605509e+09 1.03605512e+09
 1.03605515e+09 1.03605518e+09 1.03605522e+09 1.03605525e+09
 1.03605528e+09 1.03605531e+09 1.03605534e+09 1.03605538e+09
 1.03605541e+09 1.03605544e+09 1.03605547e+09 1.03605550e+09
 1.03605554e+09 1.03605557e+09 1.03605560e+09 1.03605563e+09
 1.03605566e+09 1.03605570e+09 1.03605573e+09 1.03605576e+09
 1.03605579e+09 1.03605582e+09 1.03605586e+09 1.03605589e+09
 1.03605592e+09 1.03605595e+09 1.03605598e+09 1.03605602e+09
 1.03605605e+09 1.03605608e+09 1.03605611e+09 1.03605614e+09
 1.03605618e+09 1.03605621e+09 1.03605624e+09 1.03605627e+09
 1.03605630e+09 1.03605634e+09 1.03605637e+09 1.03605640e+09
 1.03605643e+09 1.03605646e+09 1.03605650e+09 1.03605653e+09
 1.03605656e+09 1.03605659e+09 1.03605662e+09 1.03605666e+09
 1.03605669e+09 1.03605672e+09 1.03605675e+09 1.03605678e+09
 1.03605682e+09 1.03605685e+09 1.03605688e+09 1.03605691e+09
 1.03605694e+09 1.03605698e+09 1.03605701e+09 1.03605704e+09
 1.03605707e+09 1.03605710e+09 1.03605714e+09 1.03605717e+09
 1.03605720e+09 1.03605723e+09 1.03605727e+09 1.03605730e+09
 1.03605733e+09 1.03605736e+09 1.03605739e+09 1.03605743e+09
 1.03605746e+09 1.03605749e+09 1.03605752e+09 1.03605755e+09
 1.03605759e+09 1.03605762e+09 1.03605765e+09 1.03605768e+09
 1.03605771e+09 1.03605775e+09 1.03605778e+09 1.03605781e+09
 1.03605784e+09 1.03605787e+09 1.03605791e+09 1.03605794e+09
 1.03605797e+09 1.03605800e+09 1.03605803e+09 1.03605807e+09
 1.03605810e+09 1.03605813e+09 1.03605816e+09 1.03605819e+09
 1.03605823e+09 1.03605826e+09 1.03605829e+09 1.03605832e+09
 1.03605835e+09 1.03605839e+09 1.03605842e+09 1.03605845e+09
 1.03605848e+09 1.03605851e+09 1.03605855e+09 1.03605858e+09
 1.03605861e+09 1.03605864e+09 1.03605867e+09 1.03605871e+09
 1.03605874e+09 1.03605877e+09 1.03605880e+09 1.03605883e+09
 1.03605887e+09 1.03605890e+09 1.03605893e+09 1.03605896e+09
 1.03605899e+09 1.03605903e+09 1.03605906e+09 1.03605909e+09
 1.03605912e+09 1.03605915e+09 1.03605919e+09 1.03605922e+09
 1.03605925e+09 1.03605928e+09 1.03605931e+09 1.03605935e+09
 1.03605938e+09 1.03605941e+09 1.03605944e+09 1.03605947e+09
 1.03605951e+09 1.03605954e+09 1.03605957e+09 1.03605960e+09
 1.03605963e+09 1.03605967e+09 1.03605970e+09 1.03605973e+09
 1.03605976e+09 1.03605979e+09 1.03605983e+09 1.03605986e+09
 1.03605989e+09 1.03605992e+09 1.03605995e+09 1.03605999e+09
 1.03606002e+09 1.03606005e+09 1.03606008e+09 1.03606011e+09
 1.03606015e+09 1.03606018e+09 1.03606021e+09 1.03606024e+09
 1.03606027e+09 1.03606031e+09 1.03606034e+09 1.03606037e+09
 1.03606040e+09 1.03606043e+09 1.03606047e+09 1.03606050e+09
 1.03606053e+09 1.03606056e+09 1.03606059e+09 1.03606063e+09
 1.03606066e+09 1.03606069e+09 1.03606072e+09 1.03606075e+09
 1.03606079e+09 1.03606082e+09 1.03606085e+09 1.03606088e+09
 1.03606091e+09 1.03606095e+09 1.03606098e+09 1.03606101e+09
 1.03606104e+09 1.03606107e+09 1.03606111e+09 1.03606114e+09
 1.03606117e+09 1.03606120e+09 1.03606123e+09 1.03606127e+09
 1.03606130e+09 1.03606133e+09 1.03606136e+09 1.03606139e+09
 1.03606143e+09 1.03606146e+09 1.03606149e+09 1.03606152e+09
 1.03606155e+09 1.03606159e+09 1.03606162e+09 1.03606165e+09
 1.03606168e+09 1.03606171e+09 1.03606175e+09 1.03606178e+09
 1.03606181e+09 1.03606184e+09 1.03606187e+09 1.03606191e+09
 1.03606194e+09 1.03606197e+09 1.03606200e+09 1.03606203e+09
 1.03606207e+09 1.03606210e+09 1.03606213e+09 1.03606216e+09
 1.03606219e+09 1.03606223e+09 1.03606226e+09 1.03606229e+09
 1.03606232e+09 1.03606235e+09 1.03606239e+09 1.03606242e+09
 1.03606245e+09 1.03606248e+09 1.03606252e+09 1.03606255e+09
 1.03606258e+09 1.03606261e+09 1.03606264e+09 1.03606268e+09
 1.03606271e+09 1.03606274e+09 1.03606277e+09 1.03606280e+09
 1.03606284e+09 1.03606287e+09 1.03606290e+09 1.03606293e+09]
minRes = 1.1757059124365825
minResTime =  [1.03606293e+09]
