name =JUICE_ROI_CAL_4_2_04
flyby =  ['2032 OCT 30 14:21:22', '2032 OCT 31 14:21:22']
Observation TW =  <SpiceCell dtype = 1, length = 0, size = 3000, card = 10, is_set = 1, adjust = 0, init = 1, base = 2554764793136, data = 2554764793184>
Res(t) =  [1.96780303 1.96596026 1.96411755 1.96227491 1.96043232 1.9585898
 1.95674735 1.95490496 1.95306263 1.95122036 1.94937815 1.94753601
 1.94569393 1.94385191 1.94200996 1.94016807 1.93832624 1.93648447
 1.93464276 1.93280112 1.93095954 1.92911802 1.92727657 1.92543518
 1.92359385 1.92175258 1.91991137 1.91807023 1.91622914 1.91438812
 1.91254717 1.91070627 1.90886544 1.90702466 1.90518395 1.90334331
 1.90150272 1.8996622  1.89782173 1.89598133 1.89414099 1.89230072
 1.8904605  1.88862035 1.88678025 1.88494022 1.88310025 1.88126035
 1.8794205  1.87758071 1.87574099 1.87390133 1.87206173 1.87022219
 1.86838271 1.86654329 1.86470394 1.86286465 1.86102541 1.85918624
 1.85734713 1.85550808 1.85366909 1.85183017 1.8499913  1.84815249
 1.84631375 1.84447507 1.84263645 1.84079788 1.83895938 1.83712094
 1.83528256 1.83344425 1.83160599 1.82976779 1.82792966 1.82609158
 1.82425357 1.82241561 1.82057772 1.81873989 1.81690211 1.8150644
 1.81322675 1.81138916 1.80955163 1.80771416 1.80587675 1.8040394
 1.80220211 1.80036488 1.79852771 1.79669061 1.79485356 1.79301657
 1.79117964 1.78934277 1.78750597 1.78566922 1.78383253 1.7819959
 1.78015934 1.77832283 1.77648638 1.77464999 1.77281367 1.7709774
 1.76914119 1.76730504 1.76546895 1.76363293 1.76179696 1.75996105
 1.7581252  1.75628941 1.75445368 1.75261801 1.7507824  1.74894684
 1.74711135 1.74527592 1.74344055 1.74160523 1.73976998 1.73793479
 1.73609965 1.73426457 1.73242956 1.7305946  1.7287597  1.72692486
 1.72509008 1.72325536 1.7214207  1.7195861  1.71775156 1.71591708
 1.71408265 1.71224829 1.71041398 1.70857973 1.70674554 1.70491142
 1.70307735 1.70124333 1.69940938 1.69757549 1.69574165 1.69390788
 1.69207416 1.6902405  1.6884069  1.68657336 1.68473988 1.68290646
 1.68107309 1.67923979 1.67740654 1.67557335 1.67374022 1.67190715
 1.67007414 1.66824119 1.66640829 1.66457546 1.66274268 1.66090996
 1.6590773  1.65724469 1.65541215 1.65357966 1.65174723 1.64991487
 1.64808255 1.6462503  1.64441811 1.64258597 1.64075389 1.63892187
 1.63708991 1.63525801 1.63342617 1.63159438 1.62976265 1.62793098
 1.62609937 1.62426781 1.62243632 1.62060488 1.6187735  1.61694218
 1.61511092 1.61327971 1.61144856 1.60961747 1.60778644 1.60595547
 1.60412455 1.60229369 1.60046289 1.59863215 1.59680147 1.59497084
 1.59314027 1.59130976 1.58947931 1.58764891 1.58581858 1.5839883
 1.58215807 1.58032791 1.5784978  1.57666775 1.57483776 1.57300783
 1.57117795 1.56934814 1.56751838 1.56568867 1.56385903 1.56202944
 1.56019991 1.55837044 1.55654102 1.55471167 1.55288237 1.55105313
 1.54922394 1.54739481 1.54556574 1.54373673 1.54190778 1.54007888
 1.53825004 1.53642126 1.53459253 1.53276387 1.53093526 1.5291067
 1.52727821 1.52544977 1.52362139 1.52179307 1.5199648  1.51813659
 1.51630844 1.51448035 1.51265231 1.51082433 1.50899641 1.50716855
 1.50534074 1.50351299 1.5016853  1.49985766 1.49803009 1.49620256
 1.4943751  1.4925477  1.49072035 1.48889305 1.48706582 1.48523864
 1.48341152 1.48158446 1.47975746 1.47793051 1.47610362 1.47427678
 1.47245001 1.47062329 1.46879662 1.46697002 1.46514347 1.46331698
 1.46149055 1.45966417 1.45783785 1.45601159 1.45418538 1.45235924
 1.45053315 1.44870711 1.44688114 1.44505522 1.44322936 1.44140355
 1.43957781 1.43775212 1.43592648 1.43410091 1.43227539 1.43044993
 1.42862452 1.42679918 1.42497389 1.42314865 1.42132348 1.41949836
 1.4176733  1.4158483  1.41402335 1.41219846 1.41037363 1.40854885
 1.40672414 1.40489948 1.40307487 1.40125033 1.39942584 1.39760141
 1.39577703 1.39395272 1.39212846 1.39030425 1.38848011 1.38665602
 1.38483199 1.38300802 1.3811841  1.37936025 1.37753644 1.3757127
 1.37388902 1.37206539 1.37024182 1.3684183  1.36659485 1.36477145
 1.3629481  1.36112482 1.35930159 1.35747843 1.35565531 1.35383226
 1.35200926 1.35018632 1.34836344 1.34654062 1.34471785 1.34289515
 1.34107249 1.3392499  1.33742737 1.33560489 1.33378247 1.33196011
 1.3301378  1.32831555 1.32649337 1.32467123 1.32284916 1.32102715
 1.31920519 1.31738329 1.31556145 1.31373966 1.31191794 1.31009627
 1.30827466 1.30645311 1.30463161 1.30281018 1.3009888  1.29916748
 1.29734622 1.29552501 1.29370387 1.29188278 1.29006175 1.28824078
 1.28641987 1.28459902 1.28277822 1.28095749 1.27913681 1.27731619
 1.27549563 1.27367512 1.27185468 1.27003429 1.26821397 1.2663937
 1.26457349 1.26275334 1.26093325 1.25911321 1.25729324 1.25547332
 1.25365347 1.25183367 1.25001393 1.24819425 1.24637463 1.24455507
 1.24273557 1.24091613 1.23909674 1.23727742 1.23545815 1.23363895
 1.2318198  1.23000071 1.22818169 1.22636272 1.22454381 1.22272496
 1.22090617 1.21908744 1.21726878 1.21545017 1.21363162 1.21181313
 1.2099947  1.20817633 1.20635802 1.20453977 1.20272158 1.20090345
 1.19908538 1.19726738 1.19544943 1.19363154 1.19181372 1.18999595
 1.18817825 1.1863606  1.18454302 1.1827255  1.18090803 1.17909063
 1.17727329 1.17545601 1.1736388  1.17182164 1.17000455 1.16818751
 1.16637054 1.16455363 1.16273678 1.16091999 1.15910327 1.15728661
 1.15547    1.15365346 1.15183699 1.15002057 1.14820422 1.14638793
 1.1445717  1.14275553 1.14093943 1.13912339 1.13730741 1.13549149
 1.13367564 1.13185985 1.13004412 1.12822846 1.12641286 1.12459732
 1.12278184 1.12096643 1.11915109 1.1173358  1.11552058 1.11370543
 1.11189033 1.11007531 1.10826034 1.10644544 1.10463061 1.10281583
 1.10100113 1.09918649 1.09737191 1.0955574  1.09374295 1.09192857
 1.09011425 1.0883     1.08648581 1.08467169 1.08285763 1.08104364
 1.07922972 1.07741586 1.07560207 1.07378834 1.07197468 1.07016109
 1.06834756 1.0665341  1.06472071 1.06290738 1.06109412 1.05928093
 1.0574678  1.05565474 1.05384175 1.05202883 1.05021598 1.04840319
 1.04659047 1.04477782 1.04296524 1.04115273 1.03934028 1.03752791
 1.0357156  1.03390336 1.03209119 1.03027909 1.02846706 1.0266551
 1.02484321 1.02303139 1.02121964 1.01940797 1.01759636 1.01578482
 1.01397335 1.01216196 1.01035063 1.00853938 1.00672819 1.00491708
 1.00310605 1.00129508 0.99948419 0.99767336 0.99586262 0.99405194
 0.99224134 0.99043081 0.98862035 0.98680997 0.98499966 0.98318942
 0.98137926 0.97956918 0.97775916 0.97594923 0.97413936 0.97232958
 0.97051987 0.96871023 0.96690067 0.96509119 0.96328178 0.96147245
 0.95966319 0.95785401 0.95604491 0.95423589 0.95242695 0.95061808
 0.94880929 0.94700058 0.94519195 0.9433834  0.94157492 0.93976653
 0.93795821 0.93614998 0.93434182 0.93253375 0.93072576 0.92891784
 0.92711001 0.92530226 0.9234946  0.92168701 0.91987951 0.91807209
 0.91626475 0.91445749 0.91265032 0.91084324 0.90903623 0.90722931
 0.90542248 0.90361573 0.90180907 0.90000249 0.898196   0.8963896
 0.89458328 0.89277705 0.8909709  0.88916485 0.88735888 0.885553
 0.88374721 0.8819415  0.88013589 0.87833037 0.87652494 0.87471959
 0.87291434 0.87110918 0.86930412 0.86749914 0.86569426 0.86388947
 0.86208477 0.86028016 0.85847565 0.85667124 0.85486692 0.85306269
 0.85125856 0.84945453 0.84765059 0.84584676 0.84404301 0.84223937
 0.84043582 0.83863238 0.83682903 0.83502578 0.83322263 0.83141959
 0.82961664 0.8278138  0.82601105 0.82420842 0.82240588 0.82060345
 0.81880112 0.8169989  0.81519678 0.81339477 0.81159286 0.80979106
 0.80798937 0.80618779 0.80438631 0.80258494 0.80078369 0.79898254
 0.79718151 0.79538058 0.79357977 0.79177907 0.78997849 0.78817802
 0.78637766 0.78457742 0.78277729 0.78097728 0.77917739 0.77737762
 0.77557796 0.77377842 0.77197901 0.77017971 0.76838054 0.76658148
 0.76478255 0.76298375 0.76118506 0.75938651 0.75758808 0.75578977
 0.75399159 0.75219354 0.75039562 0.74859783 0.74680017 0.74500264
 0.74320524 0.74140798 0.73961085 0.73781385 0.73601699 0.73422027
 0.73242368 0.73062724 0.72883093 0.72703476 0.72523873 0.72344285
 0.7216471  0.7198515  0.71805605 0.71626074 0.71446558 0.71267057
 0.71087571 0.70908099 0.70728643 0.70549202 0.70369777 0.70190366
 0.70010972 0.69831593 0.6965223  0.69472882 0.69293551 0.69114236
 0.68934937 0.68755655 0.68576389 0.68397139 0.68217907 0.68038691
 0.67859492 0.67680311 0.67501147 0.67322    0.67142871 0.66963759
 0.66784665 0.6660559  0.66426532 0.66247493 0.66068472 0.65962324
 0.65783344 0.65604384 0.65425442 0.65246521 0.65067618 0.64888735
 0.64709872 0.6453103  0.64352207 0.64173405 0.63994623 0.63815862
 0.63637121 0.63458402 0.63279705 0.63101028 0.62922373 0.6274374
 0.6256513  0.62386541 0.62207975 0.62029431 0.61850911 0.61672413
 0.61493939 0.61315488 0.61137061 0.60958658 0.60780279 0.60601924
 0.60423594 0.60245289 0.60067009 0.59888755 0.59710526 0.59532323
 0.59354146 0.59175995 0.58997871 0.58819774 0.58641704 0.58463662
 0.58285647 0.58107661 0.57929702 0.57751773 0.57573872 0.57396
 0.57218158 0.57040346 0.56862564 0.56684812 0.56507091 0.56329402
 0.56151743 0.55974117 0.55796523 0.55618961 0.55441432 0.55263936
 0.55086474 0.54909046 0.54731652 0.54554293 0.54376969 0.54199681
 0.54022428 0.53845212 0.53668033 0.53490891 0.53313787 0.53136721
 0.52959693 0.52782704 0.52605755 0.52428846 0.52251977 0.52075149
 0.51898363 0.51721618 0.51544916 0.51368257 0.51191642 0.5101507
 0.50838543 0.50662062 0.50485626 0.50309237 0.50132894 0.49956599
 0.49780352 0.49604154 0.49428006 0.49251908 0.4907586  0.48899864
 0.4872392  0.48548029 0.48372191 0.48196408 0.48020679 0.47845007
 0.47669391 0.47493832 0.47318332 0.47142891 0.46967509 0.46792188
 0.46616929 0.46441732 0.46266598 0.46091529 0.45916525 0.45741587
 0.45566716 0.45391913 0.45217179 0.45042516 0.44867924 0.44693404
 0.44518957 0.44344585 0.44170289 0.4399607  0.43821929 0.43647867
 0.43473886 0.43299987 0.4312617  0.42952439 0.42778793 0.42605235
 0.42431765 0.42258385 0.42085097 0.41911903 0.41738803 0.41565799
 0.41392894 0.41220088 0.41047384 0.40874782 0.40702286 0.40529897
 0.40357616 0.40185445 0.40013388 0.39841445 0.39669618 0.3949791
 0.39326324 0.3915486  0.38983522 0.38812312 0.38641232 0.38470284
 0.38299472 0.38128798 0.37958263 0.37787873 0.37617628 0.37447531
 0.37277587 0.37107797 0.36938166 0.36768695 0.36599389 0.3643025
 0.36261283 0.3609249  0.35923876 0.35755444 0.35587198 0.35419142
 0.3525128  0.35083616 0.34916156 0.34748902 0.3458186  0.34415034
 0.3424843  0.34082052 0.33915905 0.33749996 0.33584329 0.3341891
 0.33253744 0.33088839 0.329242   0.32759834 0.32595747 0.32431946
 0.32268438 0.32105231 0.31942333 0.3177975  0.31617491 0.31455565
 0.31293981 0.31132746 0.30971871 0.30811366 0.30651239 0.30491502
 0.30332166 0.30173241 0.30014739 0.29856672 0.29699052 0.29541894
 0.29385209 0.29229012 0.29073318 0.28918141 0.28763498 0.28609405
 0.28455879 0.28302938 0.281506   0.27998885 0.27847813 0.27697406
 0.27547684 0.27398672 0.27250394 0.27102874 0.2695614  0.26810219
 0.26665139 0.26520932 0.26377629 0.26235265 0.26093873 0.25953491
 0.25814159 0.25675916 0.25538807 0.25402877 0.25268174 0.25134749
 0.25002656 0.24871951 0.24742694 0.24614949 0.24488784 0.24364269
 0.24241483 0.24120504 0.24001421 0.23884324 0.23769311 0.23656488
 0.23545967 0.23437868 0.23332319 0.23229459 0.23129436 0.23032411
 0.22938557 0.22848061 0.22761123 0.22677965 0.22598823 0.22523957
 0.22453649 0.22388209 0.22327973 0.22273315 0.22224642 0.22182406
 0.22147107 0.22119298 0.22099598 0.22088696 0.22087365 0.22096476
 0.22117013 0.22150094 0.22196991 0.22259165]
t =  [1.03604913e+09 1.03604915e+09 1.03604917e+09 1.03604919e+09
 1.03604921e+09 1.03604923e+09 1.03604925e+09 1.03604927e+09
 1.03604929e+09 1.03604931e+09 1.03604933e+09 1.03604935e+09
 1.03604937e+09 1.03604939e+09 1.03604941e+09 1.03604943e+09
 1.03604945e+09 1.03604947e+09 1.03604949e+09 1.03604951e+09
 1.03604953e+09 1.03604955e+09 1.03604957e+09 1.03604959e+09
 1.03604961e+09 1.03604963e+09 1.03604965e+09 1.03604967e+09
 1.03604969e+09 1.03604971e+09 1.03604973e+09 1.03604975e+09
 1.03604977e+09 1.03604979e+09 1.03604981e+09 1.03604983e+09
 1.03604985e+09 1.03604987e+09 1.03604989e+09 1.03604991e+09
 1.03604993e+09 1.03604995e+09 1.03604997e+09 1.03604999e+09
 1.03605001e+09 1.03605003e+09 1.03605005e+09 1.03605007e+09
 1.03605009e+09 1.03605011e+09 1.03605013e+09 1.03605015e+09
 1.03605017e+09 1.03605019e+09 1.03605021e+09 1.03605023e+09
 1.03605025e+09 1.03605027e+09 1.03605029e+09 1.03605031e+09
 1.03605033e+09 1.03605035e+09 1.03605037e+09 1.03605039e+09
 1.03605041e+09 1.03605043e+09 1.03605045e+09 1.03605047e+09
 1.03605049e+09 1.03605051e+09 1.03605053e+09 1.03605055e+09
 1.03605057e+09 1.03605059e+09 1.03605061e+09 1.03605063e+09
 1.03605065e+09 1.03605067e+09 1.03605069e+09 1.03605071e+09
 1.03605073e+09 1.03605075e+09 1.03605077e+09 1.03605079e+09
 1.03605081e+09 1.03605083e+09 1.03605085e+09 1.03605087e+09
 1.03605089e+09 1.03605091e+09 1.03605093e+09 1.03605095e+09
 1.03605097e+09 1.03605099e+09 1.03605101e+09 1.03605103e+09
 1.03605105e+09 1.03605107e+09 1.03605109e+09 1.03605111e+09
 1.03605113e+09 1.03605115e+09 1.03605117e+09 1.03605119e+09
 1.03605121e+09 1.03605123e+09 1.03605125e+09 1.03605127e+09
 1.03605129e+09 1.03605131e+09 1.03605133e+09 1.03605135e+09
 1.03605137e+09 1.03605139e+09 1.03605141e+09 1.03605143e+09
 1.03605145e+09 1.03605147e+09 1.03605148e+09 1.03605150e+09
 1.03605152e+09 1.03605154e+09 1.03605156e+09 1.03605158e+09
 1.03605160e+09 1.03605162e+09 1.03605164e+09 1.03605166e+09
 1.03605168e+09 1.03605170e+09 1.03605172e+09 1.03605174e+09
 1.03605176e+09 1.03605178e+09 1.03605180e+09 1.03605182e+09
 1.03605184e+09 1.03605186e+09 1.03605188e+09 1.03605190e+09
 1.03605192e+09 1.03605194e+09 1.03605196e+09 1.03605198e+09
 1.03605200e+09 1.03605202e+09 1.03605204e+09 1.03605206e+09
 1.03605208e+09 1.03605210e+09 1.03605212e+09 1.03605214e+09
 1.03605216e+09 1.03605218e+09 1.03605220e+09 1.03605222e+09
 1.03605224e+09 1.03605226e+09 1.03605228e+09 1.03605230e+09
 1.03605232e+09 1.03605234e+09 1.03605236e+09 1.03605238e+09
 1.03605240e+09 1.03605242e+09 1.03605244e+09 1.03605246e+09
 1.03605248e+09 1.03605250e+09 1.03605252e+09 1.03605254e+09
 1.03605256e+09 1.03605258e+09 1.03605260e+09 1.03605262e+09
 1.03605264e+09 1.03605266e+09 1.03605268e+09 1.03605270e+09
 1.03605272e+09 1.03605274e+09 1.03605276e+09 1.03605278e+09
 1.03605280e+09 1.03605282e+09 1.03605284e+09 1.03605286e+09
 1.03605288e+09 1.03605290e+09 1.03605292e+09 1.03605294e+09
 1.03605296e+09 1.03605298e+09 1.03605300e+09 1.03605302e+09
 1.03605304e+09 1.03605306e+09 1.03605308e+09 1.03605310e+09
 1.03605312e+09 1.03605314e+09 1.03605316e+09 1.03605318e+09
 1.03605320e+09 1.03605322e+09 1.03605324e+09 1.03605326e+09
 1.03605328e+09 1.03605330e+09 1.03605332e+09 1.03605334e+09
 1.03605336e+09 1.03605338e+09 1.03605340e+09 1.03605342e+09
 1.03605344e+09 1.03605346e+09 1.03605348e+09 1.03605350e+09
 1.03605352e+09 1.03605354e+09 1.03605356e+09 1.03605358e+09
 1.03605360e+09 1.03605362e+09 1.03605364e+09 1.03605366e+09
 1.03605368e+09 1.03605370e+09 1.03605372e+09 1.03605374e+09
 1.03605376e+09 1.03605378e+09 1.03605380e+09 1.03605382e+09
 1.03605384e+09 1.03605386e+09 1.03605388e+09 1.03605390e+09
 1.03605392e+09 1.03605394e+09 1.03605396e+09 1.03605398e+09
 1.03605400e+09 1.03605402e+09 1.03605404e+09 1.03605406e+09
 1.03605408e+09 1.03605410e+09 1.03605412e+09 1.03605414e+09
 1.03605416e+09 1.03605418e+09 1.03605420e+09 1.03605422e+09
 1.03605424e+09 1.03605426e+09 1.03605428e+09 1.03605430e+09
 1.03605432e+09 1.03605434e+09 1.03605436e+09 1.03605438e+09
 1.03605440e+09 1.03605442e+09 1.03605444e+09 1.03605446e+09
 1.03605448e+09 1.03605450e+09 1.03605452e+09 1.03605454e+09
 1.03605456e+09 1.03605458e+09 1.03605460e+09 1.03605462e+09
 1.03605464e+09 1.03605466e+09 1.03605468e+09 1.03605470e+09
 1.03605472e+09 1.03605474e+09 1.03605476e+09 1.03605478e+09
 1.03605480e+09 1.03605482e+09 1.03605484e+09 1.03605486e+09
 1.03605488e+09 1.03605490e+09 1.03605492e+09 1.03605494e+09
 1.03605496e+09 1.03605498e+09 1.03605500e+09 1.03605502e+09
 1.03605504e+09 1.03605506e+09 1.03605508e+09 1.03605510e+09
 1.03605512e+09 1.03605514e+09 1.03605516e+09 1.03605518e+09
 1.03605520e+09 1.03605522e+09 1.03605524e+09 1.03605526e+09
 1.03605527e+09 1.03605529e+09 1.03605531e+09 1.03605533e+09
 1.03605535e+09 1.03605537e+09 1.03605539e+09 1.03605541e+09
 1.03605543e+09 1.03605545e+09 1.03605547e+09 1.03605549e+09
 1.03605551e+09 1.03605553e+09 1.03605555e+09 1.03605557e+09
 1.03605559e+09 1.03605561e+09 1.03605563e+09 1.03605565e+09
 1.03605567e+09 1.03605569e+09 1.03605571e+09 1.03605573e+09
 1.03605575e+09 1.03605577e+09 1.03605579e+09 1.03605581e+09
 1.03605583e+09 1.03605585e+09 1.03605587e+09 1.03605589e+09
 1.03605591e+09 1.03605593e+09 1.03605595e+09 1.03605597e+09
 1.03605599e+09 1.03605601e+09 1.03605603e+09 1.03605605e+09
 1.03605607e+09 1.03605609e+09 1.03605611e+09 1.03605613e+09
 1.03605615e+09 1.03605617e+09 1.03605619e+09 1.03605621e+09
 1.03605623e+09 1.03605625e+09 1.03605627e+09 1.03605629e+09
 1.03605631e+09 1.03605633e+09 1.03605635e+09 1.03605637e+09
 1.03605639e+09 1.03605641e+09 1.03605643e+09 1.03605645e+09
 1.03605647e+09 1.03605649e+09 1.03605651e+09 1.03605653e+09
 1.03605655e+09 1.03605657e+09 1.03605659e+09 1.03605661e+09
 1.03605663e+09 1.03605665e+09 1.03605667e+09 1.03605669e+09
 1.03605671e+09 1.03605673e+09 1.03605675e+09 1.03605677e+09
 1.03605679e+09 1.03605681e+09 1.03605683e+09 1.03605685e+09
 1.03605687e+09 1.03605689e+09 1.03605691e+09 1.03605693e+09
 1.03605695e+09 1.03605697e+09 1.03605699e+09 1.03605701e+09
 1.03605703e+09 1.03605705e+09 1.03605707e+09 1.03605709e+09
 1.03605711e+09 1.03605713e+09 1.03605715e+09 1.03605717e+09
 1.03605719e+09 1.03605721e+09 1.03605723e+09 1.03605725e+09
 1.03605727e+09 1.03605729e+09 1.03605731e+09 1.03605733e+09
 1.03605735e+09 1.03605737e+09 1.03605739e+09 1.03605741e+09
 1.03605743e+09 1.03605745e+09 1.03605747e+09 1.03605749e+09
 1.03605751e+09 1.03605753e+09 1.03605755e+09 1.03605757e+09
 1.03605759e+09 1.03605761e+09 1.03605763e+09 1.03605765e+09
 1.03605767e+09 1.03605769e+09 1.03605771e+09 1.03605773e+09
 1.03605775e+09 1.03605777e+09 1.03605779e+09 1.03605781e+09
 1.03605783e+09 1.03605785e+09 1.03605787e+09 1.03605789e+09
 1.03605791e+09 1.03605793e+09 1.03605795e+09 1.03605797e+09
 1.03605799e+09 1.03605801e+09 1.03605803e+09 1.03605805e+09
 1.03605807e+09 1.03605809e+09 1.03605811e+09 1.03605813e+09
 1.03605815e+09 1.03605817e+09 1.03605819e+09 1.03605821e+09
 1.03605823e+09 1.03605825e+09 1.03605827e+09 1.03605829e+09
 1.03605831e+09 1.03605833e+09 1.03605835e+09 1.03605837e+09
 1.03605839e+09 1.03605841e+09 1.03605843e+09 1.03605845e+09
 1.03605847e+09 1.03605849e+09 1.03605851e+09 1.03605853e+09
 1.03605855e+09 1.03605857e+09 1.03605859e+09 1.03605861e+09
 1.03605863e+09 1.03605865e+09 1.03605867e+09 1.03605869e+09
 1.03605871e+09 1.03605873e+09 1.03605875e+09 1.03605877e+09
 1.03605879e+09 1.03605881e+09 1.03605883e+09 1.03605885e+09
 1.03605887e+09 1.03605889e+09 1.03605891e+09 1.03605893e+09
 1.03605895e+09 1.03605897e+09 1.03605899e+09 1.03605901e+09
 1.03605903e+09 1.03605905e+09 1.03605907e+09 1.03605908e+09
 1.03605910e+09 1.03605912e+09 1.03605914e+09 1.03605916e+09
 1.03605918e+09 1.03605920e+09 1.03605922e+09 1.03605924e+09
 1.03605926e+09 1.03605928e+09 1.03605930e+09 1.03605932e+09
 1.03605934e+09 1.03605936e+09 1.03605938e+09 1.03605940e+09
 1.03605942e+09 1.03605944e+09 1.03605946e+09 1.03605948e+09
 1.03605950e+09 1.03605952e+09 1.03605954e+09 1.03605956e+09
 1.03605958e+09 1.03605960e+09 1.03605962e+09 1.03605964e+09
 1.03605966e+09 1.03605968e+09 1.03605970e+09 1.03605972e+09
 1.03605974e+09 1.03605976e+09 1.03605978e+09 1.03605980e+09
 1.03605982e+09 1.03605984e+09 1.03605986e+09 1.03605988e+09
 1.03605990e+09 1.03605992e+09 1.03605994e+09 1.03605996e+09
 1.03605998e+09 1.03606000e+09 1.03606002e+09 1.03606004e+09
 1.03606006e+09 1.03606008e+09 1.03606010e+09 1.03606012e+09
 1.03606014e+09 1.03606016e+09 1.03606018e+09 1.03606020e+09
 1.03606022e+09 1.03606024e+09 1.03606026e+09 1.03606028e+09
 1.03606030e+09 1.03606032e+09 1.03606034e+09 1.03606036e+09
 1.03606038e+09 1.03606040e+09 1.03606042e+09 1.03606044e+09
 1.03606046e+09 1.03606048e+09 1.03606050e+09 1.03606052e+09
 1.03606054e+09 1.03606056e+09 1.03606058e+09 1.03606060e+09
 1.03606062e+09 1.03606064e+09 1.03606066e+09 1.03606068e+09
 1.03606070e+09 1.03606072e+09 1.03606074e+09 1.03606076e+09
 1.03606078e+09 1.03606080e+09 1.03606082e+09 1.03606084e+09
 1.03606086e+09 1.03606088e+09 1.03606090e+09 1.03606092e+09
 1.03606094e+09 1.03606096e+09 1.03606098e+09 1.03606100e+09
 1.03606102e+09 1.03606104e+09 1.03606106e+09 1.03606108e+09
 1.03606110e+09 1.03606112e+09 1.03606114e+09 1.03606116e+09
 1.03606118e+09 1.03606120e+09 1.03606122e+09 1.03606124e+09
 1.03606126e+09 1.03606128e+09 1.03606130e+09 1.03606132e+09
 1.03606134e+09 1.03606136e+09 1.03606138e+09 1.03606140e+09
 1.03606142e+09 1.03606144e+09 1.03606146e+09 1.03606148e+09
 1.03606150e+09 1.03606152e+09 1.03606154e+09 1.03606156e+09
 1.03606158e+09 1.03606160e+09 1.03606162e+09 1.03606164e+09
 1.03606166e+09 1.03606168e+09 1.03606170e+09 1.03606172e+09
 1.03606174e+09 1.03606176e+09 1.03606178e+09 1.03606180e+09
 1.03606182e+09 1.03606184e+09 1.03606186e+09 1.03606188e+09
 1.03606190e+09 1.03606192e+09 1.03606194e+09 1.03606196e+09
 1.03606198e+09 1.03606200e+09 1.03606202e+09 1.03606204e+09
 1.03606206e+09 1.03606208e+09 1.03606210e+09 1.03606212e+09
 1.03606214e+09 1.03606216e+09 1.03606218e+09 1.03606220e+09
 1.03606222e+09 1.03606224e+09 1.03606226e+09 1.03606228e+09
 1.03606230e+09 1.03606232e+09 1.03606234e+09 1.03606236e+09
 1.03606238e+09 1.03606240e+09 1.03606242e+09 1.03606244e+09
 1.03606246e+09 1.03606248e+09 1.03606250e+09 1.03606252e+09
 1.03606254e+09 1.03606256e+09 1.03606258e+09 1.03606260e+09
 1.03606262e+09 1.03606264e+09 1.03606266e+09 1.03606268e+09
 1.03606270e+09 1.03606272e+09 1.03606274e+09 1.03606276e+09
 1.03606278e+09 1.03606280e+09 1.03606282e+09 1.03606284e+09
 1.03606286e+09 1.03606287e+09 1.03606289e+09 1.03606291e+09
 1.03606293e+09 1.03606295e+09 1.03606297e+09 1.03606299e+09
 1.03606301e+09 1.03606303e+09 1.03606305e+09 1.03606307e+09
 1.03606309e+09 1.03606311e+09 1.03606313e+09 1.03606315e+09
 1.03606317e+09 1.03606319e+09 1.03606321e+09 1.03606323e+09
 1.03606325e+09 1.03606327e+09 1.03606329e+09 1.03606331e+09
 1.03606333e+09 1.03606335e+09 1.03606337e+09 1.03606339e+09
 1.03606341e+09 1.03606343e+09 1.03606345e+09 1.03606347e+09
 1.03606349e+09 1.03606351e+09 1.03606353e+09 1.03606355e+09
 1.03606357e+09 1.03606359e+09 1.03606361e+09 1.03606363e+09
 1.03606365e+09 1.03606367e+09 1.03606369e+09 1.03606371e+09
 1.03606373e+09 1.03606375e+09 1.03606377e+09 1.03606379e+09
 1.03606381e+09 1.03606383e+09 1.03606385e+09 1.03606387e+09
 1.03606389e+09 1.03606391e+09 1.03606393e+09 1.03606395e+09
 1.03606397e+09 1.03606399e+09 1.03606401e+09 1.03606403e+09
 1.03606405e+09 1.03606407e+09 1.03606409e+09 1.03606411e+09
 1.03606413e+09 1.03606415e+09 1.03606417e+09 1.03606419e+09
 1.03606421e+09 1.03606423e+09 1.03606425e+09 1.03606427e+09
 1.03606429e+09 1.03606431e+09 1.03606433e+09 1.03606435e+09
 1.03606437e+09 1.03606439e+09 1.03606441e+09 1.03606443e+09
 1.03606445e+09 1.03606447e+09 1.03606449e+09 1.03606451e+09
 1.03606453e+09 1.03606455e+09 1.03606457e+09 1.03606459e+09
 1.03606461e+09 1.03606463e+09 1.03606465e+09 1.03606467e+09
 1.03606469e+09 1.03606471e+09 1.03606473e+09 1.03606475e+09
 1.03606477e+09 1.03606479e+09 1.03606481e+09 1.03606483e+09
 1.03606485e+09 1.03606487e+09 1.03606489e+09 1.03606491e+09
 1.03606493e+09 1.03606495e+09 1.03606497e+09 1.03606499e+09
 1.03606501e+09 1.03606503e+09 1.03606505e+09 1.03606507e+09
 1.03606509e+09 1.03606511e+09 1.03606513e+09 1.03606515e+09
 1.03606517e+09 1.03606519e+09 1.03606521e+09 1.03606523e+09
 1.03606525e+09 1.03606527e+09 1.03606529e+09 1.03606531e+09
 1.03606533e+09 1.03606535e+09 1.03606537e+09 1.03606539e+09
 1.03606541e+09 1.03606543e+09 1.03606545e+09 1.03606547e+09
 1.03606549e+09 1.03606551e+09 1.03606553e+09 1.03606555e+09
 1.03606557e+09 1.03606559e+09 1.03606561e+09 1.03606563e+09
 1.03606565e+09 1.03606567e+09 1.03606569e+09 1.03606571e+09
 1.03606573e+09 1.03606575e+09 1.03606577e+09 1.03606579e+09
 1.03606581e+09 1.03606583e+09 1.03606585e+09 1.03606587e+09
 1.03606589e+09 1.03606591e+09 1.03606593e+09 1.03606595e+09
 1.03606597e+09 1.03606599e+09 1.03606601e+09 1.03606603e+09
 1.03606605e+09 1.03606607e+09 1.03606609e+09 1.03606611e+09
 1.03606613e+09 1.03606615e+09 1.03606617e+09 1.03606619e+09
 1.03606621e+09 1.03606623e+09 1.03606625e+09 1.03606627e+09
 1.03606629e+09 1.03606631e+09 1.03606633e+09 1.03606635e+09
 1.03606637e+09 1.03606639e+09 1.03606641e+09 1.03606643e+09
 1.03606645e+09 1.03606647e+09 1.03606649e+09 1.03606651e+09
 1.03606653e+09 1.03606655e+09 1.03606657e+09 1.03606659e+09
 1.03606661e+09 1.03606663e+09 1.03606665e+09 1.03606666e+09
 1.03606668e+09 1.03606670e+09 1.03606672e+09 1.03606674e+09
 1.03606676e+09 1.03606678e+09 1.03606680e+09 1.03606682e+09
 1.03606684e+09 1.03606686e+09 1.03606688e+09 1.03606690e+09
 1.03606692e+09 1.03606694e+09 1.03606696e+09 1.03606698e+09
 1.03606700e+09 1.03606702e+09 1.03606704e+09 1.03606706e+09
 1.03606708e+09 1.03606710e+09 1.03606712e+09 1.03606714e+09
 1.03606716e+09 1.03606718e+09 1.03606720e+09 1.03606722e+09
 1.03606724e+09 1.03606726e+09 1.03606728e+09 1.03606730e+09
 1.03606732e+09 1.03606734e+09 1.03606736e+09 1.03606738e+09
 1.03606740e+09 1.03606742e+09 1.03606744e+09 1.03606746e+09
 1.03606748e+09 1.03606750e+09 1.03606752e+09 1.03606754e+09
 1.03606756e+09 1.03606758e+09 1.03606760e+09 1.03606762e+09
 1.03606764e+09 1.03606766e+09 1.03606768e+09 1.03606770e+09
 1.03606772e+09 1.03606774e+09 1.03606776e+09 1.03606778e+09
 1.03606780e+09 1.03606782e+09 1.03606784e+09 1.03606786e+09
 1.03606788e+09 1.03606790e+09 1.03606792e+09 1.03606794e+09
 1.03606796e+09 1.03606798e+09 1.03606800e+09 1.03606802e+09
 1.03606804e+09 1.03606806e+09 1.03606808e+09 1.03606810e+09
 1.03606812e+09 1.03606814e+09 1.03606816e+09 1.03606818e+09
 1.03606820e+09 1.03606822e+09 1.03606824e+09 1.03606826e+09
 1.03606828e+09 1.03606830e+09 1.03606832e+09 1.03606834e+09
 1.03606836e+09 1.03606838e+09 1.03606840e+09 1.03606842e+09
 1.03606844e+09 1.03606846e+09 1.03606848e+09 1.03606850e+09
 1.03606852e+09 1.03606854e+09 1.03606856e+09 1.03606858e+09
 1.03606860e+09 1.03606862e+09 1.03606864e+09 1.03606866e+09
 1.03606868e+09 1.03606870e+09 1.03606872e+09 1.03606874e+09
 1.03606876e+09 1.03606878e+09 1.03606880e+09 1.03606882e+09
 1.03606884e+09 1.03606886e+09 1.03606888e+09 1.03606890e+09
 1.03606892e+09 1.03606894e+09 1.03606896e+09 1.03606898e+09
 1.03606900e+09 1.03606902e+09 1.03606904e+09 1.03606906e+09]
minRes = 0.22087364768494747
minResTime =  [1.03606896e+09]
