name =JUICE_ROI_CAL_6_1_09
flyby =  ['2032 OCT 13 20:53:36', '2032 OCT 14 20:53:36']
Observation TW =  <SpiceCell dtype = 1, length = 0, size = 2800, card = 8, is_set = 1, adjust = 0, init = 1, base = 2554805402288, data = 2554805402336>
Res(t) =  [1.13125384 1.13017525 1.12909669 1.12801816 1.12693965 1.12586117
 1.12478272 1.12370429 1.12262589 1.12154751 1.12046916 1.11939084
 1.11831254 1.11723427 1.11615602 1.11507781 1.11399961 1.11292145
 1.11184331 1.1107652  1.10968711 1.10860905 1.10753101 1.106453
 1.10537502 1.10429707 1.10321914 1.10214123 1.10106336 1.09998551
 1.09890768 1.09782988 1.09675211 1.09567436 1.09459664 1.09351895
 1.09244128 1.09136364 1.09028602 1.08920843 1.08813087 1.08705333
 1.08597582 1.08489834 1.08382088 1.08274345 1.08166604 1.08058866
 1.07951131 1.07843398 1.07735668 1.0762794  1.07520215 1.07412493
 1.07304773 1.07197056 1.07089342 1.0698163  1.0687392  1.06766214
 1.0665851  1.06550808 1.06443109 1.06335413 1.06227719 1.06120028
 1.0601234  1.05904654 1.05796971 1.0568929  1.05581612 1.05473937
 1.05366264 1.05258594 1.05150926 1.05043261 1.04935599 1.04827939
 1.04720282 1.04612627 1.04504975 1.04397326 1.04289679 1.04182035
 1.04074393 1.03966754 1.03859118 1.03751484 1.03643853 1.03536224
 1.03428598 1.03320975 1.03213354 1.03105736 1.0299812  1.02890507
 1.02782897 1.02675289 1.02567684 1.02460081 1.02352481 1.02244884
 1.02137289 1.02029697 1.01922108 1.01814521 1.01706936 1.01599354
 1.01491775 1.01384199 1.01276625 1.01169053 1.01061484 1.00953918
 1.00846355 1.00738794 1.00631235 1.00523679 1.00416126 1.00308576
 1.00201028 1.00093482 0.99985939 0.99878399 0.99770861 0.99663326
 0.99555794 0.99448264 0.99340737 0.99233212 0.9912569  0.99018171
 0.98910654 0.9880314  0.98695628 0.98588119 0.98480613 0.98373109
 0.98265608 0.98158109 0.98050613 0.97943119 0.97835629 0.9772814
 0.97620655 0.97513172 0.97405691 0.97298213 0.97190738 0.97083266
 0.96975795 0.96868328 0.96760863 0.96653401 0.96545941 0.96438484
 0.9633103  0.96223578 0.96116129 0.96008682 0.95901238 0.95793797
 0.95686358 0.95578922 0.95471488 0.95364057 0.95256629 0.95149203
 0.9504178  0.94934359 0.94826941 0.94719526 0.94612113 0.94504703
 0.94397296 0.94289891 0.94182488 0.94075089 0.93967692 0.93860297
 0.93752905 0.93645516 0.93538129 0.93430745 0.93323364 0.93215985
 0.93108609 0.93001236 0.92893865 0.92786496 0.92679131 0.92571767
 0.92464407 0.92357049 0.92249694 0.92142341 0.92034991 0.91927644
 0.91820299 0.91712957 0.91605618 0.91498281 0.91390946 0.91283615
 0.91176286 0.91068959 0.90961636 0.90854314 0.90746996 0.9063968
 0.90532367 0.90425056 0.90317748 0.90210443 0.9010314  0.8999584
 0.89888543 0.89781248 0.89673956 0.89566666 0.89459379 0.89352095
 0.89244814 0.89137535 0.89030258 0.88922985 0.88815714 0.88708445
 0.8860118  0.88493916 0.88386656 0.88279398 0.88172143 0.88064891
 0.87957641 0.87850394 0.87743149 0.87635907 0.87528668 0.87421431
 0.87314198 0.87206966 0.87099738 0.86992512 0.86885289 0.86778068
 0.8667085  0.86563635 0.86456422 0.86349213 0.86242005 0.86134801
 0.86027599 0.859204   0.85813203 0.85706009 0.85598818 0.8549163
 0.85384444 0.85277261 0.8517008  0.85062903 0.84955728 0.84848555
 0.84741386 0.84634219 0.84527054 0.84419893 0.84312734 0.84205578
 0.84098424 0.83991274 0.83884126 0.8377698  0.83669838 0.83562698
 0.8345556  0.83348426 0.83241294 0.83134165 0.83027039 0.82919915
 0.82812794 0.82705676 0.8259856  0.82491448 0.82384338 0.8227723
 0.82170126 0.82063024 0.81955925 0.81848829 0.81741735 0.81634644
 0.81527556 0.81420471 0.81313388 0.81206308 0.81099231 0.80992157
 0.80885086 0.80778017 0.80670951 0.80563887 0.80456827 0.80349769
 0.80242714 0.80135662 0.80028613 0.79921566 0.79814522 0.79707481
 0.79600443 0.79493407 0.79386375 0.79279345 0.79172318 0.79065293
 0.78958272 0.78851253 0.78744237 0.78637224 0.78530214 0.78423206
 0.78316202 0.782092   0.78102201 0.77995205 0.77888212 0.77781221
 0.77674233 0.77567249 0.77460267 0.77353287 0.77246311 0.77139338
 0.77032367 0.76925399 0.76818435 0.76711473 0.76604514 0.76497557
 0.76390604 0.76283653 0.76176706 0.76069761 0.75962819 0.7585588
 0.75748944 0.75642011 0.75535081 0.75428153 0.75321229 0.75214307
 0.75107389 0.75000473 0.7489356  0.7478665  0.74679743 0.74572839
 0.74465938 0.7435904  0.74252145 0.74145253 0.74038363 0.73931477
 0.73824594 0.73717713 0.73610836 0.73503961 0.7339709  0.73290221
 0.73183356 0.73076493 0.72969634 0.72862777 0.72755923 0.72649073
 0.72542225 0.72435381 0.72328539 0.72221701 0.72114865 0.72008033
 0.71901204 0.71794377 0.71687554 0.71580734 0.71473917 0.71367103
 0.71260291 0.71153483 0.71046679 0.70939877 0.70833078 0.70726282
 0.7061949  0.705127   0.70405914 0.70299131 0.70192351 0.70085574
 0.699788   0.69872029 0.69765262 0.69658497 0.69551736 0.69444978
 0.69338223 0.69231471 0.69124723 0.69017977 0.68911235 0.68804496
 0.6869776  0.68591027 0.68484298 0.68377572 0.68270849 0.68164129
 0.68057413 0.67950699 0.67843989 0.67737283 0.67630579 0.67523879
 0.67417182 0.67310488 0.67203798 0.67097111 0.66990427 0.66883746
 0.66777069 0.66670395 0.66563725 0.66457058 0.66350394 0.66243733
 0.66137076 0.66030423 0.65923772 0.65817125 0.65710482 0.65603842
 0.65497205 0.65390571 0.65283942 0.65177315 0.65070692 0.64964072
 0.64857456 0.64750844 0.64644234 0.64537629 0.64431026 0.64324428
 0.64217832 0.64111241 0.64004652 0.63898068 0.63791487 0.63684909
 0.63578335 0.63471765 0.63365198 0.63258634 0.63152075 0.63045519
 0.62938966 0.62832417 0.62725872 0.62619331 0.62512793 0.62406258
 0.62299728 0.62193201 0.62086678 0.61980158 0.61873643 0.61767131
 0.61660622 0.61554118 0.61447617 0.6134112  0.61234627 0.61128137
 0.61021652 0.6091517  0.60808692 0.60702218 0.60595748 0.60489281
 0.60382819 0.6027636  0.60169905 0.60063455 0.59957008 0.59850565
 0.59744126 0.59637691 0.5953126  0.59424832 0.59318409 0.5921199
 0.59105575 0.58999164 0.58892757 0.58786354 0.58679956 0.58573561
 0.5846717  0.58360784 0.58254401 0.58148023 0.58041649 0.57935279
 0.57828914 0.57722552 0.57616195 0.57509842 0.57473298 0.57366956
 0.57260618 0.57154284 0.57047955 0.56941631 0.5683531  0.56728995
 0.56622683 0.56516376 0.56410074 0.56303776 0.56197482 0.56091193
 0.55984909 0.55878629 0.55772354 0.55666083 0.55559817 0.55453555
 0.55347299 0.55241046 0.55134799 0.55028556 0.54922318 0.54816085
 0.54709857 0.54603633 0.54497414 0.543912   0.54284991 0.54178787
 0.54072587 0.53966393 0.53860203 0.53754018 0.53647839 0.53541664
 0.53435494 0.5332933  0.5322317  0.53117016 0.53010867 0.52904722
 0.52798583 0.5269245  0.52586321 0.52480197 0.52374079 0.52267966
 0.52161859 0.52055757 0.5194966  0.51843568 0.51737482 0.51631402
 0.51525326 0.51419257 0.51313192 0.51207134 0.51101081 0.50995033
 0.50888991 0.50782955 0.50676925 0.505709   0.50464881 0.50358867
 0.5025286  0.50146858 0.50040862 0.49934872 0.49828888 0.4972291
 0.49616938 0.49510972 0.49405012 0.49299058 0.4919311  0.49087168
 0.48981233 0.48875304 0.48769381 0.48663464 0.48557553 0.48451649
 0.48345751 0.4823986  0.48133975 0.48028097 0.47922225 0.4781636
 0.47710501 0.47604649 0.47498804 0.47392965 0.47287133 0.47181308
 0.4707549  0.46969679 0.46863875 0.46758077 0.46652287 0.46546504
 0.46440727 0.46334958 0.46229196 0.46123442 0.46017694 0.45911954
 0.45806221 0.45700496 0.45594778 0.45489068 0.45383365 0.4527767
 0.45171982 0.45066302 0.4496063  0.44854966 0.4474931  0.44643661
 0.44538021 0.44432388 0.44326763 0.44221147 0.44115539 0.44009939
 0.43904347 0.43798764 0.43693189 0.43587622 0.43482064 0.43376515
 0.43270974 0.43165442 0.43059918 0.42954404 0.42848898 0.42743401
 0.42637914 0.42532435 0.42426966 0.42321505 0.42216054 0.42110612
 0.4200518  0.41899757 0.41794344 0.4168894  0.41583546 0.41478162
 0.41372788 0.41267423 0.41162069 0.41056724 0.4095139  0.40846066
 0.40740752 0.40635449 0.40530156 0.40424874 0.40319602 0.40214341
 0.4010909  0.40003851 0.39898623 0.39793405 0.39688199 0.39583004
 0.3947782  0.39372648 0.39267487 0.39162338 0.39057201 0.38952075
 0.38846961 0.3874186  0.3863677  0.38531693 0.38426627 0.38321575
 0.38216534 0.38111507 0.38006492 0.3790149  0.37796501 0.37691525
 0.37586562 0.37481613 0.37376677 0.37271754 0.37166846 0.37061951
 0.36957069 0.36852202 0.36747349 0.36642511 0.36537687 0.36432877
 0.36328082 0.36223302 0.36118537 0.36013787 0.35909052 0.35804332
 0.35699629 0.3559494  0.35490268 0.35385612 0.35280972 0.35176348
 0.3507174  0.3496715  0.34862576 0.34758019 0.34653479 0.34548956
 0.34444451 0.34339963 0.34235494 0.34131042 0.34026609 0.33922193
 0.33817797 0.33713419 0.3360906  0.3350472  0.334004   0.33296099
 0.33191818 0.33087557 0.32983316 0.32879095 0.32774895 0.32670716
 0.32566558 0.32462421 0.32358305 0.32254212 0.3215014  0.32046091
 0.31942064 0.3183806  0.31734078 0.3163012  0.31526186 0.31422275
 0.31318388 0.31214526 0.31110688 0.31006875 0.30903087 0.30799325
 0.30695588 0.30591878 0.30488193 0.30384536 0.30280905 0.30177302
 0.30073726 0.29970179 0.29866659 0.29763168 0.29659707 0.29556274
 0.29452872 0.29349499 0.29246157 0.29142846 0.29039566 0.28936317
 0.28833101 0.28729917 0.28626766 0.28523648 0.28420564 0.28317514
 0.28214498 0.28111518 0.28008573 0.27905664 0.27802791 0.27699956
 0.27597157 0.27494397 0.27391675 0.27288992 0.27186349 0.27083745
 0.26981182 0.26878661 0.26776181 0.26673743 0.26571348 0.26468997
 0.2636669  0.26264427 0.2616221  0.26060039 0.25957914 0.25855837
 0.25753809 0.25651828 0.25549898 0.25448017 0.25346188 0.2524441
 0.25142685 0.25041013 0.24939395 0.24837832 0.24736325 0.24634875
 0.24533482 0.24432148 0.24330873 0.24229658 0.24128505 0.24027414
 0.23926386 0.23825422 0.23724524 0.23623692 0.23522927 0.23422231
 0.23321605 0.23221049 0.23120565 0.23020155 0.22919819 0.22819559
 0.22719376 0.22619272 0.22519247 0.22419303 0.22319442 0.22219665
 0.22119973 0.22020369 0.21920852 0.21821427 0.21722092 0.21622852
 0.21523706 0.21424658 0.21325708 0.21226859 0.21128113 0.21029471
 0.20930935 0.20832508 0.20734191 0.20635987 0.20537898 0.20439926
 0.20342074 0.20244344 0.20146737 0.20049258 0.19951908 0.1985469
 0.19757607 0.19660662 0.19563856 0.19467195 0.19370679 0.19274313
 0.191781   0.19082043 0.18986145 0.18890411 0.18794842 0.18699444
 0.1860422  0.18509174 0.1841431  0.18319631 0.18225144 0.18130851
 0.18036757 0.17942868 0.17849187 0.17755721 0.17662473 0.1756945
 0.17476657 0.173841   0.17291784 0.17199715 0.171079   0.17016346
 0.16925058 0.16834045 0.16743312 0.16652869 0.16562721 0.16472877
 0.16383346 0.16294136 0.16205256 0.16116715 0.16028522 0.15940688
 0.15853222 0.15766136 0.1567944  0.15593147 0.15507267 0.15421814
 0.153368   0.15252239 0.15168145 0.15084533 0.15001418 0.14918815
 0.14836742 0.14755215 0.14674254 0.14593876 0.14514101 0.14434951
 0.14356446 0.1427861  0.14201466 0.14125039 0.14049356 0.13974443
 0.13900329 0.13827045 0.13754622 0.13683094 0.13612496 0.13542865
 0.13474241 0.13406664 0.13340179 0.13274832 0.1321067  0.13147748
 0.13086118 0.13025839 0.12966974 0.12909588 0.12853751 0.12799538
 0.12747029 0.12696308 0.12647467 0.12600603 0.12555821 0.12513233
 0.1247296  0.12435133 0.12399892 0.12367389 0.12337789 0.1231127
 0.12288027 0.12268272 0.12252235 0.1224017  0.12232354 0.12229093
 0.12230724 0.1223762  0.12250194 0.12268908 0.12294276 0.12326877
 0.12367361 0.12416463 0.1247502  0.12543986 0.12624458 0.12717702
 0.12825189 0.12948641 0.13090088 0.13251943]
t =  [1.03461515e+09 1.03461516e+09 1.03461517e+09 1.03461518e+09
 1.03461520e+09 1.03461521e+09 1.03461522e+09 1.03461524e+09
 1.03461525e+09 1.03461526e+09 1.03461527e+09 1.03461529e+09
 1.03461530e+09 1.03461531e+09 1.03461532e+09 1.03461534e+09
 1.03461535e+09 1.03461536e+09 1.03461538e+09 1.03461539e+09
 1.03461540e+09 1.03461541e+09 1.03461543e+09 1.03461544e+09
 1.03461545e+09 1.03461547e+09 1.03461548e+09 1.03461549e+09
 1.03461550e+09 1.03461552e+09 1.03461553e+09 1.03461554e+09
 1.03461556e+09 1.03461557e+09 1.03461558e+09 1.03461559e+09
 1.03461561e+09 1.03461562e+09 1.03461563e+09 1.03461565e+09
 1.03461566e+09 1.03461567e+09 1.03461568e+09 1.03461570e+09
 1.03461571e+09 1.03461572e+09 1.03461574e+09 1.03461575e+09
 1.03461576e+09 1.03461577e+09 1.03461579e+09 1.03461580e+09
 1.03461581e+09 1.03461583e+09 1.03461584e+09 1.03461585e+09
 1.03461586e+09 1.03461588e+09 1.03461589e+09 1.03461590e+09
 1.03461592e+09 1.03461593e+09 1.03461594e+09 1.03461595e+09
 1.03461597e+09 1.03461598e+09 1.03461599e+09 1.03461601e+09
 1.03461602e+09 1.03461603e+09 1.03461604e+09 1.03461606e+09
 1.03461607e+09 1.03461608e+09 1.03461610e+09 1.03461611e+09
 1.03461612e+09 1.03461613e+09 1.03461615e+09 1.03461616e+09
 1.03461617e+09 1.03461619e+09 1.03461620e+09 1.03461621e+09
 1.03461622e+09 1.03461624e+09 1.03461625e+09 1.03461626e+09
 1.03461627e+09 1.03461629e+09 1.03461630e+09 1.03461631e+09
 1.03461633e+09 1.03461634e+09 1.03461635e+09 1.03461636e+09
 1.03461638e+09 1.03461639e+09 1.03461640e+09 1.03461642e+09
 1.03461643e+09 1.03461644e+09 1.03461645e+09 1.03461647e+09
 1.03461648e+09 1.03461649e+09 1.03461651e+09 1.03461652e+09
 1.03461653e+09 1.03461654e+09 1.03461656e+09 1.03461657e+09
 1.03461658e+09 1.03461660e+09 1.03461661e+09 1.03461662e+09
 1.03461663e+09 1.03461665e+09 1.03461666e+09 1.03461667e+09
 1.03461669e+09 1.03461670e+09 1.03461671e+09 1.03461672e+09
 1.03461674e+09 1.03461675e+09 1.03461676e+09 1.03461678e+09
 1.03461679e+09 1.03461680e+09 1.03461681e+09 1.03461683e+09
 1.03461684e+09 1.03461685e+09 1.03461687e+09 1.03461688e+09
 1.03461689e+09 1.03461690e+09 1.03461692e+09 1.03461693e+09
 1.03461694e+09 1.03461696e+09 1.03461697e+09 1.03461698e+09
 1.03461699e+09 1.03461701e+09 1.03461702e+09 1.03461703e+09
 1.03461705e+09 1.03461706e+09 1.03461707e+09 1.03461708e+09
 1.03461710e+09 1.03461711e+09 1.03461712e+09 1.03461714e+09
 1.03461715e+09 1.03461716e+09 1.03461717e+09 1.03461719e+09
 1.03461720e+09 1.03461721e+09 1.03461722e+09 1.03461724e+09
 1.03461725e+09 1.03461726e+09 1.03461728e+09 1.03461729e+09
 1.03461730e+09 1.03461731e+09 1.03461733e+09 1.03461734e+09
 1.03461735e+09 1.03461737e+09 1.03461738e+09 1.03461739e+09
 1.03461740e+09 1.03461742e+09 1.03461743e+09 1.03461744e+09
 1.03461746e+09 1.03461747e+09 1.03461748e+09 1.03461749e+09
 1.03461751e+09 1.03461752e+09 1.03461753e+09 1.03461755e+09
 1.03461756e+09 1.03461757e+09 1.03461758e+09 1.03461760e+09
 1.03461761e+09 1.03461762e+09 1.03461764e+09 1.03461765e+09
 1.03461766e+09 1.03461767e+09 1.03461769e+09 1.03461770e+09
 1.03461771e+09 1.03461773e+09 1.03461774e+09 1.03461775e+09
 1.03461776e+09 1.03461778e+09 1.03461779e+09 1.03461780e+09
 1.03461782e+09 1.03461783e+09 1.03461784e+09 1.03461785e+09
 1.03461787e+09 1.03461788e+09 1.03461789e+09 1.03461791e+09
 1.03461792e+09 1.03461793e+09 1.03461794e+09 1.03461796e+09
 1.03461797e+09 1.03461798e+09 1.03461800e+09 1.03461801e+09
 1.03461802e+09 1.03461803e+09 1.03461805e+09 1.03461806e+09
 1.03461807e+09 1.03461809e+09 1.03461810e+09 1.03461811e+09
 1.03461812e+09 1.03461814e+09 1.03461815e+09 1.03461816e+09
 1.03461817e+09 1.03461819e+09 1.03461820e+09 1.03461821e+09
 1.03461823e+09 1.03461824e+09 1.03461825e+09 1.03461826e+09
 1.03461828e+09 1.03461829e+09 1.03461830e+09 1.03461832e+09
 1.03461833e+09 1.03461834e+09 1.03461835e+09 1.03461837e+09
 1.03461838e+09 1.03461839e+09 1.03461841e+09 1.03461842e+09
 1.03461843e+09 1.03461844e+09 1.03461846e+09 1.03461847e+09
 1.03461848e+09 1.03461850e+09 1.03461851e+09 1.03461852e+09
 1.03461853e+09 1.03461855e+09 1.03461856e+09 1.03461857e+09
 1.03461859e+09 1.03461860e+09 1.03461861e+09 1.03461862e+09
 1.03461864e+09 1.03461865e+09 1.03461866e+09 1.03461868e+09
 1.03461869e+09 1.03461870e+09 1.03461871e+09 1.03461873e+09
 1.03461874e+09 1.03461875e+09 1.03461877e+09 1.03461878e+09
 1.03461879e+09 1.03461880e+09 1.03461882e+09 1.03461883e+09
 1.03461884e+09 1.03461886e+09 1.03461887e+09 1.03461888e+09
 1.03461889e+09 1.03461891e+09 1.03461892e+09 1.03461893e+09
 1.03461895e+09 1.03461896e+09 1.03461897e+09 1.03461898e+09
 1.03461900e+09 1.03461901e+09 1.03461902e+09 1.03461904e+09
 1.03461905e+09 1.03461906e+09 1.03461907e+09 1.03461909e+09
 1.03461910e+09 1.03461911e+09 1.03461912e+09 1.03461914e+09
 1.03461915e+09 1.03461916e+09 1.03461918e+09 1.03461919e+09
 1.03461920e+09 1.03461921e+09 1.03461923e+09 1.03461924e+09
 1.03461925e+09 1.03461927e+09 1.03461928e+09 1.03461929e+09
 1.03461930e+09 1.03461932e+09 1.03461933e+09 1.03461934e+09
 1.03461936e+09 1.03461937e+09 1.03461938e+09 1.03461939e+09
 1.03461941e+09 1.03461942e+09 1.03461943e+09 1.03461945e+09
 1.03461946e+09 1.03461947e+09 1.03461948e+09 1.03461950e+09
 1.03461951e+09 1.03461952e+09 1.03461954e+09 1.03461955e+09
 1.03461956e+09 1.03461957e+09 1.03461959e+09 1.03461960e+09
 1.03461961e+09 1.03461963e+09 1.03461964e+09 1.03461965e+09
 1.03461966e+09 1.03461968e+09 1.03461969e+09 1.03461970e+09
 1.03461972e+09 1.03461973e+09 1.03461974e+09 1.03461975e+09
 1.03461977e+09 1.03461978e+09 1.03461979e+09 1.03461981e+09
 1.03461982e+09 1.03461983e+09 1.03461984e+09 1.03461986e+09
 1.03461987e+09 1.03461988e+09 1.03461990e+09 1.03461991e+09
 1.03461992e+09 1.03461993e+09 1.03461995e+09 1.03461996e+09
 1.03461997e+09 1.03461999e+09 1.03462000e+09 1.03462001e+09
 1.03462002e+09 1.03462004e+09 1.03462005e+09 1.03462006e+09
 1.03462007e+09 1.03462009e+09 1.03462010e+09 1.03462011e+09
 1.03462013e+09 1.03462014e+09 1.03462015e+09 1.03462016e+09
 1.03462018e+09 1.03462019e+09 1.03462020e+09 1.03462022e+09
 1.03462023e+09 1.03462024e+09 1.03462025e+09 1.03462027e+09
 1.03462028e+09 1.03462029e+09 1.03462031e+09 1.03462032e+09
 1.03462033e+09 1.03462034e+09 1.03462036e+09 1.03462037e+09
 1.03462038e+09 1.03462040e+09 1.03462041e+09 1.03462042e+09
 1.03462043e+09 1.03462045e+09 1.03462046e+09 1.03462047e+09
 1.03462049e+09 1.03462050e+09 1.03462051e+09 1.03462052e+09
 1.03462054e+09 1.03462055e+09 1.03462056e+09 1.03462058e+09
 1.03462059e+09 1.03462060e+09 1.03462061e+09 1.03462063e+09
 1.03462064e+09 1.03462065e+09 1.03462067e+09 1.03462068e+09
 1.03462069e+09 1.03462070e+09 1.03462072e+09 1.03462073e+09
 1.03462074e+09 1.03462076e+09 1.03462077e+09 1.03462078e+09
 1.03462079e+09 1.03462081e+09 1.03462082e+09 1.03462083e+09
 1.03462085e+09 1.03462086e+09 1.03462087e+09 1.03462088e+09
 1.03462090e+09 1.03462091e+09 1.03462092e+09 1.03462094e+09
 1.03462095e+09 1.03462096e+09 1.03462097e+09 1.03462099e+09
 1.03462100e+09 1.03462101e+09 1.03462102e+09 1.03462104e+09
 1.03462105e+09 1.03462106e+09 1.03462108e+09 1.03462109e+09
 1.03462110e+09 1.03462111e+09 1.03462113e+09 1.03462114e+09
 1.03462115e+09 1.03462117e+09 1.03462118e+09 1.03462119e+09
 1.03462120e+09 1.03462122e+09 1.03462123e+09 1.03462124e+09
 1.03462126e+09 1.03462127e+09 1.03462128e+09 1.03462129e+09
 1.03462131e+09 1.03462132e+09 1.03462133e+09 1.03462135e+09
 1.03462136e+09 1.03462137e+09 1.03462138e+09 1.03462140e+09
 1.03462141e+09 1.03462142e+09 1.03462144e+09 1.03462145e+09
 1.03462146e+09 1.03462147e+09 1.03462149e+09 1.03462150e+09
 1.03462151e+09 1.03462153e+09 1.03462154e+09 1.03462155e+09
 1.03462156e+09 1.03462158e+09 1.03462159e+09 1.03462160e+09
 1.03462162e+09 1.03462163e+09 1.03462164e+09 1.03462165e+09
 1.03462167e+09 1.03462168e+09 1.03462169e+09 1.03462171e+09
 1.03462172e+09 1.03462173e+09 1.03462174e+09 1.03462176e+09
 1.03462177e+09 1.03462178e+09 1.03462180e+09 1.03462181e+09
 1.03462182e+09 1.03462183e+09 1.03462185e+09 1.03462186e+09
 1.03462187e+09 1.03462189e+09 1.03462190e+09 1.03462191e+09
 1.03462192e+09 1.03462194e+09 1.03462195e+09 1.03462196e+09
 1.03462197e+09 1.03462199e+09 1.03462200e+09 1.03462201e+09
 1.03462203e+09 1.03462204e+09 1.03462205e+09 1.03462206e+09
 1.03462208e+09 1.03462209e+09 1.03462210e+09 1.03462212e+09
 1.03462213e+09 1.03462214e+09 1.03462215e+09 1.03462217e+09
 1.03462218e+09 1.03462219e+09 1.03462221e+09 1.03462222e+09
 1.03462223e+09 1.03462224e+09 1.03462226e+09 1.03462227e+09
 1.03462228e+09 1.03462230e+09 1.03462231e+09 1.03462232e+09
 1.03462233e+09 1.03462235e+09 1.03462236e+09 1.03462237e+09
 1.03462239e+09 1.03462240e+09 1.03462241e+09 1.03462242e+09
 1.03462244e+09 1.03462245e+09 1.03462246e+09 1.03462248e+09
 1.03462249e+09 1.03462250e+09 1.03462251e+09 1.03462253e+09
 1.03462254e+09 1.03462255e+09 1.03462257e+09 1.03462258e+09
 1.03462259e+09 1.03462260e+09 1.03462262e+09 1.03462263e+09
 1.03462264e+09 1.03462266e+09 1.03462267e+09 1.03462268e+09
 1.03462269e+09 1.03462271e+09 1.03462272e+09 1.03462273e+09
 1.03462275e+09 1.03462276e+09 1.03462277e+09 1.03462278e+09
 1.03462280e+09 1.03462281e+09 1.03462282e+09 1.03462284e+09
 1.03462285e+09 1.03462286e+09 1.03462287e+09 1.03462289e+09
 1.03462290e+09 1.03462291e+09 1.03462292e+09 1.03462294e+09
 1.03462295e+09 1.03462296e+09 1.03462298e+09 1.03462299e+09
 1.03462300e+09 1.03462301e+09 1.03462303e+09 1.03462304e+09
 1.03462305e+09 1.03462307e+09 1.03462308e+09 1.03462309e+09
 1.03462310e+09 1.03462312e+09 1.03462313e+09 1.03462314e+09
 1.03462316e+09 1.03462317e+09 1.03462318e+09 1.03462319e+09
 1.03462321e+09 1.03462322e+09 1.03462323e+09 1.03462325e+09
 1.03462326e+09 1.03462327e+09 1.03462328e+09 1.03462330e+09
 1.03462331e+09 1.03462332e+09 1.03462334e+09 1.03462335e+09
 1.03462336e+09 1.03462337e+09 1.03462339e+09 1.03462340e+09
 1.03462341e+09 1.03462343e+09 1.03462344e+09 1.03462345e+09
 1.03462346e+09 1.03462348e+09 1.03462349e+09 1.03462350e+09
 1.03462352e+09 1.03462353e+09 1.03462354e+09 1.03462355e+09
 1.03462357e+09 1.03462358e+09 1.03462359e+09 1.03462361e+09
 1.03462362e+09 1.03462363e+09 1.03462364e+09 1.03462366e+09
 1.03462367e+09 1.03462368e+09 1.03462370e+09 1.03462371e+09
 1.03462372e+09 1.03462373e+09 1.03462375e+09 1.03462376e+09
 1.03462377e+09 1.03462379e+09 1.03462380e+09 1.03462381e+09
 1.03462382e+09 1.03462384e+09 1.03462385e+09 1.03462386e+09
 1.03462387e+09 1.03462389e+09 1.03462390e+09 1.03462391e+09
 1.03462393e+09 1.03462394e+09 1.03462395e+09 1.03462396e+09
 1.03462398e+09 1.03462399e+09 1.03462400e+09 1.03462402e+09
 1.03462403e+09 1.03462404e+09 1.03462405e+09 1.03462407e+09
 1.03462408e+09 1.03462409e+09 1.03462411e+09 1.03462412e+09
 1.03462413e+09 1.03462414e+09 1.03462416e+09 1.03462417e+09
 1.03462418e+09 1.03462420e+09 1.03462421e+09 1.03462422e+09
 1.03462423e+09 1.03462425e+09 1.03462426e+09 1.03462427e+09
 1.03462429e+09 1.03462430e+09 1.03462431e+09 1.03462432e+09
 1.03462434e+09 1.03462435e+09 1.03462436e+09 1.03462438e+09
 1.03462439e+09 1.03462440e+09 1.03462441e+09 1.03462443e+09
 1.03462444e+09 1.03462445e+09 1.03462447e+09 1.03462448e+09
 1.03462449e+09 1.03462450e+09 1.03462452e+09 1.03462453e+09
 1.03462454e+09 1.03462456e+09 1.03462457e+09 1.03462458e+09
 1.03462459e+09 1.03462461e+09 1.03462462e+09 1.03462463e+09
 1.03462465e+09 1.03462466e+09 1.03462467e+09 1.03462468e+09
 1.03462470e+09 1.03462471e+09 1.03462472e+09 1.03462474e+09
 1.03462475e+09 1.03462476e+09 1.03462477e+09 1.03462479e+09
 1.03462480e+09 1.03462481e+09 1.03462482e+09 1.03462484e+09
 1.03462485e+09 1.03462486e+09 1.03462488e+09 1.03462489e+09
 1.03462490e+09 1.03462491e+09 1.03462493e+09 1.03462494e+09
 1.03462495e+09 1.03462497e+09 1.03462498e+09 1.03462499e+09
 1.03462500e+09 1.03462502e+09 1.03462503e+09 1.03462504e+09
 1.03462506e+09 1.03462507e+09 1.03462508e+09 1.03462509e+09
 1.03462511e+09 1.03462512e+09 1.03462513e+09 1.03462515e+09
 1.03462516e+09 1.03462517e+09 1.03462518e+09 1.03462520e+09
 1.03462521e+09 1.03462522e+09 1.03462524e+09 1.03462525e+09
 1.03462526e+09 1.03462527e+09 1.03462529e+09 1.03462530e+09
 1.03462531e+09 1.03462533e+09 1.03462534e+09 1.03462535e+09
 1.03462536e+09 1.03462538e+09 1.03462539e+09 1.03462540e+09
 1.03462542e+09 1.03462543e+09 1.03462544e+09 1.03462545e+09
 1.03462547e+09 1.03462548e+09 1.03462549e+09 1.03462551e+09
 1.03462552e+09 1.03462553e+09 1.03462554e+09 1.03462556e+09
 1.03462557e+09 1.03462558e+09 1.03462560e+09 1.03462561e+09
 1.03462562e+09 1.03462563e+09 1.03462565e+09 1.03462566e+09
 1.03462567e+09 1.03462569e+09 1.03462570e+09 1.03462571e+09
 1.03462572e+09 1.03462574e+09 1.03462575e+09 1.03462576e+09
 1.03462577e+09 1.03462579e+09 1.03462580e+09 1.03462581e+09
 1.03462583e+09 1.03462584e+09 1.03462585e+09 1.03462586e+09
 1.03462588e+09 1.03462589e+09 1.03462590e+09 1.03462592e+09
 1.03462593e+09 1.03462594e+09 1.03462595e+09 1.03462597e+09
 1.03462598e+09 1.03462599e+09 1.03462601e+09 1.03462602e+09
 1.03462603e+09 1.03462604e+09 1.03462606e+09 1.03462607e+09
 1.03462608e+09 1.03462610e+09 1.03462611e+09 1.03462612e+09
 1.03462613e+09 1.03462615e+09 1.03462616e+09 1.03462617e+09
 1.03462619e+09 1.03462620e+09 1.03462621e+09 1.03462622e+09
 1.03462624e+09 1.03462625e+09 1.03462626e+09 1.03462628e+09
 1.03462629e+09 1.03462630e+09 1.03462631e+09 1.03462633e+09
 1.03462634e+09 1.03462635e+09 1.03462637e+09 1.03462638e+09
 1.03462639e+09 1.03462640e+09 1.03462642e+09 1.03462643e+09
 1.03462644e+09 1.03462646e+09 1.03462647e+09 1.03462648e+09
 1.03462649e+09 1.03462651e+09 1.03462652e+09 1.03462653e+09
 1.03462655e+09 1.03462656e+09 1.03462657e+09 1.03462658e+09
 1.03462660e+09 1.03462661e+09 1.03462662e+09 1.03462664e+09
 1.03462665e+09 1.03462666e+09 1.03462667e+09 1.03462669e+09
 1.03462670e+09 1.03462671e+09 1.03462672e+09 1.03462674e+09
 1.03462675e+09 1.03462676e+09 1.03462678e+09 1.03462679e+09
 1.03462680e+09 1.03462681e+09 1.03462683e+09 1.03462684e+09
 1.03462685e+09 1.03462687e+09 1.03462688e+09 1.03462689e+09
 1.03462690e+09 1.03462692e+09 1.03462693e+09 1.03462694e+09
 1.03462696e+09 1.03462697e+09 1.03462698e+09 1.03462699e+09
 1.03462701e+09 1.03462702e+09 1.03462703e+09 1.03462705e+09
 1.03462706e+09 1.03462707e+09 1.03462708e+09 1.03462710e+09
 1.03462711e+09 1.03462712e+09 1.03462714e+09 1.03462715e+09
 1.03462716e+09 1.03462717e+09 1.03462719e+09 1.03462720e+09
 1.03462721e+09 1.03462723e+09 1.03462724e+09 1.03462725e+09
 1.03462726e+09 1.03462728e+09 1.03462729e+09 1.03462730e+09
 1.03462732e+09 1.03462733e+09 1.03462734e+09 1.03462735e+09
 1.03462737e+09 1.03462738e+09 1.03462739e+09 1.03462741e+09
 1.03462742e+09 1.03462743e+09 1.03462744e+09 1.03462746e+09
 1.03462747e+09 1.03462748e+09 1.03462750e+09 1.03462751e+09
 1.03462752e+09 1.03462753e+09 1.03462755e+09 1.03462756e+09
 1.03462757e+09 1.03462759e+09 1.03462760e+09 1.03462761e+09
 1.03462762e+09 1.03462764e+09 1.03462765e+09 1.03462766e+09
 1.03462767e+09 1.03462769e+09 1.03462770e+09 1.03462771e+09
 1.03462773e+09 1.03462774e+09 1.03462775e+09 1.03462776e+09
 1.03462778e+09 1.03462779e+09 1.03462780e+09 1.03462782e+09
 1.03462783e+09 1.03462784e+09 1.03462785e+09 1.03462787e+09
 1.03462788e+09 1.03462789e+09 1.03462791e+09 1.03462792e+09
 1.03462793e+09 1.03462794e+09 1.03462796e+09 1.03462797e+09]
minRes = 0.12229092943266
minResTime =  [1.03462776e+09]
