name =JUICE_ROI_CAL_4_2_04
flyby =  ['2032 NOV 16 05:53:16', '2032 NOV 17 05:53:16']
Observation TW =  <SpiceCell dtype = 1, length = 0, size = 3000, card = 10, is_set = 1, adjust = 0, init = 1, base = 2554764793136, data = 2554764793184>
Res(t) =  [1.58993589 1.5885616  1.58718732 1.58581307 1.58443885 1.58306465
 1.58169047 1.58031632 1.57894219 1.57756808 1.576194   1.57481994
 1.57344591 1.57207189 1.57069791 1.56932394 1.56795    1.56657609
 1.5652022  1.56382833 1.56245449 1.56108067 1.55970687 1.5583331
 1.55695935 1.55558562 1.55421192 1.55283825 1.5514646  1.55009097
 1.54871736 1.54734378 1.54597023 1.54459669 1.54322319 1.5418497
 1.54047624 1.53910281 1.53772939 1.53635601 1.53498264 1.5336093
 1.53223599 1.5308627  1.52948943 1.52811619 1.52674297 1.52536977
 1.5239966  1.52262346 1.52125034 1.51987724 1.51850417 1.51713112
 1.51575809 1.51438509 1.51301212 1.51163917 1.51026624 1.50889334
 1.50752046 1.50614761 1.50477478 1.50340197 1.50202919 1.50065644
 1.4992837  1.497911   1.49653831 1.49516566 1.49379302 1.49242041
 1.49104783 1.48967527 1.48830274 1.48693023 1.48555774 1.48418528
 1.48281284 1.48144043 1.48006805 1.47869568 1.47732335 1.47595103
 1.47457875 1.47320648 1.47183424 1.47046203 1.46908984 1.46771768
 1.46634554 1.46497343 1.46360134 1.46222927 1.46085724 1.45948522
 1.45811323 1.45674127 1.45536933 1.45399742 1.45262553 1.45125366
 1.44988183 1.44851001 1.44713822 1.44576646 1.44439472 1.44302301
 1.44165132 1.44027966 1.43890803 1.43753641 1.43616483 1.43479327
 1.43342173 1.43205022 1.43067874 1.42930728 1.42793584 1.42656444
 1.42519305 1.4238217  1.42245036 1.42107906 1.41970778 1.41833652
 1.41696529 1.41559409 1.41422291 1.41285176 1.41148063 1.41010953
 1.40873846 1.40736741 1.40599639 1.40462539 1.40325442 1.40188347
 1.40051255 1.39914166 1.39777079 1.39639995 1.39502913 1.39365834
 1.39228758 1.39091684 1.38954613 1.38817544 1.38680479 1.38543415
 1.38406355 1.38269296 1.38132241 1.37995188 1.37858138 1.37721091
 1.37584046 1.37447004 1.37309964 1.37172927 1.37035893 1.36898861
 1.36761832 1.36624806 1.36487782 1.36350761 1.36213743 1.36076727
 1.35939714 1.35802704 1.35665696 1.35528691 1.35391689 1.3525469
 1.35117693 1.34980698 1.34843707 1.34706718 1.34569732 1.34432749
 1.34295768 1.3415879  1.34021815 1.33884843 1.33747873 1.33610906
 1.33473941 1.3333698  1.33200021 1.33063065 1.32926112 1.32789161
 1.32652213 1.32515268 1.32378326 1.32241386 1.32104449 1.31967515
 1.31830584 1.31693656 1.3155673  1.31419807 1.31282887 1.3114597
 1.31009055 1.30872143 1.30735235 1.30598328 1.30461425 1.30324525
 1.30187627 1.30050732 1.2991384  1.29776951 1.29640064 1.29503181
 1.293663   1.29229422 1.29092547 1.28955675 1.28818806 1.2868194
 1.28545076 1.28408215 1.28271358 1.28134503 1.27997651 1.27860802
 1.27723955 1.27587112 1.27450272 1.27313434 1.27176599 1.27039768
 1.26902939 1.26766113 1.2662929  1.2649247  1.26355653 1.26218839
 1.26082028 1.25945219 1.25808414 1.25671612 1.25534813 1.25398016
 1.25261223 1.25124432 1.24987645 1.2485086  1.24714079 1.24577301
 1.24440525 1.24303753 1.24166983 1.24030217 1.23893454 1.23756693
 1.23619936 1.23483182 1.23346431 1.23209682 1.23072937 1.22936195
 1.22799456 1.2266272  1.22525988 1.22389258 1.22252531 1.22115808
 1.21979087 1.2184237  1.21705656 1.21568945 1.21432237 1.21295532
 1.2115883  1.21022132 1.20885436 1.20748744 1.20612055 1.20475369
 1.20338686 1.20202007 1.2006533  1.19928657 1.19791987 1.1965532
 1.19518657 1.19381996 1.19245339 1.19108685 1.18972035 1.18835387
 1.18698743 1.18562102 1.18425464 1.1828883  1.18152199 1.18015571
 1.17878947 1.17742325 1.17605707 1.17469093 1.17332481 1.17195873
 1.17059269 1.16922667 1.16786069 1.16649475 1.16512883 1.16376295
 1.16239711 1.1610313  1.15966552 1.15829978 1.15693407 1.15556839
 1.15420275 1.15283714 1.15147157 1.15010603 1.14874053 1.14737506
 1.14600962 1.14464422 1.14327886 1.14191353 1.14054823 1.13918297
 1.13781774 1.13645255 1.1350874  1.13372228 1.1323572  1.13099215
 1.12962714 1.12826216 1.12689722 1.12553231 1.12416744 1.12280261
 1.12143781 1.12007305 1.11870833 1.11734364 1.11597899 1.11461437
 1.1132498  1.11188525 1.11052075 1.10915628 1.10779185 1.10642746
 1.1050631  1.10369878 1.1023345  1.10097026 1.09960605 1.09824188
 1.09687775 1.09551366 1.09414961 1.09278559 1.09142161 1.09005767
 1.08869377 1.08732991 1.08596608 1.0846023  1.08323855 1.08187485
 1.08051118 1.07914755 1.07778396 1.07642041 1.0750569  1.07369343
 1.07232999 1.0709666  1.06960325 1.06823994 1.06687667 1.06551344
 1.06415025 1.0627871  1.06142399 1.06006092 1.05869789 1.05733491
 1.05597196 1.05460906 1.05324619 1.05188337 1.05052059 1.04915785
 1.04779516 1.0464325  1.04506989 1.04370732 1.0423448  1.04098231
 1.03961987 1.03825747 1.03689511 1.0355328  1.03417053 1.0328083
 1.03144612 1.03008398 1.02872188 1.02735983 1.02599782 1.02463586
 1.02327394 1.02191206 1.02055023 1.01918845 1.01782671 1.01646501
 1.01510336 1.01374176 1.0123802  1.01101868 1.00965721 1.00829579
 1.00693441 1.00557308 1.0042118  1.00285056 1.00148937 1.00012823
 0.99876713 0.99740608 0.99604508 0.99468412 0.99332321 0.99196235
 0.99060154 0.98924078 0.98788007 0.9865194  0.98515878 0.98379821
 0.98243769 0.98107722 0.9797168  0.97835643 0.97699611 0.97563583
 0.97427561 0.97291544 0.97155532 0.97019525 0.96883523 0.96747526
 0.96611534 0.96475548 0.96339566 0.9620359  0.96067619 0.95931653
 0.95795693 0.95659737 0.95523787 0.95387842 0.95251903 0.95115969
 0.9498004  0.94844117 0.94708199 0.94572286 0.94436379 0.94300477
 0.94164581 0.9402869  0.93892805 0.93756926 0.93621052 0.93485183
 0.93349321 0.93213463 0.93077612 0.92941766 0.92805926 0.92670092
 0.92534263 0.9239844  0.92262623 0.92126812 0.91991007 0.91855207
 0.91719414 0.91583626 0.91447844 0.91312069 0.91176299 0.91040535
 0.90904778 0.90769026 0.90633281 0.90497541 0.90361808 0.90226081
 0.90090361 0.89954646 0.89818938 0.89683236 0.8954754  0.89411851
 0.89276168 0.89140492 0.89004821 0.88869158 0.88733501 0.8859785
 0.88462206 0.88326569 0.88190938 0.88055313 0.87919696 0.87784085
 0.87648481 0.87512884 0.87377293 0.87241709 0.87106132 0.86970562
 0.86834999 0.86699443 0.86563894 0.86428352 0.86292817 0.86157289
 0.86021768 0.85886254 0.85750748 0.85615248 0.85479756 0.85344272
 0.85208794 0.85073324 0.84937861 0.84802406 0.84666958 0.84531518
 0.84396085 0.8426066  0.84125243 0.83989833 0.83854431 0.83719036
 0.8358365  0.83448271 0.833129   0.83177537 0.83042182 0.82906835
 0.82771496 0.82636165 0.82500842 0.82365527 0.8223022  0.82094922
 0.81959632 0.8182435  0.81689076 0.81553811 0.81418555 0.81283306
 0.81148067 0.81012836 0.80877613 0.807424   0.80607195 0.80471998
 0.80336811 0.80201633 0.80066463 0.79931302 0.79796151 0.79661008
 0.79525875 0.7939075  0.79255635 0.79120529 0.78985433 0.78850346
 0.78715268 0.78580199 0.78445141 0.78310092 0.78175052 0.78040022
 0.77905002 0.77769992 0.77634991 0.77500001 0.7736502  0.7723005
 0.77095089 0.76960139 0.76825199 0.76690269 0.7655535  0.76420441
 0.76285542 0.76150654 0.76015776 0.75880909 0.75746053 0.75611208
 0.75476373 0.7534155  0.75206737 0.75071935 0.74937144 0.74802365
 0.74667597 0.7453284  0.74398094 0.7426336  0.74128638 0.73993927
 0.73968267 0.73833651 0.73699047 0.73564455 0.73429876 0.73295309
 0.73160755 0.73026213 0.72891684 0.72757167 0.72622664 0.72488173
 0.72353695 0.72219231 0.72084779 0.71950341 0.71815916 0.71681505
 0.71547107 0.71412723 0.71278352 0.71143995 0.71009652 0.70875323
 0.70741008 0.70606708 0.70472421 0.70338149 0.70203891 0.70069648
 0.69935419 0.69801206 0.69667007 0.69532823 0.69398654 0.692645
 0.69130361 0.68996238 0.6886213  0.68728038 0.68593962 0.68459901
 0.68325857 0.68191828 0.68057816 0.6792382  0.6778984  0.67655876
 0.6752193  0.67388    0.67254087 0.67120191 0.66986312 0.6685245
 0.66718606 0.66584779 0.6645097  0.66317178 0.66183405 0.66049649
 0.65915912 0.65782193 0.65648492 0.6551481  0.65381146 0.65247502
 0.65113876 0.6498027  0.64846683 0.64713115 0.64579567 0.64446039
 0.64312531 0.64179043 0.64045574 0.63912127 0.637787   0.63645293
 0.63511907 0.63378543 0.632452   0.63111878 0.62978577 0.62845298
 0.62712041 0.62578807 0.62445594 0.62312404 0.62179236 0.62046092
 0.6191297  0.61779872 0.61646796 0.61513745 0.61380717 0.61247713
 0.61114733 0.60981778 0.60848847 0.60715941 0.6058306  0.60450204
 0.60317374 0.60184569 0.6005179  0.59919038 0.59786311 0.59653611
 0.59520938 0.59388292 0.59255673 0.59123082 0.58990518 0.58857982
 0.58725475 0.58592996 0.58460545 0.58328124 0.58195732 0.5806337
 0.57931037 0.57798734 0.57666462 0.5753422  0.57402009 0.5726983
 0.57137682 0.57005565 0.56873481 0.56741429 0.5660941  0.56477423
 0.5634547  0.56213551 0.56081666 0.55949814 0.55817998 0.55686216
 0.55554469 0.55422759 0.55291084 0.55159445 0.55027843 0.54896278
 0.5476475  0.5463326  0.54501809 0.54370395 0.54239021 0.54107686
 0.5397639  0.53845135 0.5371392  0.53582746 0.53451613 0.53320522
 0.53189474 0.53058467 0.52927504 0.52796585 0.52665709 0.52534878
 0.52404091 0.5227335  0.52142655 0.52012006 0.51881404 0.51750849
 0.51620342 0.51489884 0.51359474 0.51229114 0.51098804 0.50968544
 0.50838335 0.50708178 0.50578073 0.50448021 0.50318022 0.50188077
 0.50058187 0.49928351 0.49798572 0.49668849 0.49539184 0.49409576
 0.49280026 0.49150536 0.49021105 0.48891735 0.48762426 0.48633179
 0.48503994 0.48374873 0.48245817 0.48116825 0.47987899 0.47859039
 0.47730247 0.47601522 0.47472867 0.47344282 0.47215767 0.47087324
 0.46958953 0.46830655 0.46702432 0.46574284 0.46446212 0.46318218
 0.46190301 0.46062463 0.45934706 0.4580703  0.45679436 0.45551925
 0.45424499 0.45297158 0.45169904 0.45042737 0.4491566  0.44788672
 0.44661776 0.44534973 0.44408263 0.44281649 0.44155131 0.4402871
 0.43902389 0.43776169 0.4365005  0.43524034 0.43398124 0.43272319
 0.43146623 0.43021036 0.42895559 0.42770195 0.42644946 0.42519812
 0.42394796 0.42269899 0.42145122 0.42020469 0.41895941 0.41771539
 0.41647265 0.41523122 0.41399111 0.41275235 0.41151495 0.41027894
 0.40904433 0.40781116 0.40657943 0.40534919 0.40412044 0.40289322
 0.40166754 0.40044344 0.39922094 0.39800006 0.39678083 0.39556328
 0.39434744 0.39313333 0.39192099 0.39071044 0.38950172 0.38829485
 0.38708988 0.38588682 0.38468572 0.38348661 0.38228952 0.3810945
 0.37990157 0.37871078 0.37752216 0.37633575 0.3751516  0.37396975
 0.37279023 0.3716131  0.37043839 0.36926615 0.36809644 0.36692929
 0.36576476 0.3646029  0.36344377 0.3622874  0.36113387 0.35998322
 0.35883552 0.35769082 0.35654918 0.35541068 0.35427537 0.35314331
 0.35201459 0.35088926 0.3497674  0.34864909 0.3475344  0.34642341
 0.34531621 0.34421287 0.34311348 0.34201813 0.34092691 0.33983992
 0.33875725 0.337679   0.33660528 0.3355362  0.33447186 0.33341237
 0.33235786 0.33130845 0.33026426 0.32922542 0.32819206 0.32716432
 0.32614235 0.3251263  0.32411631 0.32311254 0.32211517 0.32112436
 0.32014028 0.31916313 0.31819308 0.31723034 0.31627511 0.3153276
 0.31438804 0.31345665 0.31253367 0.31161935 0.31071394 0.30981772
 0.30893096 0.30805395 0.307187   0.30633042 0.30548455 0.30464971
 0.30382629 0.30301464 0.30221517 0.30142828 0.3006544  0.29989398
 0.2991475  0.29841544 0.29769833 0.2969967  0.29631113 0.29564222
 0.2949906  0.29435694 0.29374192 0.2931463  0.29257084 0.29201637
 0.29148376 0.29097392 0.29048782 0.2900265  0.28959103 0.28918258
 0.28880238 0.28845173 0.28813202 0.28784474]
t =  [1.03749681e+09 1.03749682e+09 1.03749683e+09 1.03749685e+09
 1.03749686e+09 1.03749687e+09 1.03749689e+09 1.03749690e+09
 1.03749692e+09 1.03749693e+09 1.03749694e+09 1.03749696e+09
 1.03749697e+09 1.03749698e+09 1.03749700e+09 1.03749701e+09
 1.03749703e+09 1.03749704e+09 1.03749705e+09 1.03749707e+09
 1.03749708e+09 1.03749709e+09 1.03749711e+09 1.03749712e+09
 1.03749714e+09 1.03749715e+09 1.03749716e+09 1.03749718e+09
 1.03749719e+09 1.03749720e+09 1.03749722e+09 1.03749723e+09
 1.03749725e+09 1.03749726e+09 1.03749727e+09 1.03749729e+09
 1.03749730e+09 1.03749731e+09 1.03749733e+09 1.03749734e+09
 1.03749736e+09 1.03749737e+09 1.03749738e+09 1.03749740e+09
 1.03749741e+09 1.03749742e+09 1.03749744e+09 1.03749745e+09
 1.03749747e+09 1.03749748e+09 1.03749749e+09 1.03749751e+09
 1.03749752e+09 1.03749753e+09 1.03749755e+09 1.03749756e+09
 1.03749758e+09 1.03749759e+09 1.03749760e+09 1.03749762e+09
 1.03749763e+09 1.03749765e+09 1.03749766e+09 1.03749767e+09
 1.03749769e+09 1.03749770e+09 1.03749771e+09 1.03749773e+09
 1.03749774e+09 1.03749776e+09 1.03749777e+09 1.03749778e+09
 1.03749780e+09 1.03749781e+09 1.03749782e+09 1.03749784e+09
 1.03749785e+09 1.03749787e+09 1.03749788e+09 1.03749789e+09
 1.03749791e+09 1.03749792e+09 1.03749793e+09 1.03749795e+09
 1.03749796e+09 1.03749798e+09 1.03749799e+09 1.03749800e+09
 1.03749802e+09 1.03749803e+09 1.03749804e+09 1.03749806e+09
 1.03749807e+09 1.03749809e+09 1.03749810e+09 1.03749811e+09
 1.03749813e+09 1.03749814e+09 1.03749815e+09 1.03749817e+09
 1.03749818e+09 1.03749820e+09 1.03749821e+09 1.03749822e+09
 1.03749824e+09 1.03749825e+09 1.03749826e+09 1.03749828e+09
 1.03749829e+09 1.03749831e+09 1.03749832e+09 1.03749833e+09
 1.03749835e+09 1.03749836e+09 1.03749837e+09 1.03749839e+09
 1.03749840e+09 1.03749842e+09 1.03749843e+09 1.03749844e+09
 1.03749846e+09 1.03749847e+09 1.03749848e+09 1.03749850e+09
 1.03749851e+09 1.03749853e+09 1.03749854e+09 1.03749855e+09
 1.03749857e+09 1.03749858e+09 1.03749860e+09 1.03749861e+09
 1.03749862e+09 1.03749864e+09 1.03749865e+09 1.03749866e+09
 1.03749868e+09 1.03749869e+09 1.03749871e+09 1.03749872e+09
 1.03749873e+09 1.03749875e+09 1.03749876e+09 1.03749877e+09
 1.03749879e+09 1.03749880e+09 1.03749882e+09 1.03749883e+09
 1.03749884e+09 1.03749886e+09 1.03749887e+09 1.03749888e+09
 1.03749890e+09 1.03749891e+09 1.03749893e+09 1.03749894e+09
 1.03749895e+09 1.03749897e+09 1.03749898e+09 1.03749899e+09
 1.03749901e+09 1.03749902e+09 1.03749904e+09 1.03749905e+09
 1.03749906e+09 1.03749908e+09 1.03749909e+09 1.03749910e+09
 1.03749912e+09 1.03749913e+09 1.03749915e+09 1.03749916e+09
 1.03749917e+09 1.03749919e+09 1.03749920e+09 1.03749921e+09
 1.03749923e+09 1.03749924e+09 1.03749926e+09 1.03749927e+09
 1.03749928e+09 1.03749930e+09 1.03749931e+09 1.03749932e+09
 1.03749934e+09 1.03749935e+09 1.03749937e+09 1.03749938e+09
 1.03749939e+09 1.03749941e+09 1.03749942e+09 1.03749944e+09
 1.03749945e+09 1.03749946e+09 1.03749948e+09 1.03749949e+09
 1.03749950e+09 1.03749952e+09 1.03749953e+09 1.03749955e+09
 1.03749956e+09 1.03749957e+09 1.03749959e+09 1.03749960e+09
 1.03749961e+09 1.03749963e+09 1.03749964e+09 1.03749966e+09
 1.03749967e+09 1.03749968e+09 1.03749970e+09 1.03749971e+09
 1.03749972e+09 1.03749974e+09 1.03749975e+09 1.03749977e+09
 1.03749978e+09 1.03749979e+09 1.03749981e+09 1.03749982e+09
 1.03749983e+09 1.03749985e+09 1.03749986e+09 1.03749988e+09
 1.03749989e+09 1.03749990e+09 1.03749992e+09 1.03749993e+09
 1.03749994e+09 1.03749996e+09 1.03749997e+09 1.03749999e+09
 1.03750000e+09 1.03750001e+09 1.03750003e+09 1.03750004e+09
 1.03750005e+09 1.03750007e+09 1.03750008e+09 1.03750010e+09
 1.03750011e+09 1.03750012e+09 1.03750014e+09 1.03750015e+09
 1.03750016e+09 1.03750018e+09 1.03750019e+09 1.03750021e+09
 1.03750022e+09 1.03750023e+09 1.03750025e+09 1.03750026e+09
 1.03750027e+09 1.03750029e+09 1.03750030e+09 1.03750032e+09
 1.03750033e+09 1.03750034e+09 1.03750036e+09 1.03750037e+09
 1.03750039e+09 1.03750040e+09 1.03750041e+09 1.03750043e+09
 1.03750044e+09 1.03750045e+09 1.03750047e+09 1.03750048e+09
 1.03750050e+09 1.03750051e+09 1.03750052e+09 1.03750054e+09
 1.03750055e+09 1.03750056e+09 1.03750058e+09 1.03750059e+09
 1.03750061e+09 1.03750062e+09 1.03750063e+09 1.03750065e+09
 1.03750066e+09 1.03750067e+09 1.03750069e+09 1.03750070e+09
 1.03750072e+09 1.03750073e+09 1.03750074e+09 1.03750076e+09
 1.03750077e+09 1.03750078e+09 1.03750080e+09 1.03750081e+09
 1.03750083e+09 1.03750084e+09 1.03750085e+09 1.03750087e+09
 1.03750088e+09 1.03750089e+09 1.03750091e+09 1.03750092e+09
 1.03750094e+09 1.03750095e+09 1.03750096e+09 1.03750098e+09
 1.03750099e+09 1.03750100e+09 1.03750102e+09 1.03750103e+09
 1.03750105e+09 1.03750106e+09 1.03750107e+09 1.03750109e+09
 1.03750110e+09 1.03750111e+09 1.03750113e+09 1.03750114e+09
 1.03750116e+09 1.03750117e+09 1.03750118e+09 1.03750120e+09
 1.03750121e+09 1.03750122e+09 1.03750124e+09 1.03750125e+09
 1.03750127e+09 1.03750128e+09 1.03750129e+09 1.03750131e+09
 1.03750132e+09 1.03750134e+09 1.03750135e+09 1.03750136e+09
 1.03750138e+09 1.03750139e+09 1.03750140e+09 1.03750142e+09
 1.03750143e+09 1.03750145e+09 1.03750146e+09 1.03750147e+09
 1.03750149e+09 1.03750150e+09 1.03750151e+09 1.03750153e+09
 1.03750154e+09 1.03750156e+09 1.03750157e+09 1.03750158e+09
 1.03750160e+09 1.03750161e+09 1.03750162e+09 1.03750164e+09
 1.03750165e+09 1.03750167e+09 1.03750168e+09 1.03750169e+09
 1.03750171e+09 1.03750172e+09 1.03750173e+09 1.03750175e+09
 1.03750176e+09 1.03750178e+09 1.03750179e+09 1.03750180e+09
 1.03750182e+09 1.03750183e+09 1.03750184e+09 1.03750186e+09
 1.03750187e+09 1.03750189e+09 1.03750190e+09 1.03750191e+09
 1.03750193e+09 1.03750194e+09 1.03750195e+09 1.03750197e+09
 1.03750198e+09 1.03750200e+09 1.03750201e+09 1.03750202e+09
 1.03750204e+09 1.03750205e+09 1.03750206e+09 1.03750208e+09
 1.03750209e+09 1.03750211e+09 1.03750212e+09 1.03750213e+09
 1.03750215e+09 1.03750216e+09 1.03750218e+09 1.03750219e+09
 1.03750220e+09 1.03750222e+09 1.03750223e+09 1.03750224e+09
 1.03750226e+09 1.03750227e+09 1.03750229e+09 1.03750230e+09
 1.03750231e+09 1.03750233e+09 1.03750234e+09 1.03750235e+09
 1.03750237e+09 1.03750238e+09 1.03750240e+09 1.03750241e+09
 1.03750242e+09 1.03750244e+09 1.03750245e+09 1.03750246e+09
 1.03750248e+09 1.03750249e+09 1.03750251e+09 1.03750252e+09
 1.03750253e+09 1.03750255e+09 1.03750256e+09 1.03750257e+09
 1.03750259e+09 1.03750260e+09 1.03750262e+09 1.03750263e+09
 1.03750264e+09 1.03750266e+09 1.03750267e+09 1.03750268e+09
 1.03750270e+09 1.03750271e+09 1.03750273e+09 1.03750274e+09
 1.03750275e+09 1.03750277e+09 1.03750278e+09 1.03750279e+09
 1.03750281e+09 1.03750282e+09 1.03750284e+09 1.03750285e+09
 1.03750286e+09 1.03750288e+09 1.03750289e+09 1.03750290e+09
 1.03750292e+09 1.03750293e+09 1.03750295e+09 1.03750296e+09
 1.03750297e+09 1.03750299e+09 1.03750300e+09 1.03750301e+09
 1.03750303e+09 1.03750304e+09 1.03750306e+09 1.03750307e+09
 1.03750308e+09 1.03750310e+09 1.03750311e+09 1.03750313e+09
 1.03750314e+09 1.03750315e+09 1.03750317e+09 1.03750318e+09
 1.03750319e+09 1.03750321e+09 1.03750322e+09 1.03750324e+09
 1.03750325e+09 1.03750326e+09 1.03750328e+09 1.03750329e+09
 1.03750330e+09 1.03750332e+09 1.03750333e+09 1.03750335e+09
 1.03750336e+09 1.03750337e+09 1.03750339e+09 1.03750340e+09
 1.03750341e+09 1.03750343e+09 1.03750344e+09 1.03750346e+09
 1.03750347e+09 1.03750348e+09 1.03750350e+09 1.03750351e+09
 1.03750352e+09 1.03750354e+09 1.03750355e+09 1.03750357e+09
 1.03750358e+09 1.03750359e+09 1.03750361e+09 1.03750362e+09
 1.03750363e+09 1.03750365e+09 1.03750366e+09 1.03750368e+09
 1.03750369e+09 1.03750370e+09 1.03750372e+09 1.03750373e+09
 1.03750374e+09 1.03750376e+09 1.03750377e+09 1.03750379e+09
 1.03750380e+09 1.03750381e+09 1.03750383e+09 1.03750384e+09
 1.03750385e+09 1.03750387e+09 1.03750388e+09 1.03750390e+09
 1.03750391e+09 1.03750392e+09 1.03750394e+09 1.03750395e+09
 1.03750396e+09 1.03750398e+09 1.03750399e+09 1.03750401e+09
 1.03750402e+09 1.03750403e+09 1.03750405e+09 1.03750406e+09
 1.03750408e+09 1.03750409e+09 1.03750410e+09 1.03750412e+09
 1.03750413e+09 1.03750414e+09 1.03750416e+09 1.03750417e+09
 1.03750419e+09 1.03750420e+09 1.03750421e+09 1.03750423e+09
 1.03750424e+09 1.03750425e+09 1.03750427e+09 1.03750428e+09
 1.03750430e+09 1.03750431e+09 1.03750432e+09 1.03750434e+09
 1.03750435e+09 1.03750436e+09 1.03750438e+09 1.03750439e+09
 1.03750441e+09 1.03750442e+09 1.03750443e+09 1.03750445e+09
 1.03750446e+09 1.03750447e+09 1.03750449e+09 1.03750450e+09
 1.03750452e+09 1.03750453e+09 1.03750454e+09 1.03750456e+09
 1.03750457e+09 1.03750458e+09 1.03750460e+09 1.03750461e+09
 1.03750463e+09 1.03750464e+09 1.03750465e+09 1.03750467e+09
 1.03750468e+09 1.03750469e+09 1.03750471e+09 1.03750472e+09
 1.03750474e+09 1.03750475e+09 1.03750476e+09 1.03750478e+09
 1.03750479e+09 1.03750480e+09 1.03750482e+09 1.03750483e+09
 1.03750485e+09 1.03750486e+09 1.03750487e+09 1.03750489e+09
 1.03750490e+09 1.03750491e+09 1.03750493e+09 1.03750494e+09
 1.03750496e+09 1.03750497e+09 1.03750498e+09 1.03750500e+09
 1.03750501e+09 1.03750503e+09 1.03750504e+09 1.03750505e+09
 1.03750507e+09 1.03750508e+09 1.03750509e+09 1.03750511e+09
 1.03750512e+09 1.03750514e+09 1.03750515e+09 1.03750516e+09
 1.03750518e+09 1.03750519e+09 1.03750520e+09 1.03750522e+09
 1.03750523e+09 1.03750525e+09 1.03750526e+09 1.03750527e+09
 1.03750529e+09 1.03750530e+09 1.03750531e+09 1.03750533e+09
 1.03750534e+09 1.03750536e+09 1.03750537e+09 1.03750538e+09
 1.03750540e+09 1.03750541e+09 1.03750542e+09 1.03750544e+09
 1.03750545e+09 1.03750547e+09 1.03750548e+09 1.03750549e+09
 1.03750551e+09 1.03750552e+09 1.03750553e+09 1.03750555e+09
 1.03750556e+09 1.03750558e+09 1.03750559e+09 1.03750560e+09
 1.03750562e+09 1.03750563e+09 1.03750564e+09 1.03750566e+09
 1.03750567e+09 1.03750569e+09 1.03750570e+09 1.03750571e+09
 1.03750573e+09 1.03750574e+09 1.03750575e+09 1.03750577e+09
 1.03750578e+09 1.03750580e+09 1.03750581e+09 1.03750582e+09
 1.03750584e+09 1.03750585e+09 1.03750587e+09 1.03750588e+09
 1.03750589e+09 1.03750591e+09 1.03750592e+09 1.03750593e+09
 1.03750595e+09 1.03750596e+09 1.03750598e+09 1.03750599e+09
 1.03750600e+09 1.03750602e+09 1.03750603e+09 1.03750604e+09
 1.03750606e+09 1.03750607e+09 1.03750609e+09 1.03750610e+09
 1.03750611e+09 1.03750613e+09 1.03750614e+09 1.03750615e+09
 1.03750617e+09 1.03750618e+09 1.03750620e+09 1.03750621e+09
 1.03750622e+09 1.03750624e+09 1.03750625e+09 1.03750626e+09
 1.03750628e+09 1.03750629e+09 1.03750631e+09 1.03750632e+09
 1.03750633e+09 1.03750635e+09 1.03750636e+09 1.03750637e+09
 1.03750639e+09 1.03750640e+09 1.03750642e+09 1.03750643e+09
 1.03750644e+09 1.03750646e+09 1.03750647e+09 1.03750648e+09
 1.03750650e+09 1.03750651e+09 1.03750653e+09 1.03750654e+09
 1.03750655e+09 1.03750657e+09 1.03750658e+09 1.03750659e+09
 1.03750661e+09 1.03750662e+09 1.03750664e+09 1.03750665e+09
 1.03750666e+09 1.03750668e+09 1.03750669e+09 1.03750670e+09
 1.03750672e+09 1.03750673e+09 1.03750675e+09 1.03750676e+09
 1.03750677e+09 1.03750679e+09 1.03750680e+09 1.03750682e+09
 1.03750683e+09 1.03750684e+09 1.03750686e+09 1.03750687e+09
 1.03750688e+09 1.03750690e+09 1.03750691e+09 1.03750693e+09
 1.03750694e+09 1.03750695e+09 1.03750697e+09 1.03750698e+09
 1.03750699e+09 1.03750701e+09 1.03750702e+09 1.03750704e+09
 1.03750705e+09 1.03750706e+09 1.03750708e+09 1.03750709e+09
 1.03750710e+09 1.03750712e+09 1.03750713e+09 1.03750715e+09
 1.03750716e+09 1.03750717e+09 1.03750719e+09 1.03750720e+09
 1.03750721e+09 1.03750723e+09 1.03750724e+09 1.03750726e+09
 1.03750727e+09 1.03750728e+09 1.03750730e+09 1.03750731e+09
 1.03750732e+09 1.03750734e+09 1.03750735e+09 1.03750737e+09
 1.03750738e+09 1.03750739e+09 1.03750741e+09 1.03750742e+09
 1.03750743e+09 1.03750745e+09 1.03750746e+09 1.03750748e+09
 1.03750749e+09 1.03750750e+09 1.03750752e+09 1.03750753e+09
 1.03750754e+09 1.03750756e+09 1.03750757e+09 1.03750759e+09
 1.03750760e+09 1.03750761e+09 1.03750763e+09 1.03750764e+09
 1.03750765e+09 1.03750767e+09 1.03750768e+09 1.03750770e+09
 1.03750771e+09 1.03750772e+09 1.03750774e+09 1.03750775e+09
 1.03750777e+09 1.03750778e+09 1.03750779e+09 1.03750781e+09
 1.03750782e+09 1.03750783e+09 1.03750785e+09 1.03750786e+09
 1.03750788e+09 1.03750789e+09 1.03750790e+09 1.03750792e+09
 1.03750793e+09 1.03750794e+09 1.03750796e+09 1.03750797e+09
 1.03750799e+09 1.03750800e+09 1.03750801e+09 1.03750803e+09
 1.03750804e+09 1.03750805e+09 1.03750807e+09 1.03750808e+09
 1.03750810e+09 1.03750811e+09 1.03750812e+09 1.03750814e+09
 1.03750815e+09 1.03750816e+09 1.03750818e+09 1.03750819e+09
 1.03750821e+09 1.03750822e+09 1.03750823e+09 1.03750825e+09
 1.03750826e+09 1.03750827e+09 1.03750829e+09 1.03750830e+09
 1.03750832e+09 1.03750833e+09 1.03750834e+09 1.03750836e+09
 1.03750837e+09 1.03750838e+09 1.03750840e+09 1.03750841e+09
 1.03750843e+09 1.03750844e+09 1.03750845e+09 1.03750847e+09
 1.03750848e+09 1.03750849e+09 1.03750851e+09 1.03750852e+09
 1.03750854e+09 1.03750855e+09 1.03750856e+09 1.03750858e+09
 1.03750859e+09 1.03750861e+09 1.03750862e+09 1.03750863e+09
 1.03750865e+09 1.03750866e+09 1.03750867e+09 1.03750869e+09
 1.03750870e+09 1.03750872e+09 1.03750873e+09 1.03750874e+09
 1.03750876e+09 1.03750877e+09 1.03750878e+09 1.03750880e+09
 1.03750881e+09 1.03750883e+09 1.03750884e+09 1.03750885e+09
 1.03750887e+09 1.03750888e+09 1.03750889e+09 1.03750891e+09
 1.03750892e+09 1.03750894e+09 1.03750895e+09 1.03750896e+09
 1.03750898e+09 1.03750899e+09 1.03750900e+09 1.03750902e+09
 1.03750903e+09 1.03750905e+09 1.03750906e+09 1.03750907e+09
 1.03750909e+09 1.03750910e+09 1.03750911e+09 1.03750913e+09
 1.03750914e+09 1.03750916e+09 1.03750917e+09 1.03750918e+09
 1.03750920e+09 1.03750921e+09 1.03750922e+09 1.03750924e+09
 1.03750925e+09 1.03750927e+09 1.03750928e+09 1.03750929e+09
 1.03750931e+09 1.03750932e+09 1.03750933e+09 1.03750935e+09
 1.03750936e+09 1.03750938e+09 1.03750939e+09 1.03750940e+09
 1.03750942e+09 1.03750943e+09 1.03750944e+09 1.03750946e+09
 1.03750947e+09 1.03750949e+09 1.03750950e+09 1.03750951e+09
 1.03750953e+09 1.03750954e+09 1.03750956e+09 1.03750957e+09
 1.03750958e+09 1.03750960e+09 1.03750961e+09 1.03750962e+09
 1.03750964e+09 1.03750965e+09 1.03750967e+09 1.03750968e+09
 1.03750969e+09 1.03750971e+09 1.03750972e+09 1.03750973e+09
 1.03750975e+09 1.03750976e+09 1.03750978e+09 1.03750979e+09
 1.03750980e+09 1.03750982e+09 1.03750983e+09 1.03750984e+09
 1.03750986e+09 1.03750987e+09 1.03750989e+09 1.03750990e+09
 1.03750991e+09 1.03750993e+09 1.03750994e+09 1.03750995e+09
 1.03750997e+09 1.03750998e+09 1.03751000e+09 1.03751001e+09
 1.03751002e+09 1.03751004e+09 1.03751005e+09 1.03751006e+09
 1.03751008e+09 1.03751009e+09 1.03751011e+09 1.03751012e+09
 1.03751013e+09 1.03751015e+09 1.03751016e+09 1.03751017e+09
 1.03751019e+09 1.03751020e+09 1.03751022e+09 1.03751023e+09
 1.03751024e+09 1.03751026e+09 1.03751027e+09 1.03751028e+09
 1.03751030e+09 1.03751031e+09 1.03751033e+09 1.03751034e+09
 1.03751035e+09 1.03751037e+09 1.03751038e+09 1.03751039e+09
 1.03751041e+09 1.03751042e+09 1.03751044e+09 1.03751045e+09
 1.03751046e+09 1.03751048e+09 1.03751049e+09 1.03751051e+09
 1.03751052e+09 1.03751053e+09 1.03751055e+09 1.03751056e+09]
minRes = 0.2878447404427465
minResTime =  [1.03751056e+09]
