name =JUICE_ROI_CAL_4_1_01
flyby =  ['2032 OCT 30 14:21:22', '2032 OCT 31 14:21:22']
Observation TW =  <SpiceCell dtype = 1, length = 0, size = 3000, card = 10, is_set = 1, adjust = 0, init = 1, base = 2554799216624, data = 2554799216672>
Res(t) =  [4.78701152 4.78307513 4.77913873 4.77520234 4.77126593 4.76732952
 4.76339311 4.75945669 4.75552027 4.75158384 4.7476474  4.74371096
 4.73977451 4.73583806 4.73190159 4.72796513 4.72402865 4.72009217
 4.71615567 4.71221917 4.70828267 4.70434615 4.70040962 4.69647309
 4.69253655 4.6886     4.68466343 4.68072686 4.67679028 4.67285369
 4.66891709 4.66498047 4.66104385 4.65710722 4.65317057 4.64923391
 4.64529724 4.64136056 4.63742387 4.63348716 4.62955044 4.62561371
 4.62167697 4.61774021 4.61380344 4.60986665 4.60592985 4.60199304
 4.59805621 4.59411937 4.59018251 4.58624564 4.58230875 4.57837185
 4.57443493 4.57049799 4.56656104 4.56262407 4.55868709 4.55475009
 4.55081307 4.54687604 4.54293898 4.53900191 4.53506482 4.53112772
 4.52719059 4.52325345 4.51931629 4.51537911 4.5114419  4.50750468
 4.50356744 4.49963019 4.49569291 4.49175561 4.48781828 4.48388094
 4.47994358 4.4760062  4.47206879 4.46813137 4.46419392 4.46025645
 4.45631895 4.45238144 4.4484439  4.44450634 4.44056876 4.43663115
 4.43269352 4.42875587 4.42481819 4.42088048 4.41694276 4.41300501
 4.40906723 4.40512943 4.4011916  4.39725375 4.39331587 4.38937797
 4.38544004 4.38150208 4.3775641  4.37362609 4.36968805 4.36574999
 4.3618119  4.35787378 4.35393563 4.34999746 4.34605925 4.34212102
 4.33818276 4.33424448 4.33030616 4.32636781 4.32242943 4.31849103
 4.31455259 4.31061413 4.30667563 4.3027371  4.29879854 4.29485996
 4.29092134 4.28698269 4.283044   4.27910529 4.27516654 4.27122776
 4.26728895 4.26335011 4.25941123 4.25547232 4.25153338 4.2475944
 4.24365539 4.23971635 4.23577727 4.23183816 4.22789902 4.22395983
 4.22002062 4.21608137 4.21214208 4.20820276 4.2042634  4.20032401
 4.19638458 4.19244511 4.18850561 4.18456607 4.1806265  4.17668689
 4.17274724 4.16880755 4.16486782 4.16092806 4.15698826 4.15304842
 4.14910854 4.14516862 4.14122867 4.13728867 4.13334864 4.12940857
 4.12546845 4.1215283  4.11758811 4.11364787 4.1097076  4.10576728
 4.10182693 4.09788653 4.09394609 4.09000561 4.08606509 4.08212453
 4.07818392 4.07424328 4.07030259 4.06636185 4.06242108 4.05848026
 4.0545394  4.05059849 4.04665754 4.04271655 4.03877552 4.03483443
 4.03089331 4.02695214 4.02301092 4.01906966 4.01512836 4.01118701
 4.00724561 4.00330417 3.99936268 3.99542115 3.99147957 3.98753794
 3.98359627 3.97965455 3.97571278 3.97177097 3.96782911 3.9638872
 3.95994524 3.95600323 3.95206118 3.94811908 3.94417693 3.94023473
 3.93629248 3.93235018 3.92840783 3.92446544 3.92052299 3.91658049
 3.91263795 3.90869535 3.9047527  3.90081001 3.89686726 3.89292446
 3.88898161 3.88503871 3.88109575 3.87715275 3.87320969 3.86926658
 3.86532342 3.8613802  3.85743694 3.85349362 3.84955025 3.84560682
 3.84166334 3.83771981 3.83377622 3.82983258 3.82588889 3.82194514
 3.81800134 3.81405748 3.81011357 3.8061696  3.80222558 3.7982815
 3.79433737 3.79039318 3.78644893 3.78250463 3.77856027 3.77461586
 3.77067139 3.76672687 3.76278228 3.75883764 3.75489295 3.75094819
 3.74700338 3.74305851 3.73911358 3.73516859 3.73122355 3.72727845
 3.72333329 3.71938807 3.71544279 3.71149745 3.70755205 3.7036066
 3.69966108 3.69571551 3.69176987 3.68782418 3.68387842 3.6799326
 3.67598673 3.67204079 3.66809479 3.66414873 3.66020261 3.65625643
 3.65231019 3.64836388 3.64441752 3.64047109 3.6365246  3.63257805
 3.62863143 3.62468475 3.62073801 3.61679121 3.61284434 3.60889741
 3.60495042 3.60100336 3.59705624 3.59310906 3.58916181 3.5852145
 3.58126712 3.57731968 3.57337218 3.5694246  3.56547697 3.56152927
 3.5575815  3.55363367 3.54968578 3.54573782 3.54178979 3.53784169
 3.53389354 3.52994531 3.52599702 3.52204866 3.51810023 3.51415174
 3.51020318 3.50625456 3.50230587 3.4983571  3.49440828 3.49045938
 3.48651042 3.48256139 3.47861229 3.47466312 3.47071389 3.46676458
 3.46281521 3.45886577 3.45491626 3.45096668 3.44701703 3.44306732
 3.43911753 3.43516767 3.43121775 3.42726775 3.42331769 3.41936755
 3.41541735 3.41146707 3.40751673 3.40356631 3.39961582 3.39566527
 3.39171464 3.38776394 3.38381317 3.37986233 3.37591141 3.37196043
 3.36800937 3.36405825 3.36010705 3.35615577 3.35220443 3.34825302
 3.34430153 3.34034997 3.33639834 3.33244663 3.32849485 3.324543
 3.32059108 3.31663908 3.31268701 3.30873487 3.30478265 3.30083036
 3.296878   3.29292556 3.28897305 3.28502047 3.28106781 3.27711508
 3.27316227 3.26920939 3.26525643 3.2613034  3.2573503  3.25339712
 3.24944386 3.24549054 3.24153713 3.23758365 3.2336301  3.22967647
 3.22572277 3.22176899 3.21781513 3.2138612  3.2099072  3.20595312
 3.20199896 3.19804472 3.19409041 3.19013603 3.18618157 3.18222703
 3.17827242 3.17431773 3.17036296 3.16640812 3.1624532  3.1584982
 3.15454313 3.15058798 3.14663275 3.14267745 3.13872207 3.13476661
 3.13081108 3.12685547 3.12289978 3.11894401 3.11498817 3.11103225
 3.10707625 3.10312017 3.09916402 3.09520779 3.09125148 3.08729509
 3.08333863 3.07938209 3.07542547 3.07146877 3.067512   3.06355514
 3.05959821 3.0556412  3.05168411 3.04772695 3.0437697  3.03981238
 3.03585498 3.0318975  3.02793995 3.02398231 3.0200246  3.01606681
 3.01210893 3.00815099 3.00419296 3.00023485 2.99627667 2.99231841
 2.98836006 2.98440164 2.98044314 2.97648457 2.97252591 2.96856718
 2.96460836 2.96064947 2.9566905  2.95273145 2.94877233 2.94481312
 2.94085383 2.93689447 2.93293503 2.92897551 2.92501591 2.92105623
 2.91709647 2.91313664 2.90917672 2.90521673 2.90125666 2.89729651
 2.89333628 2.88937598 2.88541559 2.88145513 2.87749459 2.87353397
 2.86957327 2.86561249 2.86165164 2.85769071 2.85372969 2.8497686
 2.84580744 2.84184619 2.83788487 2.83392347 2.82996199 2.82600043
 2.82203879 2.81807708 2.81411529 2.81015342 2.80619148 2.80222945
 2.79826735 2.79430518 2.79034292 2.78638059 2.78241818 2.77845569
 2.77449313 2.77053049 2.76656777 2.76260498 2.75864211 2.75467916
 2.75071614 2.74675304 2.74278986 2.73882661 2.73486328 2.73089987
 2.72693639 2.72297284 2.71900921 2.7150455  2.71108172 2.70711786
 2.70315393 2.69918992 2.69522584 2.69126168 2.68729745 2.68333315
 2.67936877 2.67540431 2.67143978 2.66747518 2.6635105  2.65954575
 2.65558093 2.65161604 2.64765107 2.64368602 2.63972091 2.63575572
 2.63179046 2.62782513 2.62385973 2.61989425 2.61592871 2.61196309
 2.6079974  2.60403164 2.6000658  2.5960999  2.59213393 2.58816789
 2.58420177 2.58023559 2.57626934 2.57230302 2.56833662 2.56437017
 2.56040364 2.55643704 2.55247038 2.54850364 2.54453684 2.54056997
 2.53660304 2.53263604 2.52866897 2.52470184 2.52073463 2.51676737
 2.51280004 2.50883264 2.50486518 2.50089765 2.49693006 2.49296241
 2.48899469 2.4850269  2.48105906 2.47709115 2.47312318 2.46915515
 2.46518706 2.4612189  2.45725068 2.45328241 2.44931407 2.44534567
 2.44137722 2.4374087  2.43344012 2.42947149 2.4255028  2.42153405
 2.41756524 2.41359638 2.40962746 2.40565848 2.40168945 2.39772036
 2.39375122 2.38978202 2.38581277 2.38184347 2.37787411 2.3739047
 2.36993524 2.36596572 2.36199616 2.35802654 2.35405688 2.35008716
 2.34611739 2.34214758 2.33817772 2.33420781 2.33023785 2.32626785
 2.32229779 2.3183277  2.31435756 2.31038737 2.30641714 2.30244687
 2.29847655 2.29450619 2.29053579 2.28656535 2.28259487 2.27862435
 2.27465379 2.27068319 2.26671255 2.26274187 2.25877116 2.25480041
 2.25082963 2.24685881 2.24288796 2.23891708 2.23494616 2.23097521
 2.22700423 2.22303322 2.21906217 2.2150911  2.21112    2.20714888
 2.20317772 2.19920655 2.19523534 2.19126411 2.18729286 2.18332158
 2.17935029 2.17537897 2.17140763 2.16743627 2.1634649  2.1594935
 2.15552209 2.15155066 2.14757922 2.14360776 2.13963629 2.13566481
 2.13169332 2.12772182 2.1237503  2.11977878 2.11580725 2.11183572
 2.10786418 2.10389263 2.09992108 2.09594953 2.09197798 2.08800643
 2.08403488 2.08006333 2.07609179 2.07212024 2.06814871 2.06417718
 2.06020566 2.05623414 2.05226264 2.04829115 2.04431967 2.04034821
 2.03637676 2.03240533 2.02843391 2.02446251 2.02049114 2.01651978
 2.01254845 2.00857715 2.00460586 2.00063461 1.99666338 1.99269219
 1.98872102 1.98474989 1.98077879 1.97680773 1.97283671 1.96886572
 1.96489478 1.96092387 1.95695301 1.9529822  1.94901143 1.94504071
 1.94107005 1.93709943 1.93312887 1.92915836 1.92518791 1.92121752
 1.91724718 1.91327691 1.90930671 1.90533657 1.9013665  1.8973965
 1.89342657 1.88945672 1.88548694 1.88151724 1.87754761 1.87357807
 1.86960862 1.86563925 1.86166997 1.85770078 1.85373168 1.84976267
 1.84579376 1.84182496 1.83785625 1.83388765 1.82991915 1.82595076
 1.82198249 1.81801432 1.81404627 1.81007834 1.80611054 1.80214285
 1.79817529 1.79420786 1.79024056 1.78627339 1.78230637 1.77833948
 1.77437273 1.77040613 1.76643967 1.76247337 1.75850722 1.75454123
 1.7505754  1.74660973 1.74264422 1.73867889 1.73471373 1.73074874
 1.72678393 1.72281931 1.71885487 1.71489062 1.71092656 1.70696269
 1.70299903 1.69903557 1.69507232 1.69110927 1.68714644 1.68318383
 1.67922144 1.67525927 1.67129733 1.66733563 1.66337416 1.65941294
 1.65545196 1.65149123 1.64753076 1.64357054 1.63961059 1.6356509
 1.63169148 1.62773234 1.62377349 1.61981491 1.61585663 1.61189864
 1.60794095 1.60398357 1.6000265  1.59606974 1.5921133  1.58815719
 1.58420141 1.58024596 1.57629086 1.5723361  1.56838169 1.56442765
 1.56047396 1.55652065 1.55256772 1.54861516 1.544663   1.54071122
 1.53675985 1.53280889 1.52885834 1.52490821 1.52095851 1.51700924
 1.51306041 1.50911203 1.5051641  1.50121664 1.49726964 1.49332312
 1.48937709 1.48543154 1.4814865  1.47754196 1.47359794 1.46965445
 1.46571148 1.46176906 1.45782718 1.45388586 1.44994511 1.44600494
 1.44206534 1.43812634 1.43418795 1.43025016 1.426313   1.42237647
 1.41844058 1.41450535 1.41057078 1.40663687 1.40270366 1.39877113
 1.39483932 1.39090822 1.38697784 1.38304821 1.37911933 1.37519121
 1.37126386 1.3673373  1.36341155 1.35948661 1.35556249 1.35163921
 1.34771678 1.34379523 1.33987455 1.33595476 1.33203589 1.32811794
 1.32420092 1.32028487 1.31636978 1.31245567 1.30854257 1.30463048
 1.30071943 1.29680943 1.29290049 1.28899265 1.2850859  1.28118028
 1.2772758  1.27337247 1.26947033 1.26556938 1.26166966 1.25777117
 1.25387393 1.24997798 1.24608334 1.24219001 1.23829803 1.23440742
 1.2305182  1.2266304  1.22274404 1.21885915 1.21497574 1.21109385
 1.2072135  1.20333472 1.19945754 1.19558198 1.19170807 1.18783584
 1.18396533 1.18009655 1.17622955 1.17236435 1.16850099 1.16463949
 1.1607799  1.15692224 1.15306656 1.14921288 1.14536124 1.14151169
 1.13766426 1.13381898 1.1299759  1.12613506 1.12229651 1.11846027
 1.1146264  1.11079495 1.10696595 1.10313946 1.09931552 1.09549418
 1.09167549 1.0878595  1.08404627 1.08023585 1.07642829 1.07262365
 1.06882199 1.06502337 1.06122785 1.05743549 1.05364635 1.04986051
 1.04607802 1.04229895 1.03852338 1.03475139 1.03098303 1.0272184
 1.02345756 1.01941304 1.01565651 1.01190397 1.00815552 1.00441124
 1.00067122 0.99693555 0.99320433 0.98947766 0.98575564 0.98203838
 0.97832597 0.97461854 0.97091619 0.96721904 0.96352722 0.95984083
 0.95616002 0.95248492 0.94881565 0.94515236 0.94149519 0.93784429
 0.93419982 0.93056192 0.92693077 0.92330653 0.91968937 0.91607947
 0.91247703 0.90888222 0.90529525 0.90171632 0.89814564 0.89458343
 0.89102991 0.88748533 0.88394991 0.88042392 0.87690761 0.87340125
 0.86990513 0.86641952 0.86294472 0.85948106]
t =  [1.03603095e+09 1.03603099e+09 1.03603102e+09 1.03603105e+09
 1.03603109e+09 1.03603112e+09 1.03603116e+09 1.03603119e+09
 1.03603122e+09 1.03603126e+09 1.03603129e+09 1.03603133e+09
 1.03603136e+09 1.03603139e+09 1.03603143e+09 1.03603146e+09
 1.03603150e+09 1.03603153e+09 1.03603156e+09 1.03603160e+09
 1.03603163e+09 1.03603167e+09 1.03603170e+09 1.03603173e+09
 1.03603177e+09 1.03603180e+09 1.03603184e+09 1.03603187e+09
 1.03603190e+09 1.03603194e+09 1.03603197e+09 1.03603201e+09
 1.03603204e+09 1.03603207e+09 1.03603211e+09 1.03603214e+09
 1.03603218e+09 1.03603221e+09 1.03603225e+09 1.03603228e+09
 1.03603231e+09 1.03603235e+09 1.03603238e+09 1.03603242e+09
 1.03603245e+09 1.03603248e+09 1.03603252e+09 1.03603255e+09
 1.03603259e+09 1.03603262e+09 1.03603265e+09 1.03603269e+09
 1.03603272e+09 1.03603276e+09 1.03603279e+09 1.03603282e+09
 1.03603286e+09 1.03603289e+09 1.03603293e+09 1.03603296e+09
 1.03603299e+09 1.03603303e+09 1.03603306e+09 1.03603310e+09
 1.03603313e+09 1.03603316e+09 1.03603320e+09 1.03603323e+09
 1.03603327e+09 1.03603330e+09 1.03603333e+09 1.03603337e+09
 1.03603340e+09 1.03603344e+09 1.03603347e+09 1.03603351e+09
 1.03603354e+09 1.03603357e+09 1.03603361e+09 1.03603364e+09
 1.03603368e+09 1.03603371e+09 1.03603374e+09 1.03603378e+09
 1.03603381e+09 1.03603385e+09 1.03603388e+09 1.03603391e+09
 1.03603395e+09 1.03603398e+09 1.03603402e+09 1.03603405e+09
 1.03603408e+09 1.03603412e+09 1.03603415e+09 1.03603419e+09
 1.03603422e+09 1.03603425e+09 1.03603429e+09 1.03603432e+09
 1.03603436e+09 1.03603439e+09 1.03603442e+09 1.03603446e+09
 1.03603449e+09 1.03603453e+09 1.03603456e+09 1.03603459e+09
 1.03603463e+09 1.03603466e+09 1.03603470e+09 1.03603473e+09
 1.03603477e+09 1.03603480e+09 1.03603483e+09 1.03603487e+09
 1.03603490e+09 1.03603494e+09 1.03603497e+09 1.03603500e+09
 1.03603504e+09 1.03603507e+09 1.03603511e+09 1.03603514e+09
 1.03603517e+09 1.03603521e+09 1.03603524e+09 1.03603528e+09
 1.03603531e+09 1.03603534e+09 1.03603538e+09 1.03603541e+09
 1.03603545e+09 1.03603548e+09 1.03603551e+09 1.03603555e+09
 1.03603558e+09 1.03603562e+09 1.03603565e+09 1.03603568e+09
 1.03603572e+09 1.03603575e+09 1.03603579e+09 1.03603582e+09
 1.03603585e+09 1.03603589e+09 1.03603592e+09 1.03603596e+09
 1.03603599e+09 1.03603603e+09 1.03603606e+09 1.03603609e+09
 1.03603613e+09 1.03603616e+09 1.03603620e+09 1.03603623e+09
 1.03603626e+09 1.03603630e+09 1.03603633e+09 1.03603637e+09
 1.03603640e+09 1.03603643e+09 1.03603647e+09 1.03603650e+09
 1.03603654e+09 1.03603657e+09 1.03603660e+09 1.03603664e+09
 1.03603667e+09 1.03603671e+09 1.03603674e+09 1.03603677e+09
 1.03603681e+09 1.03603684e+09 1.03603688e+09 1.03603691e+09
 1.03603694e+09 1.03603698e+09 1.03603701e+09 1.03603705e+09
 1.03603708e+09 1.03603711e+09 1.03603715e+09 1.03603718e+09
 1.03603722e+09 1.03603725e+09 1.03603729e+09 1.03603732e+09
 1.03603735e+09 1.03603739e+09 1.03603742e+09 1.03603746e+09
 1.03603749e+09 1.03603752e+09 1.03603756e+09 1.03603759e+09
 1.03603763e+09 1.03603766e+09 1.03603769e+09 1.03603773e+09
 1.03603776e+09 1.03603780e+09 1.03603783e+09 1.03603786e+09
 1.03603790e+09 1.03603793e+09 1.03603797e+09 1.03603800e+09
 1.03603803e+09 1.03603807e+09 1.03603810e+09 1.03603814e+09
 1.03603817e+09 1.03603820e+09 1.03603824e+09 1.03603827e+09
 1.03603831e+09 1.03603834e+09 1.03603837e+09 1.03603841e+09
 1.03603844e+09 1.03603848e+09 1.03603851e+09 1.03603855e+09
 1.03603858e+09 1.03603861e+09 1.03603865e+09 1.03603868e+09
 1.03603872e+09 1.03603875e+09 1.03603878e+09 1.03603882e+09
 1.03603885e+09 1.03603889e+09 1.03603892e+09 1.03603895e+09
 1.03603899e+09 1.03603902e+09 1.03603906e+09 1.03603909e+09
 1.03603912e+09 1.03603916e+09 1.03603919e+09 1.03603923e+09
 1.03603926e+09 1.03603929e+09 1.03603933e+09 1.03603936e+09
 1.03603940e+09 1.03603943e+09 1.03603946e+09 1.03603950e+09
 1.03603953e+09 1.03603957e+09 1.03603960e+09 1.03603963e+09
 1.03603967e+09 1.03603970e+09 1.03603974e+09 1.03603977e+09
 1.03603981e+09 1.03603984e+09 1.03603987e+09 1.03603991e+09
 1.03603994e+09 1.03603998e+09 1.03604001e+09 1.03604004e+09
 1.03604008e+09 1.03604011e+09 1.03604015e+09 1.03604018e+09
 1.03604021e+09 1.03604025e+09 1.03604028e+09 1.03604032e+09
 1.03604035e+09 1.03604038e+09 1.03604042e+09 1.03604045e+09
 1.03604049e+09 1.03604052e+09 1.03604055e+09 1.03604059e+09
 1.03604062e+09 1.03604066e+09 1.03604069e+09 1.03604072e+09
 1.03604076e+09 1.03604079e+09 1.03604083e+09 1.03604086e+09
 1.03604089e+09 1.03604093e+09 1.03604096e+09 1.03604100e+09
 1.03604103e+09 1.03604107e+09 1.03604110e+09 1.03604113e+09
 1.03604117e+09 1.03604120e+09 1.03604124e+09 1.03604127e+09
 1.03604130e+09 1.03604134e+09 1.03604137e+09 1.03604141e+09
 1.03604144e+09 1.03604147e+09 1.03604151e+09 1.03604154e+09
 1.03604158e+09 1.03604161e+09 1.03604164e+09 1.03604168e+09
 1.03604171e+09 1.03604175e+09 1.03604178e+09 1.03604181e+09
 1.03604185e+09 1.03604188e+09 1.03604192e+09 1.03604195e+09
 1.03604198e+09 1.03604202e+09 1.03604205e+09 1.03604209e+09
 1.03604212e+09 1.03604215e+09 1.03604219e+09 1.03604222e+09
 1.03604226e+09 1.03604229e+09 1.03604233e+09 1.03604236e+09
 1.03604239e+09 1.03604243e+09 1.03604246e+09 1.03604250e+09
 1.03604253e+09 1.03604256e+09 1.03604260e+09 1.03604263e+09
 1.03604267e+09 1.03604270e+09 1.03604273e+09 1.03604277e+09
 1.03604280e+09 1.03604284e+09 1.03604287e+09 1.03604290e+09
 1.03604294e+09 1.03604297e+09 1.03604301e+09 1.03604304e+09
 1.03604307e+09 1.03604311e+09 1.03604314e+09 1.03604318e+09
 1.03604321e+09 1.03604324e+09 1.03604328e+09 1.03604331e+09
 1.03604335e+09 1.03604338e+09 1.03604341e+09 1.03604345e+09
 1.03604348e+09 1.03604352e+09 1.03604355e+09 1.03604359e+09
 1.03604362e+09 1.03604365e+09 1.03604369e+09 1.03604372e+09
 1.03604376e+09 1.03604379e+09 1.03604382e+09 1.03604386e+09
 1.03604389e+09 1.03604393e+09 1.03604396e+09 1.03604399e+09
 1.03604403e+09 1.03604406e+09 1.03604410e+09 1.03604413e+09
 1.03604416e+09 1.03604420e+09 1.03604423e+09 1.03604427e+09
 1.03604430e+09 1.03604433e+09 1.03604437e+09 1.03604440e+09
 1.03604444e+09 1.03604447e+09 1.03604450e+09 1.03604454e+09
 1.03604457e+09 1.03604461e+09 1.03604464e+09 1.03604467e+09
 1.03604471e+09 1.03604474e+09 1.03604478e+09 1.03604481e+09
 1.03604485e+09 1.03604488e+09 1.03604491e+09 1.03604495e+09
 1.03604498e+09 1.03604502e+09 1.03604505e+09 1.03604508e+09
 1.03604512e+09 1.03604515e+09 1.03604519e+09 1.03604522e+09
 1.03604525e+09 1.03604529e+09 1.03604532e+09 1.03604536e+09
 1.03604539e+09 1.03604542e+09 1.03604546e+09 1.03604549e+09
 1.03604553e+09 1.03604556e+09 1.03604559e+09 1.03604563e+09
 1.03604566e+09 1.03604570e+09 1.03604573e+09 1.03604576e+09
 1.03604580e+09 1.03604583e+09 1.03604587e+09 1.03604590e+09
 1.03604593e+09 1.03604597e+09 1.03604600e+09 1.03604604e+09
 1.03604607e+09 1.03604611e+09 1.03604614e+09 1.03604617e+09
 1.03604621e+09 1.03604624e+09 1.03604628e+09 1.03604631e+09
 1.03604634e+09 1.03604638e+09 1.03604641e+09 1.03604645e+09
 1.03604648e+09 1.03604651e+09 1.03604655e+09 1.03604658e+09
 1.03604662e+09 1.03604665e+09 1.03604668e+09 1.03604672e+09
 1.03604675e+09 1.03604679e+09 1.03604682e+09 1.03604685e+09
 1.03604689e+09 1.03604692e+09 1.03604696e+09 1.03604699e+09
 1.03604702e+09 1.03604706e+09 1.03604709e+09 1.03604713e+09
 1.03604716e+09 1.03604719e+09 1.03604723e+09 1.03604726e+09
 1.03604730e+09 1.03604733e+09 1.03604737e+09 1.03604740e+09
 1.03604743e+09 1.03604747e+09 1.03604750e+09 1.03604754e+09
 1.03604757e+09 1.03604760e+09 1.03604764e+09 1.03604767e+09
 1.03604771e+09 1.03604774e+09 1.03604777e+09 1.03604781e+09
 1.03604784e+09 1.03604788e+09 1.03604791e+09 1.03604794e+09
 1.03604798e+09 1.03604801e+09 1.03604805e+09 1.03604808e+09
 1.03604811e+09 1.03604815e+09 1.03604818e+09 1.03604822e+09
 1.03604825e+09 1.03604828e+09 1.03604832e+09 1.03604835e+09
 1.03604839e+09 1.03604842e+09 1.03604845e+09 1.03604849e+09
 1.03604852e+09 1.03604856e+09 1.03604859e+09 1.03604863e+09
 1.03604866e+09 1.03604869e+09 1.03604873e+09 1.03604876e+09
 1.03604880e+09 1.03604883e+09 1.03604886e+09 1.03604890e+09
 1.03604893e+09 1.03604897e+09 1.03604900e+09 1.03604903e+09
 1.03604907e+09 1.03604910e+09 1.03604914e+09 1.03604917e+09
 1.03604920e+09 1.03604924e+09 1.03604927e+09 1.03604931e+09
 1.03604934e+09 1.03604937e+09 1.03604941e+09 1.03604944e+09
 1.03604948e+09 1.03604951e+09 1.03604954e+09 1.03604958e+09
 1.03604961e+09 1.03604965e+09 1.03604968e+09 1.03604971e+09
 1.03604975e+09 1.03604978e+09 1.03604982e+09 1.03604985e+09
 1.03604989e+09 1.03604992e+09 1.03604995e+09 1.03604999e+09
 1.03605002e+09 1.03605006e+09 1.03605009e+09 1.03605012e+09
 1.03605016e+09 1.03605019e+09 1.03605023e+09 1.03605026e+09
 1.03605029e+09 1.03605033e+09 1.03605036e+09 1.03605040e+09
 1.03605043e+09 1.03605046e+09 1.03605050e+09 1.03605053e+09
 1.03605057e+09 1.03605060e+09 1.03605063e+09 1.03605067e+09
 1.03605070e+09 1.03605074e+09 1.03605077e+09 1.03605080e+09
 1.03605084e+09 1.03605087e+09 1.03605091e+09 1.03605094e+09
 1.03605097e+09 1.03605101e+09 1.03605104e+09 1.03605108e+09
 1.03605111e+09 1.03605115e+09 1.03605118e+09 1.03605121e+09
 1.03605125e+09 1.03605128e+09 1.03605132e+09 1.03605135e+09
 1.03605138e+09 1.03605142e+09 1.03605145e+09 1.03605149e+09
 1.03605152e+09 1.03605155e+09 1.03605159e+09 1.03605162e+09
 1.03605166e+09 1.03605169e+09 1.03605172e+09 1.03605176e+09
 1.03605179e+09 1.03605183e+09 1.03605186e+09 1.03605189e+09
 1.03605193e+09 1.03605196e+09 1.03605200e+09 1.03605203e+09
 1.03605206e+09 1.03605210e+09 1.03605213e+09 1.03605217e+09
 1.03605220e+09 1.03605223e+09 1.03605227e+09 1.03605230e+09
 1.03605234e+09 1.03605237e+09 1.03605241e+09 1.03605244e+09
 1.03605247e+09 1.03605251e+09 1.03605254e+09 1.03605258e+09
 1.03605261e+09 1.03605264e+09 1.03605268e+09 1.03605271e+09
 1.03605275e+09 1.03605278e+09 1.03605281e+09 1.03605285e+09
 1.03605288e+09 1.03605292e+09 1.03605295e+09 1.03605298e+09
 1.03605302e+09 1.03605305e+09 1.03605309e+09 1.03605312e+09
 1.03605315e+09 1.03605319e+09 1.03605322e+09 1.03605326e+09
 1.03605329e+09 1.03605332e+09 1.03605336e+09 1.03605339e+09
 1.03605343e+09 1.03605346e+09 1.03605349e+09 1.03605353e+09
 1.03605356e+09 1.03605360e+09 1.03605363e+09 1.03605367e+09
 1.03605370e+09 1.03605373e+09 1.03605377e+09 1.03605380e+09
 1.03605384e+09 1.03605387e+09 1.03605390e+09 1.03605394e+09
 1.03605397e+09 1.03605401e+09 1.03605404e+09 1.03605407e+09
 1.03605411e+09 1.03605414e+09 1.03605418e+09 1.03605421e+09
 1.03605424e+09 1.03605428e+09 1.03605431e+09 1.03605435e+09
 1.03605438e+09 1.03605441e+09 1.03605445e+09 1.03605448e+09
 1.03605452e+09 1.03605455e+09 1.03605458e+09 1.03605462e+09
 1.03605465e+09 1.03605469e+09 1.03605472e+09 1.03605475e+09
 1.03605479e+09 1.03605482e+09 1.03605486e+09 1.03605489e+09
 1.03605493e+09 1.03605496e+09 1.03605499e+09 1.03605503e+09
 1.03605506e+09 1.03605510e+09 1.03605513e+09 1.03605516e+09
 1.03605520e+09 1.03605523e+09 1.03605527e+09 1.03605530e+09
 1.03605533e+09 1.03605537e+09 1.03605540e+09 1.03605544e+09
 1.03605547e+09 1.03605550e+09 1.03605554e+09 1.03605557e+09
 1.03605561e+09 1.03605564e+09 1.03605567e+09 1.03605571e+09
 1.03605574e+09 1.03605578e+09 1.03605581e+09 1.03605584e+09
 1.03605588e+09 1.03605591e+09 1.03605595e+09 1.03605598e+09
 1.03605601e+09 1.03605605e+09 1.03605608e+09 1.03605612e+09
 1.03605615e+09 1.03605619e+09 1.03605622e+09 1.03605625e+09
 1.03605629e+09 1.03605632e+09 1.03605636e+09 1.03605639e+09
 1.03605642e+09 1.03605646e+09 1.03605649e+09 1.03605653e+09
 1.03605656e+09 1.03605659e+09 1.03605663e+09 1.03605666e+09
 1.03605670e+09 1.03605673e+09 1.03605676e+09 1.03605680e+09
 1.03605683e+09 1.03605687e+09 1.03605690e+09 1.03605693e+09
 1.03605697e+09 1.03605700e+09 1.03605704e+09 1.03605707e+09
 1.03605710e+09 1.03605714e+09 1.03605717e+09 1.03605721e+09
 1.03605724e+09 1.03605727e+09 1.03605731e+09 1.03605734e+09
 1.03605738e+09 1.03605741e+09 1.03605745e+09 1.03605748e+09
 1.03605751e+09 1.03605755e+09 1.03605758e+09 1.03605762e+09
 1.03605765e+09 1.03605768e+09 1.03605772e+09 1.03605775e+09
 1.03605779e+09 1.03605782e+09 1.03605785e+09 1.03605789e+09
 1.03605792e+09 1.03605796e+09 1.03605799e+09 1.03605802e+09
 1.03605806e+09 1.03605809e+09 1.03605813e+09 1.03605816e+09
 1.03605819e+09 1.03605823e+09 1.03605826e+09 1.03605830e+09
 1.03605833e+09 1.03605836e+09 1.03605840e+09 1.03605843e+09
 1.03605847e+09 1.03605850e+09 1.03605853e+09 1.03605857e+09
 1.03605860e+09 1.03605864e+09 1.03605867e+09 1.03605871e+09
 1.03605874e+09 1.03605877e+09 1.03605881e+09 1.03605884e+09
 1.03605888e+09 1.03605891e+09 1.03605894e+09 1.03605898e+09
 1.03605901e+09 1.03605905e+09 1.03605908e+09 1.03605911e+09
 1.03605915e+09 1.03605918e+09 1.03605922e+09 1.03605925e+09
 1.03605928e+09 1.03605932e+09 1.03605935e+09 1.03605939e+09
 1.03605942e+09 1.03605945e+09 1.03605949e+09 1.03605952e+09
 1.03605956e+09 1.03605959e+09 1.03605962e+09 1.03605966e+09
 1.03605969e+09 1.03605973e+09 1.03605976e+09 1.03605979e+09
 1.03605983e+09 1.03605986e+09 1.03605990e+09 1.03605993e+09
 1.03605997e+09 1.03606000e+09 1.03606003e+09 1.03606007e+09
 1.03606010e+09 1.03606014e+09 1.03606017e+09 1.03606020e+09
 1.03606024e+09 1.03606027e+09 1.03606031e+09 1.03606034e+09
 1.03606037e+09 1.03606041e+09 1.03606044e+09 1.03606048e+09
 1.03606051e+09 1.03606054e+09 1.03606058e+09 1.03606061e+09
 1.03606065e+09 1.03606068e+09 1.03606071e+09 1.03606075e+09
 1.03606078e+09 1.03606082e+09 1.03606085e+09 1.03606088e+09
 1.03606092e+09 1.03606095e+09 1.03606099e+09 1.03606102e+09
 1.03606105e+09 1.03606109e+09 1.03606112e+09 1.03606116e+09
 1.03606119e+09 1.03606123e+09 1.03606126e+09 1.03606129e+09
 1.03606133e+09 1.03606136e+09 1.03606140e+09 1.03606143e+09
 1.03606146e+09 1.03606150e+09 1.03606153e+09 1.03606157e+09
 1.03606160e+09 1.03606163e+09 1.03606167e+09 1.03606170e+09
 1.03606174e+09 1.03606177e+09 1.03606180e+09 1.03606184e+09
 1.03606187e+09 1.03606191e+09 1.03606194e+09 1.03606197e+09
 1.03606201e+09 1.03606204e+09 1.03606208e+09 1.03606211e+09
 1.03606214e+09 1.03606218e+09 1.03606221e+09 1.03606225e+09
 1.03606228e+09 1.03606231e+09 1.03606235e+09 1.03606238e+09
 1.03606242e+09 1.03606245e+09 1.03606249e+09 1.03606252e+09
 1.03606255e+09 1.03606259e+09 1.03606262e+09 1.03606266e+09
 1.03606269e+09 1.03606272e+09 1.03606276e+09 1.03606279e+09
 1.03606283e+09 1.03606286e+09 1.03606289e+09 1.03606293e+09
 1.03606296e+09 1.03606300e+09 1.03606303e+09 1.03606306e+09
 1.03606310e+09 1.03606313e+09 1.03606317e+09 1.03606320e+09
 1.03606323e+09 1.03606327e+09 1.03606330e+09 1.03606334e+09
 1.03606337e+09 1.03606340e+09 1.03606344e+09 1.03606347e+09
 1.03606351e+09 1.03606354e+09 1.03606357e+09 1.03606361e+09
 1.03606364e+09 1.03606368e+09 1.03606371e+09 1.03606375e+09
 1.03606378e+09 1.03606381e+09 1.03606385e+09 1.03606388e+09
 1.03606392e+09 1.03606395e+09 1.03606398e+09 1.03606402e+09
 1.03606405e+09 1.03606409e+09 1.03606412e+09 1.03606415e+09
 1.03606419e+09 1.03606422e+09 1.03606426e+09 1.03606429e+09
 1.03606432e+09 1.03606436e+09 1.03606439e+09 1.03606443e+09
 1.03606446e+09 1.03606449e+09 1.03606453e+09 1.03606456e+09
 1.03606460e+09 1.03606463e+09 1.03606466e+09 1.03606470e+09
 1.03606473e+09 1.03606477e+09 1.03606480e+09 1.03606483e+09
 1.03606487e+09 1.03606490e+09 1.03606494e+09 1.03606497e+09]
minRes = 0.8594810642642663
minResTime =  [1.03606497e+09]
