name =JUICE_ROI_CAL_5_0_02
flyby =  ['2033 APR 06 23:29:30', '2033 APR 07 23:29:30']
Observation TW =  <SpiceCell dtype = 1, length = 0, size = 3400, card = 14, is_set = 1, adjust = 0, init = 1, base = 2554801741872, data = 2554801741920>
Res(t) =  [3.86249339 3.85856662 3.85464018 3.85071407 3.84678828 3.84286282
 3.83893768 3.83501287 3.83108839 3.82716423 3.8232404  3.8193169
 3.81539372 3.81147087 3.80754835 3.80362615 3.79970428 3.79578274
 3.79186152 3.78794062 3.78402006 3.78009982 3.7761799  3.77226031
 3.76834105 3.76442211 3.7605035  3.75658521 3.75266726 3.74874962
 3.74483231 3.74091533 3.73699867 3.73308234 3.72916634 3.72525066
 3.7213353  3.71742027 3.71350557 3.70959119 3.70567713 3.70176341
 3.69785    3.69393693 3.69002417 3.68611175 3.68219964 3.67828787
 3.67437641 3.67046529 3.66655448 3.66264401 3.65873385 3.65482403
 3.65091452 3.64700535 3.64309649 3.63918796 3.63527976 3.63137188
 3.62746432 3.62355709 3.61965019 3.61574361 3.61183735 3.60793142
 3.60402581 3.60012052 3.59621556 3.59231093 3.58840662 3.58450263
 3.58059896 3.57669563 3.57279261 3.56888992 3.56498755 3.56108551
 3.55718379 3.55328239 3.54938132 3.54548057 3.54158015 3.53768005
 3.53378027 3.52988082 3.52598169 3.52208288 3.5181844  3.51428624
 3.5103884  3.50649089 3.5025937  3.49869683 3.49480029 3.49090407
 3.48700817 3.4831126  3.47921735 3.47532242 3.47142782 3.46753354
 3.46363958 3.45974594 3.45585263 3.45195964 3.44806698 3.44417463
 3.44028261 3.43639091 3.43249954 3.42860848 3.42471775 3.42082734
 3.41693726 3.41304749 3.40915805 3.40526894 3.40138014 3.39749167
 3.39360351 3.38971568 3.38582818 3.38194099 3.37805413 3.37416759
 3.37028137 3.36639547 3.3625099  3.35862464 3.35473971 3.3508551
 3.34697082 3.34308685 3.33920321 3.33531988 3.33143688 3.3275542
 3.32367185 3.31978981 3.31590809 3.3120267  3.30814563 3.30426488
 3.30038445 3.29650434 3.29262456 3.28874509 3.28486595 3.28098712
 3.27710862 3.27323044 3.26935258 3.26547504 3.26159782 3.25772093
 3.25384435 3.2499681  3.24609216 3.24221655 3.23834126 3.23446628
 3.23059163 3.2267173  3.22284329 3.2189696  3.21509623 3.21122318
 3.20735045 3.20347804 3.19960596 3.19573419 3.19186274 3.18799161
 3.18412081 3.18025032 3.17638015 3.17251031 3.16864078 3.16477157
 3.16090269 3.15703412 3.15316587 3.14929794 3.14543034 3.14156305
 3.13769608 3.13382943 3.1299631  3.12609709 3.12223141 3.11836604
 3.11450098 3.11063625 3.10677184 3.10290775 3.09904398 3.09518052
 3.09131739 3.08745457 3.08359208 3.0797299  3.07586804 3.0720065
 3.06814528 3.06428438 3.0604238  3.05656354 3.05270359 3.04884397
 3.04498466 3.04112567 3.03726701 3.03340865 3.02955062 3.02569291
 3.02183552 3.01797844 3.01412168 3.01026524 3.00640912 3.00255332
 2.99869783 2.99484267 2.99098782 2.98713329 2.98327908 2.97942519
 2.97557161 2.97171836 2.96786542 2.9640128  2.96016049 2.95630851
 2.95245684 2.94860549 2.94475446 2.94090374 2.93705335 2.93320327
 2.92935351 2.92550407 2.92165494 2.91780613 2.91395764 2.91010947
 2.90626161 2.90241407 2.89856685 2.89471995 2.89087336 2.88702709
 2.88318114 2.8793355  2.87549018 2.87164518 2.8678005  2.86395613
 2.86011208 2.85626835 2.85242493 2.84858183 2.84473905 2.84089658
 2.83705443 2.8332126  2.82937108 2.82552988 2.821689   2.81784844
 2.81400819 2.81016825 2.80632863 2.80248933 2.79865035 2.79481168
 2.79097333 2.78713529 2.78329757 2.77946017 2.77562308 2.77178631
 2.76794986 2.76411372 2.7602779  2.75644239 2.7526072  2.74877232
 2.74493776 2.74110352 2.73726959 2.73343598 2.72960268 2.7257697
 2.72193703 2.71810468 2.71427265 2.71044093 2.70660953 2.70277844
 2.69894767 2.69511721 2.69128707 2.68745724 2.68362773 2.67979853
 2.67596965 2.67214108 2.66831283 2.66448489 2.66065727 2.65682997
 2.65300298 2.6491763  2.64534994 2.64152389 2.63769816 2.63387274
 2.63004764 2.62622285 2.62239838 2.61857422 2.61475037 2.61092684
 2.60710363 2.60328073 2.59945814 2.59563587 2.59181391 2.58799227
 2.58417094 2.58034992 2.57652922 2.57270883 2.56888876 2.565069
 2.56124956 2.55743043 2.55361161 2.54979311 2.54597492 2.54215705
 2.53833948 2.53452224 2.5307053  2.52688868 2.52307238 2.51925639
 2.51544071 2.51162534 2.50781029 2.50399555 2.50018113 2.49636702
 2.49255322 2.48873973 2.48492656 2.48111371 2.47730116 2.47348893
 2.46967701 2.46586541 2.46205412 2.45824314 2.45443247 2.45062212
 2.44681208 2.44300235 2.43919294 2.43538384 2.43157505 2.42776658
 2.42395841 2.42015056 2.41634303 2.4125358  2.40872889 2.40492229
 2.40111601 2.39731003 2.39350437 2.38969902 2.38589399 2.38208926
 2.37828485 2.37448075 2.37067697 2.36687349 2.36307033 2.35926748
 2.35546494 2.35166272 2.34786081 2.3440592  2.34025792 2.33645694
 2.33265627 2.32885592 2.32505588 2.32125615 2.31745673 2.31365763
 2.30985884 2.30606035 2.30226218 2.29846433 2.29466678 2.29086954
 2.28707262 2.28327601 2.27947971 2.27568372 2.27188804 2.26809268
 2.26429763 2.26050288 2.25670845 2.25291433 2.24912052 2.24532703
 2.24153384 2.23774097 2.2339484  2.23015615 2.22636421 2.22257258
 2.21878126 2.21499026 2.21119956 2.20740918 2.2036191  2.19982934
 2.19603989 2.19225074 2.18846191 2.1846734  2.18088519 2.17709729
 2.1733097  2.16952243 2.16573546 2.16194881 2.15816246 2.15437643
 2.15059071 2.14680529 2.14302019 2.1392354  2.13545092 2.13166675
 2.12788289 2.12409935 2.12031611 2.11653318 2.11275056 2.10896826
 2.10518626 2.10140457 2.0976232  2.09384213 2.09006138 2.08628093
 2.0825008  2.07872097 2.07494146 2.07116226 2.06738336 2.06360478
 2.05982651 2.05604854 2.05227089 2.04849355 2.04471651 2.04093979
 2.03716338 2.03338727 2.02961148 2.025836   2.02206082 2.01828596
 2.01451141 2.01073716 2.00696323 2.00318961 1.99941629 1.99564329
 1.99187059 1.98809821 1.98432614 1.98055437 1.97678292 1.97301177
 1.96924093 1.96547041 1.96170019 1.95793029 1.95416069 1.9503914
 1.94662242 1.94285376 1.9390854  1.93531735 1.93154961 1.92778218
 1.92401506 1.92024825 1.91648175 1.91271556 1.90894968 1.90518411
 1.90141885 1.89765389 1.89388925 1.89012492 1.88636089 1.88259718
 1.87883378 1.87507068 1.87130789 1.86754542 1.86378325 1.86002139
 1.85625985 1.85249861 1.84873768 1.84497706 1.84121675 1.83745675
 1.83369706 1.82993768 1.82617861 1.82241985 1.81866139 1.81490325
 1.81114542 1.80738789 1.80363068 1.79987378 1.79611718 1.7923609
 1.78860492 1.78484925 1.7810939  1.77733885 1.77358411 1.76982968
 1.76607557 1.76232176 1.75856826 1.75481507 1.75106219 1.74730962
 1.74355736 1.73980541 1.73605377 1.73230244 1.72855142 1.72480071
 1.72105031 1.71730021 1.71355043 1.70980096 1.7060518  1.70230295
 1.69855441 1.69480617 1.69105825 1.68731064 1.68356334 1.67981635
 1.67606967 1.67232329 1.66857723 1.66483148 1.66108604 1.65734091
 1.65359609 1.64985158 1.64610738 1.64236349 1.63861992 1.63487665
 1.63113369 1.62739104 1.62364871 1.61990668 1.61616497 1.61242356
 1.60868247 1.60494169 1.60120122 1.59746106 1.59372121 1.58998167
 1.58624244 1.58250353 1.57876492 1.57502663 1.57128865 1.56755098
 1.56381362 1.56007657 1.55633983 1.55260341 1.5488673  1.5451315
 1.54139601 1.53766083 1.53392597 1.53019141 1.52645717 1.52272324
 1.51898963 1.51525632 1.51152333 1.50779065 1.50405829 1.50032623
 1.49659449 1.49286307 1.48913195 1.48540115 1.48167066 1.47794049
 1.47421062 1.47048107 1.46675184 1.46302292 1.45929431 1.45556602
 1.45183804 1.44811037 1.44438302 1.44065598 1.43692926 1.43320285
 1.42947676 1.42575098 1.42202552 1.41830037 1.41457554 1.41085102
 1.40712681 1.40340293 1.39967936 1.3959561  1.39223316 1.38851054
 1.38478823 1.38106624 1.37734457 1.37362321 1.36990217 1.36618145
 1.36246104 1.35874095 1.35502118 1.35130173 1.34758259 1.34386377
 1.34014528 1.3364271  1.33270923 1.32899169 1.32527447 1.32155756
 1.31784098 1.31412471 1.31040877 1.30669314 1.30297784 1.29926285
 1.29554819 1.29183385 1.28811983 1.28440613 1.28069275 1.27697969
 1.27326696 1.26955454 1.26584246 1.26213069 1.25841925 1.25470813
 1.25099733 1.24728686 1.24357671 1.23986689 1.23615739 1.23244822
 1.22873937 1.22503085 1.22132266 1.21761479 1.21390724 1.21020003
 1.20649314 1.20278658 1.19908035 1.19537445 1.19166887 1.18796363
 1.18425871 1.18055413 1.17684987 1.17314595 1.16944235 1.16573909
 1.16203616 1.15833356 1.1546313  1.15092936 1.14722776 1.1435265
 1.13982557 1.13612497 1.13242471 1.12872479 1.1250252  1.12132595
 1.11762704 1.11392846 1.11023023 1.10653233 1.10283477 1.09913755
 1.09544067 1.09174413 1.08804794 1.08435209 1.08065658 1.07696141
 1.07326659 1.06957211 1.06587797 1.06218419 1.05849075 1.05479765
 1.05110491 1.04741251 1.04372047 1.04002877 1.03633742 1.03264643
 1.02895579 1.0252655  1.02157556 1.01788598 1.01419676 1.01050789
 1.00681938 1.00313123 0.99944343 0.995756   0.99206892 0.98838221
 0.98469586 0.98100988 0.97732425 0.973639   0.96995411 0.96626959
 0.96258543 0.95890165 0.95521824 0.9515352  0.94785253 0.94417024
 0.94048832 0.93680677 0.93312561 0.92944483 0.92576442 0.9220844
 0.91840476 0.9147255  0.91104663 0.90736815 0.90369005 0.90001235
 0.89633503 0.89265811 0.88898159 0.88530545 0.88162972 0.87795439
 0.87427945 0.87060492 0.8669308  0.86325708 0.85958376 0.85591086
 0.85223837 0.84856629 0.84489463 0.84122339 0.83755256 0.83388216
 0.83021218 0.82654262 0.8228735  0.8192048  0.81553654 0.81186871
 0.80820132 0.80453437 0.80086786 0.7972018  0.79353618 0.78987101
 0.7862063  0.78254204 0.77887824 0.77521491 0.77155203 0.76788963
 0.7642277  0.76056624 0.75690525 0.75324475 0.74958473 0.7459252
 0.74226616 0.73860762 0.73494957 0.73129202 0.72763499 0.72397846
 0.72032244 0.71666695 0.71301197 0.70935753 0.70570361 0.70205024
 0.6983974  0.69474511 0.69109337 0.68744219 0.68379156 0.68014151
 0.67649203 0.67284312 0.6691948  0.66554706 0.66189993 0.65825339
 0.65460746 0.65096215 0.64731746 0.64367339 0.64002997 0.63638718
 0.63274505 0.62910357 0.62546276 0.62182262 0.61818316 0.6145444
 0.61090633 0.60886506 0.60522767 0.60159101 0.59795508 0.59431989
 0.59068544 0.58705176 0.58341884 0.57978671 0.57615537 0.57252483
 0.56889511 0.56526622 0.56163817 0.55801097 0.55438465 0.55075921
 0.54713466 0.54351103 0.53988832 0.53626656 0.53264576 0.52902594
 0.52540711 0.52178929 0.5181725  0.51455677 0.5109421  0.50732852
 0.50371606 0.50010473 0.49649456 0.49288557 0.48927778 0.48567122
 0.48206592 0.4784619  0.4748592  0.47125783 0.46765783 0.46405924
 0.46046207 0.45686638 0.45327219 0.44967953 0.44608845 0.44249899
 0.43891118 0.43532506 0.43174069 0.42815811 0.42457736 0.42099849
 0.41742156 0.41384662 0.41027372 0.40670292 0.40313429 0.39956788
 0.39600377 0.39244201 0.38888269 0.38532588 0.38177166 0.37822011
 0.37467132 0.37112538 0.36758237 0.36404241 0.3605056  0.35697204
 0.35344186 0.34991516 0.34639209 0.34287277 0.33935734 0.33584595
 0.33233876 0.32883593 0.32533764 0.32184407 0.31835542 0.31487188
 0.31139369 0.30792106 0.30445424 0.3009935  0.2975391  0.29409134
 0.29065053 0.28721701 0.28379112 0.28037325 0.27696379 0.27356319
 0.27017189 0.2667904  0.26341925 0.26005901 0.25671029 0.25337375
 0.25005012 0.24674015 0.24344469 0.24016465 0.236901   0.23365481
 0.23042725 0.2272196  0.22403324 0.22086969 0.21773065 0.21461794
 0.21153361 0.20847991 0.20545935 0.20247471 0.19952909 0.19662599
 0.19376931 0.19096347 0.18821348 0.18552502 0.1829046  0.18035969
 0.17789891 0.1755323  0.17327155 0.17113048 0.16912545 0.16727606
 0.16560597 0.16414411 0.16292621 0.16199706 0.16141365 0.16124985
 0.16160337 0.16260675 0.16444512 0.16738656]
t =  [1.04971504e+09 1.04971508e+09 1.04971512e+09 1.04971517e+09
 1.04971521e+09 1.04971525e+09 1.04971529e+09 1.04971533e+09
 1.04971538e+09 1.04971542e+09 1.04971546e+09 1.04971550e+09
 1.04971554e+09 1.04971559e+09 1.04971563e+09 1.04971567e+09
 1.04971571e+09 1.04971575e+09 1.04971580e+09 1.04971584e+09
 1.04971588e+09 1.04971592e+09 1.04971597e+09 1.04971601e+09
 1.04971605e+09 1.04971609e+09 1.04971613e+09 1.04971618e+09
 1.04971622e+09 1.04971626e+09 1.04971630e+09 1.04971634e+09
 1.04971639e+09 1.04971643e+09 1.04971647e+09 1.04971651e+09
 1.04971655e+09 1.04971660e+09 1.04971664e+09 1.04971668e+09
 1.04971672e+09 1.04971677e+09 1.04971681e+09 1.04971685e+09
 1.04971689e+09 1.04971693e+09 1.04971698e+09 1.04971702e+09
 1.04971706e+09 1.04971710e+09 1.04971714e+09 1.04971719e+09
 1.04971723e+09 1.04971727e+09 1.04971731e+09 1.04971736e+09
 1.04971740e+09 1.04971744e+09 1.04971748e+09 1.04971752e+09
 1.04971757e+09 1.04971761e+09 1.04971765e+09 1.04971769e+09
 1.04971773e+09 1.04971778e+09 1.04971782e+09 1.04971786e+09
 1.04971790e+09 1.04971794e+09 1.04971799e+09 1.04971803e+09
 1.04971807e+09 1.04971811e+09 1.04971816e+09 1.04971820e+09
 1.04971824e+09 1.04971828e+09 1.04971832e+09 1.04971837e+09
 1.04971841e+09 1.04971845e+09 1.04971849e+09 1.04971853e+09
 1.04971858e+09 1.04971862e+09 1.04971866e+09 1.04971870e+09
 1.04971874e+09 1.04971879e+09 1.04971883e+09 1.04971887e+09
 1.04971891e+09 1.04971896e+09 1.04971900e+09 1.04971904e+09
 1.04971908e+09 1.04971912e+09 1.04971917e+09 1.04971921e+09
 1.04971925e+09 1.04971929e+09 1.04971933e+09 1.04971938e+09
 1.04971942e+09 1.04971946e+09 1.04971950e+09 1.04971954e+09
 1.04971959e+09 1.04971963e+09 1.04971967e+09 1.04971971e+09
 1.04971976e+09 1.04971980e+09 1.04971984e+09 1.04971988e+09
 1.04971992e+09 1.04971997e+09 1.04972001e+09 1.04972005e+09
 1.04972009e+09 1.04972013e+09 1.04972018e+09 1.04972022e+09
 1.04972026e+09 1.04972030e+09 1.04972034e+09 1.04972039e+09
 1.04972043e+09 1.04972047e+09 1.04972051e+09 1.04972056e+09
 1.04972060e+09 1.04972064e+09 1.04972068e+09 1.04972072e+09
 1.04972077e+09 1.04972081e+09 1.04972085e+09 1.04972089e+09
 1.04972093e+09 1.04972098e+09 1.04972102e+09 1.04972106e+09
 1.04972110e+09 1.04972114e+09 1.04972119e+09 1.04972123e+09
 1.04972127e+09 1.04972131e+09 1.04972136e+09 1.04972140e+09
 1.04972144e+09 1.04972148e+09 1.04972152e+09 1.04972157e+09
 1.04972161e+09 1.04972165e+09 1.04972169e+09 1.04972173e+09
 1.04972178e+09 1.04972182e+09 1.04972186e+09 1.04972190e+09
 1.04972194e+09 1.04972199e+09 1.04972203e+09 1.04972207e+09
 1.04972211e+09 1.04972216e+09 1.04972220e+09 1.04972224e+09
 1.04972228e+09 1.04972232e+09 1.04972237e+09 1.04972241e+09
 1.04972245e+09 1.04972249e+09 1.04972253e+09 1.04972258e+09
 1.04972262e+09 1.04972266e+09 1.04972270e+09 1.04972274e+09
 1.04972279e+09 1.04972283e+09 1.04972287e+09 1.04972291e+09
 1.04972296e+09 1.04972300e+09 1.04972304e+09 1.04972308e+09
 1.04972312e+09 1.04972317e+09 1.04972321e+09 1.04972325e+09
 1.04972329e+09 1.04972333e+09 1.04972338e+09 1.04972342e+09
 1.04972346e+09 1.04972350e+09 1.04972354e+09 1.04972359e+09
 1.04972363e+09 1.04972367e+09 1.04972371e+09 1.04972376e+09
 1.04972380e+09 1.04972384e+09 1.04972388e+09 1.04972392e+09
 1.04972397e+09 1.04972401e+09 1.04972405e+09 1.04972409e+09
 1.04972413e+09 1.04972418e+09 1.04972422e+09 1.04972426e+09
 1.04972430e+09 1.04972434e+09 1.04972439e+09 1.04972443e+09
 1.04972447e+09 1.04972451e+09 1.04972456e+09 1.04972460e+09
 1.04972464e+09 1.04972468e+09 1.04972472e+09 1.04972477e+09
 1.04972481e+09 1.04972485e+09 1.04972489e+09 1.04972493e+09
 1.04972498e+09 1.04972502e+09 1.04972506e+09 1.04972510e+09
 1.04972514e+09 1.04972519e+09 1.04972523e+09 1.04972527e+09
 1.04972531e+09 1.04972536e+09 1.04972540e+09 1.04972544e+09
 1.04972548e+09 1.04972552e+09 1.04972557e+09 1.04972561e+09
 1.04972565e+09 1.04972569e+09 1.04972573e+09 1.04972578e+09
 1.04972582e+09 1.04972586e+09 1.04972590e+09 1.04972594e+09
 1.04972599e+09 1.04972603e+09 1.04972607e+09 1.04972611e+09
 1.04972616e+09 1.04972620e+09 1.04972624e+09 1.04972628e+09
 1.04972632e+09 1.04972637e+09 1.04972641e+09 1.04972645e+09
 1.04972649e+09 1.04972653e+09 1.04972658e+09 1.04972662e+09
 1.04972666e+09 1.04972670e+09 1.04972674e+09 1.04972679e+09
 1.04972683e+09 1.04972687e+09 1.04972691e+09 1.04972696e+09
 1.04972700e+09 1.04972704e+09 1.04972708e+09 1.04972712e+09
 1.04972717e+09 1.04972721e+09 1.04972725e+09 1.04972729e+09
 1.04972733e+09 1.04972738e+09 1.04972742e+09 1.04972746e+09
 1.04972750e+09 1.04972754e+09 1.04972759e+09 1.04972763e+09
 1.04972767e+09 1.04972771e+09 1.04972776e+09 1.04972780e+09
 1.04972784e+09 1.04972788e+09 1.04972792e+09 1.04972797e+09
 1.04972801e+09 1.04972805e+09 1.04972809e+09 1.04972813e+09
 1.04972818e+09 1.04972822e+09 1.04972826e+09 1.04972830e+09
 1.04972834e+09 1.04972839e+09 1.04972843e+09 1.04972847e+09
 1.04972851e+09 1.04972856e+09 1.04972860e+09 1.04972864e+09
 1.04972868e+09 1.04972872e+09 1.04972877e+09 1.04972881e+09
 1.04972885e+09 1.04972889e+09 1.04972893e+09 1.04972898e+09
 1.04972902e+09 1.04972906e+09 1.04972910e+09 1.04972914e+09
 1.04972919e+09 1.04972923e+09 1.04972927e+09 1.04972931e+09
 1.04972936e+09 1.04972940e+09 1.04972944e+09 1.04972948e+09
 1.04972952e+09 1.04972957e+09 1.04972961e+09 1.04972965e+09
 1.04972969e+09 1.04972973e+09 1.04972978e+09 1.04972982e+09
 1.04972986e+09 1.04972990e+09 1.04972994e+09 1.04972999e+09
 1.04973003e+09 1.04973007e+09 1.04973011e+09 1.04973016e+09
 1.04973020e+09 1.04973024e+09 1.04973028e+09 1.04973032e+09
 1.04973037e+09 1.04973041e+09 1.04973045e+09 1.04973049e+09
 1.04973053e+09 1.04973058e+09 1.04973062e+09 1.04973066e+09
 1.04973070e+09 1.04973074e+09 1.04973079e+09 1.04973083e+09
 1.04973087e+09 1.04973091e+09 1.04973096e+09 1.04973100e+09
 1.04973104e+09 1.04973108e+09 1.04973112e+09 1.04973117e+09
 1.04973121e+09 1.04973125e+09 1.04973129e+09 1.04973133e+09
 1.04973138e+09 1.04973142e+09 1.04973146e+09 1.04973150e+09
 1.04973154e+09 1.04973159e+09 1.04973163e+09 1.04973167e+09
 1.04973171e+09 1.04973176e+09 1.04973180e+09 1.04973184e+09
 1.04973188e+09 1.04973192e+09 1.04973197e+09 1.04973201e+09
 1.04973205e+09 1.04973209e+09 1.04973213e+09 1.04973218e+09
 1.04973222e+09 1.04973226e+09 1.04973230e+09 1.04973234e+09
 1.04973239e+09 1.04973243e+09 1.04973247e+09 1.04973251e+09
 1.04973256e+09 1.04973260e+09 1.04973264e+09 1.04973268e+09
 1.04973272e+09 1.04973277e+09 1.04973281e+09 1.04973285e+09
 1.04973289e+09 1.04973293e+09 1.04973298e+09 1.04973302e+09
 1.04973306e+09 1.04973310e+09 1.04973314e+09 1.04973319e+09
 1.04973323e+09 1.04973327e+09 1.04973331e+09 1.04973336e+09
 1.04973340e+09 1.04973344e+09 1.04973348e+09 1.04973352e+09
 1.04973357e+09 1.04973361e+09 1.04973365e+09 1.04973369e+09
 1.04973373e+09 1.04973378e+09 1.04973382e+09 1.04973386e+09
 1.04973390e+09 1.04973394e+09 1.04973399e+09 1.04973403e+09
 1.04973407e+09 1.04973411e+09 1.04973416e+09 1.04973420e+09
 1.04973424e+09 1.04973428e+09 1.04973432e+09 1.04973437e+09
 1.04973441e+09 1.04973445e+09 1.04973449e+09 1.04973453e+09
 1.04973458e+09 1.04973462e+09 1.04973466e+09 1.04973470e+09
 1.04973474e+09 1.04973479e+09 1.04973483e+09 1.04973487e+09
 1.04973491e+09 1.04973496e+09 1.04973500e+09 1.04973504e+09
 1.04973508e+09 1.04973512e+09 1.04973517e+09 1.04973521e+09
 1.04973525e+09 1.04973529e+09 1.04973533e+09 1.04973538e+09
 1.04973542e+09 1.04973546e+09 1.04973550e+09 1.04973554e+09
 1.04973559e+09 1.04973563e+09 1.04973567e+09 1.04973571e+09
 1.04973576e+09 1.04973580e+09 1.04973584e+09 1.04973588e+09
 1.04973592e+09 1.04973597e+09 1.04973601e+09 1.04973605e+09
 1.04973609e+09 1.04973613e+09 1.04973618e+09 1.04973622e+09
 1.04973626e+09 1.04973630e+09 1.04973634e+09 1.04973639e+09
 1.04973643e+09 1.04973647e+09 1.04973651e+09 1.04973656e+09
 1.04973660e+09 1.04973664e+09 1.04973668e+09 1.04973672e+09
 1.04973677e+09 1.04973681e+09 1.04973685e+09 1.04973689e+09
 1.04973693e+09 1.04973698e+09 1.04973702e+09 1.04973706e+09
 1.04973710e+09 1.04973714e+09 1.04973719e+09 1.04973723e+09
 1.04973727e+09 1.04973731e+09 1.04973736e+09 1.04973740e+09
 1.04973744e+09 1.04973748e+09 1.04973752e+09 1.04973757e+09
 1.04973761e+09 1.04973765e+09 1.04973769e+09 1.04973773e+09
 1.04973778e+09 1.04973782e+09 1.04973786e+09 1.04973790e+09
 1.04973794e+09 1.04973799e+09 1.04973803e+09 1.04973807e+09
 1.04973811e+09 1.04973816e+09 1.04973820e+09 1.04973824e+09
 1.04973828e+09 1.04973832e+09 1.04973837e+09 1.04973841e+09
 1.04973845e+09 1.04973849e+09 1.04973853e+09 1.04973858e+09
 1.04973862e+09 1.04973866e+09 1.04973870e+09 1.04973874e+09
 1.04973879e+09 1.04973883e+09 1.04973887e+09 1.04973891e+09
 1.04973896e+09 1.04973900e+09 1.04973904e+09 1.04973908e+09
 1.04973912e+09 1.04973917e+09 1.04973921e+09 1.04973925e+09
 1.04973929e+09 1.04973933e+09 1.04973938e+09 1.04973942e+09
 1.04973946e+09 1.04973950e+09 1.04973954e+09 1.04973959e+09
 1.04973963e+09 1.04973967e+09 1.04973971e+09 1.04973976e+09
 1.04973980e+09 1.04973984e+09 1.04973988e+09 1.04973992e+09
 1.04973997e+09 1.04974001e+09 1.04974005e+09 1.04974009e+09
 1.04974013e+09 1.04974018e+09 1.04974022e+09 1.04974026e+09
 1.04974030e+09 1.04974034e+09 1.04974039e+09 1.04974043e+09
 1.04974047e+09 1.04974051e+09 1.04974056e+09 1.04974060e+09
 1.04974064e+09 1.04974068e+09 1.04974072e+09 1.04974077e+09
 1.04974081e+09 1.04974085e+09 1.04974089e+09 1.04974093e+09
 1.04974098e+09 1.04974102e+09 1.04974106e+09 1.04974110e+09
 1.04974114e+09 1.04974119e+09 1.04974123e+09 1.04974127e+09
 1.04974131e+09 1.04974136e+09 1.04974140e+09 1.04974144e+09
 1.04974148e+09 1.04974152e+09 1.04974157e+09 1.04974161e+09
 1.04974165e+09 1.04974169e+09 1.04974173e+09 1.04974178e+09
 1.04974182e+09 1.04974186e+09 1.04974190e+09 1.04974194e+09
 1.04974199e+09 1.04974203e+09 1.04974207e+09 1.04974211e+09
 1.04974216e+09 1.04974220e+09 1.04974224e+09 1.04974228e+09
 1.04974232e+09 1.04974237e+09 1.04974241e+09 1.04974245e+09
 1.04974249e+09 1.04974253e+09 1.04974258e+09 1.04974262e+09
 1.04974266e+09 1.04974270e+09 1.04974274e+09 1.04974279e+09
 1.04974283e+09 1.04974287e+09 1.04974291e+09 1.04974296e+09
 1.04974300e+09 1.04974304e+09 1.04974308e+09 1.04974312e+09
 1.04974317e+09 1.04974321e+09 1.04974325e+09 1.04974329e+09
 1.04974333e+09 1.04974338e+09 1.04974342e+09 1.04974346e+09
 1.04974350e+09 1.04974354e+09 1.04974359e+09 1.04974363e+09
 1.04974367e+09 1.04974371e+09 1.04974376e+09 1.04974380e+09
 1.04974384e+09 1.04974388e+09 1.04974392e+09 1.04974397e+09
 1.04974401e+09 1.04974405e+09 1.04974409e+09 1.04974413e+09
 1.04974418e+09 1.04974422e+09 1.04974426e+09 1.04974430e+09
 1.04974434e+09 1.04974439e+09 1.04974443e+09 1.04974447e+09
 1.04974451e+09 1.04974456e+09 1.04974460e+09 1.04974464e+09
 1.04974468e+09 1.04974472e+09 1.04974477e+09 1.04974481e+09
 1.04974485e+09 1.04974489e+09 1.04974493e+09 1.04974498e+09
 1.04974502e+09 1.04974506e+09 1.04974510e+09 1.04974514e+09
 1.04974519e+09 1.04974523e+09 1.04974527e+09 1.04974531e+09
 1.04974536e+09 1.04974540e+09 1.04974544e+09 1.04974548e+09
 1.04974552e+09 1.04974557e+09 1.04974561e+09 1.04974565e+09
 1.04974569e+09 1.04974573e+09 1.04974578e+09 1.04974582e+09
 1.04974586e+09 1.04974590e+09 1.04974594e+09 1.04974599e+09
 1.04974603e+09 1.04974607e+09 1.04974611e+09 1.04974616e+09
 1.04974620e+09 1.04974624e+09 1.04974628e+09 1.04974632e+09
 1.04974637e+09 1.04974641e+09 1.04974645e+09 1.04974649e+09
 1.04974653e+09 1.04974658e+09 1.04974662e+09 1.04974666e+09
 1.04974670e+09 1.04974674e+09 1.04974679e+09 1.04974683e+09
 1.04974687e+09 1.04974691e+09 1.04974696e+09 1.04974700e+09
 1.04974704e+09 1.04974708e+09 1.04974712e+09 1.04974717e+09
 1.04974721e+09 1.04974725e+09 1.04974729e+09 1.04974733e+09
 1.04974738e+09 1.04974742e+09 1.04974746e+09 1.04974750e+09
 1.04974754e+09 1.04974759e+09 1.04974763e+09 1.04974767e+09
 1.04974771e+09 1.04974776e+09 1.04974780e+09 1.04974784e+09
 1.04974788e+09 1.04974792e+09 1.04974797e+09 1.04974801e+09
 1.04974805e+09 1.04974809e+09 1.04974813e+09 1.04974818e+09
 1.04974822e+09 1.04974826e+09 1.04974830e+09 1.04974834e+09
 1.04974839e+09 1.04974843e+09 1.04974847e+09 1.04974851e+09
 1.04974856e+09 1.04974860e+09 1.04974864e+09 1.04974868e+09
 1.04974872e+09 1.04974877e+09 1.04974881e+09 1.04974885e+09
 1.04974889e+09 1.04974893e+09 1.04974898e+09 1.04974902e+09
 1.04974906e+09 1.04974910e+09 1.04974914e+09 1.04974919e+09
 1.04974923e+09 1.04974927e+09 1.04974931e+09 1.04974936e+09
 1.04974940e+09 1.04974944e+09 1.04974948e+09 1.04974952e+09
 1.04974957e+09 1.04974961e+09 1.04974965e+09 1.04974969e+09
 1.04974973e+09 1.04974978e+09 1.04974982e+09 1.04974986e+09
 1.04974990e+09 1.04974994e+09 1.04974999e+09 1.04975003e+09
 1.04975007e+09 1.04975011e+09 1.04975016e+09 1.04975020e+09
 1.04975024e+09 1.04975028e+09 1.04975032e+09 1.04975037e+09
 1.04975041e+09 1.04975045e+09 1.04975049e+09 1.04975053e+09
 1.04975058e+09 1.04975062e+09 1.04975066e+09 1.04975070e+09
 1.04975074e+09 1.04975079e+09 1.04975083e+09 1.04975087e+09
 1.04975091e+09 1.04975096e+09 1.04975100e+09 1.04975104e+09
 1.04975108e+09 1.04975112e+09 1.04975117e+09 1.04975121e+09
 1.04975125e+09 1.04975129e+09 1.04975133e+09 1.04975138e+09
 1.04975142e+09 1.04975146e+09 1.04975150e+09 1.04975154e+09
 1.04975159e+09 1.04975163e+09 1.04975167e+09 1.04975171e+09
 1.04975176e+09 1.04975180e+09 1.04975184e+09 1.04975188e+09
 1.04975192e+09 1.04975197e+09 1.04975201e+09 1.04975205e+09
 1.04975209e+09 1.04975213e+09 1.04975218e+09 1.04975222e+09
 1.04975226e+09 1.04975230e+09 1.04975234e+09 1.04975239e+09
 1.04975243e+09 1.04975247e+09 1.04975251e+09 1.04975256e+09
 1.04975260e+09 1.04975264e+09 1.04975268e+09 1.04975272e+09
 1.04975277e+09 1.04975281e+09 1.04975285e+09 1.04975289e+09
 1.04975293e+09 1.04975298e+09 1.04975302e+09 1.04975306e+09
 1.04975310e+09 1.04975314e+09 1.04975319e+09 1.04975323e+09
 1.04975327e+09 1.04975331e+09 1.04975336e+09 1.04975340e+09
 1.04975344e+09 1.04975348e+09 1.04975352e+09 1.04975357e+09
 1.04975361e+09 1.04975365e+09 1.04975369e+09 1.04975373e+09
 1.04975378e+09 1.04975382e+09 1.04975386e+09 1.04975390e+09
 1.04975394e+09 1.04975399e+09 1.04975403e+09 1.04975407e+09
 1.04975411e+09 1.04975416e+09 1.04975420e+09 1.04975424e+09
 1.04975428e+09 1.04975432e+09 1.04975437e+09 1.04975441e+09
 1.04975445e+09 1.04975449e+09 1.04975453e+09 1.04975458e+09
 1.04975462e+09 1.04975466e+09 1.04975470e+09 1.04975475e+09
 1.04975479e+09 1.04975483e+09 1.04975487e+09 1.04975491e+09
 1.04975496e+09 1.04975500e+09 1.04975504e+09 1.04975508e+09
 1.04975512e+09 1.04975517e+09 1.04975521e+09 1.04975525e+09
 1.04975529e+09 1.04975533e+09 1.04975538e+09 1.04975542e+09
 1.04975546e+09 1.04975550e+09 1.04975555e+09 1.04975559e+09
 1.04975563e+09 1.04975567e+09 1.04975571e+09 1.04975576e+09
 1.04975580e+09 1.04975584e+09 1.04975588e+09 1.04975592e+09
 1.04975597e+09 1.04975601e+09 1.04975605e+09 1.04975609e+09
 1.04975613e+09 1.04975618e+09 1.04975622e+09 1.04975626e+09
 1.04975630e+09 1.04975635e+09 1.04975639e+09 1.04975643e+09
 1.04975647e+09 1.04975651e+09 1.04975656e+09 1.04975660e+09
 1.04975664e+09 1.04975668e+09 1.04975672e+09 1.04975677e+09
 1.04975681e+09 1.04975685e+09 1.04975689e+09 1.04975693e+09
 1.04975698e+09 1.04975702e+09 1.04975706e+09 1.04975710e+09]
minRes = 0.16124984759379482
minResTime =  [1.04975693e+09]
