name =JUICE_ROI_CAL_7_0_08
flyby =  ['2033 MAY 10 08:21:32', '2033 MAY 11 08:21:32']
Observation TW =  <SpiceCell dtype = 1, length = 0, size = 3400, card = 14, is_set = 1, adjust = 0, init = 1, base = 2554807853088, data = 2554807853136>
Res(t) =  [4.64932911 4.64520781 4.64108641 4.63696491 4.6328433  4.62872159
 4.62459977 4.62047785 4.61635582 4.61223369 4.60811145 4.60398911
 4.59986666 4.59574411 4.59162145 4.58749868 4.58337582 4.57925284
 4.57512976 4.57100658 4.56688329 4.5627599  4.55863639 4.55451279
 4.55038908 4.54626526 4.54214134 4.53801731 4.53389317 4.52976893
 4.52564458 4.52152013 4.51739557 4.51327091 4.50914614 4.50502126
 4.50089628 4.49677119 4.49264599 4.48852069 4.48439528 4.48026976
 4.47614414 4.47201842 4.46789258 4.46376664 4.45964059 4.45551444
 4.45138817 4.4472618  4.44313533 4.43900875 4.43488206 4.43075526
 4.42662836 4.42250135 4.41837423 4.414247   4.41011967 4.40599223
 4.40186468 4.39773703 4.39360926 4.38948139 4.38535342 4.38122533
 4.37709714 4.37296884 4.36884043 4.36471191 4.36058329 4.35645456
 4.35232572 4.34819677 4.34406771 4.33993855 4.33580928 4.3316799
 4.32755041 4.32342081 4.31929111 4.31516129 4.31103137 4.30690134
 4.3027712  4.29864095 4.2945106  4.29038013 4.28624956 4.28211888
 4.27798808 4.27385718 4.26972617 4.26559506 4.26146383 4.25733249
 4.25320105 4.24906949 4.24493783 4.24080606 4.23667418 4.23254218
 4.22841008 4.22427787 4.22014555 4.21601313 4.21188059 4.20774794
 4.20361518 4.19948231 4.19534934 4.19121625 4.18708305 4.18294975
 4.17881633 4.1746828  4.17054917 4.16641542 4.16228156 4.1581476
 4.15401352 4.14987933 4.14574504 4.14161063 4.13747611 4.13334148
 4.12920674 4.1250719  4.12093694 4.11680187 4.11266669 4.10853139
 4.10439599 4.10026048 4.09612486 4.09198912 4.08785328 4.08371732
 4.07958125 4.07544507 4.07130879 4.06717239 4.06303587 4.05889925
 4.05476252 4.05062567 4.04648872 4.04235165 4.03821447 4.03407718
 4.02993978 4.02580227 4.02166464 4.01752691 4.01338906 4.0092511
 4.00511303 4.00097485 3.99683655 3.99269815 3.98855963 3.984421
 3.98028226 3.9761434  3.97200444 3.96786536 3.96372617 3.95958687
 3.95544745 3.95130793 3.94716829 3.94302854 3.93888868 3.9347487
 3.93060861 3.92646841 3.9223281  3.91818768 3.91404714 3.90990649
 3.90576573 3.90162485 3.89748386 3.89334276 3.88920155 3.88506022
 3.88091878 3.87677723 3.87263557 3.86849379 3.8643519  3.86020989
 3.85606778 3.85192555 3.84778321 3.84364075 3.83949818 3.8353555
 3.8312127  3.82706979 3.82292677 3.81878364 3.81464039 3.81049703
 3.80635355 3.80220996 3.79806626 3.79392244 3.78977851 3.78563447
 3.78149031 3.77734604 3.77320166 3.76905716 3.76491255 3.76076782
 3.75662298 3.75247803 3.74833296 3.74418778 3.74004249 3.73589708
 3.73175156 3.72760592 3.72346017 3.7193143  3.71516832 3.71102223
 3.70687602 3.7027297  3.69858326 3.69443671 3.69029005 3.68614327
 3.68199638 3.67784937 3.67370225 3.66955501 3.66540766 3.6612602
 3.65711262 3.65296492 3.64881711 3.64466919 3.64052115 3.636373
 3.63222473 3.62807635 3.62392785 3.61977924 3.61563052 3.61148168
 3.60733272 3.60318365 3.59903446 3.59488516 3.59073575 3.58658622
 3.58243657 3.57828681 3.57413694 3.56998695 3.56583685 3.56168663
 3.55753629 3.55338584 3.54923528 3.5450846  3.5409338  3.53678289
 3.53263186 3.52848072 3.52432947 3.5201781  3.51602661 3.51187501
 3.50772329 3.50357146 3.49941951 3.49526745 3.49111527 3.48696298
 3.48281057 3.47865804 3.4745054  3.47035265 3.46619978 3.46204679
 3.45789369 3.45374047 3.44958714 3.44543369 3.44128013 3.43712645
 3.43297266 3.42881875 3.42466472 3.42051058 3.41635632 3.41220195
 3.40804746 3.40389286 3.39973814 3.39558331 3.39142836 3.38727329
 3.38311811 3.37896281 3.3748074  3.37065187 3.36649623 3.36234047
 3.35818459 3.3540286  3.3498725  3.34571627 3.34155994 3.33740348
 3.33324691 3.32909023 3.32493343 3.32077651 3.31661948 3.31246233
 3.30830507 3.30414769 3.2999902  3.29583259 3.29167486 3.28751702
 3.28335906 3.27920099 3.2750428  3.2708845  3.26672608 3.26256754
 3.25840889 3.25425012 3.25009124 3.24593224 3.24177313 3.2376139
 3.23345455 3.22929509 3.22513552 3.22097583 3.21681602 3.2126561
 3.20849606 3.20433591 3.20017564 3.19601525 3.19185475 3.18769414
 3.18353341 3.17937256 3.1752116  3.17105052 3.16688933 3.16272802
 3.1585666  3.15440506 3.15024341 3.14608164 3.14191975 3.13775776
 3.13359564 3.12943341 3.12527107 3.12110861 3.11694603 3.11278334
 3.10862054 3.10445761 3.10029458 3.09613143 3.09196816 3.08780478
 3.08364129 3.07947768 3.07531395 3.07115011 3.06698616 3.06282209
 3.05865791 3.05449361 3.0503292  3.04616467 3.04200003 3.03783527
 3.0336704  3.02950541 3.02534031 3.0211751  3.01700977 3.01284433
 3.00867877 3.0045131  3.00034731 2.99618141 2.9920154  2.98784927
 2.98368303 2.97951667 2.9753502  2.97118362 2.96701692 2.96285011
 2.95868319 2.95451615 2.950349   2.94618173 2.94201436 2.93784686
 2.93367926 2.92951154 2.92534371 2.92117576 2.91700771 2.91283954
 2.90867125 2.90450286 2.90033435 2.89616572 2.89199699 2.88782814
 2.88365918 2.87949011 2.87532092 2.87115163 2.86698222 2.86281269
 2.85864306 2.85447331 2.85030346 2.84613349 2.8419634  2.83779321
 2.83362291 2.82945249 2.82528196 2.82111132 2.81694057 2.81276971
 2.80859874 2.80442765 2.80025646 2.79608515 2.79191373 2.78774221
 2.78357057 2.77939882 2.77522696 2.77105499 2.76688291 2.76271072
 2.75853842 2.75436601 2.7501935  2.74602087 2.74184813 2.73767528
 2.73350232 2.72932926 2.72515608 2.7209828  2.71680941 2.7126359
 2.70846229 2.70428857 2.70011475 2.69594081 2.69176677 2.68759262
 2.68341836 2.67924399 2.67506951 2.67089493 2.66672024 2.66254545
 2.65837054 2.65419553 2.65002041 2.64584519 2.64166986 2.63749442
 2.63331888 2.62914323 2.62496747 2.62079161 2.61661565 2.61243957
 2.6082634  2.60408711 2.59991073 2.59573423 2.59155764 2.58738094
 2.58320413 2.57902722 2.57485021 2.57067309 2.56649587 2.56231855
 2.55814112 2.55396359 2.54978596 2.54560822 2.54143038 2.53725244
 2.5330744  2.52889625 2.52471801 2.52053966 2.51636121 2.51218266
 2.50800401 2.50382526 2.49964641 2.49546745 2.4912884  2.48710925
 2.48293    2.47875065 2.4745712  2.47039165 2.466212   2.46203225
 2.45785241 2.45367247 2.44949243 2.44531229 2.44113206 2.43695172
 2.4327713  2.42859077 2.42441015 2.42022944 2.41604862 2.41186772
 2.40768671 2.40350561 2.39932442 2.39514314 2.39096176 2.38678028
 2.38259871 2.37841705 2.3742353  2.37005345 2.36587151 2.36168948
 2.35750736 2.35332515 2.34914284 2.34496045 2.34077796 2.33659539
 2.33241272 2.32822997 2.32404712 2.31986419 2.31568117 2.31149806
 2.30731487 2.30313158 2.29894821 2.29476475 2.29058121 2.28639758
 2.28221386 2.27803006 2.27384618 2.26966221 2.26547816 2.26129402
 2.2571098  2.2529255  2.24874111 2.24455664 2.24037209 2.23618746
 2.23200275 2.22781796 2.22363309 2.21944814 2.21526311 2.211078
 2.20689282 2.20270756 2.19852221 2.1943368  2.1901513  2.18596573
 2.18178009 2.17759437 2.17340858 2.16922271 2.16503677 2.16085076
 2.15666467 2.15247851 2.14829228 2.14410598 2.13991962 2.13573318
 2.13154667 2.12736009 2.12317345 2.11898673 2.11479996 2.11061311
 2.1064262  2.10223922 2.09805218 2.09386508 2.08967791 2.08549068
 2.08130339 2.07711604 2.07292863 2.06874115 2.06455362 2.06036603
 2.05617838 2.05199067 2.0478029  2.04361508 2.03942721 2.03523928
 2.03105129 2.02686325 2.02267516 2.01848702 2.01429883 2.01011059
 2.00592229 2.00173395 1.99754556 1.99335713 1.98916865 1.98498012
 1.98079155 1.97660293 1.97241427 1.96822557 1.96403682 1.95984804
 1.95565922 1.95147035 1.94728145 1.94309252 1.93890354 1.93471454
 1.93052549 1.92633642 1.92214731 1.91795817 1.913769   1.9095798
 1.90539058 1.90120132 1.89701204 1.89282274 1.88863341 1.88444405
 1.88025468 1.87606528 1.87187587 1.86768643 1.86349698 1.85930751
 1.85511802 1.85092853 1.84673901 1.84254949 1.83835996 1.83417041
 1.82998086 1.8257913  1.82160174 1.81741217 1.8132226  1.80903302
 1.80484345 1.80065388 1.79646431 1.79227474 1.78808518 1.78389562
 1.77970607 1.77551654 1.77132701 1.76713749 1.76294799 1.7587585
 1.75456903 1.75037958 1.74619015 1.74200074 1.73781136 1.733622
 1.72943266 1.72524335 1.72105408 1.71686483 1.71267562 1.70848644
 1.7042973  1.7001082  1.69591914 1.69173012 1.68754114 1.68335221
 1.67916333 1.6749745  1.67078572 1.666597   1.66240833 1.65821972
 1.65403117 1.64984268 1.64565425 1.6414659  1.63727761 1.63308939
 1.62890124 1.62471317 1.62052518 1.61633727 1.61214944 1.6079617
 1.60377404 1.59958647 1.595399   1.59121162 1.58702433 1.58283715
 1.57865007 1.57446309 1.57027623 1.56608947 1.56190283 1.5577163
 1.55352989 1.54934361 1.54515745 1.54097141 1.53678551 1.53259975
 1.52841412 1.52422863 1.52004328 1.51585808 1.51167303 1.50748814
 1.5033034  1.49911882 1.49493441 1.49075016 1.48656609 1.48238219
 1.47819846 1.47401492 1.46983157 1.4656484  1.46146543 1.45728266
 1.45310009 1.44891772 1.44473556 1.44055362 1.4363719  1.43219039
 1.42800912 1.42382808 1.41964727 1.4154667  1.41128638 1.40710631
 1.4029265  1.39874694 1.39456765 1.39038863 1.38620989 1.38203142
 1.37785324 1.37367536 1.36949777 1.36532048 1.36114349 1.35696683
 1.35279048 1.34861445 1.34443876 1.34026341 1.3360884  1.33191373
 1.32773943 1.32356549 1.31939191 1.31521872 1.3110459  1.30687348
 1.30270145 1.29852983 1.29435862 1.29018783 1.28601747 1.28184754
 1.27767805 1.27350901 1.26934043 1.26517232 1.26100469 1.25683753
 1.25267087 1.24850471 1.24433906 1.24017393 1.23600933 1.23184527
 1.22768176 1.2235188  1.21935641 1.2151946  1.21103338 1.20687276
 1.20271274 1.19855335 1.19439459 1.19023647 1.18607901 1.18192222
 1.1777661  1.17361068 1.16945596 1.16530196 1.16114868 1.15699615
 1.15284438 1.14869337 1.14454315 1.14039373 1.13624513 1.13209735
 1.12795041 1.12380434 1.11965914 1.11551483 1.11137142 1.10722895
 1.10308741 1.09894683 1.09480723 1.09066863 1.08653104 1.08239448
 1.07825898 1.07412455 1.06999121 1.06585898 1.06172789 1.05759796
 1.05346921 1.04934165 1.04521532 1.04109024 1.03696643 1.03284392
 1.02872273 1.02460289 1.02048443 1.01636736 1.01225173 1.00813755
 1.00402486 0.99991369 0.99580406 0.99169601 0.98758957 0.98348478
 0.97938166 0.97528025 0.97118058 0.9670827  0.96298664 0.95889243
 0.95480011 0.95070973 0.94662133 0.94253494 0.93845061 0.93436839
 0.93028831 0.92621043 0.92213479 0.91806145 0.91399044 0.90992183
 0.90585566 0.90179199 0.89773088 0.89367238 0.88961656 0.88556346
 0.88151316 0.87746572 0.87342121 0.86937968 0.86474055 0.86069538
 0.85665325 0.85261424 0.84857842 0.84454586 0.84051665 0.83649087
 0.8324686  0.82844992 0.82443493 0.82042371 0.81641637 0.812413
 0.80841369 0.80441856 0.80042771 0.79644125 0.7924593  0.78848198
 0.7845094  0.7805417  0.77657901 0.77262146 0.76866919 0.76472234
 0.76078108 0.75684555 0.75291592 0.74899235 0.74507502 0.74116411
 0.73725981 0.7333623  0.72947179 0.7255885  0.72171264 0.71784443
 0.71398411 0.71013193 0.70628814 0.70245301 0.69862681 0.69480983
 0.69100238 0.68720477 0.68341732 0.67964037 0.67587429 0.67211944
 0.66837623 0.66464504 0.66092632 0.65722051 0.65352808 0.64984953
 0.64618536 0.64253612 0.63890237 0.63528473 0.63168381 0.62810028
 0.62453484 0.62098821 0.61746119 0.61395458 0.61046925 0.60700611
 0.60356613 0.60015034 0.59675982 0.59339573 0.59005928 0.58675177
 0.5834746  0.58022922 0.57701722 0.57384026 0.57070014 0.56759877
 0.56453821 0.56152066 0.55854848 0.5556242  0.55275058 0.54993056
 0.54716733 0.54446433 0.54182532 0.53925435]
t =  [1.05259816e+09 1.05259820e+09 1.05259824e+09 1.05259828e+09
 1.05259832e+09 1.05259836e+09 1.05259840e+09 1.05259844e+09
 1.05259848e+09 1.05259852e+09 1.05259856e+09 1.05259860e+09
 1.05259864e+09 1.05259868e+09 1.05259872e+09 1.05259876e+09
 1.05259880e+09 1.05259884e+09 1.05259888e+09 1.05259892e+09
 1.05259896e+09 1.05259900e+09 1.05259904e+09 1.05259907e+09
 1.05259911e+09 1.05259915e+09 1.05259919e+09 1.05259923e+09
 1.05259927e+09 1.05259931e+09 1.05259935e+09 1.05259939e+09
 1.05259943e+09 1.05259947e+09 1.05259951e+09 1.05259955e+09
 1.05259959e+09 1.05259963e+09 1.05259967e+09 1.05259971e+09
 1.05259975e+09 1.05259979e+09 1.05259983e+09 1.05259987e+09
 1.05259991e+09 1.05259995e+09 1.05259999e+09 1.05260003e+09
 1.05260007e+09 1.05260011e+09 1.05260015e+09 1.05260019e+09
 1.05260023e+09 1.05260027e+09 1.05260031e+09 1.05260035e+09
 1.05260039e+09 1.05260043e+09 1.05260047e+09 1.05260051e+09
 1.05260054e+09 1.05260058e+09 1.05260062e+09 1.05260066e+09
 1.05260070e+09 1.05260074e+09 1.05260078e+09 1.05260082e+09
 1.05260086e+09 1.05260090e+09 1.05260094e+09 1.05260098e+09
 1.05260102e+09 1.05260106e+09 1.05260110e+09 1.05260114e+09
 1.05260118e+09 1.05260122e+09 1.05260126e+09 1.05260130e+09
 1.05260134e+09 1.05260138e+09 1.05260142e+09 1.05260146e+09
 1.05260150e+09 1.05260154e+09 1.05260158e+09 1.05260162e+09
 1.05260166e+09 1.05260170e+09 1.05260174e+09 1.05260178e+09
 1.05260182e+09 1.05260186e+09 1.05260190e+09 1.05260194e+09
 1.05260198e+09 1.05260201e+09 1.05260205e+09 1.05260209e+09
 1.05260213e+09 1.05260217e+09 1.05260221e+09 1.05260225e+09
 1.05260229e+09 1.05260233e+09 1.05260237e+09 1.05260241e+09
 1.05260245e+09 1.05260249e+09 1.05260253e+09 1.05260257e+09
 1.05260261e+09 1.05260265e+09 1.05260269e+09 1.05260273e+09
 1.05260277e+09 1.05260281e+09 1.05260285e+09 1.05260289e+09
 1.05260293e+09 1.05260297e+09 1.05260301e+09 1.05260305e+09
 1.05260309e+09 1.05260313e+09 1.05260317e+09 1.05260321e+09
 1.05260325e+09 1.05260329e+09 1.05260333e+09 1.05260337e+09
 1.05260341e+09 1.05260345e+09 1.05260348e+09 1.05260352e+09
 1.05260356e+09 1.05260360e+09 1.05260364e+09 1.05260368e+09
 1.05260372e+09 1.05260376e+09 1.05260380e+09 1.05260384e+09
 1.05260388e+09 1.05260392e+09 1.05260396e+09 1.05260400e+09
 1.05260404e+09 1.05260408e+09 1.05260412e+09 1.05260416e+09
 1.05260420e+09 1.05260424e+09 1.05260428e+09 1.05260432e+09
 1.05260436e+09 1.05260440e+09 1.05260444e+09 1.05260448e+09
 1.05260452e+09 1.05260456e+09 1.05260460e+09 1.05260464e+09
 1.05260468e+09 1.05260472e+09 1.05260476e+09 1.05260480e+09
 1.05260484e+09 1.05260488e+09 1.05260492e+09 1.05260495e+09
 1.05260499e+09 1.05260503e+09 1.05260507e+09 1.05260511e+09
 1.05260515e+09 1.05260519e+09 1.05260523e+09 1.05260527e+09
 1.05260531e+09 1.05260535e+09 1.05260539e+09 1.05260543e+09
 1.05260547e+09 1.05260551e+09 1.05260555e+09 1.05260559e+09
 1.05260563e+09 1.05260567e+09 1.05260571e+09 1.05260575e+09
 1.05260579e+09 1.05260583e+09 1.05260587e+09 1.05260591e+09
 1.05260595e+09 1.05260599e+09 1.05260603e+09 1.05260607e+09
 1.05260611e+09 1.05260615e+09 1.05260619e+09 1.05260623e+09
 1.05260627e+09 1.05260631e+09 1.05260635e+09 1.05260639e+09
 1.05260642e+09 1.05260646e+09 1.05260650e+09 1.05260654e+09
 1.05260658e+09 1.05260662e+09 1.05260666e+09 1.05260670e+09
 1.05260674e+09 1.05260678e+09 1.05260682e+09 1.05260686e+09
 1.05260690e+09 1.05260694e+09 1.05260698e+09 1.05260702e+09
 1.05260706e+09 1.05260710e+09 1.05260714e+09 1.05260718e+09
 1.05260722e+09 1.05260726e+09 1.05260730e+09 1.05260734e+09
 1.05260738e+09 1.05260742e+09 1.05260746e+09 1.05260750e+09
 1.05260754e+09 1.05260758e+09 1.05260762e+09 1.05260766e+09
 1.05260770e+09 1.05260774e+09 1.05260778e+09 1.05260782e+09
 1.05260786e+09 1.05260789e+09 1.05260793e+09 1.05260797e+09
 1.05260801e+09 1.05260805e+09 1.05260809e+09 1.05260813e+09
 1.05260817e+09 1.05260821e+09 1.05260825e+09 1.05260829e+09
 1.05260833e+09 1.05260837e+09 1.05260841e+09 1.05260845e+09
 1.05260849e+09 1.05260853e+09 1.05260857e+09 1.05260861e+09
 1.05260865e+09 1.05260869e+09 1.05260873e+09 1.05260877e+09
 1.05260881e+09 1.05260885e+09 1.05260889e+09 1.05260893e+09
 1.05260897e+09 1.05260901e+09 1.05260905e+09 1.05260909e+09
 1.05260913e+09 1.05260917e+09 1.05260921e+09 1.05260925e+09
 1.05260929e+09 1.05260933e+09 1.05260936e+09 1.05260940e+09
 1.05260944e+09 1.05260948e+09 1.05260952e+09 1.05260956e+09
 1.05260960e+09 1.05260964e+09 1.05260968e+09 1.05260972e+09
 1.05260976e+09 1.05260980e+09 1.05260984e+09 1.05260988e+09
 1.05260992e+09 1.05260996e+09 1.05261000e+09 1.05261004e+09
 1.05261008e+09 1.05261012e+09 1.05261016e+09 1.05261020e+09
 1.05261024e+09 1.05261028e+09 1.05261032e+09 1.05261036e+09
 1.05261040e+09 1.05261044e+09 1.05261048e+09 1.05261052e+09
 1.05261056e+09 1.05261060e+09 1.05261064e+09 1.05261068e+09
 1.05261072e+09 1.05261076e+09 1.05261080e+09 1.05261083e+09
 1.05261087e+09 1.05261091e+09 1.05261095e+09 1.05261099e+09
 1.05261103e+09 1.05261107e+09 1.05261111e+09 1.05261115e+09
 1.05261119e+09 1.05261123e+09 1.05261127e+09 1.05261131e+09
 1.05261135e+09 1.05261139e+09 1.05261143e+09 1.05261147e+09
 1.05261151e+09 1.05261155e+09 1.05261159e+09 1.05261163e+09
 1.05261167e+09 1.05261171e+09 1.05261175e+09 1.05261179e+09
 1.05261183e+09 1.05261187e+09 1.05261191e+09 1.05261195e+09
 1.05261199e+09 1.05261203e+09 1.05261207e+09 1.05261211e+09
 1.05261215e+09 1.05261219e+09 1.05261223e+09 1.05261227e+09
 1.05261230e+09 1.05261234e+09 1.05261238e+09 1.05261242e+09
 1.05261246e+09 1.05261250e+09 1.05261254e+09 1.05261258e+09
 1.05261262e+09 1.05261266e+09 1.05261270e+09 1.05261274e+09
 1.05261278e+09 1.05261282e+09 1.05261286e+09 1.05261290e+09
 1.05261294e+09 1.05261298e+09 1.05261302e+09 1.05261306e+09
 1.05261310e+09 1.05261314e+09 1.05261318e+09 1.05261322e+09
 1.05261326e+09 1.05261330e+09 1.05261334e+09 1.05261338e+09
 1.05261342e+09 1.05261346e+09 1.05261350e+09 1.05261354e+09
 1.05261358e+09 1.05261362e+09 1.05261366e+09 1.05261370e+09
 1.05261374e+09 1.05261377e+09 1.05261381e+09 1.05261385e+09
 1.05261389e+09 1.05261393e+09 1.05261397e+09 1.05261401e+09
 1.05261405e+09 1.05261409e+09 1.05261413e+09 1.05261417e+09
 1.05261421e+09 1.05261425e+09 1.05261429e+09 1.05261433e+09
 1.05261437e+09 1.05261441e+09 1.05261445e+09 1.05261449e+09
 1.05261453e+09 1.05261457e+09 1.05261461e+09 1.05261465e+09
 1.05261469e+09 1.05261473e+09 1.05261477e+09 1.05261481e+09
 1.05261485e+09 1.05261489e+09 1.05261493e+09 1.05261497e+09
 1.05261501e+09 1.05261505e+09 1.05261509e+09 1.05261513e+09
 1.05261517e+09 1.05261521e+09 1.05261524e+09 1.05261528e+09
 1.05261532e+09 1.05261536e+09 1.05261540e+09 1.05261544e+09
 1.05261548e+09 1.05261552e+09 1.05261556e+09 1.05261560e+09
 1.05261564e+09 1.05261568e+09 1.05261572e+09 1.05261576e+09
 1.05261580e+09 1.05261584e+09 1.05261588e+09 1.05261592e+09
 1.05261596e+09 1.05261600e+09 1.05261604e+09 1.05261608e+09
 1.05261612e+09 1.05261616e+09 1.05261620e+09 1.05261624e+09
 1.05261628e+09 1.05261632e+09 1.05261636e+09 1.05261640e+09
 1.05261644e+09 1.05261648e+09 1.05261652e+09 1.05261656e+09
 1.05261660e+09 1.05261664e+09 1.05261668e+09 1.05261671e+09
 1.05261675e+09 1.05261679e+09 1.05261683e+09 1.05261687e+09
 1.05261691e+09 1.05261695e+09 1.05261699e+09 1.05261703e+09
 1.05261707e+09 1.05261711e+09 1.05261715e+09 1.05261719e+09
 1.05261723e+09 1.05261727e+09 1.05261731e+09 1.05261735e+09
 1.05261739e+09 1.05261743e+09 1.05261747e+09 1.05261751e+09
 1.05261755e+09 1.05261759e+09 1.05261763e+09 1.05261767e+09
 1.05261771e+09 1.05261775e+09 1.05261779e+09 1.05261783e+09
 1.05261787e+09 1.05261791e+09 1.05261795e+09 1.05261799e+09
 1.05261803e+09 1.05261807e+09 1.05261811e+09 1.05261815e+09
 1.05261818e+09 1.05261822e+09 1.05261826e+09 1.05261830e+09
 1.05261834e+09 1.05261838e+09 1.05261842e+09 1.05261846e+09
 1.05261850e+09 1.05261854e+09 1.05261858e+09 1.05261862e+09
 1.05261866e+09 1.05261870e+09 1.05261874e+09 1.05261878e+09
 1.05261882e+09 1.05261886e+09 1.05261890e+09 1.05261894e+09
 1.05261898e+09 1.05261902e+09 1.05261906e+09 1.05261910e+09
 1.05261914e+09 1.05261918e+09 1.05261922e+09 1.05261926e+09
 1.05261930e+09 1.05261934e+09 1.05261938e+09 1.05261942e+09
 1.05261946e+09 1.05261950e+09 1.05261954e+09 1.05261958e+09
 1.05261962e+09 1.05261965e+09 1.05261969e+09 1.05261973e+09
 1.05261977e+09 1.05261981e+09 1.05261985e+09 1.05261989e+09
 1.05261993e+09 1.05261997e+09 1.05262001e+09 1.05262005e+09
 1.05262009e+09 1.05262013e+09 1.05262017e+09 1.05262021e+09
 1.05262025e+09 1.05262029e+09 1.05262033e+09 1.05262037e+09
 1.05262041e+09 1.05262045e+09 1.05262049e+09 1.05262053e+09
 1.05262057e+09 1.05262061e+09 1.05262065e+09 1.05262069e+09
 1.05262073e+09 1.05262077e+09 1.05262081e+09 1.05262085e+09
 1.05262089e+09 1.05262093e+09 1.05262097e+09 1.05262101e+09
 1.05262105e+09 1.05262109e+09 1.05262112e+09 1.05262116e+09
 1.05262120e+09 1.05262124e+09 1.05262128e+09 1.05262132e+09
 1.05262136e+09 1.05262140e+09 1.05262144e+09 1.05262148e+09
 1.05262152e+09 1.05262156e+09 1.05262160e+09 1.05262164e+09
 1.05262168e+09 1.05262172e+09 1.05262176e+09 1.05262180e+09
 1.05262184e+09 1.05262188e+09 1.05262192e+09 1.05262196e+09
 1.05262200e+09 1.05262204e+09 1.05262208e+09 1.05262212e+09
 1.05262216e+09 1.05262220e+09 1.05262224e+09 1.05262228e+09
 1.05262232e+09 1.05262236e+09 1.05262240e+09 1.05262244e+09
 1.05262248e+09 1.05262252e+09 1.05262256e+09 1.05262259e+09
 1.05262263e+09 1.05262267e+09 1.05262271e+09 1.05262275e+09
 1.05262279e+09 1.05262283e+09 1.05262287e+09 1.05262291e+09
 1.05262295e+09 1.05262299e+09 1.05262303e+09 1.05262307e+09
 1.05262311e+09 1.05262315e+09 1.05262319e+09 1.05262323e+09
 1.05262327e+09 1.05262331e+09 1.05262335e+09 1.05262339e+09
 1.05262343e+09 1.05262347e+09 1.05262351e+09 1.05262355e+09
 1.05262359e+09 1.05262363e+09 1.05262367e+09 1.05262371e+09
 1.05262375e+09 1.05262379e+09 1.05262383e+09 1.05262387e+09
 1.05262391e+09 1.05262395e+09 1.05262399e+09 1.05262403e+09
 1.05262406e+09 1.05262410e+09 1.05262414e+09 1.05262418e+09
 1.05262422e+09 1.05262426e+09 1.05262430e+09 1.05262434e+09
 1.05262438e+09 1.05262442e+09 1.05262446e+09 1.05262450e+09
 1.05262454e+09 1.05262458e+09 1.05262462e+09 1.05262466e+09
 1.05262470e+09 1.05262474e+09 1.05262478e+09 1.05262482e+09
 1.05262486e+09 1.05262490e+09 1.05262494e+09 1.05262498e+09
 1.05262502e+09 1.05262506e+09 1.05262510e+09 1.05262514e+09
 1.05262518e+09 1.05262522e+09 1.05262526e+09 1.05262530e+09
 1.05262534e+09 1.05262538e+09 1.05262542e+09 1.05262546e+09
 1.05262550e+09 1.05262553e+09 1.05262557e+09 1.05262561e+09
 1.05262565e+09 1.05262569e+09 1.05262573e+09 1.05262577e+09
 1.05262581e+09 1.05262585e+09 1.05262589e+09 1.05262593e+09
 1.05262597e+09 1.05262601e+09 1.05262605e+09 1.05262609e+09
 1.05262613e+09 1.05262617e+09 1.05262621e+09 1.05262625e+09
 1.05262629e+09 1.05262633e+09 1.05262637e+09 1.05262641e+09
 1.05262645e+09 1.05262649e+09 1.05262653e+09 1.05262657e+09
 1.05262661e+09 1.05262665e+09 1.05262669e+09 1.05262673e+09
 1.05262677e+09 1.05262681e+09 1.05262685e+09 1.05262689e+09
 1.05262693e+09 1.05262697e+09 1.05262700e+09 1.05262704e+09
 1.05262708e+09 1.05262712e+09 1.05262716e+09 1.05262720e+09
 1.05262724e+09 1.05262728e+09 1.05262732e+09 1.05262736e+09
 1.05262740e+09 1.05262744e+09 1.05262748e+09 1.05262752e+09
 1.05262756e+09 1.05262760e+09 1.05262764e+09 1.05262768e+09
 1.05262772e+09 1.05262776e+09 1.05262780e+09 1.05262784e+09
 1.05262788e+09 1.05262792e+09 1.05262796e+09 1.05262800e+09
 1.05262804e+09 1.05262808e+09 1.05262812e+09 1.05262816e+09
 1.05262820e+09 1.05262824e+09 1.05262828e+09 1.05262832e+09
 1.05262836e+09 1.05262840e+09 1.05262844e+09 1.05262847e+09
 1.05262851e+09 1.05262855e+09 1.05262859e+09 1.05262863e+09
 1.05262867e+09 1.05262871e+09 1.05262875e+09 1.05262879e+09
 1.05262883e+09 1.05262887e+09 1.05262891e+09 1.05262895e+09
 1.05262899e+09 1.05262903e+09 1.05262907e+09 1.05262911e+09
 1.05262915e+09 1.05262919e+09 1.05262923e+09 1.05262927e+09
 1.05262931e+09 1.05262935e+09 1.05262939e+09 1.05262943e+09
 1.05262947e+09 1.05262951e+09 1.05262955e+09 1.05262959e+09
 1.05262963e+09 1.05262967e+09 1.05262971e+09 1.05262975e+09
 1.05262979e+09 1.05262983e+09 1.05262987e+09 1.05262991e+09
 1.05262994e+09 1.05262998e+09 1.05263002e+09 1.05263006e+09
 1.05263010e+09 1.05263014e+09 1.05263018e+09 1.05263022e+09
 1.05263026e+09 1.05263030e+09 1.05263034e+09 1.05263038e+09
 1.05263042e+09 1.05263046e+09 1.05263050e+09 1.05263054e+09
 1.05263058e+09 1.05263062e+09 1.05263066e+09 1.05263070e+09
 1.05263074e+09 1.05263078e+09 1.05263082e+09 1.05263086e+09
 1.05263090e+09 1.05263094e+09 1.05263098e+09 1.05263102e+09
 1.05263106e+09 1.05263110e+09 1.05263114e+09 1.05263118e+09
 1.05263122e+09 1.05263126e+09 1.05263130e+09 1.05263134e+09
 1.05263138e+09 1.05263141e+09 1.05263145e+09 1.05263149e+09
 1.05263153e+09 1.05263157e+09 1.05263161e+09 1.05263165e+09
 1.05263169e+09 1.05263173e+09 1.05263177e+09 1.05263181e+09
 1.05263185e+09 1.05263189e+09 1.05263193e+09 1.05263197e+09
 1.05263201e+09 1.05263205e+09 1.05263209e+09 1.05263213e+09
 1.05263217e+09 1.05263221e+09 1.05263225e+09 1.05263229e+09
 1.05263233e+09 1.05263237e+09 1.05263241e+09 1.05263245e+09
 1.05263249e+09 1.05263253e+09 1.05263257e+09 1.05263261e+09
 1.05263265e+09 1.05263269e+09 1.05263273e+09 1.05263277e+09
 1.05263281e+09 1.05263285e+09 1.05263288e+09 1.05263292e+09
 1.05263296e+09 1.05263300e+09 1.05263304e+09 1.05263308e+09
 1.05263312e+09 1.05263316e+09 1.05263320e+09 1.05263324e+09
 1.05263328e+09 1.05263332e+09 1.05263336e+09 1.05263340e+09
 1.05263344e+09 1.05263348e+09 1.05263352e+09 1.05263356e+09
 1.05263360e+09 1.05263364e+09 1.05263368e+09 1.05263372e+09
 1.05263376e+09 1.05263380e+09 1.05263384e+09 1.05263388e+09
 1.05263392e+09 1.05263396e+09 1.05263400e+09 1.05263404e+09
 1.05263408e+09 1.05263412e+09 1.05263416e+09 1.05263420e+09
 1.05263424e+09 1.05263428e+09 1.05263432e+09 1.05263435e+09
 1.05263439e+09 1.05263443e+09 1.05263447e+09 1.05263451e+09
 1.05263455e+09 1.05263459e+09 1.05263463e+09 1.05263467e+09
 1.05263471e+09 1.05263475e+09 1.05263479e+09 1.05263483e+09
 1.05263487e+09 1.05263491e+09 1.05263495e+09 1.05263499e+09
 1.05263503e+09 1.05263507e+09 1.05263511e+09 1.05263515e+09
 1.05263519e+09 1.05263523e+09 1.05263527e+09 1.05263531e+09
 1.05263535e+09 1.05263539e+09 1.05263543e+09 1.05263547e+09
 1.05263551e+09 1.05263555e+09 1.05263559e+09 1.05263563e+09
 1.05263567e+09 1.05263571e+09 1.05263575e+09 1.05263579e+09
 1.05263582e+09 1.05263586e+09 1.05263590e+09 1.05263594e+09
 1.05263598e+09 1.05263602e+09 1.05263606e+09 1.05263610e+09
 1.05263614e+09 1.05263618e+09 1.05263622e+09 1.05263626e+09
 1.05263630e+09 1.05263634e+09 1.05263638e+09 1.05263642e+09
 1.05263646e+09 1.05263650e+09 1.05263654e+09 1.05263658e+09
 1.05263662e+09 1.05263666e+09 1.05263670e+09 1.05263674e+09
 1.05263678e+09 1.05263682e+09 1.05263686e+09 1.05263690e+09
 1.05263694e+09 1.05263698e+09 1.05263702e+09 1.05263706e+09
 1.05263710e+09 1.05263714e+09 1.05263718e+09 1.05263722e+09
 1.05263726e+09 1.05263729e+09 1.05263733e+09 1.05263737e+09
 1.05263741e+09 1.05263745e+09 1.05263749e+09 1.05263753e+09
 1.05263757e+09 1.05263761e+09 1.05263765e+09 1.05263769e+09
 1.05263773e+09 1.05263777e+09 1.05263781e+09 1.05263785e+09]
minRes = 0.5392543492992299
minResTime =  [1.05263785e+09]
