name =JUICE_ROI_CAL_4_1_02
flyby =  ['2032 SEP 10 11:52:29', '2032 SEP 11 11:52:29']
Observation TW =  <SpiceCell dtype = 1, length = 0, size = 2600, card = 6, is_set = 1, adjust = 0, init = 1, base = 2554795615232, data = 2554795615280>
Res(t) =  [4.44266169 4.43846086 4.43426032 4.43006008 4.42586013 4.42166048
 4.41746111 4.41326204 4.40906325 4.40486476 4.40066656 4.39646864
 4.39227102 4.38807368 4.38387663 4.37967987 4.37548339 4.37128719
 4.36709129 4.36289566 4.35870032 4.35450526 4.35031049 4.346116
 4.34192179 4.33772785 4.3335342  4.32934083 4.32514774 4.32095493
 4.31676239 4.31257013 4.30837815 4.30418645 4.29999502 4.29580386
 4.29161298 4.28742237 4.28323204 4.27904198 4.27485219 4.27066267
 4.26647342 4.26228445 4.25809574 4.2539073  4.24971913 4.24553123
 4.2413436  4.23715623 4.23296913 4.22878229 4.22459572 4.22040942
 4.21622338 4.2120376  4.20785208 4.20366683 4.19948184 4.19529711
 4.19111264 4.18692843 4.18274448 4.17856079 4.17437735 4.17019417
 4.16601126 4.16182859 4.15764619 4.15346403 4.14928214 4.14510049
 4.14091911 4.13673797 4.13255709 4.12837645 4.12419607 4.12001594
 4.11583606 4.11165643 4.10747705 4.10329792 4.09911904 4.0949404
 4.09076201 4.08658386 4.08240596 4.07822831 4.0740509  4.06987373
 4.06569681 4.06152013 4.05734369 4.0531675  4.04899154 4.04481583
 4.04064035 4.03646511 4.03229012 4.02811536 4.02394084 4.01976655
 4.0155925  4.01141869 4.00724511 4.00307177 3.99889866 3.99472579
 3.99055315 3.98638074 3.98220856 3.97803662 3.9738649  3.96969342
 3.96552216 3.96135113 3.95718034 3.95300977 3.94883942 3.94466931
 3.94049942 3.93632976 3.93216032 3.9279911  3.92382211 3.91965334
 3.9154848  3.91131648 3.90714838 3.9029805  3.89881284 3.8946454
 3.89047818 3.88631118 3.8821444  3.87797784 3.87381149 3.86964536
 3.86547944 3.86131374 3.85714826 3.85298299 3.84881794 3.84465309
 3.84048846 3.83632405 3.83215984 3.82799584 3.82383206 3.81966848
 3.81550512 3.81134196 3.80717901 3.80301627 3.79885374 3.79469141
 3.79052929 3.78636737 3.78220566 3.77804415 3.77388285 3.76972175
 3.76556085 3.76140016 3.75723966 3.75307937 3.74891928 3.74475938
 3.74059969 3.7364402  3.7322809  3.7281218  3.7239629  3.71980419
 3.71564568 3.71148737 3.70732925 3.70317132 3.69901359 3.69485605
 3.69069871 3.68654155 3.68238459 3.67822782 3.67407124 3.66991485
 3.66575865 3.66160263 3.65744681 3.65329117 3.64913572 3.64498045
 3.64082538 3.63667048 3.63251578 3.62836125 3.62420691 3.62005276
 3.61589878 3.61174499 3.60759138 3.60343795 3.5992847  3.59513163
 3.59097874 3.58682603 3.5826735  3.57852115 3.57436897 3.57021697
 3.56606514 3.56191349 3.55776202 3.55361072 3.54945959 3.54530864
 3.54115786 3.53700725 3.53285681 3.52870655 3.52455645 3.52040653
 3.51625678 3.51210719 3.50795777 3.50380852 3.49965944 3.49551052
 3.49136177 3.48721319 3.48306477 3.47891652 3.47476843 3.4706205
 3.46647274 3.46232514 3.4581777  3.45403042 3.4498833  3.44573635
 3.44158955 3.43744291 3.43329643 3.42915011 3.42500395 3.42085794
 3.41671209 3.4125664  3.40842086 3.40427547 3.40013024 3.39598517
 3.39184025 3.38769548 3.38355086 3.37940639 3.37526208 3.37111791
 3.3669739  3.36283004 3.35868632 3.35454275 3.35039933 3.34625606
 3.34211294 3.33796996 3.33382712 3.32968444 3.32554189 3.32139949
 3.31725724 3.31311513 3.30897316 3.30483133 3.30068964 3.2965481
 3.29240669 3.28826543 3.2841243  3.27998332 3.27584247 3.27170176
 3.26756118 3.26342075 3.25928045 3.25514028 3.25100025 3.24686036
 3.2427206  3.23858097 3.23444147 3.23030211 3.22616288 3.22202379
 3.21788482 3.21374598 3.20960727 3.2054687  3.20133025 3.19719193
 3.19305373 3.18891567 3.18477773 3.18063992 3.17650223 3.17236467
 3.16822723 3.16408992 3.15995273 3.15581566 3.15167872 3.1475419
 3.1434052  3.13926862 3.13513216 3.13099582 3.1268596  3.1227235
 3.11858752 3.11445166 3.11031591 3.10618028 3.10204477 3.09790937
 3.09377409 3.08963892 3.08550387 3.08136893 3.0772341  3.07309939
 3.06896479 3.0648303  3.06069592 3.05656165 3.0524275  3.04829345
 3.04415951 3.04002568 3.03589196 3.03175834 3.02762484 3.02349144
 3.01935814 3.01522495 3.01109187 3.00695889 3.00282602 2.99869325
 2.99456058 2.99042801 2.98629555 2.98216319 2.97803093 2.97389877
 2.96976671 2.96563475 2.96150288 2.95737112 2.95323946 2.94910789
 2.94497642 2.94084504 2.93671377 2.93258258 2.9284515  2.9243205
 2.92018961 2.9160588  2.91192809 2.90779747 2.90366694 2.8995365
 2.89540616 2.89127591 2.88714574 2.88301567 2.87888568 2.87475578
 2.87062597 2.86649625 2.86236662 2.85823707 2.85410761 2.84997823
 2.84584894 2.84171974 2.83759062 2.83346158 2.82933262 2.82520375
 2.82107496 2.81694625 2.81281762 2.80868908 2.80456061 2.80043223
 2.79630392 2.79217569 2.78804754 2.78391947 2.77979148 2.77566356
 2.77153572 2.76740795 2.76328026 2.75915265 2.75502511 2.75089764
 2.74677025 2.74264293 2.73851568 2.73438851 2.73026141 2.72613437
 2.72200741 2.71788052 2.7137537  2.70962695 2.70550027 2.70137365
 2.69724711 2.69312063 2.68899422 2.68486787 2.68074159 2.67661538
 2.67248923 2.66836315 2.66423713 2.66011117 2.65598528 2.65185945
 2.64773368 2.64360798 2.63948233 2.63535675 2.63123123 2.62710576
 2.62298036 2.61885502 2.61472973 2.61060451 2.60647934 2.60235422
 2.59822917 2.59410417 2.58997923 2.58585434 2.58172951 2.57760473
 2.57348001 2.56935534 2.56523073 2.56110616 2.55698165 2.5528572
 2.54873279 2.54460843 2.54048413 2.53635987 2.53223567 2.52811151
 2.52398741 2.51986335 2.51573934 2.51161538 2.50749146 2.50336759
 2.49924377 2.49511999 2.49099626 2.48687258 2.48274894 2.47862534
 2.47450179 2.47037828 2.46625481 2.46213139 2.458008   2.45388466
 2.44976137 2.44563811 2.44151489 2.43739171 2.43326857 2.42914547
 2.42502241 2.42089939 2.41677641 2.41265346 2.40853055 2.40440768
 2.40028484 2.39616204 2.39203928 2.38791655 2.38379385 2.37967119
 2.37554857 2.37142597 2.36730341 2.36318089 2.35905839 2.35493593
 2.3508135  2.3466911  2.34256873 2.33844639 2.33432408 2.3302018
 2.32607955 2.32195733 2.31783514 2.31371297 2.30959084 2.30546873
 2.30134665 2.29722459 2.29310256 2.28898056 2.28485858 2.28073663
 2.2766147  2.2724928  2.26837092 2.26424906 2.26012723 2.25600542
 2.25188364 2.24776187 2.24364013 2.23951841 2.23539671 2.23127503
 2.22715338 2.22303174 2.21891012 2.21478852 2.21066695 2.20654539
 2.20242385 2.19830232 2.19418082 2.19005933 2.18593786 2.18181641
 2.17769497 2.17357355 2.16945215 2.16533076 2.16120938 2.15708803
 2.15296668 2.14884535 2.14472404 2.14060274 2.13648145 2.13236018
 2.12823892 2.12411767 2.11999643 2.11587521 2.11175399 2.10763279
 2.1035116  2.09939042 2.09526925 2.0911481  2.08702695 2.08290581
 2.07878468 2.07466356 2.07054245 2.06642135 2.06230026 2.05817917
 2.05405809 2.04993703 2.04581596 2.04169491 2.03757386 2.03345282
 2.02933179 2.02521076 2.02108974 2.01696872 2.01284771 2.00872671
 2.00460571 2.00048472 1.99636373 1.99224274 1.98812176 1.98400078
 1.97987981 1.97575884 1.97163788 1.96751692 1.96339596 1.959275
 1.95515405 1.9510331  1.94691215 1.94279121 1.93867026 1.93454932
 1.93042839 1.92630745 1.92218651 1.91806558 1.91394465 1.90982371
 1.90570278 1.90158185 1.89746092 1.89334    1.88921907 1.88509814
 1.88097722 1.87685629 1.87273536 1.86861444 1.86449351 1.86037258
 1.85625166 1.85213073 1.8480098  1.84388887 1.83976795 1.83564702
 1.83152609 1.82740516 1.82328423 1.8191633  1.81504236 1.81092143
 1.8068005  1.80267956 1.79855863 1.79443769 1.79031676 1.78619582
 1.78207488 1.77795394 1.773833   1.76971206 1.76559112 1.76147018
 1.75734924 1.7532283  1.74910736 1.74498641 1.74086547 1.73674453
 1.73262358 1.72850264 1.7243817  1.72026076 1.71613981 1.71201887
 1.70789793 1.70377699 1.69965606 1.69553512 1.69141418 1.68729325
 1.68317231 1.67905138 1.67493045 1.67080953 1.6666886  1.66256768
 1.65844677 1.65432585 1.65020494 1.64608403 1.64196313 1.63784223
 1.63372134 1.62960045 1.62547956 1.62135868 1.61723781 1.61311695
 1.60899609 1.60487523 1.60075439 1.59663355 1.59251272 1.5883919
 1.58427109 1.58015029 1.57602949 1.57190871 1.56778794 1.56366718
 1.55954643 1.5554257  1.55130497 1.54718427 1.54306357 1.53894289
 1.53482222 1.53070157 1.52658094 1.52246032 1.51833972 1.51421914
 1.51009858 1.50597803 1.50185751 1.49773701 1.49361653 1.48949607
 1.48537564 1.48125523 1.47713484 1.47301448 1.46889414 1.46477384
 1.46065356 1.45653331 1.45241309 1.4482929  1.44417274 1.44005262
 1.43593252 1.43181247 1.42769245 1.42357246 1.41945252 1.41533261
 1.41121274 1.40709292 1.40297313 1.39885339 1.3947337  1.39061405
 1.38649445 1.38237489 1.37825539 1.37413594 1.37001654 1.36589719
 1.3617779  1.35765867 1.35353949 1.34942038 1.34530132 1.34118233
 1.3370634  1.33294454 1.32882575 1.32470702 1.32058837 1.31646979
 1.31235129 1.30823286 1.30411451 1.29999624 1.29587805 1.29175995
 1.28764193 1.283524   1.27940616 1.27528841 1.27117076 1.26705321
 1.26293575 1.2588184  1.25470115 1.250584   1.24646697 1.24235004
 1.23823323 1.23411654 1.22999996 1.22588351 1.22176718 1.21765098
 1.2135349  1.20941896 1.20530316 1.20118749 1.19707197 1.19295659
 1.18884136 1.18472628 1.18061136 1.17649659 1.17238199 1.16826755
 1.16415328 1.16003918 1.15592526 1.15181151 1.14769796 1.14358459
 1.13947141 1.13535842 1.13124564 1.12713306 1.1230207  1.11890854
 1.1147966  1.11068489 1.1065734  1.10246214 1.09835113 1.09424035
 1.09012982 1.08601955 1.08190953 1.07779977 1.07369029 1.06958107
 1.06547214 1.0613635  1.05725515 1.05314709 1.04903934 1.04493191
 1.04082479 1.03671799 1.03261153 1.02850541 1.02439963 1.0202942
 1.01618914 1.01208444 1.00798012 1.00387619 0.99977265 0.9956695
 0.99156677 0.98746445 0.98336257 0.97926111 0.97516011 0.97105955
 0.96695946 0.96285985 0.95876072 0.95466209 0.95056396 0.94646634
 0.94236926 0.93827271 0.93417672 0.93008129 0.92598643 0.92189216
 0.91779849 0.91370543 0.90961301 0.90552122 0.90143008 0.89733962
 0.89324984 0.88916076 0.88507239 0.88098475 0.87689786 0.87281173
 0.86872639 0.86464184 0.86055811 0.85647521 0.85239317 0.848312
 0.84423172 0.84015236 0.83607393 0.83199646 0.82791996 0.82384447
 0.81976999 0.81569657 0.81162422 0.80755297 0.80348284 0.79941387
 0.79534607 0.79127947 0.78721412 0.78341333 0.77934817 0.77528431
 0.77122178 0.76716062 0.76310085 0.75904251 0.75498563 0.75093026
 0.74687643 0.74282418 0.73877355 0.73472459 0.73067732 0.72663181
 0.72258809 0.71854621 0.71450622 0.71046817 0.70643211 0.70239809
 0.69836617 0.69433641 0.69030886 0.68628358 0.68226065 0.67824011
 0.67422204 0.67020651 0.66619359 0.66218336 0.65817588 0.65417125
 0.65016953 0.64617083 0.64217522 0.63818281 0.63419367 0.63020792
 0.62622566 0.62224699 0.61827202 0.61430087 0.61033366 0.60637051
 0.60241155 0.59845692 0.59450676 0.59056121 0.58662043 0.58268457
 0.5787538  0.57482829 0.57090822 0.56699379 0.56308518 0.55918261
 0.55528628 0.55139643 0.54751329 0.5436371  0.53976812 0.53590663
 0.5320529  0.52820725 0.52436997 0.52054141 0.5167219  0.51291181
 0.50911152 0.50532145 0.50154201 0.49777366 0.49401687 0.49027215
 0.48654002 0.48282105 0.47911584 0.47542502 0.47174926 0.46808927
 0.46444581 0.46081968 0.45721176 0.45362295 0.45005424 0.44650667
 0.44298137 0.43947953 0.43600244 0.43255149 0.42912817 0.42573408
 0.42237096 0.41904067 0.41574525 0.41248688 0.40926796 0.40609108
 0.40295906 0.39987501 0.39684231 0.39386467 0.39094617 0.38809132
 0.38530511 0.38259303 0.37996125 0.37741658 0.3749667  0.3726202
 0.37038677 0.36827736 0.36630444 0.36448223]
t =  [1.03170202e+09 1.03170206e+09 1.03170210e+09 1.03170214e+09
 1.03170218e+09 1.03170222e+09 1.03170226e+09 1.03170230e+09
 1.03170234e+09 1.03170239e+09 1.03170243e+09 1.03170247e+09
 1.03170251e+09 1.03170255e+09 1.03170259e+09 1.03170263e+09
 1.03170267e+09 1.03170271e+09 1.03170275e+09 1.03170279e+09
 1.03170283e+09 1.03170288e+09 1.03170292e+09 1.03170296e+09
 1.03170300e+09 1.03170304e+09 1.03170308e+09 1.03170312e+09
 1.03170316e+09 1.03170320e+09 1.03170324e+09 1.03170328e+09
 1.03170332e+09 1.03170337e+09 1.03170341e+09 1.03170345e+09
 1.03170349e+09 1.03170353e+09 1.03170357e+09 1.03170361e+09
 1.03170365e+09 1.03170369e+09 1.03170373e+09 1.03170377e+09
 1.03170381e+09 1.03170386e+09 1.03170390e+09 1.03170394e+09
 1.03170398e+09 1.03170402e+09 1.03170406e+09 1.03170410e+09
 1.03170414e+09 1.03170418e+09 1.03170422e+09 1.03170426e+09
 1.03170430e+09 1.03170435e+09 1.03170439e+09 1.03170443e+09
 1.03170447e+09 1.03170451e+09 1.03170455e+09 1.03170459e+09
 1.03170463e+09 1.03170467e+09 1.03170471e+09 1.03170475e+09
 1.03170479e+09 1.03170484e+09 1.03170488e+09 1.03170492e+09
 1.03170496e+09 1.03170500e+09 1.03170504e+09 1.03170508e+09
 1.03170512e+09 1.03170516e+09 1.03170520e+09 1.03170524e+09
 1.03170528e+09 1.03170533e+09 1.03170537e+09 1.03170541e+09
 1.03170545e+09 1.03170549e+09 1.03170553e+09 1.03170557e+09
 1.03170561e+09 1.03170565e+09 1.03170569e+09 1.03170573e+09
 1.03170577e+09 1.03170582e+09 1.03170586e+09 1.03170590e+09
 1.03170594e+09 1.03170598e+09 1.03170602e+09 1.03170606e+09
 1.03170610e+09 1.03170614e+09 1.03170618e+09 1.03170622e+09
 1.03170626e+09 1.03170631e+09 1.03170635e+09 1.03170639e+09
 1.03170643e+09 1.03170647e+09 1.03170651e+09 1.03170655e+09
 1.03170659e+09 1.03170663e+09 1.03170667e+09 1.03170671e+09
 1.03170675e+09 1.03170680e+09 1.03170684e+09 1.03170688e+09
 1.03170692e+09 1.03170696e+09 1.03170700e+09 1.03170704e+09
 1.03170708e+09 1.03170712e+09 1.03170716e+09 1.03170720e+09
 1.03170724e+09 1.03170729e+09 1.03170733e+09 1.03170737e+09
 1.03170741e+09 1.03170745e+09 1.03170749e+09 1.03170753e+09
 1.03170757e+09 1.03170761e+09 1.03170765e+09 1.03170769e+09
 1.03170773e+09 1.03170778e+09 1.03170782e+09 1.03170786e+09
 1.03170790e+09 1.03170794e+09 1.03170798e+09 1.03170802e+09
 1.03170806e+09 1.03170810e+09 1.03170814e+09 1.03170818e+09
 1.03170822e+09 1.03170827e+09 1.03170831e+09 1.03170835e+09
 1.03170839e+09 1.03170843e+09 1.03170847e+09 1.03170851e+09
 1.03170855e+09 1.03170859e+09 1.03170863e+09 1.03170867e+09
 1.03170871e+09 1.03170876e+09 1.03170880e+09 1.03170884e+09
 1.03170888e+09 1.03170892e+09 1.03170896e+09 1.03170900e+09
 1.03170904e+09 1.03170908e+09 1.03170912e+09 1.03170916e+09
 1.03170920e+09 1.03170925e+09 1.03170929e+09 1.03170933e+09
 1.03170937e+09 1.03170941e+09 1.03170945e+09 1.03170949e+09
 1.03170953e+09 1.03170957e+09 1.03170961e+09 1.03170965e+09
 1.03170969e+09 1.03170974e+09 1.03170978e+09 1.03170982e+09
 1.03170986e+09 1.03170990e+09 1.03170994e+09 1.03170998e+09
 1.03171002e+09 1.03171006e+09 1.03171010e+09 1.03171014e+09
 1.03171018e+09 1.03171023e+09 1.03171027e+09 1.03171031e+09
 1.03171035e+09 1.03171039e+09 1.03171043e+09 1.03171047e+09
 1.03171051e+09 1.03171055e+09 1.03171059e+09 1.03171063e+09
 1.03171067e+09 1.03171072e+09 1.03171076e+09 1.03171080e+09
 1.03171084e+09 1.03171088e+09 1.03171092e+09 1.03171096e+09
 1.03171100e+09 1.03171104e+09 1.03171108e+09 1.03171112e+09
 1.03171116e+09 1.03171121e+09 1.03171125e+09 1.03171129e+09
 1.03171133e+09 1.03171137e+09 1.03171141e+09 1.03171145e+09
 1.03171149e+09 1.03171153e+09 1.03171157e+09 1.03171161e+09
 1.03171165e+09 1.03171170e+09 1.03171174e+09 1.03171178e+09
 1.03171182e+09 1.03171186e+09 1.03171190e+09 1.03171194e+09
 1.03171198e+09 1.03171202e+09 1.03171206e+09 1.03171210e+09
 1.03171214e+09 1.03171219e+09 1.03171223e+09 1.03171227e+09
 1.03171231e+09 1.03171235e+09 1.03171239e+09 1.03171243e+09
 1.03171247e+09 1.03171251e+09 1.03171255e+09 1.03171259e+09
 1.03171263e+09 1.03171268e+09 1.03171272e+09 1.03171276e+09
 1.03171280e+09 1.03171284e+09 1.03171288e+09 1.03171292e+09
 1.03171296e+09 1.03171300e+09 1.03171304e+09 1.03171308e+09
 1.03171312e+09 1.03171317e+09 1.03171321e+09 1.03171325e+09
 1.03171329e+09 1.03171333e+09 1.03171337e+09 1.03171341e+09
 1.03171345e+09 1.03171349e+09 1.03171353e+09 1.03171357e+09
 1.03171361e+09 1.03171366e+09 1.03171370e+09 1.03171374e+09
 1.03171378e+09 1.03171382e+09 1.03171386e+09 1.03171390e+09
 1.03171394e+09 1.03171398e+09 1.03171402e+09 1.03171406e+09
 1.03171410e+09 1.03171415e+09 1.03171419e+09 1.03171423e+09
 1.03171427e+09 1.03171431e+09 1.03171435e+09 1.03171439e+09
 1.03171443e+09 1.03171447e+09 1.03171451e+09 1.03171455e+09
 1.03171459e+09 1.03171464e+09 1.03171468e+09 1.03171472e+09
 1.03171476e+09 1.03171480e+09 1.03171484e+09 1.03171488e+09
 1.03171492e+09 1.03171496e+09 1.03171500e+09 1.03171504e+09
 1.03171508e+09 1.03171513e+09 1.03171517e+09 1.03171521e+09
 1.03171525e+09 1.03171529e+09 1.03171533e+09 1.03171537e+09
 1.03171541e+09 1.03171545e+09 1.03171549e+09 1.03171553e+09
 1.03171557e+09 1.03171562e+09 1.03171566e+09 1.03171570e+09
 1.03171574e+09 1.03171578e+09 1.03171582e+09 1.03171586e+09
 1.03171590e+09 1.03171594e+09 1.03171598e+09 1.03171602e+09
 1.03171606e+09 1.03171611e+09 1.03171615e+09 1.03171619e+09
 1.03171623e+09 1.03171627e+09 1.03171631e+09 1.03171635e+09
 1.03171639e+09 1.03171643e+09 1.03171647e+09 1.03171651e+09
 1.03171655e+09 1.03171660e+09 1.03171664e+09 1.03171668e+09
 1.03171672e+09 1.03171676e+09 1.03171680e+09 1.03171684e+09
 1.03171688e+09 1.03171692e+09 1.03171696e+09 1.03171700e+09
 1.03171704e+09 1.03171709e+09 1.03171713e+09 1.03171717e+09
 1.03171721e+09 1.03171725e+09 1.03171729e+09 1.03171733e+09
 1.03171737e+09 1.03171741e+09 1.03171745e+09 1.03171749e+09
 1.03171753e+09 1.03171758e+09 1.03171762e+09 1.03171766e+09
 1.03171770e+09 1.03171774e+09 1.03171778e+09 1.03171782e+09
 1.03171786e+09 1.03171790e+09 1.03171794e+09 1.03171798e+09
 1.03171802e+09 1.03171807e+09 1.03171811e+09 1.03171815e+09
 1.03171819e+09 1.03171823e+09 1.03171827e+09 1.03171831e+09
 1.03171835e+09 1.03171839e+09 1.03171843e+09 1.03171847e+09
 1.03171851e+09 1.03171856e+09 1.03171860e+09 1.03171864e+09
 1.03171868e+09 1.03171872e+09 1.03171876e+09 1.03171880e+09
 1.03171884e+09 1.03171888e+09 1.03171892e+09 1.03171896e+09
 1.03171900e+09 1.03171905e+09 1.03171909e+09 1.03171913e+09
 1.03171917e+09 1.03171921e+09 1.03171925e+09 1.03171929e+09
 1.03171933e+09 1.03171937e+09 1.03171941e+09 1.03171945e+09
 1.03171949e+09 1.03171954e+09 1.03171958e+09 1.03171962e+09
 1.03171966e+09 1.03171970e+09 1.03171974e+09 1.03171978e+09
 1.03171982e+09 1.03171986e+09 1.03171990e+09 1.03171994e+09
 1.03171998e+09 1.03172003e+09 1.03172007e+09 1.03172011e+09
 1.03172015e+09 1.03172019e+09 1.03172023e+09 1.03172027e+09
 1.03172031e+09 1.03172035e+09 1.03172039e+09 1.03172043e+09
 1.03172047e+09 1.03172052e+09 1.03172056e+09 1.03172060e+09
 1.03172064e+09 1.03172068e+09 1.03172072e+09 1.03172076e+09
 1.03172080e+09 1.03172084e+09 1.03172088e+09 1.03172092e+09
 1.03172096e+09 1.03172101e+09 1.03172105e+09 1.03172109e+09
 1.03172113e+09 1.03172117e+09 1.03172121e+09 1.03172125e+09
 1.03172129e+09 1.03172133e+09 1.03172137e+09 1.03172141e+09
 1.03172145e+09 1.03172150e+09 1.03172154e+09 1.03172158e+09
 1.03172162e+09 1.03172166e+09 1.03172170e+09 1.03172174e+09
 1.03172178e+09 1.03172182e+09 1.03172186e+09 1.03172190e+09
 1.03172194e+09 1.03172199e+09 1.03172203e+09 1.03172207e+09
 1.03172211e+09 1.03172215e+09 1.03172219e+09 1.03172223e+09
 1.03172227e+09 1.03172231e+09 1.03172235e+09 1.03172239e+09
 1.03172243e+09 1.03172248e+09 1.03172252e+09 1.03172256e+09
 1.03172260e+09 1.03172264e+09 1.03172268e+09 1.03172272e+09
 1.03172276e+09 1.03172280e+09 1.03172284e+09 1.03172288e+09
 1.03172292e+09 1.03172297e+09 1.03172301e+09 1.03172305e+09
 1.03172309e+09 1.03172313e+09 1.03172317e+09 1.03172321e+09
 1.03172325e+09 1.03172329e+09 1.03172333e+09 1.03172337e+09
 1.03172341e+09 1.03172346e+09 1.03172350e+09 1.03172354e+09
 1.03172358e+09 1.03172362e+09 1.03172366e+09 1.03172370e+09
 1.03172374e+09 1.03172378e+09 1.03172382e+09 1.03172386e+09
 1.03172390e+09 1.03172395e+09 1.03172399e+09 1.03172403e+09
 1.03172407e+09 1.03172411e+09 1.03172415e+09 1.03172419e+09
 1.03172423e+09 1.03172427e+09 1.03172431e+09 1.03172435e+09
 1.03172439e+09 1.03172444e+09 1.03172448e+09 1.03172452e+09
 1.03172456e+09 1.03172460e+09 1.03172464e+09 1.03172468e+09
 1.03172472e+09 1.03172476e+09 1.03172480e+09 1.03172484e+09
 1.03172488e+09 1.03172493e+09 1.03172497e+09 1.03172501e+09
 1.03172505e+09 1.03172509e+09 1.03172513e+09 1.03172517e+09
 1.03172521e+09 1.03172525e+09 1.03172529e+09 1.03172533e+09
 1.03172537e+09 1.03172542e+09 1.03172546e+09 1.03172550e+09
 1.03172554e+09 1.03172558e+09 1.03172562e+09 1.03172566e+09
 1.03172570e+09 1.03172574e+09 1.03172578e+09 1.03172582e+09
 1.03172586e+09 1.03172591e+09 1.03172595e+09 1.03172599e+09
 1.03172603e+09 1.03172607e+09 1.03172611e+09 1.03172615e+09
 1.03172619e+09 1.03172623e+09 1.03172627e+09 1.03172631e+09
 1.03172635e+09 1.03172640e+09 1.03172644e+09 1.03172648e+09
 1.03172652e+09 1.03172656e+09 1.03172660e+09 1.03172664e+09
 1.03172668e+09 1.03172672e+09 1.03172676e+09 1.03172680e+09
 1.03172684e+09 1.03172689e+09 1.03172693e+09 1.03172697e+09
 1.03172701e+09 1.03172705e+09 1.03172709e+09 1.03172713e+09
 1.03172717e+09 1.03172721e+09 1.03172725e+09 1.03172729e+09
 1.03172733e+09 1.03172738e+09 1.03172742e+09 1.03172746e+09
 1.03172750e+09 1.03172754e+09 1.03172758e+09 1.03172762e+09
 1.03172766e+09 1.03172770e+09 1.03172774e+09 1.03172778e+09
 1.03172782e+09 1.03172787e+09 1.03172791e+09 1.03172795e+09
 1.03172799e+09 1.03172803e+09 1.03172807e+09 1.03172811e+09
 1.03172815e+09 1.03172819e+09 1.03172823e+09 1.03172827e+09
 1.03172831e+09 1.03172836e+09 1.03172840e+09 1.03172844e+09
 1.03172848e+09 1.03172852e+09 1.03172856e+09 1.03172860e+09
 1.03172864e+09 1.03172868e+09 1.03172872e+09 1.03172876e+09
 1.03172880e+09 1.03172885e+09 1.03172889e+09 1.03172893e+09
 1.03172897e+09 1.03172901e+09 1.03172905e+09 1.03172909e+09
 1.03172913e+09 1.03172917e+09 1.03172921e+09 1.03172925e+09
 1.03172929e+09 1.03172934e+09 1.03172938e+09 1.03172942e+09
 1.03172946e+09 1.03172950e+09 1.03172954e+09 1.03172958e+09
 1.03172962e+09 1.03172966e+09 1.03172970e+09 1.03172974e+09
 1.03172978e+09 1.03172983e+09 1.03172987e+09 1.03172991e+09
 1.03172995e+09 1.03172999e+09 1.03173003e+09 1.03173007e+09
 1.03173011e+09 1.03173015e+09 1.03173019e+09 1.03173023e+09
 1.03173027e+09 1.03173032e+09 1.03173036e+09 1.03173040e+09
 1.03173044e+09 1.03173048e+09 1.03173052e+09 1.03173056e+09
 1.03173060e+09 1.03173064e+09 1.03173068e+09 1.03173072e+09
 1.03173076e+09 1.03173081e+09 1.03173085e+09 1.03173089e+09
 1.03173093e+09 1.03173097e+09 1.03173101e+09 1.03173105e+09
 1.03173109e+09 1.03173113e+09 1.03173117e+09 1.03173121e+09
 1.03173125e+09 1.03173130e+09 1.03173134e+09 1.03173138e+09
 1.03173142e+09 1.03173146e+09 1.03173150e+09 1.03173154e+09
 1.03173158e+09 1.03173162e+09 1.03173166e+09 1.03173170e+09
 1.03173174e+09 1.03173179e+09 1.03173183e+09 1.03173187e+09
 1.03173191e+09 1.03173195e+09 1.03173199e+09 1.03173203e+09
 1.03173207e+09 1.03173211e+09 1.03173215e+09 1.03173219e+09
 1.03173223e+09 1.03173228e+09 1.03173232e+09 1.03173236e+09
 1.03173240e+09 1.03173244e+09 1.03173248e+09 1.03173252e+09
 1.03173256e+09 1.03173260e+09 1.03173264e+09 1.03173268e+09
 1.03173272e+09 1.03173277e+09 1.03173281e+09 1.03173285e+09
 1.03173289e+09 1.03173293e+09 1.03173297e+09 1.03173301e+09
 1.03173305e+09 1.03173309e+09 1.03173313e+09 1.03173317e+09
 1.03173321e+09 1.03173326e+09 1.03173330e+09 1.03173334e+09
 1.03173338e+09 1.03173342e+09 1.03173346e+09 1.03173350e+09
 1.03173354e+09 1.03173358e+09 1.03173362e+09 1.03173366e+09
 1.03173370e+09 1.03173375e+09 1.03173379e+09 1.03173383e+09
 1.03173387e+09 1.03173391e+09 1.03173395e+09 1.03173399e+09
 1.03173403e+09 1.03173407e+09 1.03173411e+09 1.03173415e+09
 1.03173419e+09 1.03173424e+09 1.03173428e+09 1.03173432e+09
 1.03173436e+09 1.03173440e+09 1.03173444e+09 1.03173448e+09
 1.03173452e+09 1.03173456e+09 1.03173460e+09 1.03173464e+09
 1.03173468e+09 1.03173473e+09 1.03173477e+09 1.03173481e+09
 1.03173485e+09 1.03173489e+09 1.03173493e+09 1.03173497e+09
 1.03173501e+09 1.03173505e+09 1.03173509e+09 1.03173513e+09
 1.03173517e+09 1.03173522e+09 1.03173526e+09 1.03173530e+09
 1.03173534e+09 1.03173538e+09 1.03173542e+09 1.03173546e+09
 1.03173550e+09 1.03173554e+09 1.03173558e+09 1.03173562e+09
 1.03173566e+09 1.03173571e+09 1.03173575e+09 1.03173579e+09
 1.03173583e+09 1.03173587e+09 1.03173591e+09 1.03173595e+09
 1.03173599e+09 1.03173603e+09 1.03173607e+09 1.03173611e+09
 1.03173615e+09 1.03173620e+09 1.03173624e+09 1.03173628e+09
 1.03173632e+09 1.03173636e+09 1.03173640e+09 1.03173644e+09
 1.03173648e+09 1.03173652e+09 1.03173656e+09 1.03173660e+09
 1.03173664e+09 1.03173669e+09 1.03173673e+09 1.03173677e+09
 1.03173681e+09 1.03173685e+09 1.03173689e+09 1.03173693e+09
 1.03173697e+09 1.03173701e+09 1.03173705e+09 1.03173709e+09
 1.03173713e+09 1.03173718e+09 1.03173722e+09 1.03173726e+09
 1.03173730e+09 1.03173734e+09 1.03173738e+09 1.03173742e+09
 1.03173746e+09 1.03173750e+09 1.03173754e+09 1.03173758e+09
 1.03173762e+09 1.03173767e+09 1.03173771e+09 1.03173775e+09
 1.03173779e+09 1.03173783e+09 1.03173787e+09 1.03173791e+09
 1.03173795e+09 1.03173799e+09 1.03173803e+09 1.03173807e+09
 1.03173811e+09 1.03173816e+09 1.03173820e+09 1.03173824e+09
 1.03173828e+09 1.03173832e+09 1.03173836e+09 1.03173840e+09
 1.03173844e+09 1.03173848e+09 1.03173852e+09 1.03173856e+09
 1.03173860e+09 1.03173865e+09 1.03173869e+09 1.03173873e+09
 1.03173877e+09 1.03173881e+09 1.03173885e+09 1.03173889e+09
 1.03173893e+09 1.03173897e+09 1.03173901e+09 1.03173905e+09
 1.03173909e+09 1.03173914e+09 1.03173918e+09 1.03173922e+09
 1.03173926e+09 1.03173930e+09 1.03173934e+09 1.03173938e+09
 1.03173942e+09 1.03173946e+09 1.03173950e+09 1.03173954e+09
 1.03173958e+09 1.03173963e+09 1.03173967e+09 1.03173971e+09
 1.03173975e+09 1.03173979e+09 1.03173983e+09 1.03173987e+09
 1.03173991e+09 1.03173995e+09 1.03173999e+09 1.03174003e+09
 1.03174007e+09 1.03174012e+09 1.03174016e+09 1.03174020e+09
 1.03174024e+09 1.03174028e+09 1.03174032e+09 1.03174036e+09
 1.03174040e+09 1.03174044e+09 1.03174048e+09 1.03174052e+09
 1.03174056e+09 1.03174061e+09 1.03174065e+09 1.03174069e+09
 1.03174073e+09 1.03174077e+09 1.03174081e+09 1.03174085e+09
 1.03174089e+09 1.03174093e+09 1.03174097e+09 1.03174101e+09
 1.03174105e+09 1.03174110e+09 1.03174114e+09 1.03174118e+09
 1.03174122e+09 1.03174126e+09 1.03174130e+09 1.03174134e+09
 1.03174138e+09 1.03174142e+09 1.03174146e+09 1.03174150e+09
 1.03174154e+09 1.03174159e+09 1.03174163e+09 1.03174167e+09
 1.03174171e+09 1.03174175e+09 1.03174179e+09 1.03174183e+09
 1.03174187e+09 1.03174191e+09 1.03174195e+09 1.03174199e+09
 1.03174203e+09 1.03174208e+09 1.03174212e+09 1.03174216e+09
 1.03174220e+09 1.03174224e+09 1.03174228e+09 1.03174232e+09
 1.03174236e+09 1.03174240e+09 1.03174244e+09 1.03174248e+09
 1.03174252e+09 1.03174257e+09 1.03174261e+09 1.03174265e+09
 1.03174269e+09 1.03174273e+09 1.03174277e+09 1.03174281e+09]
minRes = 0.36448223278937525
minResTime =  [1.03174281e+09]
