name =JUICE_ROI_CAL_4_3_01
flyby =  ['2032 AUG 14 10:09:17', '2032 AUG 15 10:09:17']
Observation TW =  <SpiceCell dtype = 1, length = 0, size = 3400, card = 14, is_set = 1, adjust = 0, init = 1, base = 2554799371776, data = 2554799371824>
Res(t) =  [3.4662901  3.46271113 3.4591325  3.45555423 3.45197631 3.44839874
 3.44482153 3.44124466 3.43766814 3.43409198 3.43051617 3.4269407
 3.42336559 3.41979082 3.41621641 3.41264234 3.40906862 3.40549525
 3.40192223 3.39834956 3.39477723 3.39120526 3.38763363 3.38406234
 3.3804914  3.37692081 3.37335057 3.36978067 3.36621112 3.36264191
 3.35907305 3.35550453 3.35193636 3.34836853 3.34480105 3.34123391
 3.33766711 3.33410066 3.33053455 3.32696878 3.32340336 3.31983827
 3.31627353 3.31270913 3.30914508 3.30558136 3.30201799 3.29845495
 3.29489226 3.29132991 3.2877679  3.28420622 3.28064489 3.27708389
 3.27352324 3.26996292 3.26640294 3.26284331 3.259284   3.25572504
 3.25216641 3.24860812 3.24505017 3.24149255 3.23793527 3.23437833
 3.23082172 3.22726545 3.22370951 3.22015391 3.21659865 3.21304371
 3.20948912 3.20593485 3.20238092 3.19882732 3.19527406 3.19172113
 3.18816853 3.18461627 3.18106434 3.17751273 3.17396147 3.17041053
 3.16685992 3.16330965 3.1597597  3.15621009 3.1526608  3.14911185
 3.14556322 3.14201493 3.13846696 3.13491932 3.13137201 3.12782503
 3.12427838 3.12073205 3.11718606 3.11364039 3.11009504 3.10655003
 3.10300534 3.09946097 3.09591693 3.09237322 3.08882983 3.08528677
 3.08174404 3.07820162 3.07465954 3.07111777 3.06757633 3.06403521
 3.06049442 3.05695395 3.0534138  3.04987398 3.04633448 3.0427953
 3.03925644 3.0357179  3.03217968 3.02864179 3.02510421 3.02156696
 3.01803002 3.01449341 3.01095711 3.00742114 3.00388548 3.00035014
 2.99681512 2.99328042 2.98974604 2.98621197 2.98267823 2.9791448
 2.97561168 2.97207889 2.9685464  2.96501424 2.96148239 2.95795086
 2.95441964 2.95088874 2.94735815 2.94382788 2.94029792 2.93676827
 2.93323894 2.92970992 2.92618122 2.92265283 2.91912475 2.91559698
 2.91206952 2.90854238 2.90501555 2.90148903 2.89796282 2.89443692
 2.89091133 2.88738606 2.88386109 2.88033643 2.87681208 2.87328804
 2.86976431 2.86624089 2.86271778 2.85919497 2.85567247 2.85215028
 2.8486284  2.84510683 2.84158556 2.83806459 2.83454394 2.83102359
 2.82750354 2.8239838  2.82046437 2.81694524 2.81342641 2.80990789
 2.80638967 2.80287176 2.79935415 2.79583685 2.79231984 2.78880314
 2.78528674 2.78177065 2.77825485 2.77473936 2.77122417 2.76770928
 2.76419469 2.7606804  2.75716641 2.75365272 2.75013933 2.74662624
 2.74311345 2.73960096 2.73608876 2.73257687 2.72906527 2.72555397
 2.72204297 2.71853226 2.71502186 2.71151174 2.70800193 2.70449241
 2.70098319 2.69747426 2.69396563 2.69045729 2.68694925 2.6834415
 2.67993405 2.67642689 2.67292002 2.66941345 2.66590717 2.66240118
 2.65889549 2.65539009 2.65188497 2.64838016 2.64487563 2.64137139
 2.63786745 2.63436379 2.63086043 2.62735736 2.62385457 2.62035208
 2.61684987 2.61334796 2.60984633 2.60634499 2.60284394 2.59934317
 2.5958427  2.59234251 2.58884261 2.58534299 2.58184367 2.57834462
 2.57484587 2.5713474  2.56784921 2.56435131 2.5608537  2.55735636
 2.55385932 2.55036256 2.54686608 2.54336988 2.53987397 2.53637834
 2.53288299 2.52938793 2.52589314 2.52239864 2.51890442 2.51541048
 2.51191683 2.50842345 2.50493035 2.50143754 2.497945   2.49445274
 2.49096076 2.48746907 2.48397764 2.4804865  2.47699564 2.47350505
 2.47001474 2.46652471 2.46303496 2.45954548 2.45605628 2.45256735
 2.4490787  2.44559033 2.44210223 2.43861441 2.43512686 2.43163958
 2.42815258 2.42466586 2.4211794  2.41769322 2.41420732 2.41072168
 2.40723632 2.40375123 2.40026642 2.39678187 2.39329759 2.38981359
 2.38632986 2.3828464  2.3793632  2.37588028 2.37239763 2.36891525
 2.36543313 2.36195129 2.35846971 2.3549884  2.35150736 2.34802659
 2.34454608 2.34106585 2.33758587 2.33410617 2.33062673 2.32714756
 2.32366865 2.32019001 2.31671163 2.31323352 2.30975567 2.30627809
 2.30280077 2.29932371 2.29584692 2.29237039 2.28889412 2.28541812
 2.28194238 2.2784669  2.27499168 2.27151672 2.26804203 2.26456759
 2.26109342 2.25761951 2.25414585 2.25067246 2.24719932 2.24372645
 2.24025383 2.23678147 2.23330937 2.22983753 2.22636594 2.22289461
 2.21942354 2.21595273 2.21248217 2.20901187 2.20554183 2.20207204
 2.1986025  2.19513322 2.1916642  2.18819543 2.18472691 2.18125865
 2.17779065 2.17432289 2.17085539 2.16738814 2.16392114 2.1604544
 2.15698791 2.15352167 2.15005568 2.14658994 2.14312445 2.13965921
 2.13619423 2.13272949 2.129265   2.12580076 2.12233677 2.11887303
 2.11540954 2.1119463  2.1084833  2.10502055 2.10155805 2.0980958
 2.09463379 2.09117203 2.08771051 2.08424924 2.08078822 2.07732744
 2.0738669  2.07040661 2.06694657 2.06348677 2.06002721 2.0565679
 2.05310883 2.04965    2.04619142 2.04273307 2.03927497 2.03581711
 2.0323595  2.02890212 2.02544498 2.02198809 2.01853144 2.01507502
 2.01161885 2.00816291 2.00470721 2.00125176 1.99779654 1.99434156
 1.99088681 1.98743231 1.98397804 1.98052401 1.97707022 1.97361666
 1.97016334 1.96671025 1.9632574  1.95980479 1.95635241 1.95290026
 1.94944835 1.94599668 1.94254523 1.93909403 1.93564305 1.93219231
 1.9287418  1.92529152 1.92184147 1.91839166 1.91494208 1.91149273
 1.90804361 1.90459472 1.90114606 1.89769763 1.89424943 1.89080146
 1.88735372 1.88390621 1.88045893 1.87701187 1.87356504 1.87011844
 1.86667207 1.86322593 1.85978001 1.85633432 1.85288885 1.84944361
 1.8459986  1.84255381 1.83910925 1.83566491 1.83222079 1.8287769
 1.82533324 1.8218898  1.81844658 1.81500358 1.81156081 1.80811826
 1.80467593 1.80123382 1.79779193 1.79435027 1.79090883 1.7874676
 1.7840266  1.78058582 1.77714526 1.77370491 1.77026479 1.76682488
 1.7633852  1.75994573 1.75650648 1.75306745 1.74962863 1.74619003
 1.74275165 1.73931349 1.73587554 1.73243781 1.72900029 1.72556299
 1.7221259  1.71868903 1.71525237 1.71181593 1.7083797  1.70494368
 1.70150788 1.69807229 1.69463692 1.69120175 1.6877668  1.68433206
 1.68089753 1.67746322 1.67402911 1.67059521 1.66716153 1.66372805
 1.66029479 1.65686173 1.65342889 1.64999625 1.64656382 1.6431316
 1.63969959 1.63626778 1.63283618 1.62940479 1.62597361 1.62254263
 1.61911186 1.6156813  1.61225094 1.60882079 1.60539084 1.6019611
 1.59853156 1.59510223 1.5916731  1.58824417 1.58481545 1.58138693
 1.57795861 1.5745305  1.57110258 1.56767487 1.56424737 1.56082006
 1.55739295 1.55396605 1.55053934 1.54711284 1.54368654 1.54026043
 1.53683453 1.53340882 1.52998331 1.526558   1.52313289 1.51970798
 1.51628327 1.51285875 1.50943443 1.50601031 1.50258638 1.49916265
 1.49573911 1.49231578 1.48889263 1.48546969 1.48204693 1.47862437
 1.47520201 1.47177984 1.46835786 1.46493608 1.46151449 1.45809309
 1.45467189 1.45125088 1.44783006 1.44440943 1.44098899 1.43756875
 1.43414869 1.43072883 1.42730916 1.42388967 1.42047038 1.41705128
 1.41363236 1.41021364 1.4067951  1.40337676 1.3999586  1.39654062
 1.39312284 1.38970524 1.38628784 1.38287061 1.37945358 1.37603673
 1.37262007 1.36920359 1.3657873  1.36237119 1.35895527 1.35553953
 1.35212398 1.34870861 1.34529343 1.34187843 1.33846362 1.33504898
 1.33163453 1.32822026 1.32480618 1.32139228 1.31797856 1.31456502
 1.31115166 1.30773848 1.30432549 1.30091267 1.29750004 1.29408759
 1.29067531 1.28726322 1.2838513  1.28043957 1.27702801 1.27361663
 1.27020543 1.26679441 1.26338357 1.2599729  1.25656241 1.2531521
 1.24974197 1.24633201 1.24292223 1.23951263 1.2361032  1.23269395
 1.22928487 1.22587597 1.22246725 1.21905869 1.21565032 1.21224212
 1.20883409 1.20542624 1.20201856 1.19861105 1.19520372 1.19179656
 1.18838958 1.18498277 1.18157613 1.17816966 1.17476336 1.17135724
 1.16795129 1.16454551 1.1611399  1.15773446 1.1543292  1.1509241
 1.14751918 1.14411443 1.14070984 1.13730543 1.13390119 1.13049711
 1.12709321 1.12368947 1.12028591 1.11688251 1.11347928 1.11007623
 1.10667334 1.10327061 1.09986806 1.09646568 1.09306346 1.08966141
 1.08625953 1.08285781 1.07945627 1.07605489 1.07265367 1.06925263
 1.06585175 1.06245104 1.05905049 1.05565012 1.0522499  1.04884986
 1.04544998 1.04205026 1.03865072 1.03525134 1.03185212 1.02845307
 1.02505418 1.02165547 1.01825691 1.01485852 1.0114603  1.00806224
 1.00466435 1.00126662 0.99786906 0.99447166 0.99107443 0.98767736
 0.98428046 0.98088372 0.97748715 0.97409074 0.9706945  0.96729842
 0.96390251 0.96050676 0.95711118 0.95371576 0.95032051 0.94692542
 0.94353049 0.94013574 0.93674114 0.93334671 0.92995245 0.92655835
 0.92316442 0.91977065 0.91637705 0.91298361 0.90959034 0.90619724
 0.9028043  0.89941153 0.89601892 0.89262648 0.88923421 0.8858421
 0.88245016 0.87905839 0.87566678 0.87227534 0.86888407 0.86549297
 0.86210204 0.85871127 0.85532067 0.85193024 0.84853998 0.84514989
 0.84175997 0.83837022 0.83498064 0.83159123 0.82820199 0.82481293
 0.82142403 0.81803531 0.81464676 0.81125838 0.80787018 0.80448215
 0.80109429 0.79770661 0.79431911 0.79093178 0.78754462 0.78415765
 0.78077085 0.77738423 0.77399779 0.77061152 0.76722544 0.76383954
 0.76045382 0.75706828 0.75368292 0.75029775 0.74691276 0.74352796
 0.74014334 0.73675891 0.73337467 0.72999061 0.72660675 0.72322307
 0.71983959 0.7164563  0.7130732  0.70969029 0.70630759 0.70292507
 0.69954276 0.69616065 0.69277873 0.68939702 0.68601551 0.6826342
 0.6792531  0.67587221 0.67249152 0.66911104 0.66573078 0.66235073
 0.65897089 0.65559127 0.65221186 0.64883268 0.64545372 0.64207498
 0.63869646 0.63531817 0.63194012 0.62856229 0.6251847  0.62180734
 0.61843022 0.61505334 0.6116767  0.60830031 0.60492416 0.60154827
 0.59817263 0.59479724 0.59142211 0.58804724 0.58467264 0.5812983
 0.57792424 0.57455045 0.57117693 0.5678037  0.56443075 0.56105809
 0.55768572 0.55431364 0.55094187 0.54757039 0.54419923 0.54082837
 0.53745784 0.53408762 0.53119935 0.5278273  0.52445556 0.52108412
 0.51771301 0.51434222 0.51097175 0.50760162 0.50423182 0.50086237
 0.49749327 0.49412453 0.49075614 0.48738813 0.48402049 0.48065323
 0.47728635 0.47391988 0.4705538  0.46718814 0.46382289 0.46045808
 0.45709369 0.45372975 0.45036627 0.44700324 0.44364069 0.44027862
 0.43691704 0.43355597 0.43019541 0.42683537 0.42347588 0.42011693
 0.41675855 0.41340074 0.41004352 0.40668691 0.40333091 0.39997555
 0.39662084 0.3932668  0.38991344 0.38656078 0.38320884 0.37985764
 0.3765072  0.37315753 0.36980867 0.36646064 0.36311345 0.35976713
 0.35642171 0.35307721 0.34973366 0.34639109 0.34304953 0.339709
 0.33636955 0.33303121 0.329694   0.32635798 0.32302316 0.31968961
 0.31635735 0.31302644 0.30969692 0.30636883 0.30304223 0.29971716
 0.2963937  0.29307189 0.28975179 0.28643347 0.283117   0.27980244
 0.27648988 0.27317939 0.26987105 0.26656494 0.26326117 0.25995983
 0.25666102 0.25336484 0.25007142 0.24678087 0.24349332 0.2402089
 0.23692776 0.23365005 0.23037593 0.22710558 0.22383916 0.22057689
 0.21731896 0.2140656  0.21081703 0.20757352 0.20433532 0.20110273
 0.19787605 0.19465562 0.19144179 0.18823493 0.18503547 0.18184383
 0.17866051 0.17548601 0.1723209  0.16916577 0.16602129 0.16288817
 0.15976718 0.15665918 0.15356509 0.15048592 0.14742278 0.14437691
 0.14134964 0.13834246 0.135357   0.1323951  0.12945878 0.12655028
 0.12367214 0.12082717 0.11801855 0.11524986 0.11252515 0.10984903
 0.10722674 0.10466429 0.10216858 0.09974762 0.09741066 0.09516855
 0.09303403 0.09102219 0.08915101 0.08744214 0.08592189 0.08462259
 0.08358447 0.08285843 0.08250997 0.08262536 0.08332118 0.08476045
 0.08718067 0.09094686 0.09666063 0.1054126 ]
t =  [1.02936303e+09 1.02936307e+09 1.02936311e+09 1.02936315e+09
 1.02936320e+09 1.02936324e+09 1.02936328e+09 1.02936332e+09
 1.02936337e+09 1.02936341e+09 1.02936345e+09 1.02936350e+09
 1.02936354e+09 1.02936358e+09 1.02936362e+09 1.02936367e+09
 1.02936371e+09 1.02936375e+09 1.02936379e+09 1.02936384e+09
 1.02936388e+09 1.02936392e+09 1.02936396e+09 1.02936401e+09
 1.02936405e+09 1.02936409e+09 1.02936413e+09 1.02936418e+09
 1.02936422e+09 1.02936426e+09 1.02936431e+09 1.02936435e+09
 1.02936439e+09 1.02936443e+09 1.02936448e+09 1.02936452e+09
 1.02936456e+09 1.02936460e+09 1.02936465e+09 1.02936469e+09
 1.02936473e+09 1.02936477e+09 1.02936482e+09 1.02936486e+09
 1.02936490e+09 1.02936494e+09 1.02936499e+09 1.02936503e+09
 1.02936507e+09 1.02936512e+09 1.02936516e+09 1.02936520e+09
 1.02936524e+09 1.02936529e+09 1.02936533e+09 1.02936537e+09
 1.02936541e+09 1.02936546e+09 1.02936550e+09 1.02936554e+09
 1.02936558e+09 1.02936563e+09 1.02936567e+09 1.02936571e+09
 1.02936575e+09 1.02936580e+09 1.02936584e+09 1.02936588e+09
 1.02936593e+09 1.02936597e+09 1.02936601e+09 1.02936605e+09
 1.02936610e+09 1.02936614e+09 1.02936618e+09 1.02936622e+09
 1.02936627e+09 1.02936631e+09 1.02936635e+09 1.02936639e+09
 1.02936644e+09 1.02936648e+09 1.02936652e+09 1.02936656e+09
 1.02936661e+09 1.02936665e+09 1.02936669e+09 1.02936674e+09
 1.02936678e+09 1.02936682e+09 1.02936686e+09 1.02936691e+09
 1.02936695e+09 1.02936699e+09 1.02936703e+09 1.02936708e+09
 1.02936712e+09 1.02936716e+09 1.02936720e+09 1.02936725e+09
 1.02936729e+09 1.02936733e+09 1.02936737e+09 1.02936742e+09
 1.02936746e+09 1.02936750e+09 1.02936755e+09 1.02936759e+09
 1.02936763e+09 1.02936767e+09 1.02936772e+09 1.02936776e+09
 1.02936780e+09 1.02936784e+09 1.02936789e+09 1.02936793e+09
 1.02936797e+09 1.02936801e+09 1.02936806e+09 1.02936810e+09
 1.02936814e+09 1.02936819e+09 1.02936823e+09 1.02936827e+09
 1.02936831e+09 1.02936836e+09 1.02936840e+09 1.02936844e+09
 1.02936848e+09 1.02936853e+09 1.02936857e+09 1.02936861e+09
 1.02936865e+09 1.02936870e+09 1.02936874e+09 1.02936878e+09
 1.02936882e+09 1.02936887e+09 1.02936891e+09 1.02936895e+09
 1.02936900e+09 1.02936904e+09 1.02936908e+09 1.02936912e+09
 1.02936917e+09 1.02936921e+09 1.02936925e+09 1.02936929e+09
 1.02936934e+09 1.02936938e+09 1.02936942e+09 1.02936946e+09
 1.02936951e+09 1.02936955e+09 1.02936959e+09 1.02936963e+09
 1.02936968e+09 1.02936972e+09 1.02936976e+09 1.02936981e+09
 1.02936985e+09 1.02936989e+09 1.02936993e+09 1.02936998e+09
 1.02937002e+09 1.02937006e+09 1.02937010e+09 1.02937015e+09
 1.02937019e+09 1.02937023e+09 1.02937027e+09 1.02937032e+09
 1.02937036e+09 1.02937040e+09 1.02937044e+09 1.02937049e+09
 1.02937053e+09 1.02937057e+09 1.02937062e+09 1.02937066e+09
 1.02937070e+09 1.02937074e+09 1.02937079e+09 1.02937083e+09
 1.02937087e+09 1.02937091e+09 1.02937096e+09 1.02937100e+09
 1.02937104e+09 1.02937108e+09 1.02937113e+09 1.02937117e+09
 1.02937121e+09 1.02937125e+09 1.02937130e+09 1.02937134e+09
 1.02937138e+09 1.02937143e+09 1.02937147e+09 1.02937151e+09
 1.02937155e+09 1.02937160e+09 1.02937164e+09 1.02937168e+09
 1.02937172e+09 1.02937177e+09 1.02937181e+09 1.02937185e+09
 1.02937189e+09 1.02937194e+09 1.02937198e+09 1.02937202e+09
 1.02937206e+09 1.02937211e+09 1.02937215e+09 1.02937219e+09
 1.02937224e+09 1.02937228e+09 1.02937232e+09 1.02937236e+09
 1.02937241e+09 1.02937245e+09 1.02937249e+09 1.02937253e+09
 1.02937258e+09 1.02937262e+09 1.02937266e+09 1.02937270e+09
 1.02937275e+09 1.02937279e+09 1.02937283e+09 1.02937287e+09
 1.02937292e+09 1.02937296e+09 1.02937300e+09 1.02937305e+09
 1.02937309e+09 1.02937313e+09 1.02937317e+09 1.02937322e+09
 1.02937326e+09 1.02937330e+09 1.02937334e+09 1.02937339e+09
 1.02937343e+09 1.02937347e+09 1.02937351e+09 1.02937356e+09
 1.02937360e+09 1.02937364e+09 1.02937368e+09 1.02937373e+09
 1.02937377e+09 1.02937381e+09 1.02937386e+09 1.02937390e+09
 1.02937394e+09 1.02937398e+09 1.02937403e+09 1.02937407e+09
 1.02937411e+09 1.02937415e+09 1.02937420e+09 1.02937424e+09
 1.02937428e+09 1.02937432e+09 1.02937437e+09 1.02937441e+09
 1.02937445e+09 1.02937450e+09 1.02937454e+09 1.02937458e+09
 1.02937462e+09 1.02937467e+09 1.02937471e+09 1.02937475e+09
 1.02937479e+09 1.02937484e+09 1.02937488e+09 1.02937492e+09
 1.02937496e+09 1.02937501e+09 1.02937505e+09 1.02937509e+09
 1.02937513e+09 1.02937518e+09 1.02937522e+09 1.02937526e+09
 1.02937531e+09 1.02937535e+09 1.02937539e+09 1.02937543e+09
 1.02937548e+09 1.02937552e+09 1.02937556e+09 1.02937560e+09
 1.02937565e+09 1.02937569e+09 1.02937573e+09 1.02937577e+09
 1.02937582e+09 1.02937586e+09 1.02937590e+09 1.02937594e+09
 1.02937599e+09 1.02937603e+09 1.02937607e+09 1.02937612e+09
 1.02937616e+09 1.02937620e+09 1.02937624e+09 1.02937629e+09
 1.02937633e+09 1.02937637e+09 1.02937641e+09 1.02937646e+09
 1.02937650e+09 1.02937654e+09 1.02937658e+09 1.02937663e+09
 1.02937667e+09 1.02937671e+09 1.02937675e+09 1.02937680e+09
 1.02937684e+09 1.02937688e+09 1.02937693e+09 1.02937697e+09
 1.02937701e+09 1.02937705e+09 1.02937710e+09 1.02937714e+09
 1.02937718e+09 1.02937722e+09 1.02937727e+09 1.02937731e+09
 1.02937735e+09 1.02937739e+09 1.02937744e+09 1.02937748e+09
 1.02937752e+09 1.02937756e+09 1.02937761e+09 1.02937765e+09
 1.02937769e+09 1.02937774e+09 1.02937778e+09 1.02937782e+09
 1.02937786e+09 1.02937791e+09 1.02937795e+09 1.02937799e+09
 1.02937803e+09 1.02937808e+09 1.02937812e+09 1.02937816e+09
 1.02937820e+09 1.02937825e+09 1.02937829e+09 1.02937833e+09
 1.02937837e+09 1.02937842e+09 1.02937846e+09 1.02937850e+09
 1.02937855e+09 1.02937859e+09 1.02937863e+09 1.02937867e+09
 1.02937872e+09 1.02937876e+09 1.02937880e+09 1.02937884e+09
 1.02937889e+09 1.02937893e+09 1.02937897e+09 1.02937901e+09
 1.02937906e+09 1.02937910e+09 1.02937914e+09 1.02937918e+09
 1.02937923e+09 1.02937927e+09 1.02937931e+09 1.02937936e+09
 1.02937940e+09 1.02937944e+09 1.02937948e+09 1.02937953e+09
 1.02937957e+09 1.02937961e+09 1.02937965e+09 1.02937970e+09
 1.02937974e+09 1.02937978e+09 1.02937982e+09 1.02937987e+09
 1.02937991e+09 1.02937995e+09 1.02937999e+09 1.02938004e+09
 1.02938008e+09 1.02938012e+09 1.02938017e+09 1.02938021e+09
 1.02938025e+09 1.02938029e+09 1.02938034e+09 1.02938038e+09
 1.02938042e+09 1.02938046e+09 1.02938051e+09 1.02938055e+09
 1.02938059e+09 1.02938063e+09 1.02938068e+09 1.02938072e+09
 1.02938076e+09 1.02938081e+09 1.02938085e+09 1.02938089e+09
 1.02938093e+09 1.02938098e+09 1.02938102e+09 1.02938106e+09
 1.02938110e+09 1.02938115e+09 1.02938119e+09 1.02938123e+09
 1.02938127e+09 1.02938132e+09 1.02938136e+09 1.02938140e+09
 1.02938144e+09 1.02938149e+09 1.02938153e+09 1.02938157e+09
 1.02938162e+09 1.02938166e+09 1.02938170e+09 1.02938174e+09
 1.02938179e+09 1.02938183e+09 1.02938187e+09 1.02938191e+09
 1.02938196e+09 1.02938200e+09 1.02938204e+09 1.02938208e+09
 1.02938213e+09 1.02938217e+09 1.02938221e+09 1.02938225e+09
 1.02938230e+09 1.02938234e+09 1.02938238e+09 1.02938243e+09
 1.02938247e+09 1.02938251e+09 1.02938255e+09 1.02938260e+09
 1.02938264e+09 1.02938268e+09 1.02938272e+09 1.02938277e+09
 1.02938281e+09 1.02938285e+09 1.02938289e+09 1.02938294e+09
 1.02938298e+09 1.02938302e+09 1.02938306e+09 1.02938311e+09
 1.02938315e+09 1.02938319e+09 1.02938324e+09 1.02938328e+09
 1.02938332e+09 1.02938336e+09 1.02938341e+09 1.02938345e+09
 1.02938349e+09 1.02938353e+09 1.02938358e+09 1.02938362e+09
 1.02938366e+09 1.02938370e+09 1.02938375e+09 1.02938379e+09
 1.02938383e+09 1.02938387e+09 1.02938392e+09 1.02938396e+09
 1.02938400e+09 1.02938405e+09 1.02938409e+09 1.02938413e+09
 1.02938417e+09 1.02938422e+09 1.02938426e+09 1.02938430e+09
 1.02938434e+09 1.02938439e+09 1.02938443e+09 1.02938447e+09
 1.02938451e+09 1.02938456e+09 1.02938460e+09 1.02938464e+09
 1.02938468e+09 1.02938473e+09 1.02938477e+09 1.02938481e+09
 1.02938486e+09 1.02938490e+09 1.02938494e+09 1.02938498e+09
 1.02938503e+09 1.02938507e+09 1.02938511e+09 1.02938515e+09
 1.02938520e+09 1.02938524e+09 1.02938528e+09 1.02938532e+09
 1.02938537e+09 1.02938541e+09 1.02938545e+09 1.02938549e+09
 1.02938554e+09 1.02938558e+09 1.02938562e+09 1.02938567e+09
 1.02938571e+09 1.02938575e+09 1.02938579e+09 1.02938584e+09
 1.02938588e+09 1.02938592e+09 1.02938596e+09 1.02938601e+09
 1.02938605e+09 1.02938609e+09 1.02938613e+09 1.02938618e+09
 1.02938622e+09 1.02938626e+09 1.02938630e+09 1.02938635e+09
 1.02938639e+09 1.02938643e+09 1.02938648e+09 1.02938652e+09
 1.02938656e+09 1.02938660e+09 1.02938665e+09 1.02938669e+09
 1.02938673e+09 1.02938677e+09 1.02938682e+09 1.02938686e+09
 1.02938690e+09 1.02938694e+09 1.02938699e+09 1.02938703e+09
 1.02938707e+09 1.02938712e+09 1.02938716e+09 1.02938720e+09
 1.02938724e+09 1.02938729e+09 1.02938733e+09 1.02938737e+09
 1.02938741e+09 1.02938746e+09 1.02938750e+09 1.02938754e+09
 1.02938758e+09 1.02938763e+09 1.02938767e+09 1.02938771e+09
 1.02938775e+09 1.02938780e+09 1.02938784e+09 1.02938788e+09
 1.02938793e+09 1.02938797e+09 1.02938801e+09 1.02938805e+09
 1.02938810e+09 1.02938814e+09 1.02938818e+09 1.02938822e+09
 1.02938827e+09 1.02938831e+09 1.02938835e+09 1.02938839e+09
 1.02938844e+09 1.02938848e+09 1.02938852e+09 1.02938856e+09
 1.02938861e+09 1.02938865e+09 1.02938869e+09 1.02938874e+09
 1.02938878e+09 1.02938882e+09 1.02938886e+09 1.02938891e+09
 1.02938895e+09 1.02938899e+09 1.02938903e+09 1.02938908e+09
 1.02938912e+09 1.02938916e+09 1.02938920e+09 1.02938925e+09
 1.02938929e+09 1.02938933e+09 1.02938937e+09 1.02938942e+09
 1.02938946e+09 1.02938950e+09 1.02938955e+09 1.02938959e+09
 1.02938963e+09 1.02938967e+09 1.02938972e+09 1.02938976e+09
 1.02938980e+09 1.02938984e+09 1.02938989e+09 1.02938993e+09
 1.02938997e+09 1.02939001e+09 1.02939006e+09 1.02939010e+09
 1.02939014e+09 1.02939018e+09 1.02939023e+09 1.02939027e+09
 1.02939031e+09 1.02939036e+09 1.02939040e+09 1.02939044e+09
 1.02939048e+09 1.02939053e+09 1.02939057e+09 1.02939061e+09
 1.02939065e+09 1.02939070e+09 1.02939074e+09 1.02939078e+09
 1.02939082e+09 1.02939087e+09 1.02939091e+09 1.02939095e+09
 1.02939099e+09 1.02939104e+09 1.02939108e+09 1.02939112e+09
 1.02939117e+09 1.02939121e+09 1.02939125e+09 1.02939129e+09
 1.02939134e+09 1.02939138e+09 1.02939142e+09 1.02939146e+09
 1.02939151e+09 1.02939155e+09 1.02939159e+09 1.02939163e+09
 1.02939168e+09 1.02939172e+09 1.02939176e+09 1.02939180e+09
 1.02939185e+09 1.02939189e+09 1.02939193e+09 1.02939198e+09
 1.02939202e+09 1.02939206e+09 1.02939210e+09 1.02939215e+09
 1.02939219e+09 1.02939223e+09 1.02939227e+09 1.02939232e+09
 1.02939236e+09 1.02939240e+09 1.02939244e+09 1.02939249e+09
 1.02939253e+09 1.02939257e+09 1.02939261e+09 1.02939266e+09
 1.02939270e+09 1.02939274e+09 1.02939279e+09 1.02939283e+09
 1.02939287e+09 1.02939291e+09 1.02939296e+09 1.02939300e+09
 1.02939304e+09 1.02939308e+09 1.02939313e+09 1.02939317e+09
 1.02939321e+09 1.02939325e+09 1.02939330e+09 1.02939334e+09
 1.02939338e+09 1.02939343e+09 1.02939347e+09 1.02939351e+09
 1.02939355e+09 1.02939360e+09 1.02939364e+09 1.02939368e+09
 1.02939372e+09 1.02939377e+09 1.02939381e+09 1.02939385e+09
 1.02939389e+09 1.02939394e+09 1.02939398e+09 1.02939402e+09
 1.02939406e+09 1.02939411e+09 1.02939415e+09 1.02939419e+09
 1.02939424e+09 1.02939428e+09 1.02939432e+09 1.02939436e+09
 1.02939441e+09 1.02939445e+09 1.02939449e+09 1.02939453e+09
 1.02939458e+09 1.02939462e+09 1.02939466e+09 1.02939470e+09
 1.02939475e+09 1.02939479e+09 1.02939483e+09 1.02939487e+09
 1.02939492e+09 1.02939496e+09 1.02939500e+09 1.02939505e+09
 1.02939509e+09 1.02939513e+09 1.02939517e+09 1.02939522e+09
 1.02939526e+09 1.02939530e+09 1.02939534e+09 1.02939539e+09
 1.02939543e+09 1.02939547e+09 1.02939551e+09 1.02939556e+09
 1.02939560e+09 1.02939564e+09 1.02939568e+09 1.02939573e+09
 1.02939577e+09 1.02939581e+09 1.02939586e+09 1.02939590e+09
 1.02939594e+09 1.02939598e+09 1.02939603e+09 1.02939607e+09
 1.02939611e+09 1.02939615e+09 1.02939620e+09 1.02939624e+09
 1.02939628e+09 1.02939632e+09 1.02939637e+09 1.02939641e+09
 1.02939645e+09 1.02939649e+09 1.02939654e+09 1.02939658e+09
 1.02939662e+09 1.02939667e+09 1.02939671e+09 1.02939675e+09
 1.02939679e+09 1.02939684e+09 1.02939688e+09 1.02939692e+09
 1.02939696e+09 1.02939701e+09 1.02939705e+09 1.02939709e+09
 1.02939713e+09 1.02939718e+09 1.02939722e+09 1.02939726e+09
 1.02939730e+09 1.02939735e+09 1.02939739e+09 1.02939743e+09
 1.02939748e+09 1.02939752e+09 1.02939756e+09 1.02939760e+09
 1.02939765e+09 1.02939769e+09 1.02939773e+09 1.02939777e+09
 1.02939782e+09 1.02939786e+09 1.02939790e+09 1.02939794e+09
 1.02939799e+09 1.02939803e+09 1.02939807e+09 1.02939811e+09
 1.02939816e+09 1.02939820e+09 1.02939824e+09 1.02939829e+09
 1.02939833e+09 1.02939837e+09 1.02939841e+09 1.02939846e+09
 1.02939850e+09 1.02939854e+09 1.02939858e+09 1.02939863e+09
 1.02939867e+09 1.02939871e+09 1.02939875e+09 1.02939880e+09
 1.02939884e+09 1.02939888e+09 1.02939892e+09 1.02939897e+09
 1.02939901e+09 1.02939905e+09 1.02939910e+09 1.02939914e+09
 1.02939918e+09 1.02939922e+09 1.02939927e+09 1.02939931e+09
 1.02939935e+09 1.02939939e+09 1.02939944e+09 1.02939948e+09
 1.02939952e+09 1.02939956e+09 1.02939961e+09 1.02939965e+09
 1.02939969e+09 1.02939974e+09 1.02939978e+09 1.02939982e+09
 1.02939986e+09 1.02939991e+09 1.02939995e+09 1.02939999e+09
 1.02940003e+09 1.02940008e+09 1.02940012e+09 1.02940016e+09
 1.02940020e+09 1.02940025e+09 1.02940029e+09 1.02940033e+09
 1.02940037e+09 1.02940042e+09 1.02940046e+09 1.02940050e+09
 1.02940055e+09 1.02940059e+09 1.02940063e+09 1.02940067e+09
 1.02940072e+09 1.02940076e+09 1.02940080e+09 1.02940084e+09
 1.02940089e+09 1.02940093e+09 1.02940097e+09 1.02940101e+09
 1.02940106e+09 1.02940110e+09 1.02940114e+09 1.02940118e+09
 1.02940123e+09 1.02940127e+09 1.02940131e+09 1.02940136e+09
 1.02940140e+09 1.02940144e+09 1.02940148e+09 1.02940153e+09
 1.02940157e+09 1.02940161e+09 1.02940165e+09 1.02940170e+09
 1.02940174e+09 1.02940178e+09 1.02940182e+09 1.02940187e+09
 1.02940191e+09 1.02940195e+09 1.02940199e+09 1.02940204e+09
 1.02940208e+09 1.02940212e+09 1.02940217e+09 1.02940221e+09
 1.02940225e+09 1.02940229e+09 1.02940234e+09 1.02940238e+09
 1.02940242e+09 1.02940246e+09 1.02940251e+09 1.02940255e+09
 1.02940259e+09 1.02940263e+09 1.02940268e+09 1.02940272e+09
 1.02940276e+09 1.02940280e+09 1.02940285e+09 1.02940289e+09
 1.02940293e+09 1.02940298e+09 1.02940302e+09 1.02940306e+09
 1.02940310e+09 1.02940315e+09 1.02940319e+09 1.02940323e+09
 1.02940327e+09 1.02940332e+09 1.02940336e+09 1.02940340e+09
 1.02940344e+09 1.02940349e+09 1.02940353e+09 1.02940357e+09
 1.02940361e+09 1.02940366e+09 1.02940370e+09 1.02940374e+09
 1.02940379e+09 1.02940383e+09 1.02940387e+09 1.02940391e+09
 1.02940396e+09 1.02940400e+09 1.02940404e+09 1.02940408e+09
 1.02940413e+09 1.02940417e+09 1.02940421e+09 1.02940425e+09
 1.02940430e+09 1.02940434e+09 1.02940438e+09 1.02940442e+09
 1.02940447e+09 1.02940451e+09 1.02940455e+09 1.02940460e+09
 1.02940464e+09 1.02940468e+09 1.02940472e+09 1.02940477e+09
 1.02940481e+09 1.02940485e+09 1.02940489e+09 1.02940494e+09
 1.02940498e+09 1.02940502e+09 1.02940506e+09 1.02940511e+09
 1.02940515e+09 1.02940519e+09 1.02940523e+09 1.02940528e+09
 1.02940532e+09 1.02940536e+09 1.02940541e+09 1.02940545e+09
 1.02940549e+09 1.02940553e+09 1.02940558e+09 1.02940562e+09]
minRes = 0.08250997444662914
minResTime =  [1.02940532e+09]
