name =JUICE_ROI_CAL_5_0_04
flyby =  ['2033 APR 06 23:29:30', '2033 APR 07 23:29:30']
Observation TW =  <SpiceCell dtype = 1, length = 0, size = 3400, card = 14, is_set = 1, adjust = 0, init = 1, base = 2554802958352, data = 2554802958400>
Res(t) =  [3.41623326 3.41281751 3.40940181 3.40598615 3.40257053 3.39915497
 3.39573945 3.39232398 3.38890855 3.38549317 3.38207783 3.37866255
 3.37524731 3.37183211 3.36841696 3.36500186 3.3615868  3.35817179
 3.35475683 3.35134191 3.34792704 3.34451222 3.34109744 3.33768271
 3.33426803 3.33085339 3.3274388  3.32402425 3.32060975 3.3171953
 3.3137809  3.31036654 3.30695222 3.30353796 3.30012374 3.29670956
 3.29329544 3.28988136 3.28646732 3.28305334 3.2796394  3.2762255
 3.27281166 3.26939785 3.2659841  3.26257039 3.25915673 3.25574312
 3.25232955 3.24891603 3.24550255 3.24208913 3.23867574 3.23526241
 3.23184912 3.22843588 3.22502268 3.22160954 3.21819643 3.21478338
 3.21137037 3.20795741 3.20454449 3.20113163 3.1977188  3.19430603
 3.1908933  3.18748062 3.18406798 3.1806554  3.17724286 3.17383036
 3.17041791 3.16700551 3.16359316 3.16018085 3.15676859 3.15335637
 3.14994421 3.14653208 3.14312001 3.13970798 3.136296   3.13288407
 3.12947218 3.12606034 3.12264855 3.1192368  3.1158251  3.11241345
 3.10900184 3.10559028 3.10217877 3.0987673  3.09535588 3.09194451
 3.08853319 3.08512191 3.08171068 3.07829949 3.07488835 3.07147726
 3.06806622 3.06465522 3.06124427 3.05783336 3.05442251 3.0510117
 3.04760093 3.04419022 3.04077955 3.03736892 3.03395835 3.03054782
 3.02713733 3.0237269  3.02031651 3.01690617 3.01349587 3.01008563
 3.00667542 3.00326527 2.99985516 2.9964451  2.99303509 2.98962512
 2.9862152  2.98280533 2.9793955  2.97598572 2.97257599 2.96916631
 2.96575667 2.96234708 2.95893753 2.95552803 2.95211858 2.94870918
 2.94529982 2.94189051 2.93848125 2.93507203 2.93166286 2.92825374
 2.92484467 2.92143564 2.91802666 2.91461772 2.91120883 2.90779999
 2.9043912  2.90098245 2.89757375 2.8941651  2.89075649 2.88734793
 2.88393942 2.88053096 2.87712254 2.87371417 2.87030584 2.86689756
 2.86348933 2.86008115 2.85667301 2.85326492 2.84985688 2.84644888
 2.84304093 2.83963303 2.83622518 2.83281737 2.82940961 2.82600189
 2.82259422 2.8191866  2.81577903 2.8123715  2.80896402 2.80555659
 2.8021492  2.79874187 2.79533457 2.79192733 2.78852013 2.78511298
 2.78170587 2.77829882 2.77489181 2.77148484 2.76807793 2.76467106
 2.76126423 2.75785746 2.75445073 2.75104405 2.74763741 2.74423082
 2.74082428 2.73741779 2.73401134 2.73060494 2.72719858 2.72379228
 2.72038602 2.7169798  2.71357364 2.71016752 2.70676145 2.70335542
 2.69994944 2.69654351 2.69313763 2.68973179 2.686326   2.68292025
 2.67951455 2.6761089  2.6727033  2.66929774 2.66589223 2.66248677
 2.65908135 2.65567598 2.65227066 2.64886539 2.64546016 2.64205498
 2.63864984 2.63524475 2.63183971 2.62843472 2.62502977 2.62162487
 2.61822001 2.6148152  2.61141044 2.60800573 2.60460106 2.60119644
 2.59779187 2.59438734 2.59098286 2.58757843 2.58417404 2.5807697
 2.57736541 2.57396116 2.57055696 2.56715281 2.56374871 2.56034465
 2.55694063 2.55353667 2.55013275 2.54672888 2.54332505 2.53992127
 2.53651754 2.53311385 2.52971022 2.52630662 2.52290308 2.51949958
 2.51609613 2.51269272 2.50928936 2.50588605 2.50248279 2.49907957
 2.4956764  2.49227327 2.48887019 2.48546716 2.48206417 2.47866123
 2.47525834 2.4718555  2.4684527  2.46504995 2.46164724 2.45824458
 2.45484197 2.4514394  2.44803688 2.44463441 2.44123198 2.4378296
 2.43442727 2.43102498 2.42762274 2.42422055 2.4208184  2.4174163
 2.41401424 2.41061224 2.40721027 2.40380836 2.40040649 2.39700467
 2.39360289 2.39020116 2.38679948 2.38339785 2.37999626 2.37659471
 2.37319321 2.36979176 2.36639036 2.362989   2.35958769 2.35618642
 2.35278521 2.34938403 2.34598291 2.34258183 2.33918079 2.33577981
 2.33237887 2.32897797 2.32557712 2.32217632 2.31877556 2.31537486
 2.31197419 2.30857358 2.305173   2.30177248 2.298372   2.29497157
 2.29157118 2.28817084 2.28477055 2.2813703  2.2779701  2.27456995
 2.27116984 2.26776977 2.26436976 2.26096979 2.25756986 2.25416998
 2.25077015 2.24737037 2.24397062 2.24057093 2.23717128 2.23377168
 2.23037212 2.22697261 2.22357315 2.22017373 2.21677436 2.21337503
 2.20997575 2.20657652 2.20317733 2.19977819 2.19637909 2.19298004
 2.18958104 2.18618208 2.18278317 2.1793843  2.17598548 2.1725867
 2.16918797 2.16578929 2.16239065 2.15899206 2.15559351 2.15219501
 2.14879656 2.14539815 2.14199979 2.13860147 2.1352032  2.13180497
 2.12840679 2.12500865 2.12161057 2.11821252 2.11481452 2.11141657
 2.10801867 2.1046208  2.10122299 2.09782522 2.09442749 2.09102982
 2.08763218 2.08423459 2.08083705 2.07743956 2.0740421  2.0706447
 2.06724734 2.06385002 2.06045275 2.05705553 2.05365835 2.05026122
 2.04686413 2.04346709 2.04007009 2.03667314 2.03327623 2.02987937
 2.02648255 2.02308578 2.01968906 2.01629238 2.01289574 2.00949915
 2.00610261 2.00270611 1.99930966 1.99591325 1.99251688 1.98912056
 1.98572429 1.98232806 1.97893188 1.97553574 1.97213965 1.9687436
 1.9653476  1.96195164 1.95855573 1.95515986 1.95176403 1.94836826
 1.94497252 1.94157684 1.93818119 1.93478559 1.93139004 1.92799453
 1.92459907 1.92120365 1.91780827 1.91441294 1.91101766 1.90762242
 1.90422723 1.90083207 1.89743697 1.89404191 1.89064689 1.88725192
 1.88385699 1.88046211 1.87706727 1.87367248 1.87027773 1.86688303
 1.86348837 1.86009375 1.85669918 1.85330466 1.84991018 1.84651574
 1.84312135 1.839727   1.8363327  1.83293844 1.82954422 1.82615005
 1.82275593 1.81936184 1.81596781 1.81257381 1.80917987 1.80578596
 1.8023921  1.79899829 1.79560451 1.79221079 1.7888171  1.78542346
 1.78202987 1.77863632 1.77524281 1.77184935 1.76845593 1.76506256
 1.76166923 1.75827594 1.7548827  1.7514895  1.74809634 1.74470323
 1.74131017 1.73791714 1.73452416 1.73113123 1.72773834 1.72434549
 1.72095269 1.71755993 1.71416721 1.71077454 1.70738191 1.70398933
 1.70059679 1.69720429 1.69381184 1.69041943 1.68702706 1.68363474
 1.68024246 1.67685022 1.67345803 1.67006588 1.66667378 1.66328172
 1.6598897  1.65649773 1.6531058  1.64971391 1.64632207 1.64293027
 1.63953851 1.63614679 1.63275512 1.6293635  1.62597191 1.62258037
 1.61918888 1.61579742 1.61240601 1.60901464 1.60562332 1.60223204
 1.5988408  1.59544961 1.59205846 1.58866735 1.58527628 1.58188526
 1.57849428 1.57510334 1.57171245 1.5683216  1.56493079 1.56154003
 1.55814931 1.55475863 1.551368   1.5479774  1.54458685 1.54119635
 1.53780588 1.53441546 1.53102508 1.52763475 1.52424446 1.52085421
 1.517464   1.51407383 1.51068371 1.50729363 1.5039036  1.5005136
 1.49712365 1.49373374 1.49034388 1.48695405 1.48356427 1.48017453
 1.47678484 1.47339519 1.47000558 1.46661601 1.46322648 1.459837
 1.45644756 1.45305816 1.4496688  1.44627949 1.44289022 1.43950099
 1.4361118  1.43272266 1.42933356 1.4259445  1.42255548 1.4191665
 1.41577757 1.41238868 1.40899983 1.40561103 1.40222226 1.39883354
 1.39544486 1.39205622 1.38866763 1.38527907 1.38189056 1.37850209
 1.37511367 1.37172528 1.36833694 1.36494864 1.36156038 1.35817216
 1.35478399 1.35139586 1.34800777 1.34461972 1.34123171 1.33784375
 1.33445583 1.33106794 1.32768011 1.32429231 1.32090455 1.31751684
 1.31412917 1.31074154 1.30735396 1.30396641 1.30057891 1.29719145
 1.29380403 1.29041665 1.28702931 1.28364202 1.28025477 1.27686756
 1.27348039 1.27009326 1.26670618 1.26331914 1.25993214 1.25654518
 1.25315826 1.24977139 1.24638455 1.24299776 1.23961101 1.2362243
 1.23283764 1.22945101 1.22606443 1.22267789 1.21929139 1.21590494
 1.21251852 1.20913215 1.20574582 1.20235953 1.19897328 1.19558708
 1.19220092 1.1888148  1.18542872 1.18204268 1.17865669 1.17527073
 1.17188482 1.16849895 1.16511313 1.16172734 1.1583416  1.1549559
 1.15157024 1.14818463 1.14479905 1.14141352 1.13802803 1.13464258
 1.13125718 1.12787182 1.1244865  1.12110122 1.11771598 1.11433079
 1.11094564 1.10756053 1.10417547 1.10079044 1.09740546 1.09402053
 1.09063563 1.08725078 1.08386597 1.0804812  1.07709648 1.0737118
 1.07032716 1.06694257 1.06355802 1.06017351 1.05678904 1.05340462
 1.05002024 1.04663591 1.04325162 1.03986737 1.03648316 1.033099
 1.02971488 1.02633081 1.02294678 1.01956279 1.01617885 1.01279495
 1.0094111  1.00602729 1.00264353 0.9992598  0.99587613 0.9924925
 0.98910891 0.98572537 0.98234187 0.97895842 0.97557501 0.97219165
 0.96880833 0.96542506 0.96204183 0.95865865 0.95527552 0.95189243
 0.94850939 0.94512639 0.94174344 0.93836054 0.93497769 0.93159488
 0.92821211 0.9248294  0.92144673 0.91806411 0.91468153 0.91129901
 0.90791653 0.9045341  0.90115172 0.89776939 0.8943871  0.89100487
 0.88762268 0.88424054 0.88085846 0.87747642 0.87409443 0.87071249
 0.86733061 0.86394877 0.86056698 0.85718525 0.85380356 0.85042193
 0.84704035 0.84365883 0.84027735 0.83689593 0.83351456 0.83013324
 0.82675198 0.82337078 0.81998962 0.81660852 0.81322748 0.80984649
 0.80646556 0.80308468 0.79970386 0.7963231  0.79294239 0.78956175
 0.78618116 0.78280063 0.77942015 0.77603974 0.77265939 0.7692791
 0.76589886 0.76251869 0.75913859 0.75575854 0.75237856 0.74899864
 0.74561878 0.74223899 0.73885927 0.73547961 0.73210001 0.72872049
 0.72534103 0.72196164 0.71858232 0.71520307 0.71182389 0.70844478
 0.70506574 0.70168677 0.69830788 0.69492907 0.69155032 0.68817166
 0.68479307 0.68141456 0.67803613 0.67465777 0.6712795  0.66790131
 0.6645232  0.66114518 0.65776724 0.65438939 0.65101162 0.64763394
 0.64425635 0.64087886 0.63750145 0.63412414 0.63074692 0.6273698
 0.62399277 0.62061584 0.61723902 0.61386229 0.61048567 0.60710915
 0.60373274 0.60035644 0.59698025 0.59360417 0.5902282  0.58685235
 0.58347662 0.580101   0.57672551 0.57335014 0.56997489 0.56659978
 0.56322479 0.55984994 0.55647522 0.55310064 0.5497262  0.5463519
 0.54297775 0.53960374 0.53622989 0.53427746 0.53090336 0.52752942
 0.52415563 0.520782   0.51740854 0.51403525 0.51066212 0.50728917
 0.5039164  0.50054382 0.49717142 0.49379921 0.49042719 0.48705538
 0.48368377 0.48031237 0.47694118 0.47357021 0.47019947 0.46682895
 0.46345867 0.46008863 0.45671884 0.4533493  0.44998002 0.44661101
 0.44324226 0.4398738  0.43650563 0.43313775 0.42977017 0.4264029
 0.42303595 0.41966933 0.41630304 0.41293711 0.40957152 0.40620631
 0.40284147 0.39947702 0.39611296 0.39274932 0.3893861  0.38602331
 0.38266098 0.3792991  0.37593771 0.3725768  0.3692164  0.36585653
 0.36249719 0.35913841 0.35578021 0.3524226  0.34906561 0.34570925
 0.34235355 0.33899853 0.33564421 0.33229062 0.32893778 0.32558573
 0.32223448 0.31888407 0.31553453 0.31218589 0.30883819 0.30549146
 0.30214574 0.29880106 0.29545748 0.29211503 0.28877376 0.28543371
 0.28209494 0.2787575  0.27542145 0.27208684 0.26875374 0.26542221
 0.26209233 0.25876416 0.25543779 0.25211329 0.24879076 0.24547029
 0.24215197 0.23883591 0.23552222 0.23221102 0.22890243 0.22559659
 0.22229364 0.21899374 0.21569703 0.21240371 0.20911395 0.20582796
 0.20254594 0.19926814 0.19599479 0.19272616 0.18946254 0.18620425
 0.1829516  0.17970498 0.17646477 0.17323139 0.17000531 0.16678705
 0.16357714 0.16037619 0.15718486 0.15400388 0.15083405 0.14767623
 0.1445314  0.14140062 0.1382851  0.13518614 0.13210523 0.129044
 0.12600432 0.12298827 0.11999818 0.11703672 0.11410693 0.11121225
 0.10835665 0.1055447  0.10278168 0.10007376 0.09742813 0.0948533
 0.09235933 0.08995827 0.08766466 0.08549617 0.08347456 0.08162692
 0.0799875  0.07860025 0.07752276 0.07683222 0.0766352  0.07708413
 0.07840733 0.08096778 0.08539107 0.09288543]
t =  [1.04971504e+09 1.04971508e+09 1.04971512e+09 1.04971517e+09
 1.04971521e+09 1.04971525e+09 1.04971529e+09 1.04971534e+09
 1.04971538e+09 1.04971542e+09 1.04971547e+09 1.04971551e+09
 1.04971555e+09 1.04971559e+09 1.04971564e+09 1.04971568e+09
 1.04971572e+09 1.04971576e+09 1.04971581e+09 1.04971585e+09
 1.04971589e+09 1.04971593e+09 1.04971598e+09 1.04971602e+09
 1.04971606e+09 1.04971610e+09 1.04971615e+09 1.04971619e+09
 1.04971623e+09 1.04971627e+09 1.04971632e+09 1.04971636e+09
 1.04971640e+09 1.04971644e+09 1.04971649e+09 1.04971653e+09
 1.04971657e+09 1.04971662e+09 1.04971666e+09 1.04971670e+09
 1.04971674e+09 1.04971679e+09 1.04971683e+09 1.04971687e+09
 1.04971691e+09 1.04971696e+09 1.04971700e+09 1.04971704e+09
 1.04971708e+09 1.04971713e+09 1.04971717e+09 1.04971721e+09
 1.04971725e+09 1.04971730e+09 1.04971734e+09 1.04971738e+09
 1.04971742e+09 1.04971747e+09 1.04971751e+09 1.04971755e+09
 1.04971759e+09 1.04971764e+09 1.04971768e+09 1.04971772e+09
 1.04971776e+09 1.04971781e+09 1.04971785e+09 1.04971789e+09
 1.04971794e+09 1.04971798e+09 1.04971802e+09 1.04971806e+09
 1.04971811e+09 1.04971815e+09 1.04971819e+09 1.04971823e+09
 1.04971828e+09 1.04971832e+09 1.04971836e+09 1.04971840e+09
 1.04971845e+09 1.04971849e+09 1.04971853e+09 1.04971857e+09
 1.04971862e+09 1.04971866e+09 1.04971870e+09 1.04971874e+09
 1.04971879e+09 1.04971883e+09 1.04971887e+09 1.04971891e+09
 1.04971896e+09 1.04971900e+09 1.04971904e+09 1.04971909e+09
 1.04971913e+09 1.04971917e+09 1.04971921e+09 1.04971926e+09
 1.04971930e+09 1.04971934e+09 1.04971938e+09 1.04971943e+09
 1.04971947e+09 1.04971951e+09 1.04971955e+09 1.04971960e+09
 1.04971964e+09 1.04971968e+09 1.04971972e+09 1.04971977e+09
 1.04971981e+09 1.04971985e+09 1.04971989e+09 1.04971994e+09
 1.04971998e+09 1.04972002e+09 1.04972006e+09 1.04972011e+09
 1.04972015e+09 1.04972019e+09 1.04972024e+09 1.04972028e+09
 1.04972032e+09 1.04972036e+09 1.04972041e+09 1.04972045e+09
 1.04972049e+09 1.04972053e+09 1.04972058e+09 1.04972062e+09
 1.04972066e+09 1.04972070e+09 1.04972075e+09 1.04972079e+09
 1.04972083e+09 1.04972087e+09 1.04972092e+09 1.04972096e+09
 1.04972100e+09 1.04972104e+09 1.04972109e+09 1.04972113e+09
 1.04972117e+09 1.04972121e+09 1.04972126e+09 1.04972130e+09
 1.04972134e+09 1.04972139e+09 1.04972143e+09 1.04972147e+09
 1.04972151e+09 1.04972156e+09 1.04972160e+09 1.04972164e+09
 1.04972168e+09 1.04972173e+09 1.04972177e+09 1.04972181e+09
 1.04972185e+09 1.04972190e+09 1.04972194e+09 1.04972198e+09
 1.04972202e+09 1.04972207e+09 1.04972211e+09 1.04972215e+09
 1.04972219e+09 1.04972224e+09 1.04972228e+09 1.04972232e+09
 1.04972236e+09 1.04972241e+09 1.04972245e+09 1.04972249e+09
 1.04972254e+09 1.04972258e+09 1.04972262e+09 1.04972266e+09
 1.04972271e+09 1.04972275e+09 1.04972279e+09 1.04972283e+09
 1.04972288e+09 1.04972292e+09 1.04972296e+09 1.04972300e+09
 1.04972305e+09 1.04972309e+09 1.04972313e+09 1.04972317e+09
 1.04972322e+09 1.04972326e+09 1.04972330e+09 1.04972334e+09
 1.04972339e+09 1.04972343e+09 1.04972347e+09 1.04972351e+09
 1.04972356e+09 1.04972360e+09 1.04972364e+09 1.04972368e+09
 1.04972373e+09 1.04972377e+09 1.04972381e+09 1.04972386e+09
 1.04972390e+09 1.04972394e+09 1.04972398e+09 1.04972403e+09
 1.04972407e+09 1.04972411e+09 1.04972415e+09 1.04972420e+09
 1.04972424e+09 1.04972428e+09 1.04972432e+09 1.04972437e+09
 1.04972441e+09 1.04972445e+09 1.04972449e+09 1.04972454e+09
 1.04972458e+09 1.04972462e+09 1.04972466e+09 1.04972471e+09
 1.04972475e+09 1.04972479e+09 1.04972483e+09 1.04972488e+09
 1.04972492e+09 1.04972496e+09 1.04972501e+09 1.04972505e+09
 1.04972509e+09 1.04972513e+09 1.04972518e+09 1.04972522e+09
 1.04972526e+09 1.04972530e+09 1.04972535e+09 1.04972539e+09
 1.04972543e+09 1.04972547e+09 1.04972552e+09 1.04972556e+09
 1.04972560e+09 1.04972564e+09 1.04972569e+09 1.04972573e+09
 1.04972577e+09 1.04972581e+09 1.04972586e+09 1.04972590e+09
 1.04972594e+09 1.04972598e+09 1.04972603e+09 1.04972607e+09
 1.04972611e+09 1.04972616e+09 1.04972620e+09 1.04972624e+09
 1.04972628e+09 1.04972633e+09 1.04972637e+09 1.04972641e+09
 1.04972645e+09 1.04972650e+09 1.04972654e+09 1.04972658e+09
 1.04972662e+09 1.04972667e+09 1.04972671e+09 1.04972675e+09
 1.04972679e+09 1.04972684e+09 1.04972688e+09 1.04972692e+09
 1.04972696e+09 1.04972701e+09 1.04972705e+09 1.04972709e+09
 1.04972713e+09 1.04972718e+09 1.04972722e+09 1.04972726e+09
 1.04972731e+09 1.04972735e+09 1.04972739e+09 1.04972743e+09
 1.04972748e+09 1.04972752e+09 1.04972756e+09 1.04972760e+09
 1.04972765e+09 1.04972769e+09 1.04972773e+09 1.04972777e+09
 1.04972782e+09 1.04972786e+09 1.04972790e+09 1.04972794e+09
 1.04972799e+09 1.04972803e+09 1.04972807e+09 1.04972811e+09
 1.04972816e+09 1.04972820e+09 1.04972824e+09 1.04972828e+09
 1.04972833e+09 1.04972837e+09 1.04972841e+09 1.04972846e+09
 1.04972850e+09 1.04972854e+09 1.04972858e+09 1.04972863e+09
 1.04972867e+09 1.04972871e+09 1.04972875e+09 1.04972880e+09
 1.04972884e+09 1.04972888e+09 1.04972892e+09 1.04972897e+09
 1.04972901e+09 1.04972905e+09 1.04972909e+09 1.04972914e+09
 1.04972918e+09 1.04972922e+09 1.04972926e+09 1.04972931e+09
 1.04972935e+09 1.04972939e+09 1.04972943e+09 1.04972948e+09
 1.04972952e+09 1.04972956e+09 1.04972960e+09 1.04972965e+09
 1.04972969e+09 1.04972973e+09 1.04972978e+09 1.04972982e+09
 1.04972986e+09 1.04972990e+09 1.04972995e+09 1.04972999e+09
 1.04973003e+09 1.04973007e+09 1.04973012e+09 1.04973016e+09
 1.04973020e+09 1.04973024e+09 1.04973029e+09 1.04973033e+09
 1.04973037e+09 1.04973041e+09 1.04973046e+09 1.04973050e+09
 1.04973054e+09 1.04973058e+09 1.04973063e+09 1.04973067e+09
 1.04973071e+09 1.04973075e+09 1.04973080e+09 1.04973084e+09
 1.04973088e+09 1.04973093e+09 1.04973097e+09 1.04973101e+09
 1.04973105e+09 1.04973110e+09 1.04973114e+09 1.04973118e+09
 1.04973122e+09 1.04973127e+09 1.04973131e+09 1.04973135e+09
 1.04973139e+09 1.04973144e+09 1.04973148e+09 1.04973152e+09
 1.04973156e+09 1.04973161e+09 1.04973165e+09 1.04973169e+09
 1.04973173e+09 1.04973178e+09 1.04973182e+09 1.04973186e+09
 1.04973190e+09 1.04973195e+09 1.04973199e+09 1.04973203e+09
 1.04973208e+09 1.04973212e+09 1.04973216e+09 1.04973220e+09
 1.04973225e+09 1.04973229e+09 1.04973233e+09 1.04973237e+09
 1.04973242e+09 1.04973246e+09 1.04973250e+09 1.04973254e+09
 1.04973259e+09 1.04973263e+09 1.04973267e+09 1.04973271e+09
 1.04973276e+09 1.04973280e+09 1.04973284e+09 1.04973288e+09
 1.04973293e+09 1.04973297e+09 1.04973301e+09 1.04973305e+09
 1.04973310e+09 1.04973314e+09 1.04973318e+09 1.04973323e+09
 1.04973327e+09 1.04973331e+09 1.04973335e+09 1.04973340e+09
 1.04973344e+09 1.04973348e+09 1.04973352e+09 1.04973357e+09
 1.04973361e+09 1.04973365e+09 1.04973369e+09 1.04973374e+09
 1.04973378e+09 1.04973382e+09 1.04973386e+09 1.04973391e+09
 1.04973395e+09 1.04973399e+09 1.04973403e+09 1.04973408e+09
 1.04973412e+09 1.04973416e+09 1.04973420e+09 1.04973425e+09
 1.04973429e+09 1.04973433e+09 1.04973438e+09 1.04973442e+09
 1.04973446e+09 1.04973450e+09 1.04973455e+09 1.04973459e+09
 1.04973463e+09 1.04973467e+09 1.04973472e+09 1.04973476e+09
 1.04973480e+09 1.04973484e+09 1.04973489e+09 1.04973493e+09
 1.04973497e+09 1.04973501e+09 1.04973506e+09 1.04973510e+09
 1.04973514e+09 1.04973518e+09 1.04973523e+09 1.04973527e+09
 1.04973531e+09 1.04973535e+09 1.04973540e+09 1.04973544e+09
 1.04973548e+09 1.04973553e+09 1.04973557e+09 1.04973561e+09
 1.04973565e+09 1.04973570e+09 1.04973574e+09 1.04973578e+09
 1.04973582e+09 1.04973587e+09 1.04973591e+09 1.04973595e+09
 1.04973599e+09 1.04973604e+09 1.04973608e+09 1.04973612e+09
 1.04973616e+09 1.04973621e+09 1.04973625e+09 1.04973629e+09
 1.04973633e+09 1.04973638e+09 1.04973642e+09 1.04973646e+09
 1.04973650e+09 1.04973655e+09 1.04973659e+09 1.04973663e+09
 1.04973667e+09 1.04973672e+09 1.04973676e+09 1.04973680e+09
 1.04973685e+09 1.04973689e+09 1.04973693e+09 1.04973697e+09
 1.04973702e+09 1.04973706e+09 1.04973710e+09 1.04973714e+09
 1.04973719e+09 1.04973723e+09 1.04973727e+09 1.04973731e+09
 1.04973736e+09 1.04973740e+09 1.04973744e+09 1.04973748e+09
 1.04973753e+09 1.04973757e+09 1.04973761e+09 1.04973765e+09
 1.04973770e+09 1.04973774e+09 1.04973778e+09 1.04973782e+09
 1.04973787e+09 1.04973791e+09 1.04973795e+09 1.04973800e+09
 1.04973804e+09 1.04973808e+09 1.04973812e+09 1.04973817e+09
 1.04973821e+09 1.04973825e+09 1.04973829e+09 1.04973834e+09
 1.04973838e+09 1.04973842e+09 1.04973846e+09 1.04973851e+09
 1.04973855e+09 1.04973859e+09 1.04973863e+09 1.04973868e+09
 1.04973872e+09 1.04973876e+09 1.04973880e+09 1.04973885e+09
 1.04973889e+09 1.04973893e+09 1.04973897e+09 1.04973902e+09
 1.04973906e+09 1.04973910e+09 1.04973915e+09 1.04973919e+09
 1.04973923e+09 1.04973927e+09 1.04973932e+09 1.04973936e+09
 1.04973940e+09 1.04973944e+09 1.04973949e+09 1.04973953e+09
 1.04973957e+09 1.04973961e+09 1.04973966e+09 1.04973970e+09
 1.04973974e+09 1.04973978e+09 1.04973983e+09 1.04973987e+09
 1.04973991e+09 1.04973995e+09 1.04974000e+09 1.04974004e+09
 1.04974008e+09 1.04974012e+09 1.04974017e+09 1.04974021e+09
 1.04974025e+09 1.04974030e+09 1.04974034e+09 1.04974038e+09
 1.04974042e+09 1.04974047e+09 1.04974051e+09 1.04974055e+09
 1.04974059e+09 1.04974064e+09 1.04974068e+09 1.04974072e+09
 1.04974076e+09 1.04974081e+09 1.04974085e+09 1.04974089e+09
 1.04974093e+09 1.04974098e+09 1.04974102e+09 1.04974106e+09
 1.04974110e+09 1.04974115e+09 1.04974119e+09 1.04974123e+09
 1.04974127e+09 1.04974132e+09 1.04974136e+09 1.04974140e+09
 1.04974145e+09 1.04974149e+09 1.04974153e+09 1.04974157e+09
 1.04974162e+09 1.04974166e+09 1.04974170e+09 1.04974174e+09
 1.04974179e+09 1.04974183e+09 1.04974187e+09 1.04974191e+09
 1.04974196e+09 1.04974200e+09 1.04974204e+09 1.04974208e+09
 1.04974213e+09 1.04974217e+09 1.04974221e+09 1.04974225e+09
 1.04974230e+09 1.04974234e+09 1.04974238e+09 1.04974242e+09
 1.04974247e+09 1.04974251e+09 1.04974255e+09 1.04974259e+09
 1.04974264e+09 1.04974268e+09 1.04974272e+09 1.04974277e+09
 1.04974281e+09 1.04974285e+09 1.04974289e+09 1.04974294e+09
 1.04974298e+09 1.04974302e+09 1.04974306e+09 1.04974311e+09
 1.04974315e+09 1.04974319e+09 1.04974323e+09 1.04974328e+09
 1.04974332e+09 1.04974336e+09 1.04974340e+09 1.04974345e+09
 1.04974349e+09 1.04974353e+09 1.04974357e+09 1.04974362e+09
 1.04974366e+09 1.04974370e+09 1.04974374e+09 1.04974379e+09
 1.04974383e+09 1.04974387e+09 1.04974392e+09 1.04974396e+09
 1.04974400e+09 1.04974404e+09 1.04974409e+09 1.04974413e+09
 1.04974417e+09 1.04974421e+09 1.04974426e+09 1.04974430e+09
 1.04974434e+09 1.04974438e+09 1.04974443e+09 1.04974447e+09
 1.04974451e+09 1.04974455e+09 1.04974460e+09 1.04974464e+09
 1.04974468e+09 1.04974472e+09 1.04974477e+09 1.04974481e+09
 1.04974485e+09 1.04974489e+09 1.04974494e+09 1.04974498e+09
 1.04974502e+09 1.04974507e+09 1.04974511e+09 1.04974515e+09
 1.04974519e+09 1.04974524e+09 1.04974528e+09 1.04974532e+09
 1.04974536e+09 1.04974541e+09 1.04974545e+09 1.04974549e+09
 1.04974553e+09 1.04974558e+09 1.04974562e+09 1.04974566e+09
 1.04974570e+09 1.04974575e+09 1.04974579e+09 1.04974583e+09
 1.04974587e+09 1.04974592e+09 1.04974596e+09 1.04974600e+09
 1.04974604e+09 1.04974609e+09 1.04974613e+09 1.04974617e+09
 1.04974622e+09 1.04974626e+09 1.04974630e+09 1.04974634e+09
 1.04974639e+09 1.04974643e+09 1.04974647e+09 1.04974651e+09
 1.04974656e+09 1.04974660e+09 1.04974664e+09 1.04974668e+09
 1.04974673e+09 1.04974677e+09 1.04974681e+09 1.04974685e+09
 1.04974690e+09 1.04974694e+09 1.04974698e+09 1.04974702e+09
 1.04974707e+09 1.04974711e+09 1.04974715e+09 1.04974719e+09
 1.04974724e+09 1.04974728e+09 1.04974732e+09 1.04974737e+09
 1.04974741e+09 1.04974745e+09 1.04974749e+09 1.04974754e+09
 1.04974758e+09 1.04974762e+09 1.04974766e+09 1.04974771e+09
 1.04974775e+09 1.04974779e+09 1.04974783e+09 1.04974788e+09
 1.04974792e+09 1.04974796e+09 1.04974800e+09 1.04974805e+09
 1.04974809e+09 1.04974813e+09 1.04974817e+09 1.04974822e+09
 1.04974826e+09 1.04974830e+09 1.04974834e+09 1.04974839e+09
 1.04974843e+09 1.04974847e+09 1.04974851e+09 1.04974856e+09
 1.04974860e+09 1.04974864e+09 1.04974869e+09 1.04974873e+09
 1.04974877e+09 1.04974881e+09 1.04974886e+09 1.04974890e+09
 1.04974894e+09 1.04974898e+09 1.04974903e+09 1.04974907e+09
 1.04974911e+09 1.04974915e+09 1.04974920e+09 1.04974924e+09
 1.04974928e+09 1.04974932e+09 1.04974937e+09 1.04974941e+09
 1.04974945e+09 1.04974949e+09 1.04974954e+09 1.04974958e+09
 1.04974962e+09 1.04974966e+09 1.04974971e+09 1.04974975e+09
 1.04974979e+09 1.04974984e+09 1.04974988e+09 1.04974992e+09
 1.04974996e+09 1.04975001e+09 1.04975005e+09 1.04975009e+09
 1.04975013e+09 1.04975018e+09 1.04975022e+09 1.04975026e+09
 1.04975030e+09 1.04975035e+09 1.04975039e+09 1.04975043e+09
 1.04975047e+09 1.04975052e+09 1.04975056e+09 1.04975060e+09
 1.04975064e+09 1.04975069e+09 1.04975073e+09 1.04975077e+09
 1.04975081e+09 1.04975086e+09 1.04975090e+09 1.04975094e+09
 1.04975099e+09 1.04975103e+09 1.04975107e+09 1.04975111e+09
 1.04975116e+09 1.04975120e+09 1.04975124e+09 1.04975128e+09
 1.04975133e+09 1.04975137e+09 1.04975141e+09 1.04975145e+09
 1.04975150e+09 1.04975154e+09 1.04975158e+09 1.04975162e+09
 1.04975167e+09 1.04975171e+09 1.04975175e+09 1.04975179e+09
 1.04975184e+09 1.04975188e+09 1.04975192e+09 1.04975196e+09
 1.04975201e+09 1.04975205e+09 1.04975209e+09 1.04975214e+09
 1.04975218e+09 1.04975222e+09 1.04975226e+09 1.04975231e+09
 1.04975235e+09 1.04975239e+09 1.04975243e+09 1.04975248e+09
 1.04975252e+09 1.04975256e+09 1.04975260e+09 1.04975265e+09
 1.04975269e+09 1.04975273e+09 1.04975277e+09 1.04975282e+09
 1.04975286e+09 1.04975290e+09 1.04975294e+09 1.04975299e+09
 1.04975303e+09 1.04975307e+09 1.04975311e+09 1.04975316e+09
 1.04975320e+09 1.04975324e+09 1.04975329e+09 1.04975333e+09
 1.04975337e+09 1.04975341e+09 1.04975346e+09 1.04975350e+09
 1.04975354e+09 1.04975358e+09 1.04975363e+09 1.04975367e+09
 1.04975371e+09 1.04975375e+09 1.04975380e+09 1.04975384e+09
 1.04975388e+09 1.04975392e+09 1.04975397e+09 1.04975401e+09
 1.04975405e+09 1.04975409e+09 1.04975414e+09 1.04975418e+09
 1.04975422e+09 1.04975426e+09 1.04975431e+09 1.04975435e+09
 1.04975439e+09 1.04975444e+09 1.04975448e+09 1.04975452e+09
 1.04975456e+09 1.04975461e+09 1.04975465e+09 1.04975469e+09
 1.04975473e+09 1.04975478e+09 1.04975482e+09 1.04975486e+09
 1.04975490e+09 1.04975495e+09 1.04975499e+09 1.04975503e+09
 1.04975507e+09 1.04975512e+09 1.04975516e+09 1.04975520e+09
 1.04975524e+09 1.04975529e+09 1.04975533e+09 1.04975537e+09
 1.04975541e+09 1.04975546e+09 1.04975550e+09 1.04975554e+09
 1.04975558e+09 1.04975563e+09 1.04975567e+09 1.04975571e+09
 1.04975576e+09 1.04975580e+09 1.04975584e+09 1.04975588e+09
 1.04975593e+09 1.04975597e+09 1.04975601e+09 1.04975605e+09
 1.04975610e+09 1.04975614e+09 1.04975618e+09 1.04975622e+09
 1.04975627e+09 1.04975631e+09 1.04975635e+09 1.04975639e+09
 1.04975644e+09 1.04975648e+09 1.04975652e+09 1.04975656e+09
 1.04975661e+09 1.04975665e+09 1.04975669e+09 1.04975673e+09
 1.04975678e+09 1.04975682e+09 1.04975686e+09 1.04975691e+09
 1.04975695e+09 1.04975699e+09 1.04975703e+09 1.04975708e+09
 1.04975712e+09 1.04975716e+09 1.04975720e+09 1.04975725e+09
 1.04975729e+09 1.04975733e+09 1.04975737e+09 1.04975742e+09
 1.04975746e+09 1.04975750e+09 1.04975754e+09 1.04975759e+09]
minRes = 0.07663520086852316
minResTime =  [1.04975737e+09]
