name =JUICE_ROI_CAL_4_3_04
flyby =  ['2032 AUG 14 10:09:17', '2032 AUG 15 10:09:17']
Observation TW =  <SpiceCell dtype = 1, length = 0, size = 2400, card = 4, is_set = 1, adjust = 0, init = 1, base = 2554764705120, data = 2554764705168>
Res(t) =  [6.15694391 6.15739754 6.15785118 6.1583048  6.15875841 6.15921202
 6.15966562 6.16011921 6.1605728  6.16102637 6.16147994 6.1619335
 6.16238705 6.16284059 6.16329413 6.16374765 6.16420117 6.16465468
 6.16510819 6.16556168 6.16601517 6.16646865 6.16692212 6.16737558
 6.16782904 6.16828249 6.16873593 6.16918936 6.16964278 6.1700962
 6.17054961 6.17100301 6.1714564  6.17190978 6.17236316 6.17281652
 6.17326988 6.17372324 6.17417658 6.17462992 6.17508324 6.17553656
 6.17598988 6.17644318 6.17689648 6.17734977 6.17780305 6.17825632
 6.17870958 6.17916284 6.17961609 6.18006933 6.18052256 6.18097579
 6.181429   6.18188221 6.18233541 6.18278861 6.18324179 6.18369497
 6.18414814 6.1846013  6.18505445 6.1855076  6.18596073 6.18641386
 6.18686699 6.1873201  6.1877732  6.1882263  6.18867939 6.18913247
 6.18958555 6.19003861 6.19049167 6.19094472 6.19139777 6.1918508
 6.19230383 6.19275685 6.19320986 6.19366286 6.19411585 6.19456884
 6.19502182 6.19547479 6.19592775 6.19638071 6.19683366 6.1972866
 6.19773953 6.19819245 6.19864537 6.19909828 6.19955118 6.20000407
 6.20045695 6.20090983 6.2013627  6.20181556 6.20226841 6.20272126
 6.20317409 6.20362692 6.20407974 6.20453256 6.20498536 6.20543816
 6.20589095 6.20634373 6.20679651 6.20724927 6.20770203 6.20815478
 6.20860752 6.20906026 6.20951298 6.2099657  6.21041841 6.21087112
 6.21132381 6.2117765  6.21222918 6.21268185 6.21313452 6.21358717
 6.21403982 6.21449246 6.21494509 6.21539772 6.21585033 6.21630294
 6.21675554 6.21720814 6.21766072 6.2181133  6.21856587 6.21901843
 6.21947098 6.21992353 6.22037607 6.2208286  6.22128112 6.22173364
 6.22218614 6.22263864 6.22309113 6.22354362 6.22399609 6.22444856
 6.22490102 6.22535347 6.22580592 6.22625835 6.22671078 6.2271632
 6.22761561 6.22806802 6.22852042 6.22897281 6.22942519 6.22987756
 6.23032993 6.23078229 6.23123464 6.23168698 6.23213931 6.23259164
 6.23304396 6.23349627 6.23394857 6.23440087 6.23485316 6.23530544
 6.23575771 6.23620997 6.23666223 6.23711448 6.23756672 6.23801895
 6.23847118 6.2389234  6.23937561 6.23982781 6.24028    6.24073219
 6.24118437 6.24163654 6.2420887  6.24254086 6.24299301 6.24344515
 6.24389728 6.2443494  6.24480152 6.24525363 6.24570573 6.24615782
 6.24660991 6.24706198 6.24751405 6.24796612 6.24841817 6.24887022
 6.24932225 6.24977429 6.25022631 6.25067832 6.25113033 6.25158233
 6.25203432 6.25248631 6.25293828 6.25339025 6.25384221 6.25429417
 6.25474611 6.25519805 6.25564998 6.2561019  6.25655382 6.25700573
 6.25745762 6.25790952 6.2583614  6.25881327 6.25926514 6.259717
 6.26016886 6.2606207  6.26107254 6.26152437 6.26197619 6.262428
 6.26287981 6.26333161 6.2637834  6.26423518 6.26468696 6.26513872
 6.26559048 6.26604224 6.26649398 6.26694572 6.26739745 6.26784917
 6.26830088 6.26875259 6.26920428 6.26965597 6.27010766 6.27055933
 6.271011   6.27146266 6.27191431 6.27236595 6.27281759 6.27326922
 6.27372084 6.27417245 6.27462406 6.27507566 6.27552725 6.27597883
 6.2764304  6.27688197 6.27733353 6.27778508 6.27823662 6.27868816
 6.27913969 6.27959121 6.28004272 6.28049423 6.28094573 6.28139722
 6.2818487  6.28230017 6.28275164 6.2832031  6.28365455 6.28410599
 6.28455743 6.28500886 6.28546028 6.28591169 6.2863631  6.2868145
 6.28726589 6.28771727 6.28816864 6.28862001 6.28907137 6.28952272
 6.28997407 6.2904254  6.29087673 6.29132805 6.29177937 6.29223067
 6.29268197 6.29313326 6.29358455 6.29403582 6.29448709 6.29493835
 6.2953896  6.29584084 6.29629208 6.29674331 6.29719453 6.29764575
 6.29809695 6.29854815 6.29899934 6.29945053 6.2999017  6.30035287
 6.30080403 6.30125518 6.30170633 6.30215747 6.3026086  6.30305972
 6.30351083 6.30396194 6.30441304 6.30486413 6.30531522 6.30576629
 6.30621736 6.30666842 6.30711948 6.30757052 6.30802156 6.30847259
 6.30892362 6.30937463 6.30982564 6.31027664 6.31072763 6.31117862
 6.3116296  6.31208057 6.31253153 6.31298248 6.31343343 6.31388437
 6.3143353  6.31478623 6.31523714 6.31568805 6.31613895 6.31658985
 6.31704073 6.31749161 6.31794248 6.31839335 6.3188442  6.31929505
 6.31974589 6.32019672 6.32064755 6.32109837 6.32154918 6.32199998
 6.32245078 6.32290156 6.32335234 6.32380312 6.32425388 6.32470464
 6.32515539 6.32560613 6.32605687 6.32650759 6.32695831 6.32740902
 6.32785973 6.32831043 6.32876111 6.3292118  6.32966247 6.33011314
 6.3305638  6.33101445 6.33146509 6.33191573 6.33236636 6.33281698
 6.33326759 6.3337182  6.3341688  6.33461939 6.33506997 6.33552055
 6.33597111 6.33642167 6.33687223 6.33732277 6.33777331 6.33822384
 6.33867436 6.33912488 6.33957539 6.34002589 6.34047638 6.34092687
 6.34137734 6.34182781 6.34227828 6.34272873 6.34317918 6.34362962
 6.34408005 6.34453048 6.3449809  6.34543131 6.34588171 6.3463321
 6.34678249 6.34723287 6.34768324 6.34813361 6.34858396 6.34903431
 6.34948466 6.34993499 6.35038532 6.35083564 6.35128595 6.35173626
 6.35218655 6.35263684 6.35308713 6.3535374  6.35398767 6.35443793
 6.35488818 6.35533842 6.35578866 6.35623889 6.35668911 6.35713933
 6.35758954 6.35803974 6.35848993 6.35894011 6.35939029 6.35984046
 6.36029062 6.36074078 6.36119092 6.36164106 6.3620912  6.36254132
 6.36299144 6.36344155 6.36389165 6.36434175 6.36479183 6.36524191
 6.36569199 6.36614205 6.36659211 6.36704216 6.3674922  6.36794224
 6.36839226 6.36884228 6.3692923  6.3697423  6.3701923  6.37064229
 6.37109227 6.37154225 6.37199222 6.37244218 6.37289213 6.37334208
 6.37379202 6.37424195 6.37469187 6.37514179 6.37559169 6.3760416
 6.37649149 6.37694137 6.37739125 6.37784112 6.37829099 6.37874084
 6.37919069 6.37964054 6.38009037 6.3805402  6.38099001 6.38143983
 6.38188963 6.38233943 6.38278922 6.383239   6.38368877 6.38413854
 6.3845883  6.38503805 6.3854878  6.38593754 6.38638727 6.38683699
 6.3872867  6.38773641 6.38818611 6.3886358  6.38908549 6.38953517
 6.38998484 6.3904345  6.39088416 6.39133381 6.39178345 6.39223308
 6.39268271 6.39313233 6.39358194 6.39403154 6.39448114 6.39493073
 6.39538031 6.39582988 6.39627945 6.39672901 6.39717856 6.39762811
 6.39807765 6.39852718 6.3989767  6.39942621 6.39987572 6.40032522
 6.40077472 6.4012242  6.40167368 6.40212315 6.40257261 6.40302207
 6.40347152 6.40392096 6.4043704  6.40481982 6.40526924 6.40571865
 6.40616806 6.40661746 6.40706685 6.40751623 6.4079656  6.40841497
 6.40886433 6.40931368 6.40976303 6.41021237 6.4106617  6.41111102
 6.41156034 6.41200965 6.41245895 6.41290824 6.41335753 6.41380681
 6.41425608 6.41470535 6.41515461 6.41560386 6.4160531  6.41650233
 6.41695156 6.41740078 6.41785    6.4182992  6.4187484  6.41919759
 6.41964678 6.42009595 6.42054512 6.42099429 6.42144344 6.42189259
 6.42234173 6.42279086 6.42323999 6.4236891  6.42413821 6.42458732
 6.42503641 6.4254855  6.42593458 6.42638366 6.42683273 6.42728179
 6.42773084 6.42817988 6.42862892 6.42907795 6.42952697 6.42997599
 6.430425   6.430874   6.43132299 6.43177198 6.43222096 6.43266993
 6.43311889 6.43356785 6.4340168  6.43446574 6.43491468 6.43536361
 6.43581253 6.43626144 6.43671035 6.43715925 6.43760814 6.43805702
 6.4385059  6.43895477 6.43940363 6.43985249 6.44030134 6.44075018
 6.44119901 6.44164784 6.44209665 6.44254547 6.44299427 6.44344307
 6.44389186 6.44434064 6.44478941 6.44523818 6.44568694 6.4461357
 6.44658444 6.44703318 6.44748191 6.44793064 6.44837935 6.44882806
 6.44927677 6.44972546 6.45017415 6.45062283 6.4510715  6.45152017
 6.45196883 6.45241748 6.45286613 6.45331476 6.45376339 6.45421202
 6.45466063 6.45510924 6.45555784 6.45600643 6.45645502 6.4569036
 6.45735217 6.45780074 6.45824929 6.45869784 6.45914639 6.45959492
 6.46004345 6.46049197 6.46094049 6.46138899 6.46183749 6.46228599
 6.46273447 6.46318295 6.46363142 6.46407988 6.46452834 6.46497679
 6.46542523 6.46587367 6.46632209 6.46677051 6.46721893 6.46766733
 6.46811573 6.46856412 6.46901251 6.46946088 6.46990925 6.47035762
 6.47080597 6.47125432 6.47170266 6.47215099 6.47259932 6.47304764
 6.47349595 6.47394426 6.47439255 6.47484085 6.47528913 6.47573741
 6.47618567 6.47663394 6.47708219 6.47753044 6.47797868 6.47842691
 6.47887514 6.47932336 6.47977157 6.48021977 6.48066797 6.48111616
 6.48156434 6.48201252 6.48246069 6.48290885 6.483357   6.48380515
 6.48425329 6.48470142 6.48514955 6.48559766 6.48604578 6.48649388
 6.48694198 6.48739007 6.48783815 6.48828622 6.48873429 6.48918235
 6.48963041 6.49007845 6.49052649 6.49097452 6.49142255 6.49187057
 6.49231858 6.49276658 6.49321458 6.49366257 6.49411055 6.49455853
 6.49500649 6.49545446 6.49590241 6.49635036 6.4967983  6.49724623
 6.49769415 6.49814207 6.49858998 6.49903789 6.49948578 6.49993367
 6.50038155 6.50082943 6.5012773  6.50172516 6.50217301 6.50262086
 6.5030687  6.50351653 6.50396436 6.50441218 6.50485999 6.50530779
 6.50575559 6.50620338 6.50665116 6.50709894 6.5075467  6.50799447
 6.50844222 6.50888997 6.50933771 6.50978544 6.51023317 6.51068088
 6.5111286  6.5115763  6.512024   6.51247169 6.51291937 6.51336705
 6.51381472 6.51426238 6.51471003 6.51515768 6.51560532 6.51605296
 6.51650058 6.5169482  6.51739581 6.51784342 6.51829102 6.51873861
 6.51918619 6.51963377 6.52008134 6.5205289  6.52097646 6.52142401
 6.52187155 6.52231908 6.52276661 6.52321413 6.52366164 6.52410915
 6.52455665 6.52500414 6.52545163 6.5258991  6.52634658 6.52679404
 6.5272415  6.52768895 6.52813639 6.52858382 6.52903125 6.52947867
 6.52992609 6.5303735  6.5308209  6.53126829 6.53171568 6.53216305
 6.53261043 6.53305779 6.53350515 6.5339525  6.53439985 6.53484718
 6.53529451 6.53574183 6.53618915 6.53663646 6.53708376 6.53753106
 6.53797834 6.53842562 6.5388729  6.53932016 6.53976742 6.54021468
 6.54066192 6.54110916 6.54155639 6.54200362 6.54245083 6.54289804
 6.54334525 6.54379244 6.54423963 6.54468682 6.54513399 6.54558116
 6.54602832 6.54647548 6.54692262 6.54736976 6.5478169  6.54826402
 6.54871114 6.54915825 6.54960536 6.55005246 6.55049955 6.55094663
 6.55139371 6.55184078 6.55228784 6.5527349  6.55318195 6.55362899
 6.55407603 6.55452305 6.55497008 6.55541709 6.5558641  6.5563111
 6.55675809 6.55720508 6.55765206 6.55809903 6.558546   6.55899295
 6.5594399  6.55988685 6.56033379 6.56078072 6.56122764 6.56167456
 6.56212147 6.56256837 6.56301527 6.56346215 6.56390904 6.56435591
 6.56480278 6.56524964 6.56569649 6.56614334 6.56659018 6.56703701
 6.56748384 6.56793066 6.56837747 6.56882428 6.56927107 6.56971787
 6.57016465 6.57061143 6.5710582  6.57150496 6.57195172 6.57239847
 6.57284521 6.57329195 6.57373868 6.5741854  6.57463211 6.57507882
 6.57552552 6.57597222 6.5764189  6.57686558 6.57731226 6.57775892
 6.57820558 6.57865223 6.57909888 6.57954552 6.57999215 6.58043878
 6.58088539 6.581332   6.58177861 6.58222521 6.5826718  6.58311838
 6.58356496 6.58401152 6.58445809 6.58490464 6.58535119 6.58579773
 6.58624427 6.5866908  6.58713732 6.58758383 6.58803034 6.58847684
 6.58892333 6.58936982 6.5898163  6.59026277 6.59070924 6.5911557
 6.59160215 6.59204859 6.59249503 6.59294146 6.59338789 6.59383431
 6.59428072 6.59472712 6.59517352 6.59561991 6.59606629 6.59651267
 6.59695904 6.5974054  6.59785176 6.59829811 6.59874445 6.59919078
 6.59963711 6.60008343 6.60052975 6.60097605 6.60142235 6.60186865
 6.60231494 6.60276122 6.60320749 6.60365376 6.60410001 6.60454627
 6.60499251 6.60543875 6.60588498 6.60633121]
t =  [1.02944565e+09 1.02944565e+09 1.02944565e+09 1.02944566e+09
 1.02944566e+09 1.02944567e+09 1.02944567e+09 1.02944567e+09
 1.02944568e+09 1.02944568e+09 1.02944568e+09 1.02944569e+09
 1.02944569e+09 1.02944570e+09 1.02944570e+09 1.02944570e+09
 1.02944571e+09 1.02944571e+09 1.02944571e+09 1.02944572e+09
 1.02944572e+09 1.02944573e+09 1.02944573e+09 1.02944573e+09
 1.02944574e+09 1.02944574e+09 1.02944574e+09 1.02944575e+09
 1.02944575e+09 1.02944576e+09 1.02944576e+09 1.02944576e+09
 1.02944577e+09 1.02944577e+09 1.02944577e+09 1.02944578e+09
 1.02944578e+09 1.02944579e+09 1.02944579e+09 1.02944579e+09
 1.02944580e+09 1.02944580e+09 1.02944581e+09 1.02944581e+09
 1.02944581e+09 1.02944582e+09 1.02944582e+09 1.02944582e+09
 1.02944583e+09 1.02944583e+09 1.02944584e+09 1.02944584e+09
 1.02944584e+09 1.02944585e+09 1.02944585e+09 1.02944585e+09
 1.02944586e+09 1.02944586e+09 1.02944587e+09 1.02944587e+09
 1.02944587e+09 1.02944588e+09 1.02944588e+09 1.02944588e+09
 1.02944589e+09 1.02944589e+09 1.02944590e+09 1.02944590e+09
 1.02944590e+09 1.02944591e+09 1.02944591e+09 1.02944591e+09
 1.02944592e+09 1.02944592e+09 1.02944593e+09 1.02944593e+09
 1.02944593e+09 1.02944594e+09 1.02944594e+09 1.02944595e+09
 1.02944595e+09 1.02944595e+09 1.02944596e+09 1.02944596e+09
 1.02944596e+09 1.02944597e+09 1.02944597e+09 1.02944598e+09
 1.02944598e+09 1.02944598e+09 1.02944599e+09 1.02944599e+09
 1.02944599e+09 1.02944600e+09 1.02944600e+09 1.02944601e+09
 1.02944601e+09 1.02944601e+09 1.02944602e+09 1.02944602e+09
 1.02944602e+09 1.02944603e+09 1.02944603e+09 1.02944604e+09
 1.02944604e+09 1.02944604e+09 1.02944605e+09 1.02944605e+09
 1.02944605e+09 1.02944606e+09 1.02944606e+09 1.02944607e+09
 1.02944607e+09 1.02944607e+09 1.02944608e+09 1.02944608e+09
 1.02944609e+09 1.02944609e+09 1.02944609e+09 1.02944610e+09
 1.02944610e+09 1.02944610e+09 1.02944611e+09 1.02944611e+09
 1.02944612e+09 1.02944612e+09 1.02944612e+09 1.02944613e+09
 1.02944613e+09 1.02944613e+09 1.02944614e+09 1.02944614e+09
 1.02944615e+09 1.02944615e+09 1.02944615e+09 1.02944616e+09
 1.02944616e+09 1.02944616e+09 1.02944617e+09 1.02944617e+09
 1.02944618e+09 1.02944618e+09 1.02944618e+09 1.02944619e+09
 1.02944619e+09 1.02944619e+09 1.02944620e+09 1.02944620e+09
 1.02944621e+09 1.02944621e+09 1.02944621e+09 1.02944622e+09
 1.02944622e+09 1.02944623e+09 1.02944623e+09 1.02944623e+09
 1.02944624e+09 1.02944624e+09 1.02944624e+09 1.02944625e+09
 1.02944625e+09 1.02944626e+09 1.02944626e+09 1.02944626e+09
 1.02944627e+09 1.02944627e+09 1.02944627e+09 1.02944628e+09
 1.02944628e+09 1.02944629e+09 1.02944629e+09 1.02944629e+09
 1.02944630e+09 1.02944630e+09 1.02944630e+09 1.02944631e+09
 1.02944631e+09 1.02944632e+09 1.02944632e+09 1.02944632e+09
 1.02944633e+09 1.02944633e+09 1.02944633e+09 1.02944634e+09
 1.02944634e+09 1.02944635e+09 1.02944635e+09 1.02944635e+09
 1.02944636e+09 1.02944636e+09 1.02944637e+09 1.02944637e+09
 1.02944637e+09 1.02944638e+09 1.02944638e+09 1.02944638e+09
 1.02944639e+09 1.02944639e+09 1.02944640e+09 1.02944640e+09
 1.02944640e+09 1.02944641e+09 1.02944641e+09 1.02944641e+09
 1.02944642e+09 1.02944642e+09 1.02944643e+09 1.02944643e+09
 1.02944643e+09 1.02944644e+09 1.02944644e+09 1.02944644e+09
 1.02944645e+09 1.02944645e+09 1.02944646e+09 1.02944646e+09
 1.02944646e+09 1.02944647e+09 1.02944647e+09 1.02944647e+09
 1.02944648e+09 1.02944648e+09 1.02944649e+09 1.02944649e+09
 1.02944649e+09 1.02944650e+09 1.02944650e+09 1.02944651e+09
 1.02944651e+09 1.02944651e+09 1.02944652e+09 1.02944652e+09
 1.02944652e+09 1.02944653e+09 1.02944653e+09 1.02944654e+09
 1.02944654e+09 1.02944654e+09 1.02944655e+09 1.02944655e+09
 1.02944655e+09 1.02944656e+09 1.02944656e+09 1.02944657e+09
 1.02944657e+09 1.02944657e+09 1.02944658e+09 1.02944658e+09
 1.02944658e+09 1.02944659e+09 1.02944659e+09 1.02944660e+09
 1.02944660e+09 1.02944660e+09 1.02944661e+09 1.02944661e+09
 1.02944661e+09 1.02944662e+09 1.02944662e+09 1.02944663e+09
 1.02944663e+09 1.02944663e+09 1.02944664e+09 1.02944664e+09
 1.02944665e+09 1.02944665e+09 1.02944665e+09 1.02944666e+09
 1.02944666e+09 1.02944666e+09 1.02944667e+09 1.02944667e+09
 1.02944668e+09 1.02944668e+09 1.02944668e+09 1.02944669e+09
 1.02944669e+09 1.02944669e+09 1.02944670e+09 1.02944670e+09
 1.02944671e+09 1.02944671e+09 1.02944671e+09 1.02944672e+09
 1.02944672e+09 1.02944672e+09 1.02944673e+09 1.02944673e+09
 1.02944674e+09 1.02944674e+09 1.02944674e+09 1.02944675e+09
 1.02944675e+09 1.02944675e+09 1.02944676e+09 1.02944676e+09
 1.02944677e+09 1.02944677e+09 1.02944677e+09 1.02944678e+09
 1.02944678e+09 1.02944679e+09 1.02944679e+09 1.02944679e+09
 1.02944680e+09 1.02944680e+09 1.02944680e+09 1.02944681e+09
 1.02944681e+09 1.02944682e+09 1.02944682e+09 1.02944682e+09
 1.02944683e+09 1.02944683e+09 1.02944683e+09 1.02944684e+09
 1.02944684e+09 1.02944685e+09 1.02944685e+09 1.02944685e+09
 1.02944686e+09 1.02944686e+09 1.02944686e+09 1.02944687e+09
 1.02944687e+09 1.02944688e+09 1.02944688e+09 1.02944688e+09
 1.02944689e+09 1.02944689e+09 1.02944689e+09 1.02944690e+09
 1.02944690e+09 1.02944691e+09 1.02944691e+09 1.02944691e+09
 1.02944692e+09 1.02944692e+09 1.02944693e+09 1.02944693e+09
 1.02944693e+09 1.02944694e+09 1.02944694e+09 1.02944694e+09
 1.02944695e+09 1.02944695e+09 1.02944696e+09 1.02944696e+09
 1.02944696e+09 1.02944697e+09 1.02944697e+09 1.02944697e+09
 1.02944698e+09 1.02944698e+09 1.02944699e+09 1.02944699e+09
 1.02944699e+09 1.02944700e+09 1.02944700e+09 1.02944700e+09
 1.02944701e+09 1.02944701e+09 1.02944702e+09 1.02944702e+09
 1.02944702e+09 1.02944703e+09 1.02944703e+09 1.02944703e+09
 1.02944704e+09 1.02944704e+09 1.02944705e+09 1.02944705e+09
 1.02944705e+09 1.02944706e+09 1.02944706e+09 1.02944707e+09
 1.02944707e+09 1.02944707e+09 1.02944708e+09 1.02944708e+09
 1.02944708e+09 1.02944709e+09 1.02944709e+09 1.02944710e+09
 1.02944710e+09 1.02944710e+09 1.02944711e+09 1.02944711e+09
 1.02944711e+09 1.02944712e+09 1.02944712e+09 1.02944713e+09
 1.02944713e+09 1.02944713e+09 1.02944714e+09 1.02944714e+09
 1.02944714e+09 1.02944715e+09 1.02944715e+09 1.02944716e+09
 1.02944716e+09 1.02944716e+09 1.02944717e+09 1.02944717e+09
 1.02944717e+09 1.02944718e+09 1.02944718e+09 1.02944719e+09
 1.02944719e+09 1.02944719e+09 1.02944720e+09 1.02944720e+09
 1.02944721e+09 1.02944721e+09 1.02944721e+09 1.02944722e+09
 1.02944722e+09 1.02944722e+09 1.02944723e+09 1.02944723e+09
 1.02944724e+09 1.02944724e+09 1.02944724e+09 1.02944725e+09
 1.02944725e+09 1.02944725e+09 1.02944726e+09 1.02944726e+09
 1.02944727e+09 1.02944727e+09 1.02944727e+09 1.02944728e+09
 1.02944728e+09 1.02944728e+09 1.02944729e+09 1.02944729e+09
 1.02944730e+09 1.02944730e+09 1.02944730e+09 1.02944731e+09
 1.02944731e+09 1.02944731e+09 1.02944732e+09 1.02944732e+09
 1.02944733e+09 1.02944733e+09 1.02944733e+09 1.02944734e+09
 1.02944734e+09 1.02944735e+09 1.02944735e+09 1.02944735e+09
 1.02944736e+09 1.02944736e+09 1.02944736e+09 1.02944737e+09
 1.02944737e+09 1.02944738e+09 1.02944738e+09 1.02944738e+09
 1.02944739e+09 1.02944739e+09 1.02944739e+09 1.02944740e+09
 1.02944740e+09 1.02944741e+09 1.02944741e+09 1.02944741e+09
 1.02944742e+09 1.02944742e+09 1.02944742e+09 1.02944743e+09
 1.02944743e+09 1.02944744e+09 1.02944744e+09 1.02944744e+09
 1.02944745e+09 1.02944745e+09 1.02944745e+09 1.02944746e+09
 1.02944746e+09 1.02944747e+09 1.02944747e+09 1.02944747e+09
 1.02944748e+09 1.02944748e+09 1.02944749e+09 1.02944749e+09
 1.02944749e+09 1.02944750e+09 1.02944750e+09 1.02944750e+09
 1.02944751e+09 1.02944751e+09 1.02944752e+09 1.02944752e+09
 1.02944752e+09 1.02944753e+09 1.02944753e+09 1.02944753e+09
 1.02944754e+09 1.02944754e+09 1.02944755e+09 1.02944755e+09
 1.02944755e+09 1.02944756e+09 1.02944756e+09 1.02944756e+09
 1.02944757e+09 1.02944757e+09 1.02944758e+09 1.02944758e+09
 1.02944758e+09 1.02944759e+09 1.02944759e+09 1.02944759e+09
 1.02944760e+09 1.02944760e+09 1.02944761e+09 1.02944761e+09
 1.02944761e+09 1.02944762e+09 1.02944762e+09 1.02944763e+09
 1.02944763e+09 1.02944763e+09 1.02944764e+09 1.02944764e+09
 1.02944764e+09 1.02944765e+09 1.02944765e+09 1.02944766e+09
 1.02944766e+09 1.02944766e+09 1.02944767e+09 1.02944767e+09
 1.02944767e+09 1.02944768e+09 1.02944768e+09 1.02944769e+09
 1.02944769e+09 1.02944769e+09 1.02944770e+09 1.02944770e+09
 1.02944770e+09 1.02944771e+09 1.02944771e+09 1.02944772e+09
 1.02944772e+09 1.02944772e+09 1.02944773e+09 1.02944773e+09
 1.02944773e+09 1.02944774e+09 1.02944774e+09 1.02944775e+09
 1.02944775e+09 1.02944775e+09 1.02944776e+09 1.02944776e+09
 1.02944777e+09 1.02944777e+09 1.02944777e+09 1.02944778e+09
 1.02944778e+09 1.02944778e+09 1.02944779e+09 1.02944779e+09
 1.02944780e+09 1.02944780e+09 1.02944780e+09 1.02944781e+09
 1.02944781e+09 1.02944781e+09 1.02944782e+09 1.02944782e+09
 1.02944783e+09 1.02944783e+09 1.02944783e+09 1.02944784e+09
 1.02944784e+09 1.02944784e+09 1.02944785e+09 1.02944785e+09
 1.02944786e+09 1.02944786e+09 1.02944786e+09 1.02944787e+09
 1.02944787e+09 1.02944787e+09 1.02944788e+09 1.02944788e+09
 1.02944789e+09 1.02944789e+09 1.02944789e+09 1.02944790e+09
 1.02944790e+09 1.02944791e+09 1.02944791e+09 1.02944791e+09
 1.02944792e+09 1.02944792e+09 1.02944792e+09 1.02944793e+09
 1.02944793e+09 1.02944794e+09 1.02944794e+09 1.02944794e+09
 1.02944795e+09 1.02944795e+09 1.02944795e+09 1.02944796e+09
 1.02944796e+09 1.02944797e+09 1.02944797e+09 1.02944797e+09
 1.02944798e+09 1.02944798e+09 1.02944798e+09 1.02944799e+09
 1.02944799e+09 1.02944800e+09 1.02944800e+09 1.02944800e+09
 1.02944801e+09 1.02944801e+09 1.02944801e+09 1.02944802e+09
 1.02944802e+09 1.02944803e+09 1.02944803e+09 1.02944803e+09
 1.02944804e+09 1.02944804e+09 1.02944805e+09 1.02944805e+09
 1.02944805e+09 1.02944806e+09 1.02944806e+09 1.02944806e+09
 1.02944807e+09 1.02944807e+09 1.02944808e+09 1.02944808e+09
 1.02944808e+09 1.02944809e+09 1.02944809e+09 1.02944809e+09
 1.02944810e+09 1.02944810e+09 1.02944811e+09 1.02944811e+09
 1.02944811e+09 1.02944812e+09 1.02944812e+09 1.02944812e+09
 1.02944813e+09 1.02944813e+09 1.02944814e+09 1.02944814e+09
 1.02944814e+09 1.02944815e+09 1.02944815e+09 1.02944815e+09
 1.02944816e+09 1.02944816e+09 1.02944817e+09 1.02944817e+09
 1.02944817e+09 1.02944818e+09 1.02944818e+09 1.02944819e+09
 1.02944819e+09 1.02944819e+09 1.02944820e+09 1.02944820e+09
 1.02944820e+09 1.02944821e+09 1.02944821e+09 1.02944822e+09
 1.02944822e+09 1.02944822e+09 1.02944823e+09 1.02944823e+09
 1.02944823e+09 1.02944824e+09 1.02944824e+09 1.02944825e+09
 1.02944825e+09 1.02944825e+09 1.02944826e+09 1.02944826e+09
 1.02944826e+09 1.02944827e+09 1.02944827e+09 1.02944828e+09
 1.02944828e+09 1.02944828e+09 1.02944829e+09 1.02944829e+09
 1.02944829e+09 1.02944830e+09 1.02944830e+09 1.02944831e+09
 1.02944831e+09 1.02944831e+09 1.02944832e+09 1.02944832e+09
 1.02944833e+09 1.02944833e+09 1.02944833e+09 1.02944834e+09
 1.02944834e+09 1.02944834e+09 1.02944835e+09 1.02944835e+09
 1.02944836e+09 1.02944836e+09 1.02944836e+09 1.02944837e+09
 1.02944837e+09 1.02944837e+09 1.02944838e+09 1.02944838e+09
 1.02944839e+09 1.02944839e+09 1.02944839e+09 1.02944840e+09
 1.02944840e+09 1.02944840e+09 1.02944841e+09 1.02944841e+09
 1.02944842e+09 1.02944842e+09 1.02944842e+09 1.02944843e+09
 1.02944843e+09 1.02944843e+09 1.02944844e+09 1.02944844e+09
 1.02944845e+09 1.02944845e+09 1.02944845e+09 1.02944846e+09
 1.02944846e+09 1.02944847e+09 1.02944847e+09 1.02944847e+09
 1.02944848e+09 1.02944848e+09 1.02944848e+09 1.02944849e+09
 1.02944849e+09 1.02944850e+09 1.02944850e+09 1.02944850e+09
 1.02944851e+09 1.02944851e+09 1.02944851e+09 1.02944852e+09
 1.02944852e+09 1.02944853e+09 1.02944853e+09 1.02944853e+09
 1.02944854e+09 1.02944854e+09 1.02944854e+09 1.02944855e+09
 1.02944855e+09 1.02944856e+09 1.02944856e+09 1.02944856e+09
 1.02944857e+09 1.02944857e+09 1.02944857e+09 1.02944858e+09
 1.02944858e+09 1.02944859e+09 1.02944859e+09 1.02944859e+09
 1.02944860e+09 1.02944860e+09 1.02944861e+09 1.02944861e+09
 1.02944861e+09 1.02944862e+09 1.02944862e+09 1.02944862e+09
 1.02944863e+09 1.02944863e+09 1.02944864e+09 1.02944864e+09
 1.02944864e+09 1.02944865e+09 1.02944865e+09 1.02944865e+09
 1.02944866e+09 1.02944866e+09 1.02944867e+09 1.02944867e+09
 1.02944867e+09 1.02944868e+09 1.02944868e+09 1.02944868e+09
 1.02944869e+09 1.02944869e+09 1.02944870e+09 1.02944870e+09
 1.02944870e+09 1.02944871e+09 1.02944871e+09 1.02944871e+09
 1.02944872e+09 1.02944872e+09 1.02944873e+09 1.02944873e+09
 1.02944873e+09 1.02944874e+09 1.02944874e+09 1.02944875e+09
 1.02944875e+09 1.02944875e+09 1.02944876e+09 1.02944876e+09
 1.02944876e+09 1.02944877e+09 1.02944877e+09 1.02944878e+09
 1.02944878e+09 1.02944878e+09 1.02944879e+09 1.02944879e+09
 1.02944879e+09 1.02944880e+09 1.02944880e+09 1.02944881e+09
 1.02944881e+09 1.02944881e+09 1.02944882e+09 1.02944882e+09
 1.02944882e+09 1.02944883e+09 1.02944883e+09 1.02944884e+09
 1.02944884e+09 1.02944884e+09 1.02944885e+09 1.02944885e+09
 1.02944885e+09 1.02944886e+09 1.02944886e+09 1.02944887e+09
 1.02944887e+09 1.02944887e+09 1.02944888e+09 1.02944888e+09
 1.02944889e+09 1.02944889e+09 1.02944889e+09 1.02944890e+09
 1.02944890e+09 1.02944890e+09 1.02944891e+09 1.02944891e+09
 1.02944892e+09 1.02944892e+09 1.02944892e+09 1.02944893e+09
 1.02944893e+09 1.02944893e+09 1.02944894e+09 1.02944894e+09
 1.02944895e+09 1.02944895e+09 1.02944895e+09 1.02944896e+09
 1.02944896e+09 1.02944896e+09 1.02944897e+09 1.02944897e+09
 1.02944898e+09 1.02944898e+09 1.02944898e+09 1.02944899e+09
 1.02944899e+09 1.02944899e+09 1.02944900e+09 1.02944900e+09
 1.02944901e+09 1.02944901e+09 1.02944901e+09 1.02944902e+09
 1.02944902e+09 1.02944903e+09 1.02944903e+09 1.02944903e+09
 1.02944904e+09 1.02944904e+09 1.02944904e+09 1.02944905e+09
 1.02944905e+09 1.02944906e+09 1.02944906e+09 1.02944906e+09
 1.02944907e+09 1.02944907e+09 1.02944907e+09 1.02944908e+09
 1.02944908e+09 1.02944909e+09 1.02944909e+09 1.02944909e+09
 1.02944910e+09 1.02944910e+09 1.02944910e+09 1.02944911e+09
 1.02944911e+09 1.02944912e+09 1.02944912e+09 1.02944912e+09
 1.02944913e+09 1.02944913e+09 1.02944913e+09 1.02944914e+09
 1.02944914e+09 1.02944915e+09 1.02944915e+09 1.02944915e+09
 1.02944916e+09 1.02944916e+09 1.02944917e+09 1.02944917e+09
 1.02944917e+09 1.02944918e+09 1.02944918e+09 1.02944918e+09
 1.02944919e+09 1.02944919e+09 1.02944920e+09 1.02944920e+09
 1.02944920e+09 1.02944921e+09 1.02944921e+09 1.02944921e+09
 1.02944922e+09 1.02944922e+09 1.02944923e+09 1.02944923e+09
 1.02944923e+09 1.02944924e+09 1.02944924e+09 1.02944924e+09
 1.02944925e+09 1.02944925e+09 1.02944926e+09 1.02944926e+09
 1.02944926e+09 1.02944927e+09 1.02944927e+09 1.02944927e+09
 1.02944928e+09 1.02944928e+09 1.02944929e+09 1.02944929e+09
 1.02944929e+09 1.02944930e+09 1.02944930e+09 1.02944931e+09
 1.02944931e+09 1.02944931e+09 1.02944932e+09 1.02944932e+09
 1.02944932e+09 1.02944933e+09 1.02944933e+09 1.02944934e+09
 1.02944934e+09 1.02944934e+09 1.02944935e+09 1.02944935e+09
 1.02944935e+09 1.02944936e+09 1.02944936e+09 1.02944937e+09
 1.02944937e+09 1.02944937e+09 1.02944938e+09 1.02944938e+09
 1.02944938e+09 1.02944939e+09 1.02944939e+09 1.02944940e+09
 1.02944940e+09 1.02944940e+09 1.02944941e+09 1.02944941e+09
 1.02944941e+09 1.02944942e+09 1.02944942e+09 1.02944943e+09]
minRes = 6.156943905444125
minResTime =  [1.02944565e+09]
