name =JUICE_ROI_CAL_5_0_15
flyby =  ['2033 MAR 04 14:44:09', '2033 MAR 05 14:44:09']
Observation TW =  <SpiceCell dtype = 1, length = 0, size = 3000, card = 10, is_set = 1, adjust = 0, init = 1, base = 2554798118400, data = 2554798118448>
Res(t) =  [5.06834313 5.0636118  5.0588807  5.05414981 5.04941914 5.04468869
 5.03995845 5.03522844 5.03049864 5.02576906 5.0210397  5.01631055
 5.01158162 5.00685291 5.00212442 4.99739614 4.99266808 4.98794024
 4.98321261 4.9784852  4.973758   4.96903102 4.96430426 4.95957771
 4.95485137 4.95012526 4.94539935 4.94067367 4.93594819 4.93122294
 4.92649789 4.92177306 4.91704845 4.91232405 4.90759986 4.90287589
 4.89815213 4.89342859 4.88870526 4.88398214 4.87925923 4.87453654
 4.86981406 4.8650918  4.86036974 4.8556479  4.85092627 4.84620486
 4.84148365 4.83676266 4.83204188 4.82732131 4.82260095 4.8178808
 4.81316087 4.80844114 4.80372163 4.79900233 4.79428324 4.78956435
 4.78484568 4.78012722 4.77540897 4.77069093 4.7659731  4.76125548
 4.75653806 4.75182086 4.74710387 4.74238708 4.73767051 4.73295414
 4.72823798 4.72352203 4.71880629 4.71409075 4.70937543 4.70466031
 4.6999454  4.6952307  4.6905162  4.68580192 4.68108784 4.67637396
 4.6716603  4.66694684 4.66223358 4.65752054 4.6528077  4.64809506
 4.64338263 4.63867041 4.6339584  4.62924659 4.62453498 4.61982358
 4.61511239 4.6104014  4.60569061 4.60098003 4.59626966 4.59155949
 4.58684952 4.58213976 4.5774302  4.57272084 4.56801169 4.56330275
 4.558594   4.55388546 4.54917713 4.54446899 4.53976106 4.53505333
 4.53034581 4.52563849 4.52093137 4.51622445 4.51151773 4.50681122
 4.50210491 4.49739879 4.49269289 4.48798718 4.48328167 4.47857637
 4.47387126 4.46916636 4.46446166 4.45975715 4.45505285 4.45034875
 4.44564485 4.44094115 4.43623764 4.43153434 4.42683124 4.42212834
 4.41742563 4.41272313 4.40802082 4.40331872 4.39861681 4.3939151
 4.38921359 4.38451228 4.37981116 4.37511024 4.37040953 4.36570901
 4.36100868 4.35630856 4.35160863 4.3469089  4.34220936 4.33751003
 4.33281089 4.32811194 4.32341319 4.31871464 4.31401629 4.30931813
 4.30462017 4.2999224  4.29522483 4.29052745 4.28583027 4.28113329
 4.2764365  4.2717399  4.2670435  4.2623473  4.25765129 4.25295547
 4.24825985 4.24356442 4.23886919 4.23417415 4.2294793  4.22478465
 4.22009019 4.21539592 4.21070185 4.20600797 4.20131428 4.19662079
 4.19192749 4.18723438 4.18254146 4.17784874 4.17315621 4.16846387
 4.16377172 4.15907976 4.154388   4.14969642 4.14500504 4.14031385
 4.13562285 4.13093204 4.12624142 4.12155099 4.11686075 4.11217071
 4.10748085 4.10279118 4.09810171 4.09341242 4.08872332 4.08403441
 4.0793457  4.07465717 4.06996883 4.06528067 4.06059271 4.05590494
 4.05121735 4.04652996 4.04184275 4.03715573 4.0324689  4.02778225
 4.0230958  4.01840953 4.01372345 4.00903755 4.00435185 3.99966633
 3.99498099 3.99029585 3.98561089 3.98092612 3.97624153 3.97155713
 3.96687292 3.96218889 3.95750505 3.95282139 3.94813792 3.94345464
 3.93877154 3.93408863 3.9294059  3.92472335 3.92004099 3.91535882
 3.91067683 3.90599503 3.9013134  3.89663197 3.89195072 3.88726965
 3.88258876 3.87790806 3.87322754 3.86854721 3.86386706 3.85918709
 3.85450731 3.84982771 3.84514829 3.84046905 3.83579    3.83111113
 3.82643244 3.82175393 3.81707561 3.81239746 3.8077195  3.80304172
 3.79836413 3.79368671 3.78900948 3.78433242 3.77965555 3.77497886
 3.77030235 3.76562602 3.76094986 3.7562739  3.75159811 3.7469225
 3.74224707 3.73757182 3.73289675 3.72822186 3.72354715 3.71887262
 3.71419826 3.70952409 3.7048501  3.70017628 3.69550265 3.69082919
 3.68615591 3.68148281 3.67680989 3.67213714 3.66746458 3.66279219
 3.65811998 3.65344794 3.64877609 3.64410441 3.63943291 3.63476159
 3.63009044 3.62541947 3.62074868 3.61607806 3.61140762 3.60673736
 3.60206727 3.59739736 3.59272763 3.58805807 3.58338869 3.57871948
 3.57405045 3.56938159 3.56471291 3.56004441 3.55537608 3.55070792
 3.54603994 3.54137214 3.53670451 3.53203705 3.52736977 3.52270266
 3.51803573 3.51336897 3.50870239 3.50403598 3.49936974 3.49470368
 3.49003779 3.48537207 3.48070653 3.47604116 3.47137596 3.46671093
 3.46204608 3.4573814  3.4527169  3.44805257 3.4433884  3.43872442
 3.4340606  3.42939696 3.42473348 3.42007018 3.41540705 3.4107441
 3.40608131 3.4014187  3.39675625 3.39209398 3.38743188 3.38276995
 3.3781082  3.37344661 3.36878519 3.36412394 3.35946287 3.35480196
 3.35014123 3.34548066 3.34082027 3.33616004 3.33149999 3.3268401
 3.32218038 3.31752084 3.31286146 3.30820225 3.30354321 3.29888435
 3.29422565 3.28956711 3.28490875 3.28025056 3.27559253 3.27093468
 3.26627699 3.26161947 3.25696212 3.25230493 3.24764792 3.24299107
 3.23833439 3.23367788 3.22902154 3.22436536 3.21970935 3.21505351
 3.21039783 3.20574233 3.20108699 3.19643181 3.19177681 3.18712197
 3.1824673  3.17781279 3.17315845 3.16850428 3.16385027 3.15919643
 3.15454276 3.14988925 3.14523591 3.14058273 3.13592973 3.13127688
 3.1266242  3.12197169 3.11731934 3.11266716 3.10801515 3.1033633
 3.09871161 3.09406009 3.08940873 3.08475754 3.08010652 3.07545566
 3.07080496 3.06615443 3.06150406 3.05685386 3.05220382 3.04755395
 3.04290424 3.0382547  3.03360532 3.0289561  3.02430705 3.01965816
 3.01500944 3.01036088 3.00571248 3.00106424 2.99641618 2.99176827
 2.98712053 2.98247295 2.97782553 2.97317828 2.96853119 2.96388426
 2.9592375  2.9545909  2.94994446 2.94529819 2.94065208 2.93600613
 2.93136034 2.92671472 2.92206926 2.91742396 2.91277882 2.90813385
 2.90348904 2.89884439 2.89419991 2.88955558 2.88491142 2.88026742
 2.87562359 2.87097991 2.8663364  2.86169305 2.85704986 2.85240683
 2.84776397 2.84312126 2.83847872 2.83383634 2.82919412 2.82455207
 2.81991017 2.81526844 2.81062687 2.80598546 2.80134421 2.79670312
 2.79206219 2.78742143 2.78278083 2.77814038 2.7735001  2.76885998
 2.76422003 2.75958023 2.75494059 2.75030112 2.74566181 2.74102266
 2.73638367 2.73174484 2.72710617 2.72246766 2.71782931 2.71319113
 2.7085531  2.70391524 2.69927754 2.69464    2.69000262 2.6853654
 2.68072834 2.67609145 2.67145471 2.66681814 2.66218172 2.65754547
 2.65290938 2.64827345 2.64363768 2.63900207 2.63436662 2.62973134
 2.62509621 2.62046125 2.61582645 2.6111918  2.60655732 2.601923
 2.59728885 2.59265485 2.58802102 2.58338734 2.57875383 2.57412048
 2.56948729 2.56485426 2.56022139 2.55558869 2.55095614 2.54632376
 2.54169154 2.53705948 2.53242759 2.52779585 2.52316428 2.51853287
 2.51390162 2.50927053 2.5046396  2.50000884 2.49537824 2.4907478
 2.48611752 2.48148741 2.47685746 2.47222767 2.46759804 2.46296858
 2.45833928 2.45371014 2.44908116 2.44445235 2.4398237  2.43519522
 2.43056689 2.42593873 2.42131074 2.41668291 2.41205524 2.40742773
 2.40280039 2.39817321 2.3935462  2.38891935 2.38429267 2.37966615
 2.37503979 2.3704136  2.36578758 2.36116172 2.35653602 2.35191049
 2.34728512 2.34265992 2.33803489 2.33341002 2.32878532 2.32416078
 2.31953641 2.31491221 2.31028817 2.3056643  2.3010406  2.29641706
 2.29179369 2.28717049 2.28254746 2.27792459 2.27330189 2.26867936
 2.264057   2.25943481 2.25481278 2.25019093 2.24556924 2.24094772
 2.23632638 2.2317052  2.22708419 2.22246335 2.21784269 2.21322219
 2.20860186 2.20398171 2.19936173 2.19474192 2.19012228 2.18550281
 2.18088352 2.1762644  2.17164545 2.16702667 2.16240807 2.15778964
 2.15317139 2.14855331 2.14393541 2.13931768 2.13470012 2.13008275
 2.12546554 2.12084852 2.11623167 2.111615   2.1069985  2.10238218
 2.09776604 2.09315008 2.0885343  2.0839187  2.07930328 2.07468803
 2.07007297 2.06545809 2.06084338 2.05622886 2.05161453 2.04700037
 2.0423864  2.0377726  2.033159   2.02854557 2.02393234 2.01931928
 2.01470641 2.01009373 2.00548123 2.00086892 1.9962568  1.99164487
 1.98703312 1.98242156 1.97781019 1.97319901 1.96858802 1.96397723
 1.95936662 1.9547562  1.95014598 1.94553595 1.94092612 1.93631648
 1.93170703 1.92709778 1.92248872 1.91787986 1.9132712  1.90866274
 1.90405448 1.89944641 1.89483854 1.89023088 1.88562342 1.88101615
 1.87640909 1.87180224 1.86719559 1.86258914 1.8579829  1.85337687
 1.84877104 1.84416542 1.83956001 1.83495481 1.83034981 1.82574504
 1.82114047 1.81653611 1.81193197 1.80732804 1.80272433 1.79812084
 1.79351756 1.7889145  1.78431166 1.77970904 1.77510664 1.77050447
 1.76590252 1.76130079 1.75669928 1.752098   1.74749695 1.74289613
 1.73829554 1.73369518 1.72909505 1.72449515 1.71989549 1.71529606
 1.71069687 1.70609791 1.7014992  1.69690072 1.69230249 1.6877045
 1.68310675 1.67850924 1.67391199 1.66931498 1.66471822 1.66012171
 1.65552546 1.65092946 1.64633371 1.64173822 1.63714298 1.63254801
 1.6279533  1.62335885 1.61876466 1.61417074 1.60957709 1.60498371
 1.6003906  1.59579776 1.59120519 1.58661291 1.5820209  1.57742917
 1.57283772 1.56824655 1.56365567 1.55906508 1.55447478 1.54988477
 1.54529505 1.54070563 1.53611651 1.53152768 1.52693916 1.52235094
 1.51776303 1.51317543 1.50858814 1.50400116 1.4994145  1.49482815
 1.49024213 1.48565643 1.48107106 1.47648601 1.4719013  1.46731692
 1.46273287 1.45814917 1.4535658  1.44898279 1.44440012 1.4398178
 1.43523583 1.43065422 1.42607297 1.42149208 1.41691156 1.41233141
 1.40775164 1.40317223 1.39859321 1.39401457 1.38943632 1.38485846
 1.38028099 1.37570392 1.37112725 1.36655098 1.36197512 1.35739968
 1.35282466 1.34825005 1.34367587 1.33910212 1.33452881 1.32995593
 1.3253835  1.32081151 1.31623998 1.3116689  1.30709828 1.30252814
 1.29795846 1.29338926 1.28882054 1.28425231 1.27968457 1.27511733
 1.27055059 1.26598437 1.26141866 1.25685346 1.2522888  1.24772467
 1.24316108 1.23859803 1.23403554 1.22947361 1.22491224 1.22035144
 1.21579123 1.2112316  1.20667256 1.20211413 1.1975563  1.19299909
 1.18844251 1.18388655 1.17933124 1.17477658 1.17022257 1.16566923
 1.16111656 1.15656458 1.15201329 1.14746271 1.14291283 1.13836368
 1.13381526 1.12926758 1.12472066 1.12017449 1.11562911 1.1110845
 1.10654069 1.1019977  1.09745552 1.09291417 1.08837366 1.08383402
 1.07929524 1.07475735 1.07022035 1.06568426 1.0611491  1.05661487
 1.0520816  1.0475493  1.04301798 1.03848766 1.03395836 1.02943008
 1.02490286 1.0203767  1.01585163 1.01132766 1.00680481 1.0022831
 0.99776255 0.99324318 0.98872501 0.98420806 0.97969235 0.97517791
 0.97066475 0.9661529  0.96164238 0.95713322 0.95262545 0.94811908
 0.94361415 0.93911067 0.93460869 0.93010822 0.9256093  0.92111195
 0.91661621 0.91212211 0.90762968 0.90313895 0.89864996 0.89416275
 0.88967734 0.88572393 0.88123779 0.87675351 0.87227112 0.86779066
 0.86331217 0.85883569 0.85436128 0.84988896 0.8454188  0.84095083
 0.8364851  0.83202166 0.82756058 0.82310189 0.81864566 0.81419193
 0.80974078 0.80529226 0.80084643 0.79640335 0.7919631  0.78752575
 0.78309135 0.77865999 0.77423175 0.76980669 0.76538491 0.76096648
 0.75655149 0.75214003 0.7477322  0.74332809 0.7389278  0.73453144
 0.73013911 0.72575092 0.72136698 0.71698743 0.71261238 0.70824195
 0.7038763  0.69951555 0.69515984 0.69080934 0.68646419 0.68212457
 0.67779063 0.67346255 0.66914053 0.66482475 0.66051542 0.65621273
 0.65191692 0.6476282  0.64334683 0.63907303 0.63480708 0.63054926
 0.62629983 0.62205911 0.6178274  0.61360504 0.60939237 0.60518976
 0.60099757 0.59681622 0.59264612 0.58848772 0.58434148 0.5802079
 0.57608749 0.57198081 0.56788842 0.56381095 0.55974904 0.55570338
 0.55167469 0.54766374 0.54367136 0.53969841 0.53574583 0.53181459
 0.52790574 0.52402042 0.52015982 0.51632522 0.512518   0.50873963
 0.50499169 0.50127587 0.49759402 0.49394811 0.49034026 0.48677278
 0.48324818 0.47976915 0.47633865 0.47295989]
t =  [1.04683232e+09 1.04683236e+09 1.04683240e+09 1.04683244e+09
 1.04683248e+09 1.04683252e+09 1.04683256e+09 1.04683260e+09
 1.04683264e+09 1.04683268e+09 1.04683272e+09 1.04683276e+09
 1.04683280e+09 1.04683284e+09 1.04683288e+09 1.04683292e+09
 1.04683296e+09 1.04683300e+09 1.04683304e+09 1.04683308e+09
 1.04683312e+09 1.04683316e+09 1.04683320e+09 1.04683324e+09
 1.04683328e+09 1.04683332e+09 1.04683336e+09 1.04683340e+09
 1.04683344e+09 1.04683348e+09 1.04683352e+09 1.04683356e+09
 1.04683360e+09 1.04683364e+09 1.04683368e+09 1.04683372e+09
 1.04683376e+09 1.04683380e+09 1.04683384e+09 1.04683388e+09
 1.04683392e+09 1.04683396e+09 1.04683400e+09 1.04683404e+09
 1.04683408e+09 1.04683412e+09 1.04683417e+09 1.04683421e+09
 1.04683425e+09 1.04683429e+09 1.04683433e+09 1.04683437e+09
 1.04683441e+09 1.04683445e+09 1.04683449e+09 1.04683453e+09
 1.04683457e+09 1.04683461e+09 1.04683465e+09 1.04683469e+09
 1.04683473e+09 1.04683477e+09 1.04683481e+09 1.04683485e+09
 1.04683489e+09 1.04683493e+09 1.04683497e+09 1.04683501e+09
 1.04683505e+09 1.04683509e+09 1.04683513e+09 1.04683517e+09
 1.04683521e+09 1.04683525e+09 1.04683529e+09 1.04683533e+09
 1.04683537e+09 1.04683541e+09 1.04683545e+09 1.04683549e+09
 1.04683553e+09 1.04683557e+09 1.04683561e+09 1.04683565e+09
 1.04683569e+09 1.04683573e+09 1.04683577e+09 1.04683581e+09
 1.04683585e+09 1.04683589e+09 1.04683593e+09 1.04683597e+09
 1.04683601e+09 1.04683605e+09 1.04683609e+09 1.04683613e+09
 1.04683617e+09 1.04683621e+09 1.04683625e+09 1.04683629e+09
 1.04683633e+09 1.04683637e+09 1.04683641e+09 1.04683645e+09
 1.04683649e+09 1.04683653e+09 1.04683657e+09 1.04683661e+09
 1.04683665e+09 1.04683669e+09 1.04683673e+09 1.04683677e+09
 1.04683682e+09 1.04683686e+09 1.04683690e+09 1.04683694e+09
 1.04683698e+09 1.04683702e+09 1.04683706e+09 1.04683710e+09
 1.04683714e+09 1.04683718e+09 1.04683722e+09 1.04683726e+09
 1.04683730e+09 1.04683734e+09 1.04683738e+09 1.04683742e+09
 1.04683746e+09 1.04683750e+09 1.04683754e+09 1.04683758e+09
 1.04683762e+09 1.04683766e+09 1.04683770e+09 1.04683774e+09
 1.04683778e+09 1.04683782e+09 1.04683786e+09 1.04683790e+09
 1.04683794e+09 1.04683798e+09 1.04683802e+09 1.04683806e+09
 1.04683810e+09 1.04683814e+09 1.04683818e+09 1.04683822e+09
 1.04683826e+09 1.04683830e+09 1.04683834e+09 1.04683838e+09
 1.04683842e+09 1.04683846e+09 1.04683850e+09 1.04683854e+09
 1.04683858e+09 1.04683862e+09 1.04683866e+09 1.04683870e+09
 1.04683874e+09 1.04683878e+09 1.04683882e+09 1.04683886e+09
 1.04683890e+09 1.04683894e+09 1.04683898e+09 1.04683902e+09
 1.04683906e+09 1.04683910e+09 1.04683914e+09 1.04683918e+09
 1.04683922e+09 1.04683926e+09 1.04683930e+09 1.04683934e+09
 1.04683938e+09 1.04683942e+09 1.04683946e+09 1.04683951e+09
 1.04683955e+09 1.04683959e+09 1.04683963e+09 1.04683967e+09
 1.04683971e+09 1.04683975e+09 1.04683979e+09 1.04683983e+09
 1.04683987e+09 1.04683991e+09 1.04683995e+09 1.04683999e+09
 1.04684003e+09 1.04684007e+09 1.04684011e+09 1.04684015e+09
 1.04684019e+09 1.04684023e+09 1.04684027e+09 1.04684031e+09
 1.04684035e+09 1.04684039e+09 1.04684043e+09 1.04684047e+09
 1.04684051e+09 1.04684055e+09 1.04684059e+09 1.04684063e+09
 1.04684067e+09 1.04684071e+09 1.04684075e+09 1.04684079e+09
 1.04684083e+09 1.04684087e+09 1.04684091e+09 1.04684095e+09
 1.04684099e+09 1.04684103e+09 1.04684107e+09 1.04684111e+09
 1.04684115e+09 1.04684119e+09 1.04684123e+09 1.04684127e+09
 1.04684131e+09 1.04684135e+09 1.04684139e+09 1.04684143e+09
 1.04684147e+09 1.04684151e+09 1.04684155e+09 1.04684159e+09
 1.04684163e+09 1.04684167e+09 1.04684171e+09 1.04684175e+09
 1.04684179e+09 1.04684183e+09 1.04684187e+09 1.04684191e+09
 1.04684195e+09 1.04684199e+09 1.04684203e+09 1.04684207e+09
 1.04684211e+09 1.04684215e+09 1.04684220e+09 1.04684224e+09
 1.04684228e+09 1.04684232e+09 1.04684236e+09 1.04684240e+09
 1.04684244e+09 1.04684248e+09 1.04684252e+09 1.04684256e+09
 1.04684260e+09 1.04684264e+09 1.04684268e+09 1.04684272e+09
 1.04684276e+09 1.04684280e+09 1.04684284e+09 1.04684288e+09
 1.04684292e+09 1.04684296e+09 1.04684300e+09 1.04684304e+09
 1.04684308e+09 1.04684312e+09 1.04684316e+09 1.04684320e+09
 1.04684324e+09 1.04684328e+09 1.04684332e+09 1.04684336e+09
 1.04684340e+09 1.04684344e+09 1.04684348e+09 1.04684352e+09
 1.04684356e+09 1.04684360e+09 1.04684364e+09 1.04684368e+09
 1.04684372e+09 1.04684376e+09 1.04684380e+09 1.04684384e+09
 1.04684388e+09 1.04684392e+09 1.04684396e+09 1.04684400e+09
 1.04684404e+09 1.04684408e+09 1.04684412e+09 1.04684416e+09
 1.04684420e+09 1.04684424e+09 1.04684428e+09 1.04684432e+09
 1.04684436e+09 1.04684440e+09 1.04684444e+09 1.04684448e+09
 1.04684452e+09 1.04684456e+09 1.04684460e+09 1.04684464e+09
 1.04684468e+09 1.04684472e+09 1.04684476e+09 1.04684480e+09
 1.04684485e+09 1.04684489e+09 1.04684493e+09 1.04684497e+09
 1.04684501e+09 1.04684505e+09 1.04684509e+09 1.04684513e+09
 1.04684517e+09 1.04684521e+09 1.04684525e+09 1.04684529e+09
 1.04684533e+09 1.04684537e+09 1.04684541e+09 1.04684545e+09
 1.04684549e+09 1.04684553e+09 1.04684557e+09 1.04684561e+09
 1.04684565e+09 1.04684569e+09 1.04684573e+09 1.04684577e+09
 1.04684581e+09 1.04684585e+09 1.04684589e+09 1.04684593e+09
 1.04684597e+09 1.04684601e+09 1.04684605e+09 1.04684609e+09
 1.04684613e+09 1.04684617e+09 1.04684621e+09 1.04684625e+09
 1.04684629e+09 1.04684633e+09 1.04684637e+09 1.04684641e+09
 1.04684645e+09 1.04684649e+09 1.04684653e+09 1.04684657e+09
 1.04684661e+09 1.04684665e+09 1.04684669e+09 1.04684673e+09
 1.04684677e+09 1.04684681e+09 1.04684685e+09 1.04684689e+09
 1.04684693e+09 1.04684697e+09 1.04684701e+09 1.04684705e+09
 1.04684709e+09 1.04684713e+09 1.04684717e+09 1.04684721e+09
 1.04684725e+09 1.04684729e+09 1.04684733e+09 1.04684737e+09
 1.04684741e+09 1.04684745e+09 1.04684749e+09 1.04684754e+09
 1.04684758e+09 1.04684762e+09 1.04684766e+09 1.04684770e+09
 1.04684774e+09 1.04684778e+09 1.04684782e+09 1.04684786e+09
 1.04684790e+09 1.04684794e+09 1.04684798e+09 1.04684802e+09
 1.04684806e+09 1.04684810e+09 1.04684814e+09 1.04684818e+09
 1.04684822e+09 1.04684826e+09 1.04684830e+09 1.04684834e+09
 1.04684838e+09 1.04684842e+09 1.04684846e+09 1.04684850e+09
 1.04684854e+09 1.04684858e+09 1.04684862e+09 1.04684866e+09
 1.04684870e+09 1.04684874e+09 1.04684878e+09 1.04684882e+09
 1.04684886e+09 1.04684890e+09 1.04684894e+09 1.04684898e+09
 1.04684902e+09 1.04684906e+09 1.04684910e+09 1.04684914e+09
 1.04684918e+09 1.04684922e+09 1.04684926e+09 1.04684930e+09
 1.04684934e+09 1.04684938e+09 1.04684942e+09 1.04684946e+09
 1.04684950e+09 1.04684954e+09 1.04684958e+09 1.04684962e+09
 1.04684966e+09 1.04684970e+09 1.04684974e+09 1.04684978e+09
 1.04684982e+09 1.04684986e+09 1.04684990e+09 1.04684994e+09
 1.04684998e+09 1.04685002e+09 1.04685006e+09 1.04685010e+09
 1.04685014e+09 1.04685019e+09 1.04685023e+09 1.04685027e+09
 1.04685031e+09 1.04685035e+09 1.04685039e+09 1.04685043e+09
 1.04685047e+09 1.04685051e+09 1.04685055e+09 1.04685059e+09
 1.04685063e+09 1.04685067e+09 1.04685071e+09 1.04685075e+09
 1.04685079e+09 1.04685083e+09 1.04685087e+09 1.04685091e+09
 1.04685095e+09 1.04685099e+09 1.04685103e+09 1.04685107e+09
 1.04685111e+09 1.04685115e+09 1.04685119e+09 1.04685123e+09
 1.04685127e+09 1.04685131e+09 1.04685135e+09 1.04685139e+09
 1.04685143e+09 1.04685147e+09 1.04685151e+09 1.04685155e+09
 1.04685159e+09 1.04685163e+09 1.04685167e+09 1.04685171e+09
 1.04685175e+09 1.04685179e+09 1.04685183e+09 1.04685187e+09
 1.04685191e+09 1.04685195e+09 1.04685199e+09 1.04685203e+09
 1.04685207e+09 1.04685211e+09 1.04685215e+09 1.04685219e+09
 1.04685223e+09 1.04685227e+09 1.04685231e+09 1.04685235e+09
 1.04685239e+09 1.04685243e+09 1.04685247e+09 1.04685251e+09
 1.04685255e+09 1.04685259e+09 1.04685263e+09 1.04685267e+09
 1.04685271e+09 1.04685275e+09 1.04685279e+09 1.04685283e+09
 1.04685288e+09 1.04685292e+09 1.04685296e+09 1.04685300e+09
 1.04685304e+09 1.04685308e+09 1.04685312e+09 1.04685316e+09
 1.04685320e+09 1.04685324e+09 1.04685328e+09 1.04685332e+09
 1.04685336e+09 1.04685340e+09 1.04685344e+09 1.04685348e+09
 1.04685352e+09 1.04685356e+09 1.04685360e+09 1.04685364e+09
 1.04685368e+09 1.04685372e+09 1.04685376e+09 1.04685380e+09
 1.04685384e+09 1.04685388e+09 1.04685392e+09 1.04685396e+09
 1.04685400e+09 1.04685404e+09 1.04685408e+09 1.04685412e+09
 1.04685416e+09 1.04685420e+09 1.04685424e+09 1.04685428e+09
 1.04685432e+09 1.04685436e+09 1.04685440e+09 1.04685444e+09
 1.04685448e+09 1.04685452e+09 1.04685456e+09 1.04685460e+09
 1.04685464e+09 1.04685468e+09 1.04685472e+09 1.04685476e+09
 1.04685480e+09 1.04685484e+09 1.04685488e+09 1.04685492e+09
 1.04685496e+09 1.04685500e+09 1.04685504e+09 1.04685508e+09
 1.04685512e+09 1.04685516e+09 1.04685520e+09 1.04685524e+09
 1.04685528e+09 1.04685532e+09 1.04685536e+09 1.04685540e+09
 1.04685544e+09 1.04685548e+09 1.04685552e+09 1.04685557e+09
 1.04685561e+09 1.04685565e+09 1.04685569e+09 1.04685573e+09
 1.04685577e+09 1.04685581e+09 1.04685585e+09 1.04685589e+09
 1.04685593e+09 1.04685597e+09 1.04685601e+09 1.04685605e+09
 1.04685609e+09 1.04685613e+09 1.04685617e+09 1.04685621e+09
 1.04685625e+09 1.04685629e+09 1.04685633e+09 1.04685637e+09
 1.04685641e+09 1.04685645e+09 1.04685649e+09 1.04685653e+09
 1.04685657e+09 1.04685661e+09 1.04685665e+09 1.04685669e+09
 1.04685673e+09 1.04685677e+09 1.04685681e+09 1.04685685e+09
 1.04685689e+09 1.04685693e+09 1.04685697e+09 1.04685701e+09
 1.04685705e+09 1.04685709e+09 1.04685713e+09 1.04685717e+09
 1.04685721e+09 1.04685725e+09 1.04685729e+09 1.04685733e+09
 1.04685737e+09 1.04685741e+09 1.04685745e+09 1.04685749e+09
 1.04685753e+09 1.04685757e+09 1.04685761e+09 1.04685765e+09
 1.04685769e+09 1.04685773e+09 1.04685777e+09 1.04685781e+09
 1.04685785e+09 1.04685789e+09 1.04685793e+09 1.04685797e+09
 1.04685801e+09 1.04685805e+09 1.04685809e+09 1.04685813e+09
 1.04685817e+09 1.04685822e+09 1.04685826e+09 1.04685830e+09
 1.04685834e+09 1.04685838e+09 1.04685842e+09 1.04685846e+09
 1.04685850e+09 1.04685854e+09 1.04685858e+09 1.04685862e+09
 1.04685866e+09 1.04685870e+09 1.04685874e+09 1.04685878e+09
 1.04685882e+09 1.04685886e+09 1.04685890e+09 1.04685894e+09
 1.04685898e+09 1.04685902e+09 1.04685906e+09 1.04685910e+09
 1.04685914e+09 1.04685918e+09 1.04685922e+09 1.04685926e+09
 1.04685930e+09 1.04685934e+09 1.04685938e+09 1.04685942e+09
 1.04685946e+09 1.04685950e+09 1.04685954e+09 1.04685958e+09
 1.04685962e+09 1.04685966e+09 1.04685970e+09 1.04685974e+09
 1.04685978e+09 1.04685982e+09 1.04685986e+09 1.04685990e+09
 1.04685994e+09 1.04685998e+09 1.04686002e+09 1.04686006e+09
 1.04686010e+09 1.04686014e+09 1.04686018e+09 1.04686022e+09
 1.04686026e+09 1.04686030e+09 1.04686034e+09 1.04686038e+09
 1.04686042e+09 1.04686046e+09 1.04686050e+09 1.04686054e+09
 1.04686058e+09 1.04686062e+09 1.04686066e+09 1.04686070e+09
 1.04686074e+09 1.04686078e+09 1.04686082e+09 1.04686086e+09
 1.04686091e+09 1.04686095e+09 1.04686099e+09 1.04686103e+09
 1.04686107e+09 1.04686111e+09 1.04686115e+09 1.04686119e+09
 1.04686123e+09 1.04686127e+09 1.04686131e+09 1.04686135e+09
 1.04686139e+09 1.04686143e+09 1.04686147e+09 1.04686151e+09
 1.04686155e+09 1.04686159e+09 1.04686163e+09 1.04686167e+09
 1.04686171e+09 1.04686175e+09 1.04686179e+09 1.04686183e+09
 1.04686187e+09 1.04686191e+09 1.04686195e+09 1.04686199e+09
 1.04686203e+09 1.04686207e+09 1.04686211e+09 1.04686215e+09
 1.04686219e+09 1.04686223e+09 1.04686227e+09 1.04686231e+09
 1.04686235e+09 1.04686239e+09 1.04686243e+09 1.04686247e+09
 1.04686251e+09 1.04686255e+09 1.04686259e+09 1.04686263e+09
 1.04686267e+09 1.04686271e+09 1.04686275e+09 1.04686279e+09
 1.04686283e+09 1.04686287e+09 1.04686291e+09 1.04686295e+09
 1.04686299e+09 1.04686303e+09 1.04686307e+09 1.04686311e+09
 1.04686315e+09 1.04686319e+09 1.04686323e+09 1.04686327e+09
 1.04686331e+09 1.04686335e+09 1.04686339e+09 1.04686343e+09
 1.04686347e+09 1.04686351e+09 1.04686356e+09 1.04686360e+09
 1.04686364e+09 1.04686368e+09 1.04686372e+09 1.04686376e+09
 1.04686380e+09 1.04686384e+09 1.04686388e+09 1.04686392e+09
 1.04686396e+09 1.04686400e+09 1.04686404e+09 1.04686408e+09
 1.04686412e+09 1.04686416e+09 1.04686420e+09 1.04686424e+09
 1.04686428e+09 1.04686432e+09 1.04686436e+09 1.04686440e+09
 1.04686444e+09 1.04686448e+09 1.04686452e+09 1.04686456e+09
 1.04686460e+09 1.04686464e+09 1.04686468e+09 1.04686472e+09
 1.04686476e+09 1.04686480e+09 1.04686484e+09 1.04686488e+09
 1.04686492e+09 1.04686496e+09 1.04686500e+09 1.04686504e+09
 1.04686508e+09 1.04686512e+09 1.04686516e+09 1.04686520e+09
 1.04686524e+09 1.04686528e+09 1.04686532e+09 1.04686536e+09
 1.04686540e+09 1.04686544e+09 1.04686548e+09 1.04686552e+09
 1.04686556e+09 1.04686560e+09 1.04686564e+09 1.04686568e+09
 1.04686572e+09 1.04686576e+09 1.04686580e+09 1.04686584e+09
 1.04686588e+09 1.04686592e+09 1.04686596e+09 1.04686600e+09
 1.04686604e+09 1.04686608e+09 1.04686612e+09 1.04686616e+09
 1.04686620e+09 1.04686625e+09 1.04686629e+09 1.04686633e+09
 1.04686637e+09 1.04686641e+09 1.04686645e+09 1.04686649e+09
 1.04686653e+09 1.04686657e+09 1.04686661e+09 1.04686665e+09
 1.04686669e+09 1.04686673e+09 1.04686677e+09 1.04686681e+09
 1.04686685e+09 1.04686689e+09 1.04686693e+09 1.04686697e+09
 1.04686701e+09 1.04686705e+09 1.04686709e+09 1.04686713e+09
 1.04686717e+09 1.04686721e+09 1.04686725e+09 1.04686729e+09
 1.04686733e+09 1.04686737e+09 1.04686741e+09 1.04686745e+09
 1.04686749e+09 1.04686753e+09 1.04686757e+09 1.04686761e+09
 1.04686765e+09 1.04686769e+09 1.04686773e+09 1.04686777e+09
 1.04686781e+09 1.04686785e+09 1.04686789e+09 1.04686793e+09
 1.04686797e+09 1.04686801e+09 1.04686805e+09 1.04686809e+09
 1.04686813e+09 1.04686817e+09 1.04686821e+09 1.04686825e+09
 1.04686829e+09 1.04686833e+09 1.04686837e+09 1.04686841e+09
 1.04686845e+09 1.04686849e+09 1.04686853e+09 1.04686857e+09
 1.04686861e+09 1.04686865e+09 1.04686869e+09 1.04686873e+09
 1.04686877e+09 1.04686881e+09 1.04686885e+09 1.04686889e+09
 1.04686894e+09 1.04686898e+09 1.04686902e+09 1.04686906e+09
 1.04686910e+09 1.04686914e+09 1.04686918e+09 1.04686922e+09
 1.04686926e+09 1.04686930e+09 1.04686934e+09 1.04686938e+09
 1.04686942e+09 1.04686946e+09 1.04686950e+09 1.04686954e+09
 1.04686958e+09 1.04686962e+09 1.04686966e+09 1.04686970e+09
 1.04686974e+09 1.04686978e+09 1.04686982e+09 1.04686986e+09
 1.04686990e+09 1.04686994e+09 1.04686998e+09 1.04687002e+09
 1.04687006e+09 1.04687010e+09 1.04687014e+09 1.04687018e+09
 1.04687022e+09 1.04687026e+09 1.04687030e+09 1.04687034e+09
 1.04687038e+09 1.04687042e+09 1.04687046e+09 1.04687050e+09
 1.04687054e+09 1.04687058e+09 1.04687062e+09 1.04687066e+09
 1.04687070e+09 1.04687074e+09 1.04687078e+09 1.04687082e+09
 1.04687086e+09 1.04687090e+09 1.04687094e+09 1.04687098e+09
 1.04687102e+09 1.04687106e+09 1.04687110e+09 1.04687114e+09
 1.04687118e+09 1.04687122e+09 1.04687126e+09 1.04687130e+09
 1.04687134e+09 1.04687138e+09 1.04687142e+09 1.04687146e+09
 1.04687150e+09 1.04687154e+09 1.04687159e+09 1.04687163e+09
 1.04687167e+09 1.04687171e+09 1.04687175e+09 1.04687179e+09
 1.04687183e+09 1.04687187e+09 1.04687191e+09 1.04687195e+09
 1.04687199e+09 1.04687203e+09 1.04687207e+09 1.04687211e+09
 1.04687215e+09 1.04687219e+09 1.04687223e+09 1.04687227e+09
 1.04687231e+09 1.04687235e+09 1.04687239e+09 1.04687243e+09]
minRes = 0.4729598910711206
minResTime =  [1.04687243e+09]
