name =JUICE_ROI_CAL_4_3_11
flyby =  ['2033 MAY 10 08:21:32', '2033 MAY 11 08:21:32']
Observation TW =  <SpiceCell dtype = 1, length = 0, size = 3000, card = 10, is_set = 1, adjust = 0, init = 1, base = 2554799128624, data = 2554799128672>
Res(t) =  [5.39412196 5.3903114  5.3865004  5.38268896 5.37887708 5.37506475
 5.37125199 5.36743878 5.36362513 5.35981104 5.3559965  5.35218153
 5.34836611 5.34455024 5.34073394 5.33691719 5.3331     5.32928236
 5.32546428 5.32164576 5.31782679 5.31400738 5.31018752 5.30636722
 5.30254648 5.29872529 5.29490366 5.29108158 5.28725906 5.28343609
 5.27961267 5.27578881 5.27196451 5.26813976 5.26431456 5.26048892
 5.25666283 5.25283629 5.24900931 5.24518188 5.241354   5.23752568
 5.2336969  5.22986769 5.22603802 5.22220791 5.21837734 5.21454633
 5.21071488 5.20688297 5.20305062 5.19921781 5.19538456 5.19155086
 5.18771671 5.18388211 5.18004706 5.17621156 5.17237561 5.16853922
 5.16470237 5.16086507 5.15702732 5.15318912 5.14935048 5.14551138
 5.14167182 5.13783182 5.13399137 5.13015046 5.12630911 5.1224673
 5.11862504 5.11478233 5.11093916 5.10709555 5.10325148 5.09940696
 5.09556198 5.09171656 5.08787068 5.08402434 5.08017756 5.07633032
 5.07248262 5.06863448 5.06478588 5.06093682 5.05708731 5.05323735
 5.04938693 5.04553605 5.04168472 5.03783294 5.0339807  5.03012801
 5.02627486 5.02242125 5.01856719 5.01471267 5.0108577  5.00700227
 5.00314638 4.99929004 4.99543324 4.99157598 4.98771827 4.9838601
 4.98000147 4.97614239 4.97228284 4.96842284 4.96456238 4.96070147
 4.95684009 4.95297826 4.94911596 4.94525321 4.94139    4.93752633
 4.93366221 4.92979762 4.92593257 4.92206706 4.9182011  4.91433467
 4.91046778 4.90660044 4.90273263 4.89886436 4.89499563 4.89112644
 4.88725679 4.88338668 4.87951611 4.87564507 4.87177358 4.86790162
 4.8640292  4.86015632 4.85628297 4.85240917 4.8485349  4.84466016
 4.84078497 4.83690931 4.83303319 4.8291566  4.82527956 4.82140204
 4.81752407 4.81364563 4.80976673 4.80588736 4.80200753 4.79812723
 4.79424647 4.79036524 4.78648355 4.78260139 4.77871877 4.77483568
 4.77095213 4.76706811 4.76318363 4.75929868 4.75541326 4.75152738
 4.74764103 4.74375421 4.73986693 4.73597918 4.73209096 4.72820228
 4.72431312 4.7204235  4.71653342 4.71264286 4.70875184 4.70486035
 4.70096839 4.69707596 4.69318306 4.6892897  4.68539586 4.68150156
 4.67760678 4.67371154 4.66981583 4.66591965 4.66202299 4.65812587
 4.65422828 4.65033022 4.64643169 4.64253268 4.63863321 4.63473326
 4.63083285 4.62693196 4.6230306  4.61912877 4.61522647 4.6113237
 4.60742045 4.60351673 4.59961254 4.59570788 4.59180275 4.58789714
 4.58399106 4.58008451 4.57617748 4.57226998 4.56836201 4.56445356
 4.56054464 4.55663525 4.55272538 4.54881504 4.54490422 4.54099293
 4.53708116 4.53316892 4.52925621 4.52534301 4.52142935 4.51751521
 4.51360059 4.5096855  4.50576993 4.50185389 4.49793737 4.49402037
 4.4901029  4.48618495 4.48226652 4.47834762 4.47442824 4.47050838
 4.46658805 4.46266724 4.45874595 4.45482418 4.45090193 4.44697921
 4.44305601 4.43913233 4.43520818 4.43128354 4.42735842 4.42343283
 4.41950676 4.41558021 4.41165318 4.40772567 4.40379768 4.39986921
 4.39594026 4.39201083 4.38808092 4.38415053 4.38021966 4.37628831
 4.37235647 4.36842416 4.36449137 4.36055809 4.35662434 4.3526901
 4.34875538 4.34482018 4.3408845  4.33694834 4.33301169 4.32907456
 4.32513695 4.32119886 4.31726028 4.31332122 4.30938168 4.30544165
 4.30150115 4.29756015 4.29361868 4.28967672 4.28573428 4.28179135
 4.27784794 4.27390405 4.26995967 4.2660148  4.26206946 4.25812362
 4.25417731 4.2502305  4.24628322 4.24233544 4.23838718 4.23443844
 4.23048921 4.2265395  4.22258929 4.21863861 4.21468743 4.21073577
 4.20678363 4.20283099 4.19887788 4.19492427 4.19097018 4.18701559
 4.18306053 4.17910497 4.17514893 4.1711924  4.16723538 4.16327787
 4.15931988 4.1553614  4.15140243 4.14744297 4.14348302 4.13952258
 4.13556166 4.13160025 4.12763834 4.12367595 4.11971307 4.1157497
 4.11178584 4.10782149 4.10385665 4.09989132 4.0959255  4.09195919
 4.08799239 4.08402509 4.08005731 4.07608904 4.07212028 4.06815102
 4.06418128 4.06021104 4.05624032 4.0522691  4.04829739 4.04432518
 4.04035249 4.0363793  4.03240563 4.02843146 4.02445679 4.02048164
 4.01650599 4.01252985 4.00855322 4.0045761  4.00059848 3.99662037
 3.99264176 3.98866267 3.98468308 3.98070299 3.97672241 3.97274134
 3.96875978 3.96477772 3.96079516 3.95681211 3.95282857 3.94884454
 3.94486    3.94087498 3.93688946 3.93290344 3.92891693 3.92492993
 3.92094243 3.91695443 3.91296594 3.90897695 3.90498747 3.90099749
 3.89700702 3.89301605 3.88902459 3.88503262 3.88104017 3.87704721
 3.87305376 3.86905982 3.86506537 3.86107043 3.857075   3.85307906
 3.84908263 3.8450857  3.84108828 3.83709036 3.83309194 3.82909302
 3.8250936  3.82109369 3.81709328 3.81309237 3.80909097 3.80508906
 3.80108666 3.79708376 3.79308036 3.78907647 3.78507207 3.78106718
 3.77706179 3.77305589 3.7690495  3.76504262 3.76103523 3.75702734
 3.75301895 3.74901007 3.74500068 3.7409908  3.73698042 3.73296953
 3.72895815 3.72494627 3.72093389 3.71692101 3.71290762 3.70889374
 3.70487936 3.70086448 3.6968491  3.69283321 3.68881683 3.68479995
 3.68078256 3.67676468 3.6727463  3.66872741 3.66470802 3.66068814
 3.65666775 3.65264686 3.64862547 3.64460358 3.64058119 3.63655829
 3.6325349  3.628511   3.62448661 3.62046171 3.61643631 3.61241041
 3.608384   3.6043571  3.60032969 3.59630178 3.59227337 3.58824446
 3.58421505 3.58018513 3.57615471 3.57212379 3.56809237 3.56406045
 3.56002802 3.55599509 3.55196166 3.54792773 3.5438933  3.53985836
 3.53582292 3.53178698 3.52775053 3.52371359 3.51967614 3.51563818
 3.51159973 3.50756077 3.50352131 3.49948135 3.49544089 3.49139992
 3.48735845 3.48331647 3.479274   3.47523102 3.47118754 3.46714355
 3.46309907 3.45905408 3.45500858 3.45096259 3.44691609 3.44286909
 3.43882158 3.43477357 3.43072506 3.42667605 3.42262654 3.41857652
 3.41452599 3.41047497 3.40642344 3.40237141 3.39831888 3.39426584
 3.3902123  3.38615826 3.38210372 3.37804867 3.37399312 3.36993707
 3.36588051 3.36182345 3.35776589 3.35370783 3.34964926 3.34559019
 3.34153062 3.33747054 3.33340996 3.32934888 3.3252873  3.32122522
 3.31716263 3.31309954 3.30903595 3.30497185 3.30090726 3.29684216
 3.29277656 3.28871046 3.28464385 3.28057674 3.27650913 3.27244102
 3.26837241 3.2643033  3.26023368 3.25616356 3.25209294 3.24802182
 3.2439502  3.23987807 3.23580545 3.23173232 3.22765869 3.22358457
 3.21950994 3.21543481 3.21135917 3.20728304 3.20320641 3.19912928
 3.19505164 3.19097351 3.18689487 3.18281574 3.1787361  3.17465597
 3.17057534 3.1664942  3.16241257 3.15833044 3.1542478  3.15016467
 3.14608104 3.14199691 3.13791228 3.13382715 3.12974153 3.1256554
 3.12156878 3.11748166 3.11339404 3.10930592 3.10521731 3.1011282
 3.09703859 3.09294848 3.08885787 3.08476677 3.08067517 3.07658308
 3.07249049 3.0683974  3.06430382 3.06020974 3.05611516 3.05202009
 3.04792452 3.04382846 3.0397319  3.03563485 3.03153731 3.02743926
 3.02334073 3.0192417  3.01514218 3.01104216 3.00694165 3.00284065
 2.99873915 2.99463716 2.99053468 2.98643171 2.98232824 2.97822429
 2.97411984 2.9700149  2.96590947 2.96180355 2.95769713 2.95359023
 2.94948284 2.94537496 2.94126659 2.93715773 2.93304838 2.92893854
 2.92482821 2.9207174  2.9166061  2.91249431 2.90838203 2.90426927
 2.90015602 2.89604228 2.89192806 2.88781336 2.88369817 2.87958249
 2.87546633 2.87134968 2.86723255 2.86311494 2.85899684 2.85487827
 2.85075921 2.84663966 2.84251964 2.83839913 2.83427815 2.83015668
 2.82603474 2.82191231 2.8177894  2.81366602 2.80954216 2.80541782
 2.801293   2.7971677  2.79304193 2.78891568 2.78478896 2.78066176
 2.77653409 2.77240594 2.76827732 2.76414822 2.76001865 2.75588861
 2.7517581  2.74762711 2.74349566 2.73936373 2.73523133 2.73109847
 2.72696513 2.72283133 2.71869706 2.71456232 2.71042712 2.70629145
 2.70215531 2.69801871 2.69388164 2.68974412 2.68560612 2.68146767
 2.67732875 2.67318937 2.66904953 2.66490923 2.66076847 2.65662725
 2.65248558 2.64834344 2.64420085 2.64005781 2.6359143  2.63177035
 2.62762594 2.62348107 2.61933575 2.61518998 2.61104376 2.60689709
 2.60274997 2.5986024  2.59445438 2.59030592 2.58615701 2.58200765
 2.57785784 2.5737076  2.56955691 2.56540577 2.5612542  2.55710218
 2.55294973 2.54879683 2.5446435  2.54048973 2.53633552 2.53218088
 2.5280258  2.52387029 2.51971434 2.51555797 2.51140116 2.50724392
 2.50308626 2.49892816 2.49476964 2.49061069 2.48645132 2.48229153
 2.47813131 2.47397067 2.46980961 2.46564813 2.46148623 2.45732391
 2.45316118 2.44899803 2.44483447 2.4406705  2.43650611 2.43234131
 2.42817611 2.4240105  2.41984448 2.41567805 2.41151122 2.40734399
 2.40317635 2.39900832 2.39483988 2.39067105 2.38650182 2.3823322
 2.37816218 2.37399177 2.36982097 2.36564978 2.3614782  2.35730624
 2.35313389 2.34896116 2.34478804 2.34061455 2.33644067 2.33226642
 2.32809179 2.32391679 2.31974142 2.31556567 2.31138956 2.30721308
 2.30303623 2.29885901 2.29468144 2.2905035  2.28632521 2.28214655
 2.27796755 2.27378818 2.26960847 2.26542841 2.26124799 2.25706724
 2.25288613 2.24870469 2.24452291 2.24034078 2.23615832 2.23197553
 2.22779241 2.22360895 2.21942517 2.21524106 2.21105663 2.20687188
 2.2026868  2.19850141 2.19431571 2.19012969 2.18594337 2.18175673
 2.17756979 2.17338255 2.16919501 2.16500717 2.16081904 2.15663061
 2.15244189 2.14825288 2.14406359 2.13987402 2.13568417 2.13149404
 2.12730363 2.12311296 2.11892201 2.1147308  2.11053933 2.1063476
 2.10215561 2.09796336 2.09377087 2.08957813 2.08538514 2.08119191
 2.07699844 2.07280474 2.0686108  2.06441664 2.06022225 2.05602764
 2.05183281 2.04763776 2.04344251 2.03924704 2.03505137 2.0308555
 2.02665944 2.02246318 2.01826673 2.01407009 2.00987327 2.00567628
 2.00147911 1.99728177 1.99308426 1.98888659 1.98468877 1.98049079
 1.97629266 1.97209439 1.96789598 1.96369743 1.95949875 1.95529994
 1.95110101 1.94690196 1.9427028  1.93850353 1.93430416 1.93010469
 1.92590513 1.92170548 1.91750575 1.91330594 1.90910605 1.9049061
 1.90070609 1.89650602 1.8923059  1.88810573 1.88390553 1.87970529
 1.87550503 1.87130474 1.86710443 1.86290412 1.85870381 1.85450349
 1.85030319 1.8461029  1.84190263 1.83770239 1.83350219 1.82930203
 1.82510192 1.82090186 1.81670187 1.81250195 1.8083021  1.80410235
 1.79990268 1.79570311 1.79150366 1.78730431 1.7831051  1.77890601
 1.77470706 1.77050827 1.76630962 1.76211115 1.75791285 1.75371473
 1.7495168  1.74531907 1.74112155 1.73692425 1.73272718 1.72853035
 1.72433377 1.72013744 1.71594138 1.7117456  1.70755011 1.70335491
 1.69916003 1.69496546 1.69077123 1.68657734 1.6823838  1.67819063
 1.67399784 1.66980543 1.66561342 1.66142183 1.65723066 1.65303993
 1.64884965 1.64465984 1.6404705  1.63628165 1.6320933  1.62790548
 1.62371818 1.61953143 1.61534525 1.61115963 1.60697461 1.6027902
 1.5986064  1.59442324 1.59024074 1.5860589  1.58187776 1.57769731
 1.57351758 1.5693386  1.56516036 1.5609829  1.55680623 1.55263038
 1.54845535 1.54428117 1.54010786 1.53593543 1.53176392 1.52759333
 1.52342369 1.51925503 1.51508736 1.5109207  1.50675509 1.50259053
 1.49842706 1.4942647  1.49010347 1.4859434  1.48178451 1.47762683
 1.47347038 1.46931519 1.4651613  1.46100872 1.45685748 1.45270761
 1.44855915 1.44441212 1.44026655 1.43612248 1.43197992 1.42783893
 1.42369953 1.41956174 1.41542562 1.41129118 1.40715848 1.40302754
 1.39889839 1.39477109 1.39064566 1.38652215 1.38240059 1.37828103
 1.37416351 1.37004807 1.36593476 1.36182361]
t =  [1.05259816e+09 1.05259820e+09 1.05259823e+09 1.05259826e+09
 1.05259830e+09 1.05259833e+09 1.05259837e+09 1.05259840e+09
 1.05259844e+09 1.05259847e+09 1.05259851e+09 1.05259854e+09
 1.05259857e+09 1.05259861e+09 1.05259864e+09 1.05259868e+09
 1.05259871e+09 1.05259875e+09 1.05259878e+09 1.05259882e+09
 1.05259885e+09 1.05259888e+09 1.05259892e+09 1.05259895e+09
 1.05259899e+09 1.05259902e+09 1.05259906e+09 1.05259909e+09
 1.05259912e+09 1.05259916e+09 1.05259919e+09 1.05259923e+09
 1.05259926e+09 1.05259930e+09 1.05259933e+09 1.05259937e+09
 1.05259940e+09 1.05259943e+09 1.05259947e+09 1.05259950e+09
 1.05259954e+09 1.05259957e+09 1.05259961e+09 1.05259964e+09
 1.05259968e+09 1.05259971e+09 1.05259974e+09 1.05259978e+09
 1.05259981e+09 1.05259985e+09 1.05259988e+09 1.05259992e+09
 1.05259995e+09 1.05259999e+09 1.05260002e+09 1.05260005e+09
 1.05260009e+09 1.05260012e+09 1.05260016e+09 1.05260019e+09
 1.05260023e+09 1.05260026e+09 1.05260029e+09 1.05260033e+09
 1.05260036e+09 1.05260040e+09 1.05260043e+09 1.05260047e+09
 1.05260050e+09 1.05260054e+09 1.05260057e+09 1.05260060e+09
 1.05260064e+09 1.05260067e+09 1.05260071e+09 1.05260074e+09
 1.05260078e+09 1.05260081e+09 1.05260085e+09 1.05260088e+09
 1.05260091e+09 1.05260095e+09 1.05260098e+09 1.05260102e+09
 1.05260105e+09 1.05260109e+09 1.05260112e+09 1.05260116e+09
 1.05260119e+09 1.05260122e+09 1.05260126e+09 1.05260129e+09
 1.05260133e+09 1.05260136e+09 1.05260140e+09 1.05260143e+09
 1.05260146e+09 1.05260150e+09 1.05260153e+09 1.05260157e+09
 1.05260160e+09 1.05260164e+09 1.05260167e+09 1.05260171e+09
 1.05260174e+09 1.05260177e+09 1.05260181e+09 1.05260184e+09
 1.05260188e+09 1.05260191e+09 1.05260195e+09 1.05260198e+09
 1.05260202e+09 1.05260205e+09 1.05260208e+09 1.05260212e+09
 1.05260215e+09 1.05260219e+09 1.05260222e+09 1.05260226e+09
 1.05260229e+09 1.05260233e+09 1.05260236e+09 1.05260239e+09
 1.05260243e+09 1.05260246e+09 1.05260250e+09 1.05260253e+09
 1.05260257e+09 1.05260260e+09 1.05260264e+09 1.05260267e+09
 1.05260270e+09 1.05260274e+09 1.05260277e+09 1.05260281e+09
 1.05260284e+09 1.05260288e+09 1.05260291e+09 1.05260294e+09
 1.05260298e+09 1.05260301e+09 1.05260305e+09 1.05260308e+09
 1.05260312e+09 1.05260315e+09 1.05260319e+09 1.05260322e+09
 1.05260325e+09 1.05260329e+09 1.05260332e+09 1.05260336e+09
 1.05260339e+09 1.05260343e+09 1.05260346e+09 1.05260350e+09
 1.05260353e+09 1.05260356e+09 1.05260360e+09 1.05260363e+09
 1.05260367e+09 1.05260370e+09 1.05260374e+09 1.05260377e+09
 1.05260381e+09 1.05260384e+09 1.05260387e+09 1.05260391e+09
 1.05260394e+09 1.05260398e+09 1.05260401e+09 1.05260405e+09
 1.05260408e+09 1.05260411e+09 1.05260415e+09 1.05260418e+09
 1.05260422e+09 1.05260425e+09 1.05260429e+09 1.05260432e+09
 1.05260436e+09 1.05260439e+09 1.05260442e+09 1.05260446e+09
 1.05260449e+09 1.05260453e+09 1.05260456e+09 1.05260460e+09
 1.05260463e+09 1.05260467e+09 1.05260470e+09 1.05260473e+09
 1.05260477e+09 1.05260480e+09 1.05260484e+09 1.05260487e+09
 1.05260491e+09 1.05260494e+09 1.05260498e+09 1.05260501e+09
 1.05260504e+09 1.05260508e+09 1.05260511e+09 1.05260515e+09
 1.05260518e+09 1.05260522e+09 1.05260525e+09 1.05260528e+09
 1.05260532e+09 1.05260535e+09 1.05260539e+09 1.05260542e+09
 1.05260546e+09 1.05260549e+09 1.05260553e+09 1.05260556e+09
 1.05260559e+09 1.05260563e+09 1.05260566e+09 1.05260570e+09
 1.05260573e+09 1.05260577e+09 1.05260580e+09 1.05260584e+09
 1.05260587e+09 1.05260590e+09 1.05260594e+09 1.05260597e+09
 1.05260601e+09 1.05260604e+09 1.05260608e+09 1.05260611e+09
 1.05260615e+09 1.05260618e+09 1.05260621e+09 1.05260625e+09
 1.05260628e+09 1.05260632e+09 1.05260635e+09 1.05260639e+09
 1.05260642e+09 1.05260646e+09 1.05260649e+09 1.05260652e+09
 1.05260656e+09 1.05260659e+09 1.05260663e+09 1.05260666e+09
 1.05260670e+09 1.05260673e+09 1.05260676e+09 1.05260680e+09
 1.05260683e+09 1.05260687e+09 1.05260690e+09 1.05260694e+09
 1.05260697e+09 1.05260701e+09 1.05260704e+09 1.05260707e+09
 1.05260711e+09 1.05260714e+09 1.05260718e+09 1.05260721e+09
 1.05260725e+09 1.05260728e+09 1.05260732e+09 1.05260735e+09
 1.05260738e+09 1.05260742e+09 1.05260745e+09 1.05260749e+09
 1.05260752e+09 1.05260756e+09 1.05260759e+09 1.05260763e+09
 1.05260766e+09 1.05260769e+09 1.05260773e+09 1.05260776e+09
 1.05260780e+09 1.05260783e+09 1.05260787e+09 1.05260790e+09
 1.05260793e+09 1.05260797e+09 1.05260800e+09 1.05260804e+09
 1.05260807e+09 1.05260811e+09 1.05260814e+09 1.05260818e+09
 1.05260821e+09 1.05260824e+09 1.05260828e+09 1.05260831e+09
 1.05260835e+09 1.05260838e+09 1.05260842e+09 1.05260845e+09
 1.05260849e+09 1.05260852e+09 1.05260855e+09 1.05260859e+09
 1.05260862e+09 1.05260866e+09 1.05260869e+09 1.05260873e+09
 1.05260876e+09 1.05260880e+09 1.05260883e+09 1.05260886e+09
 1.05260890e+09 1.05260893e+09 1.05260897e+09 1.05260900e+09
 1.05260904e+09 1.05260907e+09 1.05260910e+09 1.05260914e+09
 1.05260917e+09 1.05260921e+09 1.05260924e+09 1.05260928e+09
 1.05260931e+09 1.05260935e+09 1.05260938e+09 1.05260941e+09
 1.05260945e+09 1.05260948e+09 1.05260952e+09 1.05260955e+09
 1.05260959e+09 1.05260962e+09 1.05260966e+09 1.05260969e+09
 1.05260972e+09 1.05260976e+09 1.05260979e+09 1.05260983e+09
 1.05260986e+09 1.05260990e+09 1.05260993e+09 1.05260997e+09
 1.05261000e+09 1.05261003e+09 1.05261007e+09 1.05261010e+09
 1.05261014e+09 1.05261017e+09 1.05261021e+09 1.05261024e+09
 1.05261028e+09 1.05261031e+09 1.05261034e+09 1.05261038e+09
 1.05261041e+09 1.05261045e+09 1.05261048e+09 1.05261052e+09
 1.05261055e+09 1.05261058e+09 1.05261062e+09 1.05261065e+09
 1.05261069e+09 1.05261072e+09 1.05261076e+09 1.05261079e+09
 1.05261083e+09 1.05261086e+09 1.05261089e+09 1.05261093e+09
 1.05261096e+09 1.05261100e+09 1.05261103e+09 1.05261107e+09
 1.05261110e+09 1.05261114e+09 1.05261117e+09 1.05261120e+09
 1.05261124e+09 1.05261127e+09 1.05261131e+09 1.05261134e+09
 1.05261138e+09 1.05261141e+09 1.05261145e+09 1.05261148e+09
 1.05261151e+09 1.05261155e+09 1.05261158e+09 1.05261162e+09
 1.05261165e+09 1.05261169e+09 1.05261172e+09 1.05261175e+09
 1.05261179e+09 1.05261182e+09 1.05261186e+09 1.05261189e+09
 1.05261193e+09 1.05261196e+09 1.05261200e+09 1.05261203e+09
 1.05261206e+09 1.05261210e+09 1.05261213e+09 1.05261217e+09
 1.05261220e+09 1.05261224e+09 1.05261227e+09 1.05261231e+09
 1.05261234e+09 1.05261237e+09 1.05261241e+09 1.05261244e+09
 1.05261248e+09 1.05261251e+09 1.05261255e+09 1.05261258e+09
 1.05261262e+09 1.05261265e+09 1.05261268e+09 1.05261272e+09
 1.05261275e+09 1.05261279e+09 1.05261282e+09 1.05261286e+09
 1.05261289e+09 1.05261292e+09 1.05261296e+09 1.05261299e+09
 1.05261303e+09 1.05261306e+09 1.05261310e+09 1.05261313e+09
 1.05261317e+09 1.05261320e+09 1.05261323e+09 1.05261327e+09
 1.05261330e+09 1.05261334e+09 1.05261337e+09 1.05261341e+09
 1.05261344e+09 1.05261348e+09 1.05261351e+09 1.05261354e+09
 1.05261358e+09 1.05261361e+09 1.05261365e+09 1.05261368e+09
 1.05261372e+09 1.05261375e+09 1.05261379e+09 1.05261382e+09
 1.05261385e+09 1.05261389e+09 1.05261392e+09 1.05261396e+09
 1.05261399e+09 1.05261403e+09 1.05261406e+09 1.05261410e+09
 1.05261413e+09 1.05261416e+09 1.05261420e+09 1.05261423e+09
 1.05261427e+09 1.05261430e+09 1.05261434e+09 1.05261437e+09
 1.05261440e+09 1.05261444e+09 1.05261447e+09 1.05261451e+09
 1.05261454e+09 1.05261458e+09 1.05261461e+09 1.05261465e+09
 1.05261468e+09 1.05261471e+09 1.05261475e+09 1.05261478e+09
 1.05261482e+09 1.05261485e+09 1.05261489e+09 1.05261492e+09
 1.05261496e+09 1.05261499e+09 1.05261502e+09 1.05261506e+09
 1.05261509e+09 1.05261513e+09 1.05261516e+09 1.05261520e+09
 1.05261523e+09 1.05261527e+09 1.05261530e+09 1.05261533e+09
 1.05261537e+09 1.05261540e+09 1.05261544e+09 1.05261547e+09
 1.05261551e+09 1.05261554e+09 1.05261557e+09 1.05261561e+09
 1.05261564e+09 1.05261568e+09 1.05261571e+09 1.05261575e+09
 1.05261578e+09 1.05261582e+09 1.05261585e+09 1.05261588e+09
 1.05261592e+09 1.05261595e+09 1.05261599e+09 1.05261602e+09
 1.05261606e+09 1.05261609e+09 1.05261613e+09 1.05261616e+09
 1.05261619e+09 1.05261623e+09 1.05261626e+09 1.05261630e+09
 1.05261633e+09 1.05261637e+09 1.05261640e+09 1.05261644e+09
 1.05261647e+09 1.05261650e+09 1.05261654e+09 1.05261657e+09
 1.05261661e+09 1.05261664e+09 1.05261668e+09 1.05261671e+09
 1.05261674e+09 1.05261678e+09 1.05261681e+09 1.05261685e+09
 1.05261688e+09 1.05261692e+09 1.05261695e+09 1.05261699e+09
 1.05261702e+09 1.05261705e+09 1.05261709e+09 1.05261712e+09
 1.05261716e+09 1.05261719e+09 1.05261723e+09 1.05261726e+09
 1.05261730e+09 1.05261733e+09 1.05261736e+09 1.05261740e+09
 1.05261743e+09 1.05261747e+09 1.05261750e+09 1.05261754e+09
 1.05261757e+09 1.05261761e+09 1.05261764e+09 1.05261767e+09
 1.05261771e+09 1.05261774e+09 1.05261778e+09 1.05261781e+09
 1.05261785e+09 1.05261788e+09 1.05261792e+09 1.05261795e+09
 1.05261798e+09 1.05261802e+09 1.05261805e+09 1.05261809e+09
 1.05261812e+09 1.05261816e+09 1.05261819e+09 1.05261822e+09
 1.05261826e+09 1.05261829e+09 1.05261833e+09 1.05261836e+09
 1.05261840e+09 1.05261843e+09 1.05261847e+09 1.05261850e+09
 1.05261853e+09 1.05261857e+09 1.05261860e+09 1.05261864e+09
 1.05261867e+09 1.05261871e+09 1.05261874e+09 1.05261878e+09
 1.05261881e+09 1.05261884e+09 1.05261888e+09 1.05261891e+09
 1.05261895e+09 1.05261898e+09 1.05261902e+09 1.05261905e+09
 1.05261909e+09 1.05261912e+09 1.05261915e+09 1.05261919e+09
 1.05261922e+09 1.05261926e+09 1.05261929e+09 1.05261933e+09
 1.05261936e+09 1.05261939e+09 1.05261943e+09 1.05261946e+09
 1.05261950e+09 1.05261953e+09 1.05261957e+09 1.05261960e+09
 1.05261964e+09 1.05261967e+09 1.05261970e+09 1.05261974e+09
 1.05261977e+09 1.05261981e+09 1.05261984e+09 1.05261988e+09
 1.05261991e+09 1.05261995e+09 1.05261998e+09 1.05262001e+09
 1.05262005e+09 1.05262008e+09 1.05262012e+09 1.05262015e+09
 1.05262019e+09 1.05262022e+09 1.05262026e+09 1.05262029e+09
 1.05262032e+09 1.05262036e+09 1.05262039e+09 1.05262043e+09
 1.05262046e+09 1.05262050e+09 1.05262053e+09 1.05262056e+09
 1.05262060e+09 1.05262063e+09 1.05262067e+09 1.05262070e+09
 1.05262074e+09 1.05262077e+09 1.05262081e+09 1.05262084e+09
 1.05262087e+09 1.05262091e+09 1.05262094e+09 1.05262098e+09
 1.05262101e+09 1.05262105e+09 1.05262108e+09 1.05262112e+09
 1.05262115e+09 1.05262118e+09 1.05262122e+09 1.05262125e+09
 1.05262129e+09 1.05262132e+09 1.05262136e+09 1.05262139e+09
 1.05262143e+09 1.05262146e+09 1.05262149e+09 1.05262153e+09
 1.05262156e+09 1.05262160e+09 1.05262163e+09 1.05262167e+09
 1.05262170e+09 1.05262174e+09 1.05262177e+09 1.05262180e+09
 1.05262184e+09 1.05262187e+09 1.05262191e+09 1.05262194e+09
 1.05262198e+09 1.05262201e+09 1.05262204e+09 1.05262208e+09
 1.05262211e+09 1.05262215e+09 1.05262218e+09 1.05262222e+09
 1.05262225e+09 1.05262229e+09 1.05262232e+09 1.05262235e+09
 1.05262239e+09 1.05262242e+09 1.05262246e+09 1.05262249e+09
 1.05262253e+09 1.05262256e+09 1.05262260e+09 1.05262263e+09
 1.05262266e+09 1.05262270e+09 1.05262273e+09 1.05262277e+09
 1.05262280e+09 1.05262284e+09 1.05262287e+09 1.05262291e+09
 1.05262294e+09 1.05262297e+09 1.05262301e+09 1.05262304e+09
 1.05262308e+09 1.05262311e+09 1.05262315e+09 1.05262318e+09
 1.05262321e+09 1.05262325e+09 1.05262328e+09 1.05262332e+09
 1.05262335e+09 1.05262339e+09 1.05262342e+09 1.05262346e+09
 1.05262349e+09 1.05262352e+09 1.05262356e+09 1.05262359e+09
 1.05262363e+09 1.05262366e+09 1.05262370e+09 1.05262373e+09
 1.05262377e+09 1.05262380e+09 1.05262383e+09 1.05262387e+09
 1.05262390e+09 1.05262394e+09 1.05262397e+09 1.05262401e+09
 1.05262404e+09 1.05262408e+09 1.05262411e+09 1.05262414e+09
 1.05262418e+09 1.05262421e+09 1.05262425e+09 1.05262428e+09
 1.05262432e+09 1.05262435e+09 1.05262438e+09 1.05262442e+09
 1.05262445e+09 1.05262449e+09 1.05262452e+09 1.05262456e+09
 1.05262459e+09 1.05262463e+09 1.05262466e+09 1.05262469e+09
 1.05262473e+09 1.05262476e+09 1.05262480e+09 1.05262483e+09
 1.05262487e+09 1.05262490e+09 1.05262494e+09 1.05262497e+09
 1.05262500e+09 1.05262504e+09 1.05262507e+09 1.05262511e+09
 1.05262514e+09 1.05262518e+09 1.05262521e+09 1.05262525e+09
 1.05262528e+09 1.05262531e+09 1.05262535e+09 1.05262538e+09
 1.05262542e+09 1.05262545e+09 1.05262549e+09 1.05262552e+09
 1.05262556e+09 1.05262559e+09 1.05262562e+09 1.05262566e+09
 1.05262569e+09 1.05262573e+09 1.05262576e+09 1.05262580e+09
 1.05262583e+09 1.05262586e+09 1.05262590e+09 1.05262593e+09
 1.05262597e+09 1.05262600e+09 1.05262604e+09 1.05262607e+09
 1.05262611e+09 1.05262614e+09 1.05262617e+09 1.05262621e+09
 1.05262624e+09 1.05262628e+09 1.05262631e+09 1.05262635e+09
 1.05262638e+09 1.05262642e+09 1.05262645e+09 1.05262648e+09
 1.05262652e+09 1.05262655e+09 1.05262659e+09 1.05262662e+09
 1.05262666e+09 1.05262669e+09 1.05262673e+09 1.05262676e+09
 1.05262679e+09 1.05262683e+09 1.05262686e+09 1.05262690e+09
 1.05262693e+09 1.05262697e+09 1.05262700e+09 1.05262703e+09
 1.05262707e+09 1.05262710e+09 1.05262714e+09 1.05262717e+09
 1.05262721e+09 1.05262724e+09 1.05262728e+09 1.05262731e+09
 1.05262734e+09 1.05262738e+09 1.05262741e+09 1.05262745e+09
 1.05262748e+09 1.05262752e+09 1.05262755e+09 1.05262759e+09
 1.05262762e+09 1.05262765e+09 1.05262769e+09 1.05262772e+09
 1.05262776e+09 1.05262779e+09 1.05262783e+09 1.05262786e+09
 1.05262790e+09 1.05262793e+09 1.05262796e+09 1.05262800e+09
 1.05262803e+09 1.05262807e+09 1.05262810e+09 1.05262814e+09
 1.05262817e+09 1.05262820e+09 1.05262824e+09 1.05262827e+09
 1.05262831e+09 1.05262834e+09 1.05262838e+09 1.05262841e+09
 1.05262845e+09 1.05262848e+09 1.05262851e+09 1.05262855e+09
 1.05262858e+09 1.05262862e+09 1.05262865e+09 1.05262869e+09
 1.05262872e+09 1.05262876e+09 1.05262879e+09 1.05262882e+09
 1.05262886e+09 1.05262889e+09 1.05262893e+09 1.05262896e+09
 1.05262900e+09 1.05262903e+09 1.05262907e+09 1.05262910e+09
 1.05262913e+09 1.05262917e+09 1.05262920e+09 1.05262924e+09
 1.05262927e+09 1.05262931e+09 1.05262934e+09 1.05262938e+09
 1.05262941e+09 1.05262944e+09 1.05262948e+09 1.05262951e+09
 1.05262955e+09 1.05262958e+09 1.05262962e+09 1.05262965e+09
 1.05262968e+09 1.05262972e+09 1.05262975e+09 1.05262979e+09
 1.05262982e+09 1.05262986e+09 1.05262989e+09 1.05262993e+09
 1.05262996e+09 1.05262999e+09 1.05263003e+09 1.05263006e+09
 1.05263010e+09 1.05263013e+09 1.05263017e+09 1.05263020e+09
 1.05263024e+09 1.05263027e+09 1.05263030e+09 1.05263034e+09
 1.05263037e+09 1.05263041e+09 1.05263044e+09 1.05263048e+09
 1.05263051e+09 1.05263055e+09 1.05263058e+09 1.05263061e+09
 1.05263065e+09 1.05263068e+09 1.05263072e+09 1.05263075e+09
 1.05263079e+09 1.05263082e+09 1.05263085e+09 1.05263089e+09
 1.05263092e+09 1.05263096e+09 1.05263099e+09 1.05263103e+09
 1.05263106e+09 1.05263110e+09 1.05263113e+09 1.05263116e+09
 1.05263120e+09 1.05263123e+09 1.05263127e+09 1.05263130e+09
 1.05263134e+09 1.05263137e+09 1.05263141e+09 1.05263144e+09
 1.05263147e+09 1.05263151e+09 1.05263154e+09 1.05263158e+09
 1.05263161e+09 1.05263165e+09 1.05263168e+09 1.05263172e+09
 1.05263175e+09 1.05263178e+09 1.05263182e+09 1.05263185e+09
 1.05263189e+09 1.05263192e+09 1.05263196e+09 1.05263199e+09
 1.05263202e+09 1.05263206e+09 1.05263209e+09 1.05263213e+09
 1.05263216e+09 1.05263220e+09 1.05263223e+09 1.05263227e+09
 1.05263230e+09 1.05263233e+09 1.05263237e+09 1.05263240e+09
 1.05263244e+09 1.05263247e+09 1.05263251e+09 1.05263254e+09]
minRes = 1.3618236097326823
minResTime =  [1.05263254e+09]
