name =JUICE_ROI_CAL_5_0_18
flyby =  ['2032 OCT 13 20:53:36', '2032 OCT 14 20:53:36']
Observation TW =  <SpiceCell dtype = 1, length = 0, size = 3000, card = 10, is_set = 1, adjust = 0, init = 1, base = 2554805648640, data = 2554805648688>
Res(t) =  [4.74731775 4.74362493 4.73993152 4.73623752 4.73254294 4.72884777
 4.72515201 4.72145567 4.71775874 4.71406121 4.7103631  4.70666439
 4.70296509 4.6992652  4.69556471 4.69186363 4.68816195 4.68445968
 4.6807568  4.67705333 4.67334926 4.66964458 4.66593931 4.66223343
 4.65852695 4.65481986 4.65111217 4.64740388 4.64369497 4.63998546
 4.63627534 4.63256461 4.62885327 4.62514132 4.62142875 4.61771558
 4.61400179 4.61028738 4.60657236 4.60285672 4.59914046 4.59542358
 4.59170609 4.58798797 4.58426924 4.58054988 4.57682989 4.57310929
 4.56938806 4.5656662  4.56194372 4.55822061 4.55449687 4.5507725
 4.5470475  4.54332187 4.5395956  4.53586871 4.53214118 4.52841301
 4.52468421 4.52095477 4.5172247  4.51349398 4.50976263 4.50603064
 4.502298   4.49856473 4.49483081 4.49109625 4.48736104 4.48362518
 4.47988868 4.47615153 4.47241374 4.46867529 4.46493619 4.46119645
 4.45745605 4.45371499 4.44997329 4.44623092 4.44248791 4.43874423
 4.4349999  4.43125491 4.42750926 4.42376295 4.42001598 4.41626834
 4.41252005 4.40877109 4.40502146 4.40127117 4.39752021 4.39376858
 4.39001629 4.38626332 4.38250968 4.37875538 4.3750004  4.37124475
 4.36748842 4.36373142 4.35997374 4.35621538 4.35245635 4.34869664
 4.34493625 4.34117517 4.33741342 4.33365098 4.32988786 4.32612406
 4.32235957 4.31859439 4.31482853 4.31106198 4.30729474 4.30352681
 4.29975819 4.29598887 4.29221887 4.28844817 4.28467677 4.28090468
 4.27713189 4.27335841 4.26958423 4.26580934 4.26203376 4.25825748
 4.25448049 4.2507028  4.24692441 4.24314531 4.23936551 4.235585
 4.23180378 4.22802185 4.22423922 4.22045587 4.21667181 4.21288704
 4.20910155 4.20531535 4.20152844 4.19774081 4.19395246 4.19016339
 4.1863736  4.1825831  4.17879187 4.17499992 4.17120725 4.16741385
 4.16361973 4.15982489 4.15602931 4.15223301 4.14843598 4.14463822
 4.14083974 4.13704051 4.13324056 4.12943987 4.12563845 4.1218363
 4.1180334  4.11422977 4.1104254  4.1066203  4.10281445 4.09900786
 4.09520053 4.09139246 4.08758364 4.08377408 4.07996377 4.07615271
 4.07234091 4.06852836 4.06471506 4.06090101 4.0570862  4.05327065
 4.04945434 4.04563727 4.04181945 4.03800088 4.03418154 4.03036145
 4.0265406  4.02271899 4.01889662 4.01507348 4.01124958 4.00742492
 4.00359949 3.9997733  3.99594634 3.99211861 3.98829011 3.98446085
 3.98063081 3.9768     3.97296841 3.96913606 3.96530292 3.96146902
 3.95763433 3.95379887 3.94996263 3.94612561 3.9422878  3.93844922
 3.93460985 3.9307697  3.92692877 3.92308705 3.91924454 3.91540125
 3.91155717 3.90771229 3.90386663 3.90002018 3.89617293 3.89232489
 3.88847605 3.88462642 3.880776   3.87692477 3.87307275 3.86921993
 3.8653663  3.86151188 3.85765665 3.85380063 3.84994379 3.84608615
 3.84222771 3.83836845 3.83450839 3.83064752 3.82678584 3.82292335
 3.81906005 3.81519593 3.811331   3.80746525 3.80359869 3.79973131
 3.79586311 3.79199409 3.78812426 3.7842536  3.78038212 3.77650981
 3.77263668 3.76876273 3.76488795 3.76101234 3.75713591 3.75325864
 3.74938055 3.74550162 3.74162186 3.73774127 3.73385984 3.72997758
 3.72609449 3.72221055 3.71832578 3.71444017 3.71055372 3.70666642
 3.70277829 3.69888931 3.69499948 3.69110882 3.6872173  3.68332494
 3.67943173 3.67553767 3.67164276 3.667747   3.66385038 3.65995291
 3.65605459 3.65215542 3.64825538 3.64435449 3.64045274 3.63655013
 3.63264666 3.62874233 3.62483714 3.62093108 3.61702416 3.61311637
 3.60920772 3.6052982  3.60138781 3.59747655 3.59356442 3.58965141
 3.58573754 3.58182279 3.57790717 3.57399067 3.57007329 3.56615504
 3.56223591 3.55831589 3.554395   3.55047322 3.54655057 3.54262702
 3.5387026  3.53477728 3.53085108 3.52692399 3.52299601 3.51906715
 3.51513739 3.51120674 3.50727519 3.50334275 3.49940942 3.49547519
 3.49154006 3.48760403 3.48366711 3.47972928 3.47579055 3.47185092
 3.46791039 3.46396895 3.4600266  3.45608335 3.45213919 3.44819412
 3.44424814 3.44030126 3.43635346 3.43240474 3.42845511 3.42450457
 3.42055311 3.41660074 3.41264744 3.40869323 3.4047381  3.40078204
 3.39682506 3.39286716 3.38890834 3.38494859 3.38098791 3.37702631
 3.37306377 3.36910031 3.36513592 3.36117059 3.35720433 3.35323714
 3.34926901 3.34529995 3.34132995 3.33735901 3.33338714 3.32941432
 3.32544056 3.32146586 3.31749022 3.31351363 3.30953609 3.30555761
 3.30157818 3.29759781 3.29361648 3.2896342  3.28565098 3.28166679
 3.27768166 3.27369557 3.26970852 3.26572052 3.26173156 3.25774164
 3.25375075 3.24975891 3.24576611 3.24177234 3.23777761 3.23378191
 3.22978524 3.22578761 3.22178901 3.21778944 3.2137889  3.20978738
 3.2057849  3.20178144 3.197777   3.19377159 3.1897652  3.18575783
 3.18174948 3.17774016 3.17372985 3.16971856 3.16570628 3.16169302
 3.15767878 3.15366354 3.14964732 3.14563011 3.14161191 3.13759272
 3.13357254 3.12955136 3.12552919 3.12150603 3.11748187 3.11345671
 3.10943055 3.10540339 3.10137523 3.09734607 3.09331591 3.08928474
 3.08525257 3.08121939 3.0771852  3.07315001 3.0691138  3.06507659
 3.06103836 3.05699912 3.05295887 3.04891761 3.04487532 3.04083202
 3.03678771 3.03274237 3.02869601 3.02464864 3.02060024 3.01655081
 3.01250036 3.00844889 3.00439639 3.00034286 2.99628831 2.99223272
 2.9881761  2.98411846 2.98005977 2.97600006 2.97193931 2.96787752
 2.96381469 2.95975083 2.95568593 2.95161998 2.947553   2.94348497
 2.9394159  2.93534578 2.93127462 2.9272024  2.92312915 2.91905484
 2.91497948 2.91090307 2.90682561 2.90274709 2.89866752 2.89458689
 2.89050521 2.88642247 2.88233867 2.87825381 2.87416789 2.8700809
 2.86599286 2.86190375 2.85781357 2.85372232 2.84963001 2.84553663
 2.84144218 2.83734666 2.83325007 2.8291524  2.82505366 2.82095385
 2.81685295 2.81275099 2.80864794 2.80454381 2.8004386  2.79633231
 2.79222494 2.78811648 2.78400694 2.77989631 2.7757846  2.77167179
 2.7675579  2.76344292 2.75932684 2.75520968 2.75109142 2.74697206
 2.74285161 2.73873006 2.73460742 2.73048367 2.72635883 2.72223288
 2.71810583 2.71397768 2.70984842 2.70571806 2.70158659 2.69745401
 2.69332033 2.68918553 2.68504963 2.68091261 2.67677448 2.67263523
 2.66849487 2.6643534  2.6602108  2.65606709 2.65192226 2.64777631
 2.64362923 2.63948104 2.63533172 2.63118127 2.6270297  2.622877
 2.61872318 2.61456822 2.61041214 2.60625492 2.60209657 2.59793709
 2.59377647 2.58961472 2.58545183 2.5812878  2.57712264 2.57295633
 2.56878889 2.5646203  2.56045057 2.5562797  2.55210768 2.54793451
 2.5437602  2.53958474 2.53540813 2.53123037 2.52705145 2.52287139
 2.51869017 2.5145078  2.51032427 2.50613959 2.50195374 2.49776674
 2.49357858 2.48938926 2.48519878 2.48100713 2.47681432 2.47262035
 2.46842521 2.4642289  2.46003142 2.45583278 2.45163296 2.44743198
 2.44322982 2.43902649 2.43482198 2.4306163  2.42640945 2.42220141
 2.4179922  2.41378181 2.40957024 2.40535748 2.40114355 2.39692843
 2.39271212 2.38849463 2.38427596 2.3800561  2.37583505 2.3716128
 2.36738937 2.36316475 2.35893894 2.35471193 2.35048373 2.34625433
 2.34202373 2.33779194 2.33355895 2.32932476 2.32508938 2.32085278
 2.31661499 2.312376   2.3081358  2.30389439 2.29965178 2.29540796
 2.29116294 2.2869167  2.28266926 2.2784206  2.27417073 2.26991965
 2.26566736 2.26141385 2.25715913 2.25290319 2.24864603 2.24438765
 2.24012806 2.23586724 2.2316052  2.22734194 2.22307746 2.21881176
 2.21454483 2.21027667 2.20600729 2.20173668 2.19746484 2.19319177
 2.18891747 2.18464194 2.18036518 2.17608719 2.17180796 2.1675275
 2.1632458  2.15896287 2.1546787  2.15039329 2.14610665 2.14181876
 2.13752963 2.13323926 2.12894765 2.1246548  2.1203607  2.11606536
 2.11176878 2.10747094 2.10317187 2.09887154 2.09456996 2.09026714
 2.08596306 2.08165774 2.07735116 2.07304333 2.06873425 2.06442391
 2.06011232 2.05579947 2.05148537 2.04717001 2.04285339 2.03853552
 2.03421639 2.02989599 2.02557434 2.02125142 2.01692725 2.01260181
 2.00827511 2.00394714 1.99961791 1.99528742 1.99095566 1.98662263
 1.98228834 1.97795278 1.97361595 1.96927786 1.96493849 1.96059786
 1.95625595 1.95191277 1.94756833 1.94322261 1.93887561 1.93452735
 1.93017781 1.925827   1.92147491 1.91712155 1.91276691 1.90841099
 1.9040538  1.89969534 1.89533559 1.89097457 1.88661227 1.88224869
 1.87788383 1.8735177  1.86915028 1.86478158 1.86041161 1.85604035
 1.85166781 1.84729399 1.84291889 1.83854251 1.83416484 1.82978589
 1.82540566 1.82102415 1.81664136 1.81225728 1.80787192 1.80348527
 1.79909734 1.79470813 1.79031763 1.78592585 1.78153279 1.77713844
 1.7727428  1.76834589 1.76394768 1.7595482  1.75514743 1.75074537
 1.74634204 1.74193741 1.73753151 1.73312432 1.72871584 1.72430609
 1.71989505 1.71548272 1.71106912 1.70665423 1.70223805 1.6978206
 1.69340187 1.68898185 1.68456055 1.68013797 1.67571411 1.67128897
 1.66686256 1.66243486 1.65800588 1.65357563 1.6491441  1.64471129
 1.64027721 1.63584185 1.63140522 1.62696731 1.62252813 1.61808768
 1.61364595 1.60920296 1.60475869 1.60031316 1.59586635 1.59141828
 1.58696895 1.58251834 1.57806648 1.57361335 1.56915896 1.56470331
 1.5602464  1.55578823 1.55132881 1.54686813 1.54240619 1.53794301
 1.53347857 1.52901288 1.52454595 1.52007776 1.51560834 1.51113767
 1.50666576 1.50219261 1.49771822 1.4932426  1.48876575 1.48428766
 1.47980834 1.4753278  1.47084603 1.46636304 1.46187883 1.4573934
 1.45290676 1.4484189  1.44392983 1.43943955 1.43494807 1.43045539
 1.42596151 1.42146643 1.41697015 1.41247269 1.40797404 1.40347421
 1.39897319 1.394471   1.38996764 1.3854631  1.3809574  1.37645053
 1.37194251 1.36743333 1.362923   1.35841153 1.35389891 1.34938515
 1.34487026 1.34035424 1.3358371  1.33131884 1.32679946 1.32227897
 1.31775738 1.31323469 1.3087109  1.30418603 1.29966007 1.29513304
 1.29060493 1.28607576 1.28154553 1.27701425 1.27248192 1.26794856
 1.26341416 1.25887873 1.25434229 1.24980483 1.24526637 1.24072692
 1.23618648 1.23164506 1.22710266 1.2225593  1.21801499 1.21346973
 1.20892354 1.20437641 1.19982837 1.19527942 1.19072957 1.18617884
 1.18162722 1.17707474 1.1725214  1.16796722 1.1634122  1.15885636
 1.15429972 1.14974227 1.14518404 1.14062504 1.13606528 1.13150478
 1.12694354 1.12238159 1.11781894 1.1132556  1.10869159 1.10412693
 1.09956162 1.0949957  1.09042916 1.08586205 1.08129436 1.07672612
 1.07215735 1.06758806 1.06301829 1.05844804 1.05387733 1.0493062
 1.04473467 1.04016274 1.03559046 1.03101783 1.0264449  1.02187167
 1.01729819 1.01272447 1.00815054 1.00357643 0.99900218 0.9944278
 0.98985333 0.9852788  0.98070425 0.9761297  0.96692336 0.96233427
 0.95774509 0.95315588 0.94856665 0.94397745 0.93938831 0.93479927
 0.93021037 0.92562165 0.92103315 0.9164449  0.91185696 0.90726936
 0.90268216 0.8980954  0.89350913 0.8889234  0.88433827 0.87975377
 0.87516998 0.87058695 0.86600473 0.8614234  0.856843   0.85226361
 0.84768529 0.84310812 0.83853216 0.8339575  0.82938419 0.82481234
 0.82024201 0.81567329 0.81110628 0.80654106 0.80197773 0.79741639
 0.79285714 0.78830008 0.78374532 0.77919298 0.77464318 0.77009604
 0.76555168 0.76101024 0.75647186 0.75193668 0.74740484 0.74287651
 0.73835185 0.73383101 0.72931419 0.72480155 0.72029329 0.71578962
 0.71129073 0.70679683 0.70230817 0.69782497 0.69334748 0.68887595
 0.68441067 0.6799519  0.67549995 0.67105512 0.66661774 0.66218816
 0.65776672 0.65335381 0.64894982 0.64455517 0.6401703  0.63579566
 0.63143174 0.62707906 0.62273815 0.61840958]
t =  [1.03458569e+09 1.03458572e+09 1.03458576e+09 1.03458580e+09
 1.03458584e+09 1.03458588e+09 1.03458592e+09 1.03458596e+09
 1.03458600e+09 1.03458604e+09 1.03458608e+09 1.03458612e+09
 1.03458616e+09 1.03458620e+09 1.03458623e+09 1.03458627e+09
 1.03458631e+09 1.03458635e+09 1.03458639e+09 1.03458643e+09
 1.03458647e+09 1.03458651e+09 1.03458655e+09 1.03458659e+09
 1.03458663e+09 1.03458667e+09 1.03458670e+09 1.03458674e+09
 1.03458678e+09 1.03458682e+09 1.03458686e+09 1.03458690e+09
 1.03458694e+09 1.03458698e+09 1.03458702e+09 1.03458706e+09
 1.03458710e+09 1.03458714e+09 1.03458718e+09 1.03458721e+09
 1.03458725e+09 1.03458729e+09 1.03458733e+09 1.03458737e+09
 1.03458741e+09 1.03458745e+09 1.03458749e+09 1.03458753e+09
 1.03458757e+09 1.03458761e+09 1.03458765e+09 1.03458769e+09
 1.03458772e+09 1.03458776e+09 1.03458780e+09 1.03458784e+09
 1.03458788e+09 1.03458792e+09 1.03458796e+09 1.03458800e+09
 1.03458804e+09 1.03458808e+09 1.03458812e+09 1.03458816e+09
 1.03458820e+09 1.03458823e+09 1.03458827e+09 1.03458831e+09
 1.03458835e+09 1.03458839e+09 1.03458843e+09 1.03458847e+09
 1.03458851e+09 1.03458855e+09 1.03458859e+09 1.03458863e+09
 1.03458867e+09 1.03458871e+09 1.03458874e+09 1.03458878e+09
 1.03458882e+09 1.03458886e+09 1.03458890e+09 1.03458894e+09
 1.03458898e+09 1.03458902e+09 1.03458906e+09 1.03458910e+09
 1.03458914e+09 1.03458918e+09 1.03458921e+09 1.03458925e+09
 1.03458929e+09 1.03458933e+09 1.03458937e+09 1.03458941e+09
 1.03458945e+09 1.03458949e+09 1.03458953e+09 1.03458957e+09
 1.03458961e+09 1.03458965e+09 1.03458969e+09 1.03458972e+09
 1.03458976e+09 1.03458980e+09 1.03458984e+09 1.03458988e+09
 1.03458992e+09 1.03458996e+09 1.03459000e+09 1.03459004e+09
 1.03459008e+09 1.03459012e+09 1.03459016e+09 1.03459020e+09
 1.03459023e+09 1.03459027e+09 1.03459031e+09 1.03459035e+09
 1.03459039e+09 1.03459043e+09 1.03459047e+09 1.03459051e+09
 1.03459055e+09 1.03459059e+09 1.03459063e+09 1.03459067e+09
 1.03459071e+09 1.03459074e+09 1.03459078e+09 1.03459082e+09
 1.03459086e+09 1.03459090e+09 1.03459094e+09 1.03459098e+09
 1.03459102e+09 1.03459106e+09 1.03459110e+09 1.03459114e+09
 1.03459118e+09 1.03459122e+09 1.03459125e+09 1.03459129e+09
 1.03459133e+09 1.03459137e+09 1.03459141e+09 1.03459145e+09
 1.03459149e+09 1.03459153e+09 1.03459157e+09 1.03459161e+09
 1.03459165e+09 1.03459169e+09 1.03459172e+09 1.03459176e+09
 1.03459180e+09 1.03459184e+09 1.03459188e+09 1.03459192e+09
 1.03459196e+09 1.03459200e+09 1.03459204e+09 1.03459208e+09
 1.03459212e+09 1.03459216e+09 1.03459220e+09 1.03459223e+09
 1.03459227e+09 1.03459231e+09 1.03459235e+09 1.03459239e+09
 1.03459243e+09 1.03459247e+09 1.03459251e+09 1.03459255e+09
 1.03459259e+09 1.03459263e+09 1.03459267e+09 1.03459271e+09
 1.03459274e+09 1.03459278e+09 1.03459282e+09 1.03459286e+09
 1.03459290e+09 1.03459294e+09 1.03459298e+09 1.03459302e+09
 1.03459306e+09 1.03459310e+09 1.03459314e+09 1.03459318e+09
 1.03459322e+09 1.03459325e+09 1.03459329e+09 1.03459333e+09
 1.03459337e+09 1.03459341e+09 1.03459345e+09 1.03459349e+09
 1.03459353e+09 1.03459357e+09 1.03459361e+09 1.03459365e+09
 1.03459369e+09 1.03459373e+09 1.03459376e+09 1.03459380e+09
 1.03459384e+09 1.03459388e+09 1.03459392e+09 1.03459396e+09
 1.03459400e+09 1.03459404e+09 1.03459408e+09 1.03459412e+09
 1.03459416e+09 1.03459420e+09 1.03459423e+09 1.03459427e+09
 1.03459431e+09 1.03459435e+09 1.03459439e+09 1.03459443e+09
 1.03459447e+09 1.03459451e+09 1.03459455e+09 1.03459459e+09
 1.03459463e+09 1.03459467e+09 1.03459471e+09 1.03459474e+09
 1.03459478e+09 1.03459482e+09 1.03459486e+09 1.03459490e+09
 1.03459494e+09 1.03459498e+09 1.03459502e+09 1.03459506e+09
 1.03459510e+09 1.03459514e+09 1.03459518e+09 1.03459522e+09
 1.03459525e+09 1.03459529e+09 1.03459533e+09 1.03459537e+09
 1.03459541e+09 1.03459545e+09 1.03459549e+09 1.03459553e+09
 1.03459557e+09 1.03459561e+09 1.03459565e+09 1.03459569e+09
 1.03459573e+09 1.03459576e+09 1.03459580e+09 1.03459584e+09
 1.03459588e+09 1.03459592e+09 1.03459596e+09 1.03459600e+09
 1.03459604e+09 1.03459608e+09 1.03459612e+09 1.03459616e+09
 1.03459620e+09 1.03459624e+09 1.03459627e+09 1.03459631e+09
 1.03459635e+09 1.03459639e+09 1.03459643e+09 1.03459647e+09
 1.03459651e+09 1.03459655e+09 1.03459659e+09 1.03459663e+09
 1.03459667e+09 1.03459671e+09 1.03459675e+09 1.03459678e+09
 1.03459682e+09 1.03459686e+09 1.03459690e+09 1.03459694e+09
 1.03459698e+09 1.03459702e+09 1.03459706e+09 1.03459710e+09
 1.03459714e+09 1.03459718e+09 1.03459722e+09 1.03459725e+09
 1.03459729e+09 1.03459733e+09 1.03459737e+09 1.03459741e+09
 1.03459745e+09 1.03459749e+09 1.03459753e+09 1.03459757e+09
 1.03459761e+09 1.03459765e+09 1.03459769e+09 1.03459773e+09
 1.03459776e+09 1.03459780e+09 1.03459784e+09 1.03459788e+09
 1.03459792e+09 1.03459796e+09 1.03459800e+09 1.03459804e+09
 1.03459808e+09 1.03459812e+09 1.03459816e+09 1.03459820e+09
 1.03459824e+09 1.03459827e+09 1.03459831e+09 1.03459835e+09
 1.03459839e+09 1.03459843e+09 1.03459847e+09 1.03459851e+09
 1.03459855e+09 1.03459859e+09 1.03459863e+09 1.03459867e+09
 1.03459871e+09 1.03459875e+09 1.03459878e+09 1.03459882e+09
 1.03459886e+09 1.03459890e+09 1.03459894e+09 1.03459898e+09
 1.03459902e+09 1.03459906e+09 1.03459910e+09 1.03459914e+09
 1.03459918e+09 1.03459922e+09 1.03459926e+09 1.03459929e+09
 1.03459933e+09 1.03459937e+09 1.03459941e+09 1.03459945e+09
 1.03459949e+09 1.03459953e+09 1.03459957e+09 1.03459961e+09
 1.03459965e+09 1.03459969e+09 1.03459973e+09 1.03459976e+09
 1.03459980e+09 1.03459984e+09 1.03459988e+09 1.03459992e+09
 1.03459996e+09 1.03460000e+09 1.03460004e+09 1.03460008e+09
 1.03460012e+09 1.03460016e+09 1.03460020e+09 1.03460024e+09
 1.03460027e+09 1.03460031e+09 1.03460035e+09 1.03460039e+09
 1.03460043e+09 1.03460047e+09 1.03460051e+09 1.03460055e+09
 1.03460059e+09 1.03460063e+09 1.03460067e+09 1.03460071e+09
 1.03460075e+09 1.03460078e+09 1.03460082e+09 1.03460086e+09
 1.03460090e+09 1.03460094e+09 1.03460098e+09 1.03460102e+09
 1.03460106e+09 1.03460110e+09 1.03460114e+09 1.03460118e+09
 1.03460122e+09 1.03460126e+09 1.03460129e+09 1.03460133e+09
 1.03460137e+09 1.03460141e+09 1.03460145e+09 1.03460149e+09
 1.03460153e+09 1.03460157e+09 1.03460161e+09 1.03460165e+09
 1.03460169e+09 1.03460173e+09 1.03460177e+09 1.03460180e+09
 1.03460184e+09 1.03460188e+09 1.03460192e+09 1.03460196e+09
 1.03460200e+09 1.03460204e+09 1.03460208e+09 1.03460212e+09
 1.03460216e+09 1.03460220e+09 1.03460224e+09 1.03460227e+09
 1.03460231e+09 1.03460235e+09 1.03460239e+09 1.03460243e+09
 1.03460247e+09 1.03460251e+09 1.03460255e+09 1.03460259e+09
 1.03460263e+09 1.03460267e+09 1.03460271e+09 1.03460275e+09
 1.03460278e+09 1.03460282e+09 1.03460286e+09 1.03460290e+09
 1.03460294e+09 1.03460298e+09 1.03460302e+09 1.03460306e+09
 1.03460310e+09 1.03460314e+09 1.03460318e+09 1.03460322e+09
 1.03460326e+09 1.03460329e+09 1.03460333e+09 1.03460337e+09
 1.03460341e+09 1.03460345e+09 1.03460349e+09 1.03460353e+09
 1.03460357e+09 1.03460361e+09 1.03460365e+09 1.03460369e+09
 1.03460373e+09 1.03460377e+09 1.03460380e+09 1.03460384e+09
 1.03460388e+09 1.03460392e+09 1.03460396e+09 1.03460400e+09
 1.03460404e+09 1.03460408e+09 1.03460412e+09 1.03460416e+09
 1.03460420e+09 1.03460424e+09 1.03460428e+09 1.03460431e+09
 1.03460435e+09 1.03460439e+09 1.03460443e+09 1.03460447e+09
 1.03460451e+09 1.03460455e+09 1.03460459e+09 1.03460463e+09
 1.03460467e+09 1.03460471e+09 1.03460475e+09 1.03460478e+09
 1.03460482e+09 1.03460486e+09 1.03460490e+09 1.03460494e+09
 1.03460498e+09 1.03460502e+09 1.03460506e+09 1.03460510e+09
 1.03460514e+09 1.03460518e+09 1.03460522e+09 1.03460526e+09
 1.03460529e+09 1.03460533e+09 1.03460537e+09 1.03460541e+09
 1.03460545e+09 1.03460549e+09 1.03460553e+09 1.03460557e+09
 1.03460561e+09 1.03460565e+09 1.03460569e+09 1.03460573e+09
 1.03460577e+09 1.03460580e+09 1.03460584e+09 1.03460588e+09
 1.03460592e+09 1.03460596e+09 1.03460600e+09 1.03460604e+09
 1.03460608e+09 1.03460612e+09 1.03460616e+09 1.03460620e+09
 1.03460624e+09 1.03460628e+09 1.03460631e+09 1.03460635e+09
 1.03460639e+09 1.03460643e+09 1.03460647e+09 1.03460651e+09
 1.03460655e+09 1.03460659e+09 1.03460663e+09 1.03460667e+09
 1.03460671e+09 1.03460675e+09 1.03460679e+09 1.03460682e+09
 1.03460686e+09 1.03460690e+09 1.03460694e+09 1.03460698e+09
 1.03460702e+09 1.03460706e+09 1.03460710e+09 1.03460714e+09
 1.03460718e+09 1.03460722e+09 1.03460726e+09 1.03460729e+09
 1.03460733e+09 1.03460737e+09 1.03460741e+09 1.03460745e+09
 1.03460749e+09 1.03460753e+09 1.03460757e+09 1.03460761e+09
 1.03460765e+09 1.03460769e+09 1.03460773e+09 1.03460777e+09
 1.03460780e+09 1.03460784e+09 1.03460788e+09 1.03460792e+09
 1.03460796e+09 1.03460800e+09 1.03460804e+09 1.03460808e+09
 1.03460812e+09 1.03460816e+09 1.03460820e+09 1.03460824e+09
 1.03460828e+09 1.03460831e+09 1.03460835e+09 1.03460839e+09
 1.03460843e+09 1.03460847e+09 1.03460851e+09 1.03460855e+09
 1.03460859e+09 1.03460863e+09 1.03460867e+09 1.03460871e+09
 1.03460875e+09 1.03460879e+09 1.03460882e+09 1.03460886e+09
 1.03460890e+09 1.03460894e+09 1.03460898e+09 1.03460902e+09
 1.03460906e+09 1.03460910e+09 1.03460914e+09 1.03460918e+09
 1.03460922e+09 1.03460926e+09 1.03460930e+09 1.03460933e+09
 1.03460937e+09 1.03460941e+09 1.03460945e+09 1.03460949e+09
 1.03460953e+09 1.03460957e+09 1.03460961e+09 1.03460965e+09
 1.03460969e+09 1.03460973e+09 1.03460977e+09 1.03460981e+09
 1.03460984e+09 1.03460988e+09 1.03460992e+09 1.03460996e+09
 1.03461000e+09 1.03461004e+09 1.03461008e+09 1.03461012e+09
 1.03461016e+09 1.03461020e+09 1.03461024e+09 1.03461028e+09
 1.03461031e+09 1.03461035e+09 1.03461039e+09 1.03461043e+09
 1.03461047e+09 1.03461051e+09 1.03461055e+09 1.03461059e+09
 1.03461063e+09 1.03461067e+09 1.03461071e+09 1.03461075e+09
 1.03461079e+09 1.03461082e+09 1.03461086e+09 1.03461090e+09
 1.03461094e+09 1.03461098e+09 1.03461102e+09 1.03461106e+09
 1.03461110e+09 1.03461114e+09 1.03461118e+09 1.03461122e+09
 1.03461126e+09 1.03461130e+09 1.03461133e+09 1.03461137e+09
 1.03461141e+09 1.03461145e+09 1.03461149e+09 1.03461153e+09
 1.03461157e+09 1.03461161e+09 1.03461165e+09 1.03461169e+09
 1.03461173e+09 1.03461177e+09 1.03461181e+09 1.03461184e+09
 1.03461188e+09 1.03461192e+09 1.03461196e+09 1.03461200e+09
 1.03461204e+09 1.03461208e+09 1.03461212e+09 1.03461216e+09
 1.03461220e+09 1.03461224e+09 1.03461228e+09 1.03461232e+09
 1.03461235e+09 1.03461239e+09 1.03461243e+09 1.03461247e+09
 1.03461251e+09 1.03461255e+09 1.03461259e+09 1.03461263e+09
 1.03461267e+09 1.03461271e+09 1.03461275e+09 1.03461279e+09
 1.03461282e+09 1.03461286e+09 1.03461290e+09 1.03461294e+09
 1.03461298e+09 1.03461302e+09 1.03461306e+09 1.03461310e+09
 1.03461314e+09 1.03461318e+09 1.03461322e+09 1.03461326e+09
 1.03461330e+09 1.03461333e+09 1.03461337e+09 1.03461341e+09
 1.03461345e+09 1.03461349e+09 1.03461353e+09 1.03461357e+09
 1.03461361e+09 1.03461365e+09 1.03461369e+09 1.03461373e+09
 1.03461377e+09 1.03461381e+09 1.03461384e+09 1.03461388e+09
 1.03461392e+09 1.03461396e+09 1.03461400e+09 1.03461404e+09
 1.03461408e+09 1.03461412e+09 1.03461416e+09 1.03461420e+09
 1.03461424e+09 1.03461428e+09 1.03461432e+09 1.03461435e+09
 1.03461439e+09 1.03461443e+09 1.03461447e+09 1.03461451e+09
 1.03461455e+09 1.03461459e+09 1.03461463e+09 1.03461467e+09
 1.03461471e+09 1.03461475e+09 1.03461479e+09 1.03461483e+09
 1.03461486e+09 1.03461490e+09 1.03461494e+09 1.03461498e+09
 1.03461502e+09 1.03461506e+09 1.03461510e+09 1.03461514e+09
 1.03461518e+09 1.03461522e+09 1.03461526e+09 1.03461530e+09
 1.03461533e+09 1.03461537e+09 1.03461541e+09 1.03461545e+09
 1.03461549e+09 1.03461553e+09 1.03461557e+09 1.03461561e+09
 1.03461565e+09 1.03461569e+09 1.03461573e+09 1.03461577e+09
 1.03461581e+09 1.03461584e+09 1.03461588e+09 1.03461592e+09
 1.03461596e+09 1.03461600e+09 1.03461604e+09 1.03461608e+09
 1.03461612e+09 1.03461616e+09 1.03461620e+09 1.03461624e+09
 1.03461628e+09 1.03461632e+09 1.03461635e+09 1.03461639e+09
 1.03461643e+09 1.03461647e+09 1.03461651e+09 1.03461655e+09
 1.03461659e+09 1.03461663e+09 1.03461667e+09 1.03461671e+09
 1.03461675e+09 1.03461679e+09 1.03461683e+09 1.03461686e+09
 1.03461690e+09 1.03461694e+09 1.03461698e+09 1.03461702e+09
 1.03461706e+09 1.03461710e+09 1.03461714e+09 1.03461718e+09
 1.03461722e+09 1.03461726e+09 1.03461730e+09 1.03461734e+09
 1.03461737e+09 1.03461741e+09 1.03461745e+09 1.03461749e+09
 1.03461753e+09 1.03461757e+09 1.03461761e+09 1.03461765e+09
 1.03461769e+09 1.03461773e+09 1.03461777e+09 1.03461781e+09
 1.03461784e+09 1.03461788e+09 1.03461792e+09 1.03461796e+09
 1.03461800e+09 1.03461804e+09 1.03461808e+09 1.03461812e+09
 1.03461816e+09 1.03461820e+09 1.03461824e+09 1.03461828e+09
 1.03461832e+09 1.03461835e+09 1.03461839e+09 1.03461843e+09
 1.03461847e+09 1.03461851e+09 1.03461855e+09 1.03461859e+09
 1.03461863e+09 1.03461867e+09 1.03461871e+09 1.03461875e+09
 1.03461879e+09 1.03461883e+09 1.03461886e+09 1.03461890e+09
 1.03461894e+09 1.03461898e+09 1.03461902e+09 1.03461906e+09
 1.03461910e+09 1.03461914e+09 1.03461918e+09 1.03461922e+09
 1.03461926e+09 1.03461930e+09 1.03461934e+09 1.03461937e+09
 1.03461941e+09 1.03461945e+09 1.03461949e+09 1.03461953e+09
 1.03461957e+09 1.03461961e+09 1.03461965e+09 1.03461969e+09
 1.03461973e+09 1.03461977e+09 1.03461981e+09 1.03461985e+09
 1.03461988e+09 1.03461992e+09 1.03461996e+09 1.03462000e+09
 1.03462004e+09 1.03462008e+09 1.03462012e+09 1.03462016e+09
 1.03462020e+09 1.03462024e+09 1.03462028e+09 1.03462032e+09
 1.03462035e+09 1.03462039e+09 1.03462043e+09 1.03462047e+09
 1.03462051e+09 1.03462055e+09 1.03462059e+09 1.03462063e+09
 1.03462067e+09 1.03462071e+09 1.03462075e+09 1.03462079e+09
 1.03462083e+09 1.03462086e+09 1.03462090e+09 1.03462094e+09
 1.03462098e+09 1.03462102e+09 1.03462106e+09 1.03462110e+09
 1.03462114e+09 1.03462118e+09 1.03462122e+09 1.03462126e+09
 1.03462130e+09 1.03462134e+09 1.03462137e+09 1.03462141e+09
 1.03462145e+09 1.03462149e+09 1.03462153e+09 1.03462157e+09
 1.03462161e+09 1.03462165e+09 1.03462169e+09 1.03462173e+09
 1.03462177e+09 1.03462181e+09 1.03462185e+09 1.03462188e+09
 1.03462192e+09 1.03462196e+09 1.03462200e+09 1.03462204e+09
 1.03462208e+09 1.03462212e+09 1.03462216e+09 1.03462220e+09
 1.03462224e+09 1.03462228e+09 1.03462232e+09 1.03462236e+09
 1.03462239e+09 1.03462243e+09 1.03462247e+09 1.03462251e+09
 1.03462255e+09 1.03462259e+09 1.03462263e+09 1.03462267e+09
 1.03462271e+09 1.03462275e+09 1.03462279e+09 1.03462283e+09
 1.03462287e+09 1.03462290e+09 1.03462294e+09 1.03462298e+09
 1.03462302e+09 1.03462306e+09 1.03462310e+09 1.03462314e+09
 1.03462318e+09 1.03462322e+09 1.03462326e+09 1.03462330e+09
 1.03462334e+09 1.03462337e+09 1.03462341e+09 1.03462345e+09
 1.03462349e+09 1.03462353e+09 1.03462357e+09 1.03462361e+09
 1.03462365e+09 1.03462369e+09 1.03462373e+09 1.03462377e+09
 1.03462381e+09 1.03462385e+09 1.03462388e+09 1.03462392e+09
 1.03462396e+09 1.03462400e+09 1.03462404e+09 1.03462408e+09
 1.03462412e+09 1.03462416e+09 1.03462420e+09 1.03462424e+09
 1.03462428e+09 1.03462432e+09 1.03462436e+09 1.03462439e+09
 1.03462443e+09 1.03462447e+09 1.03462451e+09 1.03462455e+09
 1.03462459e+09 1.03462463e+09 1.03462467e+09 1.03462471e+09
 1.03462475e+09 1.03462479e+09 1.03462483e+09 1.03462487e+09]
minRes = 0.6184095844525486
minResTime =  [1.03462487e+09]
