name =JUICE_ROI_CAL_4_6_01
flyby =  ['2033 MAR 04 14:44:09', '2033 MAR 05 14:44:09']
Observation TW =  <SpiceCell dtype = 1, length = 0, size = 3400, card = 14, is_set = 1, adjust = 0, init = 1, base = 2554796507664, data = 2554796507712>
Res(t) =  [3.42930543 3.42587437 3.4224434  3.4190125  3.41558168 3.41215095
 3.40872029 3.40528971 3.40185921 3.39842879 3.39499845 3.39156819
 3.388138   3.3847079  3.38127787 3.37784793 3.37441806 3.37098827
 3.36755856 3.36412893 3.36069938 3.3572699  3.35384051 3.35041119
 3.34698195 3.34355279 3.34012371 3.3366947  3.33326578 3.32983693
 3.32640816 3.32297947 3.31955085 3.31612232 3.31269386 3.30926548
 3.30583717 3.30240895 3.2989808  3.29555273 3.29212474 3.28869682
 3.28526898 3.28184122 3.27841354 3.27498593 3.27155841 3.26813095
 3.26470358 3.26127628 3.25784906 3.25442192 3.25099485 3.24756786
 3.24414094 3.24071411 3.23728735 3.23386066 3.23043406 3.22700753
 3.22358107 3.22015469 3.21672839 3.21330216 3.20987602 3.20644994
 3.20302394 3.19959802 3.19617218 3.19274641 3.18932071 3.18589509
 3.18246955 3.17904409 3.17561869 3.17219338 3.16876814 3.16534297
 3.16191788 3.15849287 3.15506793 3.15164307 3.14821828 3.14479356
 3.14136893 3.13794436 3.13451987 3.13109546 3.12767112 3.12424686
 3.12082267 3.11739855 3.11397451 3.11055054 3.10712665 3.10370283
 3.10027909 3.09685542 3.09343183 3.09000831 3.08658486 3.08316149
 3.07973819 3.07631496 3.07289181 3.06946874 3.06604573 3.0626228
 3.05919995 3.05577716 3.05235446 3.04893182 3.04550926 3.04208677
 3.03866435 3.03524201 3.03181974 3.02839755 3.02497542 3.02155337
 3.01813139 3.01470949 3.01128766 3.0078659  3.00444421 3.0010226
 2.99760106 2.99417959 2.99075819 2.98733687 2.98391561 2.98049444
 2.97707333 2.97365229 2.97023133 2.96681044 2.96338962 2.95996887
 2.95654819 2.95312759 2.94970706 2.9462866  2.94286621 2.93944589
 2.93602564 2.93260547 2.92918537 2.92576533 2.92234537 2.91892548
 2.91550566 2.91208591 2.90866624 2.90524663 2.9018271  2.89840763
 2.89498824 2.89156891 2.88814966 2.88473048 2.88131137 2.87789233
 2.87447335 2.87105445 2.86763562 2.86421686 2.86079817 2.85737955
 2.853961   2.85054252 2.84712411 2.84370577 2.8402875  2.8368693
 2.83345116 2.8300331  2.82661511 2.82319718 2.81977933 2.81636154
 2.81294383 2.80952618 2.8061086  2.80269109 2.79927365 2.79585628
 2.79243898 2.78902175 2.78560458 2.78218749 2.77877046 2.7753535
 2.77193661 2.76851979 2.76510303 2.76168635 2.75826973 2.75485318
 2.7514367  2.74802028 2.74460394 2.74118766 2.73777145 2.73435531
 2.73093923 2.72752322 2.72410728 2.72069141 2.71727561 2.71385987
 2.7104442  2.7070286  2.70361306 2.70019759 2.69678219 2.69336685
 2.68995159 2.68653638 2.68312125 2.67970618 2.67629118 2.67287624
 2.66946138 2.66604657 2.66263184 2.65921717 2.65580256 2.65238803
 2.64897356 2.64555915 2.64214481 2.63873054 2.63531633 2.63190219
 2.62848811 2.6250741  2.62166016 2.61824628 2.61483246 2.61141871
 2.60800503 2.60459141 2.60117786 2.59776437 2.59435094 2.59093759
 2.58752429 2.58411106 2.5806979  2.5772848  2.57387176 2.57045879
 2.56704589 2.56363305 2.56022027 2.55680755 2.55339491 2.54998232
 2.5465698  2.54315734 2.53974495 2.53633262 2.53292035 2.52950815
 2.52609601 2.52268394 2.51927193 2.51585998 2.5124481  2.50903627
 2.50562452 2.50221282 2.49880119 2.49538962 2.49197811 2.48856667
 2.48515529 2.48174397 2.47833272 2.47492153 2.4715104  2.46809933
 2.46468832 2.46127738 2.4578665  2.45445568 2.45104492 2.44763423
 2.4442236  2.44081303 2.43740252 2.43399207 2.43058168 2.42717136
 2.4237611  2.4203509  2.41694076 2.41353068 2.41012066 2.40671071
 2.40330081 2.39989098 2.3964812  2.39307149 2.38966184 2.38625225
 2.38284272 2.37943325 2.37602384 2.37261449 2.3692052  2.36579597
 2.36238681 2.3589777  2.35556865 2.35215966 2.34875074 2.34534187
 2.34193306 2.33852431 2.33511562 2.33170699 2.32829842 2.32488991
 2.32148146 2.31807307 2.31466474 2.31125646 2.30784825 2.30444009
 2.301032   2.29762396 2.29421598 2.29080806 2.2874002  2.2839924
 2.28058465 2.27717696 2.27376934 2.27036177 2.26695425 2.2635468
 2.2601394  2.25673207 2.25332479 2.24991756 2.2465104  2.24310329
 2.23969624 2.23628925 2.23288232 2.22947544 2.22606862 2.22266186
 2.21925515 2.2158485  2.21244191 2.20903538 2.2056289  2.20222248
 2.19881611 2.1954098  2.19200355 2.18859736 2.18519122 2.18178513
 2.17837911 2.17497314 2.17156722 2.16816136 2.16475556 2.16134981
 2.15794412 2.15453849 2.15113291 2.14772738 2.14432191 2.1409165
 2.13751114 2.13410584 2.13070059 2.1272954  2.12389026 2.12048518
 2.11708015 2.11367517 2.11027025 2.10686539 2.10346058 2.10005582
 2.09665112 2.09324647 2.08984188 2.08643734 2.08303286 2.07962843
 2.07622405 2.07281972 2.06941545 2.06601124 2.06260708 2.05920297
 2.05579891 2.05239491 2.04899096 2.04558706 2.04218322 2.03877943
 2.03537569 2.03197201 2.02856838 2.0251648  2.02176127 2.0183578
 2.01495437 2.011551   2.00814769 2.00474442 2.00134121 1.99793805
 1.99453494 1.99113188 1.98772888 1.98432593 1.98092302 1.97752017
 1.97411737 1.97071463 1.96731193 1.96390929 1.96050669 1.95710415
 1.95370166 1.95029922 1.94689683 1.94349449 1.9400922  1.93668996
 1.93328777 1.92988563 1.92648355 1.92308151 1.91967952 1.91627759
 1.9128757  1.90947386 1.90607208 1.90267034 1.89926865 1.89586702
 1.89246543 1.88906389 1.8856624  1.88226096 1.87885957 1.87545822
 1.87205693 1.86865569 1.86525449 1.86185335 1.85845225 1.8550512
 1.8516502  1.84824924 1.84484834 1.84144749 1.83804668 1.83464592
 1.83124521 1.82784454 1.82444393 1.82104336 1.81764284 1.81424237
 1.81084194 1.80744156 1.80404123 1.80064095 1.79724071 1.79384052
 1.79044038 1.78704029 1.78364024 1.78024024 1.77684028 1.77344037
 1.77004051 1.7666407  1.76324093 1.7598412  1.75644153 1.7530419
 1.74964231 1.74624277 1.74284328 1.73944383 1.73604443 1.73264508
 1.72924577 1.7258465  1.72244728 1.71904811 1.71564898 1.71224989
 1.70885085 1.70545186 1.70205291 1.69865401 1.69525515 1.69185633
 1.68845756 1.68505883 1.68166015 1.67826151 1.67486292 1.67146437
 1.66806586 1.6646674  1.66126898 1.65787061 1.65447227 1.65107399
 1.64767574 1.64427754 1.64087938 1.63748127 1.6340832  1.63068517
 1.62728719 1.62388924 1.62049134 1.61709349 1.61369567 1.6102979
 1.60690017 1.60350248 1.60010484 1.59670724 1.59330968 1.58991216
 1.58651468 1.58311725 1.57971985 1.5763225  1.57292519 1.56952792
 1.5661307  1.56273351 1.55933637 1.55593927 1.5525422  1.54914518
 1.5457482  1.54235126 1.53895436 1.53555751 1.53216069 1.52876391
 1.52536718 1.52197048 1.51857382 1.51517721 1.51178063 1.5083841
 1.5049876  1.50159115 1.49819473 1.49479835 1.49140202 1.48800572
 1.48460946 1.48121324 1.47781706 1.47442092 1.47102482 1.46762876
 1.46423274 1.46083675 1.45744081 1.4540449  1.45064903 1.4472532
 1.44385741 1.44046165 1.43706594 1.43367026 1.43027462 1.42687902
 1.42348346 1.42008794 1.41669245 1.413297   1.40990159 1.40650621
 1.40311088 1.39971558 1.39632031 1.39292509 1.3895299  1.38613475
 1.38273964 1.37934456 1.37594952 1.37255452 1.36915955 1.36576462
 1.36236973 1.35897487 1.35558005 1.35218526 1.34879052 1.3453958
 1.34200113 1.33860649 1.33521188 1.33181732 1.32842278 1.32502829
 1.32163382 1.3182394  1.31484501 1.31145065 1.30805633 1.30466205
 1.3012678  1.29787359 1.29447941 1.29108527 1.28769116 1.28429708
 1.28090304 1.27750904 1.27411507 1.27072113 1.26732723 1.26393337
 1.26053953 1.25714574 1.25375197 1.25035824 1.24696455 1.24357089
 1.24017726 1.23678367 1.23339011 1.22999658 1.22660309 1.22320963
 1.21981621 1.21642282 1.21302946 1.20963614 1.20624285 1.20284959
 1.19945637 1.19606318 1.19267002 1.18927689 1.1858838  1.18249075
 1.17909772 1.17570473 1.17231177 1.16891884 1.16552595 1.16213309
 1.15874026 1.15534747 1.1519547  1.14856197 1.14516928 1.14177661
 1.13838398 1.13499138 1.13159881 1.12820628 1.12481378 1.12142131
 1.11802887 1.11463646 1.11124409 1.10785175 1.10445944 1.10106716
 1.09767492 1.0942827  1.09089052 1.08749838 1.08410626 1.08071418
 1.07732212 1.0739301  1.07053811 1.06714616 1.06375423 1.06036234
 1.05697048 1.05357865 1.05018686 1.04679509 1.04340336 1.04001166
 1.03661999 1.03322836 1.02983675 1.02644518 1.02305364 1.01966214
 1.01627066 1.01287922 1.00948781 1.00609643 1.00270508 0.99931377
 0.99592248 0.99253123 0.98914002 0.98574883 0.98235768 0.97896656
 0.97557547 0.97218442 0.9687934  0.96540241 0.96201145 0.95862053
 0.95522964 0.95183878 0.94844796 0.94505717 0.94166641 0.93827569
 0.934885   0.93149434 0.92810372 0.92471313 0.92132257 0.91793205
 0.91454156 0.91115111 0.90776069 0.90437031 0.90097996 0.89758965
 0.89419937 0.89080912 0.88741892 0.88402874 0.88063861 0.8772485
 0.87385844 0.87046841 0.86707842 0.86368846 0.86029854 0.85690866
 0.85351882 0.85012901 0.84673924 0.84334951 0.83995981 0.83657016
 0.83318054 0.82979097 0.82640143 0.82301193 0.81962247 0.81623306
 0.81284368 0.80945434 0.80606505 0.80267579 0.79928658 0.79589741
 0.79250829 0.7891192  0.78573016 0.78234117 0.77895222 0.77556331
 0.77217445 0.76878563 0.76539686 0.76200814 0.75861946 0.75523083
 0.75184225 0.74845372 0.74506524 0.7416768  0.73828842 0.73490009
 0.73151181 0.72812358 0.72473541 0.72134729 0.71795922 0.71457121
 0.71118325 0.70779535 0.70440751 0.70101972 0.697632   0.69424433
 0.69085673 0.68746918 0.6840817  0.68069428 0.67730693 0.67391964
 0.67053241 0.66714526 0.66375817 0.66037115 0.6569842  0.65359733
 0.65021053 0.6468238  0.64343714 0.64005056 0.63666407 0.63327765
 0.62989131 0.62650505 0.62311887 0.61973279 0.61634678 0.61296087
 0.60957505 0.60618932 0.60280368 0.59941814 0.59603269 0.59264734
 0.5892621  0.58587695 0.58249192 0.57910699 0.57572217 0.57233746
 0.56895286 0.56556838 0.56218402 0.55879979 0.55541567 0.55203169
 0.54864783 0.5452641  0.54188051 0.53849706 0.53650088 0.53311753
 0.52973433 0.52635127 0.52296837 0.51958563 0.51620305 0.51282064
 0.5094384  0.50605633 0.50267444 0.49929273 0.49591121 0.49252988
 0.48914874 0.48576781 0.48238708 0.47900657 0.47562628 0.4722462
 0.46886636 0.46548675 0.46210738 0.45872827 0.4553494  0.4519708
 0.44859247 0.44521441 0.44183664 0.43845916 0.43508198 0.43170511
 0.42832855 0.42495233 0.42157644 0.4182009  0.41482571 0.41145089
 0.40807645 0.40470241 0.40132876 0.39795553 0.39458272 0.39121036
 0.38783845 0.38446702 0.38109606 0.37772561 0.37435567 0.37098627
 0.36761742 0.36424913 0.36088144 0.35751436 0.3541479  0.3507821
 0.34741697 0.34405254 0.34068884 0.33732588 0.3339637  0.33060233
 0.32724179 0.32388211 0.32052333 0.31716549 0.31380861 0.31045274
 0.30709791 0.30374417 0.30039155 0.29704012 0.2936899  0.29034096
 0.28699334 0.2836471  0.2803023  0.27695901 0.27361728 0.27027719
 0.26693881 0.26360221 0.26026748 0.2569347  0.25360396 0.25027537
 0.24694902 0.24362501 0.24030348 0.23698454 0.23366831 0.23035494
 0.22704458 0.22373739 0.22043353 0.21713318 0.21383654 0.21054381
 0.20725522 0.20397101 0.20069142 0.19741673 0.19414725 0.19088329
 0.18762519 0.18437333 0.18112812 0.17788999 0.17465942 0.17143693
 0.16822308 0.1650185  0.16182385 0.15863989 0.15546741 0.15230733
 0.14916062 0.14602839 0.14291183 0.13981229 0.13673127 0.13367044
 0.13063168 0.12761708 0.12462903 0.12167021 0.11874366 0.11585288
 0.11300183 0.1101951  0.10743799 0.10473664 0.10209827 0.09953131
 0.09704581 0.09465373 0.09236945 0.09021047 0.08819827 0.08635955
 0.08472797 0.08334663 0.08227186 0.08157892 0.08137125 0.08179611
 0.08307243 0.0855448  0.08979835 0.09693779]
t =  [1.04683232e+09 1.04683236e+09 1.04683240e+09 1.04683245e+09
 1.04683249e+09 1.04683253e+09 1.04683257e+09 1.04683262e+09
 1.04683266e+09 1.04683270e+09 1.04683274e+09 1.04683279e+09
 1.04683283e+09 1.04683287e+09 1.04683291e+09 1.04683296e+09
 1.04683300e+09 1.04683304e+09 1.04683308e+09 1.04683313e+09
 1.04683317e+09 1.04683321e+09 1.04683325e+09 1.04683330e+09
 1.04683334e+09 1.04683338e+09 1.04683342e+09 1.04683347e+09
 1.04683351e+09 1.04683355e+09 1.04683360e+09 1.04683364e+09
 1.04683368e+09 1.04683372e+09 1.04683377e+09 1.04683381e+09
 1.04683385e+09 1.04683389e+09 1.04683394e+09 1.04683398e+09
 1.04683402e+09 1.04683406e+09 1.04683411e+09 1.04683415e+09
 1.04683419e+09 1.04683423e+09 1.04683428e+09 1.04683432e+09
 1.04683436e+09 1.04683440e+09 1.04683445e+09 1.04683449e+09
 1.04683453e+09 1.04683457e+09 1.04683462e+09 1.04683466e+09
 1.04683470e+09 1.04683474e+09 1.04683479e+09 1.04683483e+09
 1.04683487e+09 1.04683491e+09 1.04683496e+09 1.04683500e+09
 1.04683504e+09 1.04683508e+09 1.04683513e+09 1.04683517e+09
 1.04683521e+09 1.04683526e+09 1.04683530e+09 1.04683534e+09
 1.04683538e+09 1.04683543e+09 1.04683547e+09 1.04683551e+09
 1.04683555e+09 1.04683560e+09 1.04683564e+09 1.04683568e+09
 1.04683572e+09 1.04683577e+09 1.04683581e+09 1.04683585e+09
 1.04683589e+09 1.04683594e+09 1.04683598e+09 1.04683602e+09
 1.04683606e+09 1.04683611e+09 1.04683615e+09 1.04683619e+09
 1.04683623e+09 1.04683628e+09 1.04683632e+09 1.04683636e+09
 1.04683640e+09 1.04683645e+09 1.04683649e+09 1.04683653e+09
 1.04683657e+09 1.04683662e+09 1.04683666e+09 1.04683670e+09
 1.04683674e+09 1.04683679e+09 1.04683683e+09 1.04683687e+09
 1.04683692e+09 1.04683696e+09 1.04683700e+09 1.04683704e+09
 1.04683709e+09 1.04683713e+09 1.04683717e+09 1.04683721e+09
 1.04683726e+09 1.04683730e+09 1.04683734e+09 1.04683738e+09
 1.04683743e+09 1.04683747e+09 1.04683751e+09 1.04683755e+09
 1.04683760e+09 1.04683764e+09 1.04683768e+09 1.04683772e+09
 1.04683777e+09 1.04683781e+09 1.04683785e+09 1.04683789e+09
 1.04683794e+09 1.04683798e+09 1.04683802e+09 1.04683806e+09
 1.04683811e+09 1.04683815e+09 1.04683819e+09 1.04683823e+09
 1.04683828e+09 1.04683832e+09 1.04683836e+09 1.04683840e+09
 1.04683845e+09 1.04683849e+09 1.04683853e+09 1.04683858e+09
 1.04683862e+09 1.04683866e+09 1.04683870e+09 1.04683875e+09
 1.04683879e+09 1.04683883e+09 1.04683887e+09 1.04683892e+09
 1.04683896e+09 1.04683900e+09 1.04683904e+09 1.04683909e+09
 1.04683913e+09 1.04683917e+09 1.04683921e+09 1.04683926e+09
 1.04683930e+09 1.04683934e+09 1.04683938e+09 1.04683943e+09
 1.04683947e+09 1.04683951e+09 1.04683955e+09 1.04683960e+09
 1.04683964e+09 1.04683968e+09 1.04683972e+09 1.04683977e+09
 1.04683981e+09 1.04683985e+09 1.04683989e+09 1.04683994e+09
 1.04683998e+09 1.04684002e+09 1.04684006e+09 1.04684011e+09
 1.04684015e+09 1.04684019e+09 1.04684024e+09 1.04684028e+09
 1.04684032e+09 1.04684036e+09 1.04684041e+09 1.04684045e+09
 1.04684049e+09 1.04684053e+09 1.04684058e+09 1.04684062e+09
 1.04684066e+09 1.04684070e+09 1.04684075e+09 1.04684079e+09
 1.04684083e+09 1.04684087e+09 1.04684092e+09 1.04684096e+09
 1.04684100e+09 1.04684104e+09 1.04684109e+09 1.04684113e+09
 1.04684117e+09 1.04684121e+09 1.04684126e+09 1.04684130e+09
 1.04684134e+09 1.04684138e+09 1.04684143e+09 1.04684147e+09
 1.04684151e+09 1.04684155e+09 1.04684160e+09 1.04684164e+09
 1.04684168e+09 1.04684172e+09 1.04684177e+09 1.04684181e+09
 1.04684185e+09 1.04684190e+09 1.04684194e+09 1.04684198e+09
 1.04684202e+09 1.04684207e+09 1.04684211e+09 1.04684215e+09
 1.04684219e+09 1.04684224e+09 1.04684228e+09 1.04684232e+09
 1.04684236e+09 1.04684241e+09 1.04684245e+09 1.04684249e+09
 1.04684253e+09 1.04684258e+09 1.04684262e+09 1.04684266e+09
 1.04684270e+09 1.04684275e+09 1.04684279e+09 1.04684283e+09
 1.04684287e+09 1.04684292e+09 1.04684296e+09 1.04684300e+09
 1.04684304e+09 1.04684309e+09 1.04684313e+09 1.04684317e+09
 1.04684321e+09 1.04684326e+09 1.04684330e+09 1.04684334e+09
 1.04684338e+09 1.04684343e+09 1.04684347e+09 1.04684351e+09
 1.04684356e+09 1.04684360e+09 1.04684364e+09 1.04684368e+09
 1.04684373e+09 1.04684377e+09 1.04684381e+09 1.04684385e+09
 1.04684390e+09 1.04684394e+09 1.04684398e+09 1.04684402e+09
 1.04684407e+09 1.04684411e+09 1.04684415e+09 1.04684419e+09
 1.04684424e+09 1.04684428e+09 1.04684432e+09 1.04684436e+09
 1.04684441e+09 1.04684445e+09 1.04684449e+09 1.04684453e+09
 1.04684458e+09 1.04684462e+09 1.04684466e+09 1.04684470e+09
 1.04684475e+09 1.04684479e+09 1.04684483e+09 1.04684487e+09
 1.04684492e+09 1.04684496e+09 1.04684500e+09 1.04684504e+09
 1.04684509e+09 1.04684513e+09 1.04684517e+09 1.04684522e+09
 1.04684526e+09 1.04684530e+09 1.04684534e+09 1.04684539e+09
 1.04684543e+09 1.04684547e+09 1.04684551e+09 1.04684556e+09
 1.04684560e+09 1.04684564e+09 1.04684568e+09 1.04684573e+09
 1.04684577e+09 1.04684581e+09 1.04684585e+09 1.04684590e+09
 1.04684594e+09 1.04684598e+09 1.04684602e+09 1.04684607e+09
 1.04684611e+09 1.04684615e+09 1.04684619e+09 1.04684624e+09
 1.04684628e+09 1.04684632e+09 1.04684636e+09 1.04684641e+09
 1.04684645e+09 1.04684649e+09 1.04684653e+09 1.04684658e+09
 1.04684662e+09 1.04684666e+09 1.04684670e+09 1.04684675e+09
 1.04684679e+09 1.04684683e+09 1.04684688e+09 1.04684692e+09
 1.04684696e+09 1.04684700e+09 1.04684705e+09 1.04684709e+09
 1.04684713e+09 1.04684717e+09 1.04684722e+09 1.04684726e+09
 1.04684730e+09 1.04684734e+09 1.04684739e+09 1.04684743e+09
 1.04684747e+09 1.04684751e+09 1.04684756e+09 1.04684760e+09
 1.04684764e+09 1.04684768e+09 1.04684773e+09 1.04684777e+09
 1.04684781e+09 1.04684785e+09 1.04684790e+09 1.04684794e+09
 1.04684798e+09 1.04684802e+09 1.04684807e+09 1.04684811e+09
 1.04684815e+09 1.04684819e+09 1.04684824e+09 1.04684828e+09
 1.04684832e+09 1.04684836e+09 1.04684841e+09 1.04684845e+09
 1.04684849e+09 1.04684853e+09 1.04684858e+09 1.04684862e+09
 1.04684866e+09 1.04684871e+09 1.04684875e+09 1.04684879e+09
 1.04684883e+09 1.04684888e+09 1.04684892e+09 1.04684896e+09
 1.04684900e+09 1.04684905e+09 1.04684909e+09 1.04684913e+09
 1.04684917e+09 1.04684922e+09 1.04684926e+09 1.04684930e+09
 1.04684934e+09 1.04684939e+09 1.04684943e+09 1.04684947e+09
 1.04684951e+09 1.04684956e+09 1.04684960e+09 1.04684964e+09
 1.04684968e+09 1.04684973e+09 1.04684977e+09 1.04684981e+09
 1.04684985e+09 1.04684990e+09 1.04684994e+09 1.04684998e+09
 1.04685002e+09 1.04685007e+09 1.04685011e+09 1.04685015e+09
 1.04685019e+09 1.04685024e+09 1.04685028e+09 1.04685032e+09
 1.04685037e+09 1.04685041e+09 1.04685045e+09 1.04685049e+09
 1.04685054e+09 1.04685058e+09 1.04685062e+09 1.04685066e+09
 1.04685071e+09 1.04685075e+09 1.04685079e+09 1.04685083e+09
 1.04685088e+09 1.04685092e+09 1.04685096e+09 1.04685100e+09
 1.04685105e+09 1.04685109e+09 1.04685113e+09 1.04685117e+09
 1.04685122e+09 1.04685126e+09 1.04685130e+09 1.04685134e+09
 1.04685139e+09 1.04685143e+09 1.04685147e+09 1.04685151e+09
 1.04685156e+09 1.04685160e+09 1.04685164e+09 1.04685168e+09
 1.04685173e+09 1.04685177e+09 1.04685181e+09 1.04685185e+09
 1.04685190e+09 1.04685194e+09 1.04685198e+09 1.04685203e+09
 1.04685207e+09 1.04685211e+09 1.04685215e+09 1.04685220e+09
 1.04685224e+09 1.04685228e+09 1.04685232e+09 1.04685237e+09
 1.04685241e+09 1.04685245e+09 1.04685249e+09 1.04685254e+09
 1.04685258e+09 1.04685262e+09 1.04685266e+09 1.04685271e+09
 1.04685275e+09 1.04685279e+09 1.04685283e+09 1.04685288e+09
 1.04685292e+09 1.04685296e+09 1.04685300e+09 1.04685305e+09
 1.04685309e+09 1.04685313e+09 1.04685317e+09 1.04685322e+09
 1.04685326e+09 1.04685330e+09 1.04685334e+09 1.04685339e+09
 1.04685343e+09 1.04685347e+09 1.04685351e+09 1.04685356e+09
 1.04685360e+09 1.04685364e+09 1.04685369e+09 1.04685373e+09
 1.04685377e+09 1.04685381e+09 1.04685386e+09 1.04685390e+09
 1.04685394e+09 1.04685398e+09 1.04685403e+09 1.04685407e+09
 1.04685411e+09 1.04685415e+09 1.04685420e+09 1.04685424e+09
 1.04685428e+09 1.04685432e+09 1.04685437e+09 1.04685441e+09
 1.04685445e+09 1.04685449e+09 1.04685454e+09 1.04685458e+09
 1.04685462e+09 1.04685466e+09 1.04685471e+09 1.04685475e+09
 1.04685479e+09 1.04685483e+09 1.04685488e+09 1.04685492e+09
 1.04685496e+09 1.04685500e+09 1.04685505e+09 1.04685509e+09
 1.04685513e+09 1.04685517e+09 1.04685522e+09 1.04685526e+09
 1.04685530e+09 1.04685535e+09 1.04685539e+09 1.04685543e+09
 1.04685547e+09 1.04685552e+09 1.04685556e+09 1.04685560e+09
 1.04685564e+09 1.04685569e+09 1.04685573e+09 1.04685577e+09
 1.04685581e+09 1.04685586e+09 1.04685590e+09 1.04685594e+09
 1.04685598e+09 1.04685603e+09 1.04685607e+09 1.04685611e+09
 1.04685615e+09 1.04685620e+09 1.04685624e+09 1.04685628e+09
 1.04685632e+09 1.04685637e+09 1.04685641e+09 1.04685645e+09
 1.04685649e+09 1.04685654e+09 1.04685658e+09 1.04685662e+09
 1.04685666e+09 1.04685671e+09 1.04685675e+09 1.04685679e+09
 1.04685683e+09 1.04685688e+09 1.04685692e+09 1.04685696e+09
 1.04685701e+09 1.04685705e+09 1.04685709e+09 1.04685713e+09
 1.04685718e+09 1.04685722e+09 1.04685726e+09 1.04685730e+09
 1.04685735e+09 1.04685739e+09 1.04685743e+09 1.04685747e+09
 1.04685752e+09 1.04685756e+09 1.04685760e+09 1.04685764e+09
 1.04685769e+09 1.04685773e+09 1.04685777e+09 1.04685781e+09
 1.04685786e+09 1.04685790e+09 1.04685794e+09 1.04685798e+09
 1.04685803e+09 1.04685807e+09 1.04685811e+09 1.04685815e+09
 1.04685820e+09 1.04685824e+09 1.04685828e+09 1.04685832e+09
 1.04685837e+09 1.04685841e+09 1.04685845e+09 1.04685849e+09
 1.04685854e+09 1.04685858e+09 1.04685862e+09 1.04685867e+09
 1.04685871e+09 1.04685875e+09 1.04685879e+09 1.04685884e+09
 1.04685888e+09 1.04685892e+09 1.04685896e+09 1.04685901e+09
 1.04685905e+09 1.04685909e+09 1.04685913e+09 1.04685918e+09
 1.04685922e+09 1.04685926e+09 1.04685930e+09 1.04685935e+09
 1.04685939e+09 1.04685943e+09 1.04685947e+09 1.04685952e+09
 1.04685956e+09 1.04685960e+09 1.04685964e+09 1.04685969e+09
 1.04685973e+09 1.04685977e+09 1.04685981e+09 1.04685986e+09
 1.04685990e+09 1.04685994e+09 1.04685998e+09 1.04686003e+09
 1.04686007e+09 1.04686011e+09 1.04686015e+09 1.04686020e+09
 1.04686024e+09 1.04686028e+09 1.04686033e+09 1.04686037e+09
 1.04686041e+09 1.04686045e+09 1.04686050e+09 1.04686054e+09
 1.04686058e+09 1.04686062e+09 1.04686067e+09 1.04686071e+09
 1.04686075e+09 1.04686079e+09 1.04686084e+09 1.04686088e+09
 1.04686092e+09 1.04686096e+09 1.04686101e+09 1.04686105e+09
 1.04686109e+09 1.04686113e+09 1.04686118e+09 1.04686122e+09
 1.04686126e+09 1.04686130e+09 1.04686135e+09 1.04686139e+09
 1.04686143e+09 1.04686147e+09 1.04686152e+09 1.04686156e+09
 1.04686160e+09 1.04686164e+09 1.04686169e+09 1.04686173e+09
 1.04686177e+09 1.04686181e+09 1.04686186e+09 1.04686190e+09
 1.04686194e+09 1.04686199e+09 1.04686203e+09 1.04686207e+09
 1.04686211e+09 1.04686216e+09 1.04686220e+09 1.04686224e+09
 1.04686228e+09 1.04686233e+09 1.04686237e+09 1.04686241e+09
 1.04686245e+09 1.04686250e+09 1.04686254e+09 1.04686258e+09
 1.04686262e+09 1.04686267e+09 1.04686271e+09 1.04686275e+09
 1.04686279e+09 1.04686284e+09 1.04686288e+09 1.04686292e+09
 1.04686296e+09 1.04686301e+09 1.04686305e+09 1.04686309e+09
 1.04686313e+09 1.04686318e+09 1.04686322e+09 1.04686326e+09
 1.04686330e+09 1.04686335e+09 1.04686339e+09 1.04686343e+09
 1.04686347e+09 1.04686352e+09 1.04686356e+09 1.04686360e+09
 1.04686365e+09 1.04686369e+09 1.04686373e+09 1.04686377e+09
 1.04686382e+09 1.04686386e+09 1.04686390e+09 1.04686394e+09
 1.04686399e+09 1.04686403e+09 1.04686407e+09 1.04686411e+09
 1.04686416e+09 1.04686420e+09 1.04686424e+09 1.04686428e+09
 1.04686433e+09 1.04686437e+09 1.04686441e+09 1.04686445e+09
 1.04686450e+09 1.04686454e+09 1.04686458e+09 1.04686462e+09
 1.04686467e+09 1.04686471e+09 1.04686475e+09 1.04686479e+09
 1.04686484e+09 1.04686488e+09 1.04686492e+09 1.04686496e+09
 1.04686501e+09 1.04686505e+09 1.04686509e+09 1.04686513e+09
 1.04686518e+09 1.04686522e+09 1.04686526e+09 1.04686531e+09
 1.04686535e+09 1.04686539e+09 1.04686543e+09 1.04686548e+09
 1.04686552e+09 1.04686556e+09 1.04686560e+09 1.04686565e+09
 1.04686569e+09 1.04686573e+09 1.04686577e+09 1.04686582e+09
 1.04686586e+09 1.04686590e+09 1.04686594e+09 1.04686599e+09
 1.04686603e+09 1.04686607e+09 1.04686611e+09 1.04686616e+09
 1.04686620e+09 1.04686624e+09 1.04686628e+09 1.04686633e+09
 1.04686637e+09 1.04686641e+09 1.04686645e+09 1.04686650e+09
 1.04686654e+09 1.04686658e+09 1.04686662e+09 1.04686667e+09
 1.04686671e+09 1.04686675e+09 1.04686679e+09 1.04686684e+09
 1.04686688e+09 1.04686692e+09 1.04686697e+09 1.04686701e+09
 1.04686705e+09 1.04686709e+09 1.04686714e+09 1.04686718e+09
 1.04686722e+09 1.04686726e+09 1.04686731e+09 1.04686735e+09
 1.04686739e+09 1.04686743e+09 1.04686748e+09 1.04686752e+09
 1.04686756e+09 1.04686760e+09 1.04686765e+09 1.04686769e+09
 1.04686773e+09 1.04686777e+09 1.04686782e+09 1.04686786e+09
 1.04686790e+09 1.04686794e+09 1.04686799e+09 1.04686803e+09
 1.04686807e+09 1.04686811e+09 1.04686816e+09 1.04686820e+09
 1.04686824e+09 1.04686828e+09 1.04686833e+09 1.04686837e+09
 1.04686841e+09 1.04686845e+09 1.04686850e+09 1.04686854e+09
 1.04686858e+09 1.04686863e+09 1.04686867e+09 1.04686871e+09
 1.04686875e+09 1.04686880e+09 1.04686884e+09 1.04686888e+09
 1.04686892e+09 1.04686897e+09 1.04686901e+09 1.04686905e+09
 1.04686909e+09 1.04686914e+09 1.04686918e+09 1.04686922e+09
 1.04686926e+09 1.04686931e+09 1.04686935e+09 1.04686939e+09
 1.04686943e+09 1.04686948e+09 1.04686952e+09 1.04686956e+09
 1.04686960e+09 1.04686965e+09 1.04686969e+09 1.04686973e+09
 1.04686977e+09 1.04686982e+09 1.04686986e+09 1.04686990e+09
 1.04686994e+09 1.04686999e+09 1.04687003e+09 1.04687007e+09
 1.04687011e+09 1.04687016e+09 1.04687020e+09 1.04687024e+09
 1.04687029e+09 1.04687033e+09 1.04687037e+09 1.04687041e+09
 1.04687046e+09 1.04687050e+09 1.04687054e+09 1.04687058e+09
 1.04687063e+09 1.04687067e+09 1.04687071e+09 1.04687075e+09
 1.04687080e+09 1.04687084e+09 1.04687088e+09 1.04687092e+09
 1.04687097e+09 1.04687101e+09 1.04687105e+09 1.04687109e+09
 1.04687114e+09 1.04687118e+09 1.04687122e+09 1.04687126e+09
 1.04687131e+09 1.04687135e+09 1.04687139e+09 1.04687143e+09
 1.04687148e+09 1.04687152e+09 1.04687156e+09 1.04687160e+09
 1.04687165e+09 1.04687169e+09 1.04687173e+09 1.04687177e+09
 1.04687182e+09 1.04687186e+09 1.04687190e+09 1.04687195e+09
 1.04687199e+09 1.04687203e+09 1.04687207e+09 1.04687212e+09
 1.04687216e+09 1.04687220e+09 1.04687224e+09 1.04687229e+09
 1.04687233e+09 1.04687237e+09 1.04687241e+09 1.04687246e+09
 1.04687250e+09 1.04687254e+09 1.04687258e+09 1.04687263e+09
 1.04687267e+09 1.04687271e+09 1.04687275e+09 1.04687280e+09
 1.04687284e+09 1.04687288e+09 1.04687292e+09 1.04687297e+09
 1.04687301e+09 1.04687305e+09 1.04687309e+09 1.04687314e+09
 1.04687318e+09 1.04687322e+09 1.04687326e+09 1.04687331e+09
 1.04687335e+09 1.04687339e+09 1.04687343e+09 1.04687348e+09
 1.04687352e+09 1.04687356e+09 1.04687361e+09 1.04687365e+09
 1.04687369e+09 1.04687373e+09 1.04687378e+09 1.04687382e+09
 1.04687386e+09 1.04687390e+09 1.04687395e+09 1.04687399e+09
 1.04687403e+09 1.04687407e+09 1.04687412e+09 1.04687416e+09
 1.04687420e+09 1.04687424e+09 1.04687429e+09 1.04687433e+09
 1.04687437e+09 1.04687441e+09 1.04687446e+09 1.04687450e+09
 1.04687454e+09 1.04687458e+09 1.04687463e+09 1.04687467e+09
 1.04687471e+09 1.04687475e+09 1.04687480e+09 1.04687484e+09]
minRes = 0.08137125434774961
minResTime =  [1.04687463e+09]
