name =JUICE_ROI_CAL_6_1_02
flyby =  ['2032 AUG 14 10:09:17', '2032 AUG 15 10:09:17']
Observation TW =  <SpiceCell dtype = 1, length = 0, size = 2200, card = 2, is_set = 1, adjust = 0, init = 1, base = 2554803089456, data = 2554803089504>
Res(t) =  [2.16381754 2.16543663 2.1670557  2.16867474 2.17029375 2.17191274
 2.1735317  2.17515063 2.17676954 2.17838842 2.18000727 2.18162609
 2.18324488 2.18486364 2.18648238 2.18810108 2.18971976 2.1913384
 2.19295701 2.1945756  2.19619415 2.19781266 2.19943115 2.2010496
 2.20266802 2.20428641 2.20590476 2.20752308 2.20914137 2.21075962
 2.21237784 2.21399602 2.21561417 2.21723228 2.21885035 2.22046839
 2.22208639 2.22370435 2.22532228 2.22694017 2.22855802 2.23017583
 2.2317936  2.23341134 2.23502903 2.23664669 2.23826431 2.23988188
 2.24149942 2.24311692 2.24473437 2.24635179 2.24796916 2.24958649
 2.25120378 2.25282102 2.25443823 2.25605539 2.2576725  2.25928958
 2.26090661 2.26252359 2.26414054 2.26575743 2.26737429 2.26899109
 2.27060786 2.27222457 2.27384124 2.27545787 2.27707445 2.27869098
 2.28030746 2.2819239  2.28354029 2.28515663 2.28677293 2.28838917
 2.29000537 2.29162152 2.29323762 2.29485367 2.29646967 2.29808562
 2.29970153 2.30131738 2.30293318 2.30454893 2.30616463 2.30778028
 2.30939588 2.31101142 2.31262692 2.31424236 2.31585775 2.31747308
 2.31908837 2.3207036  2.32231878 2.3239339  2.32554897 2.32716399
 2.32877895 2.33039386 2.33200872 2.33362352 2.33523826 2.33685295
 2.33846759 2.34008216 2.34169669 2.34331115 2.34492556 2.34653992
 2.34815421 2.34976845 2.35138264 2.35299676 2.35461083 2.35622484
 2.35783879 2.35945269 2.36106653 2.3626803  2.36429402 2.36590768
 2.36752128 2.36913483 2.37074831 2.37236173 2.37397509 2.3755884
 2.37720164 2.37881482 2.38042794 2.382041   2.383654   2.38526694
 2.38687982 2.38849263 2.39010539 2.39171808 2.39333071 2.39494327
 2.39655578 2.39816822 2.3997806  2.40139291 2.40300517 2.40461736
 2.40622948 2.40784155 2.40945354 2.41106548 2.41267735 2.41428915
 2.4159009  2.41751257 2.41912418 2.42073573 2.42234721 2.42395863
 2.42556998 2.42718126 2.42879248 2.43040363 2.43201472 2.43362574
 2.43523669 2.43684758 2.4384584  2.44006915 2.44167984 2.44329045
 2.444901   2.44651149 2.4481219  2.44973225 2.45134253 2.45295274
 2.45456288 2.45617296 2.45778296 2.4593929  2.46100277 2.46261257
 2.4642223  2.46583196 2.46744155 2.46905107 2.47066052 2.4722699
 2.47387921 2.47548845 2.47709762 2.47870672 2.48031575 2.48192471
 2.48353359 2.48514241 2.48675115 2.48835983 2.48996843 2.49157696
 2.49318542 2.4947938  2.49640212 2.49801036 2.49961853 2.50122663
 2.50283465 2.5044426  2.50605048 2.50765829 2.50926602 2.51087368
 2.51248127 2.51408879 2.51569623 2.51730359 2.51891088 2.5205181
 2.52212525 2.52373232 2.52533931 2.52694624 2.52855308 2.53015986
 2.53176655 2.53337318 2.53497973 2.5365862  2.5381926  2.53979892
 2.54140517 2.54301134 2.54461743 2.54622345 2.5478294  2.54943526
 2.55104106 2.55264677 2.55425241 2.55585797 2.55746346 2.55906887
 2.5606742  2.56227946 2.56388464 2.56548974 2.56709477 2.56869971
 2.57030458 2.57190938 2.57351409 2.57511873 2.57672329 2.57832777
 2.57993217 2.5815365  2.58314075 2.58474492 2.58634901 2.58795302
 2.58955695 2.59116081 2.59276458 2.59436828 2.5959719  2.59757544
 2.5991789  2.60078228 2.60238558 2.6039888  2.60559194 2.60719501
 2.60879799 2.61040089 2.61200372 2.61360646 2.61520912 2.6168117
 2.61841421 2.62001663 2.62161897 2.62322123 2.62482341 2.62642551
 2.62802753 2.62962947 2.63123133 2.63283311 2.6344348  2.63603642
 2.63763795 2.6392394  2.64084077 2.64244206 2.64404327 2.64564439
 2.64724543 2.6488464  2.65044728 2.65204807 2.65364879 2.65524942
 2.65684997 2.65845044 2.66005083 2.66165113 2.66325135 2.66485149
 2.66645155 2.66805152 2.66965141 2.67125122 2.67285095 2.67445059
 2.67605015 2.67764962 2.67924901 2.68084832 2.68244755 2.68404669
 2.68564575 2.68724472 2.68884361 2.69044242 2.69204114 2.69363978
 2.69523834 2.69683681 2.69843519 2.7000335  2.70163172 2.70322985
 2.7048279  2.70642587 2.70802375 2.70962154 2.71121926 2.71281688
 2.71441443 2.71601188 2.71760926 2.71920654 2.72080375 2.72240086
 2.7239979  2.72559484 2.72719171 2.72878848 2.73038517 2.73198178
 2.7335783  2.73517474 2.73677109 2.73836735 2.73996353 2.74155962
 2.74315563 2.74475155 2.74634738 2.74794313 2.74953879 2.75113437
 2.75272986 2.75432526 2.75592058 2.75751581 2.75911096 2.76070601
 2.76230099 2.76389587 2.76549067 2.76708538 2.76868001 2.77027455
 2.771869   2.77346336 2.77505764 2.77665183 2.77824594 2.77983995
 2.78143388 2.78302773 2.78462148 2.78621515 2.78780873 2.78940223
 2.79099563 2.79258895 2.79418218 2.79577533 2.79736838 2.79896135
 2.80055423 2.80214703 2.80373973 2.80533235 2.80692488 2.80851732
 2.81010968 2.81170194 2.81329412 2.81488621 2.81647821 2.81807013
 2.81966195 2.82125369 2.82284534 2.8244369  2.82602837 2.82761975
 2.82921105 2.83080226 2.83239337 2.8339844  2.83557535 2.8371662
 2.83875696 2.84034764 2.84193822 2.84352872 2.84511913 2.84670945
 2.84829968 2.84988982 2.85147988 2.85306984 2.85465972 2.8562495
 2.8578392  2.85942881 2.86101833 2.86260775 2.86419709 2.86578635
 2.86737551 2.86896458 2.87055356 2.87214245 2.87373126 2.87531997
 2.8769086  2.87849713 2.88008558 2.88167393 2.8832622  2.88485038
 2.88643846 2.88802646 2.88961437 2.89120218 2.89278991 2.89437755
 2.8959651  2.89755256 2.89913992 2.9007272  2.90231439 2.90390149
 2.90548849 2.90707541 2.90866224 2.91024898 2.91183562 2.91342218
 2.91500865 2.91659502 2.91818131 2.91976751 2.92135361 2.92293963
 2.92452555 2.92611138 2.92769713 2.92928278 2.93086834 2.93245382
 2.9340392  2.93562449 2.93720969 2.9387948  2.94037982 2.94196474
 2.94354958 2.94513433 2.94671899 2.94830355 2.94988803 2.95147241
 2.9530567  2.9546409  2.95622501 2.95780904 2.95939296 2.9609768
 2.96256055 2.96414421 2.96572777 2.96731125 2.96889463 2.97047792
 2.97206112 2.97364423 2.97522725 2.97681018 2.97839302 2.97997576
 2.98155841 2.98314098 2.98472345 2.98630583 2.98788812 2.98947032
 2.99105242 2.99263444 2.99421636 2.99579819 2.99737993 2.99896158
 3.00054314 3.00212461 3.00370598 3.00528727 3.00686846 3.00844956
 3.01003057 3.01161149 3.01319231 3.01477305 3.01635369 3.01793424
 3.0195147  3.02109507 3.02267535 3.02425553 3.02583563 3.02741563
 3.02899554 3.03057536 3.03215508 3.03373472 3.03531426 3.03689371
 3.03847307 3.04005234 3.04163151 3.0432106  3.04478959 3.04636849
 3.0479473  3.04952602 3.05110464 3.05268317 3.05426162 3.05583997
 3.05741822 3.05899639 3.06057446 3.06215244 3.06373033 3.06530813
 3.06688584 3.06846345 3.07004097 3.0716184  3.07319574 3.07477298
 3.07635014 3.0779272  3.07950417 3.08108105 3.08265783 3.08423453
 3.08581113 3.08738764 3.08896405 3.09054038 3.09211661 3.09369275
 3.0952688  3.09684476 3.09842062 3.0999964  3.10157208 3.10314766
 3.10472316 3.10629856 3.10787388 3.1094491  3.11102422 3.11259926
 3.1141742  3.11574905 3.11732381 3.11889848 3.12047305 3.12204753
 3.12362192 3.12519622 3.12677043 3.12834454 3.12991856 3.13149249
 3.13306632 3.13464007 3.13621372 3.13778728 3.13936075 3.14093412
 3.14250741 3.1440806  3.14565369 3.1472267  3.14879961 3.15037244
 3.15194517 3.1535178  3.15509035 3.1566628  3.15823516 3.15980743
 3.1613796  3.16295169 3.16452368 3.16609558 3.16766738 3.1692391
 3.17081072 3.17238225 3.17395369 3.17552503 3.17709628 3.17866744
 3.18023851 3.18180949 3.18338037 3.18495116 3.18652186 3.18809247
 3.18966298 3.1912334  3.19280373 3.19437397 3.19594412 3.19751417
 3.19908413 3.200654   3.20222377 3.20379346 3.20536305 3.20693255
 3.20850196 3.21007127 3.21164049 3.21320962 3.21477866 3.21634761
 3.21791646 3.21948522 3.22105389 3.22262247 3.22419095 3.22575934
 3.22732764 3.22889585 3.23046397 3.23203199 3.23359992 3.23516776
 3.23673551 3.23830316 3.23987072 3.24143819 3.24300557 3.24457286
 3.24614005 3.24770715 3.24927416 3.25084108 3.2524079  3.25397463
 3.25554127 3.25710782 3.25867428 3.26024064 3.26180691 3.26337309
 3.26493918 3.26650517 3.26807108 3.26963689 3.27120261 3.27276823
 3.27433377 3.27589921 3.27746456 3.27902982 3.28059499 3.28216006
 3.28372504 3.28528993 3.28685473 3.28841944 3.28998405 3.29154858
 3.29311301 3.29467734 3.29624159 3.29780574 3.29936981 3.30093378
 3.30249766 3.30406144 3.30562514 3.30718874 3.30875225 3.31031567
 3.31187899 3.31344223 3.31500537 3.31656842 3.31813138 3.31969425
 3.32125702 3.32281971 3.3243823  3.3259448  3.32750721 3.32906952
 3.33063175 3.33219388 3.33375592 3.33531787 3.33687973 3.33844149
 3.34000317 3.34156475 3.34312624 3.34468764 3.34624895 3.34781016
 3.34937129 3.35093232 3.35249326 3.35405411 3.35561486 3.35717553
 3.3587361  3.36029658 3.36185698 3.36341727 3.36497748 3.3665376
 3.36809762 3.36965755 3.3712174  3.37277715 3.3743368  3.37589637
 3.37745585 3.37901523 3.38057452 3.38213372 3.38369283 3.38525185
 3.38681078 3.38836961 3.38992836 3.39148701 3.39304557 3.39460404
 3.39616242 3.39772071 3.3992789  3.40083701 3.40239502 3.40395294
 3.40551077 3.40706851 3.40862616 3.41018372 3.41174118 3.41329856
 3.41485584 3.41641303 3.41797013 3.41952715 3.42108406 3.42264089
 3.42419763 3.42575427 3.42731083 3.42886729 3.43042367 3.43197995
 3.43353614 3.43509224 3.43664825 3.43820416 3.43975999 3.44131573
 3.44287137 3.44442693 3.44598239 3.44753776 3.44909304 3.45064823
 3.45220333 3.45375834 3.45531326 3.45686809 3.45842282 3.45997747
 3.46153203 3.46308649 3.46464086 3.46619515 3.46774934 3.46930344
 3.47085745 3.47241137 3.4739652  3.47551894 3.47707259 3.47862615
 3.48017962 3.481733   3.48328628 3.48483948 3.48639258 3.4879456
 3.48949853 3.49105136 3.4926041  3.49415676 3.49570932 3.49726179
 3.49881418 3.50036647 3.50191867 3.50347078 3.5050228  3.50657474
 3.50812658 3.50967833 3.51122999 3.51278156 3.51433304 3.51588443
 3.51743573 3.51898694 3.52053806 3.52208909 3.52364003 3.52519088
 3.52674164 3.52829231 3.52984289 3.53139338 3.53294378 3.53449409
 3.53604431 3.53759444 3.53914448 3.54069443 3.54224429 3.54379406
 3.54534374 3.54689333 3.54844284 3.54999225 3.55154157 3.5530908
 3.55463994 3.556189   3.55773796 3.55928684 3.56083562 3.56238431
 3.56393292 3.56548144 3.56702986 3.5685782  3.57012644 3.5716746
 3.57322267 3.57477065 3.57631854 3.57786634 3.57941405 3.58096167
 3.5825092  3.58405665 3.585604   3.58715126 3.58869844 3.59024552
 3.59179252 3.59333943 3.59488625 3.59643297 3.59797961 3.59952617
 3.60107263 3.602619   3.60416528 3.60571148 3.60725758 3.6088036
 3.61034953 3.61189537 3.61344112 3.61498678 3.61653235 3.61807783
 3.61962323 3.62116853 3.62271375 3.62425888 3.62580392 3.62734887
 3.62889373 3.6304385  3.63198319 3.63352778 3.63507229 3.63661671
 3.63816104 3.63970528 3.64124943 3.6427935  3.64433747 3.64588136
 3.64742516 3.64896887 3.6505125  3.65205603 3.65359947 3.65514283
 3.6566861  3.65822928 3.65977237 3.66131538 3.6628583  3.66440112
 3.66594386 3.66748651 3.66902908 3.67057155 3.67211394 3.67365624
 3.67519845 3.67674057 3.67828261 3.67982456 3.68136642 3.68290819
 3.68444987 3.68599147 3.68753297 3.68907439 3.69061573 3.69215697
 3.69369813 3.6952392  3.69678018 3.69832107 3.69986188 3.70140259
 3.70294322 3.70448377 3.70602422 3.70756459 3.70910487 3.71064506
 3.71218517 3.71372519 3.71526512 3.71680496 3.71834472 3.71988438
 3.72142397 3.72296346 3.72450287 3.72604218 3.72758142 3.72912056
 3.73065962 3.73219859 3.73373747 3.73527627 3.73681498 3.7383536
 3.73989213 3.74143058 3.74296894 3.74450722]
t =  [1.02942021e+09 1.02942022e+09 1.02942023e+09 1.02942025e+09
 1.02942026e+09 1.02942027e+09 1.02942028e+09 1.02942030e+09
 1.02942031e+09 1.02942032e+09 1.02942034e+09 1.02942035e+09
 1.02942036e+09 1.02942037e+09 1.02942039e+09 1.02942040e+09
 1.02942041e+09 1.02942043e+09 1.02942044e+09 1.02942045e+09
 1.02942047e+09 1.02942048e+09 1.02942049e+09 1.02942050e+09
 1.02942052e+09 1.02942053e+09 1.02942054e+09 1.02942056e+09
 1.02942057e+09 1.02942058e+09 1.02942060e+09 1.02942061e+09
 1.02942062e+09 1.02942063e+09 1.02942065e+09 1.02942066e+09
 1.02942067e+09 1.02942069e+09 1.02942070e+09 1.02942071e+09
 1.02942073e+09 1.02942074e+09 1.02942075e+09 1.02942076e+09
 1.02942078e+09 1.02942079e+09 1.02942080e+09 1.02942082e+09
 1.02942083e+09 1.02942084e+09 1.02942085e+09 1.02942087e+09
 1.02942088e+09 1.02942089e+09 1.02942091e+09 1.02942092e+09
 1.02942093e+09 1.02942095e+09 1.02942096e+09 1.02942097e+09
 1.02942098e+09 1.02942100e+09 1.02942101e+09 1.02942102e+09
 1.02942104e+09 1.02942105e+09 1.02942106e+09 1.02942108e+09
 1.02942109e+09 1.02942110e+09 1.02942111e+09 1.02942113e+09
 1.02942114e+09 1.02942115e+09 1.02942117e+09 1.02942118e+09
 1.02942119e+09 1.02942121e+09 1.02942122e+09 1.02942123e+09
 1.02942124e+09 1.02942126e+09 1.02942127e+09 1.02942128e+09
 1.02942130e+09 1.02942131e+09 1.02942132e+09 1.02942133e+09
 1.02942135e+09 1.02942136e+09 1.02942137e+09 1.02942139e+09
 1.02942140e+09 1.02942141e+09 1.02942143e+09 1.02942144e+09
 1.02942145e+09 1.02942146e+09 1.02942148e+09 1.02942149e+09
 1.02942150e+09 1.02942152e+09 1.02942153e+09 1.02942154e+09
 1.02942156e+09 1.02942157e+09 1.02942158e+09 1.02942159e+09
 1.02942161e+09 1.02942162e+09 1.02942163e+09 1.02942165e+09
 1.02942166e+09 1.02942167e+09 1.02942169e+09 1.02942170e+09
 1.02942171e+09 1.02942172e+09 1.02942174e+09 1.02942175e+09
 1.02942176e+09 1.02942178e+09 1.02942179e+09 1.02942180e+09
 1.02942181e+09 1.02942183e+09 1.02942184e+09 1.02942185e+09
 1.02942187e+09 1.02942188e+09 1.02942189e+09 1.02942191e+09
 1.02942192e+09 1.02942193e+09 1.02942194e+09 1.02942196e+09
 1.02942197e+09 1.02942198e+09 1.02942200e+09 1.02942201e+09
 1.02942202e+09 1.02942204e+09 1.02942205e+09 1.02942206e+09
 1.02942207e+09 1.02942209e+09 1.02942210e+09 1.02942211e+09
 1.02942213e+09 1.02942214e+09 1.02942215e+09 1.02942217e+09
 1.02942218e+09 1.02942219e+09 1.02942220e+09 1.02942222e+09
 1.02942223e+09 1.02942224e+09 1.02942226e+09 1.02942227e+09
 1.02942228e+09 1.02942229e+09 1.02942231e+09 1.02942232e+09
 1.02942233e+09 1.02942235e+09 1.02942236e+09 1.02942237e+09
 1.02942239e+09 1.02942240e+09 1.02942241e+09 1.02942242e+09
 1.02942244e+09 1.02942245e+09 1.02942246e+09 1.02942248e+09
 1.02942249e+09 1.02942250e+09 1.02942252e+09 1.02942253e+09
 1.02942254e+09 1.02942255e+09 1.02942257e+09 1.02942258e+09
 1.02942259e+09 1.02942261e+09 1.02942262e+09 1.02942263e+09
 1.02942265e+09 1.02942266e+09 1.02942267e+09 1.02942268e+09
 1.02942270e+09 1.02942271e+09 1.02942272e+09 1.02942274e+09
 1.02942275e+09 1.02942276e+09 1.02942277e+09 1.02942279e+09
 1.02942280e+09 1.02942281e+09 1.02942283e+09 1.02942284e+09
 1.02942285e+09 1.02942287e+09 1.02942288e+09 1.02942289e+09
 1.02942290e+09 1.02942292e+09 1.02942293e+09 1.02942294e+09
 1.02942296e+09 1.02942297e+09 1.02942298e+09 1.02942300e+09
 1.02942301e+09 1.02942302e+09 1.02942303e+09 1.02942305e+09
 1.02942306e+09 1.02942307e+09 1.02942309e+09 1.02942310e+09
 1.02942311e+09 1.02942313e+09 1.02942314e+09 1.02942315e+09
 1.02942316e+09 1.02942318e+09 1.02942319e+09 1.02942320e+09
 1.02942322e+09 1.02942323e+09 1.02942324e+09 1.02942325e+09
 1.02942327e+09 1.02942328e+09 1.02942329e+09 1.02942331e+09
 1.02942332e+09 1.02942333e+09 1.02942335e+09 1.02942336e+09
 1.02942337e+09 1.02942338e+09 1.02942340e+09 1.02942341e+09
 1.02942342e+09 1.02942344e+09 1.02942345e+09 1.02942346e+09
 1.02942348e+09 1.02942349e+09 1.02942350e+09 1.02942351e+09
 1.02942353e+09 1.02942354e+09 1.02942355e+09 1.02942357e+09
 1.02942358e+09 1.02942359e+09 1.02942361e+09 1.02942362e+09
 1.02942363e+09 1.02942364e+09 1.02942366e+09 1.02942367e+09
 1.02942368e+09 1.02942370e+09 1.02942371e+09 1.02942372e+09
 1.02942373e+09 1.02942375e+09 1.02942376e+09 1.02942377e+09
 1.02942379e+09 1.02942380e+09 1.02942381e+09 1.02942383e+09
 1.02942384e+09 1.02942385e+09 1.02942386e+09 1.02942388e+09
 1.02942389e+09 1.02942390e+09 1.02942392e+09 1.02942393e+09
 1.02942394e+09 1.02942396e+09 1.02942397e+09 1.02942398e+09
 1.02942399e+09 1.02942401e+09 1.02942402e+09 1.02942403e+09
 1.02942405e+09 1.02942406e+09 1.02942407e+09 1.02942409e+09
 1.02942410e+09 1.02942411e+09 1.02942412e+09 1.02942414e+09
 1.02942415e+09 1.02942416e+09 1.02942418e+09 1.02942419e+09
 1.02942420e+09 1.02942421e+09 1.02942423e+09 1.02942424e+09
 1.02942425e+09 1.02942427e+09 1.02942428e+09 1.02942429e+09
 1.02942431e+09 1.02942432e+09 1.02942433e+09 1.02942434e+09
 1.02942436e+09 1.02942437e+09 1.02942438e+09 1.02942440e+09
 1.02942441e+09 1.02942442e+09 1.02942444e+09 1.02942445e+09
 1.02942446e+09 1.02942447e+09 1.02942449e+09 1.02942450e+09
 1.02942451e+09 1.02942453e+09 1.02942454e+09 1.02942455e+09
 1.02942457e+09 1.02942458e+09 1.02942459e+09 1.02942460e+09
 1.02942462e+09 1.02942463e+09 1.02942464e+09 1.02942466e+09
 1.02942467e+09 1.02942468e+09 1.02942469e+09 1.02942471e+09
 1.02942472e+09 1.02942473e+09 1.02942475e+09 1.02942476e+09
 1.02942477e+09 1.02942479e+09 1.02942480e+09 1.02942481e+09
 1.02942482e+09 1.02942484e+09 1.02942485e+09 1.02942486e+09
 1.02942488e+09 1.02942489e+09 1.02942490e+09 1.02942492e+09
 1.02942493e+09 1.02942494e+09 1.02942495e+09 1.02942497e+09
 1.02942498e+09 1.02942499e+09 1.02942501e+09 1.02942502e+09
 1.02942503e+09 1.02942505e+09 1.02942506e+09 1.02942507e+09
 1.02942508e+09 1.02942510e+09 1.02942511e+09 1.02942512e+09
 1.02942514e+09 1.02942515e+09 1.02942516e+09 1.02942517e+09
 1.02942519e+09 1.02942520e+09 1.02942521e+09 1.02942523e+09
 1.02942524e+09 1.02942525e+09 1.02942527e+09 1.02942528e+09
 1.02942529e+09 1.02942530e+09 1.02942532e+09 1.02942533e+09
 1.02942534e+09 1.02942536e+09 1.02942537e+09 1.02942538e+09
 1.02942540e+09 1.02942541e+09 1.02942542e+09 1.02942543e+09
 1.02942545e+09 1.02942546e+09 1.02942547e+09 1.02942549e+09
 1.02942550e+09 1.02942551e+09 1.02942553e+09 1.02942554e+09
 1.02942555e+09 1.02942556e+09 1.02942558e+09 1.02942559e+09
 1.02942560e+09 1.02942562e+09 1.02942563e+09 1.02942564e+09
 1.02942565e+09 1.02942567e+09 1.02942568e+09 1.02942569e+09
 1.02942571e+09 1.02942572e+09 1.02942573e+09 1.02942575e+09
 1.02942576e+09 1.02942577e+09 1.02942578e+09 1.02942580e+09
 1.02942581e+09 1.02942582e+09 1.02942584e+09 1.02942585e+09
 1.02942586e+09 1.02942588e+09 1.02942589e+09 1.02942590e+09
 1.02942591e+09 1.02942593e+09 1.02942594e+09 1.02942595e+09
 1.02942597e+09 1.02942598e+09 1.02942599e+09 1.02942601e+09
 1.02942602e+09 1.02942603e+09 1.02942604e+09 1.02942606e+09
 1.02942607e+09 1.02942608e+09 1.02942610e+09 1.02942611e+09
 1.02942612e+09 1.02942613e+09 1.02942615e+09 1.02942616e+09
 1.02942617e+09 1.02942619e+09 1.02942620e+09 1.02942621e+09
 1.02942623e+09 1.02942624e+09 1.02942625e+09 1.02942626e+09
 1.02942628e+09 1.02942629e+09 1.02942630e+09 1.02942632e+09
 1.02942633e+09 1.02942634e+09 1.02942636e+09 1.02942637e+09
 1.02942638e+09 1.02942639e+09 1.02942641e+09 1.02942642e+09
 1.02942643e+09 1.02942645e+09 1.02942646e+09 1.02942647e+09
 1.02942649e+09 1.02942650e+09 1.02942651e+09 1.02942652e+09
 1.02942654e+09 1.02942655e+09 1.02942656e+09 1.02942658e+09
 1.02942659e+09 1.02942660e+09 1.02942661e+09 1.02942663e+09
 1.02942664e+09 1.02942665e+09 1.02942667e+09 1.02942668e+09
 1.02942669e+09 1.02942671e+09 1.02942672e+09 1.02942673e+09
 1.02942674e+09 1.02942676e+09 1.02942677e+09 1.02942678e+09
 1.02942680e+09 1.02942681e+09 1.02942682e+09 1.02942684e+09
 1.02942685e+09 1.02942686e+09 1.02942687e+09 1.02942689e+09
 1.02942690e+09 1.02942691e+09 1.02942693e+09 1.02942694e+09
 1.02942695e+09 1.02942697e+09 1.02942698e+09 1.02942699e+09
 1.02942700e+09 1.02942702e+09 1.02942703e+09 1.02942704e+09
 1.02942706e+09 1.02942707e+09 1.02942708e+09 1.02942709e+09
 1.02942711e+09 1.02942712e+09 1.02942713e+09 1.02942715e+09
 1.02942716e+09 1.02942717e+09 1.02942719e+09 1.02942720e+09
 1.02942721e+09 1.02942722e+09 1.02942724e+09 1.02942725e+09
 1.02942726e+09 1.02942728e+09 1.02942729e+09 1.02942730e+09
 1.02942732e+09 1.02942733e+09 1.02942734e+09 1.02942735e+09
 1.02942737e+09 1.02942738e+09 1.02942739e+09 1.02942741e+09
 1.02942742e+09 1.02942743e+09 1.02942745e+09 1.02942746e+09
 1.02942747e+09 1.02942748e+09 1.02942750e+09 1.02942751e+09
 1.02942752e+09 1.02942754e+09 1.02942755e+09 1.02942756e+09
 1.02942757e+09 1.02942759e+09 1.02942760e+09 1.02942761e+09
 1.02942763e+09 1.02942764e+09 1.02942765e+09 1.02942767e+09
 1.02942768e+09 1.02942769e+09 1.02942770e+09 1.02942772e+09
 1.02942773e+09 1.02942774e+09 1.02942776e+09 1.02942777e+09
 1.02942778e+09 1.02942780e+09 1.02942781e+09 1.02942782e+09
 1.02942783e+09 1.02942785e+09 1.02942786e+09 1.02942787e+09
 1.02942789e+09 1.02942790e+09 1.02942791e+09 1.02942793e+09
 1.02942794e+09 1.02942795e+09 1.02942796e+09 1.02942798e+09
 1.02942799e+09 1.02942800e+09 1.02942802e+09 1.02942803e+09
 1.02942804e+09 1.02942805e+09 1.02942807e+09 1.02942808e+09
 1.02942809e+09 1.02942811e+09 1.02942812e+09 1.02942813e+09
 1.02942815e+09 1.02942816e+09 1.02942817e+09 1.02942818e+09
 1.02942820e+09 1.02942821e+09 1.02942822e+09 1.02942824e+09
 1.02942825e+09 1.02942826e+09 1.02942828e+09 1.02942829e+09
 1.02942830e+09 1.02942831e+09 1.02942833e+09 1.02942834e+09
 1.02942835e+09 1.02942837e+09 1.02942838e+09 1.02942839e+09
 1.02942841e+09 1.02942842e+09 1.02942843e+09 1.02942844e+09
 1.02942846e+09 1.02942847e+09 1.02942848e+09 1.02942850e+09
 1.02942851e+09 1.02942852e+09 1.02942853e+09 1.02942855e+09
 1.02942856e+09 1.02942857e+09 1.02942859e+09 1.02942860e+09
 1.02942861e+09 1.02942863e+09 1.02942864e+09 1.02942865e+09
 1.02942866e+09 1.02942868e+09 1.02942869e+09 1.02942870e+09
 1.02942872e+09 1.02942873e+09 1.02942874e+09 1.02942876e+09
 1.02942877e+09 1.02942878e+09 1.02942879e+09 1.02942881e+09
 1.02942882e+09 1.02942883e+09 1.02942885e+09 1.02942886e+09
 1.02942887e+09 1.02942889e+09 1.02942890e+09 1.02942891e+09
 1.02942892e+09 1.02942894e+09 1.02942895e+09 1.02942896e+09
 1.02942898e+09 1.02942899e+09 1.02942900e+09 1.02942901e+09
 1.02942903e+09 1.02942904e+09 1.02942905e+09 1.02942907e+09
 1.02942908e+09 1.02942909e+09 1.02942911e+09 1.02942912e+09
 1.02942913e+09 1.02942914e+09 1.02942916e+09 1.02942917e+09
 1.02942918e+09 1.02942920e+09 1.02942921e+09 1.02942922e+09
 1.02942924e+09 1.02942925e+09 1.02942926e+09 1.02942927e+09
 1.02942929e+09 1.02942930e+09 1.02942931e+09 1.02942933e+09
 1.02942934e+09 1.02942935e+09 1.02942937e+09 1.02942938e+09
 1.02942939e+09 1.02942940e+09 1.02942942e+09 1.02942943e+09
 1.02942944e+09 1.02942946e+09 1.02942947e+09 1.02942948e+09
 1.02942949e+09 1.02942951e+09 1.02942952e+09 1.02942953e+09
 1.02942955e+09 1.02942956e+09 1.02942957e+09 1.02942959e+09
 1.02942960e+09 1.02942961e+09 1.02942962e+09 1.02942964e+09
 1.02942965e+09 1.02942966e+09 1.02942968e+09 1.02942969e+09
 1.02942970e+09 1.02942972e+09 1.02942973e+09 1.02942974e+09
 1.02942975e+09 1.02942977e+09 1.02942978e+09 1.02942979e+09
 1.02942981e+09 1.02942982e+09 1.02942983e+09 1.02942985e+09
 1.02942986e+09 1.02942987e+09 1.02942988e+09 1.02942990e+09
 1.02942991e+09 1.02942992e+09 1.02942994e+09 1.02942995e+09
 1.02942996e+09 1.02942997e+09 1.02942999e+09 1.02943000e+09
 1.02943001e+09 1.02943003e+09 1.02943004e+09 1.02943005e+09
 1.02943007e+09 1.02943008e+09 1.02943009e+09 1.02943010e+09
 1.02943012e+09 1.02943013e+09 1.02943014e+09 1.02943016e+09
 1.02943017e+09 1.02943018e+09 1.02943020e+09 1.02943021e+09
 1.02943022e+09 1.02943023e+09 1.02943025e+09 1.02943026e+09
 1.02943027e+09 1.02943029e+09 1.02943030e+09 1.02943031e+09
 1.02943033e+09 1.02943034e+09 1.02943035e+09 1.02943036e+09
 1.02943038e+09 1.02943039e+09 1.02943040e+09 1.02943042e+09
 1.02943043e+09 1.02943044e+09 1.02943045e+09 1.02943047e+09
 1.02943048e+09 1.02943049e+09 1.02943051e+09 1.02943052e+09
 1.02943053e+09 1.02943055e+09 1.02943056e+09 1.02943057e+09
 1.02943058e+09 1.02943060e+09 1.02943061e+09 1.02943062e+09
 1.02943064e+09 1.02943065e+09 1.02943066e+09 1.02943068e+09
 1.02943069e+09 1.02943070e+09 1.02943071e+09 1.02943073e+09
 1.02943074e+09 1.02943075e+09 1.02943077e+09 1.02943078e+09
 1.02943079e+09 1.02943081e+09 1.02943082e+09 1.02943083e+09
 1.02943084e+09 1.02943086e+09 1.02943087e+09 1.02943088e+09
 1.02943090e+09 1.02943091e+09 1.02943092e+09 1.02943093e+09
 1.02943095e+09 1.02943096e+09 1.02943097e+09 1.02943099e+09
 1.02943100e+09 1.02943101e+09 1.02943103e+09 1.02943104e+09
 1.02943105e+09 1.02943106e+09 1.02943108e+09 1.02943109e+09
 1.02943110e+09 1.02943112e+09 1.02943113e+09 1.02943114e+09
 1.02943116e+09 1.02943117e+09 1.02943118e+09 1.02943119e+09
 1.02943121e+09 1.02943122e+09 1.02943123e+09 1.02943125e+09
 1.02943126e+09 1.02943127e+09 1.02943129e+09 1.02943130e+09
 1.02943131e+09 1.02943132e+09 1.02943134e+09 1.02943135e+09
 1.02943136e+09 1.02943138e+09 1.02943139e+09 1.02943140e+09
 1.02943141e+09 1.02943143e+09 1.02943144e+09 1.02943145e+09
 1.02943147e+09 1.02943148e+09 1.02943149e+09 1.02943151e+09
 1.02943152e+09 1.02943153e+09 1.02943154e+09 1.02943156e+09
 1.02943157e+09 1.02943158e+09 1.02943160e+09 1.02943161e+09
 1.02943162e+09 1.02943164e+09 1.02943165e+09 1.02943166e+09
 1.02943167e+09 1.02943169e+09 1.02943170e+09 1.02943171e+09
 1.02943173e+09 1.02943174e+09 1.02943175e+09 1.02943177e+09
 1.02943178e+09 1.02943179e+09 1.02943180e+09 1.02943182e+09
 1.02943183e+09 1.02943184e+09 1.02943186e+09 1.02943187e+09
 1.02943188e+09 1.02943189e+09 1.02943191e+09 1.02943192e+09
 1.02943193e+09 1.02943195e+09 1.02943196e+09 1.02943197e+09
 1.02943199e+09 1.02943200e+09 1.02943201e+09 1.02943202e+09
 1.02943204e+09 1.02943205e+09 1.02943206e+09 1.02943208e+09
 1.02943209e+09 1.02943210e+09 1.02943212e+09 1.02943213e+09
 1.02943214e+09 1.02943215e+09 1.02943217e+09 1.02943218e+09
 1.02943219e+09 1.02943221e+09 1.02943222e+09 1.02943223e+09
 1.02943225e+09 1.02943226e+09 1.02943227e+09 1.02943228e+09
 1.02943230e+09 1.02943231e+09 1.02943232e+09 1.02943234e+09
 1.02943235e+09 1.02943236e+09 1.02943237e+09 1.02943239e+09
 1.02943240e+09 1.02943241e+09 1.02943243e+09 1.02943244e+09
 1.02943245e+09 1.02943247e+09 1.02943248e+09 1.02943249e+09
 1.02943250e+09 1.02943252e+09 1.02943253e+09 1.02943254e+09
 1.02943256e+09 1.02943257e+09 1.02943258e+09 1.02943260e+09
 1.02943261e+09 1.02943262e+09 1.02943263e+09 1.02943265e+09
 1.02943266e+09 1.02943267e+09 1.02943269e+09 1.02943270e+09
 1.02943271e+09 1.02943273e+09 1.02943274e+09 1.02943275e+09
 1.02943276e+09 1.02943278e+09 1.02943279e+09 1.02943280e+09
 1.02943282e+09 1.02943283e+09 1.02943284e+09 1.02943285e+09
 1.02943287e+09 1.02943288e+09 1.02943289e+09 1.02943291e+09
 1.02943292e+09 1.02943293e+09 1.02943295e+09 1.02943296e+09
 1.02943297e+09 1.02943298e+09 1.02943300e+09 1.02943301e+09
 1.02943302e+09 1.02943304e+09 1.02943305e+09 1.02943306e+09
 1.02943308e+09 1.02943309e+09 1.02943310e+09 1.02943311e+09
 1.02943313e+09 1.02943314e+09 1.02943315e+09 1.02943317e+09]
minRes = 2.1638175437149574
minResTime =  [1.02942021e+09]
