name =JUICE_ROI_CAL_7_0_01
flyby =  ['2033 MAR 04 14:44:09', '2033 MAR 05 14:44:09']
Observation TW =  <SpiceCell dtype = 1, length = 0, size = 2800, card = 8, is_set = 1, adjust = 0, init = 1, base = 2554804018720, data = 2554804018768>
Res(t) =  [2.43805955 2.435772   2.43348467 2.43119755 2.42891066 2.42662398
 2.42433752 2.42205127 2.41976525 2.41747944 2.41519385 2.41290848
 2.41062332 2.40833839 2.40605367 2.40376917 2.40148488 2.39920082
 2.39691697 2.39463334 2.39234992 2.39006672 2.38778374 2.38550098
 2.38321844 2.38093611 2.378654   2.3763721  2.37409043 2.37180897
 2.36952773 2.3672467  2.36496589 2.3626853  2.36040493 2.35812477
 2.35584483 2.35356511 2.35128561 2.34900632 2.34672725 2.34444839
 2.34216975 2.33989133 2.33761313 2.33533514 2.33305737 2.33077981
 2.32850247 2.32622535 2.32394845 2.32167176 2.31939529 2.31711903
 2.31484299 2.31256717 2.31029157 2.30801618 2.30574101 2.30346605
 2.30119131 2.29891679 2.29664248 2.29436839 2.29209451 2.28982086
 2.28754741 2.28527419 2.28300118 2.28072838 2.27845581 2.27618345
 2.2739113  2.27163937 2.26936766 2.26709616 2.26482488 2.26255382
 2.26028297 2.25801233 2.25574192 2.25347171 2.25120173 2.24893196
 2.24666241 2.24439307 2.24212395 2.23985504 2.23758635 2.23531787
 2.23304962 2.23078157 2.22851374 2.22624613 2.22397874 2.22171155
 2.21944459 2.21717784 2.2149113  2.21264499 2.21037888 2.208113
 2.20584732 2.20358187 2.20131662 2.1990516  2.19678679 2.19452219
 2.19225781 2.18999365 2.1877297  2.18546596 2.18320245 2.18093914
 2.17867605 2.17641318 2.17415052 2.17188808 2.16962585 2.16736384
 2.16510204 2.16284046 2.16057909 2.15831794 2.15605701 2.15379628
 2.15153578 2.14927549 2.14701541 2.14475555 2.1424959  2.14023647
 2.13797725 2.13571825 2.13345946 2.13120089 2.12894253 2.12668439
 2.12442646 2.12216875 2.11991125 2.11765397 2.1153969  2.11314005
 2.11088341 2.10862698 2.10637077 2.10411478 2.101859   2.09960343
 2.09734808 2.09509295 2.09283802 2.09058332 2.08832883 2.08607455
 2.08382048 2.08156664 2.079313   2.07705958 2.07480638 2.07255339
 2.07030061 2.06804805 2.0657957  2.06354357 2.06129165 2.05903995
 2.05678846 2.05453719 2.05228613 2.05003528 2.04778465 2.04553423
 2.04328403 2.04103404 2.03878427 2.03653471 2.03428537 2.03203624
 2.02978732 2.02753862 2.02529013 2.02304186 2.0207938  2.01854595
 2.01629832 2.01405091 2.01180371 2.00955672 2.00730995 2.00506339
 2.00281704 2.00057091 1.998325   1.99607929 1.99383381 1.99158853
 1.98934347 1.98709863 1.984854   1.98260958 1.98036538 1.97812139
 1.97587762 1.97363406 1.97139071 1.96914758 1.96690466 1.96466196
 1.96241947 1.9601772  1.95793513 1.95569329 1.95345166 1.95121024
 1.94896903 1.94672804 1.94448727 1.94224671 1.94000636 1.93776623
 1.93552631 1.9332866  1.93104711 1.92880784 1.92656877 1.92432993
 1.92209129 1.91985287 1.91761467 1.91537667 1.9131389  1.91090133
 1.90866398 1.90642685 1.90418993 1.90195322 1.89971673 1.89748045
 1.89524439 1.89300854 1.8907729  1.88853748 1.88630227 1.88406728
 1.8818325  1.87959794 1.87736359 1.87512945 1.87289553 1.87066182
 1.86842833 1.86619505 1.86396199 1.86172914 1.8594965  1.85726408
 1.85503187 1.85279988 1.8505681  1.84833654 1.84610519 1.84387405
 1.84164313 1.83941242 1.83718193 1.83495165 1.83272159 1.83049174
 1.8282621  1.82603268 1.82380348 1.82157449 1.81934571 1.81711715
 1.8148888  1.81266067 1.81043275 1.80820504 1.80597755 1.80375028
 1.80152322 1.79929637 1.79706974 1.79484332 1.79261712 1.79039114
 1.78816536 1.7859398  1.78371446 1.78148933 1.77926442 1.77703972
 1.77481524 1.77259097 1.77036692 1.76814308 1.76591945 1.76369604
 1.76147285 1.75924987 1.75702711 1.75480456 1.75258222 1.7503601
 1.7481382  1.74591651 1.74369504 1.74147378 1.73925273 1.73703191
 1.73481129 1.7325909  1.73037071 1.72815075 1.725931   1.72371146
 1.72149214 1.71927303 1.71705414 1.71483547 1.71261701 1.71039877
 1.70818074 1.70596293 1.70374533 1.70152795 1.69931079 1.69709384
 1.69487711 1.69266059 1.69044429 1.6882282  1.68601233 1.68379668
 1.68158124 1.67936602 1.67715102 1.67493623 1.67272166 1.6705073
 1.66829316 1.66607924 1.66386553 1.66165204 1.65943876 1.6572257
 1.65501286 1.65280024 1.65058783 1.64837564 1.64616366 1.6439519
 1.64174036 1.63952904 1.63731793 1.63510704 1.63289636 1.63068591
 1.62847567 1.62626565 1.62405584 1.62184625 1.61963688 1.61742773
 1.61521879 1.61301007 1.61080157 1.60859329 1.60638522 1.60417737
 1.60196974 1.59976233 1.59755514 1.59534816 1.5931414  1.59093486
 1.58872854 1.58652243 1.58431655 1.58211088 1.57990543 1.5777002
 1.57549518 1.57329039 1.57108581 1.56888145 1.56667732 1.5644734
 1.5622697  1.56006621 1.55786295 1.55565991 1.55345708 1.55125448
 1.54905209 1.54684992 1.54464798 1.54244625 1.54024474 1.53804345
 1.53584238 1.53364154 1.53144091 1.5292405  1.52704031 1.52484034
 1.52264059 1.52044106 1.51824176 1.51604267 1.5138438  1.51164516
 1.50944673 1.50724853 1.50505054 1.50285278 1.50065524 1.49845792
 1.49626082 1.49406394 1.49186729 1.48967085 1.48747464 1.48527865
 1.48308288 1.48088733 1.47869201 1.4764969  1.47430202 1.47210737
 1.46991293 1.46771872 1.46552473 1.46333096 1.46113741 1.45894409
 1.45675099 1.45455812 1.45236547 1.45017304 1.44798083 1.44578885
 1.44359709 1.44140556 1.43921425 1.43702317 1.43483231 1.43264167
 1.43045126 1.42826107 1.42607111 1.42388137 1.42169186 1.41950257
 1.41731351 1.41512467 1.41293606 1.41074767 1.40855951 1.40637158
 1.40418387 1.40199639 1.39980914 1.39762211 1.39543531 1.39324873
 1.39106238 1.38887626 1.38669037 1.3845047  1.38231926 1.38013405
 1.37794907 1.37576431 1.37357979 1.37139549 1.36921142 1.36702758
 1.36484397 1.36266058 1.36047743 1.3582945  1.35611181 1.35392934
 1.3517471  1.3495651  1.34738332 1.34520178 1.34302046 1.34083938
 1.33865852 1.3364779  1.33429751 1.33211735 1.32993742 1.32775772
 1.32557826 1.32339903 1.32122003 1.31904126 1.31686273 1.31468443
 1.31250636 1.31032852 1.30815092 1.30597355 1.30379642 1.30161952
 1.29944286 1.29726643 1.29509023 1.29291427 1.29073855 1.28856306
 1.28638781 1.28421279 1.28203801 1.27986346 1.27768916 1.27551509
 1.27334125 1.27116766 1.2689943  1.26682118 1.26464829 1.26247565
 1.26030324 1.25813108 1.25595915 1.25378746 1.25161601 1.2494448
 1.24727384 1.24510311 1.24293262 1.24076238 1.23859237 1.23642261
 1.23425309 1.23208381 1.22991477 1.22774598 1.22557743 1.22340912
 1.22124106 1.21907324 1.21690566 1.21473833 1.21257124 1.2104044
 1.20823781 1.20607146 1.20390536 1.2017395  1.19957389 1.19740852
 1.19524341 1.19307854 1.19091392 1.18874955 1.18658543 1.18442155
 1.18225793 1.18009455 1.17793143 1.17576856 1.17360593 1.17144356
 1.16928144 1.16711958 1.16495796 1.1627966  1.16063549 1.15847463
 1.15631403 1.15415369 1.15199359 1.14983376 1.14767417 1.14551485
 1.14335578 1.14119697 1.13903841 1.13688012 1.13472208 1.1325643
 1.13040678 1.12824952 1.12609251 1.12393577 1.12177929 1.11962307
 1.11746712 1.11531142 1.11315599 1.11100082 1.10884592 1.10669128
 1.1045369  1.10238279 1.10022895 1.09807537 1.09592205 1.09376901
 1.09161623 1.08946373 1.08731149 1.08515952 1.08300782 1.08085639
 1.07870523 1.07655434 1.07440373 1.07225339 1.07010332 1.06795353
 1.06580401 1.06365476 1.0615058  1.0593571  1.05720869 1.05506055
 1.0529127  1.05076512 1.04861782 1.0464708  1.04432406 1.0421776
 1.04003143 1.03788554 1.03573993 1.03359461 1.03144957 1.02930482
 1.02716035 1.02501617 1.02287228 1.02072868 1.01858537 1.01644235
 1.01429961 1.01215718 1.01001503 1.00787318 1.00573162 1.00359035
 1.00144938 0.99930871 0.99716834 0.99502826 0.99288848 0.99074901
 0.98860983 0.98647096 0.98433239 0.98219412 0.98005615 0.9779185
 0.97578114 0.9736441  0.97150736 0.96937093 0.96723482 0.96509901
 0.96296352 0.96082834 0.95869347 0.95655892 0.95442468 0.95229076
 0.95015716 0.94802388 0.94589092 0.94375828 0.94162597 0.93949398
 0.93736231 0.93523097 0.93309995 0.93096927 0.92883891 0.92670889
 0.92457919 0.92244983 0.92032081 0.91819212 0.91606376 0.91393575
 0.91180808 0.90968074 0.90755375 0.9054271  0.9033008  0.90117484
 0.89904923 0.89692397 0.89479906 0.8926745  0.8905503  0.88842645
 0.88630296 0.88417982 0.88205705 0.87993463 0.87781258 0.8756909
 0.87356957 0.87144862 0.86932804 0.86720782 0.86508798 0.86296851
 0.86084942 0.85873071 0.85661238 0.85449442 0.85237685 0.85025967
 0.84814287 0.84602646 0.84391045 0.84179482 0.83967959 0.83756476
 0.83545032 0.83333628 0.83122265 0.82910942 0.8269966  0.82488419
 0.82277219 0.8206606  0.81854943 0.81643868 0.81432835 0.81221844
 0.81010895 0.80799989 0.80589126 0.80378307 0.80167531 0.79956798
 0.7974611  0.79535466 0.79324866 0.79114311 0.78903801 0.78693336
 0.78482917 0.78272544 0.78062217 0.77851936 0.77641702 0.77431516
 0.77221376 0.77011284 0.7680124  0.76591244 0.76381297 0.76171399
 0.7596155  0.75751751 0.75542001 0.75587748 0.75378131 0.75168565
 0.74959051 0.74749589 0.74540179 0.74330822 0.74121519 0.73912268
 0.73703072 0.7349393  0.73284843 0.73075811 0.72866834 0.72657913
 0.72449049 0.72240242 0.72031492 0.71822799 0.71614165 0.7140559
 0.71197073 0.70988616 0.7078022  0.70571884 0.70363609 0.70155395
 0.69947244 0.69739155 0.69531129 0.69323167 0.6911527  0.68907437
 0.68699669 0.68491967 0.68284332 0.68076764 0.67869264 0.67661832
 0.67454469 0.67247176 0.67039953 0.66832801 0.6662572  0.66418712
 0.66211776 0.66004914 0.65798127 0.65591415 0.65384778 0.65178218
 0.64971735 0.64765331 0.64559005 0.64352759 0.64146593 0.63940509
 0.63734507 0.63528589 0.63322754 0.63117004 0.62911339 0.62705762
 0.62500271 0.6229487  0.62089558 0.61884337 0.61679207 0.6147417
 0.61269226 0.61064377 0.60859624 0.60654968 0.6045041  0.60245951
 0.60041593 0.59837336 0.59633182 0.59429132 0.59225187 0.59021349
 0.58817619 0.58613999 0.58410489 0.58207091 0.58003807 0.57800637
 0.57597584 0.5739465  0.57191834 0.5698914  0.56786569 0.56584122
 0.56381801 0.56179608 0.55977545 0.55775613 0.55573814 0.5537215
 0.55170624 0.54969236 0.54767989 0.54566885 0.54365926 0.54165115
 0.53964453 0.53763942 0.53563586 0.53363386 0.53163344 0.52963464
 0.52763747 0.52564196 0.52364814 0.52165603 0.51966567 0.51767708
 0.51569028 0.51370531 0.5117222  0.50974098 0.50776168 0.50578434
 0.50380898 0.50183564 0.49986435 0.49789516 0.49592809 0.4939632
 0.4920005  0.49004005 0.48808188 0.48612604 0.48417257 0.48222151
 0.48027291 0.47832681 0.47638327 0.47444232 0.47250403 0.47056844
 0.46863561 0.46670559 0.46477844 0.46285421 0.46093296 0.45901477
 0.45709968 0.45518776 0.45327909 0.45137372 0.44947173 0.4475732
 0.4456782  0.4437868  0.44189909 0.44001514 0.43813505 0.4362589
 0.43438679 0.43251879 0.43065503 0.42879558 0.42694056 0.42509007
 0.42324422 0.42140313 0.41956691 0.41773569 0.41590959 0.41408874
 0.41227329 0.41046336 0.4086591  0.40686067 0.40506822 0.40328192
 0.40150193 0.39972842 0.39796158 0.3962016  0.39444866 0.39270299
 0.39096478 0.38923427 0.38751167 0.38579722 0.38409119 0.38239382
 0.38070539 0.37902617 0.37735648 0.3756966  0.37404687 0.37240762
 0.37077921 0.369162   0.36755638 0.36596275 0.36438153 0.36281318
 0.36125816 0.35971695 0.35819008 0.35667809 0.35518154 0.35370104
 0.35223723 0.35079076 0.34936234 0.34795273 0.3465627  0.34519309
 0.34384478 0.34251872 0.34121588 0.33993733 0.33868419 0.33745765
 0.33625899 0.33508954 0.33395078 0.33284424 0.33177158 0.33073457
 0.32973513 0.3287753  0.32785728 0.32698345 0.32615637 0.32537882
 0.3246538  0.32398457 0.32337467 0.32282797]
t =  [1.04685242e+09 1.04685244e+09 1.04685246e+09 1.04685248e+09
 1.04685250e+09 1.04685252e+09 1.04685254e+09 1.04685257e+09
 1.04685259e+09 1.04685261e+09 1.04685263e+09 1.04685265e+09
 1.04685267e+09 1.04685269e+09 1.04685271e+09 1.04685273e+09
 1.04685275e+09 1.04685278e+09 1.04685280e+09 1.04685282e+09
 1.04685284e+09 1.04685286e+09 1.04685288e+09 1.04685290e+09
 1.04685292e+09 1.04685294e+09 1.04685296e+09 1.04685298e+09
 1.04685301e+09 1.04685303e+09 1.04685305e+09 1.04685307e+09
 1.04685309e+09 1.04685311e+09 1.04685313e+09 1.04685315e+09
 1.04685317e+09 1.04685319e+09 1.04685322e+09 1.04685324e+09
 1.04685326e+09 1.04685328e+09 1.04685330e+09 1.04685332e+09
 1.04685334e+09 1.04685336e+09 1.04685338e+09 1.04685340e+09
 1.04685343e+09 1.04685345e+09 1.04685347e+09 1.04685349e+09
 1.04685351e+09 1.04685353e+09 1.04685355e+09 1.04685357e+09
 1.04685359e+09 1.04685361e+09 1.04685364e+09 1.04685366e+09
 1.04685368e+09 1.04685370e+09 1.04685372e+09 1.04685374e+09
 1.04685376e+09 1.04685378e+09 1.04685380e+09 1.04685382e+09
 1.04685385e+09 1.04685387e+09 1.04685389e+09 1.04685391e+09
 1.04685393e+09 1.04685395e+09 1.04685397e+09 1.04685399e+09
 1.04685401e+09 1.04685403e+09 1.04685406e+09 1.04685408e+09
 1.04685410e+09 1.04685412e+09 1.04685414e+09 1.04685416e+09
 1.04685418e+09 1.04685420e+09 1.04685422e+09 1.04685424e+09
 1.04685427e+09 1.04685429e+09 1.04685431e+09 1.04685433e+09
 1.04685435e+09 1.04685437e+09 1.04685439e+09 1.04685441e+09
 1.04685443e+09 1.04685445e+09 1.04685448e+09 1.04685450e+09
 1.04685452e+09 1.04685454e+09 1.04685456e+09 1.04685458e+09
 1.04685460e+09 1.04685462e+09 1.04685464e+09 1.04685466e+09
 1.04685469e+09 1.04685471e+09 1.04685473e+09 1.04685475e+09
 1.04685477e+09 1.04685479e+09 1.04685481e+09 1.04685483e+09
 1.04685485e+09 1.04685487e+09 1.04685490e+09 1.04685492e+09
 1.04685494e+09 1.04685496e+09 1.04685498e+09 1.04685500e+09
 1.04685502e+09 1.04685504e+09 1.04685506e+09 1.04685508e+09
 1.04685511e+09 1.04685513e+09 1.04685515e+09 1.04685517e+09
 1.04685519e+09 1.04685521e+09 1.04685523e+09 1.04685525e+09
 1.04685527e+09 1.04685529e+09 1.04685531e+09 1.04685534e+09
 1.04685536e+09 1.04685538e+09 1.04685540e+09 1.04685542e+09
 1.04685544e+09 1.04685546e+09 1.04685548e+09 1.04685550e+09
 1.04685552e+09 1.04685555e+09 1.04685557e+09 1.04685559e+09
 1.04685561e+09 1.04685563e+09 1.04685565e+09 1.04685567e+09
 1.04685569e+09 1.04685571e+09 1.04685573e+09 1.04685576e+09
 1.04685578e+09 1.04685580e+09 1.04685582e+09 1.04685584e+09
 1.04685586e+09 1.04685588e+09 1.04685590e+09 1.04685592e+09
 1.04685594e+09 1.04685597e+09 1.04685599e+09 1.04685601e+09
 1.04685603e+09 1.04685605e+09 1.04685607e+09 1.04685609e+09
 1.04685611e+09 1.04685613e+09 1.04685615e+09 1.04685618e+09
 1.04685620e+09 1.04685622e+09 1.04685624e+09 1.04685626e+09
 1.04685628e+09 1.04685630e+09 1.04685632e+09 1.04685634e+09
 1.04685636e+09 1.04685639e+09 1.04685641e+09 1.04685643e+09
 1.04685645e+09 1.04685647e+09 1.04685649e+09 1.04685651e+09
 1.04685653e+09 1.04685655e+09 1.04685657e+09 1.04685660e+09
 1.04685662e+09 1.04685664e+09 1.04685666e+09 1.04685668e+09
 1.04685670e+09 1.04685672e+09 1.04685674e+09 1.04685676e+09
 1.04685678e+09 1.04685681e+09 1.04685683e+09 1.04685685e+09
 1.04685687e+09 1.04685689e+09 1.04685691e+09 1.04685693e+09
 1.04685695e+09 1.04685697e+09 1.04685699e+09 1.04685702e+09
 1.04685704e+09 1.04685706e+09 1.04685708e+09 1.04685710e+09
 1.04685712e+09 1.04685714e+09 1.04685716e+09 1.04685718e+09
 1.04685720e+09 1.04685723e+09 1.04685725e+09 1.04685727e+09
 1.04685729e+09 1.04685731e+09 1.04685733e+09 1.04685735e+09
 1.04685737e+09 1.04685739e+09 1.04685741e+09 1.04685744e+09
 1.04685746e+09 1.04685748e+09 1.04685750e+09 1.04685752e+09
 1.04685754e+09 1.04685756e+09 1.04685758e+09 1.04685760e+09
 1.04685762e+09 1.04685764e+09 1.04685767e+09 1.04685769e+09
 1.04685771e+09 1.04685773e+09 1.04685775e+09 1.04685777e+09
 1.04685779e+09 1.04685781e+09 1.04685783e+09 1.04685785e+09
 1.04685788e+09 1.04685790e+09 1.04685792e+09 1.04685794e+09
 1.04685796e+09 1.04685798e+09 1.04685800e+09 1.04685802e+09
 1.04685804e+09 1.04685806e+09 1.04685809e+09 1.04685811e+09
 1.04685813e+09 1.04685815e+09 1.04685817e+09 1.04685819e+09
 1.04685821e+09 1.04685823e+09 1.04685825e+09 1.04685827e+09
 1.04685830e+09 1.04685832e+09 1.04685834e+09 1.04685836e+09
 1.04685838e+09 1.04685840e+09 1.04685842e+09 1.04685844e+09
 1.04685846e+09 1.04685848e+09 1.04685851e+09 1.04685853e+09
 1.04685855e+09 1.04685857e+09 1.04685859e+09 1.04685861e+09
 1.04685863e+09 1.04685865e+09 1.04685867e+09 1.04685869e+09
 1.04685872e+09 1.04685874e+09 1.04685876e+09 1.04685878e+09
 1.04685880e+09 1.04685882e+09 1.04685884e+09 1.04685886e+09
 1.04685888e+09 1.04685890e+09 1.04685893e+09 1.04685895e+09
 1.04685897e+09 1.04685899e+09 1.04685901e+09 1.04685903e+09
 1.04685905e+09 1.04685907e+09 1.04685909e+09 1.04685911e+09
 1.04685914e+09 1.04685916e+09 1.04685918e+09 1.04685920e+09
 1.04685922e+09 1.04685924e+09 1.04685926e+09 1.04685928e+09
 1.04685930e+09 1.04685932e+09 1.04685935e+09 1.04685937e+09
 1.04685939e+09 1.04685941e+09 1.04685943e+09 1.04685945e+09
 1.04685947e+09 1.04685949e+09 1.04685951e+09 1.04685953e+09
 1.04685956e+09 1.04685958e+09 1.04685960e+09 1.04685962e+09
 1.04685964e+09 1.04685966e+09 1.04685968e+09 1.04685970e+09
 1.04685972e+09 1.04685974e+09 1.04685977e+09 1.04685979e+09
 1.04685981e+09 1.04685983e+09 1.04685985e+09 1.04685987e+09
 1.04685989e+09 1.04685991e+09 1.04685993e+09 1.04685995e+09
 1.04685997e+09 1.04686000e+09 1.04686002e+09 1.04686004e+09
 1.04686006e+09 1.04686008e+09 1.04686010e+09 1.04686012e+09
 1.04686014e+09 1.04686016e+09 1.04686018e+09 1.04686021e+09
 1.04686023e+09 1.04686025e+09 1.04686027e+09 1.04686029e+09
 1.04686031e+09 1.04686033e+09 1.04686035e+09 1.04686037e+09
 1.04686039e+09 1.04686042e+09 1.04686044e+09 1.04686046e+09
 1.04686048e+09 1.04686050e+09 1.04686052e+09 1.04686054e+09
 1.04686056e+09 1.04686058e+09 1.04686060e+09 1.04686063e+09
 1.04686065e+09 1.04686067e+09 1.04686069e+09 1.04686071e+09
 1.04686073e+09 1.04686075e+09 1.04686077e+09 1.04686079e+09
 1.04686081e+09 1.04686084e+09 1.04686086e+09 1.04686088e+09
 1.04686090e+09 1.04686092e+09 1.04686094e+09 1.04686096e+09
 1.04686098e+09 1.04686100e+09 1.04686102e+09 1.04686105e+09
 1.04686107e+09 1.04686109e+09 1.04686111e+09 1.04686113e+09
 1.04686115e+09 1.04686117e+09 1.04686119e+09 1.04686121e+09
 1.04686123e+09 1.04686126e+09 1.04686128e+09 1.04686130e+09
 1.04686132e+09 1.04686134e+09 1.04686136e+09 1.04686138e+09
 1.04686140e+09 1.04686142e+09 1.04686144e+09 1.04686147e+09
 1.04686149e+09 1.04686151e+09 1.04686153e+09 1.04686155e+09
 1.04686157e+09 1.04686159e+09 1.04686161e+09 1.04686163e+09
 1.04686165e+09 1.04686168e+09 1.04686170e+09 1.04686172e+09
 1.04686174e+09 1.04686176e+09 1.04686178e+09 1.04686180e+09
 1.04686182e+09 1.04686184e+09 1.04686186e+09 1.04686189e+09
 1.04686191e+09 1.04686193e+09 1.04686195e+09 1.04686197e+09
 1.04686199e+09 1.04686201e+09 1.04686203e+09 1.04686205e+09
 1.04686207e+09 1.04686210e+09 1.04686212e+09 1.04686214e+09
 1.04686216e+09 1.04686218e+09 1.04686220e+09 1.04686222e+09
 1.04686224e+09 1.04686226e+09 1.04686228e+09 1.04686230e+09
 1.04686233e+09 1.04686235e+09 1.04686237e+09 1.04686239e+09
 1.04686241e+09 1.04686243e+09 1.04686245e+09 1.04686247e+09
 1.04686249e+09 1.04686251e+09 1.04686254e+09 1.04686256e+09
 1.04686258e+09 1.04686260e+09 1.04686262e+09 1.04686264e+09
 1.04686266e+09 1.04686268e+09 1.04686270e+09 1.04686272e+09
 1.04686275e+09 1.04686277e+09 1.04686279e+09 1.04686281e+09
 1.04686283e+09 1.04686285e+09 1.04686287e+09 1.04686289e+09
 1.04686291e+09 1.04686293e+09 1.04686296e+09 1.04686298e+09
 1.04686300e+09 1.04686302e+09 1.04686304e+09 1.04686306e+09
 1.04686308e+09 1.04686310e+09 1.04686312e+09 1.04686314e+09
 1.04686317e+09 1.04686319e+09 1.04686321e+09 1.04686323e+09
 1.04686325e+09 1.04686327e+09 1.04686329e+09 1.04686331e+09
 1.04686333e+09 1.04686335e+09 1.04686338e+09 1.04686340e+09
 1.04686342e+09 1.04686344e+09 1.04686346e+09 1.04686348e+09
 1.04686350e+09 1.04686352e+09 1.04686354e+09 1.04686356e+09
 1.04686359e+09 1.04686361e+09 1.04686363e+09 1.04686365e+09
 1.04686367e+09 1.04686369e+09 1.04686371e+09 1.04686373e+09
 1.04686375e+09 1.04686377e+09 1.04686380e+09 1.04686382e+09
 1.04686384e+09 1.04686386e+09 1.04686388e+09 1.04686390e+09
 1.04686392e+09 1.04686394e+09 1.04686396e+09 1.04686398e+09
 1.04686401e+09 1.04686403e+09 1.04686405e+09 1.04686407e+09
 1.04686409e+09 1.04686411e+09 1.04686413e+09 1.04686415e+09
 1.04686417e+09 1.04686419e+09 1.04686422e+09 1.04686424e+09
 1.04686426e+09 1.04686428e+09 1.04686430e+09 1.04686432e+09
 1.04686434e+09 1.04686436e+09 1.04686438e+09 1.04686440e+09
 1.04686443e+09 1.04686445e+09 1.04686447e+09 1.04686449e+09
 1.04686451e+09 1.04686453e+09 1.04686455e+09 1.04686457e+09
 1.04686459e+09 1.04686461e+09 1.04686463e+09 1.04686466e+09
 1.04686468e+09 1.04686470e+09 1.04686472e+09 1.04686474e+09
 1.04686476e+09 1.04686478e+09 1.04686480e+09 1.04686482e+09
 1.04686484e+09 1.04686487e+09 1.04686489e+09 1.04686491e+09
 1.04686493e+09 1.04686495e+09 1.04686497e+09 1.04686499e+09
 1.04686501e+09 1.04686503e+09 1.04686505e+09 1.04686508e+09
 1.04686510e+09 1.04686512e+09 1.04686514e+09 1.04686516e+09
 1.04686518e+09 1.04686520e+09 1.04686522e+09 1.04686524e+09
 1.04686526e+09 1.04686529e+09 1.04686531e+09 1.04686533e+09
 1.04686535e+09 1.04686537e+09 1.04686539e+09 1.04686541e+09
 1.04686543e+09 1.04686545e+09 1.04686547e+09 1.04686550e+09
 1.04686552e+09 1.04686554e+09 1.04686556e+09 1.04686558e+09
 1.04686560e+09 1.04686562e+09 1.04686564e+09 1.04686566e+09
 1.04686568e+09 1.04686571e+09 1.04686573e+09 1.04686575e+09
 1.04686577e+09 1.04686579e+09 1.04686581e+09 1.04686583e+09
 1.04686585e+09 1.04686587e+09 1.04686589e+09 1.04686592e+09
 1.04686594e+09 1.04686596e+09 1.04686598e+09 1.04686600e+09
 1.04686602e+09 1.04686604e+09 1.04686606e+09 1.04686608e+09
 1.04686610e+09 1.04686613e+09 1.04686615e+09 1.04686617e+09
 1.04686619e+09 1.04686621e+09 1.04686623e+09 1.04686625e+09
 1.04686627e+09 1.04686629e+09 1.04686631e+09 1.04686634e+09
 1.04686636e+09 1.04686638e+09 1.04686640e+09 1.04686642e+09
 1.04686644e+09 1.04686646e+09 1.04686648e+09 1.04686650e+09
 1.04686652e+09 1.04686655e+09 1.04686657e+09 1.04686659e+09
 1.04686661e+09 1.04686663e+09 1.04686665e+09 1.04686667e+09
 1.04686669e+09 1.04686671e+09 1.04686673e+09 1.04686676e+09
 1.04686678e+09 1.04686680e+09 1.04686682e+09 1.04686684e+09
 1.04686686e+09 1.04686688e+09 1.04686690e+09 1.04686692e+09
 1.04686694e+09 1.04686696e+09 1.04686699e+09 1.04686701e+09
 1.04686703e+09 1.04686705e+09 1.04686707e+09 1.04686709e+09
 1.04686711e+09 1.04686713e+09 1.04686715e+09 1.04686717e+09
 1.04686720e+09 1.04686722e+09 1.04686724e+09 1.04686726e+09
 1.04686728e+09 1.04686730e+09 1.04686732e+09 1.04686734e+09
 1.04686736e+09 1.04686738e+09 1.04686741e+09 1.04686743e+09
 1.04686745e+09 1.04686747e+09 1.04686749e+09 1.04686751e+09
 1.04686753e+09 1.04686755e+09 1.04686757e+09 1.04686759e+09
 1.04686762e+09 1.04686764e+09 1.04686766e+09 1.04686768e+09
 1.04686770e+09 1.04686772e+09 1.04686774e+09 1.04686776e+09
 1.04686778e+09 1.04686780e+09 1.04686783e+09 1.04686785e+09
 1.04686787e+09 1.04686789e+09 1.04686791e+09 1.04686793e+09
 1.04686795e+09 1.04686797e+09 1.04686799e+09 1.04686801e+09
 1.04686804e+09 1.04686806e+09 1.04686808e+09 1.04686810e+09
 1.04686812e+09 1.04686814e+09 1.04686816e+09 1.04686818e+09
 1.04686820e+09 1.04686822e+09 1.04686825e+09 1.04686827e+09
 1.04686829e+09 1.04686831e+09 1.04686833e+09 1.04686835e+09
 1.04686837e+09 1.04686839e+09 1.04686841e+09 1.04686843e+09
 1.04686846e+09 1.04686848e+09 1.04686850e+09 1.04686852e+09
 1.04686854e+09 1.04686856e+09 1.04686858e+09 1.04686860e+09
 1.04686862e+09 1.04686864e+09 1.04686867e+09 1.04686869e+09
 1.04686871e+09 1.04686873e+09 1.04686875e+09 1.04686877e+09
 1.04686879e+09 1.04686881e+09 1.04686883e+09 1.04686885e+09
 1.04686888e+09 1.04686890e+09 1.04686892e+09 1.04686894e+09
 1.04686896e+09 1.04686898e+09 1.04686900e+09 1.04686902e+09
 1.04686904e+09 1.04686906e+09 1.04686909e+09 1.04686911e+09
 1.04686913e+09 1.04686915e+09 1.04686917e+09 1.04686919e+09
 1.04686921e+09 1.04686923e+09 1.04686925e+09 1.04686927e+09
 1.04686929e+09 1.04686932e+09 1.04686934e+09 1.04686936e+09
 1.04686938e+09 1.04686940e+09 1.04686942e+09 1.04686944e+09
 1.04686946e+09 1.04686948e+09 1.04686950e+09 1.04686953e+09
 1.04686955e+09 1.04686957e+09 1.04686959e+09 1.04686961e+09
 1.04686963e+09 1.04686965e+09 1.04686967e+09 1.04686969e+09
 1.04686971e+09 1.04686974e+09 1.04686976e+09 1.04686978e+09
 1.04686980e+09 1.04686982e+09 1.04686984e+09 1.04686986e+09
 1.04686988e+09 1.04686990e+09 1.04686992e+09 1.04686995e+09
 1.04686997e+09 1.04686999e+09 1.04687001e+09 1.04687003e+09
 1.04687005e+09 1.04687007e+09 1.04687009e+09 1.04687011e+09
 1.04687013e+09 1.04687016e+09 1.04687018e+09 1.04687020e+09
 1.04687022e+09 1.04687024e+09 1.04687026e+09 1.04687028e+09
 1.04687030e+09 1.04687032e+09 1.04687034e+09 1.04687037e+09
 1.04687039e+09 1.04687041e+09 1.04687043e+09 1.04687045e+09
 1.04687047e+09 1.04687049e+09 1.04687051e+09 1.04687053e+09
 1.04687055e+09 1.04687058e+09 1.04687060e+09 1.04687062e+09
 1.04687064e+09 1.04687066e+09 1.04687068e+09 1.04687070e+09
 1.04687072e+09 1.04687074e+09 1.04687076e+09 1.04687079e+09
 1.04687081e+09 1.04687083e+09 1.04687085e+09 1.04687087e+09
 1.04687089e+09 1.04687091e+09 1.04687093e+09 1.04687095e+09
 1.04687097e+09 1.04687100e+09 1.04687102e+09 1.04687104e+09
 1.04687106e+09 1.04687108e+09 1.04687110e+09 1.04687112e+09
 1.04687114e+09 1.04687116e+09 1.04687118e+09 1.04687121e+09
 1.04687123e+09 1.04687125e+09 1.04687127e+09 1.04687129e+09
 1.04687131e+09 1.04687133e+09 1.04687135e+09 1.04687137e+09
 1.04687139e+09 1.04687142e+09 1.04687144e+09 1.04687146e+09
 1.04687148e+09 1.04687150e+09 1.04687152e+09 1.04687154e+09
 1.04687156e+09 1.04687158e+09 1.04687160e+09 1.04687162e+09
 1.04687165e+09 1.04687167e+09 1.04687169e+09 1.04687171e+09
 1.04687173e+09 1.04687175e+09 1.04687177e+09 1.04687179e+09
 1.04687181e+09 1.04687183e+09 1.04687186e+09 1.04687188e+09
 1.04687190e+09 1.04687192e+09 1.04687194e+09 1.04687196e+09
 1.04687198e+09 1.04687200e+09 1.04687202e+09 1.04687204e+09
 1.04687207e+09 1.04687209e+09 1.04687211e+09 1.04687213e+09
 1.04687215e+09 1.04687217e+09 1.04687219e+09 1.04687221e+09
 1.04687223e+09 1.04687225e+09 1.04687228e+09 1.04687230e+09
 1.04687232e+09 1.04687234e+09 1.04687236e+09 1.04687238e+09
 1.04687240e+09 1.04687242e+09 1.04687244e+09 1.04687246e+09
 1.04687249e+09 1.04687251e+09 1.04687253e+09 1.04687255e+09
 1.04687257e+09 1.04687259e+09 1.04687261e+09 1.04687263e+09
 1.04687265e+09 1.04687267e+09 1.04687270e+09 1.04687272e+09
 1.04687274e+09 1.04687276e+09 1.04687278e+09 1.04687280e+09
 1.04687282e+09 1.04687284e+09 1.04687286e+09 1.04687288e+09
 1.04687291e+09 1.04687293e+09 1.04687295e+09 1.04687297e+09
 1.04687299e+09 1.04687301e+09 1.04687303e+09 1.04687305e+09
 1.04687307e+09 1.04687309e+09 1.04687312e+09 1.04687314e+09
 1.04687316e+09 1.04687318e+09 1.04687320e+09 1.04687322e+09
 1.04687324e+09 1.04687326e+09 1.04687328e+09 1.04687330e+09
 1.04687333e+09 1.04687335e+09 1.04687337e+09 1.04687339e+09]
minRes = 0.3228279722680574
minResTime =  [1.04687339e+09]
