name =JUICE_ROI_CAL_4_7_03
flyby =  ['2032 NOV 16 05:53:16', '2032 NOV 17 05:53:16']
Observation TW =  <SpiceCell dtype = 1, length = 0, size = 3000, card = 10, is_set = 1, adjust = 0, init = 1, base = 2554802118672, data = 2554802118720>
Res(t) =  [3.64203621 3.6384174  3.63479875 3.63118026 3.62756193 3.62394375
 3.62032574 3.61670788 3.61309018 3.60947264 3.60585526 3.60223803
 3.59862096 3.59500405 3.59138729 3.58777069 3.58415425 3.58053796
 3.57692183 3.57330585 3.56969002 3.56607435 3.56245884 3.55884348
 3.55522827 3.55161321 3.54799831 3.54438357 3.54076897 3.53715453
 3.53354024 3.5299261  3.52631211 3.52269827 3.51908459 3.51547105
 3.51185767 3.50824443 3.50463135 3.50101841 3.49740563 3.49379299
 3.49018051 3.48656817 3.48295598 3.47934394 3.47573204 3.4721203
 3.4685087  3.46489724 3.46128594 3.45767478 3.45406377 3.4504529
 3.44684218 3.44323161 3.43962118 3.43601089 3.43240075 3.42879075
 3.4251809  3.42157119 3.41796163 3.41435221 3.41074293 3.4071338
 3.4035248  3.39991595 3.39630725 3.39269868 3.38909025 3.38548197
 3.38187383 3.37826583 3.37465796 3.37105024 3.36744266 3.36383522
 3.36022792 3.35662076 3.35301373 3.34940685 3.3458001  3.34219349
 3.33858702 3.33498069 3.33137449 3.32776843 3.32416251 3.32055672
 3.31695107 3.31334556 3.30974018 3.30613494 3.30252983 3.29892486
 3.29532002 3.29171532 3.28811075 3.28450632 3.28090202 3.27729785
 3.27369382 3.27008992 3.26648615 3.26288251 3.25927901 3.25567563
 3.25207239 3.24846928 3.24486631 3.24126346 3.23766074 3.23405815
 3.2304557  3.22685337 3.22325117 3.21964911 3.21604717 3.21244536
 3.20884367 3.20524212 3.2016407  3.1980394  3.19443823 3.19083718
 3.18723627 3.18363548 3.18003482 3.17643428 3.17283387 3.16923358
 3.16563342 3.16203339 3.15843348 3.15483369 3.15123403 3.14763449
 3.14403508 3.14043579 3.13683662 3.13323758 3.12963866 3.12603986
 3.12244119 3.11884263 3.1152442  3.11164589 3.1080477  3.10444964
 3.10085169 3.09725386 3.09365616 3.09005857 3.0864611  3.08286376
 3.07926653 3.07566942 3.07207243 3.06847556 3.0648788  3.06128217
 3.05768565 3.05408925 3.05049297 3.0468968  3.04330075 3.03970482
 3.036109   3.0325133  3.02891771 3.02532224 3.02172689 3.01813165
 3.01453652 3.01094151 3.00734661 3.00375183 3.00015716 2.9965626
 2.99296816 2.98937383 2.98577961 2.98218551 2.97859151 2.97499763
 2.97140386 2.9678102  2.96421666 2.96062322 2.95702989 2.95343668
 2.94984357 2.94625057 2.94265769 2.93906491 2.93547224 2.93187968
 2.92828723 2.92469489 2.92110265 2.91751053 2.91391851 2.91032659
 2.90673479 2.90314309 2.8995515  2.89596001 2.89236863 2.88877736
 2.88518619 2.88159513 2.87800417 2.87441332 2.87082257 2.86723192
 2.86364138 2.86005094 2.85646061 2.85287038 2.84928025 2.84569023
 2.8421003  2.83851048 2.83492077 2.83133115 2.82774163 2.82415222
 2.82056291 2.8169737  2.81338458 2.80979557 2.80620666 2.80261785
 2.79902914 2.79544052 2.79185201 2.78826359 2.78467528 2.78108706
 2.77749894 2.77391092 2.77032299 2.76673516 2.76314743 2.75955979
 2.75597226 2.75238481 2.74879747 2.74521022 2.74162306 2.738036
 2.73444904 2.73086217 2.72727539 2.72368871 2.72010212 2.71651563
 2.71292923 2.70934292 2.70575671 2.70217059 2.69858456 2.69499862
 2.69141277 2.68782702 2.68424136 2.68065579 2.67707031 2.67348492
 2.66989962 2.66631441 2.6627293  2.65914427 2.65555933 2.65197448
 2.64838972 2.64480505 2.64122046 2.63763597 2.63405156 2.63046724
 2.62688301 2.62329887 2.61971481 2.61613084 2.61254695 2.60896316
 2.60537944 2.60179582 2.59821228 2.59462882 2.59104545 2.58746217
 2.58387897 2.58029585 2.57671282 2.57312987 2.569547   2.56596422
 2.56238152 2.55879891 2.55521637 2.55163392 2.54805156 2.54446927
 2.54088706 2.53730494 2.5337229  2.53014093 2.52655905 2.52297725
 2.51939553 2.51581389 2.51223233 2.50865085 2.50506945 2.50148812
 2.49790688 2.49432571 2.49074462 2.48716361 2.48358268 2.48000182
 2.47642105 2.47284034 2.46925972 2.46567917 2.4620987  2.45851831
 2.45493799 2.45135774 2.44777757 2.44419748 2.44061746 2.43703751
 2.43345764 2.42987785 2.42629812 2.42271848 2.4191389  2.4155594
 2.41197997 2.40840061 2.40482133 2.40124211 2.39766297 2.3940839
 2.39050491 2.38692598 2.38334712 2.37976834 2.37618962 2.37261098
 2.36903241 2.3654539  2.36187547 2.3582971  2.3547188  2.35114057
 2.34756241 2.34398432 2.3404063  2.33682834 2.33325046 2.32967264
 2.32609488 2.32251719 2.31893957 2.31536202 2.31178453 2.30820711
 2.30462975 2.30105246 2.29747524 2.29389808 2.29032098 2.28674395
 2.28316698 2.27959008 2.27601324 2.27243646 2.26885975 2.2652831
 2.26170651 2.25812998 2.25455352 2.25097712 2.24740078 2.24382451
 2.24024829 2.23667213 2.23309604 2.22952001 2.22594403 2.22236812
 2.21879227 2.21521648 2.21164074 2.20806507 2.20448945 2.2009139
 2.1973384  2.19376296 2.19018757 2.18661225 2.18303698 2.17946177
 2.17588662 2.17231153 2.16873649 2.16516151 2.16158658 2.15801171
 2.1544369  2.15086214 2.14728743 2.14371278 2.14013819 2.13656365
 2.13298916 2.12941473 2.12584035 2.12226603 2.11869176 2.11511754
 2.11154338 2.10796927 2.10439521 2.1008212  2.09724724 2.09367334
 2.09009949 2.08652569 2.08295194 2.07937824 2.07580459 2.07223099
 2.06865744 2.06508394 2.06151049 2.05793709 2.05436374 2.05079044
 2.04721719 2.04364399 2.04007083 2.03649772 2.03292466 2.02935165
 2.02577868 2.02220577 2.01863289 2.01506007 2.01148729 2.00791456
 2.00434187 2.00076923 1.99719664 1.99362409 1.99005158 1.98647912
 1.98290671 1.97933434 1.97576201 1.97218973 1.96861749 1.96504529
 1.96147314 1.95790103 1.95432896 1.95075694 1.94718496 1.94361302
 1.94004112 1.93646926 1.93289745 1.92932567 1.92575394 1.92218225
 1.91861059 1.91503898 1.91146741 1.90789588 1.90432439 1.90075294
 1.89718152 1.89361015 1.89003881 1.88646751 1.88289626 1.87932503
 1.87575385 1.87218271 1.8686116  1.86504053 1.86146949 1.8578985
 1.85432754 1.85075661 1.84718572 1.84361487 1.84004405 1.83647327
 1.83290253 1.82933181 1.82576114 1.8221905  1.81861989 1.81504931
 1.81147877 1.80790827 1.8043378  1.80076736 1.79719695 1.79362658
 1.79005623 1.78648593 1.78291565 1.7793454  1.77577519 1.77220501
 1.76863486 1.76506474 1.76149465 1.7579246  1.75435457 1.75078457
 1.7472146  1.74364467 1.74007476 1.73650488 1.73293503 1.72936521
 1.72579542 1.72222566 1.71865592 1.71508622 1.71151654 1.70794689
 1.70437727 1.70080767 1.6972381  1.69366856 1.69009904 1.68652955
 1.68296009 1.67939065 1.67582124 1.67225186 1.6686825  1.66511316
 1.66154385 1.65797457 1.65440531 1.65083607 1.64726686 1.64369767
 1.64012851 1.63655937 1.63299025 1.62942116 1.62585209 1.62228304
 1.61871402 1.61514501 1.61157603 1.60800708 1.60443814 1.60086922
 1.59730033 1.59373146 1.59016261 1.58659378 1.58302497 1.57945618
 1.57588741 1.57231866 1.56874993 1.56518122 1.56161253 1.55804386
 1.55447521 1.55090658 1.54733796 1.54376937 1.54020079 1.53663223
 1.53306369 1.52949517 1.52592666 1.52235818 1.51878971 1.51522125
 1.51165282 1.5080844  1.504516   1.50094761 1.49737924 1.49381088
 1.49024255 1.48667422 1.48310592 1.47953762 1.47596935 1.47240109
 1.46883284 1.46526461 1.46169639 1.45812819 1.45456    1.45099182
 1.44742366 1.44385551 1.44028738 1.43671926 1.43315115 1.42958305
 1.42601497 1.4224469  1.41887884 1.4153108  1.41174277 1.40817475
 1.40460674 1.40103874 1.39747076 1.39390278 1.39033482 1.38676687
 1.38319893 1.379631   1.37606308 1.37249517 1.36892728 1.36535939
 1.36179151 1.35822365 1.35465579 1.35108794 1.3475201  1.34395227
 1.34038446 1.33681665 1.33324884 1.32968105 1.32611327 1.3225455
 1.31897773 1.31540997 1.31184222 1.30827448 1.30470675 1.30113903
 1.29757131 1.2940036  1.2904359  1.28686821 1.28330052 1.27973284
 1.27616517 1.2725975  1.26902985 1.2654622  1.26189455 1.25832692
 1.25475929 1.25119166 1.24762405 1.24405644 1.24048883 1.23692123
 1.23335364 1.22978606 1.22621848 1.22265091 1.21908334 1.21551578
 1.21194822 1.20838067 1.20481313 1.20124559 1.19767805 1.19411053
 1.19054301 1.18697549 1.18340798 1.17984047 1.17627297 1.17270548
 1.16913799 1.1655705  1.16200302 1.15843555 1.15486808 1.15130062
 1.14773316 1.1441657  1.14059826 1.13703081 1.13346337 1.12989594
 1.12632852 1.12276109 1.11919368 1.11562627 1.11205886 1.10849146
 1.10492406 1.10135667 1.09778929 1.09422191 1.09065454 1.08708717
 1.08351981 1.07995245 1.0763851  1.07281776 1.06925042 1.06568309
 1.06211577 1.05854845 1.05498113 1.05141383 1.04784653 1.04427924
 1.04071195 1.03714467 1.0335774  1.03001014 1.02644288 1.02287564
 1.0193084  1.01574116 1.01217394 1.00860673 1.00503952 1.00147232
 0.99790513 0.99433795 0.99077078 0.98720363 0.98363648 0.98006934
 0.97650221 0.97293509 0.96936798 0.96580089 0.96223381 0.95866673
 0.95509968 0.95153263 0.9479656  0.94439858 0.94083157 0.93726458
 0.9336976  0.93013064 0.9265637  0.92299677 0.91942985 0.91586295
 0.91229607 0.90872921 0.90516237 0.90159554 0.89802873 0.89446195
 0.89089518 0.88732843 0.88376171 0.88019501 0.87662833 0.87306167
 0.86949504 0.86592843 0.86236184 0.85879529 0.85522876 0.85166225
 0.84809578 0.84452933 0.84096291 0.83739653 0.83383017 0.83026385
 0.82669756 0.8231313  0.81956508 0.81599889 0.81243274 0.80886663
 0.80530056 0.80173452 0.79816853 0.79460258 0.79103667 0.78747081
 0.78390499 0.78033922 0.7767735  0.77320783 0.7696422  0.76607663
 0.76251111 0.75894565 0.75538024 0.75181489 0.7482496  0.74468437
 0.74111921 0.7375541  0.73398907 0.7304241  0.7268592  0.72329437
 0.71972961 0.71616493 0.71260032 0.7090358  0.70547135 0.70190699
 0.69834271 0.69477853 0.69121443 0.68765042 0.68408651 0.6805227
 0.67695898 0.67339537 0.66983186 0.66626846 0.66270518 0.659142
 0.65557895 0.65201601 0.6484532  0.64489051 0.64132795 0.63776553
 0.63420324 0.6306411  0.6270791  0.62351724 0.61995554 0.616394
 0.61283261 0.60927139 0.60571034 0.60214947 0.59858877 0.59502826
 0.59146793 0.5879078  0.58480065 0.58124196 0.57768351 0.57412529
 0.5705673  0.56700956 0.56345208 0.55989485 0.55633789 0.5527812
 0.5492248  0.54566868 0.54211286 0.53855734 0.53500214 0.53144726
 0.52789271 0.5243385  0.52078465 0.51723115 0.51367802 0.51012527
 0.50657292 0.50302097 0.49946943 0.49591832 0.49236765 0.48881743
 0.48526768 0.4817184  0.47816962 0.47462135 0.47107361 0.4675264
 0.46397975 0.46043367 0.45688818 0.4533433  0.44979905 0.44625545
 0.44271252 0.43917027 0.43562873 0.43208793 0.42854789 0.42500862
 0.42147017 0.41793255 0.41439579 0.41085992 0.40732496 0.40379096
 0.40025795 0.39672595 0.393195   0.38966514 0.3861364  0.38260884
 0.37908248 0.37555737 0.37203355 0.36851108 0.36499    0.36147037
 0.35795224 0.35443565 0.35092069 0.34740739 0.34389584 0.3403861
 0.33687824 0.33337233 0.32986846 0.3263667  0.32286714 0.31936988
 0.31587501 0.31238264 0.30889286 0.30540579 0.30192156 0.29844028
 0.29496209 0.29148713 0.28801555 0.28454751 0.28108316 0.2776227
 0.2741663  0.27071416 0.26726651 0.26382355 0.26038554 0.25695273
 0.25352539 0.25010382 0.24668833 0.24327925 0.23987693 0.23648178
 0.23309419 0.22971462 0.22634355 0.22298148 0.21962898 0.21628665
 0.21295515 0.20963519 0.20632754 0.20303303 0.19975259 0.19648721
 0.19323799 0.19000613 0.18679296 0.18359992 0.18042863 0.17728087
 0.17415862 0.17106407 0.16799969 0.16496822 0.16197276 0.15901681
 0.15610431 0.15323976 0.15042828 0.14767577 0.14498901 0.14237588
 0.13984557 0.13740887 0.13507855 0.13286985 0.13080113 0.12889468
 0.12717797 0.1256852  0.12445966 0.12355704 0.1230505  0.12303844
 0.12365703 0.12510141 0.12766364 0.13180563]
t =  [1.03746927e+09 1.03746931e+09 1.03746935e+09 1.03746939e+09
 1.03746943e+09 1.03746948e+09 1.03746952e+09 1.03746956e+09
 1.03746960e+09 1.03746965e+09 1.03746969e+09 1.03746973e+09
 1.03746977e+09 1.03746982e+09 1.03746986e+09 1.03746990e+09
 1.03746994e+09 1.03746999e+09 1.03747003e+09 1.03747007e+09
 1.03747011e+09 1.03747015e+09 1.03747020e+09 1.03747024e+09
 1.03747028e+09 1.03747032e+09 1.03747037e+09 1.03747041e+09
 1.03747045e+09 1.03747049e+09 1.03747054e+09 1.03747058e+09
 1.03747062e+09 1.03747066e+09 1.03747070e+09 1.03747075e+09
 1.03747079e+09 1.03747083e+09 1.03747087e+09 1.03747092e+09
 1.03747096e+09 1.03747100e+09 1.03747104e+09 1.03747109e+09
 1.03747113e+09 1.03747117e+09 1.03747121e+09 1.03747126e+09
 1.03747130e+09 1.03747134e+09 1.03747138e+09 1.03747142e+09
 1.03747147e+09 1.03747151e+09 1.03747155e+09 1.03747159e+09
 1.03747164e+09 1.03747168e+09 1.03747172e+09 1.03747176e+09
 1.03747181e+09 1.03747185e+09 1.03747189e+09 1.03747193e+09
 1.03747198e+09 1.03747202e+09 1.03747206e+09 1.03747210e+09
 1.03747214e+09 1.03747219e+09 1.03747223e+09 1.03747227e+09
 1.03747231e+09 1.03747236e+09 1.03747240e+09 1.03747244e+09
 1.03747248e+09 1.03747253e+09 1.03747257e+09 1.03747261e+09
 1.03747265e+09 1.03747270e+09 1.03747274e+09 1.03747278e+09
 1.03747282e+09 1.03747286e+09 1.03747291e+09 1.03747295e+09
 1.03747299e+09 1.03747303e+09 1.03747308e+09 1.03747312e+09
 1.03747316e+09 1.03747320e+09 1.03747325e+09 1.03747329e+09
 1.03747333e+09 1.03747337e+09 1.03747342e+09 1.03747346e+09
 1.03747350e+09 1.03747354e+09 1.03747358e+09 1.03747363e+09
 1.03747367e+09 1.03747371e+09 1.03747375e+09 1.03747380e+09
 1.03747384e+09 1.03747388e+09 1.03747392e+09 1.03747397e+09
 1.03747401e+09 1.03747405e+09 1.03747409e+09 1.03747413e+09
 1.03747418e+09 1.03747422e+09 1.03747426e+09 1.03747430e+09
 1.03747435e+09 1.03747439e+09 1.03747443e+09 1.03747447e+09
 1.03747452e+09 1.03747456e+09 1.03747460e+09 1.03747464e+09
 1.03747469e+09 1.03747473e+09 1.03747477e+09 1.03747481e+09
 1.03747485e+09 1.03747490e+09 1.03747494e+09 1.03747498e+09
 1.03747502e+09 1.03747507e+09 1.03747511e+09 1.03747515e+09
 1.03747519e+09 1.03747524e+09 1.03747528e+09 1.03747532e+09
 1.03747536e+09 1.03747541e+09 1.03747545e+09 1.03747549e+09
 1.03747553e+09 1.03747557e+09 1.03747562e+09 1.03747566e+09
 1.03747570e+09 1.03747574e+09 1.03747579e+09 1.03747583e+09
 1.03747587e+09 1.03747591e+09 1.03747596e+09 1.03747600e+09
 1.03747604e+09 1.03747608e+09 1.03747613e+09 1.03747617e+09
 1.03747621e+09 1.03747625e+09 1.03747629e+09 1.03747634e+09
 1.03747638e+09 1.03747642e+09 1.03747646e+09 1.03747651e+09
 1.03747655e+09 1.03747659e+09 1.03747663e+09 1.03747668e+09
 1.03747672e+09 1.03747676e+09 1.03747680e+09 1.03747685e+09
 1.03747689e+09 1.03747693e+09 1.03747697e+09 1.03747701e+09
 1.03747706e+09 1.03747710e+09 1.03747714e+09 1.03747718e+09
 1.03747723e+09 1.03747727e+09 1.03747731e+09 1.03747735e+09
 1.03747740e+09 1.03747744e+09 1.03747748e+09 1.03747752e+09
 1.03747757e+09 1.03747761e+09 1.03747765e+09 1.03747769e+09
 1.03747773e+09 1.03747778e+09 1.03747782e+09 1.03747786e+09
 1.03747790e+09 1.03747795e+09 1.03747799e+09 1.03747803e+09
 1.03747807e+09 1.03747812e+09 1.03747816e+09 1.03747820e+09
 1.03747824e+09 1.03747828e+09 1.03747833e+09 1.03747837e+09
 1.03747841e+09 1.03747845e+09 1.03747850e+09 1.03747854e+09
 1.03747858e+09 1.03747862e+09 1.03747867e+09 1.03747871e+09
 1.03747875e+09 1.03747879e+09 1.03747884e+09 1.03747888e+09
 1.03747892e+09 1.03747896e+09 1.03747900e+09 1.03747905e+09
 1.03747909e+09 1.03747913e+09 1.03747917e+09 1.03747922e+09
 1.03747926e+09 1.03747930e+09 1.03747934e+09 1.03747939e+09
 1.03747943e+09 1.03747947e+09 1.03747951e+09 1.03747956e+09
 1.03747960e+09 1.03747964e+09 1.03747968e+09 1.03747972e+09
 1.03747977e+09 1.03747981e+09 1.03747985e+09 1.03747989e+09
 1.03747994e+09 1.03747998e+09 1.03748002e+09 1.03748006e+09
 1.03748011e+09 1.03748015e+09 1.03748019e+09 1.03748023e+09
 1.03748028e+09 1.03748032e+09 1.03748036e+09 1.03748040e+09
 1.03748044e+09 1.03748049e+09 1.03748053e+09 1.03748057e+09
 1.03748061e+09 1.03748066e+09 1.03748070e+09 1.03748074e+09
 1.03748078e+09 1.03748083e+09 1.03748087e+09 1.03748091e+09
 1.03748095e+09 1.03748100e+09 1.03748104e+09 1.03748108e+09
 1.03748112e+09 1.03748116e+09 1.03748121e+09 1.03748125e+09
 1.03748129e+09 1.03748133e+09 1.03748138e+09 1.03748142e+09
 1.03748146e+09 1.03748150e+09 1.03748155e+09 1.03748159e+09
 1.03748163e+09 1.03748167e+09 1.03748171e+09 1.03748176e+09
 1.03748180e+09 1.03748184e+09 1.03748188e+09 1.03748193e+09
 1.03748197e+09 1.03748201e+09 1.03748205e+09 1.03748210e+09
 1.03748214e+09 1.03748218e+09 1.03748222e+09 1.03748227e+09
 1.03748231e+09 1.03748235e+09 1.03748239e+09 1.03748243e+09
 1.03748248e+09 1.03748252e+09 1.03748256e+09 1.03748260e+09
 1.03748265e+09 1.03748269e+09 1.03748273e+09 1.03748277e+09
 1.03748282e+09 1.03748286e+09 1.03748290e+09 1.03748294e+09
 1.03748299e+09 1.03748303e+09 1.03748307e+09 1.03748311e+09
 1.03748315e+09 1.03748320e+09 1.03748324e+09 1.03748328e+09
 1.03748332e+09 1.03748337e+09 1.03748341e+09 1.03748345e+09
 1.03748349e+09 1.03748354e+09 1.03748358e+09 1.03748362e+09
 1.03748366e+09 1.03748371e+09 1.03748375e+09 1.03748379e+09
 1.03748383e+09 1.03748387e+09 1.03748392e+09 1.03748396e+09
 1.03748400e+09 1.03748404e+09 1.03748409e+09 1.03748413e+09
 1.03748417e+09 1.03748421e+09 1.03748426e+09 1.03748430e+09
 1.03748434e+09 1.03748438e+09 1.03748443e+09 1.03748447e+09
 1.03748451e+09 1.03748455e+09 1.03748459e+09 1.03748464e+09
 1.03748468e+09 1.03748472e+09 1.03748476e+09 1.03748481e+09
 1.03748485e+09 1.03748489e+09 1.03748493e+09 1.03748498e+09
 1.03748502e+09 1.03748506e+09 1.03748510e+09 1.03748514e+09
 1.03748519e+09 1.03748523e+09 1.03748527e+09 1.03748531e+09
 1.03748536e+09 1.03748540e+09 1.03748544e+09 1.03748548e+09
 1.03748553e+09 1.03748557e+09 1.03748561e+09 1.03748565e+09
 1.03748570e+09 1.03748574e+09 1.03748578e+09 1.03748582e+09
 1.03748586e+09 1.03748591e+09 1.03748595e+09 1.03748599e+09
 1.03748603e+09 1.03748608e+09 1.03748612e+09 1.03748616e+09
 1.03748620e+09 1.03748625e+09 1.03748629e+09 1.03748633e+09
 1.03748637e+09 1.03748642e+09 1.03748646e+09 1.03748650e+09
 1.03748654e+09 1.03748658e+09 1.03748663e+09 1.03748667e+09
 1.03748671e+09 1.03748675e+09 1.03748680e+09 1.03748684e+09
 1.03748688e+09 1.03748692e+09 1.03748697e+09 1.03748701e+09
 1.03748705e+09 1.03748709e+09 1.03748714e+09 1.03748718e+09
 1.03748722e+09 1.03748726e+09 1.03748730e+09 1.03748735e+09
 1.03748739e+09 1.03748743e+09 1.03748747e+09 1.03748752e+09
 1.03748756e+09 1.03748760e+09 1.03748764e+09 1.03748769e+09
 1.03748773e+09 1.03748777e+09 1.03748781e+09 1.03748786e+09
 1.03748790e+09 1.03748794e+09 1.03748798e+09 1.03748802e+09
 1.03748807e+09 1.03748811e+09 1.03748815e+09 1.03748819e+09
 1.03748824e+09 1.03748828e+09 1.03748832e+09 1.03748836e+09
 1.03748841e+09 1.03748845e+09 1.03748849e+09 1.03748853e+09
 1.03748858e+09 1.03748862e+09 1.03748866e+09 1.03748870e+09
 1.03748874e+09 1.03748879e+09 1.03748883e+09 1.03748887e+09
 1.03748891e+09 1.03748896e+09 1.03748900e+09 1.03748904e+09
 1.03748908e+09 1.03748913e+09 1.03748917e+09 1.03748921e+09
 1.03748925e+09 1.03748929e+09 1.03748934e+09 1.03748938e+09
 1.03748942e+09 1.03748946e+09 1.03748951e+09 1.03748955e+09
 1.03748959e+09 1.03748963e+09 1.03748968e+09 1.03748972e+09
 1.03748976e+09 1.03748980e+09 1.03748985e+09 1.03748989e+09
 1.03748993e+09 1.03748997e+09 1.03749001e+09 1.03749006e+09
 1.03749010e+09 1.03749014e+09 1.03749018e+09 1.03749023e+09
 1.03749027e+09 1.03749031e+09 1.03749035e+09 1.03749040e+09
 1.03749044e+09 1.03749048e+09 1.03749052e+09 1.03749057e+09
 1.03749061e+09 1.03749065e+09 1.03749069e+09 1.03749073e+09
 1.03749078e+09 1.03749082e+09 1.03749086e+09 1.03749090e+09
 1.03749095e+09 1.03749099e+09 1.03749103e+09 1.03749107e+09
 1.03749112e+09 1.03749116e+09 1.03749120e+09 1.03749124e+09
 1.03749129e+09 1.03749133e+09 1.03749137e+09 1.03749141e+09
 1.03749145e+09 1.03749150e+09 1.03749154e+09 1.03749158e+09
 1.03749162e+09 1.03749167e+09 1.03749171e+09 1.03749175e+09
 1.03749179e+09 1.03749184e+09 1.03749188e+09 1.03749192e+09
 1.03749196e+09 1.03749201e+09 1.03749205e+09 1.03749209e+09
 1.03749213e+09 1.03749217e+09 1.03749222e+09 1.03749226e+09
 1.03749230e+09 1.03749234e+09 1.03749239e+09 1.03749243e+09
 1.03749247e+09 1.03749251e+09 1.03749256e+09 1.03749260e+09
 1.03749264e+09 1.03749268e+09 1.03749272e+09 1.03749277e+09
 1.03749281e+09 1.03749285e+09 1.03749289e+09 1.03749294e+09
 1.03749298e+09 1.03749302e+09 1.03749306e+09 1.03749311e+09
 1.03749315e+09 1.03749319e+09 1.03749323e+09 1.03749328e+09
 1.03749332e+09 1.03749336e+09 1.03749340e+09 1.03749344e+09
 1.03749349e+09 1.03749353e+09 1.03749357e+09 1.03749361e+09
 1.03749366e+09 1.03749370e+09 1.03749374e+09 1.03749378e+09
 1.03749383e+09 1.03749387e+09 1.03749391e+09 1.03749395e+09
 1.03749400e+09 1.03749404e+09 1.03749408e+09 1.03749412e+09
 1.03749416e+09 1.03749421e+09 1.03749425e+09 1.03749429e+09
 1.03749433e+09 1.03749438e+09 1.03749442e+09 1.03749446e+09
 1.03749450e+09 1.03749455e+09 1.03749459e+09 1.03749463e+09
 1.03749467e+09 1.03749472e+09 1.03749476e+09 1.03749480e+09
 1.03749484e+09 1.03749488e+09 1.03749493e+09 1.03749497e+09
 1.03749501e+09 1.03749505e+09 1.03749510e+09 1.03749514e+09
 1.03749518e+09 1.03749522e+09 1.03749527e+09 1.03749531e+09
 1.03749535e+09 1.03749539e+09 1.03749544e+09 1.03749548e+09
 1.03749552e+09 1.03749556e+09 1.03749560e+09 1.03749565e+09
 1.03749569e+09 1.03749573e+09 1.03749577e+09 1.03749582e+09
 1.03749586e+09 1.03749590e+09 1.03749594e+09 1.03749599e+09
 1.03749603e+09 1.03749607e+09 1.03749611e+09 1.03749615e+09
 1.03749620e+09 1.03749624e+09 1.03749628e+09 1.03749632e+09
 1.03749637e+09 1.03749641e+09 1.03749645e+09 1.03749649e+09
 1.03749654e+09 1.03749658e+09 1.03749662e+09 1.03749666e+09
 1.03749671e+09 1.03749675e+09 1.03749679e+09 1.03749683e+09
 1.03749687e+09 1.03749692e+09 1.03749696e+09 1.03749700e+09
 1.03749704e+09 1.03749709e+09 1.03749713e+09 1.03749717e+09
 1.03749721e+09 1.03749726e+09 1.03749730e+09 1.03749734e+09
 1.03749738e+09 1.03749743e+09 1.03749747e+09 1.03749751e+09
 1.03749755e+09 1.03749759e+09 1.03749764e+09 1.03749768e+09
 1.03749772e+09 1.03749776e+09 1.03749781e+09 1.03749785e+09
 1.03749789e+09 1.03749793e+09 1.03749798e+09 1.03749802e+09
 1.03749806e+09 1.03749810e+09 1.03749815e+09 1.03749819e+09
 1.03749823e+09 1.03749827e+09 1.03749831e+09 1.03749836e+09
 1.03749840e+09 1.03749844e+09 1.03749848e+09 1.03749853e+09
 1.03749857e+09 1.03749861e+09 1.03749865e+09 1.03749870e+09
 1.03749874e+09 1.03749878e+09 1.03749882e+09 1.03749887e+09
 1.03749891e+09 1.03749895e+09 1.03749899e+09 1.03749903e+09
 1.03749908e+09 1.03749912e+09 1.03749916e+09 1.03749920e+09
 1.03749925e+09 1.03749929e+09 1.03749933e+09 1.03749937e+09
 1.03749942e+09 1.03749946e+09 1.03749950e+09 1.03749954e+09
 1.03749958e+09 1.03749963e+09 1.03749967e+09 1.03749971e+09
 1.03749975e+09 1.03749980e+09 1.03749984e+09 1.03749988e+09
 1.03749992e+09 1.03749997e+09 1.03750001e+09 1.03750005e+09
 1.03750009e+09 1.03750014e+09 1.03750018e+09 1.03750022e+09
 1.03750026e+09 1.03750030e+09 1.03750035e+09 1.03750039e+09
 1.03750043e+09 1.03750047e+09 1.03750052e+09 1.03750056e+09
 1.03750060e+09 1.03750064e+09 1.03750069e+09 1.03750073e+09
 1.03750077e+09 1.03750081e+09 1.03750086e+09 1.03750090e+09
 1.03750094e+09 1.03750098e+09 1.03750102e+09 1.03750107e+09
 1.03750111e+09 1.03750115e+09 1.03750119e+09 1.03750124e+09
 1.03750128e+09 1.03750132e+09 1.03750136e+09 1.03750141e+09
 1.03750145e+09 1.03750149e+09 1.03750153e+09 1.03750158e+09
 1.03750162e+09 1.03750166e+09 1.03750170e+09 1.03750174e+09
 1.03750179e+09 1.03750183e+09 1.03750187e+09 1.03750191e+09
 1.03750196e+09 1.03750200e+09 1.03750204e+09 1.03750208e+09
 1.03750213e+09 1.03750217e+09 1.03750221e+09 1.03750225e+09
 1.03750230e+09 1.03750234e+09 1.03750238e+09 1.03750242e+09
 1.03750246e+09 1.03750251e+09 1.03750255e+09 1.03750259e+09
 1.03750263e+09 1.03750268e+09 1.03750272e+09 1.03750276e+09
 1.03750280e+09 1.03750285e+09 1.03750289e+09 1.03750293e+09
 1.03750297e+09 1.03750302e+09 1.03750306e+09 1.03750310e+09
 1.03750314e+09 1.03750318e+09 1.03750323e+09 1.03750327e+09
 1.03750331e+09 1.03750335e+09 1.03750340e+09 1.03750344e+09
 1.03750348e+09 1.03750352e+09 1.03750357e+09 1.03750361e+09
 1.03750365e+09 1.03750369e+09 1.03750373e+09 1.03750378e+09
 1.03750382e+09 1.03750386e+09 1.03750390e+09 1.03750395e+09
 1.03750399e+09 1.03750403e+09 1.03750407e+09 1.03750412e+09
 1.03750416e+09 1.03750420e+09 1.03750424e+09 1.03750429e+09
 1.03750433e+09 1.03750437e+09 1.03750441e+09 1.03750445e+09
 1.03750450e+09 1.03750454e+09 1.03750458e+09 1.03750462e+09
 1.03750467e+09 1.03750471e+09 1.03750475e+09 1.03750479e+09
 1.03750484e+09 1.03750488e+09 1.03750492e+09 1.03750496e+09
 1.03750501e+09 1.03750505e+09 1.03750509e+09 1.03750513e+09
 1.03750517e+09 1.03750522e+09 1.03750526e+09 1.03750530e+09
 1.03750534e+09 1.03750539e+09 1.03750543e+09 1.03750547e+09
 1.03750551e+09 1.03750556e+09 1.03750560e+09 1.03750564e+09
 1.03750568e+09 1.03750573e+09 1.03750577e+09 1.03750581e+09
 1.03750585e+09 1.03750589e+09 1.03750594e+09 1.03750598e+09
 1.03750602e+09 1.03750606e+09 1.03750611e+09 1.03750615e+09
 1.03750619e+09 1.03750623e+09 1.03750628e+09 1.03750632e+09
 1.03750636e+09 1.03750640e+09 1.03750645e+09 1.03750649e+09
 1.03750653e+09 1.03750657e+09 1.03750661e+09 1.03750666e+09
 1.03750670e+09 1.03750674e+09 1.03750678e+09 1.03750683e+09
 1.03750687e+09 1.03750691e+09 1.03750695e+09 1.03750700e+09
 1.03750704e+09 1.03750708e+09 1.03750712e+09 1.03750716e+09
 1.03750721e+09 1.03750725e+09 1.03750729e+09 1.03750733e+09
 1.03750738e+09 1.03750742e+09 1.03750746e+09 1.03750750e+09
 1.03750755e+09 1.03750759e+09 1.03750763e+09 1.03750767e+09
 1.03750772e+09 1.03750776e+09 1.03750780e+09 1.03750784e+09
 1.03750788e+09 1.03750793e+09 1.03750797e+09 1.03750801e+09
 1.03750805e+09 1.03750810e+09 1.03750814e+09 1.03750818e+09
 1.03750822e+09 1.03750827e+09 1.03750831e+09 1.03750835e+09
 1.03750839e+09 1.03750844e+09 1.03750848e+09 1.03750852e+09
 1.03750856e+09 1.03750860e+09 1.03750865e+09 1.03750869e+09
 1.03750873e+09 1.03750877e+09 1.03750882e+09 1.03750886e+09
 1.03750890e+09 1.03750894e+09 1.03750899e+09 1.03750903e+09
 1.03750907e+09 1.03750911e+09 1.03750916e+09 1.03750920e+09
 1.03750924e+09 1.03750928e+09 1.03750932e+09 1.03750937e+09
 1.03750941e+09 1.03750945e+09 1.03750949e+09 1.03750954e+09
 1.03750958e+09 1.03750962e+09 1.03750966e+09 1.03750971e+09
 1.03750975e+09 1.03750979e+09 1.03750983e+09 1.03750988e+09
 1.03750992e+09 1.03750996e+09 1.03751000e+09 1.03751004e+09
 1.03751009e+09 1.03751013e+09 1.03751017e+09 1.03751021e+09
 1.03751026e+09 1.03751030e+09 1.03751034e+09 1.03751038e+09
 1.03751043e+09 1.03751047e+09 1.03751051e+09 1.03751055e+09
 1.03751059e+09 1.03751064e+09 1.03751068e+09 1.03751072e+09
 1.03751076e+09 1.03751081e+09 1.03751085e+09 1.03751089e+09
 1.03751093e+09 1.03751098e+09 1.03751102e+09 1.03751106e+09
 1.03751110e+09 1.03751115e+09 1.03751119e+09 1.03751123e+09
 1.03751127e+09 1.03751131e+09 1.03751136e+09 1.03751140e+09
 1.03751144e+09 1.03751148e+09 1.03751153e+09 1.03751157e+09]
minRes = 0.12303843860878057
minResTime =  [1.0375114e+09]
