name =JUICE_ROI_CAL_5_0_18
flyby =  ['2032 SEP 27 04:26:36', '2032 SEP 28 04:26:36']
Observation TW =  <SpiceCell dtype = 1, length = 0, size = 3000, card = 10, is_set = 1, adjust = 0, init = 1, base = 2554805648640, data = 2554805648688>
Res(t) =  [4.70441576 4.70067695 4.69693759 4.69319767 4.6894572  4.68571618
 4.68197459 4.67823245 4.67448975 4.67074649 4.66700267 4.66325828
 4.65951334 4.65576783 4.65202175 4.64827511 4.6445279  4.64078012
 4.63703177 4.63328286 4.62953337 4.62578331 4.62203268 4.61828147
 4.61452969 4.61077733 4.6070244  4.60327088 4.59951679 4.59576212
 4.59200687 4.58825103 4.58449461 4.58073761 4.57698003 4.57322185
 4.56946309 4.56570374 4.56194381 4.55818328 4.55442216 4.55066045
 4.54689815 4.54313525 4.53937176 4.53560767 4.53184298 4.5280777
 4.52431182 4.52054533 4.51677825 4.51301056 4.50924228 4.50547338
 4.50170388 4.49793378 4.49416307 4.49039175 4.48661982 4.48284728
 4.47907413 4.47530037 4.47152599 4.467751   4.46397539 4.46019917
 4.45642233 4.45264487 4.4488668  4.4450881  4.44130878 4.43752884
 4.43374828 4.42996709 4.42618527 4.42240283 4.41861976 4.41483607
 4.41105174 4.40726678 4.4034812  4.39969498 4.39590812 4.39212063
 4.38833251 4.38454374 4.38075435 4.37696431 4.37317363 4.36938231
 4.36559035 4.36179775 4.3580045  4.35421061 4.35041607 4.34662088
 4.34282505 4.33902857 4.33523143 4.33143365 4.32763522 4.32383613
 4.32003638 4.31623599 4.31243493 4.30863322 4.30483085 4.30102782
 4.29722413 4.29341978 4.28961476 4.28580909 4.28200274 4.27819574
 4.27438806 4.27057972 4.26677071 4.26296103 4.25915068 4.25533965
 4.25152796 4.24771559 4.24390254 4.24008882 4.23627442 4.23245934
 4.22864359 4.22482715 4.22101004 4.21719224 4.21337375 4.20955459
 4.20573473 4.20191419 4.19809297 4.19427105 4.19044845 4.18662515
 4.18280116 4.17897648 4.17515111 4.17132504 4.16749827 4.16367081
 4.15984265 4.15601379 4.15218423 4.14835397 4.14452301 4.14069134
 4.13685897 4.13302589 4.12919211 4.12535762 4.12152242 4.11768651
 4.11384989 4.11001256 4.10617451 4.10233575 4.09849628 4.09465609
 4.09081518 4.08697356 4.08313121 4.07928815 4.07544436 4.07159985
 4.06775462 4.06390866 4.06006198 4.05621457 4.05236643 4.04851756
 4.04466796 4.04081764 4.03696658 4.03311478 4.02926225 4.02540899
 4.02155499 4.01770025 4.01384478 4.00998856 4.00613161 4.00227391
 3.99841547 3.99455628 3.99069635 3.98683568 3.98297425 3.97911208
 3.97524916 3.97138549 3.96752106 3.96365589 3.95978996 3.95592327
 3.95205583 3.94818764 3.94431868 3.94044897 3.93657849 3.93270725
 3.92883526 3.92496249 3.92108897 3.91721467 3.91333961 3.90946379
 3.90558719 3.90170982 3.89783169 3.89395278 3.89007309 3.88619264
 3.8823114  3.87842939 3.87454661 3.87066304 3.86677869 3.86289356
 3.85900766 3.85512096 3.85123349 3.84734522 3.84345617 3.83956634
 3.83567571 3.8317843  3.82789209 3.82399909 3.8201053  3.81621071
 3.81231533 3.80841916 3.80452218 3.80062441 3.79672583 3.79282646
 3.78892628 3.7850253  3.78112352 3.77722093 3.77331753 3.76941333
 3.76550832 3.7616025  3.75769586 3.75378842 3.74988016 3.74597109
 3.7420612  3.7381505  3.73423898 3.73032664 3.72641348 3.7224995
 3.71858469 3.71466907 3.71075261 3.70683534 3.70291724 3.69899831
 3.69507855 3.69115796 3.68723654 3.68331428 3.6793912  3.67546728
 3.67154252 3.66761693 3.6636905  3.65976323 3.65583512 3.65190617
 3.64797638 3.64404574 3.64011426 3.63618193 3.63224876 3.62831474
 3.62437987 3.62044415 3.61650758 3.61257015 3.60863187 3.60469274
 3.60075275 3.5968119  3.5928702  3.58892763 3.58498421 3.58103992
 3.57709477 3.57314876 3.56920188 3.56525414 3.56130553 3.55735604
 3.55340569 3.54945447 3.54550238 3.54154942 3.53759558 3.53364086
 3.52968527 3.5257288  3.52177145 3.51781322 3.51385411 3.50989412
 3.50593324 3.50197148 3.49800884 3.4940453  3.49008088 3.48611557
 3.48214937 3.47818228 3.4742143  3.47024542 3.46627564 3.46230497
 3.45833341 3.45436094 3.45038757 3.44641331 3.44243814 3.43846207
 3.43448509 3.43050721 3.42652842 3.42254873 3.41856812 3.41458661
 3.41060418 3.40662084 3.40263659 3.39865142 3.39466534 3.39067834
 3.38669042 3.38270158 3.37871183 3.37472115 3.37072954 3.36673701
 3.36274356 3.35874918 3.35475387 3.35075764 3.34676047 3.34276237
 3.33876334 3.33476338 3.33076248 3.32676065 3.32275788 3.31875417
 3.31474952 3.31074393 3.3067374  3.30272992 3.2987215  3.29471214
 3.29070183 3.28669057 3.28267836 3.2786652  3.27465109 3.27063603
 3.26662002 3.26260305 3.25858512 3.25456623 3.25054639 3.24652559
 3.24250383 3.2384811  3.23445741 3.23043276 3.22640714 3.22238056
 3.218353   3.21432448 3.21029499 3.20626452 3.20223309 3.19820068
 3.19416729 3.19013293 3.18609759 3.18206127 3.17802397 3.17398569
 3.16994642 3.16590618 3.16186494 3.15782273 3.15377952 3.14973533
 3.14569014 3.14164397 3.1375968  3.13354864 3.12949949 3.12544934
 3.12139819 3.11734605 3.11329291 3.10923876 3.10518362 3.10112747
 3.09707031 3.09301215 3.08895299 3.08489282 3.08083163 3.07676944
 3.07270624 3.06864202 3.06457679 3.06051054 3.05644328 3.052375
 3.0483057  3.04423539 3.04016405 3.03609169 3.0320183  3.02794389
 3.02386845 3.01979199 3.0157145  3.01163597 3.00755642 3.00347584
 2.99939422 2.99531156 2.99122787 2.98714315 2.98305738 2.97897058
 2.97488273 2.97079385 2.96670392 2.96261294 2.95852092 2.95442785
 2.95033374 2.94623857 2.94214235 2.93804509 2.93394677 2.92984739
 2.92574696 2.92164547 2.91754293 2.91343932 2.90933466 2.90522893
 2.90112214 2.89701428 2.89290536 2.88879538 2.88468432 2.8805722
 2.876459   2.87234474 2.8682294  2.86411298 2.8599955  2.85587693
 2.85175729 2.84763657 2.84351476 2.83939188 2.83526791 2.83114286
 2.82701673 2.8228895  2.81876119 2.81463179 2.8105013  2.80636972
 2.80223705 2.79810328 2.79396841 2.78983245 2.7856954  2.78155724
 2.77741798 2.77327762 2.76913616 2.76499359 2.76084992 2.75670515
 2.75255926 2.74841227 2.74426416 2.74011495 2.73596462 2.73181318
 2.72766062 2.72350694 2.71935215 2.71519624 2.71103921 2.70688105
 2.70272178 2.69856138 2.69439985 2.6902372  2.68607342 2.68190851
 2.67774248 2.6735753  2.669407   2.66523756 2.66106699 2.65689528
 2.65272244 2.64854845 2.64437332 2.64019706 2.63601965 2.63184109
 2.62766139 2.62348054 2.61929855 2.61511541 2.61093111 2.60674567
 2.60255907 2.59837132 2.59418241 2.58999234 2.58580112 2.58160874
 2.5774152  2.5732205  2.56902463 2.5648276  2.5606294  2.55643004
 2.55222951 2.54802781 2.54382494 2.5396209  2.53541568 2.5312093
 2.52700173 2.52279299 2.51858307 2.51437197 2.5101597  2.50594624
 2.50173159 2.49751576 2.49329875 2.48908055 2.48486117 2.48064059
 2.47641882 2.47219586 2.46797171 2.46374637 2.45951983 2.45529209
 2.45106315 2.44683302 2.44260168 2.43836915 2.43413541 2.42990046
 2.42566431 2.42142696 2.41718839 2.41294862 2.40870764 2.40446544
 2.40022203 2.39597741 2.39173157 2.38748452 2.38323625 2.37898676
 2.37473605 2.37048412 2.36623096 2.36197658 2.35772098 2.35346415
 2.34920609 2.3449468  2.34068629 2.33642454 2.33216156 2.32789734
 2.32363189 2.3193652  2.31509728 2.31082812 2.30655772 2.30228607
 2.29801319 2.29373906 2.28946368 2.28518706 2.2809092  2.27663008
 2.27234972 2.2680681  2.26378523 2.25950111 2.25521573 2.2509291
 2.24664121 2.24235207 2.23806166 2.23377    2.22947707 2.22518288
 2.22088742 2.2165907  2.21229272 2.20799346 2.20369294 2.19939115
 2.19508808 2.19078375 2.18647814 2.18217125 2.17786309 2.17355366
 2.16924294 2.16493095 2.16061767 2.15630312 2.15198728 2.14767015
 2.14335174 2.13903205 2.13471107 2.1303888  2.12606524 2.12174038
 2.11741424 2.1130868  2.10875807 2.10442805 2.10009672 2.0957641
 2.09143018 2.08709496 2.08275844 2.07842062 2.07408149 2.06974106
 2.06539933 2.06105629 2.05671194 2.05236628 2.04801931 2.04367103
 2.03932144 2.03497054 2.03061832 2.02626479 2.02190994 2.01755377
 2.01319628 2.00883748 2.00447735 2.00011591 1.99575314 1.99138904
 1.98702363 1.98265688 1.97828881 1.97391942 1.96954869 1.96517664
 1.96080325 1.95642853 1.95205248 1.9476751  1.94329638 1.93891632
 1.93453493 1.9301522  1.92576814 1.92138273 1.91699598 1.91260789
 1.90821846 1.90382769 1.89943557 1.89504211 1.8906473  1.88625115
 1.88185364 1.87745479 1.87305459 1.86865304 1.86425014 1.85984588
 1.85544028 1.85103331 1.846625   1.84221533 1.8378043  1.83339192
 1.82897818 1.82456307 1.82014662 1.8157288  1.81130962 1.80688907
 1.80246717 1.7980439  1.79361927 1.78919327 1.78476591 1.78033719
 1.77590709 1.77147563 1.7670428  1.76260861 1.75817304 1.75373611
 1.7492978  1.74485812 1.74041707 1.73597465 1.73153086 1.72708569
 1.72263915 1.71819123 1.71374194 1.70929128 1.70483924 1.70038582
 1.69593103 1.69147485 1.68701731 1.68255838 1.67809807 1.67363639
 1.66917333 1.66470888 1.66024306 1.65577586 1.65130728 1.64683731
 1.64236597 1.63789324 1.63341914 1.62894365 1.62446678 1.61998852
 1.61550889 1.61102787 1.60654548 1.6020617  1.59757653 1.59308999
 1.58860206 1.58411275 1.57962206 1.57512998 1.57063652 1.56614169
 1.56164547 1.55714786 1.55264888 1.54814851 1.54364677 1.53914364
 1.53463913 1.53013324 1.52562597 1.52111733 1.5166073  1.5120959
 1.50758311 1.50306895 1.49855341 1.4940365  1.48951821 1.48499854
 1.48047751 1.47595509 1.47143131 1.46690615 1.46237962 1.45785172
 1.45332245 1.44879181 1.4442598  1.43972643 1.43519169 1.43065559
 1.42611813 1.4215793  1.41703912 1.41249757 1.40795467 1.4034104
 1.39886479 1.39431782 1.3897695  1.38521983 1.38066881 1.37611645
 1.37156274 1.36700768 1.36245129 1.35789356 1.35333449 1.34877408
 1.34421234 1.33964928 1.33508488 1.33051916 1.32595212 1.32138375
 1.31681407 1.31224307 1.30767076 1.30309714 1.29852222 1.29394599
 1.28936846 1.28478963 1.28020951 1.2756281  1.27104541 1.26646143
 1.26187617 1.25728963 1.25270183 1.24811276 1.24352242 1.23893082
 1.23433797 1.22974387 1.22514852 1.22055194 1.21595411 1.21135506
 1.20675478 1.20215328 1.19755056 1.19294664 1.18834151 1.18373518
 1.17912766 1.17451896 1.16990908 1.16529802 1.1606858  1.15607242
 1.15145789 1.14684221 1.14222539 1.13760745 1.13298838 1.1283682
 1.12374691 1.11912453 1.11450106 1.10987651 1.10525089 1.10062421
 1.09599648 1.0913677  1.0867379  1.08210708 1.07747524 1.07284241
 1.06820859 1.0635738  1.05893804 1.05430134 1.04966369 1.04502512
 1.04038564 1.03574526 1.03110399 1.02646186 1.02181887 1.01717505
 1.0125304  1.00788494 1.00323869 0.99859167 0.99394389 0.98929538
 0.98464615 0.97999621 0.9753456  0.97069433 0.96604242 0.96138989
 0.95673676 0.95208306 0.94316675 0.93850001 0.93383262 0.92916461
 0.92449599 0.91982681 0.91515707 0.9104868  0.90581604 0.9011448
 0.89647312 0.89180101 0.88712853 0.88245568 0.8777825  0.87310904
 0.86843531 0.86376135 0.85908721 0.85441291 0.84973849 0.845064
 0.84038946 0.83571494 0.83104046 0.82636607 0.82169182 0.81701775
 0.81234392 0.80767037 0.80299716 0.79832434 0.79365197 0.78898011
 0.78430881 0.77963815 0.77496818 0.77029897 0.76563059 0.76096311
 0.75629661 0.75163117 0.74696686 0.74230378 0.737642   0.73298161
 0.72832272 0.72366542 0.71900981 0.71435599 0.70970408 0.70505419
 0.70040643 0.69576094 0.69111784 0.68647726 0.68183935 0.67720425
 0.67257212 0.66794312 0.6633174  0.65869515 0.65407654 0.64946178
 0.64485105 0.64024457 0.63564255 0.63104523 0.62645283 0.62186563
 0.61728387 0.61270785 0.60813784 0.60357417 0.59901714 0.59446711
 0.58992442 0.58538947 0.58086264 0.57634436 0.57183508 0.56733526
 0.5628454  0.55836604 0.55389773 0.54944106 0.54499667 0.54056522
 0.53614743 0.53174405 0.5273559  0.52298384]
t =  [1.03314407e+09 1.03314411e+09 1.03314414e+09 1.03314418e+09
 1.03314422e+09 1.03314426e+09 1.03314430e+09 1.03314434e+09
 1.03314438e+09 1.03314442e+09 1.03314446e+09 1.03314450e+09
 1.03314454e+09 1.03314458e+09 1.03314462e+09 1.03314466e+09
 1.03314470e+09 1.03314474e+09 1.03314478e+09 1.03314482e+09
 1.03314486e+09 1.03314490e+09 1.03314494e+09 1.03314498e+09
 1.03314502e+09 1.03314506e+09 1.03314510e+09 1.03314514e+09
 1.03314518e+09 1.03314522e+09 1.03314526e+09 1.03314530e+09
 1.03314534e+09 1.03314538e+09 1.03314542e+09 1.03314546e+09
 1.03314550e+09 1.03314554e+09 1.03314558e+09 1.03314562e+09
 1.03314566e+09 1.03314570e+09 1.03314574e+09 1.03314578e+09
 1.03314582e+09 1.03314586e+09 1.03314590e+09 1.03314594e+09
 1.03314598e+09 1.03314602e+09 1.03314606e+09 1.03314610e+09
 1.03314614e+09 1.03314618e+09 1.03314622e+09 1.03314626e+09
 1.03314630e+09 1.03314633e+09 1.03314637e+09 1.03314641e+09
 1.03314645e+09 1.03314649e+09 1.03314653e+09 1.03314657e+09
 1.03314661e+09 1.03314665e+09 1.03314669e+09 1.03314673e+09
 1.03314677e+09 1.03314681e+09 1.03314685e+09 1.03314689e+09
 1.03314693e+09 1.03314697e+09 1.03314701e+09 1.03314705e+09
 1.03314709e+09 1.03314713e+09 1.03314717e+09 1.03314721e+09
 1.03314725e+09 1.03314729e+09 1.03314733e+09 1.03314737e+09
 1.03314741e+09 1.03314745e+09 1.03314749e+09 1.03314753e+09
 1.03314757e+09 1.03314761e+09 1.03314765e+09 1.03314769e+09
 1.03314773e+09 1.03314777e+09 1.03314781e+09 1.03314785e+09
 1.03314789e+09 1.03314793e+09 1.03314797e+09 1.03314801e+09
 1.03314805e+09 1.03314809e+09 1.03314813e+09 1.03314817e+09
 1.03314821e+09 1.03314825e+09 1.03314829e+09 1.03314833e+09
 1.03314837e+09 1.03314841e+09 1.03314845e+09 1.03314849e+09
 1.03314853e+09 1.03314856e+09 1.03314860e+09 1.03314864e+09
 1.03314868e+09 1.03314872e+09 1.03314876e+09 1.03314880e+09
 1.03314884e+09 1.03314888e+09 1.03314892e+09 1.03314896e+09
 1.03314900e+09 1.03314904e+09 1.03314908e+09 1.03314912e+09
 1.03314916e+09 1.03314920e+09 1.03314924e+09 1.03314928e+09
 1.03314932e+09 1.03314936e+09 1.03314940e+09 1.03314944e+09
 1.03314948e+09 1.03314952e+09 1.03314956e+09 1.03314960e+09
 1.03314964e+09 1.03314968e+09 1.03314972e+09 1.03314976e+09
 1.03314980e+09 1.03314984e+09 1.03314988e+09 1.03314992e+09
 1.03314996e+09 1.03315000e+09 1.03315004e+09 1.03315008e+09
 1.03315012e+09 1.03315016e+09 1.03315020e+09 1.03315024e+09
 1.03315028e+09 1.03315032e+09 1.03315036e+09 1.03315040e+09
 1.03315044e+09 1.03315048e+09 1.03315052e+09 1.03315056e+09
 1.03315060e+09 1.03315064e+09 1.03315068e+09 1.03315072e+09
 1.03315075e+09 1.03315079e+09 1.03315083e+09 1.03315087e+09
 1.03315091e+09 1.03315095e+09 1.03315099e+09 1.03315103e+09
 1.03315107e+09 1.03315111e+09 1.03315115e+09 1.03315119e+09
 1.03315123e+09 1.03315127e+09 1.03315131e+09 1.03315135e+09
 1.03315139e+09 1.03315143e+09 1.03315147e+09 1.03315151e+09
 1.03315155e+09 1.03315159e+09 1.03315163e+09 1.03315167e+09
 1.03315171e+09 1.03315175e+09 1.03315179e+09 1.03315183e+09
 1.03315187e+09 1.03315191e+09 1.03315195e+09 1.03315199e+09
 1.03315203e+09 1.03315207e+09 1.03315211e+09 1.03315215e+09
 1.03315219e+09 1.03315223e+09 1.03315227e+09 1.03315231e+09
 1.03315235e+09 1.03315239e+09 1.03315243e+09 1.03315247e+09
 1.03315251e+09 1.03315255e+09 1.03315259e+09 1.03315263e+09
 1.03315267e+09 1.03315271e+09 1.03315275e+09 1.03315279e+09
 1.03315283e+09 1.03315287e+09 1.03315291e+09 1.03315295e+09
 1.03315298e+09 1.03315302e+09 1.03315306e+09 1.03315310e+09
 1.03315314e+09 1.03315318e+09 1.03315322e+09 1.03315326e+09
 1.03315330e+09 1.03315334e+09 1.03315338e+09 1.03315342e+09
 1.03315346e+09 1.03315350e+09 1.03315354e+09 1.03315358e+09
 1.03315362e+09 1.03315366e+09 1.03315370e+09 1.03315374e+09
 1.03315378e+09 1.03315382e+09 1.03315386e+09 1.03315390e+09
 1.03315394e+09 1.03315398e+09 1.03315402e+09 1.03315406e+09
 1.03315410e+09 1.03315414e+09 1.03315418e+09 1.03315422e+09
 1.03315426e+09 1.03315430e+09 1.03315434e+09 1.03315438e+09
 1.03315442e+09 1.03315446e+09 1.03315450e+09 1.03315454e+09
 1.03315458e+09 1.03315462e+09 1.03315466e+09 1.03315470e+09
 1.03315474e+09 1.03315478e+09 1.03315482e+09 1.03315486e+09
 1.03315490e+09 1.03315494e+09 1.03315498e+09 1.03315502e+09
 1.03315506e+09 1.03315510e+09 1.03315514e+09 1.03315517e+09
 1.03315521e+09 1.03315525e+09 1.03315529e+09 1.03315533e+09
 1.03315537e+09 1.03315541e+09 1.03315545e+09 1.03315549e+09
 1.03315553e+09 1.03315557e+09 1.03315561e+09 1.03315565e+09
 1.03315569e+09 1.03315573e+09 1.03315577e+09 1.03315581e+09
 1.03315585e+09 1.03315589e+09 1.03315593e+09 1.03315597e+09
 1.03315601e+09 1.03315605e+09 1.03315609e+09 1.03315613e+09
 1.03315617e+09 1.03315621e+09 1.03315625e+09 1.03315629e+09
 1.03315633e+09 1.03315637e+09 1.03315641e+09 1.03315645e+09
 1.03315649e+09 1.03315653e+09 1.03315657e+09 1.03315661e+09
 1.03315665e+09 1.03315669e+09 1.03315673e+09 1.03315677e+09
 1.03315681e+09 1.03315685e+09 1.03315689e+09 1.03315693e+09
 1.03315697e+09 1.03315701e+09 1.03315705e+09 1.03315709e+09
 1.03315713e+09 1.03315717e+09 1.03315721e+09 1.03315725e+09
 1.03315729e+09 1.03315733e+09 1.03315737e+09 1.03315740e+09
 1.03315744e+09 1.03315748e+09 1.03315752e+09 1.03315756e+09
 1.03315760e+09 1.03315764e+09 1.03315768e+09 1.03315772e+09
 1.03315776e+09 1.03315780e+09 1.03315784e+09 1.03315788e+09
 1.03315792e+09 1.03315796e+09 1.03315800e+09 1.03315804e+09
 1.03315808e+09 1.03315812e+09 1.03315816e+09 1.03315820e+09
 1.03315824e+09 1.03315828e+09 1.03315832e+09 1.03315836e+09
 1.03315840e+09 1.03315844e+09 1.03315848e+09 1.03315852e+09
 1.03315856e+09 1.03315860e+09 1.03315864e+09 1.03315868e+09
 1.03315872e+09 1.03315876e+09 1.03315880e+09 1.03315884e+09
 1.03315888e+09 1.03315892e+09 1.03315896e+09 1.03315900e+09
 1.03315904e+09 1.03315908e+09 1.03315912e+09 1.03315916e+09
 1.03315920e+09 1.03315924e+09 1.03315928e+09 1.03315932e+09
 1.03315936e+09 1.03315940e+09 1.03315944e+09 1.03315948e+09
 1.03315952e+09 1.03315956e+09 1.03315959e+09 1.03315963e+09
 1.03315967e+09 1.03315971e+09 1.03315975e+09 1.03315979e+09
 1.03315983e+09 1.03315987e+09 1.03315991e+09 1.03315995e+09
 1.03315999e+09 1.03316003e+09 1.03316007e+09 1.03316011e+09
 1.03316015e+09 1.03316019e+09 1.03316023e+09 1.03316027e+09
 1.03316031e+09 1.03316035e+09 1.03316039e+09 1.03316043e+09
 1.03316047e+09 1.03316051e+09 1.03316055e+09 1.03316059e+09
 1.03316063e+09 1.03316067e+09 1.03316071e+09 1.03316075e+09
 1.03316079e+09 1.03316083e+09 1.03316087e+09 1.03316091e+09
 1.03316095e+09 1.03316099e+09 1.03316103e+09 1.03316107e+09
 1.03316111e+09 1.03316115e+09 1.03316119e+09 1.03316123e+09
 1.03316127e+09 1.03316131e+09 1.03316135e+09 1.03316139e+09
 1.03316143e+09 1.03316147e+09 1.03316151e+09 1.03316155e+09
 1.03316159e+09 1.03316163e+09 1.03316167e+09 1.03316171e+09
 1.03316175e+09 1.03316179e+09 1.03316182e+09 1.03316186e+09
 1.03316190e+09 1.03316194e+09 1.03316198e+09 1.03316202e+09
 1.03316206e+09 1.03316210e+09 1.03316214e+09 1.03316218e+09
 1.03316222e+09 1.03316226e+09 1.03316230e+09 1.03316234e+09
 1.03316238e+09 1.03316242e+09 1.03316246e+09 1.03316250e+09
 1.03316254e+09 1.03316258e+09 1.03316262e+09 1.03316266e+09
 1.03316270e+09 1.03316274e+09 1.03316278e+09 1.03316282e+09
 1.03316286e+09 1.03316290e+09 1.03316294e+09 1.03316298e+09
 1.03316302e+09 1.03316306e+09 1.03316310e+09 1.03316314e+09
 1.03316318e+09 1.03316322e+09 1.03316326e+09 1.03316330e+09
 1.03316334e+09 1.03316338e+09 1.03316342e+09 1.03316346e+09
 1.03316350e+09 1.03316354e+09 1.03316358e+09 1.03316362e+09
 1.03316366e+09 1.03316370e+09 1.03316374e+09 1.03316378e+09
 1.03316382e+09 1.03316386e+09 1.03316390e+09 1.03316394e+09
 1.03316398e+09 1.03316401e+09 1.03316405e+09 1.03316409e+09
 1.03316413e+09 1.03316417e+09 1.03316421e+09 1.03316425e+09
 1.03316429e+09 1.03316433e+09 1.03316437e+09 1.03316441e+09
 1.03316445e+09 1.03316449e+09 1.03316453e+09 1.03316457e+09
 1.03316461e+09 1.03316465e+09 1.03316469e+09 1.03316473e+09
 1.03316477e+09 1.03316481e+09 1.03316485e+09 1.03316489e+09
 1.03316493e+09 1.03316497e+09 1.03316501e+09 1.03316505e+09
 1.03316509e+09 1.03316513e+09 1.03316517e+09 1.03316521e+09
 1.03316525e+09 1.03316529e+09 1.03316533e+09 1.03316537e+09
 1.03316541e+09 1.03316545e+09 1.03316549e+09 1.03316553e+09
 1.03316557e+09 1.03316561e+09 1.03316565e+09 1.03316569e+09
 1.03316573e+09 1.03316577e+09 1.03316581e+09 1.03316585e+09
 1.03316589e+09 1.03316593e+09 1.03316597e+09 1.03316601e+09
 1.03316605e+09 1.03316609e+09 1.03316613e+09 1.03316617e+09
 1.03316621e+09 1.03316624e+09 1.03316628e+09 1.03316632e+09
 1.03316636e+09 1.03316640e+09 1.03316644e+09 1.03316648e+09
 1.03316652e+09 1.03316656e+09 1.03316660e+09 1.03316664e+09
 1.03316668e+09 1.03316672e+09 1.03316676e+09 1.03316680e+09
 1.03316684e+09 1.03316688e+09 1.03316692e+09 1.03316696e+09
 1.03316700e+09 1.03316704e+09 1.03316708e+09 1.03316712e+09
 1.03316716e+09 1.03316720e+09 1.03316724e+09 1.03316728e+09
 1.03316732e+09 1.03316736e+09 1.03316740e+09 1.03316744e+09
 1.03316748e+09 1.03316752e+09 1.03316756e+09 1.03316760e+09
 1.03316764e+09 1.03316768e+09 1.03316772e+09 1.03316776e+09
 1.03316780e+09 1.03316784e+09 1.03316788e+09 1.03316792e+09
 1.03316796e+09 1.03316800e+09 1.03316804e+09 1.03316808e+09
 1.03316812e+09 1.03316816e+09 1.03316820e+09 1.03316824e+09
 1.03316828e+09 1.03316832e+09 1.03316836e+09 1.03316840e+09
 1.03316843e+09 1.03316847e+09 1.03316851e+09 1.03316855e+09
 1.03316859e+09 1.03316863e+09 1.03316867e+09 1.03316871e+09
 1.03316875e+09 1.03316879e+09 1.03316883e+09 1.03316887e+09
 1.03316891e+09 1.03316895e+09 1.03316899e+09 1.03316903e+09
 1.03316907e+09 1.03316911e+09 1.03316915e+09 1.03316919e+09
 1.03316923e+09 1.03316927e+09 1.03316931e+09 1.03316935e+09
 1.03316939e+09 1.03316943e+09 1.03316947e+09 1.03316951e+09
 1.03316955e+09 1.03316959e+09 1.03316963e+09 1.03316967e+09
 1.03316971e+09 1.03316975e+09 1.03316979e+09 1.03316983e+09
 1.03316987e+09 1.03316991e+09 1.03316995e+09 1.03316999e+09
 1.03317003e+09 1.03317007e+09 1.03317011e+09 1.03317015e+09
 1.03317019e+09 1.03317023e+09 1.03317027e+09 1.03317031e+09
 1.03317035e+09 1.03317039e+09 1.03317043e+09 1.03317047e+09
 1.03317051e+09 1.03317055e+09 1.03317059e+09 1.03317063e+09
 1.03317066e+09 1.03317070e+09 1.03317074e+09 1.03317078e+09
 1.03317082e+09 1.03317086e+09 1.03317090e+09 1.03317094e+09
 1.03317098e+09 1.03317102e+09 1.03317106e+09 1.03317110e+09
 1.03317114e+09 1.03317118e+09 1.03317122e+09 1.03317126e+09
 1.03317130e+09 1.03317134e+09 1.03317138e+09 1.03317142e+09
 1.03317146e+09 1.03317150e+09 1.03317154e+09 1.03317158e+09
 1.03317162e+09 1.03317166e+09 1.03317170e+09 1.03317174e+09
 1.03317178e+09 1.03317182e+09 1.03317186e+09 1.03317190e+09
 1.03317194e+09 1.03317198e+09 1.03317202e+09 1.03317206e+09
 1.03317210e+09 1.03317214e+09 1.03317218e+09 1.03317222e+09
 1.03317226e+09 1.03317230e+09 1.03317234e+09 1.03317238e+09
 1.03317242e+09 1.03317246e+09 1.03317250e+09 1.03317254e+09
 1.03317258e+09 1.03317262e+09 1.03317266e+09 1.03317270e+09
 1.03317274e+09 1.03317278e+09 1.03317282e+09 1.03317285e+09
 1.03317289e+09 1.03317293e+09 1.03317297e+09 1.03317301e+09
 1.03317305e+09 1.03317309e+09 1.03317313e+09 1.03317317e+09
 1.03317321e+09 1.03317325e+09 1.03317329e+09 1.03317333e+09
 1.03317337e+09 1.03317341e+09 1.03317345e+09 1.03317349e+09
 1.03317353e+09 1.03317357e+09 1.03317361e+09 1.03317365e+09
 1.03317369e+09 1.03317373e+09 1.03317377e+09 1.03317381e+09
 1.03317385e+09 1.03317389e+09 1.03317393e+09 1.03317397e+09
 1.03317401e+09 1.03317405e+09 1.03317409e+09 1.03317413e+09
 1.03317417e+09 1.03317421e+09 1.03317425e+09 1.03317429e+09
 1.03317433e+09 1.03317437e+09 1.03317441e+09 1.03317445e+09
 1.03317449e+09 1.03317453e+09 1.03317457e+09 1.03317461e+09
 1.03317465e+09 1.03317469e+09 1.03317473e+09 1.03317477e+09
 1.03317481e+09 1.03317485e+09 1.03317489e+09 1.03317493e+09
 1.03317497e+09 1.03317501e+09 1.03317505e+09 1.03317508e+09
 1.03317512e+09 1.03317516e+09 1.03317520e+09 1.03317524e+09
 1.03317528e+09 1.03317532e+09 1.03317536e+09 1.03317540e+09
 1.03317544e+09 1.03317548e+09 1.03317552e+09 1.03317556e+09
 1.03317560e+09 1.03317564e+09 1.03317568e+09 1.03317572e+09
 1.03317576e+09 1.03317580e+09 1.03317584e+09 1.03317588e+09
 1.03317592e+09 1.03317596e+09 1.03317600e+09 1.03317604e+09
 1.03317608e+09 1.03317612e+09 1.03317616e+09 1.03317620e+09
 1.03317624e+09 1.03317628e+09 1.03317632e+09 1.03317636e+09
 1.03317640e+09 1.03317644e+09 1.03317648e+09 1.03317652e+09
 1.03317656e+09 1.03317660e+09 1.03317664e+09 1.03317668e+09
 1.03317672e+09 1.03317676e+09 1.03317680e+09 1.03317684e+09
 1.03317688e+09 1.03317692e+09 1.03317696e+09 1.03317700e+09
 1.03317704e+09 1.03317708e+09 1.03317712e+09 1.03317716e+09
 1.03317720e+09 1.03317724e+09 1.03317727e+09 1.03317731e+09
 1.03317735e+09 1.03317739e+09 1.03317743e+09 1.03317747e+09
 1.03317751e+09 1.03317755e+09 1.03317759e+09 1.03317763e+09
 1.03317767e+09 1.03317771e+09 1.03317775e+09 1.03317779e+09
 1.03317783e+09 1.03317787e+09 1.03317791e+09 1.03317795e+09
 1.03317799e+09 1.03317803e+09 1.03317807e+09 1.03317811e+09
 1.03317815e+09 1.03317819e+09 1.03317823e+09 1.03317827e+09
 1.03317831e+09 1.03317835e+09 1.03317839e+09 1.03317843e+09
 1.03317847e+09 1.03317851e+09 1.03317855e+09 1.03317859e+09
 1.03317863e+09 1.03317867e+09 1.03317871e+09 1.03317875e+09
 1.03317879e+09 1.03317883e+09 1.03317887e+09 1.03317891e+09
 1.03317895e+09 1.03317899e+09 1.03317903e+09 1.03317907e+09
 1.03317911e+09 1.03317915e+09 1.03317919e+09 1.03317923e+09
 1.03317927e+09 1.03317931e+09 1.03317935e+09 1.03317939e+09
 1.03317943e+09 1.03317947e+09 1.03317950e+09 1.03317954e+09
 1.03317958e+09 1.03317962e+09 1.03317966e+09 1.03317970e+09
 1.03317974e+09 1.03317978e+09 1.03317982e+09 1.03317986e+09
 1.03317990e+09 1.03317994e+09 1.03317998e+09 1.03318002e+09
 1.03318006e+09 1.03318010e+09 1.03318014e+09 1.03318018e+09
 1.03318022e+09 1.03318026e+09 1.03318030e+09 1.03318034e+09
 1.03318038e+09 1.03318042e+09 1.03318046e+09 1.03318050e+09
 1.03318054e+09 1.03318058e+09 1.03318062e+09 1.03318066e+09
 1.03318070e+09 1.03318074e+09 1.03318078e+09 1.03318082e+09
 1.03318086e+09 1.03318090e+09 1.03318094e+09 1.03318098e+09
 1.03318102e+09 1.03318106e+09 1.03318110e+09 1.03318114e+09
 1.03318118e+09 1.03318122e+09 1.03318126e+09 1.03318130e+09
 1.03318134e+09 1.03318138e+09 1.03318142e+09 1.03318146e+09
 1.03318150e+09 1.03318154e+09 1.03318158e+09 1.03318162e+09
 1.03318166e+09 1.03318169e+09 1.03318173e+09 1.03318177e+09
 1.03318181e+09 1.03318185e+09 1.03318189e+09 1.03318193e+09
 1.03318197e+09 1.03318201e+09 1.03318205e+09 1.03318209e+09
 1.03318213e+09 1.03318217e+09 1.03318221e+09 1.03318225e+09
 1.03318229e+09 1.03318233e+09 1.03318237e+09 1.03318241e+09
 1.03318245e+09 1.03318249e+09 1.03318253e+09 1.03318257e+09
 1.03318261e+09 1.03318265e+09 1.03318269e+09 1.03318273e+09
 1.03318277e+09 1.03318281e+09 1.03318285e+09 1.03318289e+09
 1.03318293e+09 1.03318297e+09 1.03318301e+09 1.03318305e+09
 1.03318309e+09 1.03318313e+09 1.03318317e+09 1.03318321e+09
 1.03318325e+09 1.03318329e+09 1.03318333e+09 1.03318337e+09
 1.03318341e+09 1.03318345e+09 1.03318349e+09 1.03318353e+09
 1.03318357e+09 1.03318361e+09 1.03318365e+09 1.03318369e+09
 1.03318373e+09 1.03318377e+09 1.03318381e+09 1.03318385e+09]
minRes = 0.5229838413814718
minResTime =  [1.03318385e+09]
