name =JUICE_ROI_CAL_4_4_02
flyby =  ['2033 APR 06 23:29:30', '2033 APR 07 23:29:30']
Observation TW =  <SpiceCell dtype = 1, length = 0, size = 3200, card = 12, is_set = 1, adjust = 0, init = 1, base = 2554799733392, data = 2554799733440>
Res(t) =  [3.51366316 3.51024381 3.50682427 3.50340454 3.49998462 3.49656451
 3.4931442  3.4897237  3.48630301 3.48288213 3.47946106 3.47603979
 3.47261833 3.46919668 3.46577484 3.4623528  3.45893057 3.45550815
 3.45208554 3.44866273 3.44523974 3.44181655 3.43839316 3.43496959
 3.43154582 3.42812186 3.42469771 3.42127337 3.41784883 3.4144241
 3.41099918 3.40757406 3.40414875 3.40072325 3.39729756 3.39387168
 3.3904456  3.38701933 3.38359286 3.38016621 3.37673936 3.37331232
 3.36988508 3.36645765 3.36303003 3.35960222 3.35617421 3.35274602
 3.34931762 3.34588904 3.34246026 3.33903129 3.33560213 3.33217277
 3.32874322 3.32531348 3.32188354 3.31845341 3.31502309 3.31159257
 3.30816187 3.30473096 3.30129987 3.29786858 3.2944371  3.29100543
 3.28757356 3.2841415  3.28070924 3.27727679 3.27384415 3.27041132
 3.26697829 3.26354507 3.26011165 3.25667804 3.25324424 3.24981025
 3.24637606 3.24294167 3.2395071  3.23607233 3.23263736 3.22920221
 3.22576686 3.22233131 3.21889557 3.21545964 3.21202351 3.20858719
 3.20515068 3.20171397 3.19827707 3.19483998 3.19140269 3.1879652
 3.18452753 3.18108965 3.17765159 3.17421333 3.17077488 3.16733623
 3.16389739 3.16045835 3.15701912 3.1535797  3.15014008 3.14670026
 3.14326026 3.13982006 3.13637966 3.13293907 3.12949829 3.12605731
 3.12261613 3.11917477 3.1157332  3.11229145 3.1088495  3.10540735
 3.10196501 3.09852247 3.09507974 3.09163682 3.0881937  3.08475039
 3.08130688 3.07786318 3.07441928 3.07097518 3.0675309  3.06408641
 3.06064174 3.05719686 3.0537518  3.05030653 3.04686108 3.04341542
 3.03996958 3.03652353 3.0330773  3.02963086 3.02618423 3.02273741
 3.01929039 3.01584318 3.01239577 3.00894817 3.00550037 3.00205237
 2.99860418 2.99515579 2.99170721 2.98825844 2.98480946 2.98136029
 2.97791093 2.97446137 2.97101162 2.96756167 2.96411152 2.96066118
 2.95721064 2.95375991 2.95030898 2.94685785 2.94340653 2.93995501
 2.9365033  2.93305139 2.92959929 2.92614698 2.92269449 2.91924179
 2.91578891 2.91233582 2.90888254 2.90542906 2.90197539 2.89852152
 2.89506745 2.89161319 2.88815873 2.88470407 2.88124922 2.87779417
 2.87433892 2.87088348 2.86742784 2.86397201 2.86051598 2.85705975
 2.85360332 2.8501467  2.84668988 2.84323287 2.83977566 2.83631825
 2.83286064 2.82940284 2.82594484 2.82248664 2.81902825 2.81556966
 2.81211087 2.80865188 2.8051927  2.80173332 2.79827374 2.79481397
 2.791354   2.78789383 2.78443346 2.7809729  2.77751214 2.77405118
 2.77059003 2.76712867 2.76366712 2.76020537 2.75674343 2.75328128
 2.74981894 2.7463564  2.74289366 2.73943073 2.7359676  2.73250427
 2.72904074 2.72557701 2.72211308 2.71864896 2.71518464 2.71172012
 2.7082554  2.70479049 2.70132537 2.69786006 2.69439455 2.69092884
 2.68746294 2.68399683 2.68053053 2.67706402 2.67359732 2.67013042
 2.66666332 2.66319603 2.65972853 2.65626084 2.65279294 2.64932485
 2.64585656 2.64238807 2.63891938 2.63545049 2.63198141 2.62851212
 2.62504264 2.62157295 2.61810307 2.61463299 2.61116271 2.60769222
 2.60422154 2.60075066 2.59727959 2.59380831 2.59033683 2.58686515
 2.58339327 2.5799212  2.57644892 2.57297644 2.56950377 2.56603089
 2.56255782 2.55908454 2.55561107 2.55213739 2.54866352 2.54518944
 2.54171517 2.53824069 2.53476601 2.53129114 2.52781606 2.52434079
 2.52086531 2.51738963 2.51391375 2.51043768 2.5069614  2.50348492
 2.50000824 2.49653136 2.49305428 2.489577   2.48609951 2.48262183
 2.47914395 2.47566586 2.47218757 2.46870909 2.4652304  2.46175151
 2.45827242 2.45479313 2.45131363 2.44783394 2.44435404 2.44087395
 2.43739365 2.43391315 2.43043245 2.42695154 2.42347044 2.41998913
 2.41650762 2.41302591 2.409544   2.40606189 2.40257957 2.39909706
 2.39561434 2.39213142 2.38864829 2.38516497 2.38168144 2.37819771
 2.37471378 2.37122964 2.3677453  2.36426077 2.36077602 2.35729108
 2.35380593 2.35032058 2.34683503 2.34334927 2.33986332 2.33637715
 2.33289079 2.32940422 2.32591745 2.32243048 2.31894331 2.31545593
 2.31196834 2.30848056 2.30499257 2.30150438 2.29801598 2.29452738
 2.29103858 2.28754957 2.28406036 2.28057095 2.27708133 2.27359151
 2.27010149 2.26661126 2.26312083 2.25963019 2.25613935 2.2526483
 2.24915705 2.2456656  2.24217394 2.23868208 2.23519002 2.23169774
 2.22820527 2.22471259 2.22121971 2.21772662 2.21423332 2.21073982
 2.20724612 2.20375221 2.2002581  2.19676378 2.19326926 2.18977453
 2.18627959 2.18278446 2.17928911 2.17579356 2.17229781 2.16880185
 2.16530568 2.16180931 2.15831273 2.15481595 2.15131896 2.14782176
 2.14432436 2.14082676 2.13732894 2.13383093 2.1303327  2.12683427
 2.12333563 2.11983679 2.11633774 2.11283848 2.10933902 2.10583935
 2.10233947 2.09883939 2.0953391  2.09183861 2.0883379  2.08483699
 2.08133587 2.07783455 2.07433302 2.07083128 2.06732933 2.06382718
 2.06032482 2.05682225 2.05331948 2.04981649 2.0463133  2.0428099
 2.0393063  2.03580248 2.03229846 2.02879423 2.02528979 2.02178515
 2.01828029 2.01477523 2.01126996 2.00776448 2.00425879 2.00075289
 1.99724679 1.99374047 1.99023395 1.98672722 1.98322028 1.97971313
 1.97620577 1.97269821 1.96919043 1.96568244 1.96217425 1.95866584
 1.95515723 1.95164841 1.94813937 1.94463013 1.94112068 1.93761102
 1.93410115 1.93059106 1.92708077 1.92357027 1.92005956 1.91654863
 1.9130375  1.90952616 1.9060146  1.90250284 1.89899087 1.89547868
 1.89196628 1.88845368 1.88494086 1.88142783 1.87791459 1.87440114
 1.87088748 1.8673736  1.86385952 1.86034522 1.85683071 1.85331599
 1.84980106 1.84628592 1.84277056 1.83925499 1.83573922 1.83222322
 1.82870702 1.82519061 1.82167398 1.81815714 1.81464008 1.81112282
 1.80760534 1.80408765 1.80056975 1.79705163 1.7935333  1.79001476
 1.786496   1.78297703 1.77945785 1.77593845 1.77241884 1.76889902
 1.76537898 1.76185873 1.75833827 1.75481759 1.7512967  1.74777559
 1.74425427 1.74073274 1.73721099 1.73368902 1.73016685 1.72664445
 1.72312184 1.71959902 1.71607599 1.71255273 1.70902927 1.70550558
 1.70198168 1.69845757 1.69493324 1.6914087  1.68788394 1.68435896
 1.68083377 1.67730836 1.67378274 1.6702569  1.66673084 1.66320457
 1.65967808 1.65615138 1.65262446 1.64909732 1.64556996 1.64204239
 1.6385146  1.6349866  1.63145837 1.62792993 1.62440128 1.6208724
 1.61734331 1.613814   1.61028447 1.60675472 1.60322476 1.59969458
 1.59616418 1.59263356 1.58910272 1.58557166 1.58204039 1.5785089
 1.57497719 1.57144525 1.56791311 1.56438074 1.56084815 1.55731534
 1.55378231 1.55024907 1.5467156  1.54318192 1.53964801 1.53611388
 1.53257954 1.52904497 1.52551019 1.52197518 1.51843995 1.5149045
 1.51136884 1.50783295 1.50429684 1.5007605  1.49722395 1.49368718
 1.49015018 1.48661296 1.48307552 1.47953786 1.47599998 1.47246188
 1.46892355 1.465385   1.46184623 1.45830723 1.45476802 1.45122858
 1.44768892 1.44414903 1.44060892 1.43706859 1.43352804 1.42998726
 1.42644625 1.42290503 1.41936358 1.41582191 1.41228001 1.40873789
 1.40519554 1.40165297 1.39811017 1.39456715 1.39102391 1.38748044
 1.38393674 1.38039282 1.37684867 1.3733043  1.3697597  1.36621488
 1.36266983 1.35912456 1.35557906 1.35203333 1.34848737 1.34494119
 1.34139479 1.33784815 1.33430129 1.3307542  1.32720688 1.32365934
 1.32011157 1.31656357 1.31301534 1.30946689 1.3059182  1.30236929
 1.29882015 1.29527078 1.29172119 1.28817136 1.28462131 1.28107102
 1.27752051 1.27396976 1.27041879 1.26686759 1.26331615 1.25976449
 1.2562126  1.25266047 1.24910812 1.24555553 1.24200272 1.23844967
 1.23489639 1.23134288 1.22778914 1.22423517 1.22068096 1.21712653
 1.21357186 1.21001696 1.20646182 1.20290646 1.19935086 1.19579502
 1.19223896 1.18868266 1.18512613 1.18156936 1.17801236 1.17445513
 1.17089766 1.16733995 1.16378202 1.16022384 1.15666544 1.1531068
 1.14954792 1.14598881 1.14242946 1.13886987 1.13531005 1.13175
 1.1281897  1.12462917 1.12106841 1.1175074  1.11394616 1.11038469
 1.10682297 1.10326102 1.09969883 1.0961364  1.09257373 1.08901083
 1.08544769 1.0818843  1.07832068 1.07475682 1.07119272 1.06762838
 1.0640638  1.06049898 1.05693392 1.05336862 1.04980308 1.0462373
 1.04267127 1.03910501 1.0355385  1.03197176 1.02840477 1.02483754
 1.02127006 1.01770235 1.01413439 1.01056619 1.00699774 1.00342905
 0.99986012 0.99629094 0.99272152 0.98915186 0.98558195 0.9820118
 0.9784414  0.97487076 0.97129987 0.96772873 0.96415735 0.96058573
 0.95701385 0.95344173 0.94986937 0.94629675 0.94272389 0.93915078
 0.93557743 0.93200382 0.92842997 0.92485587 0.92128152 0.91770692
 0.91413207 0.91055698 0.90698163 0.90340603 0.89983018 0.89625409
 0.89267774 0.88910114 0.88552429 0.88194719 0.87836983 0.87479223
 0.87121437 0.86763626 0.86405789 0.86047928 0.85690041 0.85332128
 0.8497419  0.84616227 0.84258239 0.83900224 0.83542185 0.8318412
 0.82826029 0.82467913 0.82109771 0.81751603 0.8139341  0.81035191
 0.80676947 0.80318677 0.7996038  0.79602059 0.79243711 0.78885337
 0.78526938 0.78168512 0.77810061 0.77451584 0.77093081 0.76734551
 0.76375996 0.76017414 0.75658807 0.75300173 0.74941513 0.74582827
 0.74224114 0.73865376 0.73506611 0.7314782  0.72789002 0.72430158
 0.72071288 0.71712391 0.71353468 0.70994518 0.70635542 0.70276539
 0.69917509 0.69558453 0.6919937  0.68840261 0.68481125 0.68121962
 0.67762773 0.67403556 0.67044313 0.66685043 0.66325746 0.65966422
 0.65607072 0.65247694 0.64888289 0.64528858 0.64169399 0.63809913
 0.63450401 0.63090861 0.62731294 0.62371699 0.62012078 0.6165243
 0.61292754 0.60933051 0.6057332  0.60213563 0.59853778 0.59493965
 0.59134126 0.58774259 0.58414364 0.58054442 0.57694493 0.57334516
 0.56974512 0.56614481 0.56254422 0.56050527 0.55690373 0.5533019
 0.5496998  0.54609742 0.54249475 0.53889181 0.53528859 0.53168508
 0.5280813  0.52447723 0.52087289 0.51726826 0.51366336 0.51005817
 0.50645271 0.50284696 0.49924093 0.49563462 0.49202803 0.48842117
 0.48481402 0.48120659 0.47759888 0.4739909  0.47038263 0.46677409
 0.46316526 0.45955616 0.45594678 0.45233713 0.4487272  0.44511699
 0.44150651 0.43789575 0.43428472 0.43067342 0.42706184 0.42344999
 0.41983788 0.41622549 0.41261284 0.40899991 0.40538673 0.40177328
 0.39815956 0.39454559 0.39093136 0.38731687 0.38370212 0.38008713
 0.37647188 0.37285638 0.36924064 0.36562465 0.36200842 0.35839196
 0.35477526 0.35115833 0.34754118 0.3439238  0.34030621 0.3366884
 0.33307038 0.32945215 0.32583373 0.32221511 0.31859631 0.31497733
 0.31135817 0.30773884 0.30411936 0.30049972 0.29687995 0.29326004
 0.28964    0.28601986 0.28239961 0.27877928 0.27515887 0.2715384
 0.26791788 0.26429732 0.26067675 0.25705619 0.25343564 0.24981514
 0.2461947  0.24257434 0.2389541  0.23533399 0.23171406 0.22809431
 0.22447481 0.22085556 0.21723662 0.21361803 0.20999983 0.20638207
 0.20276479 0.19914806 0.19553194 0.1919165  0.18830179 0.18468791
 0.18107493 0.17746294 0.17385205 0.17024237 0.166634   0.16302709
 0.15942177 0.1558182  0.15221655 0.14861701 0.14501979 0.14142511
 0.13783324 0.13424445 0.13065906 0.12707741 0.12349991 0.11992699
 0.11635914 0.11279693 0.10924097 0.10569198 0.10215077 0.09861827
 0.09509555 0.09158381 0.08808449 0.08459922 0.08112992 0.07767885
 0.07424866 0.07084252 0.06746421 0.06411829 0.06081028 0.05754698
 0.05433674 0.05119002 0.04811997 0.04514341 0.042282   0.0395641
 0.03702731 0.03472226 0.03271818 0.03111149 0.03003943 0.0297033
 0.03041294 0.03268648 0.03752422 0.04739571]
t =  [1.04971504e+09 1.04971508e+09 1.04971512e+09 1.04971517e+09
 1.04971521e+09 1.04971525e+09 1.04971530e+09 1.04971534e+09
 1.04971538e+09 1.04971543e+09 1.04971547e+09 1.04971551e+09
 1.04971555e+09 1.04971560e+09 1.04971564e+09 1.04971568e+09
 1.04971573e+09 1.04971577e+09 1.04971581e+09 1.04971585e+09
 1.04971590e+09 1.04971594e+09 1.04971598e+09 1.04971603e+09
 1.04971607e+09 1.04971611e+09 1.04971615e+09 1.04971620e+09
 1.04971624e+09 1.04971628e+09 1.04971633e+09 1.04971637e+09
 1.04971641e+09 1.04971645e+09 1.04971650e+09 1.04971654e+09
 1.04971658e+09 1.04971663e+09 1.04971667e+09 1.04971671e+09
 1.04971676e+09 1.04971680e+09 1.04971684e+09 1.04971688e+09
 1.04971693e+09 1.04971697e+09 1.04971701e+09 1.04971706e+09
 1.04971710e+09 1.04971714e+09 1.04971718e+09 1.04971723e+09
 1.04971727e+09 1.04971731e+09 1.04971736e+09 1.04971740e+09
 1.04971744e+09 1.04971748e+09 1.04971753e+09 1.04971757e+09
 1.04971761e+09 1.04971766e+09 1.04971770e+09 1.04971774e+09
 1.04971778e+09 1.04971783e+09 1.04971787e+09 1.04971791e+09
 1.04971796e+09 1.04971800e+09 1.04971804e+09 1.04971808e+09
 1.04971813e+09 1.04971817e+09 1.04971821e+09 1.04971826e+09
 1.04971830e+09 1.04971834e+09 1.04971839e+09 1.04971843e+09
 1.04971847e+09 1.04971851e+09 1.04971856e+09 1.04971860e+09
 1.04971864e+09 1.04971869e+09 1.04971873e+09 1.04971877e+09
 1.04971881e+09 1.04971886e+09 1.04971890e+09 1.04971894e+09
 1.04971899e+09 1.04971903e+09 1.04971907e+09 1.04971911e+09
 1.04971916e+09 1.04971920e+09 1.04971924e+09 1.04971929e+09
 1.04971933e+09 1.04971937e+09 1.04971941e+09 1.04971946e+09
 1.04971950e+09 1.04971954e+09 1.04971959e+09 1.04971963e+09
 1.04971967e+09 1.04971972e+09 1.04971976e+09 1.04971980e+09
 1.04971984e+09 1.04971989e+09 1.04971993e+09 1.04971997e+09
 1.04972002e+09 1.04972006e+09 1.04972010e+09 1.04972014e+09
 1.04972019e+09 1.04972023e+09 1.04972027e+09 1.04972032e+09
 1.04972036e+09 1.04972040e+09 1.04972044e+09 1.04972049e+09
 1.04972053e+09 1.04972057e+09 1.04972062e+09 1.04972066e+09
 1.04972070e+09 1.04972074e+09 1.04972079e+09 1.04972083e+09
 1.04972087e+09 1.04972092e+09 1.04972096e+09 1.04972100e+09
 1.04972104e+09 1.04972109e+09 1.04972113e+09 1.04972117e+09
 1.04972122e+09 1.04972126e+09 1.04972130e+09 1.04972135e+09
 1.04972139e+09 1.04972143e+09 1.04972147e+09 1.04972152e+09
 1.04972156e+09 1.04972160e+09 1.04972165e+09 1.04972169e+09
 1.04972173e+09 1.04972177e+09 1.04972182e+09 1.04972186e+09
 1.04972190e+09 1.04972195e+09 1.04972199e+09 1.04972203e+09
 1.04972207e+09 1.04972212e+09 1.04972216e+09 1.04972220e+09
 1.04972225e+09 1.04972229e+09 1.04972233e+09 1.04972237e+09
 1.04972242e+09 1.04972246e+09 1.04972250e+09 1.04972255e+09
 1.04972259e+09 1.04972263e+09 1.04972268e+09 1.04972272e+09
 1.04972276e+09 1.04972280e+09 1.04972285e+09 1.04972289e+09
 1.04972293e+09 1.04972298e+09 1.04972302e+09 1.04972306e+09
 1.04972310e+09 1.04972315e+09 1.04972319e+09 1.04972323e+09
 1.04972328e+09 1.04972332e+09 1.04972336e+09 1.04972340e+09
 1.04972345e+09 1.04972349e+09 1.04972353e+09 1.04972358e+09
 1.04972362e+09 1.04972366e+09 1.04972370e+09 1.04972375e+09
 1.04972379e+09 1.04972383e+09 1.04972388e+09 1.04972392e+09
 1.04972396e+09 1.04972400e+09 1.04972405e+09 1.04972409e+09
 1.04972413e+09 1.04972418e+09 1.04972422e+09 1.04972426e+09
 1.04972431e+09 1.04972435e+09 1.04972439e+09 1.04972443e+09
 1.04972448e+09 1.04972452e+09 1.04972456e+09 1.04972461e+09
 1.04972465e+09 1.04972469e+09 1.04972473e+09 1.04972478e+09
 1.04972482e+09 1.04972486e+09 1.04972491e+09 1.04972495e+09
 1.04972499e+09 1.04972503e+09 1.04972508e+09 1.04972512e+09
 1.04972516e+09 1.04972521e+09 1.04972525e+09 1.04972529e+09
 1.04972533e+09 1.04972538e+09 1.04972542e+09 1.04972546e+09
 1.04972551e+09 1.04972555e+09 1.04972559e+09 1.04972563e+09
 1.04972568e+09 1.04972572e+09 1.04972576e+09 1.04972581e+09
 1.04972585e+09 1.04972589e+09 1.04972594e+09 1.04972598e+09
 1.04972602e+09 1.04972606e+09 1.04972611e+09 1.04972615e+09
 1.04972619e+09 1.04972624e+09 1.04972628e+09 1.04972632e+09
 1.04972636e+09 1.04972641e+09 1.04972645e+09 1.04972649e+09
 1.04972654e+09 1.04972658e+09 1.04972662e+09 1.04972666e+09
 1.04972671e+09 1.04972675e+09 1.04972679e+09 1.04972684e+09
 1.04972688e+09 1.04972692e+09 1.04972696e+09 1.04972701e+09
 1.04972705e+09 1.04972709e+09 1.04972714e+09 1.04972718e+09
 1.04972722e+09 1.04972727e+09 1.04972731e+09 1.04972735e+09
 1.04972739e+09 1.04972744e+09 1.04972748e+09 1.04972752e+09
 1.04972757e+09 1.04972761e+09 1.04972765e+09 1.04972769e+09
 1.04972774e+09 1.04972778e+09 1.04972782e+09 1.04972787e+09
 1.04972791e+09 1.04972795e+09 1.04972799e+09 1.04972804e+09
 1.04972808e+09 1.04972812e+09 1.04972817e+09 1.04972821e+09
 1.04972825e+09 1.04972829e+09 1.04972834e+09 1.04972838e+09
 1.04972842e+09 1.04972847e+09 1.04972851e+09 1.04972855e+09
 1.04972859e+09 1.04972864e+09 1.04972868e+09 1.04972872e+09
 1.04972877e+09 1.04972881e+09 1.04972885e+09 1.04972890e+09
 1.04972894e+09 1.04972898e+09 1.04972902e+09 1.04972907e+09
 1.04972911e+09 1.04972915e+09 1.04972920e+09 1.04972924e+09
 1.04972928e+09 1.04972932e+09 1.04972937e+09 1.04972941e+09
 1.04972945e+09 1.04972950e+09 1.04972954e+09 1.04972958e+09
 1.04972962e+09 1.04972967e+09 1.04972971e+09 1.04972975e+09
 1.04972980e+09 1.04972984e+09 1.04972988e+09 1.04972992e+09
 1.04972997e+09 1.04973001e+09 1.04973005e+09 1.04973010e+09
 1.04973014e+09 1.04973018e+09 1.04973023e+09 1.04973027e+09
 1.04973031e+09 1.04973035e+09 1.04973040e+09 1.04973044e+09
 1.04973048e+09 1.04973053e+09 1.04973057e+09 1.04973061e+09
 1.04973065e+09 1.04973070e+09 1.04973074e+09 1.04973078e+09
 1.04973083e+09 1.04973087e+09 1.04973091e+09 1.04973095e+09
 1.04973100e+09 1.04973104e+09 1.04973108e+09 1.04973113e+09
 1.04973117e+09 1.04973121e+09 1.04973125e+09 1.04973130e+09
 1.04973134e+09 1.04973138e+09 1.04973143e+09 1.04973147e+09
 1.04973151e+09 1.04973155e+09 1.04973160e+09 1.04973164e+09
 1.04973168e+09 1.04973173e+09 1.04973177e+09 1.04973181e+09
 1.04973186e+09 1.04973190e+09 1.04973194e+09 1.04973198e+09
 1.04973203e+09 1.04973207e+09 1.04973211e+09 1.04973216e+09
 1.04973220e+09 1.04973224e+09 1.04973228e+09 1.04973233e+09
 1.04973237e+09 1.04973241e+09 1.04973246e+09 1.04973250e+09
 1.04973254e+09 1.04973258e+09 1.04973263e+09 1.04973267e+09
 1.04973271e+09 1.04973276e+09 1.04973280e+09 1.04973284e+09
 1.04973288e+09 1.04973293e+09 1.04973297e+09 1.04973301e+09
 1.04973306e+09 1.04973310e+09 1.04973314e+09 1.04973318e+09
 1.04973323e+09 1.04973327e+09 1.04973331e+09 1.04973336e+09
 1.04973340e+09 1.04973344e+09 1.04973349e+09 1.04973353e+09
 1.04973357e+09 1.04973361e+09 1.04973366e+09 1.04973370e+09
 1.04973374e+09 1.04973379e+09 1.04973383e+09 1.04973387e+09
 1.04973391e+09 1.04973396e+09 1.04973400e+09 1.04973404e+09
 1.04973409e+09 1.04973413e+09 1.04973417e+09 1.04973421e+09
 1.04973426e+09 1.04973430e+09 1.04973434e+09 1.04973439e+09
 1.04973443e+09 1.04973447e+09 1.04973451e+09 1.04973456e+09
 1.04973460e+09 1.04973464e+09 1.04973469e+09 1.04973473e+09
 1.04973477e+09 1.04973482e+09 1.04973486e+09 1.04973490e+09
 1.04973494e+09 1.04973499e+09 1.04973503e+09 1.04973507e+09
 1.04973512e+09 1.04973516e+09 1.04973520e+09 1.04973524e+09
 1.04973529e+09 1.04973533e+09 1.04973537e+09 1.04973542e+09
 1.04973546e+09 1.04973550e+09 1.04973554e+09 1.04973559e+09
 1.04973563e+09 1.04973567e+09 1.04973572e+09 1.04973576e+09
 1.04973580e+09 1.04973584e+09 1.04973589e+09 1.04973593e+09
 1.04973597e+09 1.04973602e+09 1.04973606e+09 1.04973610e+09
 1.04973614e+09 1.04973619e+09 1.04973623e+09 1.04973627e+09
 1.04973632e+09 1.04973636e+09 1.04973640e+09 1.04973645e+09
 1.04973649e+09 1.04973653e+09 1.04973657e+09 1.04973662e+09
 1.04973666e+09 1.04973670e+09 1.04973675e+09 1.04973679e+09
 1.04973683e+09 1.04973687e+09 1.04973692e+09 1.04973696e+09
 1.04973700e+09 1.04973705e+09 1.04973709e+09 1.04973713e+09
 1.04973717e+09 1.04973722e+09 1.04973726e+09 1.04973730e+09
 1.04973735e+09 1.04973739e+09 1.04973743e+09 1.04973747e+09
 1.04973752e+09 1.04973756e+09 1.04973760e+09 1.04973765e+09
 1.04973769e+09 1.04973773e+09 1.04973778e+09 1.04973782e+09
 1.04973786e+09 1.04973790e+09 1.04973795e+09 1.04973799e+09
 1.04973803e+09 1.04973808e+09 1.04973812e+09 1.04973816e+09
 1.04973820e+09 1.04973825e+09 1.04973829e+09 1.04973833e+09
 1.04973838e+09 1.04973842e+09 1.04973846e+09 1.04973850e+09
 1.04973855e+09 1.04973859e+09 1.04973863e+09 1.04973868e+09
 1.04973872e+09 1.04973876e+09 1.04973880e+09 1.04973885e+09
 1.04973889e+09 1.04973893e+09 1.04973898e+09 1.04973902e+09
 1.04973906e+09 1.04973910e+09 1.04973915e+09 1.04973919e+09
 1.04973923e+09 1.04973928e+09 1.04973932e+09 1.04973936e+09
 1.04973941e+09 1.04973945e+09 1.04973949e+09 1.04973953e+09
 1.04973958e+09 1.04973962e+09 1.04973966e+09 1.04973971e+09
 1.04973975e+09 1.04973979e+09 1.04973983e+09 1.04973988e+09
 1.04973992e+09 1.04973996e+09 1.04974001e+09 1.04974005e+09
 1.04974009e+09 1.04974013e+09 1.04974018e+09 1.04974022e+09
 1.04974026e+09 1.04974031e+09 1.04974035e+09 1.04974039e+09
 1.04974043e+09 1.04974048e+09 1.04974052e+09 1.04974056e+09
 1.04974061e+09 1.04974065e+09 1.04974069e+09 1.04974074e+09
 1.04974078e+09 1.04974082e+09 1.04974086e+09 1.04974091e+09
 1.04974095e+09 1.04974099e+09 1.04974104e+09 1.04974108e+09
 1.04974112e+09 1.04974116e+09 1.04974121e+09 1.04974125e+09
 1.04974129e+09 1.04974134e+09 1.04974138e+09 1.04974142e+09
 1.04974146e+09 1.04974151e+09 1.04974155e+09 1.04974159e+09
 1.04974164e+09 1.04974168e+09 1.04974172e+09 1.04974176e+09
 1.04974181e+09 1.04974185e+09 1.04974189e+09 1.04974194e+09
 1.04974198e+09 1.04974202e+09 1.04974206e+09 1.04974211e+09
 1.04974215e+09 1.04974219e+09 1.04974224e+09 1.04974228e+09
 1.04974232e+09 1.04974237e+09 1.04974241e+09 1.04974245e+09
 1.04974249e+09 1.04974254e+09 1.04974258e+09 1.04974262e+09
 1.04974267e+09 1.04974271e+09 1.04974275e+09 1.04974279e+09
 1.04974284e+09 1.04974288e+09 1.04974292e+09 1.04974297e+09
 1.04974301e+09 1.04974305e+09 1.04974309e+09 1.04974314e+09
 1.04974318e+09 1.04974322e+09 1.04974327e+09 1.04974331e+09
 1.04974335e+09 1.04974339e+09 1.04974344e+09 1.04974348e+09
 1.04974352e+09 1.04974357e+09 1.04974361e+09 1.04974365e+09
 1.04974369e+09 1.04974374e+09 1.04974378e+09 1.04974382e+09
 1.04974387e+09 1.04974391e+09 1.04974395e+09 1.04974400e+09
 1.04974404e+09 1.04974408e+09 1.04974412e+09 1.04974417e+09
 1.04974421e+09 1.04974425e+09 1.04974430e+09 1.04974434e+09
 1.04974438e+09 1.04974442e+09 1.04974447e+09 1.04974451e+09
 1.04974455e+09 1.04974460e+09 1.04974464e+09 1.04974468e+09
 1.04974472e+09 1.04974477e+09 1.04974481e+09 1.04974485e+09
 1.04974490e+09 1.04974494e+09 1.04974498e+09 1.04974502e+09
 1.04974507e+09 1.04974511e+09 1.04974515e+09 1.04974520e+09
 1.04974524e+09 1.04974528e+09 1.04974533e+09 1.04974537e+09
 1.04974541e+09 1.04974545e+09 1.04974550e+09 1.04974554e+09
 1.04974558e+09 1.04974563e+09 1.04974567e+09 1.04974571e+09
 1.04974575e+09 1.04974580e+09 1.04974584e+09 1.04974588e+09
 1.04974593e+09 1.04974597e+09 1.04974601e+09 1.04974605e+09
 1.04974610e+09 1.04974614e+09 1.04974618e+09 1.04974623e+09
 1.04974627e+09 1.04974631e+09 1.04974635e+09 1.04974640e+09
 1.04974644e+09 1.04974648e+09 1.04974653e+09 1.04974657e+09
 1.04974661e+09 1.04974665e+09 1.04974670e+09 1.04974674e+09
 1.04974678e+09 1.04974683e+09 1.04974687e+09 1.04974691e+09
 1.04974696e+09 1.04974700e+09 1.04974704e+09 1.04974708e+09
 1.04974713e+09 1.04974717e+09 1.04974721e+09 1.04974726e+09
 1.04974730e+09 1.04974734e+09 1.04974738e+09 1.04974743e+09
 1.04974747e+09 1.04974751e+09 1.04974756e+09 1.04974760e+09
 1.04974764e+09 1.04974768e+09 1.04974773e+09 1.04974777e+09
 1.04974781e+09 1.04974786e+09 1.04974790e+09 1.04974794e+09
 1.04974798e+09 1.04974803e+09 1.04974807e+09 1.04974811e+09
 1.04974816e+09 1.04974820e+09 1.04974824e+09 1.04974829e+09
 1.04974833e+09 1.04974837e+09 1.04974841e+09 1.04974846e+09
 1.04974850e+09 1.04974854e+09 1.04974859e+09 1.04974863e+09
 1.04974867e+09 1.04974871e+09 1.04974876e+09 1.04974880e+09
 1.04974884e+09 1.04974889e+09 1.04974893e+09 1.04974897e+09
 1.04974901e+09 1.04974906e+09 1.04974910e+09 1.04974914e+09
 1.04974919e+09 1.04974923e+09 1.04974927e+09 1.04974931e+09
 1.04974936e+09 1.04974940e+09 1.04974944e+09 1.04974949e+09
 1.04974953e+09 1.04974957e+09 1.04974961e+09 1.04974966e+09
 1.04974970e+09 1.04974974e+09 1.04974979e+09 1.04974983e+09
 1.04974987e+09 1.04974992e+09 1.04974996e+09 1.04975000e+09
 1.04975004e+09 1.04975009e+09 1.04975013e+09 1.04975017e+09
 1.04975022e+09 1.04975026e+09 1.04975030e+09 1.04975034e+09
 1.04975039e+09 1.04975043e+09 1.04975047e+09 1.04975052e+09
 1.04975056e+09 1.04975060e+09 1.04975064e+09 1.04975069e+09
 1.04975073e+09 1.04975077e+09 1.04975082e+09 1.04975086e+09
 1.04975090e+09 1.04975094e+09 1.04975099e+09 1.04975103e+09
 1.04975107e+09 1.04975112e+09 1.04975116e+09 1.04975120e+09
 1.04975125e+09 1.04975129e+09 1.04975133e+09 1.04975137e+09
 1.04975142e+09 1.04975146e+09 1.04975150e+09 1.04975155e+09
 1.04975159e+09 1.04975163e+09 1.04975167e+09 1.04975172e+09
 1.04975176e+09 1.04975180e+09 1.04975185e+09 1.04975189e+09
 1.04975193e+09 1.04975197e+09 1.04975202e+09 1.04975206e+09
 1.04975210e+09 1.04975215e+09 1.04975219e+09 1.04975223e+09
 1.04975227e+09 1.04975232e+09 1.04975236e+09 1.04975240e+09
 1.04975245e+09 1.04975249e+09 1.04975253e+09 1.04975257e+09
 1.04975262e+09 1.04975266e+09 1.04975270e+09 1.04975275e+09
 1.04975279e+09 1.04975283e+09 1.04975288e+09 1.04975292e+09
 1.04975296e+09 1.04975300e+09 1.04975305e+09 1.04975309e+09
 1.04975313e+09 1.04975318e+09 1.04975322e+09 1.04975326e+09
 1.04975330e+09 1.04975335e+09 1.04975339e+09 1.04975343e+09
 1.04975348e+09 1.04975352e+09 1.04975356e+09 1.04975360e+09
 1.04975365e+09 1.04975369e+09 1.04975373e+09 1.04975378e+09
 1.04975382e+09 1.04975386e+09 1.04975390e+09 1.04975395e+09
 1.04975399e+09 1.04975403e+09 1.04975408e+09 1.04975412e+09
 1.04975416e+09 1.04975420e+09 1.04975425e+09 1.04975429e+09
 1.04975433e+09 1.04975438e+09 1.04975442e+09 1.04975446e+09
 1.04975451e+09 1.04975455e+09 1.04975459e+09 1.04975463e+09
 1.04975468e+09 1.04975472e+09 1.04975476e+09 1.04975481e+09
 1.04975485e+09 1.04975489e+09 1.04975493e+09 1.04975498e+09
 1.04975502e+09 1.04975506e+09 1.04975511e+09 1.04975515e+09
 1.04975519e+09 1.04975523e+09 1.04975528e+09 1.04975532e+09
 1.04975536e+09 1.04975541e+09 1.04975545e+09 1.04975549e+09
 1.04975553e+09 1.04975558e+09 1.04975562e+09 1.04975566e+09
 1.04975571e+09 1.04975575e+09 1.04975579e+09 1.04975584e+09
 1.04975588e+09 1.04975592e+09 1.04975596e+09 1.04975601e+09
 1.04975605e+09 1.04975609e+09 1.04975614e+09 1.04975618e+09
 1.04975622e+09 1.04975626e+09 1.04975631e+09 1.04975635e+09
 1.04975639e+09 1.04975644e+09 1.04975648e+09 1.04975652e+09
 1.04975656e+09 1.04975661e+09 1.04975665e+09 1.04975669e+09
 1.04975674e+09 1.04975678e+09 1.04975682e+09 1.04975686e+09
 1.04975691e+09 1.04975695e+09 1.04975699e+09 1.04975704e+09
 1.04975708e+09 1.04975712e+09 1.04975716e+09 1.04975721e+09
 1.04975725e+09 1.04975729e+09 1.04975734e+09 1.04975738e+09
 1.04975742e+09 1.04975747e+09 1.04975751e+09 1.04975755e+09
 1.04975759e+09 1.04975764e+09 1.04975768e+09 1.04975772e+09
 1.04975777e+09 1.04975781e+09 1.04975785e+09 1.04975789e+09]
minRes = 0.029703302716442805
minResTime =  [1.04975772e+09]
