name =JUICE_ROI_CAL_3_0_02
flyby =  ['2033 MAR 04 14:44:09', '2033 MAR 05 14:44:09']
Observation TW =  <SpiceCell dtype = 1, length = 0, size = 3200, card = 12, is_set = 1, adjust = 0, init = 1, base = 2554797301744, data = 2554797301792>
Res(t) =  [2.18751229 2.19070513 2.19389772 2.19709005 2.20028213 2.20347397
 2.20666555 2.20985687 2.21304795 2.21623877 2.21942934 2.22261966
 2.22580972 2.22899952 2.23218907 2.23537837 2.23856741 2.2417562
 2.24494473 2.248133   2.25132101 2.25450877 2.25769627 2.26088352
 2.2640705  2.26725723 2.2704437  2.2736299  2.27681585 2.28000154
 2.28318697 2.28637214 2.28955705 2.2927417  2.29592608 2.29911021
 2.30229407 2.30547767 2.30866101 2.31184408 2.3150269  2.31820944
 2.32139173 2.32457375 2.32775551 2.330937   2.33411823 2.33729919
 2.34047989 2.34366032 2.34684049 2.35002039 2.35320002 2.35637939
 2.35955849 2.36273733 2.36591589 2.36909419 2.37227222 2.37544998
 2.37862748 2.3818047  2.38498166 2.38815835 2.39133477 2.39451092
 2.3976868  2.4008624  2.40403774 2.40721281 2.41038761 2.41356214
 2.41673639 2.41991037 2.42308409 2.42625753 2.42943069 2.43260359
 2.43577621 2.43894856 2.44212064 2.44529245 2.44846398 2.45163523
 2.45480622 2.45797693 2.46114736 2.46431752 2.46748741 2.47065702
 2.47382636 2.47699542 2.4801642  2.48333271 2.48650095 2.48966891
 2.49283659 2.49600399 2.49917112 2.50233797 2.50550455 2.50867085
 2.51183687 2.51500261 2.51816808 2.52133326 2.52449817 2.52766281
 2.53082716 2.53399123 2.53715503 2.54031854 2.54348178 2.54664474
 2.54980742 2.55296982 2.55613194 2.55929378 2.56245533 2.56561661
 2.56877761 2.57193833 2.57509877 2.57825892 2.5814188  2.58457839
 2.5877377  2.59089674 2.59405548 2.59721395 2.60037214 2.60353004
 2.60668766 2.609845   2.61300205 2.61615883 2.61931532 2.62247153
 2.62562745 2.62878309 2.63193845 2.63509352 2.63824831 2.64140282
 2.64455704 2.64771098 2.65086463 2.654018   2.65717108 2.66032388
 2.6634764  2.66662863 2.66978057 2.67293223 2.67608361 2.67923469
 2.6823855  2.68553602 2.68868625 2.69183619 2.69498585 2.69813523
 2.70128431 2.70443311 2.70758163 2.71072985 2.71387779 2.71702545
 2.72017281 2.72331989 2.72646669 2.72961319 2.73275941 2.73590534
 2.73905098 2.74219633 2.7453414  2.74848618 2.75163067 2.75477487
 2.75791878 2.76106241 2.76420574 2.76734879 2.77049155 2.77363402
 2.7767762  2.77991809 2.78305969 2.786201   2.78934203 2.79248276
 2.79562321 2.79876336 2.80190322 2.8050428  2.80818208 2.81132108
 2.81445978 2.8175982  2.82073632 2.82387415 2.8270117  2.83014895
 2.83328591 2.83642258 2.83955896 2.84269505 2.84583084 2.84896635
 2.85210157 2.85523649 2.85837112 2.86150546 2.86463951 2.86777327
 2.87090673 2.87403991 2.87717279 2.88030538 2.88343767 2.88656968
 2.88970139 2.89283281 2.89596394 2.89909477 2.90222532 2.90535557
 2.90848552 2.91161519 2.91474456 2.91787364 2.92100242 2.92413091
 2.92725911 2.93038702 2.93351463 2.93664195 2.93976898 2.94289571
 2.94602215 2.94914829 2.95227414 2.9553997  2.95852496 2.96164993
 2.9647746  2.96789898 2.97102307 2.97414686 2.97727036 2.98039356
 2.98351647 2.98663909 2.98976141 2.99288343 2.99600516 2.9991266
 3.00224774 3.00536858 3.00848913 3.01160939 3.01472935 3.01784902
 3.02096839 3.02408746 3.02720624 3.03032473 3.03344291 3.03656081
 3.03967841 3.04279571 3.04591271 3.04902943 3.05214584 3.05526196
 3.05837778 3.06149331 3.06460854 3.06772348 3.07083812 3.07395246
 3.07706651 3.08018026 3.08329371 3.08640687 3.08951973 3.09263229
 3.09574456 3.09885653 3.10196821 3.10507959 3.10819067 3.11130145
 3.11441194 3.11752213 3.12063203 3.12374162 3.12685092 3.12995993
 3.13306863 3.13617704 3.13928516 3.14239297 3.14550049 3.14860771
 3.15171463 3.15482125 3.15792758 3.16103361 3.16413934 3.16724478
 3.17034992 3.17345476 3.1765593  3.17966354 3.18276749 3.18587114
 3.18897449 3.19207754 3.1951803  3.19828275 3.20138491 3.20448677
 3.20758834 3.2106896  3.21379057 3.21689123 3.2199916  3.22309168
 3.22619145 3.22929092 3.2323901  3.23548898 3.23858756 3.24168584
 3.24478382 3.2478815  3.25097889 3.25407598 3.25717276 3.26026925
 3.26336544 3.26646134 3.26955693 3.27265222 3.27574722 3.27884191
 3.28193631 3.28503041 3.28812421 3.29121771 3.29431091 3.29740381
 3.30049641 3.30358872 3.30668072 3.30977243 3.31286383 3.31595494
 3.31904575 3.32213626 3.32522647 3.32831638 3.33140599 3.3344953
 3.33758431 3.34067302 3.34376143 3.34684954 3.34993736 3.35302487
 3.35611208 3.359199   3.36228561 3.36537193 3.36845794 3.37154366
 3.37462907 3.37771419 3.38079901 3.38388352 3.38696774 3.39005165
 3.39313527 3.39621859 3.3993016  3.40238432 3.40546674 3.40854885
 3.41163067 3.41471219 3.4177934  3.42087432 3.42395494 3.42703525
 3.43011527 3.43319498 3.4362744  3.43935351 3.44243233 3.44551084
 3.44858906 3.45166697 3.45474459 3.4578219  3.46089891 3.46397563
 3.46705204 3.47012815 3.47320396 3.47627947 3.47935468 3.48242959
 3.4855042  3.48857851 3.49165252 3.49472623 3.49779964 3.50087274
 3.50394555 3.50701806 3.51009026 3.51316217 3.51623377 3.51930507
 3.52237608 3.52544678 3.52851718 3.53158728 3.53465708 3.53772658
 3.54079577 3.54386467 3.54693327 3.55000156 3.55306956 3.55613725
 3.55920465 3.56227174 3.56533853 3.56840502 3.57147121 3.5745371
 3.57760269 3.58066797 3.58373296 3.58679764 3.58986203 3.59292611
 3.59598989 3.59905338 3.60211656 3.60517943 3.60824201 3.61130429
 3.61436627 3.61742794 3.62048931 3.62355039 3.62661116 3.62967163
 3.6327318  3.63579167 3.63885124 3.6419105  3.64496947 3.64802813
 3.65108649 3.65414456 3.65720232 3.66025978 3.66331693 3.66637379
 3.66943035 3.6724866  3.67554255 3.67859821 3.68165356 3.68470861
 3.68776336 3.6908178  3.69387195 3.69692579 3.69997934 3.70303258
 3.70608552 3.70913816 3.7121905  3.71524254 3.71829427 3.72134571
 3.72439684 3.72744767 3.7304982  3.73354843 3.73659836 3.73964799
 3.74269731 3.74574634 3.74879506 3.75184348 3.7548916  3.75793942
 3.76098694 3.76403415 3.76708107 3.77012768 3.773174   3.77622001
 3.77926572 3.78231112 3.78535623 3.78840104 3.79144554 3.79448974
 3.79753364 3.80057724 3.80362054 3.80666354 3.80970624 3.81274863
 3.81579072 3.81883251 3.821874   3.82491519 3.82795608 3.83099667
 3.83403695 3.83707694 3.84011662 3.843156   3.84619508 3.84923386
 3.85227233 3.85531051 3.85834838 3.86138595 3.86442323 3.8674602
 3.87049686 3.87353323 3.8765693  3.87960506 3.88264052 3.88567569
 3.88871055 3.8917451  3.89477936 3.89781332 3.90084697 3.90388033
 3.90691338 3.90994613 3.91297858 3.91601073 3.91904257 3.92207412
 3.92510536 3.92813631 3.93116695 3.93419729 3.93722733 3.94025706
 3.9432865  3.94631564 3.94934447 3.952373   3.95540123 3.95842916
 3.96145679 3.96448412 3.96751114 3.97053787 3.97356429 3.97659041
 3.97961623 3.98264175 3.98566697 3.98869189 3.99171651 3.99474082
 3.99776483 4.00078855 4.00381196 4.00683507 4.00985787 4.01288038
 4.01590259 4.01892449 4.0219461  4.0249674  4.0279884  4.0310091
 4.0340295  4.0370496  4.04006939 4.04308889 4.04610808 4.04912698
 4.05214557 4.05516386 4.05818185 4.06119954 4.06421693 4.06723401
 4.0702508  4.07326728 4.07628347 4.07929935 4.08231493 4.08533021
 4.08834519 4.09135987 4.09437424 4.09738832 4.1004021  4.10341557
 4.10642874 4.10944161 4.11245419 4.11546646 4.11847842 4.12149009
 4.12450146 4.12751253 4.13052329 4.13353376 4.13654392 4.13955378
 4.14256334 4.14557261 4.14858157 4.15159022 4.15459858 4.15760664
 4.1606144  4.16362185 4.16662901 4.16963586 4.17264242 4.17564867
 4.17865462 4.18166027 4.18466562 4.18767067 4.19067542 4.19367987
 4.19668402 4.19968786 4.20269141 4.20569465 4.2086976  4.21170024
 4.21470259 4.21770463 4.22070637 4.22370781 4.22670895 4.22970979
 4.23271033 4.23571057 4.23871051 4.24171015 4.24470949 4.24770852
 4.25070726 4.2537057  4.25670383 4.25970167 4.2626992  4.26569644
 4.26869337 4.27169    4.27468634 4.27768237 4.2806781  4.28367353
 4.28666866 4.28966349 4.29265802 4.29565226 4.29864619 4.30163981
 4.30463314 4.30762617 4.3106189  4.31361133 4.31660346 4.31959529
 4.32258681 4.32557804 4.32856897 4.3315596  4.33454992 4.33753995
 4.34052968 4.3435191  4.34650823 4.34949706 4.35248558 4.35547381
 4.35846173 4.36144936 4.36443669 4.36742371 4.37041044 4.37339686
 4.37638299 4.37936882 4.38235434 4.38533957 4.3883245  4.39130912
 4.39429345 4.39727747 4.4002612  4.40324463 4.40622776 4.40921058
 4.41219311 4.41517534 4.41815727 4.42113889 4.42412022 4.42710125
 4.43008198 4.43306241 4.43604254 4.43902237 4.4420019  4.44498113
 4.44796006 4.45093869 4.45391702 4.45689506 4.45987279 4.46285022
 4.46582736 4.46880419 4.47178072 4.47475696 4.47773289 4.48070853
 4.48368387 4.4866589  4.48963364 4.49260808 4.49558222 4.49855606
 4.5015296  4.50450284 4.50747578 4.51044843 4.51342077 4.51639281
 4.51936456 4.522336   4.52530715 4.528278   4.53124854 4.53421879
 4.53718874 4.54015839 4.54312774 4.5460968  4.54906555 4.552034
 4.55500216 4.55797002 4.56093757 4.56390483 4.56687179 4.56983845
 4.57280481 4.57577087 4.57873664 4.5817021  4.58466727 4.58763214
 4.5905967  4.59356097 4.59652494 4.59948862 4.60245199 4.60541506
 4.60837784 4.61134031 4.61430249 4.61726437 4.62022595 4.62318724
 4.62614822 4.6291089  4.63206929 4.63502938 4.63798917 4.64094866
 4.64390785 4.64686674 4.64982534 4.65278364 4.65574164 4.65869934
 4.66165674 4.66461384 4.66757065 4.67052715 4.67348336 4.67643927
 4.67939488 4.6823502  4.68530521 4.68825993 4.69121435 4.69416847
 4.69712229 4.70007582 4.70302904 4.70598197 4.7089346  4.71188693
 4.71483897 4.7177907  4.72074214 4.72369328 4.72664412 4.72959467
 4.73254491 4.73549486 4.73844451 4.74139386 4.74434292 4.74729167
 4.75024013 4.75318829 4.75613616 4.75908372 4.76203099 4.76497796
 4.76792463 4.77087101 4.77381709 4.77676287 4.77970835 4.78265353
 4.78559842 4.78854301 4.7914873  4.79443129 4.79737499 4.80031839
 4.80326149 4.8062043  4.8091468  4.81208901 4.81503093 4.81797254
 4.82091386 4.82385488 4.8267956  4.82973603 4.83267616 4.83561599
 4.83855552 4.84149476 4.8444337  4.84737234 4.85031069 4.85324874
 4.85618649 4.85912394 4.8620611  4.86499796 4.86793452 4.87087079
 4.87380676 4.87674243 4.87967781 4.88261289 4.88554767 4.88848216
 4.89141634 4.89435024 4.89728383 4.90021713 4.90315013 4.90608283
 4.90901524 4.91194735 4.91487917 4.91781069 4.92074191 4.92367283
 4.92660346 4.92953379 4.93246383 4.93539357 4.93832301 4.94125216
 4.94418101 4.94710956 4.95003782 4.95296578 4.95589344 4.95882081
 4.96174788 4.96467466 4.96760114 4.97052732 4.97345321 4.9763788
 4.97930409 4.98222909 4.98515379 4.9880782  4.99100231 4.99392613
 4.99684964 4.99977287 5.00269579 5.00561842 5.00854076 5.0114628
 5.01438454 5.01730599 5.02022714 5.02314799 5.02606855 5.02898882
 5.03190878 5.03482846 5.03774783 5.04066691 5.0435857  5.04650419
 5.04942238 5.05234028 5.05525789 5.05817519 5.0610922  5.06400892
 5.06692534 5.06984147 5.0727573  5.07567283 5.07858807 5.08150302
 5.08441767 5.08733202 5.09024608 5.09315984 5.09607331 5.09898648
 5.10189936 5.10481194 5.10772423 5.11063622 5.11354792 5.11645932
 5.11937043 5.12228124 5.12519176 5.12810198 5.13101191 5.13392155
 5.13683088 5.13973993 5.14264867 5.14555713 5.14846529 5.15137315
 5.15428072 5.15718799 5.16009497 5.16300166 5.16590805 5.16881415
 5.17171995 5.17462545 5.17753067 5.18043558 5.18334021 5.18624454
 5.18914857 5.19205231 5.19495576 5.19785891 5.20076176 5.20366433
 5.2065666  5.20946857 5.21237025 5.21527164 5.21817273 5.22107353
 5.22397403 5.22687424 5.22977415 5.23267377]
t =  [1.04688962e+09 1.04688964e+09 1.04688966e+09 1.04688969e+09
 1.04688971e+09 1.04688973e+09 1.04688975e+09 1.04688978e+09
 1.04688980e+09 1.04688982e+09 1.04688985e+09 1.04688987e+09
 1.04688989e+09 1.04688991e+09 1.04688994e+09 1.04688996e+09
 1.04688998e+09 1.04689000e+09 1.04689003e+09 1.04689005e+09
 1.04689007e+09 1.04689009e+09 1.04689012e+09 1.04689014e+09
 1.04689016e+09 1.04689019e+09 1.04689021e+09 1.04689023e+09
 1.04689025e+09 1.04689028e+09 1.04689030e+09 1.04689032e+09
 1.04689034e+09 1.04689037e+09 1.04689039e+09 1.04689041e+09
 1.04689044e+09 1.04689046e+09 1.04689048e+09 1.04689050e+09
 1.04689053e+09 1.04689055e+09 1.04689057e+09 1.04689059e+09
 1.04689062e+09 1.04689064e+09 1.04689066e+09 1.04689069e+09
 1.04689071e+09 1.04689073e+09 1.04689075e+09 1.04689078e+09
 1.04689080e+09 1.04689082e+09 1.04689084e+09 1.04689087e+09
 1.04689089e+09 1.04689091e+09 1.04689093e+09 1.04689096e+09
 1.04689098e+09 1.04689100e+09 1.04689103e+09 1.04689105e+09
 1.04689107e+09 1.04689109e+09 1.04689112e+09 1.04689114e+09
 1.04689116e+09 1.04689118e+09 1.04689121e+09 1.04689123e+09
 1.04689125e+09 1.04689128e+09 1.04689130e+09 1.04689132e+09
 1.04689134e+09 1.04689137e+09 1.04689139e+09 1.04689141e+09
 1.04689143e+09 1.04689146e+09 1.04689148e+09 1.04689150e+09
 1.04689153e+09 1.04689155e+09 1.04689157e+09 1.04689159e+09
 1.04689162e+09 1.04689164e+09 1.04689166e+09 1.04689168e+09
 1.04689171e+09 1.04689173e+09 1.04689175e+09 1.04689177e+09
 1.04689180e+09 1.04689182e+09 1.04689184e+09 1.04689187e+09
 1.04689189e+09 1.04689191e+09 1.04689193e+09 1.04689196e+09
 1.04689198e+09 1.04689200e+09 1.04689202e+09 1.04689205e+09
 1.04689207e+09 1.04689209e+09 1.04689212e+09 1.04689214e+09
 1.04689216e+09 1.04689218e+09 1.04689221e+09 1.04689223e+09
 1.04689225e+09 1.04689227e+09 1.04689230e+09 1.04689232e+09
 1.04689234e+09 1.04689237e+09 1.04689239e+09 1.04689241e+09
 1.04689243e+09 1.04689246e+09 1.04689248e+09 1.04689250e+09
 1.04689252e+09 1.04689255e+09 1.04689257e+09 1.04689259e+09
 1.04689261e+09 1.04689264e+09 1.04689266e+09 1.04689268e+09
 1.04689271e+09 1.04689273e+09 1.04689275e+09 1.04689277e+09
 1.04689280e+09 1.04689282e+09 1.04689284e+09 1.04689286e+09
 1.04689289e+09 1.04689291e+09 1.04689293e+09 1.04689296e+09
 1.04689298e+09 1.04689300e+09 1.04689302e+09 1.04689305e+09
 1.04689307e+09 1.04689309e+09 1.04689311e+09 1.04689314e+09
 1.04689316e+09 1.04689318e+09 1.04689321e+09 1.04689323e+09
 1.04689325e+09 1.04689327e+09 1.04689330e+09 1.04689332e+09
 1.04689334e+09 1.04689336e+09 1.04689339e+09 1.04689341e+09
 1.04689343e+09 1.04689345e+09 1.04689348e+09 1.04689350e+09
 1.04689352e+09 1.04689355e+09 1.04689357e+09 1.04689359e+09
 1.04689361e+09 1.04689364e+09 1.04689366e+09 1.04689368e+09
 1.04689370e+09 1.04689373e+09 1.04689375e+09 1.04689377e+09
 1.04689380e+09 1.04689382e+09 1.04689384e+09 1.04689386e+09
 1.04689389e+09 1.04689391e+09 1.04689393e+09 1.04689395e+09
 1.04689398e+09 1.04689400e+09 1.04689402e+09 1.04689405e+09
 1.04689407e+09 1.04689409e+09 1.04689411e+09 1.04689414e+09
 1.04689416e+09 1.04689418e+09 1.04689420e+09 1.04689423e+09
 1.04689425e+09 1.04689427e+09 1.04689429e+09 1.04689432e+09
 1.04689434e+09 1.04689436e+09 1.04689439e+09 1.04689441e+09
 1.04689443e+09 1.04689445e+09 1.04689448e+09 1.04689450e+09
 1.04689452e+09 1.04689454e+09 1.04689457e+09 1.04689459e+09
 1.04689461e+09 1.04689464e+09 1.04689466e+09 1.04689468e+09
 1.04689470e+09 1.04689473e+09 1.04689475e+09 1.04689477e+09
 1.04689479e+09 1.04689482e+09 1.04689484e+09 1.04689486e+09
 1.04689489e+09 1.04689491e+09 1.04689493e+09 1.04689495e+09
 1.04689498e+09 1.04689500e+09 1.04689502e+09 1.04689504e+09
 1.04689507e+09 1.04689509e+09 1.04689511e+09 1.04689513e+09
 1.04689516e+09 1.04689518e+09 1.04689520e+09 1.04689523e+09
 1.04689525e+09 1.04689527e+09 1.04689529e+09 1.04689532e+09
 1.04689534e+09 1.04689536e+09 1.04689538e+09 1.04689541e+09
 1.04689543e+09 1.04689545e+09 1.04689548e+09 1.04689550e+09
 1.04689552e+09 1.04689554e+09 1.04689557e+09 1.04689559e+09
 1.04689561e+09 1.04689563e+09 1.04689566e+09 1.04689568e+09
 1.04689570e+09 1.04689573e+09 1.04689575e+09 1.04689577e+09
 1.04689579e+09 1.04689582e+09 1.04689584e+09 1.04689586e+09
 1.04689588e+09 1.04689591e+09 1.04689593e+09 1.04689595e+09
 1.04689597e+09 1.04689600e+09 1.04689602e+09 1.04689604e+09
 1.04689607e+09 1.04689609e+09 1.04689611e+09 1.04689613e+09
 1.04689616e+09 1.04689618e+09 1.04689620e+09 1.04689622e+09
 1.04689625e+09 1.04689627e+09 1.04689629e+09 1.04689632e+09
 1.04689634e+09 1.04689636e+09 1.04689638e+09 1.04689641e+09
 1.04689643e+09 1.04689645e+09 1.04689647e+09 1.04689650e+09
 1.04689652e+09 1.04689654e+09 1.04689657e+09 1.04689659e+09
 1.04689661e+09 1.04689663e+09 1.04689666e+09 1.04689668e+09
 1.04689670e+09 1.04689672e+09 1.04689675e+09 1.04689677e+09
 1.04689679e+09 1.04689681e+09 1.04689684e+09 1.04689686e+09
 1.04689688e+09 1.04689691e+09 1.04689693e+09 1.04689695e+09
 1.04689697e+09 1.04689700e+09 1.04689702e+09 1.04689704e+09
 1.04689706e+09 1.04689709e+09 1.04689711e+09 1.04689713e+09
 1.04689716e+09 1.04689718e+09 1.04689720e+09 1.04689722e+09
 1.04689725e+09 1.04689727e+09 1.04689729e+09 1.04689731e+09
 1.04689734e+09 1.04689736e+09 1.04689738e+09 1.04689741e+09
 1.04689743e+09 1.04689745e+09 1.04689747e+09 1.04689750e+09
 1.04689752e+09 1.04689754e+09 1.04689756e+09 1.04689759e+09
 1.04689761e+09 1.04689763e+09 1.04689765e+09 1.04689768e+09
 1.04689770e+09 1.04689772e+09 1.04689775e+09 1.04689777e+09
 1.04689779e+09 1.04689781e+09 1.04689784e+09 1.04689786e+09
 1.04689788e+09 1.04689790e+09 1.04689793e+09 1.04689795e+09
 1.04689797e+09 1.04689800e+09 1.04689802e+09 1.04689804e+09
 1.04689806e+09 1.04689809e+09 1.04689811e+09 1.04689813e+09
 1.04689815e+09 1.04689818e+09 1.04689820e+09 1.04689822e+09
 1.04689825e+09 1.04689827e+09 1.04689829e+09 1.04689831e+09
 1.04689834e+09 1.04689836e+09 1.04689838e+09 1.04689840e+09
 1.04689843e+09 1.04689845e+09 1.04689847e+09 1.04689849e+09
 1.04689852e+09 1.04689854e+09 1.04689856e+09 1.04689859e+09
 1.04689861e+09 1.04689863e+09 1.04689865e+09 1.04689868e+09
 1.04689870e+09 1.04689872e+09 1.04689874e+09 1.04689877e+09
 1.04689879e+09 1.04689881e+09 1.04689884e+09 1.04689886e+09
 1.04689888e+09 1.04689890e+09 1.04689893e+09 1.04689895e+09
 1.04689897e+09 1.04689899e+09 1.04689902e+09 1.04689904e+09
 1.04689906e+09 1.04689909e+09 1.04689911e+09 1.04689913e+09
 1.04689915e+09 1.04689918e+09 1.04689920e+09 1.04689922e+09
 1.04689924e+09 1.04689927e+09 1.04689929e+09 1.04689931e+09
 1.04689933e+09 1.04689936e+09 1.04689938e+09 1.04689940e+09
 1.04689943e+09 1.04689945e+09 1.04689947e+09 1.04689949e+09
 1.04689952e+09 1.04689954e+09 1.04689956e+09 1.04689958e+09
 1.04689961e+09 1.04689963e+09 1.04689965e+09 1.04689968e+09
 1.04689970e+09 1.04689972e+09 1.04689974e+09 1.04689977e+09
 1.04689979e+09 1.04689981e+09 1.04689983e+09 1.04689986e+09
 1.04689988e+09 1.04689990e+09 1.04689993e+09 1.04689995e+09
 1.04689997e+09 1.04689999e+09 1.04690002e+09 1.04690004e+09
 1.04690006e+09 1.04690008e+09 1.04690011e+09 1.04690013e+09
 1.04690015e+09 1.04690017e+09 1.04690020e+09 1.04690022e+09
 1.04690024e+09 1.04690027e+09 1.04690029e+09 1.04690031e+09
 1.04690033e+09 1.04690036e+09 1.04690038e+09 1.04690040e+09
 1.04690042e+09 1.04690045e+09 1.04690047e+09 1.04690049e+09
 1.04690052e+09 1.04690054e+09 1.04690056e+09 1.04690058e+09
 1.04690061e+09 1.04690063e+09 1.04690065e+09 1.04690067e+09
 1.04690070e+09 1.04690072e+09 1.04690074e+09 1.04690077e+09
 1.04690079e+09 1.04690081e+09 1.04690083e+09 1.04690086e+09
 1.04690088e+09 1.04690090e+09 1.04690092e+09 1.04690095e+09
 1.04690097e+09 1.04690099e+09 1.04690101e+09 1.04690104e+09
 1.04690106e+09 1.04690108e+09 1.04690111e+09 1.04690113e+09
 1.04690115e+09 1.04690117e+09 1.04690120e+09 1.04690122e+09
 1.04690124e+09 1.04690126e+09 1.04690129e+09 1.04690131e+09
 1.04690133e+09 1.04690136e+09 1.04690138e+09 1.04690140e+09
 1.04690142e+09 1.04690145e+09 1.04690147e+09 1.04690149e+09
 1.04690151e+09 1.04690154e+09 1.04690156e+09 1.04690158e+09
 1.04690161e+09 1.04690163e+09 1.04690165e+09 1.04690167e+09
 1.04690170e+09 1.04690172e+09 1.04690174e+09 1.04690176e+09
 1.04690179e+09 1.04690181e+09 1.04690183e+09 1.04690185e+09
 1.04690188e+09 1.04690190e+09 1.04690192e+09 1.04690195e+09
 1.04690197e+09 1.04690199e+09 1.04690201e+09 1.04690204e+09
 1.04690206e+09 1.04690208e+09 1.04690210e+09 1.04690213e+09
 1.04690215e+09 1.04690217e+09 1.04690220e+09 1.04690222e+09
 1.04690224e+09 1.04690226e+09 1.04690229e+09 1.04690231e+09
 1.04690233e+09 1.04690235e+09 1.04690238e+09 1.04690240e+09
 1.04690242e+09 1.04690245e+09 1.04690247e+09 1.04690249e+09
 1.04690251e+09 1.04690254e+09 1.04690256e+09 1.04690258e+09
 1.04690260e+09 1.04690263e+09 1.04690265e+09 1.04690267e+09
 1.04690269e+09 1.04690272e+09 1.04690274e+09 1.04690276e+09
 1.04690279e+09 1.04690281e+09 1.04690283e+09 1.04690285e+09
 1.04690288e+09 1.04690290e+09 1.04690292e+09 1.04690294e+09
 1.04690297e+09 1.04690299e+09 1.04690301e+09 1.04690304e+09
 1.04690306e+09 1.04690308e+09 1.04690310e+09 1.04690313e+09
 1.04690315e+09 1.04690317e+09 1.04690319e+09 1.04690322e+09
 1.04690324e+09 1.04690326e+09 1.04690329e+09 1.04690331e+09
 1.04690333e+09 1.04690335e+09 1.04690338e+09 1.04690340e+09
 1.04690342e+09 1.04690344e+09 1.04690347e+09 1.04690349e+09
 1.04690351e+09 1.04690353e+09 1.04690356e+09 1.04690358e+09
 1.04690360e+09 1.04690363e+09 1.04690365e+09 1.04690367e+09
 1.04690369e+09 1.04690372e+09 1.04690374e+09 1.04690376e+09
 1.04690378e+09 1.04690381e+09 1.04690383e+09 1.04690385e+09
 1.04690388e+09 1.04690390e+09 1.04690392e+09 1.04690394e+09
 1.04690397e+09 1.04690399e+09 1.04690401e+09 1.04690403e+09
 1.04690406e+09 1.04690408e+09 1.04690410e+09 1.04690413e+09
 1.04690415e+09 1.04690417e+09 1.04690419e+09 1.04690422e+09
 1.04690424e+09 1.04690426e+09 1.04690428e+09 1.04690431e+09
 1.04690433e+09 1.04690435e+09 1.04690437e+09 1.04690440e+09
 1.04690442e+09 1.04690444e+09 1.04690447e+09 1.04690449e+09
 1.04690451e+09 1.04690453e+09 1.04690456e+09 1.04690458e+09
 1.04690460e+09 1.04690462e+09 1.04690465e+09 1.04690467e+09
 1.04690469e+09 1.04690472e+09 1.04690474e+09 1.04690476e+09
 1.04690478e+09 1.04690481e+09 1.04690483e+09 1.04690485e+09
 1.04690487e+09 1.04690490e+09 1.04690492e+09 1.04690494e+09
 1.04690497e+09 1.04690499e+09 1.04690501e+09 1.04690503e+09
 1.04690506e+09 1.04690508e+09 1.04690510e+09 1.04690512e+09
 1.04690515e+09 1.04690517e+09 1.04690519e+09 1.04690521e+09
 1.04690524e+09 1.04690526e+09 1.04690528e+09 1.04690531e+09
 1.04690533e+09 1.04690535e+09 1.04690537e+09 1.04690540e+09
 1.04690542e+09 1.04690544e+09 1.04690546e+09 1.04690549e+09
 1.04690551e+09 1.04690553e+09 1.04690556e+09 1.04690558e+09
 1.04690560e+09 1.04690562e+09 1.04690565e+09 1.04690567e+09
 1.04690569e+09 1.04690571e+09 1.04690574e+09 1.04690576e+09
 1.04690578e+09 1.04690581e+09 1.04690583e+09 1.04690585e+09
 1.04690587e+09 1.04690590e+09 1.04690592e+09 1.04690594e+09
 1.04690596e+09 1.04690599e+09 1.04690601e+09 1.04690603e+09
 1.04690605e+09 1.04690608e+09 1.04690610e+09 1.04690612e+09
 1.04690615e+09 1.04690617e+09 1.04690619e+09 1.04690621e+09
 1.04690624e+09 1.04690626e+09 1.04690628e+09 1.04690630e+09
 1.04690633e+09 1.04690635e+09 1.04690637e+09 1.04690640e+09
 1.04690642e+09 1.04690644e+09 1.04690646e+09 1.04690649e+09
 1.04690651e+09 1.04690653e+09 1.04690655e+09 1.04690658e+09
 1.04690660e+09 1.04690662e+09 1.04690665e+09 1.04690667e+09
 1.04690669e+09 1.04690671e+09 1.04690674e+09 1.04690676e+09
 1.04690678e+09 1.04690680e+09 1.04690683e+09 1.04690685e+09
 1.04690687e+09 1.04690689e+09 1.04690692e+09 1.04690694e+09
 1.04690696e+09 1.04690699e+09 1.04690701e+09 1.04690703e+09
 1.04690705e+09 1.04690708e+09 1.04690710e+09 1.04690712e+09
 1.04690714e+09 1.04690717e+09 1.04690719e+09 1.04690721e+09
 1.04690724e+09 1.04690726e+09 1.04690728e+09 1.04690730e+09
 1.04690733e+09 1.04690735e+09 1.04690737e+09 1.04690739e+09
 1.04690742e+09 1.04690744e+09 1.04690746e+09 1.04690749e+09
 1.04690751e+09 1.04690753e+09 1.04690755e+09 1.04690758e+09
 1.04690760e+09 1.04690762e+09 1.04690764e+09 1.04690767e+09
 1.04690769e+09 1.04690771e+09 1.04690773e+09 1.04690776e+09
 1.04690778e+09 1.04690780e+09 1.04690783e+09 1.04690785e+09
 1.04690787e+09 1.04690789e+09 1.04690792e+09 1.04690794e+09
 1.04690796e+09 1.04690798e+09 1.04690801e+09 1.04690803e+09
 1.04690805e+09 1.04690808e+09 1.04690810e+09 1.04690812e+09
 1.04690814e+09 1.04690817e+09 1.04690819e+09 1.04690821e+09
 1.04690823e+09 1.04690826e+09 1.04690828e+09 1.04690830e+09
 1.04690833e+09 1.04690835e+09 1.04690837e+09 1.04690839e+09
 1.04690842e+09 1.04690844e+09 1.04690846e+09 1.04690848e+09
 1.04690851e+09 1.04690853e+09 1.04690855e+09 1.04690857e+09
 1.04690860e+09 1.04690862e+09 1.04690864e+09 1.04690867e+09
 1.04690869e+09 1.04690871e+09 1.04690873e+09 1.04690876e+09
 1.04690878e+09 1.04690880e+09 1.04690882e+09 1.04690885e+09
 1.04690887e+09 1.04690889e+09 1.04690892e+09 1.04690894e+09
 1.04690896e+09 1.04690898e+09 1.04690901e+09 1.04690903e+09
 1.04690905e+09 1.04690907e+09 1.04690910e+09 1.04690912e+09
 1.04690914e+09 1.04690917e+09 1.04690919e+09 1.04690921e+09
 1.04690923e+09 1.04690926e+09 1.04690928e+09 1.04690930e+09
 1.04690932e+09 1.04690935e+09 1.04690937e+09 1.04690939e+09
 1.04690941e+09 1.04690944e+09 1.04690946e+09 1.04690948e+09
 1.04690951e+09 1.04690953e+09 1.04690955e+09 1.04690957e+09
 1.04690960e+09 1.04690962e+09 1.04690964e+09 1.04690966e+09
 1.04690969e+09 1.04690971e+09 1.04690973e+09 1.04690976e+09
 1.04690978e+09 1.04690980e+09 1.04690982e+09 1.04690985e+09
 1.04690987e+09 1.04690989e+09 1.04690991e+09 1.04690994e+09
 1.04690996e+09 1.04690998e+09 1.04691001e+09 1.04691003e+09
 1.04691005e+09 1.04691007e+09 1.04691010e+09 1.04691012e+09
 1.04691014e+09 1.04691016e+09 1.04691019e+09 1.04691021e+09
 1.04691023e+09 1.04691025e+09 1.04691028e+09 1.04691030e+09
 1.04691032e+09 1.04691035e+09 1.04691037e+09 1.04691039e+09
 1.04691041e+09 1.04691044e+09 1.04691046e+09 1.04691048e+09
 1.04691050e+09 1.04691053e+09 1.04691055e+09 1.04691057e+09
 1.04691060e+09 1.04691062e+09 1.04691064e+09 1.04691066e+09
 1.04691069e+09 1.04691071e+09 1.04691073e+09 1.04691075e+09
 1.04691078e+09 1.04691080e+09 1.04691082e+09 1.04691085e+09
 1.04691087e+09 1.04691089e+09 1.04691091e+09 1.04691094e+09
 1.04691096e+09 1.04691098e+09 1.04691100e+09 1.04691103e+09
 1.04691105e+09 1.04691107e+09 1.04691109e+09 1.04691112e+09
 1.04691114e+09 1.04691116e+09 1.04691119e+09 1.04691121e+09
 1.04691123e+09 1.04691125e+09 1.04691128e+09 1.04691130e+09
 1.04691132e+09 1.04691134e+09 1.04691137e+09 1.04691139e+09
 1.04691141e+09 1.04691144e+09 1.04691146e+09 1.04691148e+09
 1.04691150e+09 1.04691153e+09 1.04691155e+09 1.04691157e+09
 1.04691159e+09 1.04691162e+09 1.04691164e+09 1.04691166e+09
 1.04691169e+09 1.04691171e+09 1.04691173e+09 1.04691175e+09
 1.04691178e+09 1.04691180e+09 1.04691182e+09 1.04691184e+09
 1.04691187e+09 1.04691189e+09 1.04691191e+09 1.04691193e+09
 1.04691196e+09 1.04691198e+09 1.04691200e+09 1.04691203e+09
 1.04691205e+09 1.04691207e+09 1.04691209e+09 1.04691212e+09
 1.04691214e+09 1.04691216e+09 1.04691218e+09 1.04691221e+09
 1.04691223e+09 1.04691225e+09 1.04691228e+09 1.04691230e+09]
minRes = 2.1875122942526706
minResTime =  [1.04688962e+09]
