name =JUICE_ROI_CAL_4_5_03
flyby =  ['2032 AUG 14 10:09:17', '2032 AUG 15 10:09:17']
Observation TW =  <SpiceCell dtype = 1, length = 0, size = 2400, card = 4, is_set = 1, adjust = 0, init = 1, base = 2554798227024, data = 2554798227072>
Res(t) =  [3.82986612 3.82624288 3.82261965 3.81899642 3.8153732  3.81174997
 3.80812674 3.80450352 3.80088029 3.79725707 3.79363384 3.79001062
 3.78638739 3.78276416 3.77914093 3.7755177  3.77189447 3.76827124
 3.764648   3.76102476 3.75740152 3.75377828 3.75015503 3.74653177
 3.74290852 3.73928526 3.73566199 3.73203872 3.72841545 3.72479217
 3.72116888 3.71754559 3.71392229 3.71029899 3.70667568 3.70305236
 3.69942904 3.69580571 3.69218237 3.68855902 3.68493566 3.6813123
 3.67768893 3.67406554 3.67044215 3.66681875 3.66319534 3.65957192
 3.65594849 3.65232505 3.64870159 3.64507813 3.64145465 3.63783117
 3.63420767 3.63058415 3.62696063 3.62333709 3.61971354 3.61608998
 3.6124664  3.60884281 3.6052192  3.60159558 3.59797195 3.5943483
 3.59072463 3.58710095 3.58347726 3.57985354 3.57622981 3.57260607
 3.56898231 3.56535853 3.56173473 3.55811091 3.55448708 3.55086323
 3.54723936 3.54361547 3.53999156 3.53636763 3.53274369 3.52911972
 3.52549573 3.52187172 3.51824769 3.51462364 3.51099957 3.50737548
 3.50375136 3.50012723 3.49650307 3.49287888 3.48925468 3.48563045
 3.4820062  3.47838192 3.47475762 3.4711333  3.46750895 3.46388457
 3.46026017 3.45663575 3.4530113  3.44938682 3.44576231 3.44213778
 3.43851323 3.43488864 3.43126403 3.42763939 3.42401472 3.42039003
 3.4167653  3.41314055 3.40951577 3.40589095 3.40226611 3.39864124
 3.39501634 3.3913914  3.38776644 3.38414144 3.38051642 3.37689136
 3.37326627 3.36964115 3.36601599 3.3623908  3.35876558 3.35514033
 3.35151504 3.34788972 3.34426436 3.34063897 3.33701355 3.33338808
 3.32976259 3.32613706 3.32251149 3.31888588 3.31526024 3.31163456
 3.30800885 3.3043831  3.30075731 3.29713148 3.29350561 3.28987971
 3.28625377 3.28262778 3.27900176 3.2753757  3.2717496  3.26812345
 3.26449727 3.26087105 3.25724478 3.25361848 3.24999213 3.24636574
 3.24273931 3.23911283 3.23548632 3.23185975 3.22823315 3.2246065
 3.22097981 3.21735307 3.21372629 3.21009947 3.2064726  3.20284568
 3.19921872 3.19559171 3.19196466 3.18833756 3.18471041 3.18108321
 3.17745597 3.17382868 3.17020134 3.16657395 3.16294652 3.15931903
 3.1556915  3.15206392 3.14843628 3.1448086  3.14118087 3.13755308
 3.13392525 3.13029736 3.12666942 3.12304143 3.11941339 3.11578529
 3.11215715 3.10852894 3.10490069 3.10127238 3.09764402 3.09401561
 3.09038714 3.08675861 3.08313003 3.07950139 3.0758727  3.07224396
 3.06861515 3.06498629 3.06135737 3.0577284  3.05409937 3.05047028
 3.04684113 3.04321193 3.03958266 3.03595334 3.03232395 3.02869451
 3.02506501 3.02143545 3.01780583 3.01417614 3.0105464  3.00691659
 3.00328673 2.9996568  2.9960268  2.99239675 2.98876663 2.98513645
 2.98150621 2.9778759  2.97424553 2.9706151  2.9669846  2.96335403
 2.9597234  2.95609271 2.95246195 2.94883112 2.94520023 2.94156927
 2.93793824 2.93430714 2.93067598 2.92704475 2.92341345 2.91978209
 2.91615065 2.91251915 2.90888757 2.90525593 2.90162422 2.89799243
 2.89436058 2.89072865 2.88709666 2.88346459 2.87983245 2.87620024
 2.87256795 2.8689356  2.86530317 2.86167067 2.85803809 2.85440544
 2.85077271 2.84713991 2.84350704 2.83987409 2.83624107 2.83260797
 2.82897479 2.82534154 2.82170821 2.8180748  2.81444132 2.81080776
 2.80717412 2.8035404  2.79990661 2.79627274 2.79263878 2.78900475
 2.78537064 2.78173645 2.77810217 2.77446782 2.77083339 2.76719887
 2.76356428 2.7599296  2.75629484 2.75266    2.74902507 2.74539007
 2.74175498 2.7381198  2.73448454 2.7308492  2.72721377 2.72357826
 2.71994266 2.71630698 2.71267121 2.70903536 2.70539942 2.70176339
 2.69812728 2.69449107 2.69085479 2.68721841 2.68358194 2.67994539
 2.67630875 2.67267202 2.6690352  2.66539829 2.66176129 2.6581242
 2.65448701 2.65084974 2.64721238 2.64357492 2.63993738 2.63629974
 2.63266201 2.62902418 2.62538627 2.62174826 2.61811015 2.61447195
 2.61083366 2.60719528 2.60355679 2.59991822 2.59627954 2.59264078
 2.58900191 2.58536295 2.58172389 2.57808474 2.57444549 2.57080614
 2.56716669 2.56352715 2.5598875  2.55624776 2.55260792 2.54896798
 2.54532793 2.54168779 2.53804755 2.53440721 2.53076677 2.52712622
 2.52348557 2.51984483 2.51620398 2.51256302 2.50892197 2.50528081
 2.50163955 2.49799818 2.49435671 2.49071513 2.48707345 2.48343167
 2.47978978 2.47614779 2.47250568 2.46886348 2.46522116 2.46157874
 2.45793621 2.45429358 2.45065084 2.44700799 2.44336503 2.43972196
 2.43607878 2.4324355  2.4287921  2.42514859 2.42150498 2.41786125
 2.41421741 2.41057347 2.40692941 2.40328524 2.39964095 2.39599656
 2.39235205 2.38870743 2.38506269 2.38141785 2.37777288 2.37412781
 2.37048262 2.36683731 2.36319189 2.35954636 2.35590071 2.35225494
 2.34860906 2.34496306 2.34131694 2.33767071 2.33402435 2.33037789
 2.3267313  2.32308459 2.31943777 2.31579083 2.31214376 2.30849658
 2.30484928 2.30120186 2.29755432 2.29390665 2.29025887 2.28661096
 2.28296293 2.27931478 2.27566651 2.27201812 2.2683696  2.26472096
 2.2610722  2.25742331 2.2537743  2.25012516 2.2464759  2.24282651
 2.239177   2.23552737 2.2318776  2.22822772 2.2245777  2.22092756
 2.21727729 2.21362689 2.20997637 2.20632572 2.20267494 2.19902403
 2.19537299 2.19172183 2.18807053 2.1844191  2.18076755 2.17711586
 2.17346405 2.1698121  2.16616002 2.16250781 2.15885547 2.15520299
 2.15155039 2.14789765 2.14424478 2.14059177 2.13693863 2.13328536
 2.12963196 2.12597842 2.12232474 2.11867093 2.11501699 2.1113629
 2.10770869 2.10405434 2.10039985 2.09674522 2.09309046 2.08943556
 2.08578052 2.08212535 2.07847003 2.07481458 2.07115899 2.06750326
 2.06384739 2.06019139 2.05653524 2.05287895 2.04922252 2.04556596
 2.04190925 2.0382524  2.0345954  2.03093827 2.027281   2.02362358
 2.01996602 2.01630832 2.01265047 2.00899248 2.00533435 2.00167607
 1.99801765 1.99435909 1.99070038 1.98704152 1.98338252 1.97972338
 1.97606409 1.97240465 1.96874507 1.96508534 1.96142546 1.95776544
 1.95410526 1.95044495 1.94678448 1.94312387 1.9394631  1.93580219
 1.93214113 1.92847992 1.92481856 1.92115706 1.9174954  1.91383359
 1.91017163 1.90650952 1.90284726 1.89918485 1.89552229 1.89185957
 1.88819671 1.88453369 1.88087052 1.8772072  1.87354372 1.86988009
 1.86621631 1.86255237 1.85888829 1.85522404 1.85155964 1.84789509
 1.84423039 1.84056552 1.83690051 1.83323534 1.82957001 1.82590452
 1.82223888 1.81857309 1.81490714 1.81124103 1.80757476 1.80390834
 1.80024176 1.79657502 1.79290812 1.78924107 1.78557386 1.78190649
 1.77823896 1.77457127 1.77090342 1.76723542 1.76356725 1.75989892
 1.75623044 1.75256179 1.74889299 1.74522402 1.7415549  1.73788561
 1.73421616 1.73054655 1.72687678 1.72320685 1.71953675 1.7158665
 1.71219608 1.7085255  1.70485475 1.70118385 1.69751278 1.69384155
 1.69017016 1.6864986  1.68282688 1.67915499 1.67548295 1.67181073
 1.66813836 1.66446582 1.66079311 1.65712024 1.65344721 1.64977401
 1.64610065 1.64242712 1.63875343 1.63507957 1.63140555 1.62773136
 1.624057   1.62038248 1.6167078  1.61303294 1.60935793 1.60568274
 1.60200739 1.59833187 1.59465619 1.59098034 1.58730432 1.58362814
 1.57995179 1.57627527 1.57259858 1.56892173 1.56524471 1.56156753
 1.55789018 1.55421265 1.55053497 1.54685711 1.54317909 1.5395009
 1.53582254 1.53214401 1.52846532 1.52478646 1.52110743 1.51742823
 1.51374887 1.51006934 1.50638964 1.50270977 1.49902974 1.49534953
 1.49166916 1.48798862 1.48430792 1.48062704 1.476946   1.47326479
 1.46958341 1.46590187 1.46222016 1.45853828 1.45485623 1.45117402
 1.44749164 1.44380909 1.44012637 1.43644349 1.43276044 1.42907722
 1.42539384 1.42171029 1.41802657 1.41434268 1.41065863 1.40697442
 1.40329004 1.39960549 1.39592078 1.3922359  1.38855085 1.38486564
 1.38118027 1.37749473 1.37380902 1.37012315 1.36643712 1.36275092
 1.35906456 1.35537804 1.35169135 1.3480045  1.34431749 1.34063031
 1.33694297 1.33325547 1.32956781 1.32587998 1.322192   1.31850385
 1.31481555 1.31112708 1.30743846 1.30374967 1.30006073 1.29637162
 1.29268236 1.28899294 1.28530337 1.28161363 1.27792374 1.2742337
 1.27054349 1.26685314 1.26316262 1.25947196 1.25578114 1.25209016
 1.24839904 1.24470776 1.24101633 1.23732475 1.23363302 1.22994114
 1.22624911 1.22255693 1.2188646  1.21517213 1.21147951 1.20778674
 1.20409383 1.20040077 1.19670757 1.19301423 1.18932074 1.18562712
 1.18193335 1.17823944 1.1745454  1.17085121 1.16715689 1.16346243
 1.15976784 1.15607311 1.15237825 1.14868325 1.14498813 1.14129287
 1.13759748 1.13390197 1.13020632 1.12651056 1.12281466 1.11911864
 1.1154225  1.11172624 1.10802986 1.10433336 1.10063674 1.09694
 1.09324315 1.08954618 1.0858491  1.08215191 1.07845462 1.07475721
 1.07105969 1.06736208 1.06366435 1.05996653 1.0562686  1.05257058
 1.04887246 1.04517425 1.04147594 1.03777754 1.03407905 1.03038047
 1.02668181 1.02298306 1.01928423 1.01558532 1.01188633 1.00818727
 1.00448814 1.00078893 0.99708965 0.99339031 0.9896909  0.98599143
 0.98229191 0.97859232 0.97489268 0.97119299 0.96749325 0.96379346
 0.96009364 0.95639377 0.95269386 0.94899392 0.94529394 0.94159394
 0.93789391 0.93419386 0.93049379 0.92679371 0.92309361 0.91939351
 0.9156934  0.91199328 0.90829318 0.90459307 0.90089298 0.8971929
 0.89349284 0.88979281 0.8860928  0.88239282 0.87869287 0.87499297
 0.87129311 0.8675933  0.86389354 0.86019385 0.85649422 0.85279466
 0.84909517 0.84539576 0.84169644 0.83799721 0.83429808 0.83059905
 0.82690013 0.82320132 0.81950264 0.81580409 0.81210567 0.80840739
 0.80470926 0.80101129 0.79731347 0.79361583 0.78991837 0.7862211
 0.78252401 0.77882713 0.77513046 0.77143401 0.76773779 0.7640418
 0.76034606 0.75665058 0.75295536 0.74926041 0.74556575 0.74187139
 0.73817733 0.73448359 0.73079017 0.7270971  0.72340438 0.71971202
 0.71602004 0.71232845 0.70863726 0.70494649 0.70125614 0.69756624
 0.69387679 0.69018782 0.68649934 0.68281136 0.6791239  0.67543697
 0.6717506  0.6680648  0.66437959 0.66032428 0.65663549 0.65294727
 0.64925966 0.64557268 0.64188634 0.63820066 0.63451566 0.63083137
 0.62714781 0.623465   0.61978297 0.61610173 0.61242132 0.60874176
 0.60506308 0.6013853  0.59770845 0.59403257 0.59035768 0.58668381
 0.58301099 0.57933927 0.57566866 0.57199922 0.56833097 0.56466395
 0.5609982  0.55733376 0.55367068 0.55000899 0.54634874 0.54268998
 0.53903275 0.53537711 0.53172309 0.52807077 0.52442018 0.5207714
 0.51712447 0.51347946 0.50983643 0.50619545 0.50255658 0.4989199
 0.49528548 0.49165339 0.48802372 0.48439655 0.48077195 0.47715003
 0.47353088 0.46991459 0.46630126 0.46269099 0.45908391 0.45548011
 0.45187972 0.44828287 0.44468968 0.44110029 0.43751484 0.43393348
 0.43035637 0.42678366 0.42321553 0.41965215 0.41609371 0.4125404
 0.40899244 0.40545004 0.40191342 0.39838282 0.3948585  0.39134071
 0.38782974 0.38432588 0.38082944 0.37734074 0.37386013 0.37038797
 0.36692466 0.3634706  0.36002621 0.35659197 0.35316836 0.3497559
 0.34635513 0.34296666 0.33959109 0.33622911 0.33288142 0.32954878
 0.32623202 0.32293201 0.31964968 0.31638604 0.31314219 0.30991929
 0.3067186  0.30354149 0.30038944 0.29726405 0.29416705 0.29110035
 0.28806601 0.28506629 0.28210365 0.27918081 0.27630076 0.27346677
 0.2706825  0.26795197 0.26527967 0.26267061 0.26013038 0.25766527
 0.25528238 0.25298975 0.25079651 0.24871309 0.24675148 0.24492554
 0.24325135 0.24174772 0.24043682 0.23934497 0.23850367 0.23795107
 0.23773375 0.2379094  0.23855038 0.23974891]
t =  [1.02936303e+09 1.02936307e+09 1.02936311e+09 1.02936315e+09
 1.02936319e+09 1.02936323e+09 1.02936328e+09 1.02936332e+09
 1.02936336e+09 1.02936340e+09 1.02936344e+09 1.02936348e+09
 1.02936353e+09 1.02936357e+09 1.02936361e+09 1.02936365e+09
 1.02936369e+09 1.02936373e+09 1.02936378e+09 1.02936382e+09
 1.02936386e+09 1.02936390e+09 1.02936394e+09 1.02936399e+09
 1.02936403e+09 1.02936407e+09 1.02936411e+09 1.02936415e+09
 1.02936419e+09 1.02936424e+09 1.02936428e+09 1.02936432e+09
 1.02936436e+09 1.02936440e+09 1.02936444e+09 1.02936449e+09
 1.02936453e+09 1.02936457e+09 1.02936461e+09 1.02936465e+09
 1.02936469e+09 1.02936474e+09 1.02936478e+09 1.02936482e+09
 1.02936486e+09 1.02936490e+09 1.02936494e+09 1.02936499e+09
 1.02936503e+09 1.02936507e+09 1.02936511e+09 1.02936515e+09
 1.02936519e+09 1.02936524e+09 1.02936528e+09 1.02936532e+09
 1.02936536e+09 1.02936540e+09 1.02936544e+09 1.02936549e+09
 1.02936553e+09 1.02936557e+09 1.02936561e+09 1.02936565e+09
 1.02936569e+09 1.02936574e+09 1.02936578e+09 1.02936582e+09
 1.02936586e+09 1.02936590e+09 1.02936594e+09 1.02936599e+09
 1.02936603e+09 1.02936607e+09 1.02936611e+09 1.02936615e+09
 1.02936619e+09 1.02936624e+09 1.02936628e+09 1.02936632e+09
 1.02936636e+09 1.02936640e+09 1.02936644e+09 1.02936649e+09
 1.02936653e+09 1.02936657e+09 1.02936661e+09 1.02936665e+09
 1.02936669e+09 1.02936674e+09 1.02936678e+09 1.02936682e+09
 1.02936686e+09 1.02936690e+09 1.02936694e+09 1.02936699e+09
 1.02936703e+09 1.02936707e+09 1.02936711e+09 1.02936715e+09
 1.02936720e+09 1.02936724e+09 1.02936728e+09 1.02936732e+09
 1.02936736e+09 1.02936740e+09 1.02936745e+09 1.02936749e+09
 1.02936753e+09 1.02936757e+09 1.02936761e+09 1.02936765e+09
 1.02936770e+09 1.02936774e+09 1.02936778e+09 1.02936782e+09
 1.02936786e+09 1.02936790e+09 1.02936795e+09 1.02936799e+09
 1.02936803e+09 1.02936807e+09 1.02936811e+09 1.02936815e+09
 1.02936820e+09 1.02936824e+09 1.02936828e+09 1.02936832e+09
 1.02936836e+09 1.02936840e+09 1.02936845e+09 1.02936849e+09
 1.02936853e+09 1.02936857e+09 1.02936861e+09 1.02936865e+09
 1.02936870e+09 1.02936874e+09 1.02936878e+09 1.02936882e+09
 1.02936886e+09 1.02936890e+09 1.02936895e+09 1.02936899e+09
 1.02936903e+09 1.02936907e+09 1.02936911e+09 1.02936915e+09
 1.02936920e+09 1.02936924e+09 1.02936928e+09 1.02936932e+09
 1.02936936e+09 1.02936940e+09 1.02936945e+09 1.02936949e+09
 1.02936953e+09 1.02936957e+09 1.02936961e+09 1.02936965e+09
 1.02936970e+09 1.02936974e+09 1.02936978e+09 1.02936982e+09
 1.02936986e+09 1.02936990e+09 1.02936995e+09 1.02936999e+09
 1.02937003e+09 1.02937007e+09 1.02937011e+09 1.02937016e+09
 1.02937020e+09 1.02937024e+09 1.02937028e+09 1.02937032e+09
 1.02937036e+09 1.02937041e+09 1.02937045e+09 1.02937049e+09
 1.02937053e+09 1.02937057e+09 1.02937061e+09 1.02937066e+09
 1.02937070e+09 1.02937074e+09 1.02937078e+09 1.02937082e+09
 1.02937086e+09 1.02937091e+09 1.02937095e+09 1.02937099e+09
 1.02937103e+09 1.02937107e+09 1.02937111e+09 1.02937116e+09
 1.02937120e+09 1.02937124e+09 1.02937128e+09 1.02937132e+09
 1.02937136e+09 1.02937141e+09 1.02937145e+09 1.02937149e+09
 1.02937153e+09 1.02937157e+09 1.02937161e+09 1.02937166e+09
 1.02937170e+09 1.02937174e+09 1.02937178e+09 1.02937182e+09
 1.02937186e+09 1.02937191e+09 1.02937195e+09 1.02937199e+09
 1.02937203e+09 1.02937207e+09 1.02937211e+09 1.02937216e+09
 1.02937220e+09 1.02937224e+09 1.02937228e+09 1.02937232e+09
 1.02937236e+09 1.02937241e+09 1.02937245e+09 1.02937249e+09
 1.02937253e+09 1.02937257e+09 1.02937261e+09 1.02937266e+09
 1.02937270e+09 1.02937274e+09 1.02937278e+09 1.02937282e+09
 1.02937286e+09 1.02937291e+09 1.02937295e+09 1.02937299e+09
 1.02937303e+09 1.02937307e+09 1.02937311e+09 1.02937316e+09
 1.02937320e+09 1.02937324e+09 1.02937328e+09 1.02937332e+09
 1.02937337e+09 1.02937341e+09 1.02937345e+09 1.02937349e+09
 1.02937353e+09 1.02937357e+09 1.02937362e+09 1.02937366e+09
 1.02937370e+09 1.02937374e+09 1.02937378e+09 1.02937382e+09
 1.02937387e+09 1.02937391e+09 1.02937395e+09 1.02937399e+09
 1.02937403e+09 1.02937407e+09 1.02937412e+09 1.02937416e+09
 1.02937420e+09 1.02937424e+09 1.02937428e+09 1.02937432e+09
 1.02937437e+09 1.02937441e+09 1.02937445e+09 1.02937449e+09
 1.02937453e+09 1.02937457e+09 1.02937462e+09 1.02937466e+09
 1.02937470e+09 1.02937474e+09 1.02937478e+09 1.02937482e+09
 1.02937487e+09 1.02937491e+09 1.02937495e+09 1.02937499e+09
 1.02937503e+09 1.02937507e+09 1.02937512e+09 1.02937516e+09
 1.02937520e+09 1.02937524e+09 1.02937528e+09 1.02937532e+09
 1.02937537e+09 1.02937541e+09 1.02937545e+09 1.02937549e+09
 1.02937553e+09 1.02937557e+09 1.02937562e+09 1.02937566e+09
 1.02937570e+09 1.02937574e+09 1.02937578e+09 1.02937582e+09
 1.02937587e+09 1.02937591e+09 1.02937595e+09 1.02937599e+09
 1.02937603e+09 1.02937607e+09 1.02937612e+09 1.02937616e+09
 1.02937620e+09 1.02937624e+09 1.02937628e+09 1.02937633e+09
 1.02937637e+09 1.02937641e+09 1.02937645e+09 1.02937649e+09
 1.02937653e+09 1.02937658e+09 1.02937662e+09 1.02937666e+09
 1.02937670e+09 1.02937674e+09 1.02937678e+09 1.02937683e+09
 1.02937687e+09 1.02937691e+09 1.02937695e+09 1.02937699e+09
 1.02937703e+09 1.02937708e+09 1.02937712e+09 1.02937716e+09
 1.02937720e+09 1.02937724e+09 1.02937728e+09 1.02937733e+09
 1.02937737e+09 1.02937741e+09 1.02937745e+09 1.02937749e+09
 1.02937753e+09 1.02937758e+09 1.02937762e+09 1.02937766e+09
 1.02937770e+09 1.02937774e+09 1.02937778e+09 1.02937783e+09
 1.02937787e+09 1.02937791e+09 1.02937795e+09 1.02937799e+09
 1.02937803e+09 1.02937808e+09 1.02937812e+09 1.02937816e+09
 1.02937820e+09 1.02937824e+09 1.02937828e+09 1.02937833e+09
 1.02937837e+09 1.02937841e+09 1.02937845e+09 1.02937849e+09
 1.02937853e+09 1.02937858e+09 1.02937862e+09 1.02937866e+09
 1.02937870e+09 1.02937874e+09 1.02937878e+09 1.02937883e+09
 1.02937887e+09 1.02937891e+09 1.02937895e+09 1.02937899e+09
 1.02937903e+09 1.02937908e+09 1.02937912e+09 1.02937916e+09
 1.02937920e+09 1.02937924e+09 1.02937928e+09 1.02937933e+09
 1.02937937e+09 1.02937941e+09 1.02937945e+09 1.02937949e+09
 1.02937954e+09 1.02937958e+09 1.02937962e+09 1.02937966e+09
 1.02937970e+09 1.02937974e+09 1.02937979e+09 1.02937983e+09
 1.02937987e+09 1.02937991e+09 1.02937995e+09 1.02937999e+09
 1.02938004e+09 1.02938008e+09 1.02938012e+09 1.02938016e+09
 1.02938020e+09 1.02938024e+09 1.02938029e+09 1.02938033e+09
 1.02938037e+09 1.02938041e+09 1.02938045e+09 1.02938049e+09
 1.02938054e+09 1.02938058e+09 1.02938062e+09 1.02938066e+09
 1.02938070e+09 1.02938074e+09 1.02938079e+09 1.02938083e+09
 1.02938087e+09 1.02938091e+09 1.02938095e+09 1.02938099e+09
 1.02938104e+09 1.02938108e+09 1.02938112e+09 1.02938116e+09
 1.02938120e+09 1.02938124e+09 1.02938129e+09 1.02938133e+09
 1.02938137e+09 1.02938141e+09 1.02938145e+09 1.02938149e+09
 1.02938154e+09 1.02938158e+09 1.02938162e+09 1.02938166e+09
 1.02938170e+09 1.02938174e+09 1.02938179e+09 1.02938183e+09
 1.02938187e+09 1.02938191e+09 1.02938195e+09 1.02938199e+09
 1.02938204e+09 1.02938208e+09 1.02938212e+09 1.02938216e+09
 1.02938220e+09 1.02938224e+09 1.02938229e+09 1.02938233e+09
 1.02938237e+09 1.02938241e+09 1.02938245e+09 1.02938250e+09
 1.02938254e+09 1.02938258e+09 1.02938262e+09 1.02938266e+09
 1.02938270e+09 1.02938275e+09 1.02938279e+09 1.02938283e+09
 1.02938287e+09 1.02938291e+09 1.02938295e+09 1.02938300e+09
 1.02938304e+09 1.02938308e+09 1.02938312e+09 1.02938316e+09
 1.02938320e+09 1.02938325e+09 1.02938329e+09 1.02938333e+09
 1.02938337e+09 1.02938341e+09 1.02938345e+09 1.02938350e+09
 1.02938354e+09 1.02938358e+09 1.02938362e+09 1.02938366e+09
 1.02938370e+09 1.02938375e+09 1.02938379e+09 1.02938383e+09
 1.02938387e+09 1.02938391e+09 1.02938395e+09 1.02938400e+09
 1.02938404e+09 1.02938408e+09 1.02938412e+09 1.02938416e+09
 1.02938420e+09 1.02938425e+09 1.02938429e+09 1.02938433e+09
 1.02938437e+09 1.02938441e+09 1.02938445e+09 1.02938450e+09
 1.02938454e+09 1.02938458e+09 1.02938462e+09 1.02938466e+09
 1.02938470e+09 1.02938475e+09 1.02938479e+09 1.02938483e+09
 1.02938487e+09 1.02938491e+09 1.02938495e+09 1.02938500e+09
 1.02938504e+09 1.02938508e+09 1.02938512e+09 1.02938516e+09
 1.02938520e+09 1.02938525e+09 1.02938529e+09 1.02938533e+09
 1.02938537e+09 1.02938541e+09 1.02938545e+09 1.02938550e+09
 1.02938554e+09 1.02938558e+09 1.02938562e+09 1.02938566e+09
 1.02938571e+09 1.02938575e+09 1.02938579e+09 1.02938583e+09
 1.02938587e+09 1.02938591e+09 1.02938596e+09 1.02938600e+09
 1.02938604e+09 1.02938608e+09 1.02938612e+09 1.02938616e+09
 1.02938621e+09 1.02938625e+09 1.02938629e+09 1.02938633e+09
 1.02938637e+09 1.02938641e+09 1.02938646e+09 1.02938650e+09
 1.02938654e+09 1.02938658e+09 1.02938662e+09 1.02938666e+09
 1.02938671e+09 1.02938675e+09 1.02938679e+09 1.02938683e+09
 1.02938687e+09 1.02938691e+09 1.02938696e+09 1.02938700e+09
 1.02938704e+09 1.02938708e+09 1.02938712e+09 1.02938716e+09
 1.02938721e+09 1.02938725e+09 1.02938729e+09 1.02938733e+09
 1.02938737e+09 1.02938741e+09 1.02938746e+09 1.02938750e+09
 1.02938754e+09 1.02938758e+09 1.02938762e+09 1.02938766e+09
 1.02938771e+09 1.02938775e+09 1.02938779e+09 1.02938783e+09
 1.02938787e+09 1.02938791e+09 1.02938796e+09 1.02938800e+09
 1.02938804e+09 1.02938808e+09 1.02938812e+09 1.02938816e+09
 1.02938821e+09 1.02938825e+09 1.02938829e+09 1.02938833e+09
 1.02938837e+09 1.02938841e+09 1.02938846e+09 1.02938850e+09
 1.02938854e+09 1.02938858e+09 1.02938862e+09 1.02938867e+09
 1.02938871e+09 1.02938875e+09 1.02938879e+09 1.02938883e+09
 1.02938887e+09 1.02938892e+09 1.02938896e+09 1.02938900e+09
 1.02938904e+09 1.02938908e+09 1.02938912e+09 1.02938917e+09
 1.02938921e+09 1.02938925e+09 1.02938929e+09 1.02938933e+09
 1.02938937e+09 1.02938942e+09 1.02938946e+09 1.02938950e+09
 1.02938954e+09 1.02938958e+09 1.02938962e+09 1.02938967e+09
 1.02938971e+09 1.02938975e+09 1.02938979e+09 1.02938983e+09
 1.02938987e+09 1.02938992e+09 1.02938996e+09 1.02939000e+09
 1.02939004e+09 1.02939008e+09 1.02939012e+09 1.02939017e+09
 1.02939021e+09 1.02939025e+09 1.02939029e+09 1.02939033e+09
 1.02939037e+09 1.02939042e+09 1.02939046e+09 1.02939050e+09
 1.02939054e+09 1.02939058e+09 1.02939062e+09 1.02939067e+09
 1.02939071e+09 1.02939075e+09 1.02939079e+09 1.02939083e+09
 1.02939087e+09 1.02939092e+09 1.02939096e+09 1.02939100e+09
 1.02939104e+09 1.02939108e+09 1.02939112e+09 1.02939117e+09
 1.02939121e+09 1.02939125e+09 1.02939129e+09 1.02939133e+09
 1.02939137e+09 1.02939142e+09 1.02939146e+09 1.02939150e+09
 1.02939154e+09 1.02939158e+09 1.02939162e+09 1.02939167e+09
 1.02939171e+09 1.02939175e+09 1.02939179e+09 1.02939183e+09
 1.02939188e+09 1.02939192e+09 1.02939196e+09 1.02939200e+09
 1.02939204e+09 1.02939208e+09 1.02939213e+09 1.02939217e+09
 1.02939221e+09 1.02939225e+09 1.02939229e+09 1.02939233e+09
 1.02939238e+09 1.02939242e+09 1.02939246e+09 1.02939250e+09
 1.02939254e+09 1.02939258e+09 1.02939263e+09 1.02939267e+09
 1.02939271e+09 1.02939275e+09 1.02939279e+09 1.02939283e+09
 1.02939288e+09 1.02939292e+09 1.02939296e+09 1.02939300e+09
 1.02939304e+09 1.02939308e+09 1.02939313e+09 1.02939317e+09
 1.02939321e+09 1.02939325e+09 1.02939329e+09 1.02939333e+09
 1.02939338e+09 1.02939342e+09 1.02939346e+09 1.02939350e+09
 1.02939354e+09 1.02939358e+09 1.02939363e+09 1.02939367e+09
 1.02939371e+09 1.02939375e+09 1.02939379e+09 1.02939383e+09
 1.02939388e+09 1.02939392e+09 1.02939396e+09 1.02939400e+09
 1.02939404e+09 1.02939408e+09 1.02939413e+09 1.02939417e+09
 1.02939421e+09 1.02939425e+09 1.02939429e+09 1.02939433e+09
 1.02939438e+09 1.02939442e+09 1.02939446e+09 1.02939450e+09
 1.02939454e+09 1.02939458e+09 1.02939463e+09 1.02939467e+09
 1.02939471e+09 1.02939475e+09 1.02939479e+09 1.02939484e+09
 1.02939488e+09 1.02939492e+09 1.02939496e+09 1.02939500e+09
 1.02939504e+09 1.02939509e+09 1.02939513e+09 1.02939517e+09
 1.02939521e+09 1.02939525e+09 1.02939529e+09 1.02939534e+09
 1.02939538e+09 1.02939542e+09 1.02939546e+09 1.02939550e+09
 1.02939554e+09 1.02939559e+09 1.02939563e+09 1.02939567e+09
 1.02939571e+09 1.02939575e+09 1.02939579e+09 1.02939584e+09
 1.02939588e+09 1.02939592e+09 1.02939596e+09 1.02939600e+09
 1.02939604e+09 1.02939609e+09 1.02939613e+09 1.02939617e+09
 1.02939621e+09 1.02939625e+09 1.02939629e+09 1.02939634e+09
 1.02939638e+09 1.02939642e+09 1.02939646e+09 1.02939650e+09
 1.02939654e+09 1.02939659e+09 1.02939663e+09 1.02939667e+09
 1.02939671e+09 1.02939675e+09 1.02939679e+09 1.02939684e+09
 1.02939688e+09 1.02939692e+09 1.02939696e+09 1.02939700e+09
 1.02939704e+09 1.02939709e+09 1.02939713e+09 1.02939717e+09
 1.02939721e+09 1.02939725e+09 1.02939729e+09 1.02939734e+09
 1.02939738e+09 1.02939742e+09 1.02939746e+09 1.02939750e+09
 1.02939754e+09 1.02939759e+09 1.02939763e+09 1.02939767e+09
 1.02939771e+09 1.02939775e+09 1.02939779e+09 1.02939784e+09
 1.02939788e+09 1.02939792e+09 1.02939796e+09 1.02939800e+09
 1.02939805e+09 1.02939809e+09 1.02939813e+09 1.02939817e+09
 1.02939821e+09 1.02939825e+09 1.02939830e+09 1.02939834e+09
 1.02939838e+09 1.02939842e+09 1.02939846e+09 1.02939850e+09
 1.02939855e+09 1.02939859e+09 1.02939863e+09 1.02939867e+09
 1.02939871e+09 1.02939875e+09 1.02939880e+09 1.02939884e+09
 1.02939888e+09 1.02939892e+09 1.02939896e+09 1.02939900e+09
 1.02939905e+09 1.02939909e+09 1.02939913e+09 1.02939917e+09
 1.02939921e+09 1.02939925e+09 1.02939930e+09 1.02939934e+09
 1.02939938e+09 1.02939942e+09 1.02939946e+09 1.02939950e+09
 1.02939955e+09 1.02939959e+09 1.02939963e+09 1.02939967e+09
 1.02939971e+09 1.02939975e+09 1.02939980e+09 1.02939984e+09
 1.02939988e+09 1.02939992e+09 1.02939996e+09 1.02940000e+09
 1.02940005e+09 1.02940009e+09 1.02940013e+09 1.02940017e+09
 1.02940021e+09 1.02940025e+09 1.02940030e+09 1.02940034e+09
 1.02940038e+09 1.02940042e+09 1.02940046e+09 1.02940050e+09
 1.02940055e+09 1.02940059e+09 1.02940063e+09 1.02940067e+09
 1.02940071e+09 1.02940075e+09 1.02940080e+09 1.02940084e+09
 1.02940088e+09 1.02940092e+09 1.02940096e+09 1.02940101e+09
 1.02940105e+09 1.02940109e+09 1.02940113e+09 1.02940117e+09
 1.02940121e+09 1.02940126e+09 1.02940130e+09 1.02940134e+09
 1.02940138e+09 1.02940142e+09 1.02940146e+09 1.02940151e+09
 1.02940155e+09 1.02940159e+09 1.02940163e+09 1.02940167e+09
 1.02940171e+09 1.02940176e+09 1.02940180e+09 1.02940184e+09
 1.02940188e+09 1.02940192e+09 1.02940196e+09 1.02940201e+09
 1.02940205e+09 1.02940209e+09 1.02940213e+09 1.02940217e+09
 1.02940221e+09 1.02940226e+09 1.02940230e+09 1.02940234e+09
 1.02940238e+09 1.02940242e+09 1.02940246e+09 1.02940251e+09
 1.02940255e+09 1.02940259e+09 1.02940263e+09 1.02940267e+09
 1.02940271e+09 1.02940276e+09 1.02940280e+09 1.02940284e+09
 1.02940288e+09 1.02940292e+09 1.02940296e+09 1.02940301e+09
 1.02940305e+09 1.02940309e+09 1.02940313e+09 1.02940317e+09
 1.02940321e+09 1.02940326e+09 1.02940330e+09 1.02940334e+09
 1.02940338e+09 1.02940342e+09 1.02940346e+09 1.02940351e+09
 1.02940355e+09 1.02940359e+09 1.02940363e+09 1.02940367e+09
 1.02940371e+09 1.02940376e+09 1.02940380e+09 1.02940384e+09
 1.02940388e+09 1.02940392e+09 1.02940396e+09 1.02940401e+09
 1.02940405e+09 1.02940409e+09 1.02940413e+09 1.02940417e+09
 1.02940422e+09 1.02940426e+09 1.02940430e+09 1.02940434e+09
 1.02940438e+09 1.02940442e+09 1.02940447e+09 1.02940451e+09
 1.02940455e+09 1.02940459e+09 1.02940463e+09 1.02940467e+09]
minRes = 0.23773375101184652
minResTime =  [1.02940455e+09]
