name =JUICE_ROI_CAL_6_1_08
flyby =  ['2033 APR 06 23:29:30', '2033 APR 07 23:29:30']
Observation TW =  <SpiceCell dtype = 1, length = 0, size = 3400, card = 14, is_set = 1, adjust = 0, init = 1, base = 2554805375024, data = 2554805375072>
Res(t) =  [3.43619866 3.43281374 3.42942879 3.4260438  3.42265878 3.41927373
 3.41588864 3.41250352 3.40911837 3.40573318 3.40234795 3.39896269
 3.3955774  3.39219207 3.38880671 3.38542131 3.38203588 3.37865042
 3.37526492 3.37187939 3.36849382 3.36510822 3.36172258 3.35833691
 3.3549512  3.35156546 3.34817969 3.34479388 3.34140804 3.33802216
 3.33463625 3.3312503  3.32786432 3.3244783  3.32109225 3.31770617
 3.31432005 3.31093389 3.3075477  3.30416148 3.30077522 3.29738893
 3.2940026  3.29061624 3.28722984 3.28384341 3.28045694 3.27707044
 3.2736839  3.27029733 3.26691072 3.26352408 3.26013741 3.25675069
 3.25336395 3.24997717 3.24659035 3.2432035  3.23981662 3.2364297
 3.23304274 3.22965575 3.22626872 3.22288166 3.21949457 3.21610744
 3.21272027 3.20933307 3.20594583 3.20255856 3.19917126 3.19578392
 3.19239654 3.18900913 3.18562168 3.1822342  3.17884668 3.17545913
 3.17207154 3.16868392 3.16529626 3.16190856 3.15852083 3.15513307
 3.15174527 3.14835743 3.14496956 3.14158166 3.13819371 3.13480574
 3.13141772 3.12802968 3.12464159 3.12125347 3.11786532 3.11447713
 3.1110889  3.10770064 3.10431234 3.10092401 3.09753564 3.09414723
 3.09075879 3.08737032 3.08398181 3.08059326 3.07720468 3.07381606
 3.0704274  3.06703871 3.06364999 3.06026122 3.05687242 3.05348359
 3.05009472 3.04670581 3.04331687 3.03992789 3.03653888 3.03314983
 3.02976074 3.02637162 3.02298246 3.01959327 3.01620404 3.01281477
 3.00942547 3.00603613 3.00264675 2.99925734 2.9958679  2.99247841
 2.98908889 2.98569934 2.98230974 2.97892011 2.97553045 2.97214075
 2.96875101 2.96536123 2.96197142 2.95858157 2.95519169 2.95180177
 2.94841181 2.94502182 2.94163179 2.93824172 2.93485162 2.93146148
 2.9280713  2.92468109 2.92129084 2.91790055 2.91451023 2.91111987
 2.90772947 2.90433904 2.90094857 2.89755806 2.89416752 2.89077694
 2.88738632 2.88399566 2.88060497 2.87721424 2.87382348 2.87043267
 2.86704183 2.86365096 2.86026004 2.85686909 2.85347811 2.85008708
 2.84669602 2.84330492 2.83991378 2.83652261 2.8331314  2.82974015
 2.82634886 2.82295754 2.81956618 2.81617478 2.81278335 2.80939187
 2.80600036 2.80260882 2.79921723 2.79582561 2.79243395 2.78904225
 2.78565052 2.78225874 2.77886693 2.77547509 2.7720832  2.76869128
 2.76529932 2.76190732 2.75851528 2.75512321 2.75173109 2.74833895
 2.74494676 2.74155453 2.73816227 2.73476997 2.73137763 2.72798525
 2.72459284 2.72120038 2.71780789 2.71441536 2.7110228  2.70763019
 2.70423755 2.70084486 2.69745214 2.69405939 2.69066659 2.68727376
 2.68388088 2.68048797 2.67709502 2.67370203 2.67030901 2.66691594
 2.66352284 2.6601297  2.65673652 2.6533433  2.64995004 2.64655675
 2.64316341 2.63977004 2.63637663 2.63298318 2.62958969 2.62619616
 2.62280259 2.61940899 2.61601535 2.61262166 2.60922794 2.60583418
 2.60244038 2.59904654 2.59565267 2.59225875 2.58886479 2.5854708
 2.58207677 2.57868269 2.57528858 2.57189443 2.56850024 2.56510601
 2.56171174 2.55831744 2.55492309 2.5515287  2.54813428 2.54473981
 2.54134531 2.53795077 2.53455618 2.53116156 2.5277669  2.5243722
 2.52097745 2.51758267 2.51418785 2.51079299 2.50739809 2.50400316
 2.50060818 2.49721316 2.4938181  2.490423   2.48702786 2.48363268
 2.48023747 2.47684221 2.47344691 2.47005157 2.4666562  2.46326078
 2.45986532 2.45646982 2.45307428 2.44967871 2.44628309 2.44288743
 2.43949173 2.43609599 2.43270021 2.42930439 2.42590853 2.42251263
 2.41911669 2.41572071 2.41232469 2.40892863 2.40553252 2.40213638
 2.3987402  2.39534397 2.39194771 2.3885514  2.38515505 2.38175867
 2.37836224 2.37496577 2.37156926 2.36817271 2.36477612 2.36137948
 2.35798281 2.3545861  2.35118934 2.34779255 2.34439571 2.34099883
 2.33760191 2.33420495 2.33080795 2.3274109  2.32401382 2.32061669
 2.31721952 2.31382232 2.31042506 2.30702777 2.30363044 2.30023307
 2.29683565 2.29343819 2.29004069 2.28664315 2.28324557 2.27984795
 2.27645028 2.27305257 2.26965482 2.26625703 2.2628592  2.25946132
 2.25606341 2.25266545 2.24926745 2.2458694  2.24247132 2.23907319
 2.23567502 2.23227681 2.22887856 2.22548026 2.22208192 2.21868354
 2.21528512 2.21188666 2.20848815 2.2050896  2.20169101 2.19829237
 2.1948937  2.19149498 2.18809622 2.18469741 2.18129856 2.17789967
 2.17450074 2.17110176 2.16770275 2.16430369 2.16090458 2.15750543
 2.15410624 2.15070701 2.14730774 2.14390842 2.14050906 2.13710965
 2.1337102  2.13031071 2.12691118 2.1235116  2.12011198 2.11671231
 2.11331261 2.10991285 2.10651306 2.10311322 2.09971334 2.09631342
 2.09291345 2.08951344 2.08611338 2.08271328 2.07931314 2.07591295
 2.07251272 2.06911245 2.06571213 2.06231177 2.05891136 2.05551091
 2.05211041 2.04870988 2.04530929 2.04190867 2.038508   2.03510728
 2.03170652 2.02830572 2.02490487 2.02150398 2.01810305 2.01470207
 2.01130104 2.00789997 2.00449886 2.0010977  1.9976965  1.99429525
 1.99089396 1.98749262 1.98409124 1.98068981 1.97728834 1.97388683
 1.97048527 1.96708366 1.96368201 1.96028031 1.95687857 1.95347679
 1.95007496 1.94667308 1.94327116 1.93986919 1.93646718 1.93306512
 1.92966302 1.92626087 1.92285868 1.91945644 1.91605416 1.91265183
 1.90924945 1.90584703 1.90244457 1.89904205 1.8956395  1.89223689
 1.88883424 1.88543155 1.88202881 1.87862602 1.87522319 1.87182031
 1.86841738 1.86501441 1.86161139 1.85820833 1.85480522 1.85140206
 1.84799886 1.84459561 1.84119232 1.83778898 1.83438559 1.83098216
 1.82757868 1.82417515 1.82077157 1.81736795 1.81396429 1.81056057
 1.80715681 1.80375301 1.80034915 1.79694525 1.7935413  1.79013731
 1.78673327 1.78332918 1.77992504 1.77652086 1.77311663 1.76971235
 1.76630803 1.76290366 1.75949924 1.75609477 1.75269026 1.7492857
 1.74588109 1.74247643 1.73907173 1.73566698 1.73226218 1.72885733
 1.72545244 1.72204749 1.7186425  1.71523747 1.71183238 1.70842725
 1.70502207 1.70161684 1.69821156 1.69480623 1.69140086 1.68799544
 1.68458997 1.68118445 1.67777889 1.67437327 1.67096761 1.6675619
 1.66415614 1.66075033 1.65734447 1.65393857 1.65053261 1.64712661
 1.64372056 1.64031446 1.63690831 1.63350211 1.63009587 1.62668957
 1.62328323 1.61987684 1.61647039 1.6130639  1.60965736 1.60625077
 1.60284414 1.59943745 1.59603071 1.59262393 1.58921709 1.58581021
 1.58240327 1.57899629 1.57558926 1.57218218 1.56877505 1.56536786
 1.56196063 1.55855335 1.55514602 1.55173864 1.54833121 1.54492373
 1.54151621 1.53810863 1.534701   1.53129332 1.52788559 1.52447781
 1.52106998 1.5176621  1.51425417 1.5108462  1.50743817 1.50403009
 1.50062196 1.49721378 1.49380555 1.49039726 1.48698893 1.48358055
 1.48017212 1.47676364 1.4733551  1.46994652 1.46653788 1.4631292
 1.45972046 1.45631168 1.45290284 1.44949395 1.44608501 1.44267602
 1.43926698 1.43585789 1.43244875 1.42903955 1.42563031 1.42222101
 1.41881166 1.41540227 1.41199282 1.40858332 1.40517376 1.40176416
 1.39835451 1.3949448  1.39153505 1.38812524 1.38471538 1.38130547
 1.3778955  1.37448549 1.37107542 1.36766531 1.36425514 1.36084492
 1.35743465 1.35402432 1.35061395 1.34720352 1.34379304 1.34038251
 1.33697193 1.3335613  1.33015061 1.32673987 1.32332909 1.31991824
 1.31650735 1.31309641 1.30968541 1.30627436 1.30286326 1.29945211
 1.2960409  1.29262964 1.28921834 1.28580697 1.28239556 1.2789841
 1.27557258 1.27216101 1.26874939 1.26533771 1.26192599 1.25851421
 1.25510238 1.2516905  1.24827856 1.24486657 1.24145453 1.23804244
 1.2346303  1.2312181  1.22780585 1.22439355 1.2209812  1.21756879
 1.21415634 1.21074383 1.20733127 1.20391865 1.20050598 1.19709327
 1.1936805  1.19026767 1.1868548  1.18344187 1.18002889 1.17661586
 1.17320277 1.16978963 1.16637645 1.1629632  1.15954991 1.15613657
 1.15272317 1.14930972 1.14589622 1.14248266 1.13906906 1.1356554
 1.13224169 1.12882793 1.12541411 1.12200025 1.11858633 1.11517236
 1.11175834 1.10834426 1.10493014 1.10151596 1.09810173 1.09468745
 1.09127312 1.08785874 1.0844443  1.08102982 1.07761528 1.07420069
 1.07078605 1.06737136 1.06395662 1.06054182 1.05712698 1.05371208
 1.05029713 1.04688214 1.04346709 1.04005199 1.03663684 1.03322164
 1.02980639 1.02639109 1.02297574 1.01956033 1.01614488 1.01272938
 1.00931383 1.00589823 1.00248258 0.99906687 0.99565112 0.99223532
 0.98881948 0.98540358 0.98198763 0.97857163 0.97515559 0.9717395
 0.96832335 0.96490716 0.96149093 0.95807464 0.9546583  0.95124192
 0.94782549 0.94440902 0.94099249 0.93757592 0.9341593  0.93074264
 0.92732593 0.92390917 0.92049236 0.91707551 0.91365862 0.91024168
 0.90682469 0.90340766 0.89999058 0.89657346 0.8931563  0.88973909
 0.88632184 0.88290454 0.8794872  0.87606982 0.8726524  0.86923493
 0.86581742 0.86239987 0.85898227 0.85556464 0.85214697 0.84872925
 0.8453115  0.8418937  0.83847587 0.83505799 0.83164008 0.82822213
 0.82480414 0.82138611 0.81796805 0.81454995 0.81113182 0.80771365
 0.80429544 0.8008772  0.79745892 0.79404061 0.79062227 0.78720389
 0.78378549 0.78036705 0.77694858 0.77353008 0.77011155 0.76669299
 0.7632744  0.75985578 0.75643714 0.75301847 0.74959977 0.74618105
 0.7427623  0.73934353 0.73592474 0.73250592 0.72908708 0.72566823
 0.72224935 0.71883045 0.71541154 0.7119926  0.70857366 0.70515469
 0.70173572 0.69831672 0.69489772 0.69147871 0.68805968 0.68464065
 0.68122161 0.67780256 0.6743835  0.67096444 0.66754538 0.66412632
 0.66070726 0.65728819 0.65386913 0.65045008 0.64703102 0.64361198
 0.64019294 0.63677392 0.6333549  0.6299359  0.62651691 0.62309794
 0.61967899 0.61626006 0.61284115 0.60942227 0.60600341 0.60258458
 0.59916578 0.59574702 0.59232829 0.5889096  0.58549094 0.58207233
 0.57865377 0.57523525 0.57181678 0.56839837 0.56498001 0.56156171
 0.55814347 0.5547253  0.55130719 0.54788916 0.54568848 0.5422698
 0.53885118 0.53543265 0.53201419 0.52859582 0.52517753 0.52175933
 0.51834123 0.51492323 0.51150533 0.50808754 0.50466987 0.50125231
 0.49783487 0.49441756 0.49100038 0.48758334 0.48416645 0.4807497
 0.47733311 0.47391669 0.47050043 0.46708434 0.46366844 0.46025273
 0.45683721 0.4534219  0.45000679 0.44659191 0.44317726 0.43976284
 0.43634867 0.43293476 0.42952111 0.42610773 0.42269464 0.41928185
 0.41586936 0.4124572  0.40904537 0.40563388 0.40222274 0.39881198
 0.3954016  0.39199163 0.38858207 0.38517293 0.38176425 0.37835603
 0.37494829 0.37154106 0.36813434 0.36472817 0.36132255 0.35791752
 0.3545131  0.35110931 0.34770617 0.34430372 0.34090198 0.33750097
 0.33410073 0.33070129 0.32730269 0.32390495 0.32050811 0.31711221
 0.31371729 0.3103234  0.30693057 0.30353884 0.30014828 0.29675893
 0.29337083 0.28998406 0.28659866 0.28321471 0.27983225 0.27645137
 0.27307214 0.26969463 0.26631893 0.26294512 0.25957329 0.25620354
 0.25283597 0.24947069 0.24610782 0.24274748 0.2393898  0.23603491
 0.23268298 0.22933414 0.22598859 0.22264648 0.21930802 0.21597341
 0.21264288 0.20931666 0.205995   0.20267818 0.1993665  0.19606027
 0.19275984 0.18946558 0.18617789 0.18289721 0.17962401 0.17635881
 0.17310216 0.16985469 0.16661706 0.16339    0.16017432 0.15697092
 0.15378075 0.15060491 0.14744459 0.14430112 0.14117596 0.13807078
 0.13498741 0.13192792 0.12889466 0.12589025 0.1229177  0.11998042
 0.11708229 0.11422782 0.11142218 0.10867138 0.10598244 0.10336361
 0.10082464 0.09837717 0.09603516 0.09381558 0.09173922 0.08983184
 0.08812591 0.08666286 0.08549668 0.08469925 0.08436893 0.08464487
 0.08573236 0.08795107 0.09183563 0.09837332]
t =  [1.04971504e+09 1.04971508e+09 1.04971512e+09 1.04971517e+09
 1.04971521e+09 1.04971525e+09 1.04971529e+09 1.04971534e+09
 1.04971538e+09 1.04971542e+09 1.04971546e+09 1.04971551e+09
 1.04971555e+09 1.04971559e+09 1.04971563e+09 1.04971568e+09
 1.04971572e+09 1.04971576e+09 1.04971581e+09 1.04971585e+09
 1.04971589e+09 1.04971593e+09 1.04971598e+09 1.04971602e+09
 1.04971606e+09 1.04971610e+09 1.04971615e+09 1.04971619e+09
 1.04971623e+09 1.04971627e+09 1.04971632e+09 1.04971636e+09
 1.04971640e+09 1.04971644e+09 1.04971649e+09 1.04971653e+09
 1.04971657e+09 1.04971661e+09 1.04971666e+09 1.04971670e+09
 1.04971674e+09 1.04971678e+09 1.04971683e+09 1.04971687e+09
 1.04971691e+09 1.04971695e+09 1.04971700e+09 1.04971704e+09
 1.04971708e+09 1.04971712e+09 1.04971717e+09 1.04971721e+09
 1.04971725e+09 1.04971729e+09 1.04971734e+09 1.04971738e+09
 1.04971742e+09 1.04971746e+09 1.04971751e+09 1.04971755e+09
 1.04971759e+09 1.04971763e+09 1.04971768e+09 1.04971772e+09
 1.04971776e+09 1.04971781e+09 1.04971785e+09 1.04971789e+09
 1.04971793e+09 1.04971798e+09 1.04971802e+09 1.04971806e+09
 1.04971810e+09 1.04971815e+09 1.04971819e+09 1.04971823e+09
 1.04971827e+09 1.04971832e+09 1.04971836e+09 1.04971840e+09
 1.04971844e+09 1.04971849e+09 1.04971853e+09 1.04971857e+09
 1.04971861e+09 1.04971866e+09 1.04971870e+09 1.04971874e+09
 1.04971878e+09 1.04971883e+09 1.04971887e+09 1.04971891e+09
 1.04971895e+09 1.04971900e+09 1.04971904e+09 1.04971908e+09
 1.04971912e+09 1.04971917e+09 1.04971921e+09 1.04971925e+09
 1.04971929e+09 1.04971934e+09 1.04971938e+09 1.04971942e+09
 1.04971946e+09 1.04971951e+09 1.04971955e+09 1.04971959e+09
 1.04971963e+09 1.04971968e+09 1.04971972e+09 1.04971976e+09
 1.04971981e+09 1.04971985e+09 1.04971989e+09 1.04971993e+09
 1.04971998e+09 1.04972002e+09 1.04972006e+09 1.04972010e+09
 1.04972015e+09 1.04972019e+09 1.04972023e+09 1.04972027e+09
 1.04972032e+09 1.04972036e+09 1.04972040e+09 1.04972044e+09
 1.04972049e+09 1.04972053e+09 1.04972057e+09 1.04972061e+09
 1.04972066e+09 1.04972070e+09 1.04972074e+09 1.04972078e+09
 1.04972083e+09 1.04972087e+09 1.04972091e+09 1.04972095e+09
 1.04972100e+09 1.04972104e+09 1.04972108e+09 1.04972112e+09
 1.04972117e+09 1.04972121e+09 1.04972125e+09 1.04972129e+09
 1.04972134e+09 1.04972138e+09 1.04972142e+09 1.04972146e+09
 1.04972151e+09 1.04972155e+09 1.04972159e+09 1.04972163e+09
 1.04972168e+09 1.04972172e+09 1.04972176e+09 1.04972181e+09
 1.04972185e+09 1.04972189e+09 1.04972193e+09 1.04972198e+09
 1.04972202e+09 1.04972206e+09 1.04972210e+09 1.04972215e+09
 1.04972219e+09 1.04972223e+09 1.04972227e+09 1.04972232e+09
 1.04972236e+09 1.04972240e+09 1.04972244e+09 1.04972249e+09
 1.04972253e+09 1.04972257e+09 1.04972261e+09 1.04972266e+09
 1.04972270e+09 1.04972274e+09 1.04972278e+09 1.04972283e+09
 1.04972287e+09 1.04972291e+09 1.04972295e+09 1.04972300e+09
 1.04972304e+09 1.04972308e+09 1.04972312e+09 1.04972317e+09
 1.04972321e+09 1.04972325e+09 1.04972329e+09 1.04972334e+09
 1.04972338e+09 1.04972342e+09 1.04972346e+09 1.04972351e+09
 1.04972355e+09 1.04972359e+09 1.04972363e+09 1.04972368e+09
 1.04972372e+09 1.04972376e+09 1.04972381e+09 1.04972385e+09
 1.04972389e+09 1.04972393e+09 1.04972398e+09 1.04972402e+09
 1.04972406e+09 1.04972410e+09 1.04972415e+09 1.04972419e+09
 1.04972423e+09 1.04972427e+09 1.04972432e+09 1.04972436e+09
 1.04972440e+09 1.04972444e+09 1.04972449e+09 1.04972453e+09
 1.04972457e+09 1.04972461e+09 1.04972466e+09 1.04972470e+09
 1.04972474e+09 1.04972478e+09 1.04972483e+09 1.04972487e+09
 1.04972491e+09 1.04972495e+09 1.04972500e+09 1.04972504e+09
 1.04972508e+09 1.04972512e+09 1.04972517e+09 1.04972521e+09
 1.04972525e+09 1.04972529e+09 1.04972534e+09 1.04972538e+09
 1.04972542e+09 1.04972546e+09 1.04972551e+09 1.04972555e+09
 1.04972559e+09 1.04972563e+09 1.04972568e+09 1.04972572e+09
 1.04972576e+09 1.04972580e+09 1.04972585e+09 1.04972589e+09
 1.04972593e+09 1.04972598e+09 1.04972602e+09 1.04972606e+09
 1.04972610e+09 1.04972615e+09 1.04972619e+09 1.04972623e+09
 1.04972627e+09 1.04972632e+09 1.04972636e+09 1.04972640e+09
 1.04972644e+09 1.04972649e+09 1.04972653e+09 1.04972657e+09
 1.04972661e+09 1.04972666e+09 1.04972670e+09 1.04972674e+09
 1.04972678e+09 1.04972683e+09 1.04972687e+09 1.04972691e+09
 1.04972695e+09 1.04972700e+09 1.04972704e+09 1.04972708e+09
 1.04972712e+09 1.04972717e+09 1.04972721e+09 1.04972725e+09
 1.04972729e+09 1.04972734e+09 1.04972738e+09 1.04972742e+09
 1.04972746e+09 1.04972751e+09 1.04972755e+09 1.04972759e+09
 1.04972763e+09 1.04972768e+09 1.04972772e+09 1.04972776e+09
 1.04972780e+09 1.04972785e+09 1.04972789e+09 1.04972793e+09
 1.04972798e+09 1.04972802e+09 1.04972806e+09 1.04972810e+09
 1.04972815e+09 1.04972819e+09 1.04972823e+09 1.04972827e+09
 1.04972832e+09 1.04972836e+09 1.04972840e+09 1.04972844e+09
 1.04972849e+09 1.04972853e+09 1.04972857e+09 1.04972861e+09
 1.04972866e+09 1.04972870e+09 1.04972874e+09 1.04972878e+09
 1.04972883e+09 1.04972887e+09 1.04972891e+09 1.04972895e+09
 1.04972900e+09 1.04972904e+09 1.04972908e+09 1.04972912e+09
 1.04972917e+09 1.04972921e+09 1.04972925e+09 1.04972929e+09
 1.04972934e+09 1.04972938e+09 1.04972942e+09 1.04972946e+09
 1.04972951e+09 1.04972955e+09 1.04972959e+09 1.04972963e+09
 1.04972968e+09 1.04972972e+09 1.04972976e+09 1.04972980e+09
 1.04972985e+09 1.04972989e+09 1.04972993e+09 1.04972998e+09
 1.04973002e+09 1.04973006e+09 1.04973010e+09 1.04973015e+09
 1.04973019e+09 1.04973023e+09 1.04973027e+09 1.04973032e+09
 1.04973036e+09 1.04973040e+09 1.04973044e+09 1.04973049e+09
 1.04973053e+09 1.04973057e+09 1.04973061e+09 1.04973066e+09
 1.04973070e+09 1.04973074e+09 1.04973078e+09 1.04973083e+09
 1.04973087e+09 1.04973091e+09 1.04973095e+09 1.04973100e+09
 1.04973104e+09 1.04973108e+09 1.04973112e+09 1.04973117e+09
 1.04973121e+09 1.04973125e+09 1.04973129e+09 1.04973134e+09
 1.04973138e+09 1.04973142e+09 1.04973146e+09 1.04973151e+09
 1.04973155e+09 1.04973159e+09 1.04973163e+09 1.04973168e+09
 1.04973172e+09 1.04973176e+09 1.04973180e+09 1.04973185e+09
 1.04973189e+09 1.04973193e+09 1.04973198e+09 1.04973202e+09
 1.04973206e+09 1.04973210e+09 1.04973215e+09 1.04973219e+09
 1.04973223e+09 1.04973227e+09 1.04973232e+09 1.04973236e+09
 1.04973240e+09 1.04973244e+09 1.04973249e+09 1.04973253e+09
 1.04973257e+09 1.04973261e+09 1.04973266e+09 1.04973270e+09
 1.04973274e+09 1.04973278e+09 1.04973283e+09 1.04973287e+09
 1.04973291e+09 1.04973295e+09 1.04973300e+09 1.04973304e+09
 1.04973308e+09 1.04973312e+09 1.04973317e+09 1.04973321e+09
 1.04973325e+09 1.04973329e+09 1.04973334e+09 1.04973338e+09
 1.04973342e+09 1.04973346e+09 1.04973351e+09 1.04973355e+09
 1.04973359e+09 1.04973363e+09 1.04973368e+09 1.04973372e+09
 1.04973376e+09 1.04973380e+09 1.04973385e+09 1.04973389e+09
 1.04973393e+09 1.04973398e+09 1.04973402e+09 1.04973406e+09
 1.04973410e+09 1.04973415e+09 1.04973419e+09 1.04973423e+09
 1.04973427e+09 1.04973432e+09 1.04973436e+09 1.04973440e+09
 1.04973444e+09 1.04973449e+09 1.04973453e+09 1.04973457e+09
 1.04973461e+09 1.04973466e+09 1.04973470e+09 1.04973474e+09
 1.04973478e+09 1.04973483e+09 1.04973487e+09 1.04973491e+09
 1.04973495e+09 1.04973500e+09 1.04973504e+09 1.04973508e+09
 1.04973512e+09 1.04973517e+09 1.04973521e+09 1.04973525e+09
 1.04973529e+09 1.04973534e+09 1.04973538e+09 1.04973542e+09
 1.04973546e+09 1.04973551e+09 1.04973555e+09 1.04973559e+09
 1.04973563e+09 1.04973568e+09 1.04973572e+09 1.04973576e+09
 1.04973580e+09 1.04973585e+09 1.04973589e+09 1.04973593e+09
 1.04973598e+09 1.04973602e+09 1.04973606e+09 1.04973610e+09
 1.04973615e+09 1.04973619e+09 1.04973623e+09 1.04973627e+09
 1.04973632e+09 1.04973636e+09 1.04973640e+09 1.04973644e+09
 1.04973649e+09 1.04973653e+09 1.04973657e+09 1.04973661e+09
 1.04973666e+09 1.04973670e+09 1.04973674e+09 1.04973678e+09
 1.04973683e+09 1.04973687e+09 1.04973691e+09 1.04973695e+09
 1.04973700e+09 1.04973704e+09 1.04973708e+09 1.04973712e+09
 1.04973717e+09 1.04973721e+09 1.04973725e+09 1.04973729e+09
 1.04973734e+09 1.04973738e+09 1.04973742e+09 1.04973746e+09
 1.04973751e+09 1.04973755e+09 1.04973759e+09 1.04973763e+09
 1.04973768e+09 1.04973772e+09 1.04973776e+09 1.04973780e+09
 1.04973785e+09 1.04973789e+09 1.04973793e+09 1.04973798e+09
 1.04973802e+09 1.04973806e+09 1.04973810e+09 1.04973815e+09
 1.04973819e+09 1.04973823e+09 1.04973827e+09 1.04973832e+09
 1.04973836e+09 1.04973840e+09 1.04973844e+09 1.04973849e+09
 1.04973853e+09 1.04973857e+09 1.04973861e+09 1.04973866e+09
 1.04973870e+09 1.04973874e+09 1.04973878e+09 1.04973883e+09
 1.04973887e+09 1.04973891e+09 1.04973895e+09 1.04973900e+09
 1.04973904e+09 1.04973908e+09 1.04973912e+09 1.04973917e+09
 1.04973921e+09 1.04973925e+09 1.04973929e+09 1.04973934e+09
 1.04973938e+09 1.04973942e+09 1.04973946e+09 1.04973951e+09
 1.04973955e+09 1.04973959e+09 1.04973963e+09 1.04973968e+09
 1.04973972e+09 1.04973976e+09 1.04973980e+09 1.04973985e+09
 1.04973989e+09 1.04973993e+09 1.04973997e+09 1.04974002e+09
 1.04974006e+09 1.04974010e+09 1.04974015e+09 1.04974019e+09
 1.04974023e+09 1.04974027e+09 1.04974032e+09 1.04974036e+09
 1.04974040e+09 1.04974044e+09 1.04974049e+09 1.04974053e+09
 1.04974057e+09 1.04974061e+09 1.04974066e+09 1.04974070e+09
 1.04974074e+09 1.04974078e+09 1.04974083e+09 1.04974087e+09
 1.04974091e+09 1.04974095e+09 1.04974100e+09 1.04974104e+09
 1.04974108e+09 1.04974112e+09 1.04974117e+09 1.04974121e+09
 1.04974125e+09 1.04974129e+09 1.04974134e+09 1.04974138e+09
 1.04974142e+09 1.04974146e+09 1.04974151e+09 1.04974155e+09
 1.04974159e+09 1.04974163e+09 1.04974168e+09 1.04974172e+09
 1.04974176e+09 1.04974180e+09 1.04974185e+09 1.04974189e+09
 1.04974193e+09 1.04974197e+09 1.04974202e+09 1.04974206e+09
 1.04974210e+09 1.04974215e+09 1.04974219e+09 1.04974223e+09
 1.04974227e+09 1.04974232e+09 1.04974236e+09 1.04974240e+09
 1.04974244e+09 1.04974249e+09 1.04974253e+09 1.04974257e+09
 1.04974261e+09 1.04974266e+09 1.04974270e+09 1.04974274e+09
 1.04974278e+09 1.04974283e+09 1.04974287e+09 1.04974291e+09
 1.04974295e+09 1.04974300e+09 1.04974304e+09 1.04974308e+09
 1.04974312e+09 1.04974317e+09 1.04974321e+09 1.04974325e+09
 1.04974329e+09 1.04974334e+09 1.04974338e+09 1.04974342e+09
 1.04974346e+09 1.04974351e+09 1.04974355e+09 1.04974359e+09
 1.04974363e+09 1.04974368e+09 1.04974372e+09 1.04974376e+09
 1.04974380e+09 1.04974385e+09 1.04974389e+09 1.04974393e+09
 1.04974397e+09 1.04974402e+09 1.04974406e+09 1.04974410e+09
 1.04974415e+09 1.04974419e+09 1.04974423e+09 1.04974427e+09
 1.04974432e+09 1.04974436e+09 1.04974440e+09 1.04974444e+09
 1.04974449e+09 1.04974453e+09 1.04974457e+09 1.04974461e+09
 1.04974466e+09 1.04974470e+09 1.04974474e+09 1.04974478e+09
 1.04974483e+09 1.04974487e+09 1.04974491e+09 1.04974495e+09
 1.04974500e+09 1.04974504e+09 1.04974508e+09 1.04974512e+09
 1.04974517e+09 1.04974521e+09 1.04974525e+09 1.04974529e+09
 1.04974534e+09 1.04974538e+09 1.04974542e+09 1.04974546e+09
 1.04974551e+09 1.04974555e+09 1.04974559e+09 1.04974563e+09
 1.04974568e+09 1.04974572e+09 1.04974576e+09 1.04974580e+09
 1.04974585e+09 1.04974589e+09 1.04974593e+09 1.04974597e+09
 1.04974602e+09 1.04974606e+09 1.04974610e+09 1.04974615e+09
 1.04974619e+09 1.04974623e+09 1.04974627e+09 1.04974632e+09
 1.04974636e+09 1.04974640e+09 1.04974644e+09 1.04974649e+09
 1.04974653e+09 1.04974657e+09 1.04974661e+09 1.04974666e+09
 1.04974670e+09 1.04974674e+09 1.04974678e+09 1.04974683e+09
 1.04974687e+09 1.04974691e+09 1.04974695e+09 1.04974700e+09
 1.04974704e+09 1.04974708e+09 1.04974712e+09 1.04974717e+09
 1.04974721e+09 1.04974725e+09 1.04974729e+09 1.04974734e+09
 1.04974738e+09 1.04974742e+09 1.04974746e+09 1.04974751e+09
 1.04974755e+09 1.04974759e+09 1.04974763e+09 1.04974768e+09
 1.04974772e+09 1.04974776e+09 1.04974780e+09 1.04974785e+09
 1.04974789e+09 1.04974793e+09 1.04974797e+09 1.04974802e+09
 1.04974806e+09 1.04974810e+09 1.04974815e+09 1.04974819e+09
 1.04974823e+09 1.04974827e+09 1.04974832e+09 1.04974836e+09
 1.04974840e+09 1.04974844e+09 1.04974849e+09 1.04974853e+09
 1.04974857e+09 1.04974861e+09 1.04974866e+09 1.04974870e+09
 1.04974874e+09 1.04974878e+09 1.04974883e+09 1.04974887e+09
 1.04974891e+09 1.04974895e+09 1.04974900e+09 1.04974904e+09
 1.04974908e+09 1.04974912e+09 1.04974917e+09 1.04974921e+09
 1.04974925e+09 1.04974929e+09 1.04974934e+09 1.04974938e+09
 1.04974942e+09 1.04974946e+09 1.04974951e+09 1.04974955e+09
 1.04974959e+09 1.04974963e+09 1.04974968e+09 1.04974972e+09
 1.04974976e+09 1.04974980e+09 1.04974985e+09 1.04974989e+09
 1.04974993e+09 1.04974997e+09 1.04975002e+09 1.04975006e+09
 1.04975010e+09 1.04975015e+09 1.04975019e+09 1.04975023e+09
 1.04975027e+09 1.04975032e+09 1.04975036e+09 1.04975040e+09
 1.04975044e+09 1.04975049e+09 1.04975053e+09 1.04975057e+09
 1.04975061e+09 1.04975066e+09 1.04975070e+09 1.04975074e+09
 1.04975078e+09 1.04975083e+09 1.04975087e+09 1.04975091e+09
 1.04975095e+09 1.04975100e+09 1.04975104e+09 1.04975108e+09
 1.04975112e+09 1.04975117e+09 1.04975121e+09 1.04975125e+09
 1.04975129e+09 1.04975134e+09 1.04975138e+09 1.04975142e+09
 1.04975146e+09 1.04975151e+09 1.04975155e+09 1.04975159e+09
 1.04975163e+09 1.04975168e+09 1.04975172e+09 1.04975176e+09
 1.04975180e+09 1.04975185e+09 1.04975189e+09 1.04975193e+09
 1.04975197e+09 1.04975202e+09 1.04975206e+09 1.04975210e+09
 1.04975215e+09 1.04975219e+09 1.04975223e+09 1.04975227e+09
 1.04975232e+09 1.04975236e+09 1.04975240e+09 1.04975244e+09
 1.04975249e+09 1.04975253e+09 1.04975257e+09 1.04975261e+09
 1.04975266e+09 1.04975270e+09 1.04975274e+09 1.04975278e+09
 1.04975283e+09 1.04975287e+09 1.04975291e+09 1.04975295e+09
 1.04975300e+09 1.04975304e+09 1.04975308e+09 1.04975312e+09
 1.04975317e+09 1.04975321e+09 1.04975325e+09 1.04975329e+09
 1.04975334e+09 1.04975338e+09 1.04975342e+09 1.04975346e+09
 1.04975351e+09 1.04975355e+09 1.04975359e+09 1.04975363e+09
 1.04975368e+09 1.04975372e+09 1.04975376e+09 1.04975380e+09
 1.04975385e+09 1.04975389e+09 1.04975393e+09 1.04975397e+09
 1.04975402e+09 1.04975406e+09 1.04975410e+09 1.04975414e+09
 1.04975419e+09 1.04975423e+09 1.04975427e+09 1.04975432e+09
 1.04975436e+09 1.04975440e+09 1.04975444e+09 1.04975449e+09
 1.04975453e+09 1.04975457e+09 1.04975461e+09 1.04975466e+09
 1.04975470e+09 1.04975474e+09 1.04975478e+09 1.04975483e+09
 1.04975487e+09 1.04975491e+09 1.04975495e+09 1.04975500e+09
 1.04975504e+09 1.04975508e+09 1.04975512e+09 1.04975517e+09
 1.04975521e+09 1.04975525e+09 1.04975529e+09 1.04975534e+09
 1.04975538e+09 1.04975542e+09 1.04975546e+09 1.04975551e+09
 1.04975555e+09 1.04975559e+09 1.04975563e+09 1.04975568e+09
 1.04975572e+09 1.04975576e+09 1.04975580e+09 1.04975585e+09
 1.04975589e+09 1.04975593e+09 1.04975597e+09 1.04975602e+09
 1.04975606e+09 1.04975610e+09 1.04975614e+09 1.04975619e+09
 1.04975623e+09 1.04975627e+09 1.04975632e+09 1.04975636e+09
 1.04975640e+09 1.04975644e+09 1.04975649e+09 1.04975653e+09
 1.04975657e+09 1.04975661e+09 1.04975666e+09 1.04975670e+09
 1.04975674e+09 1.04975678e+09 1.04975683e+09 1.04975687e+09
 1.04975691e+09 1.04975695e+09 1.04975700e+09 1.04975704e+09
 1.04975708e+09 1.04975712e+09 1.04975717e+09 1.04975721e+09
 1.04975725e+09 1.04975729e+09 1.04975734e+09 1.04975738e+09
 1.04975742e+09 1.04975746e+09 1.04975751e+09 1.04975755e+09]
minRes = 0.08436892877859371
minResTime =  [1.04975734e+09]
