name =JUICE_ROI_CAL_4_3_05
flyby =  ['2032 AUG 14 10:09:17', '2032 AUG 15 10:09:17']
Observation TW =  <SpiceCell dtype = 1, length = 0, size = 2200, card = 2, is_set = 1, adjust = 0, init = 1, base = 2554798444720, data = 2554798444768>
Res(t) =  [1.2901326  1.29376087 1.2973938  1.30103128 1.30467322 1.3083195
 1.31197004 1.31562473 1.31928349 1.32294622 1.32661283 1.33028324
 1.33395736 1.3376351  1.34131639 1.34500115 1.34868929 1.35238075
 1.35607545 1.35977331 1.36347426 1.36717824 1.37088518 1.374595
 1.37830766 1.38202307 1.38574118 1.38946194 1.39318527 1.39691112
 1.40063944 1.40437017 1.40810324 1.41183862 1.41557625 1.41931607
 1.42305803 1.42680209 1.4305482  1.43429631 1.43804637 1.44179834
 1.44555217 1.44930782 1.45306525 1.45682442 1.46058528 1.46434779
 1.46811191 1.47187761 1.47564485 1.47941358 1.48318378 1.48695541
 1.49072842 1.49450279 1.49827849 1.50205548 1.50583372 1.50961319
 1.51339385 1.51717567 1.52095862 1.52474268 1.52852781 1.53231398
 1.53610117 1.53988935 1.54367849 1.54746856 1.55125954 1.55505141
 1.55884413 1.56263768 1.56643204 1.57022718 1.57402309 1.57781973
 1.58161708 1.58541513 1.58921384 1.59301321 1.5968132  1.60061379
 1.60441497 1.60821672 1.61201901 1.61582183 1.61962515 1.62342896
 1.62723324 1.63103797 1.63484314 1.63864872 1.64245469 1.64626105
 1.65006777 1.65387484 1.65768224 1.66148996 1.66529798 1.66910627
 1.67291484 1.67672366 1.68053273 1.68434201 1.68815151 1.6919612
 1.69577107 1.69958111 1.70339131 1.70720165 1.71101212 1.71482271
 1.7186334  1.72244418 1.72625504 1.73006597 1.73387695 1.73768798
 1.74149904 1.74531012 1.74912121 1.7529323  1.75674338 1.76055444
 1.76436546 1.76817644 1.77198737 1.77579823 1.77960902 1.78341973
 1.78723035 1.79104086 1.79485126 1.79866155 1.8024717  1.80628172
 1.81009159 1.81390131 1.81771086 1.82152024 1.82532944 1.82913846
 1.83294727 1.83675589 1.84056429 1.84437247 1.84818042 1.85198815
 1.85579563 1.85960286 1.86340983 1.86721654 1.87102299 1.87482916
 1.87863504 1.88244063 1.88624593 1.89005093 1.89385561 1.89765999
 1.90146404 1.90526776 1.90907115 1.9128742  1.91667691 1.92047927
 1.92428127 1.92808291 1.93188418 1.93568508 1.9394856  1.94328574
 1.94708549 1.95088485 1.95468381 1.95848236 1.96228051 1.96607825
 1.96987556 1.97367246 1.97746893 1.98126497 1.98506057 1.98885573
 1.99265045 1.99644472 2.00023853 2.00403189 2.00782479 2.01161722
 2.01540918 2.01920067 2.02299168 2.02678221 2.03057226 2.03436182
 2.03815088 2.04193945 2.04572752 2.04951509 2.05330215 2.0570887
 2.06087474 2.06466027 2.06844527 2.07222975 2.0760137  2.07979713
 2.08358002 2.08736238 2.0911442  2.09492548 2.09870621 2.1024864
 2.10626604 2.11004512 2.11382365 2.11760162 2.12137903 2.12515588
 2.12893216 2.13270788 2.13648302 2.14025759 2.14403158 2.14780499
 2.15157783 2.15535008 2.15912174 2.16289282 2.1666633  2.1704332
 2.1742025  2.1779712  2.18173931 2.18550681 2.18927371 2.19304001
 2.1968057  2.20057078 2.20433525 2.20809911 2.21186235 2.21562498
 2.21938699 2.22314838 2.22690914 2.23066929 2.2344288  2.2381877
 2.24194596 2.24570359 2.24946059 2.25321696 2.25697269 2.26072779
 2.26448225 2.26823606 2.27198924 2.27574178 2.27949367 2.28324491
 2.28699551 2.29074546 2.29449477 2.29824342 2.30199142 2.30573876
 2.30948545 2.31323149 2.31697687 2.32072159 2.32446565 2.32820905
 2.33195179 2.33569387 2.33943528 2.34317603 2.34691611 2.35065553
 2.35439427 2.35813235 2.36186976 2.3656065  2.36934256 2.37307796
 2.37681268 2.38054672 2.38428009 2.38801278 2.3917448  2.39547614
 2.39920679 2.40293677 2.40666607 2.41039469 2.41412262 2.41784987
 2.42157644 2.42530233 2.42902753 2.43275204 2.43647587 2.44019901
 2.44392146 2.44764322 2.4513643  2.45508469 2.45880438 2.46252339
 2.4662417  2.46995932 2.47367625 2.47739249 2.48110803 2.48482288
 2.48853704 2.4922505  2.49596327 2.49967533 2.50338671 2.50709738
 2.51080736 2.51451665 2.51822523 2.52193311 2.5256403  2.52934679
 2.53305258 2.53675766 2.54046205 2.54416574 2.54786873 2.55157101
 2.5552726  2.55897348 2.56267366 2.56637314 2.57007191 2.57376999
 2.57746736 2.58116402 2.58485998 2.58855524 2.5922498  2.59594365
 2.5996368  2.60332924 2.60702098 2.61071201 2.61440234 2.61809196
 2.62178088 2.62546909 2.62915659 2.6328434  2.63652949 2.64021488
 2.64389956 2.64758354 2.65126681 2.65494937 2.65863123 2.66231238
 2.66599283 2.66967257 2.6733516  2.67702992 2.68070754 2.68438446
 2.68806066 2.69173616 2.69541095 2.69908504 2.70275842 2.70643109
 2.71010306 2.71377432 2.71744487 2.72111472 2.72478386 2.7284523
 2.73212003 2.73578705 2.73945336 2.74311898 2.74678388 2.75044808
 2.75411157 2.75777436 2.76143644 2.76509782 2.76875849 2.77241846
 2.77607772 2.77973628 2.78339413 2.78705127 2.79070772 2.79436346
 2.79801849 2.80167282 2.80532645 2.80897937 2.81263159 2.81628311
 2.81993393 2.82358404 2.82723345 2.83088215 2.83453016 2.83817746
 2.84182406 2.84546996 2.84911516 2.85275965 2.85640345 2.86004655
 2.86368894 2.86733064 2.87097163 2.87461193 2.87825152 2.88189042
 2.88552862 2.88916612 2.89280292 2.89643903 2.90007444 2.90370914
 2.90734316 2.91097647 2.91460909 2.91824101 2.92187224 2.92550277
 2.92913261 2.93276175 2.9363902  2.94001795 2.94364501 2.94727137
 2.95089705 2.95452203 2.95814631 2.96176991 2.96539281 2.96901502
 2.97263654 2.97625737 2.97987751 2.98349695 2.98711571 2.99073378
 2.99435116 2.99796785 3.00158386 3.00519917 3.0088138  3.01242774
 3.01604099 3.01965356 3.02326544 3.02687664 3.03048715 3.03409698
 3.03770612 3.04131458 3.04492235 3.04852944 3.05213585 3.05574158
 3.05934663 3.06295099 3.06655467 3.07015767 3.07376    3.07736164
 3.0809626  3.08456288 3.08816249 3.09176142 3.09535967 3.09895724
 3.10255414 3.10615036 3.1097459  3.11334077 3.11693497 3.12052849
 3.12412134 3.12771351 3.13130501 3.13489584 3.13848599 3.14207548
 3.14566429 3.14925244 3.15283991 3.15642671 3.16001285 3.16359831
 3.16718311 3.17076724 3.1743507  3.1779335  3.18151563 3.18509709
 3.18867789 3.19225802 3.19583749 3.1994163  3.20299444 3.20657192
 3.21014874 3.2137249  3.21730039 3.22087523 3.2244494  3.22802291
 3.23159577 3.23516797 3.23873951 3.24231039 3.24588061 3.24945018
 3.25301909 3.25658735 3.26015495 3.26372189 3.26728819 3.27085383
 3.27441881 3.27798315 3.28154683 3.28510986 3.28867224 3.29223398
 3.29579506 3.29935549 3.30291527 3.30647441 3.3100329  3.31359074
 3.31714793 3.32070448 3.32426039 3.32781565 3.33137026 3.33492424
 3.33847757 3.34203025 3.3455823  3.3491337  3.35268446 3.35623459
 3.35978407 3.36333291 3.36688112 3.37042869 3.37397562 3.37752191
 3.38106757 3.38461259 3.38815698 3.39170073 3.39524385 3.39878633
 3.40232818 3.4058694  3.40940999 3.41294995 3.41648928 3.42002798
 3.42356604 3.42710348 3.43064029 3.43417648 3.43771203 3.44124696
 3.44478127 3.44831495 3.451848   3.45538043 3.45891224 3.46244343
 3.46597399 3.46950393 3.47303325 3.47656195 3.48009003 3.48361749
 3.48714433 3.49067055 3.49419616 3.49772115 3.50124552 3.50476928
 3.50829242 3.51181495 3.51533686 3.51885816 3.52237885 3.52589893
 3.52941839 3.53293725 3.53645549 3.53997313 3.54349015 3.54700657
 3.55052238 3.55403758 3.55755217 3.56106616 3.56457955 3.56809233
 3.5716045  3.57511608 3.57862704 3.58213741 3.58564718 3.58915634
 3.5926649  3.59617287 3.59968023 3.603187   3.60669317 3.61019874
 3.61370371 3.61720809 3.62071188 3.62421506 3.62771766 3.63121966
 3.63472107 3.63822188 3.64172211 3.64522174 3.64872078 3.65221923
 3.6557171  3.65921437 3.66271106 3.66620716 3.66970267 3.6731976
 3.67669194 3.68018569 3.68367887 3.68717146 3.69066346 3.69415489
 3.69764573 3.70113599 3.70462567 3.70811477 3.71160329 3.71509124
 3.7185786  3.72206539 3.7255516  3.72903724 3.7325223  3.73600679
 3.7394907  3.74297404 3.7464568  3.749939   3.75342062 3.75690167
 3.76038215 3.76386207 3.76734141 3.77082018 3.77429839 3.77777603
 3.78125311 3.78472961 3.78820556 3.79168094 3.79515575 3.79863
 3.80210369 3.80557682 3.80904939 3.81252139 3.81599284 3.81946373
 3.82293405 3.82640382 3.82987304 3.83334169 3.83680979 3.84027734
 3.84374433 3.84721076 3.85067665 3.85414198 3.85760675 3.86107098
 3.86453465 3.86799778 3.87146035 3.87492238 3.87838386 3.88184479
 3.88530517 3.88876501 3.8922243  3.89568305 3.89914125 3.90259891
 3.90605602 3.90951259 3.91296862 3.91642411 3.91987906 3.92333347
 3.92678734 3.93024067 3.93369347 3.93714572 3.94059744 3.94404863
 3.94749928 3.95094939 3.95439897 3.95784801 3.96129653 3.96474451
 3.96819196 3.97163888 3.97508527 3.97853113 3.98197646 3.98542126
 3.98886554 3.99230929 3.99575251 3.99919521 4.00263738 4.00607903
 4.00952015 4.01296075 4.01640083 4.01984039 4.02327943 4.02671794
 4.03015594 4.03359342 4.03703038 4.04046682 4.04390274 4.04733815
 4.05077304 4.05420742 4.05764129 4.06107463 4.06450747 4.06793979
 4.07137161 4.07480291 4.0782337  4.08166398 4.08509375 4.08852301
 4.09195177 4.09538001 4.09880776 4.10223499 4.10566172 4.10908795
 4.11251367 4.11593889 4.1193636  4.12278782 4.12621153 4.12963474
 4.13305745 4.13647966 4.13990138 4.14332259 4.14674331 4.15016353
 4.15358326 4.15700249 4.16042122 4.16383946 4.16725721 4.17067447
 4.17409123 4.1775075  4.18092328 4.18433857 4.18775337 4.19116768
 4.19458151 4.19799484 4.20140769 4.20482005 4.20823193 4.21164332
 4.21505423 4.21846465 4.2218746  4.22528406 4.22869303 4.23210153
 4.23550954 4.23891708 4.24232414 4.24573072 4.24913682 4.25254244
 4.25594759 4.25935226 4.26275646 4.26616018 4.26956343 4.27296621
 4.27636851 4.27977034 4.2831717  4.28657259 4.28997301 4.29337296
 4.29677244 4.30017145 4.30357    4.30696808 4.31036569 4.31376284
 4.31715953 4.32055575 4.3239515  4.3273468  4.33074163 4.334136
 4.33752991 4.34092336 4.34431635 4.34770888 4.35110095 4.35449257
 4.35788373 4.36127443 4.36466468 4.36805447 4.37144381 4.3748327
 4.37822113 4.38160911 4.38499664 4.38838372 4.39177034 4.39515652
 4.39854225 4.40192753 4.40531236 4.40869675 4.41208069 4.41546418
 4.41884723 4.42222983 4.425612   4.42899371 4.43237499 4.43575582
 4.43913621 4.44251616 4.44589568 4.44927475 4.45265338 4.45603158
 4.45940934 4.46278666 4.46616355 4.46954    4.47291601 4.4762916
 4.47966675 4.48304146 4.48641575 4.4897896  4.49316302 4.49653601
 4.49990858 4.50328071 4.50665242 4.5100237  4.51339455 4.51676497
 4.52013497 4.52350455 4.5268737  4.53024243 4.53361073 4.53697861
 4.54034607 4.54371311 4.54707973 4.55044593 4.55381171 4.55717707
 4.56054202 4.56390655 4.56727066 4.57063435 4.57399763 4.5773605
 4.58072295 4.58408499 4.58744661 4.59080782 4.59416863 4.59752902
 4.600889   4.60424857 4.60760774 4.61096649 4.61432484 4.61768278
 4.62104032 4.62439745 4.62775417 4.63111049 4.63446641 4.63782192
 4.64117704 4.64453175 4.64788606 4.65123997 4.65459348 4.65794659
 4.6612993  4.66465161 4.66800353 4.67135505 4.67470618 4.67805691
 4.68140724 4.68475719 4.68810673 4.69145589 4.69480465 4.69815303
 4.70150101 4.7048486  4.7081958  4.71154262 4.71488904 4.71823508
 4.72158073 4.724926   4.72827088 4.73161538 4.73495949 4.73830321
 4.74164656 4.74498952 4.7483321  4.7516743  4.75501612 4.75835756
 4.76169862 4.7650393  4.7683796  4.77171953 4.77505908 4.77839825
 4.78173705 4.78507548 4.78841353 4.7917512  4.79508851 4.79842544
 4.801762   4.80509819 4.80843401 4.81176946 4.81510454 4.81843925
 4.8217736  4.82510758 4.82844119 4.83177443 4.83510732 4.83843983
 4.84177198 4.84510377 4.8484352  4.85176627 4.85509697 4.85842731
 4.8617573  4.86508692 4.86841619 4.87174509]
t =  [1.02941457e+09 1.02941460e+09 1.02941464e+09 1.02941467e+09
 1.02941471e+09 1.02941474e+09 1.02941478e+09 1.02941481e+09
 1.02941485e+09 1.02941488e+09 1.02941492e+09 1.02941495e+09
 1.02941498e+09 1.02941502e+09 1.02941505e+09 1.02941509e+09
 1.02941512e+09 1.02941516e+09 1.02941519e+09 1.02941523e+09
 1.02941526e+09 1.02941530e+09 1.02941533e+09 1.02941537e+09
 1.02941540e+09 1.02941544e+09 1.02941547e+09 1.02941551e+09
 1.02941554e+09 1.02941558e+09 1.02941561e+09 1.02941565e+09
 1.02941568e+09 1.02941572e+09 1.02941575e+09 1.02941579e+09
 1.02941582e+09 1.02941586e+09 1.02941589e+09 1.02941593e+09
 1.02941596e+09 1.02941600e+09 1.02941603e+09 1.02941607e+09
 1.02941610e+09 1.02941614e+09 1.02941617e+09 1.02941621e+09
 1.02941624e+09 1.02941628e+09 1.02941631e+09 1.02941635e+09
 1.02941638e+09 1.02941642e+09 1.02941645e+09 1.02941649e+09
 1.02941652e+09 1.02941656e+09 1.02941659e+09 1.02941662e+09
 1.02941666e+09 1.02941669e+09 1.02941673e+09 1.02941676e+09
 1.02941680e+09 1.02941683e+09 1.02941687e+09 1.02941690e+09
 1.02941694e+09 1.02941697e+09 1.02941701e+09 1.02941704e+09
 1.02941708e+09 1.02941711e+09 1.02941715e+09 1.02941718e+09
 1.02941722e+09 1.02941725e+09 1.02941729e+09 1.02941732e+09
 1.02941736e+09 1.02941739e+09 1.02941743e+09 1.02941746e+09
 1.02941750e+09 1.02941753e+09 1.02941757e+09 1.02941760e+09
 1.02941764e+09 1.02941767e+09 1.02941771e+09 1.02941774e+09
 1.02941778e+09 1.02941781e+09 1.02941785e+09 1.02941788e+09
 1.02941792e+09 1.02941795e+09 1.02941799e+09 1.02941802e+09
 1.02941806e+09 1.02941809e+09 1.02941813e+09 1.02941816e+09
 1.02941820e+09 1.02941823e+09 1.02941827e+09 1.02941830e+09
 1.02941833e+09 1.02941837e+09 1.02941840e+09 1.02941844e+09
 1.02941847e+09 1.02941851e+09 1.02941854e+09 1.02941858e+09
 1.02941861e+09 1.02941865e+09 1.02941868e+09 1.02941872e+09
 1.02941875e+09 1.02941879e+09 1.02941882e+09 1.02941886e+09
 1.02941889e+09 1.02941893e+09 1.02941896e+09 1.02941900e+09
 1.02941903e+09 1.02941907e+09 1.02941910e+09 1.02941914e+09
 1.02941917e+09 1.02941921e+09 1.02941924e+09 1.02941928e+09
 1.02941931e+09 1.02941935e+09 1.02941938e+09 1.02941942e+09
 1.02941945e+09 1.02941949e+09 1.02941952e+09 1.02941956e+09
 1.02941959e+09 1.02941963e+09 1.02941966e+09 1.02941970e+09
 1.02941973e+09 1.02941977e+09 1.02941980e+09 1.02941984e+09
 1.02941987e+09 1.02941991e+09 1.02941994e+09 1.02941997e+09
 1.02942001e+09 1.02942004e+09 1.02942008e+09 1.02942011e+09
 1.02942015e+09 1.02942018e+09 1.02942022e+09 1.02942025e+09
 1.02942029e+09 1.02942032e+09 1.02942036e+09 1.02942039e+09
 1.02942043e+09 1.02942046e+09 1.02942050e+09 1.02942053e+09
 1.02942057e+09 1.02942060e+09 1.02942064e+09 1.02942067e+09
 1.02942071e+09 1.02942074e+09 1.02942078e+09 1.02942081e+09
 1.02942085e+09 1.02942088e+09 1.02942092e+09 1.02942095e+09
 1.02942099e+09 1.02942102e+09 1.02942106e+09 1.02942109e+09
 1.02942113e+09 1.02942116e+09 1.02942120e+09 1.02942123e+09
 1.02942127e+09 1.02942130e+09 1.02942134e+09 1.02942137e+09
 1.02942141e+09 1.02942144e+09 1.02942148e+09 1.02942151e+09
 1.02942155e+09 1.02942158e+09 1.02942161e+09 1.02942165e+09
 1.02942168e+09 1.02942172e+09 1.02942175e+09 1.02942179e+09
 1.02942182e+09 1.02942186e+09 1.02942189e+09 1.02942193e+09
 1.02942196e+09 1.02942200e+09 1.02942203e+09 1.02942207e+09
 1.02942210e+09 1.02942214e+09 1.02942217e+09 1.02942221e+09
 1.02942224e+09 1.02942228e+09 1.02942231e+09 1.02942235e+09
 1.02942238e+09 1.02942242e+09 1.02942245e+09 1.02942249e+09
 1.02942252e+09 1.02942256e+09 1.02942259e+09 1.02942263e+09
 1.02942266e+09 1.02942270e+09 1.02942273e+09 1.02942277e+09
 1.02942280e+09 1.02942284e+09 1.02942287e+09 1.02942291e+09
 1.02942294e+09 1.02942298e+09 1.02942301e+09 1.02942305e+09
 1.02942308e+09 1.02942312e+09 1.02942315e+09 1.02942319e+09
 1.02942322e+09 1.02942326e+09 1.02942329e+09 1.02942332e+09
 1.02942336e+09 1.02942339e+09 1.02942343e+09 1.02942346e+09
 1.02942350e+09 1.02942353e+09 1.02942357e+09 1.02942360e+09
 1.02942364e+09 1.02942367e+09 1.02942371e+09 1.02942374e+09
 1.02942378e+09 1.02942381e+09 1.02942385e+09 1.02942388e+09
 1.02942392e+09 1.02942395e+09 1.02942399e+09 1.02942402e+09
 1.02942406e+09 1.02942409e+09 1.02942413e+09 1.02942416e+09
 1.02942420e+09 1.02942423e+09 1.02942427e+09 1.02942430e+09
 1.02942434e+09 1.02942437e+09 1.02942441e+09 1.02942444e+09
 1.02942448e+09 1.02942451e+09 1.02942455e+09 1.02942458e+09
 1.02942462e+09 1.02942465e+09 1.02942469e+09 1.02942472e+09
 1.02942476e+09 1.02942479e+09 1.02942483e+09 1.02942486e+09
 1.02942490e+09 1.02942493e+09 1.02942496e+09 1.02942500e+09
 1.02942503e+09 1.02942507e+09 1.02942510e+09 1.02942514e+09
 1.02942517e+09 1.02942521e+09 1.02942524e+09 1.02942528e+09
 1.02942531e+09 1.02942535e+09 1.02942538e+09 1.02942542e+09
 1.02942545e+09 1.02942549e+09 1.02942552e+09 1.02942556e+09
 1.02942559e+09 1.02942563e+09 1.02942566e+09 1.02942570e+09
 1.02942573e+09 1.02942577e+09 1.02942580e+09 1.02942584e+09
 1.02942587e+09 1.02942591e+09 1.02942594e+09 1.02942598e+09
 1.02942601e+09 1.02942605e+09 1.02942608e+09 1.02942612e+09
 1.02942615e+09 1.02942619e+09 1.02942622e+09 1.02942626e+09
 1.02942629e+09 1.02942633e+09 1.02942636e+09 1.02942640e+09
 1.02942643e+09 1.02942647e+09 1.02942650e+09 1.02942654e+09
 1.02942657e+09 1.02942660e+09 1.02942664e+09 1.02942667e+09
 1.02942671e+09 1.02942674e+09 1.02942678e+09 1.02942681e+09
 1.02942685e+09 1.02942688e+09 1.02942692e+09 1.02942695e+09
 1.02942699e+09 1.02942702e+09 1.02942706e+09 1.02942709e+09
 1.02942713e+09 1.02942716e+09 1.02942720e+09 1.02942723e+09
 1.02942727e+09 1.02942730e+09 1.02942734e+09 1.02942737e+09
 1.02942741e+09 1.02942744e+09 1.02942748e+09 1.02942751e+09
 1.02942755e+09 1.02942758e+09 1.02942762e+09 1.02942765e+09
 1.02942769e+09 1.02942772e+09 1.02942776e+09 1.02942779e+09
 1.02942783e+09 1.02942786e+09 1.02942790e+09 1.02942793e+09
 1.02942797e+09 1.02942800e+09 1.02942804e+09 1.02942807e+09
 1.02942811e+09 1.02942814e+09 1.02942818e+09 1.02942821e+09
 1.02942824e+09 1.02942828e+09 1.02942831e+09 1.02942835e+09
 1.02942838e+09 1.02942842e+09 1.02942845e+09 1.02942849e+09
 1.02942852e+09 1.02942856e+09 1.02942859e+09 1.02942863e+09
 1.02942866e+09 1.02942870e+09 1.02942873e+09 1.02942877e+09
 1.02942880e+09 1.02942884e+09 1.02942887e+09 1.02942891e+09
 1.02942894e+09 1.02942898e+09 1.02942901e+09 1.02942905e+09
 1.02942908e+09 1.02942912e+09 1.02942915e+09 1.02942919e+09
 1.02942922e+09 1.02942926e+09 1.02942929e+09 1.02942933e+09
 1.02942936e+09 1.02942940e+09 1.02942943e+09 1.02942947e+09
 1.02942950e+09 1.02942954e+09 1.02942957e+09 1.02942961e+09
 1.02942964e+09 1.02942968e+09 1.02942971e+09 1.02942975e+09
 1.02942978e+09 1.02942982e+09 1.02942985e+09 1.02942989e+09
 1.02942992e+09 1.02942995e+09 1.02942999e+09 1.02943002e+09
 1.02943006e+09 1.02943009e+09 1.02943013e+09 1.02943016e+09
 1.02943020e+09 1.02943023e+09 1.02943027e+09 1.02943030e+09
 1.02943034e+09 1.02943037e+09 1.02943041e+09 1.02943044e+09
 1.02943048e+09 1.02943051e+09 1.02943055e+09 1.02943058e+09
 1.02943062e+09 1.02943065e+09 1.02943069e+09 1.02943072e+09
 1.02943076e+09 1.02943079e+09 1.02943083e+09 1.02943086e+09
 1.02943090e+09 1.02943093e+09 1.02943097e+09 1.02943100e+09
 1.02943104e+09 1.02943107e+09 1.02943111e+09 1.02943114e+09
 1.02943118e+09 1.02943121e+09 1.02943125e+09 1.02943128e+09
 1.02943132e+09 1.02943135e+09 1.02943139e+09 1.02943142e+09
 1.02943146e+09 1.02943149e+09 1.02943153e+09 1.02943156e+09
 1.02943159e+09 1.02943163e+09 1.02943166e+09 1.02943170e+09
 1.02943173e+09 1.02943177e+09 1.02943180e+09 1.02943184e+09
 1.02943187e+09 1.02943191e+09 1.02943194e+09 1.02943198e+09
 1.02943201e+09 1.02943205e+09 1.02943208e+09 1.02943212e+09
 1.02943215e+09 1.02943219e+09 1.02943222e+09 1.02943226e+09
 1.02943229e+09 1.02943233e+09 1.02943236e+09 1.02943240e+09
 1.02943243e+09 1.02943247e+09 1.02943250e+09 1.02943254e+09
 1.02943257e+09 1.02943261e+09 1.02943264e+09 1.02943268e+09
 1.02943271e+09 1.02943275e+09 1.02943278e+09 1.02943282e+09
 1.02943285e+09 1.02943289e+09 1.02943292e+09 1.02943296e+09
 1.02943299e+09 1.02943303e+09 1.02943306e+09 1.02943310e+09
 1.02943313e+09 1.02943317e+09 1.02943320e+09 1.02943323e+09
 1.02943327e+09 1.02943330e+09 1.02943334e+09 1.02943337e+09
 1.02943341e+09 1.02943344e+09 1.02943348e+09 1.02943351e+09
 1.02943355e+09 1.02943358e+09 1.02943362e+09 1.02943365e+09
 1.02943369e+09 1.02943372e+09 1.02943376e+09 1.02943379e+09
 1.02943383e+09 1.02943386e+09 1.02943390e+09 1.02943393e+09
 1.02943397e+09 1.02943400e+09 1.02943404e+09 1.02943407e+09
 1.02943411e+09 1.02943414e+09 1.02943418e+09 1.02943421e+09
 1.02943425e+09 1.02943428e+09 1.02943432e+09 1.02943435e+09
 1.02943439e+09 1.02943442e+09 1.02943446e+09 1.02943449e+09
 1.02943453e+09 1.02943456e+09 1.02943460e+09 1.02943463e+09
 1.02943467e+09 1.02943470e+09 1.02943474e+09 1.02943477e+09
 1.02943481e+09 1.02943484e+09 1.02943488e+09 1.02943491e+09
 1.02943494e+09 1.02943498e+09 1.02943501e+09 1.02943505e+09
 1.02943508e+09 1.02943512e+09 1.02943515e+09 1.02943519e+09
 1.02943522e+09 1.02943526e+09 1.02943529e+09 1.02943533e+09
 1.02943536e+09 1.02943540e+09 1.02943543e+09 1.02943547e+09
 1.02943550e+09 1.02943554e+09 1.02943557e+09 1.02943561e+09
 1.02943564e+09 1.02943568e+09 1.02943571e+09 1.02943575e+09
 1.02943578e+09 1.02943582e+09 1.02943585e+09 1.02943589e+09
 1.02943592e+09 1.02943596e+09 1.02943599e+09 1.02943603e+09
 1.02943606e+09 1.02943610e+09 1.02943613e+09 1.02943617e+09
 1.02943620e+09 1.02943624e+09 1.02943627e+09 1.02943631e+09
 1.02943634e+09 1.02943638e+09 1.02943641e+09 1.02943645e+09
 1.02943648e+09 1.02943652e+09 1.02943655e+09 1.02943658e+09
 1.02943662e+09 1.02943665e+09 1.02943669e+09 1.02943672e+09
 1.02943676e+09 1.02943679e+09 1.02943683e+09 1.02943686e+09
 1.02943690e+09 1.02943693e+09 1.02943697e+09 1.02943700e+09
 1.02943704e+09 1.02943707e+09 1.02943711e+09 1.02943714e+09
 1.02943718e+09 1.02943721e+09 1.02943725e+09 1.02943728e+09
 1.02943732e+09 1.02943735e+09 1.02943739e+09 1.02943742e+09
 1.02943746e+09 1.02943749e+09 1.02943753e+09 1.02943756e+09
 1.02943760e+09 1.02943763e+09 1.02943767e+09 1.02943770e+09
 1.02943774e+09 1.02943777e+09 1.02943781e+09 1.02943784e+09
 1.02943788e+09 1.02943791e+09 1.02943795e+09 1.02943798e+09
 1.02943802e+09 1.02943805e+09 1.02943809e+09 1.02943812e+09
 1.02943816e+09 1.02943819e+09 1.02943822e+09 1.02943826e+09
 1.02943829e+09 1.02943833e+09 1.02943836e+09 1.02943840e+09
 1.02943843e+09 1.02943847e+09 1.02943850e+09 1.02943854e+09
 1.02943857e+09 1.02943861e+09 1.02943864e+09 1.02943868e+09
 1.02943871e+09 1.02943875e+09 1.02943878e+09 1.02943882e+09
 1.02943885e+09 1.02943889e+09 1.02943892e+09 1.02943896e+09
 1.02943899e+09 1.02943903e+09 1.02943906e+09 1.02943910e+09
 1.02943913e+09 1.02943917e+09 1.02943920e+09 1.02943924e+09
 1.02943927e+09 1.02943931e+09 1.02943934e+09 1.02943938e+09
 1.02943941e+09 1.02943945e+09 1.02943948e+09 1.02943952e+09
 1.02943955e+09 1.02943959e+09 1.02943962e+09 1.02943966e+09
 1.02943969e+09 1.02943973e+09 1.02943976e+09 1.02943980e+09
 1.02943983e+09 1.02943986e+09 1.02943990e+09 1.02943993e+09
 1.02943997e+09 1.02944000e+09 1.02944004e+09 1.02944007e+09
 1.02944011e+09 1.02944014e+09 1.02944018e+09 1.02944021e+09
 1.02944025e+09 1.02944028e+09 1.02944032e+09 1.02944035e+09
 1.02944039e+09 1.02944042e+09 1.02944046e+09 1.02944049e+09
 1.02944053e+09 1.02944056e+09 1.02944060e+09 1.02944063e+09
 1.02944067e+09 1.02944070e+09 1.02944074e+09 1.02944077e+09
 1.02944081e+09 1.02944084e+09 1.02944088e+09 1.02944091e+09
 1.02944095e+09 1.02944098e+09 1.02944102e+09 1.02944105e+09
 1.02944109e+09 1.02944112e+09 1.02944116e+09 1.02944119e+09
 1.02944123e+09 1.02944126e+09 1.02944130e+09 1.02944133e+09
 1.02944137e+09 1.02944140e+09 1.02944144e+09 1.02944147e+09
 1.02944151e+09 1.02944154e+09 1.02944157e+09 1.02944161e+09
 1.02944164e+09 1.02944168e+09 1.02944171e+09 1.02944175e+09
 1.02944178e+09 1.02944182e+09 1.02944185e+09 1.02944189e+09
 1.02944192e+09 1.02944196e+09 1.02944199e+09 1.02944203e+09
 1.02944206e+09 1.02944210e+09 1.02944213e+09 1.02944217e+09
 1.02944220e+09 1.02944224e+09 1.02944227e+09 1.02944231e+09
 1.02944234e+09 1.02944238e+09 1.02944241e+09 1.02944245e+09
 1.02944248e+09 1.02944252e+09 1.02944255e+09 1.02944259e+09
 1.02944262e+09 1.02944266e+09 1.02944269e+09 1.02944273e+09
 1.02944276e+09 1.02944280e+09 1.02944283e+09 1.02944287e+09
 1.02944290e+09 1.02944294e+09 1.02944297e+09 1.02944301e+09
 1.02944304e+09 1.02944308e+09 1.02944311e+09 1.02944315e+09
 1.02944318e+09 1.02944321e+09 1.02944325e+09 1.02944328e+09
 1.02944332e+09 1.02944335e+09 1.02944339e+09 1.02944342e+09
 1.02944346e+09 1.02944349e+09 1.02944353e+09 1.02944356e+09
 1.02944360e+09 1.02944363e+09 1.02944367e+09 1.02944370e+09
 1.02944374e+09 1.02944377e+09 1.02944381e+09 1.02944384e+09
 1.02944388e+09 1.02944391e+09 1.02944395e+09 1.02944398e+09
 1.02944402e+09 1.02944405e+09 1.02944409e+09 1.02944412e+09
 1.02944416e+09 1.02944419e+09 1.02944423e+09 1.02944426e+09
 1.02944430e+09 1.02944433e+09 1.02944437e+09 1.02944440e+09
 1.02944444e+09 1.02944447e+09 1.02944451e+09 1.02944454e+09
 1.02944458e+09 1.02944461e+09 1.02944465e+09 1.02944468e+09
 1.02944472e+09 1.02944475e+09 1.02944479e+09 1.02944482e+09
 1.02944485e+09 1.02944489e+09 1.02944492e+09 1.02944496e+09
 1.02944499e+09 1.02944503e+09 1.02944506e+09 1.02944510e+09
 1.02944513e+09 1.02944517e+09 1.02944520e+09 1.02944524e+09
 1.02944527e+09 1.02944531e+09 1.02944534e+09 1.02944538e+09
 1.02944541e+09 1.02944545e+09 1.02944548e+09 1.02944552e+09
 1.02944555e+09 1.02944559e+09 1.02944562e+09 1.02944566e+09
 1.02944569e+09 1.02944573e+09 1.02944576e+09 1.02944580e+09
 1.02944583e+09 1.02944587e+09 1.02944590e+09 1.02944594e+09
 1.02944597e+09 1.02944601e+09 1.02944604e+09 1.02944608e+09
 1.02944611e+09 1.02944615e+09 1.02944618e+09 1.02944622e+09
 1.02944625e+09 1.02944629e+09 1.02944632e+09 1.02944636e+09
 1.02944639e+09 1.02944643e+09 1.02944646e+09 1.02944650e+09
 1.02944653e+09 1.02944656e+09 1.02944660e+09 1.02944663e+09
 1.02944667e+09 1.02944670e+09 1.02944674e+09 1.02944677e+09
 1.02944681e+09 1.02944684e+09 1.02944688e+09 1.02944691e+09
 1.02944695e+09 1.02944698e+09 1.02944702e+09 1.02944705e+09
 1.02944709e+09 1.02944712e+09 1.02944716e+09 1.02944719e+09
 1.02944723e+09 1.02944726e+09 1.02944730e+09 1.02944733e+09
 1.02944737e+09 1.02944740e+09 1.02944744e+09 1.02944747e+09
 1.02944751e+09 1.02944754e+09 1.02944758e+09 1.02944761e+09
 1.02944765e+09 1.02944768e+09 1.02944772e+09 1.02944775e+09
 1.02944779e+09 1.02944782e+09 1.02944786e+09 1.02944789e+09
 1.02944793e+09 1.02944796e+09 1.02944800e+09 1.02944803e+09
 1.02944807e+09 1.02944810e+09 1.02944814e+09 1.02944817e+09
 1.02944820e+09 1.02944824e+09 1.02944827e+09 1.02944831e+09
 1.02944834e+09 1.02944838e+09 1.02944841e+09 1.02944845e+09
 1.02944848e+09 1.02944852e+09 1.02944855e+09 1.02944859e+09
 1.02944862e+09 1.02944866e+09 1.02944869e+09 1.02944873e+09
 1.02944876e+09 1.02944880e+09 1.02944883e+09 1.02944887e+09
 1.02944890e+09 1.02944894e+09 1.02944897e+09 1.02944901e+09
 1.02944904e+09 1.02944908e+09 1.02944911e+09 1.02944915e+09
 1.02944918e+09 1.02944922e+09 1.02944925e+09 1.02944929e+09
 1.02944932e+09 1.02944936e+09 1.02944939e+09 1.02944943e+09]
minRes = 1.290132601697061
minResTime =  [1.02941457e+09]
