name =JUICE_ROI_CAL_5_0_14
flyby =  ['2032 AUG 14 10:09:17', '2032 AUG 15 10:09:17']
Observation TW =  <SpiceCell dtype = 1, length = 0, size = 3400, card = 14, is_set = 1, adjust = 0, init = 1, base = 2554805490288, data = 2554805490336>
Res(t) =  [3.4491613  3.44568886 3.44221665 3.43874465 3.43527288 3.43180132
 3.42832997 3.42485885 3.42138794 3.41791726 3.41444678 3.41097653
 3.40750649 3.40403667 3.40056706 3.39709767 3.3936285  3.39015954
 3.38669079 3.38322226 3.37975395 3.37628585 3.37281796 3.36935029
 3.36588283 3.36241559 3.35894856 3.35548174 3.35201513 3.34854874
 3.34508256 3.34161659 3.33815083 3.33468529 3.33121995 3.32775483
 3.32428992 3.32082522 3.31736073 3.31389645 3.31043238 3.30696852
 3.30350487 3.30004142 3.29657819 3.29311517 3.28965235 3.28618974
 3.28272735 3.27926515 3.27580317 3.27234139 3.26887982 3.26541846
 3.26195731 3.25849636 3.25503561 3.25157508 3.24811474 3.24465462
 3.2411947  3.23773498 3.23427547 3.23081616 3.22735706 3.22389816
 3.22043946 3.21698097 3.21352269 3.2100646  3.20660672 3.20314904
 3.19969156 3.19623428 3.19277721 3.18932034 3.18586367 3.1824072
 3.17895093 3.17549486 3.17203899 3.16858333 3.16512786 3.16167259
 3.15821752 3.15476265 3.15130798 3.14785351 3.14439923 3.14094516
 3.13749128 3.1340376  3.13058412 3.12713084 3.12367775 3.12022486
 3.11677216 3.11331966 3.10986736 3.10641525 3.10296334 3.09951163
 3.0960601  3.09260878 3.08915765 3.08570671 3.08225597 3.07880542
 3.07535506 3.0719049  3.06845493 3.06500515 3.06155557 3.05810618
 3.05465698 3.05120797 3.04775915 3.04431053 3.04086209 3.03741385
 3.0339658  3.03051794 3.02707026 3.02362278 3.02017549 3.01672839
 3.01328147 3.00983475 3.00638821 3.00294186 2.9994957  2.99604973
 2.99260395 2.98915835 2.98571294 2.98226772 2.97882268 2.97537783
 2.97193317 2.96848869 2.9650444  2.96160029 2.95815637 2.95471264
 2.95126908 2.94782572 2.94438253 2.94093953 2.93749672 2.93405409
 2.93061164 2.92716937 2.92372729 2.92028539 2.91684367 2.91340213
 2.90996078 2.9065196  2.90307861 2.8996378  2.89619717 2.89275672
 2.88931645 2.88587636 2.88243644 2.87899671 2.87555716 2.87211779
 2.86867859 2.86523958 2.86180074 2.85836208 2.85492359 2.85148529
 2.84804716 2.84460921 2.84117144 2.83773384 2.83429642 2.83085917
 2.8274221  2.8239852  2.82054848 2.81711194 2.81367557 2.81023937
 2.80680335 2.8033675  2.79993183 2.79649633 2.793061   2.78962584
 2.78619086 2.78275605 2.77932141 2.77588694 2.77245265 2.76901853
 2.76558457 2.76215079 2.75871718 2.75528374 2.75185047 2.74841737
 2.74498444 2.74155167 2.73811908 2.73468665 2.7312544  2.72782231
 2.72439039 2.72095864 2.71752705 2.71409564 2.71066439 2.7072333
 2.70380238 2.70037163 2.69694105 2.69351063 2.69008037 2.68665029
 2.68322036 2.6797906  2.67636101 2.67293158 2.66950231 2.66607321
 2.66264426 2.65921549 2.65578687 2.65235842 2.64893013 2.64550201
 2.64207404 2.63864624 2.63521859 2.63179111 2.62836379 2.62493663
 2.62150963 2.61808279 2.61465611 2.61122959 2.60780323 2.60437702
 2.60095098 2.59752509 2.59409937 2.5906738  2.58724838 2.58382313
 2.58039803 2.57697309 2.57354831 2.57012368 2.56669921 2.56327489
 2.55985073 2.55642673 2.55300288 2.54957918 2.54615564 2.54273225
 2.53930902 2.53588594 2.53246302 2.52904024 2.52561763 2.52219516
 2.51877284 2.51535068 2.51192867 2.50850681 2.50508511 2.50166355
 2.49824214 2.49482089 2.49139978 2.48797883 2.48455803 2.48113737
 2.47771686 2.47429651 2.4708763  2.46745624 2.46403633 2.46061656
 2.45719695 2.45377748 2.45035816 2.44693898 2.44351995 2.44010107
 2.43668234 2.43326375 2.4298453  2.426427   2.42300885 2.41959084
 2.41617297 2.41275525 2.40933767 2.40592024 2.40250295 2.3990858
 2.3956688  2.39225194 2.38883522 2.38541864 2.38200221 2.37858591
 2.37516976 2.37175375 2.36833788 2.36492215 2.36150656 2.35809111
 2.3546758  2.35126063 2.3478456  2.3444307  2.34101595 2.33760133
 2.33418685 2.33077251 2.32735831 2.32394425 2.32053032 2.31711653
 2.31370287 2.31028935 2.30687597 2.30346272 2.30004961 2.29663663
 2.29322379 2.28981108 2.28639851 2.28298607 2.27957376 2.27616159
 2.27274955 2.26933764 2.26592587 2.26251423 2.25910272 2.25569134
 2.2522801  2.24886898 2.245458   2.24204715 2.23863643 2.23522583
 2.23181537 2.22840504 2.22499484 2.22158476 2.21817482 2.214765
 2.21135532 2.20794576 2.20453633 2.20112702 2.19771784 2.19430879
 2.19089987 2.18749108 2.1840824  2.18067386 2.17726544 2.17385715
 2.17044898 2.16704094 2.16363302 2.16022522 2.15681755 2.15341
 2.15000258 2.14659528 2.1431881  2.13978105 2.13637411 2.1329673
 2.12956061 2.12615405 2.1227476  2.11934128 2.11593507 2.11252899
 2.10912302 2.10571718 2.10231146 2.09890585 2.09550037 2.092095
 2.08868975 2.08528462 2.08187961 2.07847472 2.07506994 2.07166528
 2.06826074 2.06485631 2.061452   2.05804781 2.05464373 2.05123977
 2.04783592 2.04443219 2.04102857 2.03762507 2.03422168 2.03081841
 2.02741525 2.0240122  2.02060926 2.01720644 2.01380373 2.01040114
 2.00699865 2.00359628 2.00019402 1.99679186 1.99338983 1.9899879
 1.98658608 1.98318437 1.97978277 1.97638128 1.9729799  1.96957863
 1.96617747 1.96277641 1.95937547 1.95597463 1.9525739  1.94917327
 1.94577276 1.94237235 1.93897205 1.93557185 1.93217176 1.92877178
 1.9253719  1.92197212 1.91857245 1.91517289 1.91177343 1.90837407
 1.90497482 1.90157567 1.89817662 1.89477768 1.89137884 1.8879801
 1.88458147 1.88118293 1.8777845  1.87438617 1.87098794 1.86758981
 1.86419178 1.86079386 1.85739603 1.8539983  1.85060067 1.84720314
 1.84380571 1.84040838 1.83701114 1.83361401 1.83021697 1.82682003
 1.82342318 1.82002644 1.81662979 1.81323323 1.80983678 1.80644041
 1.80304415 1.79964798 1.7962519  1.79285592 1.78946004 1.78606424
 1.78266855 1.77927294 1.77587743 1.77248201 1.76908669 1.76569146
 1.76229632 1.75890127 1.75550632 1.75211145 1.74871668 1.745322
 1.74192741 1.73853291 1.7351385  1.73174417 1.72834994 1.7249558
 1.72156175 1.71816779 1.71477391 1.71138013 1.70798643 1.70459282
 1.7011993  1.69780586 1.69441251 1.69101925 1.68762608 1.68423299
 1.68083998 1.67744707 1.67405424 1.67066149 1.66726883 1.66387625
 1.66048376 1.65709135 1.65369902 1.65030678 1.64691463 1.64352255
 1.64013056 1.63673865 1.63334682 1.62995508 1.62656341 1.62317183
 1.61978033 1.61638891 1.61299757 1.60960631 1.60621514 1.60282404
 1.59943302 1.59604208 1.59265122 1.58926044 1.58586974 1.58247911
 1.57908857 1.5756981  1.57230771 1.5689174  1.56552716 1.562137
 1.55874692 1.55535692 1.55196699 1.54857713 1.54518736 1.54179765
 1.53840803 1.53501847 1.531629   1.52823959 1.52485026 1.52146101
 1.51807183 1.51468272 1.51129368 1.50790472 1.50451583 1.50112702
 1.49773827 1.4943496  1.490961   1.48757247 1.48418401 1.48079562
 1.47740731 1.47401906 1.47063088 1.46724278 1.46385474 1.46046678
 1.45707888 1.45369105 1.45030329 1.4469156  1.44352798 1.44014043
 1.43675294 1.43336552 1.42997817 1.42659089 1.42320367 1.41981652
 1.41642944 1.41304243 1.40965548 1.40626859 1.40288177 1.39949502
 1.39610833 1.39272171 1.38933515 1.38594866 1.38256223 1.37917587
 1.37578957 1.37240333 1.36901716 1.36563105 1.362245   1.35885902
 1.3554731  1.35208724 1.34870145 1.34531571 1.34193004 1.33854443
 1.33515889 1.3317734  1.32838797 1.32500261 1.32161731 1.31823206
 1.31484688 1.31146176 1.3080767  1.3046917  1.30130675 1.29792187
 1.29453705 1.29115228 1.28776758 1.28438293 1.28099834 1.27761381
 1.27422934 1.27084493 1.26746058 1.26407628 1.26069204 1.25730786
 1.25392373 1.25053967 1.24715566 1.2437717  1.24038781 1.23700397
 1.23362018 1.23023646 1.22685279 1.22346917 1.22008561 1.21670211
 1.21331866 1.20993527 1.20655194 1.20316866 1.19978543 1.19640226
 1.19301915 1.18963608 1.18625308 1.18287013 1.17948723 1.17610439
 1.1727216  1.16933887 1.16595619 1.16257356 1.15919099 1.15580848
 1.15242601 1.1490436  1.14566125 1.14227895 1.1388967  1.1355145
 1.13213236 1.12875027 1.12536824 1.12198626 1.11860433 1.11522245
 1.11184063 1.10845886 1.10507715 1.10169549 1.09831388 1.09493232
 1.09155082 1.08816937 1.08478798 1.08140663 1.07802534 1.07464411
 1.07126293 1.0678818  1.06450072 1.0611197  1.05773873 1.05435781
 1.05097695 1.04759614 1.04421538 1.04083468 1.03745403 1.03407344
 1.0306929  1.02731241 1.02393198 1.0205516  1.01717128 1.01379101
 1.0104108  1.00703064 1.00365054 1.00027049 0.99689049 0.99351056
 0.99013067 0.98675085 0.98337108 0.97999136 0.97661171 0.9732321
 0.96985256 0.96647307 0.96309364 0.95971427 0.95633496 0.9529557
 0.94957651 0.94619737 0.94281829 0.93943927 0.93606031 0.93268141
 0.92930257 0.92592379 0.92254508 0.91916642 0.91578783 0.9124093
 0.90903083 0.90565242 0.90227408 0.89889581 0.89551759 0.89213945
 0.88876137 0.88538335 0.8820054  0.87862752 0.87524971 0.87187197
 0.86849429 0.86511668 0.86173915 0.85836169 0.85498429 0.85160697
 0.84822973 0.84485255 0.84147545 0.83809843 0.83472148 0.83134461
 0.82796782 0.82459111 0.82121447 0.81783792 0.81446145 0.81108506
 0.80770875 0.80433253 0.80095639 0.79758034 0.79420437 0.7908285
 0.78745271 0.78407702 0.78070141 0.7773259  0.77395049 0.77057517
 0.76719994 0.76382482 0.76044979 0.75707487 0.75370005 0.75032533
 0.74695072 0.74357622 0.74020182 0.73682753 0.73345336 0.7300793
 0.72670536 0.72333153 0.71995782 0.71658424 0.71321077 0.70983743
 0.70646422 0.70309114 0.69971819 0.69634537 0.69297269 0.68960015
 0.68622775 0.68285549 0.67948337 0.67611141 0.67273959 0.66936793
 0.66599642 0.66262508 0.65925389 0.65588287 0.65251202 0.64914134
 0.64577083 0.6424005  0.63903035 0.63566039 0.63229061 0.62892102
 0.62555164 0.62218245 0.61881346 0.61544468 0.61207611 0.60870776
 0.60533963 0.60197172 0.59860404 0.5952366  0.59186939 0.58850243
 0.58513572 0.58176927 0.57840307 0.57503714 0.57167148 0.56830609
 0.56494099 0.56157619 0.55821167 0.55484746 0.55148356 0.54811997
 0.54496442 0.54159856 0.538233   0.53486775 0.53150283 0.52813822
 0.52477396 0.52141004 0.51804646 0.51468325 0.51132041 0.50795794
 0.50459586 0.50123418 0.49787291 0.49451205 0.49115162 0.48779162
 0.48443208 0.481073   0.47771439 0.47435626 0.47099864 0.46764153
 0.46428494 0.46092889 0.4575734  0.45421847 0.45086413 0.4475104
 0.44415727 0.44080479 0.43745295 0.43410179 0.43075132 0.42740155
 0.42405252 0.42070424 0.41735673 0.41401002 0.41066413 0.40731909
 0.40397491 0.40063163 0.39728928 0.39394787 0.39060745 0.38726804
 0.38392968 0.38059239 0.37725622 0.37392119 0.37058735 0.36725473
 0.36392337 0.36059333 0.35726463 0.35393733 0.35061147 0.34728711
 0.34396429 0.34064307 0.3373235  0.33400565 0.33068958 0.32737535
 0.32406303 0.32075269 0.3174444  0.31413825 0.31083431 0.30753267
 0.30423341 0.30093664 0.29764245 0.29435094 0.29106223 0.28777643
 0.28449365 0.28121404 0.27793771 0.27466482 0.27139552 0.26812995
 0.26486829 0.26161072 0.25835742 0.25510858 0.25186443 0.24862518
 0.24539107 0.24216235 0.23893929 0.23572217 0.2325113  0.22930699
 0.22610961 0.2229195  0.21973708 0.21656276 0.21339699 0.21024027
 0.20709312 0.2039561  0.20082981 0.19771492 0.19461213 0.19152221
 0.18844599 0.18538436 0.18233832 0.17930892 0.17629732 0.17330481
 0.17033278 0.16738275 0.1644564  0.16155559 0.15868237 0.155839
 0.153028   0.15025217 0.14751465 0.14481893 0.14216897 0.1395692
 0.13702466 0.13454108 0.13212499 0.12978388 0.1275264  0.12536259
 0.12330414 0.12136479 0.11956084 0.1179117  0.1164408  0.11517666
 0.11415446 0.11341815 0.11302361 0.1130432  0.11357268 0.11474231
 0.11673503 0.11981822 0.12440286 0.1311633 ]
t =  [1.02936303e+09 1.02936307e+09 1.02936311e+09 1.02936315e+09
 1.02936320e+09 1.02936324e+09 1.02936328e+09 1.02936332e+09
 1.02936337e+09 1.02936341e+09 1.02936345e+09 1.02936349e+09
 1.02936354e+09 1.02936358e+09 1.02936362e+09 1.02936366e+09
 1.02936371e+09 1.02936375e+09 1.02936379e+09 1.02936383e+09
 1.02936387e+09 1.02936392e+09 1.02936396e+09 1.02936400e+09
 1.02936404e+09 1.02936409e+09 1.02936413e+09 1.02936417e+09
 1.02936421e+09 1.02936426e+09 1.02936430e+09 1.02936434e+09
 1.02936438e+09 1.02936443e+09 1.02936447e+09 1.02936451e+09
 1.02936455e+09 1.02936460e+09 1.02936464e+09 1.02936468e+09
 1.02936472e+09 1.02936477e+09 1.02936481e+09 1.02936485e+09
 1.02936489e+09 1.02936494e+09 1.02936498e+09 1.02936502e+09
 1.02936506e+09 1.02936511e+09 1.02936515e+09 1.02936519e+09
 1.02936523e+09 1.02936528e+09 1.02936532e+09 1.02936536e+09
 1.02936540e+09 1.02936545e+09 1.02936549e+09 1.02936553e+09
 1.02936557e+09 1.02936561e+09 1.02936566e+09 1.02936570e+09
 1.02936574e+09 1.02936578e+09 1.02936583e+09 1.02936587e+09
 1.02936591e+09 1.02936595e+09 1.02936600e+09 1.02936604e+09
 1.02936608e+09 1.02936612e+09 1.02936617e+09 1.02936621e+09
 1.02936625e+09 1.02936629e+09 1.02936634e+09 1.02936638e+09
 1.02936642e+09 1.02936646e+09 1.02936651e+09 1.02936655e+09
 1.02936659e+09 1.02936663e+09 1.02936668e+09 1.02936672e+09
 1.02936676e+09 1.02936680e+09 1.02936685e+09 1.02936689e+09
 1.02936693e+09 1.02936697e+09 1.02936702e+09 1.02936706e+09
 1.02936710e+09 1.02936714e+09 1.02936718e+09 1.02936723e+09
 1.02936727e+09 1.02936731e+09 1.02936735e+09 1.02936740e+09
 1.02936744e+09 1.02936748e+09 1.02936752e+09 1.02936757e+09
 1.02936761e+09 1.02936765e+09 1.02936769e+09 1.02936774e+09
 1.02936778e+09 1.02936782e+09 1.02936786e+09 1.02936791e+09
 1.02936795e+09 1.02936799e+09 1.02936803e+09 1.02936808e+09
 1.02936812e+09 1.02936816e+09 1.02936820e+09 1.02936825e+09
 1.02936829e+09 1.02936833e+09 1.02936837e+09 1.02936842e+09
 1.02936846e+09 1.02936850e+09 1.02936854e+09 1.02936859e+09
 1.02936863e+09 1.02936867e+09 1.02936871e+09 1.02936876e+09
 1.02936880e+09 1.02936884e+09 1.02936888e+09 1.02936892e+09
 1.02936897e+09 1.02936901e+09 1.02936905e+09 1.02936909e+09
 1.02936914e+09 1.02936918e+09 1.02936922e+09 1.02936926e+09
 1.02936931e+09 1.02936935e+09 1.02936939e+09 1.02936943e+09
 1.02936948e+09 1.02936952e+09 1.02936956e+09 1.02936960e+09
 1.02936965e+09 1.02936969e+09 1.02936973e+09 1.02936977e+09
 1.02936982e+09 1.02936986e+09 1.02936990e+09 1.02936994e+09
 1.02936999e+09 1.02937003e+09 1.02937007e+09 1.02937011e+09
 1.02937016e+09 1.02937020e+09 1.02937024e+09 1.02937028e+09
 1.02937033e+09 1.02937037e+09 1.02937041e+09 1.02937045e+09
 1.02937049e+09 1.02937054e+09 1.02937058e+09 1.02937062e+09
 1.02937066e+09 1.02937071e+09 1.02937075e+09 1.02937079e+09
 1.02937083e+09 1.02937088e+09 1.02937092e+09 1.02937096e+09
 1.02937100e+09 1.02937105e+09 1.02937109e+09 1.02937113e+09
 1.02937117e+09 1.02937122e+09 1.02937126e+09 1.02937130e+09
 1.02937134e+09 1.02937139e+09 1.02937143e+09 1.02937147e+09
 1.02937151e+09 1.02937156e+09 1.02937160e+09 1.02937164e+09
 1.02937168e+09 1.02937173e+09 1.02937177e+09 1.02937181e+09
 1.02937185e+09 1.02937190e+09 1.02937194e+09 1.02937198e+09
 1.02937202e+09 1.02937207e+09 1.02937211e+09 1.02937215e+09
 1.02937219e+09 1.02937223e+09 1.02937228e+09 1.02937232e+09
 1.02937236e+09 1.02937240e+09 1.02937245e+09 1.02937249e+09
 1.02937253e+09 1.02937257e+09 1.02937262e+09 1.02937266e+09
 1.02937270e+09 1.02937274e+09 1.02937279e+09 1.02937283e+09
 1.02937287e+09 1.02937291e+09 1.02937296e+09 1.02937300e+09
 1.02937304e+09 1.02937308e+09 1.02937313e+09 1.02937317e+09
 1.02937321e+09 1.02937325e+09 1.02937330e+09 1.02937334e+09
 1.02937338e+09 1.02937342e+09 1.02937347e+09 1.02937351e+09
 1.02937355e+09 1.02937359e+09 1.02937364e+09 1.02937368e+09
 1.02937372e+09 1.02937376e+09 1.02937380e+09 1.02937385e+09
 1.02937389e+09 1.02937393e+09 1.02937397e+09 1.02937402e+09
 1.02937406e+09 1.02937410e+09 1.02937414e+09 1.02937419e+09
 1.02937423e+09 1.02937427e+09 1.02937431e+09 1.02937436e+09
 1.02937440e+09 1.02937444e+09 1.02937448e+09 1.02937453e+09
 1.02937457e+09 1.02937461e+09 1.02937465e+09 1.02937470e+09
 1.02937474e+09 1.02937478e+09 1.02937482e+09 1.02937487e+09
 1.02937491e+09 1.02937495e+09 1.02937499e+09 1.02937504e+09
 1.02937508e+09 1.02937512e+09 1.02937516e+09 1.02937521e+09
 1.02937525e+09 1.02937529e+09 1.02937533e+09 1.02937538e+09
 1.02937542e+09 1.02937546e+09 1.02937550e+09 1.02937554e+09
 1.02937559e+09 1.02937563e+09 1.02937567e+09 1.02937571e+09
 1.02937576e+09 1.02937580e+09 1.02937584e+09 1.02937588e+09
 1.02937593e+09 1.02937597e+09 1.02937601e+09 1.02937605e+09
 1.02937610e+09 1.02937614e+09 1.02937618e+09 1.02937622e+09
 1.02937627e+09 1.02937631e+09 1.02937635e+09 1.02937639e+09
 1.02937644e+09 1.02937648e+09 1.02937652e+09 1.02937656e+09
 1.02937661e+09 1.02937665e+09 1.02937669e+09 1.02937673e+09
 1.02937678e+09 1.02937682e+09 1.02937686e+09 1.02937690e+09
 1.02937695e+09 1.02937699e+09 1.02937703e+09 1.02937707e+09
 1.02937711e+09 1.02937716e+09 1.02937720e+09 1.02937724e+09
 1.02937728e+09 1.02937733e+09 1.02937737e+09 1.02937741e+09
 1.02937745e+09 1.02937750e+09 1.02937754e+09 1.02937758e+09
 1.02937762e+09 1.02937767e+09 1.02937771e+09 1.02937775e+09
 1.02937779e+09 1.02937784e+09 1.02937788e+09 1.02937792e+09
 1.02937796e+09 1.02937801e+09 1.02937805e+09 1.02937809e+09
 1.02937813e+09 1.02937818e+09 1.02937822e+09 1.02937826e+09
 1.02937830e+09 1.02937835e+09 1.02937839e+09 1.02937843e+09
 1.02937847e+09 1.02937852e+09 1.02937856e+09 1.02937860e+09
 1.02937864e+09 1.02937869e+09 1.02937873e+09 1.02937877e+09
 1.02937881e+09 1.02937885e+09 1.02937890e+09 1.02937894e+09
 1.02937898e+09 1.02937902e+09 1.02937907e+09 1.02937911e+09
 1.02937915e+09 1.02937919e+09 1.02937924e+09 1.02937928e+09
 1.02937932e+09 1.02937936e+09 1.02937941e+09 1.02937945e+09
 1.02937949e+09 1.02937953e+09 1.02937958e+09 1.02937962e+09
 1.02937966e+09 1.02937970e+09 1.02937975e+09 1.02937979e+09
 1.02937983e+09 1.02937987e+09 1.02937992e+09 1.02937996e+09
 1.02938000e+09 1.02938004e+09 1.02938009e+09 1.02938013e+09
 1.02938017e+09 1.02938021e+09 1.02938026e+09 1.02938030e+09
 1.02938034e+09 1.02938038e+09 1.02938043e+09 1.02938047e+09
 1.02938051e+09 1.02938055e+09 1.02938059e+09 1.02938064e+09
 1.02938068e+09 1.02938072e+09 1.02938076e+09 1.02938081e+09
 1.02938085e+09 1.02938089e+09 1.02938093e+09 1.02938098e+09
 1.02938102e+09 1.02938106e+09 1.02938110e+09 1.02938115e+09
 1.02938119e+09 1.02938123e+09 1.02938127e+09 1.02938132e+09
 1.02938136e+09 1.02938140e+09 1.02938144e+09 1.02938149e+09
 1.02938153e+09 1.02938157e+09 1.02938161e+09 1.02938166e+09
 1.02938170e+09 1.02938174e+09 1.02938178e+09 1.02938183e+09
 1.02938187e+09 1.02938191e+09 1.02938195e+09 1.02938200e+09
 1.02938204e+09 1.02938208e+09 1.02938212e+09 1.02938216e+09
 1.02938221e+09 1.02938225e+09 1.02938229e+09 1.02938233e+09
 1.02938238e+09 1.02938242e+09 1.02938246e+09 1.02938250e+09
 1.02938255e+09 1.02938259e+09 1.02938263e+09 1.02938267e+09
 1.02938272e+09 1.02938276e+09 1.02938280e+09 1.02938284e+09
 1.02938289e+09 1.02938293e+09 1.02938297e+09 1.02938301e+09
 1.02938306e+09 1.02938310e+09 1.02938314e+09 1.02938318e+09
 1.02938323e+09 1.02938327e+09 1.02938331e+09 1.02938335e+09
 1.02938340e+09 1.02938344e+09 1.02938348e+09 1.02938352e+09
 1.02938357e+09 1.02938361e+09 1.02938365e+09 1.02938369e+09
 1.02938374e+09 1.02938378e+09 1.02938382e+09 1.02938386e+09
 1.02938390e+09 1.02938395e+09 1.02938399e+09 1.02938403e+09
 1.02938407e+09 1.02938412e+09 1.02938416e+09 1.02938420e+09
 1.02938424e+09 1.02938429e+09 1.02938433e+09 1.02938437e+09
 1.02938441e+09 1.02938446e+09 1.02938450e+09 1.02938454e+09
 1.02938458e+09 1.02938463e+09 1.02938467e+09 1.02938471e+09
 1.02938475e+09 1.02938480e+09 1.02938484e+09 1.02938488e+09
 1.02938492e+09 1.02938497e+09 1.02938501e+09 1.02938505e+09
 1.02938509e+09 1.02938514e+09 1.02938518e+09 1.02938522e+09
 1.02938526e+09 1.02938531e+09 1.02938535e+09 1.02938539e+09
 1.02938543e+09 1.02938547e+09 1.02938552e+09 1.02938556e+09
 1.02938560e+09 1.02938564e+09 1.02938569e+09 1.02938573e+09
 1.02938577e+09 1.02938581e+09 1.02938586e+09 1.02938590e+09
 1.02938594e+09 1.02938598e+09 1.02938603e+09 1.02938607e+09
 1.02938611e+09 1.02938615e+09 1.02938620e+09 1.02938624e+09
 1.02938628e+09 1.02938632e+09 1.02938637e+09 1.02938641e+09
 1.02938645e+09 1.02938649e+09 1.02938654e+09 1.02938658e+09
 1.02938662e+09 1.02938666e+09 1.02938671e+09 1.02938675e+09
 1.02938679e+09 1.02938683e+09 1.02938688e+09 1.02938692e+09
 1.02938696e+09 1.02938700e+09 1.02938705e+09 1.02938709e+09
 1.02938713e+09 1.02938717e+09 1.02938721e+09 1.02938726e+09
 1.02938730e+09 1.02938734e+09 1.02938738e+09 1.02938743e+09
 1.02938747e+09 1.02938751e+09 1.02938755e+09 1.02938760e+09
 1.02938764e+09 1.02938768e+09 1.02938772e+09 1.02938777e+09
 1.02938781e+09 1.02938785e+09 1.02938789e+09 1.02938794e+09
 1.02938798e+09 1.02938802e+09 1.02938806e+09 1.02938811e+09
 1.02938815e+09 1.02938819e+09 1.02938823e+09 1.02938828e+09
 1.02938832e+09 1.02938836e+09 1.02938840e+09 1.02938845e+09
 1.02938849e+09 1.02938853e+09 1.02938857e+09 1.02938862e+09
 1.02938866e+09 1.02938870e+09 1.02938874e+09 1.02938878e+09
 1.02938883e+09 1.02938887e+09 1.02938891e+09 1.02938895e+09
 1.02938900e+09 1.02938904e+09 1.02938908e+09 1.02938912e+09
 1.02938917e+09 1.02938921e+09 1.02938925e+09 1.02938929e+09
 1.02938934e+09 1.02938938e+09 1.02938942e+09 1.02938946e+09
 1.02938951e+09 1.02938955e+09 1.02938959e+09 1.02938963e+09
 1.02938968e+09 1.02938972e+09 1.02938976e+09 1.02938980e+09
 1.02938985e+09 1.02938989e+09 1.02938993e+09 1.02938997e+09
 1.02939002e+09 1.02939006e+09 1.02939010e+09 1.02939014e+09
 1.02939019e+09 1.02939023e+09 1.02939027e+09 1.02939031e+09
 1.02939036e+09 1.02939040e+09 1.02939044e+09 1.02939048e+09
 1.02939052e+09 1.02939057e+09 1.02939061e+09 1.02939065e+09
 1.02939069e+09 1.02939074e+09 1.02939078e+09 1.02939082e+09
 1.02939086e+09 1.02939091e+09 1.02939095e+09 1.02939099e+09
 1.02939103e+09 1.02939108e+09 1.02939112e+09 1.02939116e+09
 1.02939120e+09 1.02939125e+09 1.02939129e+09 1.02939133e+09
 1.02939137e+09 1.02939142e+09 1.02939146e+09 1.02939150e+09
 1.02939154e+09 1.02939159e+09 1.02939163e+09 1.02939167e+09
 1.02939171e+09 1.02939176e+09 1.02939180e+09 1.02939184e+09
 1.02939188e+09 1.02939193e+09 1.02939197e+09 1.02939201e+09
 1.02939205e+09 1.02939209e+09 1.02939214e+09 1.02939218e+09
 1.02939222e+09 1.02939226e+09 1.02939231e+09 1.02939235e+09
 1.02939239e+09 1.02939243e+09 1.02939248e+09 1.02939252e+09
 1.02939256e+09 1.02939260e+09 1.02939265e+09 1.02939269e+09
 1.02939273e+09 1.02939277e+09 1.02939282e+09 1.02939286e+09
 1.02939290e+09 1.02939294e+09 1.02939299e+09 1.02939303e+09
 1.02939307e+09 1.02939311e+09 1.02939316e+09 1.02939320e+09
 1.02939324e+09 1.02939328e+09 1.02939333e+09 1.02939337e+09
 1.02939341e+09 1.02939345e+09 1.02939350e+09 1.02939354e+09
 1.02939358e+09 1.02939362e+09 1.02939367e+09 1.02939371e+09
 1.02939375e+09 1.02939379e+09 1.02939383e+09 1.02939388e+09
 1.02939392e+09 1.02939396e+09 1.02939400e+09 1.02939405e+09
 1.02939409e+09 1.02939413e+09 1.02939417e+09 1.02939422e+09
 1.02939426e+09 1.02939430e+09 1.02939434e+09 1.02939439e+09
 1.02939443e+09 1.02939447e+09 1.02939451e+09 1.02939456e+09
 1.02939460e+09 1.02939464e+09 1.02939468e+09 1.02939473e+09
 1.02939477e+09 1.02939481e+09 1.02939485e+09 1.02939490e+09
 1.02939494e+09 1.02939498e+09 1.02939502e+09 1.02939507e+09
 1.02939511e+09 1.02939515e+09 1.02939519e+09 1.02939524e+09
 1.02939528e+09 1.02939532e+09 1.02939536e+09 1.02939540e+09
 1.02939545e+09 1.02939549e+09 1.02939553e+09 1.02939557e+09
 1.02939562e+09 1.02939566e+09 1.02939570e+09 1.02939574e+09
 1.02939579e+09 1.02939583e+09 1.02939587e+09 1.02939591e+09
 1.02939596e+09 1.02939600e+09 1.02939604e+09 1.02939608e+09
 1.02939613e+09 1.02939617e+09 1.02939621e+09 1.02939625e+09
 1.02939630e+09 1.02939634e+09 1.02939638e+09 1.02939642e+09
 1.02939647e+09 1.02939651e+09 1.02939655e+09 1.02939659e+09
 1.02939664e+09 1.02939668e+09 1.02939672e+09 1.02939676e+09
 1.02939681e+09 1.02939685e+09 1.02939689e+09 1.02939693e+09
 1.02939698e+09 1.02939702e+09 1.02939706e+09 1.02939710e+09
 1.02939714e+09 1.02939719e+09 1.02939723e+09 1.02939727e+09
 1.02939731e+09 1.02939736e+09 1.02939740e+09 1.02939744e+09
 1.02939748e+09 1.02939753e+09 1.02939757e+09 1.02939761e+09
 1.02939765e+09 1.02939770e+09 1.02939774e+09 1.02939778e+09
 1.02939782e+09 1.02939787e+09 1.02939791e+09 1.02939795e+09
 1.02939799e+09 1.02939804e+09 1.02939808e+09 1.02939812e+09
 1.02939816e+09 1.02939821e+09 1.02939825e+09 1.02939829e+09
 1.02939833e+09 1.02939838e+09 1.02939842e+09 1.02939846e+09
 1.02939850e+09 1.02939855e+09 1.02939859e+09 1.02939863e+09
 1.02939867e+09 1.02939872e+09 1.02939876e+09 1.02939880e+09
 1.02939884e+09 1.02939888e+09 1.02939893e+09 1.02939897e+09
 1.02939901e+09 1.02939905e+09 1.02939910e+09 1.02939914e+09
 1.02939918e+09 1.02939922e+09 1.02939927e+09 1.02939931e+09
 1.02939935e+09 1.02939939e+09 1.02939944e+09 1.02939948e+09
 1.02939952e+09 1.02939956e+09 1.02939961e+09 1.02939965e+09
 1.02939969e+09 1.02939973e+09 1.02939978e+09 1.02939982e+09
 1.02939986e+09 1.02939990e+09 1.02939995e+09 1.02939999e+09
 1.02940003e+09 1.02940007e+09 1.02940012e+09 1.02940016e+09
 1.02940020e+09 1.02940024e+09 1.02940029e+09 1.02940033e+09
 1.02940037e+09 1.02940041e+09 1.02940045e+09 1.02940050e+09
 1.02940054e+09 1.02940058e+09 1.02940062e+09 1.02940067e+09
 1.02940071e+09 1.02940075e+09 1.02940079e+09 1.02940084e+09
 1.02940088e+09 1.02940092e+09 1.02940096e+09 1.02940101e+09
 1.02940105e+09 1.02940109e+09 1.02940113e+09 1.02940118e+09
 1.02940122e+09 1.02940126e+09 1.02940130e+09 1.02940135e+09
 1.02940139e+09 1.02940143e+09 1.02940147e+09 1.02940152e+09
 1.02940156e+09 1.02940160e+09 1.02940164e+09 1.02940169e+09
 1.02940173e+09 1.02940177e+09 1.02940181e+09 1.02940186e+09
 1.02940190e+09 1.02940194e+09 1.02940198e+09 1.02940203e+09
 1.02940207e+09 1.02940211e+09 1.02940215e+09 1.02940219e+09
 1.02940224e+09 1.02940228e+09 1.02940232e+09 1.02940236e+09
 1.02940241e+09 1.02940245e+09 1.02940249e+09 1.02940253e+09
 1.02940258e+09 1.02940262e+09 1.02940266e+09 1.02940270e+09
 1.02940275e+09 1.02940279e+09 1.02940283e+09 1.02940287e+09
 1.02940292e+09 1.02940296e+09 1.02940300e+09 1.02940304e+09
 1.02940309e+09 1.02940313e+09 1.02940317e+09 1.02940321e+09
 1.02940326e+09 1.02940330e+09 1.02940334e+09 1.02940338e+09
 1.02940343e+09 1.02940347e+09 1.02940351e+09 1.02940355e+09
 1.02940360e+09 1.02940364e+09 1.02940368e+09 1.02940372e+09
 1.02940376e+09 1.02940381e+09 1.02940385e+09 1.02940389e+09
 1.02940393e+09 1.02940398e+09 1.02940402e+09 1.02940406e+09
 1.02940410e+09 1.02940415e+09 1.02940419e+09 1.02940423e+09
 1.02940427e+09 1.02940432e+09 1.02940436e+09 1.02940440e+09
 1.02940444e+09 1.02940449e+09 1.02940453e+09 1.02940457e+09
 1.02940461e+09 1.02940466e+09 1.02940470e+09 1.02940474e+09
 1.02940478e+09 1.02940483e+09 1.02940487e+09 1.02940491e+09
 1.02940495e+09 1.02940500e+09 1.02940504e+09 1.02940508e+09
 1.02940512e+09 1.02940517e+09 1.02940521e+09 1.02940525e+09
 1.02940529e+09 1.02940534e+09 1.02940538e+09 1.02940542e+09]
minRes = 0.11302361354092373
minResTime =  [1.02940512e+09]
