name =JUICE_ROI_CAL_4_1_03
flyby =  ['2032 OCT 13 20:53:36', '2032 OCT 14 20:53:36']
Observation TW =  <SpiceCell dtype = 1, length = 0, size = 3000, card = 10, is_set = 1, adjust = 0, init = 1, base = 2554798467184, data = 2554798467232>
Res(t) =  [3.6401559  3.63665734 3.63315885 3.62966043 3.62616207 3.62266378
 3.61916555 3.61566739 3.61216929 3.60867126 3.60517329 3.60167538
 3.59817753 3.59467975 3.59118203 3.58768436 3.58418676 3.58068922
 3.57719174 3.57369431 3.57019694 3.56669964 3.56320238 3.55970519
 3.55620805 3.55271097 3.54921394 3.54571697 3.54222005 3.53872319
 3.53522638 3.53172962 3.52823292 3.52473626 3.52123966 3.51774311
 3.51424661 3.51075016 3.50725376 3.50375741 3.5002611  3.49676485
 3.49326864 3.48977248 3.48627637 3.4827803  3.47928428 3.4757883
 3.47229237 3.46879649 3.46530064 3.46180484 3.45830908 3.45481337
 3.45131769 3.44782206 3.44432647 3.44083092 3.43733541 3.43383994
 3.4303445  3.42684911 3.42335375 3.41985844 3.41636315 3.41286791
 3.4093727  3.40587753 3.40238239 3.39888728 3.39539221 3.39189718
 3.38840217 3.3849072  3.38141226 3.37791736 3.37442248 3.37092764
 3.36743282 3.36393804 3.36044328 3.35694856 3.35345386 3.34995919
 3.34646455 3.34296993 3.33947534 3.33598078 3.33248624 3.32899173
 3.32549724 3.32200278 3.31850834 3.31501392 3.31151953 3.30802515
 3.3045308  3.30103647 3.29754216 3.29404787 3.2905536  3.28705936
 3.28356512 3.28007091 3.27657672 3.27308254 3.26958838 3.26609423
 3.26260011 3.25910599 3.2556119  3.25211781 3.24862374 3.24512969
 3.24163565 3.23814162 3.2346476  3.23115359 3.2276596  3.22416562
 3.22067164 3.21717768 3.21368372 3.21018978 3.20669584 3.20320191
 3.19970799 3.19621407 3.19272016 3.18922626 3.18573236 3.18223847
 3.17874458 3.1752507  3.17175682 3.16826294 3.16476907 3.1612752
 3.15778133 3.15428746 3.15079359 3.14729972 3.14380585 3.14031198
 3.13681811 3.13332424 3.12983037 3.12633649 3.12284261 3.11934873
 3.11585484 3.11236095 3.10886706 3.10537316 3.10187925 3.09838534
 3.09489142 3.09139749 3.08790355 3.08440961 3.08091566 3.0774217
 3.07392773 3.07043375 3.06693976 3.06344575 3.05995174 3.05645771
 3.05296368 3.04946963 3.04597556 3.04248148 3.03898739 3.03549328
 3.03199916 3.02850502 3.02501087 3.0215167  3.01802251 3.01452831
 3.01103408 3.00753984 3.00404558 3.0005513  2.997057   2.99356268
 2.99006834 2.98657397 2.98307959 2.97958518 2.97609075 2.9725963
 2.96910182 2.96560732 2.9621128  2.95861825 2.95512367 2.95162907
 2.94813444 2.94463979 2.94114511 2.9376504  2.93415566 2.93066089
 2.9271661  2.92367127 2.92017641 2.91668153 2.91318661 2.90969166
 2.90619668 2.90270166 2.89920662 2.89571154 2.89221642 2.88872127
 2.88522609 2.88173087 2.87823562 2.87474033 2.871245   2.86774964
 2.86425423 2.86075879 2.85726332 2.8537678  2.85027224 2.84677664
 2.84328101 2.83978533 2.83628961 2.83279385 2.82929805 2.8258022
 2.82230631 2.81881038 2.8153144  2.81181838 2.80832231 2.8048262
 2.80133005 2.79783384 2.79433759 2.79084129 2.78734495 2.78384855
 2.78035211 2.77685562 2.77335908 2.76986249 2.76636585 2.76286915
 2.75937241 2.75587561 2.75237876 2.74888186 2.74538491 2.7418879
 2.73839084 2.73489372 2.73139655 2.72789932 2.72440204 2.7209047
 2.7174073  2.71390984 2.71041233 2.70691476 2.70341713 2.69991944
 2.6964217  2.69292389 2.68942602 2.68592809 2.6824301  2.67893204
 2.67543393 2.67193575 2.66843751 2.6649392  2.66144083 2.65794239
 2.65444389 2.65094533 2.6474467  2.643948   2.64044923 2.6369504
 2.6334515  2.62995253 2.62645349 2.62295439 2.61945521 2.61595596
 2.61245665 2.60895726 2.6054578  2.60195827 2.59845866 2.59495899
 2.59145923 2.58795941 2.58445951 2.58095954 2.57745949 2.57395937
 2.57045917 2.56695889 2.56345854 2.55995811 2.5564576  2.55295701
 2.54945634 2.5459556  2.54245477 2.53895387 2.53545288 2.53195182
 2.52845067 2.52494944 2.52144813 2.51794673 2.51444525 2.51094369
 2.50744205 2.50394032 2.5004385  2.4969366  2.49343461 2.48993254
 2.48643038 2.48292813 2.47942579 2.47592337 2.47242086 2.46891825
 2.46541556 2.46191278 2.45840991 2.45490695 2.45140389 2.44790075
 2.44439751 2.44089418 2.43739076 2.43388724 2.43038363 2.42687992
 2.42337612 2.41987222 2.41636823 2.41286414 2.40935996 2.40585568
 2.4023513  2.39884682 2.39534224 2.39183757 2.38833279 2.38482792
 2.38132294 2.37781787 2.37431269 2.37080741 2.36730203 2.36379655
 2.36029096 2.35678527 2.35327948 2.34977358 2.34626758 2.34276148
 2.33925526 2.33574894 2.33224252 2.32873599 2.32522935 2.3217226
 2.31821575 2.31470878 2.31120171 2.30769453 2.30418723 2.30067983
 2.29717232 2.29366469 2.29015695 2.2866491  2.28314114 2.27963307
 2.27612488 2.27261658 2.26910816 2.26559963 2.26209098 2.25858222
 2.25507334 2.25156434 2.24805523 2.244546   2.24103665 2.23752719
 2.2340176  2.2305079  2.22699807 2.22348813 2.21997807 2.21646788
 2.21295757 2.20944714 2.20593659 2.20242592 2.19891512 2.1954042
 2.19189316 2.18838199 2.1848707  2.18135928 2.17784774 2.17433606
 2.17082427 2.16731234 2.16380029 2.16028811 2.15677581 2.15326337
 2.1497508  2.14623811 2.14272528 2.13921233 2.13569924 2.13218602
 2.12867267 2.12515919 2.12164558 2.11813183 2.11461795 2.11110393
 2.10758978 2.1040755  2.10056108 2.09704653 2.09353183 2.09001701
 2.08650204 2.08298694 2.0794717  2.07595632 2.07244081 2.06892515
 2.06540936 2.06189342 2.05837735 2.05486113 2.05134478 2.04782828
 2.04431164 2.04079486 2.03727793 2.03376086 2.03024365 2.0267263
 2.02320879 2.01969115 2.01617336 2.01265542 2.00913734 2.00561911
 2.00210073 1.99858221 1.99506354 1.99154472 1.98802575 1.98450663
 1.98098736 1.97746794 1.97394838 1.97042866 1.96690879 1.96338876
 1.95986859 1.95634827 1.95282779 1.94930715 1.94578637 1.94226543
 1.93874433 1.93522308 1.93170168 1.92818012 1.9246584  1.92113653
 1.9176145  1.91409231 1.91056997 1.90704746 1.9035248  1.90000198
 1.896479   1.89295586 1.88943256 1.8859091  1.88238547 1.87886169
 1.87533774 1.87181364 1.86828937 1.86476493 1.86124034 1.85771557
 1.85419065 1.85066556 1.8471403  1.84361488 1.8400893  1.83656354
 1.83303762 1.82951154 1.82598528 1.82245886 1.81893227 1.81540551
 1.81187859 1.80835149 1.80482422 1.80129678 1.79776918 1.7942414
 1.79071345 1.78718532 1.78365703 1.78012856 1.77659992 1.77307111
 1.76954212 1.76601296 1.76248362 1.75895411 1.75542443 1.75189456
 1.74836453 1.74483431 1.74130392 1.73777335 1.73424261 1.73071168
 1.72718058 1.7236493  1.72011784 1.7165862  1.71305438 1.70952238
 1.7059902  1.70245784 1.69892529 1.69539257 1.69185966 1.68832657
 1.6847933  1.68125984 1.67772621 1.67419238 1.67065837 1.66712418
 1.6635898  1.66005524 1.65652049 1.65298556 1.64945044 1.64591513
 1.64237963 1.63884395 1.63530808 1.63177202 1.62823577 1.62469933
 1.62116271 1.61762589 1.61408889 1.61055169 1.6070143  1.60347672
 1.59993895 1.59640099 1.59286283 1.58932449 1.58578595 1.58224721
 1.57870829 1.57516917 1.57162985 1.56809034 1.56455064 1.56101074
 1.55747064 1.55393035 1.55038987 1.54684918 1.5433083  1.53976722
 1.53622595 1.53268447 1.5291428  1.52560093 1.52205886 1.51851659
 1.51497412 1.51143146 1.50788859 1.50434552 1.50080225 1.49725878
 1.49371511 1.49017124 1.48662716 1.48308288 1.4795384  1.47599372
 1.47244883 1.46890374 1.46535845 1.46181295 1.45826725 1.45472134
 1.45117523 1.44762892 1.44408239 1.44053567 1.43698873 1.43344159
 1.42989424 1.42634669 1.42279893 1.41925096 1.41570278 1.4121544
 1.40860581 1.405057   1.40150799 1.39795878 1.39440935 1.39085971
 1.38730986 1.3837598  1.38020954 1.37665906 1.37310837 1.36955747
 1.36600636 1.36245504 1.3589035  1.35535176 1.3517998  1.34824763
 1.34469524 1.34114265 1.33758984 1.33403682 1.33048358 1.32693013
 1.32337647 1.31982259 1.3162685  1.3127142  1.30915968 1.30560494
 1.30205    1.29849483 1.29493945 1.29138386 1.28782805 1.28427202
 1.28071578 1.27715932 1.27360264 1.27004575 1.26648865 1.26293132
 1.25937378 1.25581602 1.25225805 1.24869986 1.24514145 1.24158282
 1.23802398 1.23446492 1.23090564 1.22734614 1.22378643 1.2202265
 1.21666635 1.21310598 1.20954539 1.20598459 1.20242357 1.19886233
 1.19530087 1.19173919 1.18817729 1.18461518 1.18105285 1.17749029
 1.17392752 1.17036454 1.16680133 1.1632379  1.15967426 1.1561104
 1.15254632 1.14898202 1.1454175  1.14185277 1.13828782 1.13472265
 1.13115726 1.12759165 1.12402582 1.12045978 1.11689352 1.11332704
 1.10976035 1.10619344 1.10262631 1.09905896 1.0954914  1.09192362
 1.08835562 1.08478741 1.08121898 1.07765034 1.07408148 1.0705124
 1.06694311 1.06337361 1.05980389 1.05623395 1.0526638  1.04909344
 1.04552287 1.04195208 1.03838108 1.03480986 1.03123844 1.0276668
 1.02409495 1.02052289 1.01695062 1.01337814 1.00980545 1.00623255
 1.00265945 0.99908613 0.99551261 0.99193888 0.98836494 0.9847908
 0.98121645 0.97764189 0.97406714 0.97049218 0.96691701 0.96334164
 0.95976608 0.95619031 0.95261434 0.94903817 0.9454618  0.94188523
 0.93830847 0.93473151 0.93115436 0.92757701 0.92399947 0.92042173
 0.91684381 0.91326569 0.90968738 0.90610888 0.9025302  0.89895133
 0.89537228 0.89179304 0.88821361 0.88463401 0.88105422 0.87747426
 0.87389411 0.87031379 0.8667333  0.86315263 0.85957179 0.85599077
 0.85240959 0.84882824 0.84524673 0.84166504 0.8380832  0.83450119
 0.83091903 0.82733671 0.82375423 0.82017159 0.81658881 0.81300587
 0.80942279 0.80583956 0.80225619 0.79867268 0.79508903 0.79150524
 0.78792131 0.78433726 0.78075307 0.77716876 0.77358432 0.76999976
 0.76641509 0.76283029 0.75924539 0.75566037 0.75207525 0.74849002
 0.7449047  0.74131927 0.73773375 0.73414815 0.73056245 0.72697667
 0.72339081 0.71980488 0.71621888 0.7126328  0.70904667 0.70546048
 0.70187423 0.69828793 0.69470159 0.6911152  0.68752878 0.68394233
 0.68035585 0.67676936 0.67318285 0.66959633 0.6660098  0.66242328
 0.65883677 0.65525027 0.6516638  0.64807735 0.64449093 0.64090456
 0.63731824 0.63373197 0.63014577 0.62655963 0.62297358 0.61938762
 0.61580175 0.61184695 0.60825977 0.6046727  0.60108574 0.5974989
 0.5939122  0.59032565 0.58673925 0.58315301 0.57956695 0.57598108
 0.57239541 0.56880995 0.56522471 0.56163971 0.55805495 0.55447046
 0.55088625 0.54730233 0.54371871 0.54013542 0.53655246 0.53296986
 0.52938762 0.52580578 0.52222434 0.51864333 0.51506276 0.51148265
 0.50790303 0.50432391 0.50074533 0.49716729 0.49358983 0.49001297
 0.48643673 0.48286115 0.47928624 0.47571204 0.47213858 0.46856588
 0.46499398 0.46142292 0.45785271 0.45428341 0.45071505 0.44714766
 0.44358128 0.44001596 0.43645174 0.43288867 0.42932678 0.42576614
 0.42220678 0.41864876 0.41509214 0.41153698 0.40798332 0.40443125
 0.40088081 0.39733208 0.39378513 0.39024003 0.38669686 0.3831557
 0.37961665 0.37607977 0.37254517 0.36901296 0.36548321 0.36195606
 0.35843161 0.35490997 0.35139127 0.34787566 0.34436325 0.3408542
 0.33734866 0.3338468  0.33034878 0.32685479 0.32336501 0.31987965
 0.31639893 0.31292306 0.30945228 0.30598686 0.30252706 0.29907317
 0.2956255  0.29218437 0.28875013 0.28532314 0.28190381 0.27849255
 0.27508983 0.27169612 0.26831194 0.26493786 0.26157447 0.25822243
 0.25488243 0.25155523 0.24824165 0.24494256 0.24165894 0.23839182
 0.23514234 0.23191175 0.22870139 0.22551277 0.22234751 0.2192074
 0.21609444 0.2130108  0.20995894 0.20694154 0.20396162 0.20102257
 0.19812817 0.1952827  0.19249099 0.18975853 0.18709161 0.1844974
 0.18198422 0.17956168 0.17724101 0.17503542 0.17296051 0.17103497
 0.16928126 0.16772675 0.16640518 0.16535862 0.16464038 0.16431917
 0.16448531 0.16526039 0.16681265 0.16938295]
t =  [1.03458569e+09 1.03458573e+09 1.03458577e+09 1.03458581e+09
 1.03458585e+09 1.03458590e+09 1.03458594e+09 1.03458598e+09
 1.03458602e+09 1.03458606e+09 1.03458611e+09 1.03458615e+09
 1.03458619e+09 1.03458623e+09 1.03458627e+09 1.03458632e+09
 1.03458636e+09 1.03458640e+09 1.03458644e+09 1.03458648e+09
 1.03458653e+09 1.03458657e+09 1.03458661e+09 1.03458665e+09
 1.03458670e+09 1.03458674e+09 1.03458678e+09 1.03458682e+09
 1.03458686e+09 1.03458691e+09 1.03458695e+09 1.03458699e+09
 1.03458703e+09 1.03458707e+09 1.03458712e+09 1.03458716e+09
 1.03458720e+09 1.03458724e+09 1.03458728e+09 1.03458733e+09
 1.03458737e+09 1.03458741e+09 1.03458745e+09 1.03458750e+09
 1.03458754e+09 1.03458758e+09 1.03458762e+09 1.03458766e+09
 1.03458771e+09 1.03458775e+09 1.03458779e+09 1.03458783e+09
 1.03458787e+09 1.03458792e+09 1.03458796e+09 1.03458800e+09
 1.03458804e+09 1.03458808e+09 1.03458813e+09 1.03458817e+09
 1.03458821e+09 1.03458825e+09 1.03458830e+09 1.03458834e+09
 1.03458838e+09 1.03458842e+09 1.03458846e+09 1.03458851e+09
 1.03458855e+09 1.03458859e+09 1.03458863e+09 1.03458867e+09
 1.03458872e+09 1.03458876e+09 1.03458880e+09 1.03458884e+09
 1.03458888e+09 1.03458893e+09 1.03458897e+09 1.03458901e+09
 1.03458905e+09 1.03458909e+09 1.03458914e+09 1.03458918e+09
 1.03458922e+09 1.03458926e+09 1.03458931e+09 1.03458935e+09
 1.03458939e+09 1.03458943e+09 1.03458947e+09 1.03458952e+09
 1.03458956e+09 1.03458960e+09 1.03458964e+09 1.03458968e+09
 1.03458973e+09 1.03458977e+09 1.03458981e+09 1.03458985e+09
 1.03458989e+09 1.03458994e+09 1.03458998e+09 1.03459002e+09
 1.03459006e+09 1.03459011e+09 1.03459015e+09 1.03459019e+09
 1.03459023e+09 1.03459027e+09 1.03459032e+09 1.03459036e+09
 1.03459040e+09 1.03459044e+09 1.03459048e+09 1.03459053e+09
 1.03459057e+09 1.03459061e+09 1.03459065e+09 1.03459069e+09
 1.03459074e+09 1.03459078e+09 1.03459082e+09 1.03459086e+09
 1.03459090e+09 1.03459095e+09 1.03459099e+09 1.03459103e+09
 1.03459107e+09 1.03459112e+09 1.03459116e+09 1.03459120e+09
 1.03459124e+09 1.03459128e+09 1.03459133e+09 1.03459137e+09
 1.03459141e+09 1.03459145e+09 1.03459149e+09 1.03459154e+09
 1.03459158e+09 1.03459162e+09 1.03459166e+09 1.03459170e+09
 1.03459175e+09 1.03459179e+09 1.03459183e+09 1.03459187e+09
 1.03459192e+09 1.03459196e+09 1.03459200e+09 1.03459204e+09
 1.03459208e+09 1.03459213e+09 1.03459217e+09 1.03459221e+09
 1.03459225e+09 1.03459229e+09 1.03459234e+09 1.03459238e+09
 1.03459242e+09 1.03459246e+09 1.03459250e+09 1.03459255e+09
 1.03459259e+09 1.03459263e+09 1.03459267e+09 1.03459271e+09
 1.03459276e+09 1.03459280e+09 1.03459284e+09 1.03459288e+09
 1.03459293e+09 1.03459297e+09 1.03459301e+09 1.03459305e+09
 1.03459309e+09 1.03459314e+09 1.03459318e+09 1.03459322e+09
 1.03459326e+09 1.03459330e+09 1.03459335e+09 1.03459339e+09
 1.03459343e+09 1.03459347e+09 1.03459351e+09 1.03459356e+09
 1.03459360e+09 1.03459364e+09 1.03459368e+09 1.03459373e+09
 1.03459377e+09 1.03459381e+09 1.03459385e+09 1.03459389e+09
 1.03459394e+09 1.03459398e+09 1.03459402e+09 1.03459406e+09
 1.03459410e+09 1.03459415e+09 1.03459419e+09 1.03459423e+09
 1.03459427e+09 1.03459431e+09 1.03459436e+09 1.03459440e+09
 1.03459444e+09 1.03459448e+09 1.03459453e+09 1.03459457e+09
 1.03459461e+09 1.03459465e+09 1.03459469e+09 1.03459474e+09
 1.03459478e+09 1.03459482e+09 1.03459486e+09 1.03459490e+09
 1.03459495e+09 1.03459499e+09 1.03459503e+09 1.03459507e+09
 1.03459511e+09 1.03459516e+09 1.03459520e+09 1.03459524e+09
 1.03459528e+09 1.03459532e+09 1.03459537e+09 1.03459541e+09
 1.03459545e+09 1.03459549e+09 1.03459554e+09 1.03459558e+09
 1.03459562e+09 1.03459566e+09 1.03459570e+09 1.03459575e+09
 1.03459579e+09 1.03459583e+09 1.03459587e+09 1.03459591e+09
 1.03459596e+09 1.03459600e+09 1.03459604e+09 1.03459608e+09
 1.03459612e+09 1.03459617e+09 1.03459621e+09 1.03459625e+09
 1.03459629e+09 1.03459634e+09 1.03459638e+09 1.03459642e+09
 1.03459646e+09 1.03459650e+09 1.03459655e+09 1.03459659e+09
 1.03459663e+09 1.03459667e+09 1.03459671e+09 1.03459676e+09
 1.03459680e+09 1.03459684e+09 1.03459688e+09 1.03459692e+09
 1.03459697e+09 1.03459701e+09 1.03459705e+09 1.03459709e+09
 1.03459713e+09 1.03459718e+09 1.03459722e+09 1.03459726e+09
 1.03459730e+09 1.03459735e+09 1.03459739e+09 1.03459743e+09
 1.03459747e+09 1.03459751e+09 1.03459756e+09 1.03459760e+09
 1.03459764e+09 1.03459768e+09 1.03459772e+09 1.03459777e+09
 1.03459781e+09 1.03459785e+09 1.03459789e+09 1.03459793e+09
 1.03459798e+09 1.03459802e+09 1.03459806e+09 1.03459810e+09
 1.03459815e+09 1.03459819e+09 1.03459823e+09 1.03459827e+09
 1.03459831e+09 1.03459836e+09 1.03459840e+09 1.03459844e+09
 1.03459848e+09 1.03459852e+09 1.03459857e+09 1.03459861e+09
 1.03459865e+09 1.03459869e+09 1.03459873e+09 1.03459878e+09
 1.03459882e+09 1.03459886e+09 1.03459890e+09 1.03459894e+09
 1.03459899e+09 1.03459903e+09 1.03459907e+09 1.03459911e+09
 1.03459916e+09 1.03459920e+09 1.03459924e+09 1.03459928e+09
 1.03459932e+09 1.03459937e+09 1.03459941e+09 1.03459945e+09
 1.03459949e+09 1.03459953e+09 1.03459958e+09 1.03459962e+09
 1.03459966e+09 1.03459970e+09 1.03459974e+09 1.03459979e+09
 1.03459983e+09 1.03459987e+09 1.03459991e+09 1.03459996e+09
 1.03460000e+09 1.03460004e+09 1.03460008e+09 1.03460012e+09
 1.03460017e+09 1.03460021e+09 1.03460025e+09 1.03460029e+09
 1.03460033e+09 1.03460038e+09 1.03460042e+09 1.03460046e+09
 1.03460050e+09 1.03460054e+09 1.03460059e+09 1.03460063e+09
 1.03460067e+09 1.03460071e+09 1.03460076e+09 1.03460080e+09
 1.03460084e+09 1.03460088e+09 1.03460092e+09 1.03460097e+09
 1.03460101e+09 1.03460105e+09 1.03460109e+09 1.03460113e+09
 1.03460118e+09 1.03460122e+09 1.03460126e+09 1.03460130e+09
 1.03460134e+09 1.03460139e+09 1.03460143e+09 1.03460147e+09
 1.03460151e+09 1.03460155e+09 1.03460160e+09 1.03460164e+09
 1.03460168e+09 1.03460172e+09 1.03460177e+09 1.03460181e+09
 1.03460185e+09 1.03460189e+09 1.03460193e+09 1.03460198e+09
 1.03460202e+09 1.03460206e+09 1.03460210e+09 1.03460214e+09
 1.03460219e+09 1.03460223e+09 1.03460227e+09 1.03460231e+09
 1.03460235e+09 1.03460240e+09 1.03460244e+09 1.03460248e+09
 1.03460252e+09 1.03460257e+09 1.03460261e+09 1.03460265e+09
 1.03460269e+09 1.03460273e+09 1.03460278e+09 1.03460282e+09
 1.03460286e+09 1.03460290e+09 1.03460294e+09 1.03460299e+09
 1.03460303e+09 1.03460307e+09 1.03460311e+09 1.03460315e+09
 1.03460320e+09 1.03460324e+09 1.03460328e+09 1.03460332e+09
 1.03460336e+09 1.03460341e+09 1.03460345e+09 1.03460349e+09
 1.03460353e+09 1.03460358e+09 1.03460362e+09 1.03460366e+09
 1.03460370e+09 1.03460374e+09 1.03460379e+09 1.03460383e+09
 1.03460387e+09 1.03460391e+09 1.03460395e+09 1.03460400e+09
 1.03460404e+09 1.03460408e+09 1.03460412e+09 1.03460416e+09
 1.03460421e+09 1.03460425e+09 1.03460429e+09 1.03460433e+09
 1.03460438e+09 1.03460442e+09 1.03460446e+09 1.03460450e+09
 1.03460454e+09 1.03460459e+09 1.03460463e+09 1.03460467e+09
 1.03460471e+09 1.03460475e+09 1.03460480e+09 1.03460484e+09
 1.03460488e+09 1.03460492e+09 1.03460496e+09 1.03460501e+09
 1.03460505e+09 1.03460509e+09 1.03460513e+09 1.03460517e+09
 1.03460522e+09 1.03460526e+09 1.03460530e+09 1.03460534e+09
 1.03460539e+09 1.03460543e+09 1.03460547e+09 1.03460551e+09
 1.03460555e+09 1.03460560e+09 1.03460564e+09 1.03460568e+09
 1.03460572e+09 1.03460576e+09 1.03460581e+09 1.03460585e+09
 1.03460589e+09 1.03460593e+09 1.03460597e+09 1.03460602e+09
 1.03460606e+09 1.03460610e+09 1.03460614e+09 1.03460619e+09
 1.03460623e+09 1.03460627e+09 1.03460631e+09 1.03460635e+09
 1.03460640e+09 1.03460644e+09 1.03460648e+09 1.03460652e+09
 1.03460656e+09 1.03460661e+09 1.03460665e+09 1.03460669e+09
 1.03460673e+09 1.03460677e+09 1.03460682e+09 1.03460686e+09
 1.03460690e+09 1.03460694e+09 1.03460699e+09 1.03460703e+09
 1.03460707e+09 1.03460711e+09 1.03460715e+09 1.03460720e+09
 1.03460724e+09 1.03460728e+09 1.03460732e+09 1.03460736e+09
 1.03460741e+09 1.03460745e+09 1.03460749e+09 1.03460753e+09
 1.03460757e+09 1.03460762e+09 1.03460766e+09 1.03460770e+09
 1.03460774e+09 1.03460778e+09 1.03460783e+09 1.03460787e+09
 1.03460791e+09 1.03460795e+09 1.03460800e+09 1.03460804e+09
 1.03460808e+09 1.03460812e+09 1.03460816e+09 1.03460821e+09
 1.03460825e+09 1.03460829e+09 1.03460833e+09 1.03460837e+09
 1.03460842e+09 1.03460846e+09 1.03460850e+09 1.03460854e+09
 1.03460858e+09 1.03460863e+09 1.03460867e+09 1.03460871e+09
 1.03460875e+09 1.03460880e+09 1.03460884e+09 1.03460888e+09
 1.03460892e+09 1.03460896e+09 1.03460901e+09 1.03460905e+09
 1.03460909e+09 1.03460913e+09 1.03460917e+09 1.03460922e+09
 1.03460926e+09 1.03460930e+09 1.03460934e+09 1.03460938e+09
 1.03460943e+09 1.03460947e+09 1.03460951e+09 1.03460955e+09
 1.03460959e+09 1.03460964e+09 1.03460968e+09 1.03460972e+09
 1.03460976e+09 1.03460981e+09 1.03460985e+09 1.03460989e+09
 1.03460993e+09 1.03460997e+09 1.03461002e+09 1.03461006e+09
 1.03461010e+09 1.03461014e+09 1.03461018e+09 1.03461023e+09
 1.03461027e+09 1.03461031e+09 1.03461035e+09 1.03461039e+09
 1.03461044e+09 1.03461048e+09 1.03461052e+09 1.03461056e+09
 1.03461061e+09 1.03461065e+09 1.03461069e+09 1.03461073e+09
 1.03461077e+09 1.03461082e+09 1.03461086e+09 1.03461090e+09
 1.03461094e+09 1.03461098e+09 1.03461103e+09 1.03461107e+09
 1.03461111e+09 1.03461115e+09 1.03461119e+09 1.03461124e+09
 1.03461128e+09 1.03461132e+09 1.03461136e+09 1.03461140e+09
 1.03461145e+09 1.03461149e+09 1.03461153e+09 1.03461157e+09
 1.03461162e+09 1.03461166e+09 1.03461170e+09 1.03461174e+09
 1.03461178e+09 1.03461183e+09 1.03461187e+09 1.03461191e+09
 1.03461195e+09 1.03461199e+09 1.03461204e+09 1.03461208e+09
 1.03461212e+09 1.03461216e+09 1.03461220e+09 1.03461225e+09
 1.03461229e+09 1.03461233e+09 1.03461237e+09 1.03461242e+09
 1.03461246e+09 1.03461250e+09 1.03461254e+09 1.03461258e+09
 1.03461263e+09 1.03461267e+09 1.03461271e+09 1.03461275e+09
 1.03461279e+09 1.03461284e+09 1.03461288e+09 1.03461292e+09
 1.03461296e+09 1.03461300e+09 1.03461305e+09 1.03461309e+09
 1.03461313e+09 1.03461317e+09 1.03461322e+09 1.03461326e+09
 1.03461330e+09 1.03461334e+09 1.03461338e+09 1.03461343e+09
 1.03461347e+09 1.03461351e+09 1.03461355e+09 1.03461359e+09
 1.03461364e+09 1.03461368e+09 1.03461372e+09 1.03461376e+09
 1.03461380e+09 1.03461385e+09 1.03461389e+09 1.03461393e+09
 1.03461397e+09 1.03461401e+09 1.03461406e+09 1.03461410e+09
 1.03461414e+09 1.03461418e+09 1.03461423e+09 1.03461427e+09
 1.03461431e+09 1.03461435e+09 1.03461439e+09 1.03461444e+09
 1.03461448e+09 1.03461452e+09 1.03461456e+09 1.03461460e+09
 1.03461465e+09 1.03461469e+09 1.03461473e+09 1.03461477e+09
 1.03461481e+09 1.03461486e+09 1.03461490e+09 1.03461494e+09
 1.03461498e+09 1.03461503e+09 1.03461507e+09 1.03461511e+09
 1.03461515e+09 1.03461519e+09 1.03461524e+09 1.03461528e+09
 1.03461532e+09 1.03461536e+09 1.03461540e+09 1.03461545e+09
 1.03461549e+09 1.03461553e+09 1.03461557e+09 1.03461561e+09
 1.03461566e+09 1.03461570e+09 1.03461574e+09 1.03461578e+09
 1.03461582e+09 1.03461587e+09 1.03461591e+09 1.03461595e+09
 1.03461599e+09 1.03461604e+09 1.03461608e+09 1.03461612e+09
 1.03461616e+09 1.03461620e+09 1.03461625e+09 1.03461629e+09
 1.03461633e+09 1.03461637e+09 1.03461641e+09 1.03461646e+09
 1.03461650e+09 1.03461654e+09 1.03461658e+09 1.03461662e+09
 1.03461667e+09 1.03461671e+09 1.03461675e+09 1.03461679e+09
 1.03461684e+09 1.03461688e+09 1.03461692e+09 1.03461696e+09
 1.03461700e+09 1.03461705e+09 1.03461709e+09 1.03461713e+09
 1.03461717e+09 1.03461721e+09 1.03461726e+09 1.03461730e+09
 1.03461734e+09 1.03461738e+09 1.03461742e+09 1.03461747e+09
 1.03461751e+09 1.03461755e+09 1.03461759e+09 1.03461763e+09
 1.03461768e+09 1.03461772e+09 1.03461776e+09 1.03461780e+09
 1.03461785e+09 1.03461789e+09 1.03461793e+09 1.03461797e+09
 1.03461801e+09 1.03461806e+09 1.03461810e+09 1.03461814e+09
 1.03461818e+09 1.03461822e+09 1.03461827e+09 1.03461831e+09
 1.03461835e+09 1.03461839e+09 1.03461843e+09 1.03461848e+09
 1.03461852e+09 1.03461856e+09 1.03461860e+09 1.03461865e+09
 1.03461869e+09 1.03461873e+09 1.03461877e+09 1.03461881e+09
 1.03461886e+09 1.03461890e+09 1.03461894e+09 1.03461898e+09
 1.03461902e+09 1.03461907e+09 1.03461911e+09 1.03461915e+09
 1.03461919e+09 1.03461923e+09 1.03461928e+09 1.03461932e+09
 1.03461936e+09 1.03461940e+09 1.03461945e+09 1.03461949e+09
 1.03461953e+09 1.03461957e+09 1.03461961e+09 1.03461966e+09
 1.03461970e+09 1.03461974e+09 1.03461978e+09 1.03461982e+09
 1.03461987e+09 1.03461991e+09 1.03461995e+09 1.03461999e+09
 1.03462003e+09 1.03462008e+09 1.03462012e+09 1.03462016e+09
 1.03462020e+09 1.03462024e+09 1.03462029e+09 1.03462033e+09
 1.03462037e+09 1.03462041e+09 1.03462046e+09 1.03462050e+09
 1.03462054e+09 1.03462058e+09 1.03462062e+09 1.03462067e+09
 1.03462071e+09 1.03462075e+09 1.03462079e+09 1.03462083e+09
 1.03462088e+09 1.03462092e+09 1.03462096e+09 1.03462100e+09
 1.03462104e+09 1.03462109e+09 1.03462113e+09 1.03462117e+09
 1.03462121e+09 1.03462126e+09 1.03462130e+09 1.03462134e+09
 1.03462138e+09 1.03462142e+09 1.03462147e+09 1.03462151e+09
 1.03462155e+09 1.03462159e+09 1.03462163e+09 1.03462168e+09
 1.03462172e+09 1.03462176e+09 1.03462180e+09 1.03462184e+09
 1.03462189e+09 1.03462193e+09 1.03462197e+09 1.03462201e+09
 1.03462205e+09 1.03462210e+09 1.03462214e+09 1.03462218e+09
 1.03462222e+09 1.03462227e+09 1.03462231e+09 1.03462235e+09
 1.03462239e+09 1.03462243e+09 1.03462248e+09 1.03462252e+09
 1.03462256e+09 1.03462260e+09 1.03462264e+09 1.03462269e+09
 1.03462273e+09 1.03462277e+09 1.03462281e+09 1.03462285e+09
 1.03462290e+09 1.03462294e+09 1.03462298e+09 1.03462302e+09
 1.03462307e+09 1.03462311e+09 1.03462315e+09 1.03462319e+09
 1.03462323e+09 1.03462328e+09 1.03462332e+09 1.03462336e+09
 1.03462340e+09 1.03462344e+09 1.03462349e+09 1.03462353e+09
 1.03462357e+09 1.03462361e+09 1.03462365e+09 1.03462370e+09
 1.03462374e+09 1.03462378e+09 1.03462382e+09 1.03462386e+09
 1.03462391e+09 1.03462395e+09 1.03462399e+09 1.03462403e+09
 1.03462408e+09 1.03462412e+09 1.03462416e+09 1.03462420e+09
 1.03462424e+09 1.03462429e+09 1.03462433e+09 1.03462437e+09
 1.03462441e+09 1.03462445e+09 1.03462450e+09 1.03462454e+09
 1.03462458e+09 1.03462462e+09 1.03462466e+09 1.03462471e+09
 1.03462475e+09 1.03462479e+09 1.03462483e+09 1.03462488e+09
 1.03462492e+09 1.03462496e+09 1.03462500e+09 1.03462504e+09
 1.03462509e+09 1.03462513e+09 1.03462517e+09 1.03462521e+09
 1.03462525e+09 1.03462530e+09 1.03462534e+09 1.03462538e+09
 1.03462542e+09 1.03462546e+09 1.03462551e+09 1.03462555e+09
 1.03462559e+09 1.03462563e+09 1.03462568e+09 1.03462572e+09
 1.03462576e+09 1.03462580e+09 1.03462584e+09 1.03462589e+09
 1.03462593e+09 1.03462597e+09 1.03462601e+09 1.03462605e+09
 1.03462610e+09 1.03462614e+09 1.03462618e+09 1.03462622e+09
 1.03462626e+09 1.03462631e+09 1.03462635e+09 1.03462639e+09
 1.03462643e+09 1.03462647e+09 1.03462652e+09 1.03462656e+09
 1.03462660e+09 1.03462664e+09 1.03462669e+09 1.03462673e+09
 1.03462677e+09 1.03462681e+09 1.03462685e+09 1.03462690e+09
 1.03462694e+09 1.03462698e+09 1.03462702e+09 1.03462706e+09
 1.03462711e+09 1.03462715e+09 1.03462719e+09 1.03462723e+09
 1.03462727e+09 1.03462732e+09 1.03462736e+09 1.03462740e+09
 1.03462744e+09 1.03462749e+09 1.03462753e+09 1.03462757e+09
 1.03462761e+09 1.03462765e+09 1.03462770e+09 1.03462774e+09]
minRes = 0.16431917011071098
minResTime =  [1.03462757e+09]
