name =JUICE_ROI_CAL_5_0_14
flyby =  ['2033 MAY 10 08:21:32', '2033 MAY 11 08:21:32']
Observation TW =  <SpiceCell dtype = 1, length = 0, size = 3400, card = 14, is_set = 1, adjust = 0, init = 1, base = 2554805490288, data = 2554805490336>
Res(t) =  [4.5250139  4.52044758 4.5158818  4.51131656 4.50675186 4.5021877
 4.49762407 4.49306098 4.48849843 4.48393642 4.47937494 4.47481401
 4.47025361 4.46569374 4.46113441 4.45657562 4.45201737 4.44745965
 4.44290247 4.43834583 4.43378972 4.42923415 4.42467911 4.42012461
 4.41557065 4.41101722 4.40646432 4.40191196 4.39736014 4.39280885
 4.3882581  4.38370788 4.37915819 4.37460904 4.37006042 4.36551234
 4.36096479 4.35641778 4.3518713  4.34732535 4.34277994 4.33823506
 4.33369071 4.3291469  4.32460362 4.32006087 4.31551865 4.31097697
 4.30643582 4.3018952  4.29735512 4.29281557 4.28827654 4.28373805
 4.2792001  4.27466267 4.27012578 4.26558941 4.26105358 4.25651828
 4.25198351 4.24744927 4.24291556 4.23838238 4.23384974 4.22931762
 4.22478603 4.22025497 4.21572445 4.21119445 4.20666498 4.20213605
 4.19760764 4.19307976 4.18855241 4.18402559 4.17949929 4.17497353
 4.1704483  4.16592359 4.16139941 4.15687576 4.15235264 4.14783005
 4.14330798 4.13878645 4.13426544 4.12974496 4.125225   4.12070557
 4.11618667 4.1116683  4.10715046 4.10263314 4.09811634 4.09360008
 4.08908434 4.08456913 4.08005444 4.07554028 4.07102664 4.06651353
 4.06200095 4.05748889 4.05297736 4.04846635 4.04395587 4.03944592
 4.03493648 4.03042758 4.0259192  4.02141134 4.01690401 4.0123972
 4.00789091 4.00338515 3.99887992 3.99437521 3.98987102 3.98536735
 3.98086421 3.97636159 3.9718595  3.96735793 3.96285688 3.95835636
 3.95385635 3.94935687 3.94485792 3.94035948 3.93586157 3.93136418
 3.92686731 3.92237096 3.91787514 3.91337984 3.90888506 3.9043908
 3.89989706 3.89540384 3.89091115 3.88641897 3.88192732 3.87743619
 3.87294558 3.86845548 3.86396591 3.85947686 3.85498833 3.85050032
 3.84601283 3.84152586 3.83703941 3.83255348 3.82806807 3.82358318
 3.8190988  3.81461495 3.81013161 3.8056488  3.8011665  3.79668472
 3.79220346 3.78772272 3.7832425  3.7787628  3.77428361 3.76980494
 3.76532679 3.76084916 3.75637204 3.75189544 3.74741936 3.7429438
 3.73846876 3.73399423 3.72952022 3.72504672 3.72057374 3.71610128
 3.71162934 3.70715791 3.702687   3.6982166  3.69374672 3.68927736
 3.68480851 3.68034018 3.67587236 3.67140506 3.66693828 3.66247201
 3.65800625 3.65354101 3.64907629 3.64461208 3.64014838 3.6356852
 3.63122254 3.62676039 3.62229875 3.61783763 3.61337702 3.60891692
 3.60445734 3.59999827 3.59553972 3.59108168 3.58662415 3.58216714
 3.57771064 3.57325465 3.56879918 3.56434422 3.55988977 3.55543583
 3.55098241 3.5465295  3.5420771  3.53762522 3.53317384 3.52872298
 3.52427263 3.51982279 3.51537347 3.51092465 3.50647635 3.50202856
 3.49758128 3.49313451 3.48868825 3.4842425  3.47979727 3.47535254
 3.47090833 3.46646462 3.46202143 3.45757874 3.45313657 3.44869491
 3.44425375 3.43981311 3.43537298 3.43093335 3.42649424 3.42205564
 3.41761754 3.41317995 3.40874288 3.40430631 3.39987025 3.3954347
 3.39099966 3.38656513 3.38213111 3.37769759 3.37326459 3.36883209
 3.3644001  3.35996862 3.35553764 3.35110718 3.34667722 3.34224777
 3.33781882 3.33339039 3.32896246 3.32453504 3.32010813 3.31568172
 3.31125582 3.30683043 3.30240554 3.29798116 3.29355729 3.28913392
 3.28471106 3.28028871 3.27586686 3.27144552 3.26702469 3.26260436
 3.25818454 3.25376522 3.24934641 3.2449281  3.2405103  3.23609301
 3.23167622 3.22725993 3.22284415 3.21842888 3.21401411 3.20959984
 3.20518608 3.20077283 3.19636007 3.19194783 3.18753608 3.18312485
 3.17871411 3.17430388 3.16989416 3.16548493 3.16107622 3.156668
 3.15226029 3.14785308 3.14344638 3.13904018 3.13463448 3.13022928
 3.12582459 3.1214204  3.11701672 3.11261353 3.10821085 3.10380868
 3.099407   3.09500583 3.09060516 3.08620499 3.08180532 3.07740616
 3.0730075  3.06860934 3.06421168 3.05981452 3.05541787 3.05102172
 3.04662607 3.04223091 3.03783627 3.03344212 3.02904847 3.02465533
 3.02026268 3.01587054 3.0114789  3.00708775 3.00269711 2.99830697
 2.99391733 2.98952819 2.98513955 2.98075141 2.97636377 2.97197663
 2.96758999 2.96320385 2.95881821 2.95443308 2.95004844 2.94566429
 2.94128065 2.93689751 2.93251487 2.92813273 2.92375108 2.91936994
 2.91498929 2.91060915 2.9062295  2.90185035 2.8974717  2.89309355
 2.8887159  2.88433875 2.87996209 2.87558593 2.87121027 2.86683511
 2.86246045 2.85808629 2.85371262 2.84933945 2.84496678 2.84059461
 2.83622293 2.83185176 2.82748108 2.8231109  2.81874121 2.81437202
 2.81000333 2.80563514 2.80126745 2.79690025 2.79253355 2.78816734
 2.78380164 2.77943643 2.77507171 2.7707075  2.76634378 2.76198055
 2.75761783 2.75325559 2.74889386 2.74453262 2.74017188 2.73581164
 2.73145189 2.72709263 2.72273388 2.71837562 2.71401785 2.70966058
 2.70530381 2.70094753 2.69659175 2.69223647 2.68788168 2.68352738
 2.67917358 2.67482028 2.67046747 2.66611515 2.66176334 2.65741201
 2.65306119 2.64871085 2.64436102 2.64001167 2.63566283 2.63131447
 2.62696662 2.62261925 2.61827238 2.61392601 2.60958013 2.60523475
 2.60088986 2.59654546 2.59220156 2.58785816 2.58351524 2.57917283
 2.5748309  2.57048948 2.56614854 2.5618081  2.55746815 2.5531287
 2.54878974 2.54445128 2.54011331 2.53577583 2.53143885 2.52710236
 2.52276637 2.51843087 2.51409586 2.50976135 2.50542733 2.5010938
 2.49676077 2.49242823 2.48809618 2.48376463 2.47943358 2.47510301
 2.47077294 2.46644336 2.46211428 2.45778569 2.45345759 2.44912999
 2.44480287 2.44047626 2.43615013 2.4318245  2.42749936 2.42317472
 2.41885057 2.41452691 2.41020374 2.40588107 2.40155889 2.39723721
 2.39291602 2.38859532 2.38427511 2.3799554  2.37563618 2.37131745
 2.36699921 2.36268147 2.35836422 2.35404747 2.34973121 2.34541544
 2.34110016 2.33678538 2.33247109 2.32815729 2.32384399 2.31953117
 2.31521886 2.31090703 2.3065957  2.30228486 2.29797451 2.29366466
 2.2893553  2.28504643 2.28073806 2.27643017 2.27212279 2.26781589
 2.26350949 2.25920358 2.25489816 2.25059324 2.24628881 2.24198488
 2.23768143 2.23337848 2.22907603 2.22477406 2.22047259 2.21617162
 2.21187113 2.20757114 2.20327165 2.19897264 2.19467413 2.19037612
 2.1860786  2.18178157 2.17748503 2.17318899 2.16889344 2.16459839
 2.16030383 2.15600976 2.15171619 2.14742311 2.14313053 2.13883843
 2.13454684 2.13025574 2.12596513 2.12167501 2.11738539 2.11309627
 2.10880764 2.1045195  2.10023186 2.09594471 2.09165806 2.08737191
 2.08308624 2.07880108 2.0745164  2.07023223 2.06594854 2.06166536
 2.05738267 2.05310047 2.04881877 2.04453756 2.04025685 2.03597664
 2.03169692 2.0274177  2.02313898 2.01886075 2.01458301 2.01030578
 2.00602904 2.00175279 1.99747704 1.99320179 1.98892704 1.98465279
 1.98037903 1.97610576 1.971833   1.96756073 1.96328896 1.95901769
 1.95474692 1.95047664 1.94620687 1.94193759 1.93766881 1.93340053
 1.92913274 1.92486546 1.92059867 1.91633239 1.9120666  1.90780132
 1.90353653 1.89927224 1.89500845 1.89074517 1.88648238 1.8822201
 1.87795831 1.87369703 1.86943624 1.86517596 1.86091618 1.8566569
 1.85239813 1.84813985 1.84388208 1.83962481 1.83536804 1.83111178
 1.82685602 1.82260076 1.81834601 1.81409176 1.80983801 1.80558477
 1.80133204 1.79707981 1.79282808 1.78857686 1.78432614 1.78007593
 1.77582623 1.77157703 1.76732834 1.76308016 1.75883248 1.75458531
 1.75033865 1.74609249 1.74184685 1.73760171 1.73335709 1.72911297
 1.72486936 1.72062626 1.71638367 1.7121416  1.70790003 1.70365897
 1.69941843 1.6951784  1.69093888 1.68669987 1.68246138 1.6782234
 1.67398593 1.66974898 1.66551254 1.66127661 1.65704121 1.65280631
 1.64857194 1.64433808 1.64010474 1.63587191 1.6316396  1.62740782
 1.62317655 1.6189458  1.61471556 1.61048585 1.60625666 1.60202799
 1.59779985 1.59357222 1.58934512 1.58511854 1.58089248 1.57666695
 1.57244194 1.56821746 1.5639935  1.55977007 1.55554717 1.5513248
 1.54710295 1.54288163 1.53866084 1.53444058 1.53022085 1.52600165
 1.52178299 1.51756485 1.51334725 1.50913019 1.50491365 1.50069766
 1.49648219 1.49226727 1.48805288 1.48383903 1.47962572 1.47541295
 1.47120071 1.46698902 1.46277787 1.45856727 1.4543572  1.45014768
 1.44593871 1.44173028 1.4375224  1.43331507 1.42910828 1.42490204
 1.42069636 1.41649122 1.41228664 1.40808261 1.40387913 1.39967621
 1.39547385 1.39127204 1.38707079 1.3828701  1.37866996 1.37447039
 1.37027139 1.36607294 1.36187506 1.35767775 1.353481   1.34928482
 1.34508921 1.34089417 1.3366997  1.3325058  1.32831248 1.32411974
 1.31992757 1.31573597 1.31154496 1.30735453 1.30316468 1.29897541
 1.29478673 1.29059864 1.28641113 1.28222421 1.27803789 1.27385215
 1.26966701 1.26548247 1.26129852 1.25711517 1.25293242 1.24875028
 1.24456874 1.2403878  1.23620748 1.23202776 1.22784865 1.22367016
 1.21949228 1.21531502 1.21113838 1.20696236 1.20278696 1.19861219
 1.19443804 1.19026452 1.18609164 1.18191939 1.17774778 1.1735768
 1.16940647 1.16523678 1.16106773 1.15689933 1.15273159 1.14856449
 1.14439805 1.14023228 1.13606716 1.1319027  1.12773892 1.1235758
 1.11941335 1.11525158 1.11109049 1.10693008 1.10277035 1.09861132
 1.09445297 1.09029532 1.08613836 1.08198211 1.07782655 1.07367171
 1.06951758 1.06536417 1.06121147 1.05705949 1.05290825 1.04875773
 1.04460795 1.0404589  1.0363106  1.03216304 1.02801624 1.02387019
 1.01972491 1.01558038 1.01143663 1.00729365 1.00315145 0.99901003
 0.99486941 0.99072958 0.98659054 0.98245231 0.9783149  0.97417829
 0.97004251 0.96590756 0.96177344 0.95764016 0.95350773 0.94937615
 0.94524542 0.94111557 0.93698658 0.93285847 0.92873125 0.92460492
 0.92047949 0.91635497 0.91223136 0.90810868 0.90398692 0.89986611
 0.89574625 0.89162734 0.88750939 0.88339242 0.87927643 0.87516143
 0.87104744 0.86693445 0.86282249 0.85871156 0.85460167 0.85049283
 0.84638506 0.84227836 0.83817275 0.83406823 0.82996483 0.82586255
 0.8217614  0.8176614  0.81356256 0.8094649  0.80536842 0.80127315
 0.79717909 0.79308626 0.78899469 0.78490437 0.78081534 0.7767276
 0.77264117 0.76855608 0.76447233 0.76038995 0.75630895 0.75222936
 0.7481512  0.74407448 0.73999922 0.73661898 0.73254322 0.72846894
 0.72439617 0.72032493 0.71625523 0.71218711 0.7081206  0.7040557
 0.69999246 0.6959309  0.69187105 0.68781293 0.68375658 0.67970203
 0.6756493  0.67159844 0.66754947 0.66350242 0.65945734 0.65541427
 0.65137322 0.64733426 0.64329742 0.63926273 0.63523025 0.63120001
 0.62717207 0.62314647 0.61912325 0.61510248 0.6110842  0.60706846
 0.60305533 0.59904485 0.5950371  0.59103213 0.58703001 0.58303081
 0.57903459 0.57504142 0.57105138 0.56706456 0.56308102 0.55910085
 0.55512414 0.55115098 0.54718146 0.54321569 0.53925375 0.53529576
 0.53134182 0.52739206 0.52344659 0.51950553 0.51556902 0.51163718
 0.50771016 0.50378812 0.49987119 0.49595955 0.49205335 0.48815278
 0.48425803 0.48036928 0.47648673 0.4726106  0.46874112 0.46487851
 0.46102302 0.4571749  0.45333444 0.44950191 0.44567762 0.44186188
 0.43805502 0.43425741 0.4304694  0.4266914  0.42292382 0.41916709
 0.4154217  0.41168813 0.4079669  0.40425858 0.40056375 0.39688306
 0.39321716 0.38956678 0.38593268 0.38231569 0.37871667 0.37513657
 0.37157638 0.3680372  0.36452017 0.36102657 0.35755772 0.3541151
 0.35070028 0.34731497 0.34396103 0.34064048 0.33735551 0.33410853
 0.33090218 0.32773933 0.32462315 0.32155713 0.31854514 0.31559145
 0.3127008  0.30987849 0.30713043 0.30446326 0.30188445 0.29940244
 0.29702685 0.29476859 0.29264022 0.29065619 0.28883325 0.28719092
 0.28575214 0.28454405 0.28359901 0.28295599]
t =  [1.05259816e+09 1.05259820e+09 1.05259824e+09 1.05259829e+09
 1.05259833e+09 1.05259837e+09 1.05259841e+09 1.05259845e+09
 1.05259849e+09 1.05259853e+09 1.05259858e+09 1.05259862e+09
 1.05259866e+09 1.05259870e+09 1.05259874e+09 1.05259878e+09
 1.05259882e+09 1.05259886e+09 1.05259891e+09 1.05259895e+09
 1.05259899e+09 1.05259903e+09 1.05259907e+09 1.05259911e+09
 1.05259915e+09 1.05259920e+09 1.05259924e+09 1.05259928e+09
 1.05259932e+09 1.05259936e+09 1.05259940e+09 1.05259944e+09
 1.05259949e+09 1.05259953e+09 1.05259957e+09 1.05259961e+09
 1.05259965e+09 1.05259969e+09 1.05259973e+09 1.05259978e+09
 1.05259982e+09 1.05259986e+09 1.05259990e+09 1.05259994e+09
 1.05259998e+09 1.05260002e+09 1.05260007e+09 1.05260011e+09
 1.05260015e+09 1.05260019e+09 1.05260023e+09 1.05260027e+09
 1.05260031e+09 1.05260036e+09 1.05260040e+09 1.05260044e+09
 1.05260048e+09 1.05260052e+09 1.05260056e+09 1.05260060e+09
 1.05260064e+09 1.05260069e+09 1.05260073e+09 1.05260077e+09
 1.05260081e+09 1.05260085e+09 1.05260089e+09 1.05260093e+09
 1.05260098e+09 1.05260102e+09 1.05260106e+09 1.05260110e+09
 1.05260114e+09 1.05260118e+09 1.05260122e+09 1.05260127e+09
 1.05260131e+09 1.05260135e+09 1.05260139e+09 1.05260143e+09
 1.05260147e+09 1.05260151e+09 1.05260156e+09 1.05260160e+09
 1.05260164e+09 1.05260168e+09 1.05260172e+09 1.05260176e+09
 1.05260180e+09 1.05260185e+09 1.05260189e+09 1.05260193e+09
 1.05260197e+09 1.05260201e+09 1.05260205e+09 1.05260209e+09
 1.05260214e+09 1.05260218e+09 1.05260222e+09 1.05260226e+09
 1.05260230e+09 1.05260234e+09 1.05260238e+09 1.05260243e+09
 1.05260247e+09 1.05260251e+09 1.05260255e+09 1.05260259e+09
 1.05260263e+09 1.05260267e+09 1.05260271e+09 1.05260276e+09
 1.05260280e+09 1.05260284e+09 1.05260288e+09 1.05260292e+09
 1.05260296e+09 1.05260300e+09 1.05260305e+09 1.05260309e+09
 1.05260313e+09 1.05260317e+09 1.05260321e+09 1.05260325e+09
 1.05260329e+09 1.05260334e+09 1.05260338e+09 1.05260342e+09
 1.05260346e+09 1.05260350e+09 1.05260354e+09 1.05260358e+09
 1.05260363e+09 1.05260367e+09 1.05260371e+09 1.05260375e+09
 1.05260379e+09 1.05260383e+09 1.05260387e+09 1.05260392e+09
 1.05260396e+09 1.05260400e+09 1.05260404e+09 1.05260408e+09
 1.05260412e+09 1.05260416e+09 1.05260421e+09 1.05260425e+09
 1.05260429e+09 1.05260433e+09 1.05260437e+09 1.05260441e+09
 1.05260445e+09 1.05260449e+09 1.05260454e+09 1.05260458e+09
 1.05260462e+09 1.05260466e+09 1.05260470e+09 1.05260474e+09
 1.05260478e+09 1.05260483e+09 1.05260487e+09 1.05260491e+09
 1.05260495e+09 1.05260499e+09 1.05260503e+09 1.05260507e+09
 1.05260512e+09 1.05260516e+09 1.05260520e+09 1.05260524e+09
 1.05260528e+09 1.05260532e+09 1.05260536e+09 1.05260541e+09
 1.05260545e+09 1.05260549e+09 1.05260553e+09 1.05260557e+09
 1.05260561e+09 1.05260565e+09 1.05260570e+09 1.05260574e+09
 1.05260578e+09 1.05260582e+09 1.05260586e+09 1.05260590e+09
 1.05260594e+09 1.05260599e+09 1.05260603e+09 1.05260607e+09
 1.05260611e+09 1.05260615e+09 1.05260619e+09 1.05260623e+09
 1.05260627e+09 1.05260632e+09 1.05260636e+09 1.05260640e+09
 1.05260644e+09 1.05260648e+09 1.05260652e+09 1.05260656e+09
 1.05260661e+09 1.05260665e+09 1.05260669e+09 1.05260673e+09
 1.05260677e+09 1.05260681e+09 1.05260685e+09 1.05260690e+09
 1.05260694e+09 1.05260698e+09 1.05260702e+09 1.05260706e+09
 1.05260710e+09 1.05260714e+09 1.05260719e+09 1.05260723e+09
 1.05260727e+09 1.05260731e+09 1.05260735e+09 1.05260739e+09
 1.05260743e+09 1.05260748e+09 1.05260752e+09 1.05260756e+09
 1.05260760e+09 1.05260764e+09 1.05260768e+09 1.05260772e+09
 1.05260777e+09 1.05260781e+09 1.05260785e+09 1.05260789e+09
 1.05260793e+09 1.05260797e+09 1.05260801e+09 1.05260805e+09
 1.05260810e+09 1.05260814e+09 1.05260818e+09 1.05260822e+09
 1.05260826e+09 1.05260830e+09 1.05260834e+09 1.05260839e+09
 1.05260843e+09 1.05260847e+09 1.05260851e+09 1.05260855e+09
 1.05260859e+09 1.05260863e+09 1.05260868e+09 1.05260872e+09
 1.05260876e+09 1.05260880e+09 1.05260884e+09 1.05260888e+09
 1.05260892e+09 1.05260897e+09 1.05260901e+09 1.05260905e+09
 1.05260909e+09 1.05260913e+09 1.05260917e+09 1.05260921e+09
 1.05260926e+09 1.05260930e+09 1.05260934e+09 1.05260938e+09
 1.05260942e+09 1.05260946e+09 1.05260950e+09 1.05260955e+09
 1.05260959e+09 1.05260963e+09 1.05260967e+09 1.05260971e+09
 1.05260975e+09 1.05260979e+09 1.05260983e+09 1.05260988e+09
 1.05260992e+09 1.05260996e+09 1.05261000e+09 1.05261004e+09
 1.05261008e+09 1.05261012e+09 1.05261017e+09 1.05261021e+09
 1.05261025e+09 1.05261029e+09 1.05261033e+09 1.05261037e+09
 1.05261041e+09 1.05261046e+09 1.05261050e+09 1.05261054e+09
 1.05261058e+09 1.05261062e+09 1.05261066e+09 1.05261070e+09
 1.05261075e+09 1.05261079e+09 1.05261083e+09 1.05261087e+09
 1.05261091e+09 1.05261095e+09 1.05261099e+09 1.05261104e+09
 1.05261108e+09 1.05261112e+09 1.05261116e+09 1.05261120e+09
 1.05261124e+09 1.05261128e+09 1.05261133e+09 1.05261137e+09
 1.05261141e+09 1.05261145e+09 1.05261149e+09 1.05261153e+09
 1.05261157e+09 1.05261162e+09 1.05261166e+09 1.05261170e+09
 1.05261174e+09 1.05261178e+09 1.05261182e+09 1.05261186e+09
 1.05261190e+09 1.05261195e+09 1.05261199e+09 1.05261203e+09
 1.05261207e+09 1.05261211e+09 1.05261215e+09 1.05261219e+09
 1.05261224e+09 1.05261228e+09 1.05261232e+09 1.05261236e+09
 1.05261240e+09 1.05261244e+09 1.05261248e+09 1.05261253e+09
 1.05261257e+09 1.05261261e+09 1.05261265e+09 1.05261269e+09
 1.05261273e+09 1.05261277e+09 1.05261282e+09 1.05261286e+09
 1.05261290e+09 1.05261294e+09 1.05261298e+09 1.05261302e+09
 1.05261306e+09 1.05261311e+09 1.05261315e+09 1.05261319e+09
 1.05261323e+09 1.05261327e+09 1.05261331e+09 1.05261335e+09
 1.05261340e+09 1.05261344e+09 1.05261348e+09 1.05261352e+09
 1.05261356e+09 1.05261360e+09 1.05261364e+09 1.05261368e+09
 1.05261373e+09 1.05261377e+09 1.05261381e+09 1.05261385e+09
 1.05261389e+09 1.05261393e+09 1.05261397e+09 1.05261402e+09
 1.05261406e+09 1.05261410e+09 1.05261414e+09 1.05261418e+09
 1.05261422e+09 1.05261426e+09 1.05261431e+09 1.05261435e+09
 1.05261439e+09 1.05261443e+09 1.05261447e+09 1.05261451e+09
 1.05261455e+09 1.05261460e+09 1.05261464e+09 1.05261468e+09
 1.05261472e+09 1.05261476e+09 1.05261480e+09 1.05261484e+09
 1.05261489e+09 1.05261493e+09 1.05261497e+09 1.05261501e+09
 1.05261505e+09 1.05261509e+09 1.05261513e+09 1.05261518e+09
 1.05261522e+09 1.05261526e+09 1.05261530e+09 1.05261534e+09
 1.05261538e+09 1.05261542e+09 1.05261546e+09 1.05261551e+09
 1.05261555e+09 1.05261559e+09 1.05261563e+09 1.05261567e+09
 1.05261571e+09 1.05261575e+09 1.05261580e+09 1.05261584e+09
 1.05261588e+09 1.05261592e+09 1.05261596e+09 1.05261600e+09
 1.05261604e+09 1.05261609e+09 1.05261613e+09 1.05261617e+09
 1.05261621e+09 1.05261625e+09 1.05261629e+09 1.05261633e+09
 1.05261638e+09 1.05261642e+09 1.05261646e+09 1.05261650e+09
 1.05261654e+09 1.05261658e+09 1.05261662e+09 1.05261667e+09
 1.05261671e+09 1.05261675e+09 1.05261679e+09 1.05261683e+09
 1.05261687e+09 1.05261691e+09 1.05261696e+09 1.05261700e+09
 1.05261704e+09 1.05261708e+09 1.05261712e+09 1.05261716e+09
 1.05261720e+09 1.05261724e+09 1.05261729e+09 1.05261733e+09
 1.05261737e+09 1.05261741e+09 1.05261745e+09 1.05261749e+09
 1.05261753e+09 1.05261758e+09 1.05261762e+09 1.05261766e+09
 1.05261770e+09 1.05261774e+09 1.05261778e+09 1.05261782e+09
 1.05261787e+09 1.05261791e+09 1.05261795e+09 1.05261799e+09
 1.05261803e+09 1.05261807e+09 1.05261811e+09 1.05261816e+09
 1.05261820e+09 1.05261824e+09 1.05261828e+09 1.05261832e+09
 1.05261836e+09 1.05261840e+09 1.05261845e+09 1.05261849e+09
 1.05261853e+09 1.05261857e+09 1.05261861e+09 1.05261865e+09
 1.05261869e+09 1.05261874e+09 1.05261878e+09 1.05261882e+09
 1.05261886e+09 1.05261890e+09 1.05261894e+09 1.05261898e+09
 1.05261902e+09 1.05261907e+09 1.05261911e+09 1.05261915e+09
 1.05261919e+09 1.05261923e+09 1.05261927e+09 1.05261931e+09
 1.05261936e+09 1.05261940e+09 1.05261944e+09 1.05261948e+09
 1.05261952e+09 1.05261956e+09 1.05261960e+09 1.05261965e+09
 1.05261969e+09 1.05261973e+09 1.05261977e+09 1.05261981e+09
 1.05261985e+09 1.05261989e+09 1.05261994e+09 1.05261998e+09
 1.05262002e+09 1.05262006e+09 1.05262010e+09 1.05262014e+09
 1.05262018e+09 1.05262023e+09 1.05262027e+09 1.05262031e+09
 1.05262035e+09 1.05262039e+09 1.05262043e+09 1.05262047e+09
 1.05262052e+09 1.05262056e+09 1.05262060e+09 1.05262064e+09
 1.05262068e+09 1.05262072e+09 1.05262076e+09 1.05262081e+09
 1.05262085e+09 1.05262089e+09 1.05262093e+09 1.05262097e+09
 1.05262101e+09 1.05262105e+09 1.05262109e+09 1.05262114e+09
 1.05262118e+09 1.05262122e+09 1.05262126e+09 1.05262130e+09
 1.05262134e+09 1.05262138e+09 1.05262143e+09 1.05262147e+09
 1.05262151e+09 1.05262155e+09 1.05262159e+09 1.05262163e+09
 1.05262167e+09 1.05262172e+09 1.05262176e+09 1.05262180e+09
 1.05262184e+09 1.05262188e+09 1.05262192e+09 1.05262196e+09
 1.05262201e+09 1.05262205e+09 1.05262209e+09 1.05262213e+09
 1.05262217e+09 1.05262221e+09 1.05262225e+09 1.05262230e+09
 1.05262234e+09 1.05262238e+09 1.05262242e+09 1.05262246e+09
 1.05262250e+09 1.05262254e+09 1.05262259e+09 1.05262263e+09
 1.05262267e+09 1.05262271e+09 1.05262275e+09 1.05262279e+09
 1.05262283e+09 1.05262287e+09 1.05262292e+09 1.05262296e+09
 1.05262300e+09 1.05262304e+09 1.05262308e+09 1.05262312e+09
 1.05262316e+09 1.05262321e+09 1.05262325e+09 1.05262329e+09
 1.05262333e+09 1.05262337e+09 1.05262341e+09 1.05262345e+09
 1.05262350e+09 1.05262354e+09 1.05262358e+09 1.05262362e+09
 1.05262366e+09 1.05262370e+09 1.05262374e+09 1.05262379e+09
 1.05262383e+09 1.05262387e+09 1.05262391e+09 1.05262395e+09
 1.05262399e+09 1.05262403e+09 1.05262408e+09 1.05262412e+09
 1.05262416e+09 1.05262420e+09 1.05262424e+09 1.05262428e+09
 1.05262432e+09 1.05262437e+09 1.05262441e+09 1.05262445e+09
 1.05262449e+09 1.05262453e+09 1.05262457e+09 1.05262461e+09
 1.05262465e+09 1.05262470e+09 1.05262474e+09 1.05262478e+09
 1.05262482e+09 1.05262486e+09 1.05262490e+09 1.05262494e+09
 1.05262499e+09 1.05262503e+09 1.05262507e+09 1.05262511e+09
 1.05262515e+09 1.05262519e+09 1.05262523e+09 1.05262528e+09
 1.05262532e+09 1.05262536e+09 1.05262540e+09 1.05262544e+09
 1.05262548e+09 1.05262552e+09 1.05262557e+09 1.05262561e+09
 1.05262565e+09 1.05262569e+09 1.05262573e+09 1.05262577e+09
 1.05262581e+09 1.05262586e+09 1.05262590e+09 1.05262594e+09
 1.05262598e+09 1.05262602e+09 1.05262606e+09 1.05262610e+09
 1.05262615e+09 1.05262619e+09 1.05262623e+09 1.05262627e+09
 1.05262631e+09 1.05262635e+09 1.05262639e+09 1.05262643e+09
 1.05262648e+09 1.05262652e+09 1.05262656e+09 1.05262660e+09
 1.05262664e+09 1.05262668e+09 1.05262672e+09 1.05262677e+09
 1.05262681e+09 1.05262685e+09 1.05262689e+09 1.05262693e+09
 1.05262697e+09 1.05262701e+09 1.05262706e+09 1.05262710e+09
 1.05262714e+09 1.05262718e+09 1.05262722e+09 1.05262726e+09
 1.05262730e+09 1.05262735e+09 1.05262739e+09 1.05262743e+09
 1.05262747e+09 1.05262751e+09 1.05262755e+09 1.05262759e+09
 1.05262764e+09 1.05262768e+09 1.05262772e+09 1.05262776e+09
 1.05262780e+09 1.05262784e+09 1.05262788e+09 1.05262793e+09
 1.05262797e+09 1.05262801e+09 1.05262805e+09 1.05262809e+09
 1.05262813e+09 1.05262817e+09 1.05262821e+09 1.05262826e+09
 1.05262830e+09 1.05262834e+09 1.05262838e+09 1.05262842e+09
 1.05262846e+09 1.05262850e+09 1.05262855e+09 1.05262859e+09
 1.05262863e+09 1.05262867e+09 1.05262871e+09 1.05262875e+09
 1.05262879e+09 1.05262884e+09 1.05262888e+09 1.05262892e+09
 1.05262896e+09 1.05262900e+09 1.05262904e+09 1.05262908e+09
 1.05262913e+09 1.05262917e+09 1.05262921e+09 1.05262925e+09
 1.05262929e+09 1.05262933e+09 1.05262937e+09 1.05262942e+09
 1.05262946e+09 1.05262950e+09 1.05262954e+09 1.05262958e+09
 1.05262962e+09 1.05262966e+09 1.05262971e+09 1.05262975e+09
 1.05262979e+09 1.05262983e+09 1.05262987e+09 1.05262991e+09
 1.05262995e+09 1.05263000e+09 1.05263004e+09 1.05263008e+09
 1.05263012e+09 1.05263016e+09 1.05263020e+09 1.05263024e+09
 1.05263028e+09 1.05263033e+09 1.05263037e+09 1.05263041e+09
 1.05263045e+09 1.05263049e+09 1.05263053e+09 1.05263057e+09
 1.05263062e+09 1.05263066e+09 1.05263070e+09 1.05263074e+09
 1.05263078e+09 1.05263082e+09 1.05263086e+09 1.05263091e+09
 1.05263095e+09 1.05263099e+09 1.05263103e+09 1.05263107e+09
 1.05263111e+09 1.05263115e+09 1.05263120e+09 1.05263124e+09
 1.05263128e+09 1.05263132e+09 1.05263136e+09 1.05263140e+09
 1.05263144e+09 1.05263149e+09 1.05263153e+09 1.05263157e+09
 1.05263161e+09 1.05263165e+09 1.05263169e+09 1.05263173e+09
 1.05263178e+09 1.05263182e+09 1.05263186e+09 1.05263190e+09
 1.05263194e+09 1.05263198e+09 1.05263202e+09 1.05263206e+09
 1.05263211e+09 1.05263215e+09 1.05263219e+09 1.05263223e+09
 1.05263227e+09 1.05263231e+09 1.05263235e+09 1.05263240e+09
 1.05263244e+09 1.05263248e+09 1.05263252e+09 1.05263256e+09
 1.05263260e+09 1.05263264e+09 1.05263269e+09 1.05263273e+09
 1.05263277e+09 1.05263281e+09 1.05263285e+09 1.05263289e+09
 1.05263293e+09 1.05263298e+09 1.05263302e+09 1.05263306e+09
 1.05263310e+09 1.05263314e+09 1.05263318e+09 1.05263322e+09
 1.05263327e+09 1.05263331e+09 1.05263335e+09 1.05263339e+09
 1.05263343e+09 1.05263347e+09 1.05263351e+09 1.05263356e+09
 1.05263360e+09 1.05263364e+09 1.05263368e+09 1.05263372e+09
 1.05263376e+09 1.05263380e+09 1.05263384e+09 1.05263389e+09
 1.05263393e+09 1.05263397e+09 1.05263401e+09 1.05263405e+09
 1.05263409e+09 1.05263413e+09 1.05263418e+09 1.05263422e+09
 1.05263426e+09 1.05263430e+09 1.05263434e+09 1.05263438e+09
 1.05263442e+09 1.05263447e+09 1.05263451e+09 1.05263455e+09
 1.05263459e+09 1.05263463e+09 1.05263467e+09 1.05263471e+09
 1.05263476e+09 1.05263480e+09 1.05263484e+09 1.05263488e+09
 1.05263492e+09 1.05263496e+09 1.05263500e+09 1.05263505e+09
 1.05263509e+09 1.05263513e+09 1.05263517e+09 1.05263521e+09
 1.05263525e+09 1.05263529e+09 1.05263534e+09 1.05263538e+09
 1.05263542e+09 1.05263546e+09 1.05263550e+09 1.05263554e+09
 1.05263558e+09 1.05263562e+09 1.05263567e+09 1.05263571e+09
 1.05263575e+09 1.05263579e+09 1.05263583e+09 1.05263587e+09
 1.05263591e+09 1.05263596e+09 1.05263600e+09 1.05263604e+09
 1.05263608e+09 1.05263612e+09 1.05263616e+09 1.05263620e+09
 1.05263625e+09 1.05263629e+09 1.05263633e+09 1.05263637e+09
 1.05263641e+09 1.05263645e+09 1.05263649e+09 1.05263654e+09
 1.05263658e+09 1.05263662e+09 1.05263666e+09 1.05263670e+09
 1.05263674e+09 1.05263678e+09 1.05263683e+09 1.05263687e+09
 1.05263691e+09 1.05263695e+09 1.05263699e+09 1.05263703e+09
 1.05263707e+09 1.05263712e+09 1.05263716e+09 1.05263720e+09
 1.05263724e+09 1.05263728e+09 1.05263732e+09 1.05263736e+09
 1.05263740e+09 1.05263745e+09 1.05263749e+09 1.05263753e+09
 1.05263757e+09 1.05263761e+09 1.05263765e+09 1.05263769e+09
 1.05263774e+09 1.05263778e+09 1.05263782e+09 1.05263786e+09
 1.05263790e+09 1.05263794e+09 1.05263798e+09 1.05263803e+09
 1.05263807e+09 1.05263811e+09 1.05263815e+09 1.05263819e+09
 1.05263823e+09 1.05263827e+09 1.05263832e+09 1.05263836e+09
 1.05263840e+09 1.05263844e+09 1.05263848e+09 1.05263852e+09
 1.05263856e+09 1.05263861e+09 1.05263865e+09 1.05263869e+09
 1.05263873e+09 1.05263877e+09 1.05263881e+09 1.05263885e+09
 1.05263890e+09 1.05263894e+09 1.05263898e+09 1.05263902e+09
 1.05263906e+09 1.05263910e+09 1.05263914e+09 1.05263919e+09
 1.05263923e+09 1.05263927e+09 1.05263931e+09 1.05263935e+09
 1.05263939e+09 1.05263943e+09 1.05263947e+09 1.05263952e+09]
minRes = 0.28295599094125135
minResTime =  [1.05263952e+09]
