name =JUICE_ROI_CAL_4_1_03
flyby =  ['2032 SEP 27 04:26:36', '2032 SEP 28 04:26:36']
Observation TW =  <SpiceCell dtype = 1, length = 0, size = 3000, card = 10, is_set = 1, adjust = 0, init = 1, base = 2554798467184, data = 2554798467232>
Res(t) =  [3.53478867 3.53133629 3.52788404 3.52443193 3.52097995 3.51752809
 3.51407637 3.51062477 3.50717331 3.50372197 3.50027077 3.49681968
 3.49336873 3.4899179  3.4864672  3.48301662 3.47956617 3.47611584
 3.47266564 3.46921556 3.4657656  3.46231576 3.45886605 3.45541645
 3.45196698 3.44851762 3.44506839 3.44161927 3.43817027 3.43472139
 3.43127263 3.42782398 3.42437545 3.42092703 3.41747873 3.41403055
 3.41058247 3.40713451 3.40368666 3.40023893 3.39679131 3.39334379
 3.38989639 3.3864491  3.38300192 3.37955484 3.37610788 3.37266102
 3.36921427 3.36576762 3.36232109 3.35887466 3.35542833 3.35198211
 3.34853599 3.34508997 3.34164406 3.33819825 3.33475254 3.33130694
 3.32786143 3.32441603 3.32097072 3.31752551 3.31408041 3.31063539
 3.30719048 3.30374567 3.30030095 3.29685632 3.2934118  3.28996736
 3.28652302 3.28307878 3.27963463 3.27619057 3.2727466  3.26930273
 3.26585894 3.26241525 3.25897164 3.25552813 3.2520847  3.24864137
 3.24519812 3.24175495 3.23831188 3.23486889 3.23142599 3.22798317
 3.22454043 3.22109778 3.21765522 3.21421273 3.21077033 3.20732801
 3.20388578 3.20044362 3.19700154 3.19355955 3.19011763 3.18667579
 3.18323403 3.17979235 3.17635074 3.17290921 3.16946776 3.16602638
 3.16258508 3.15914385 3.1557027  3.15226162 3.14882061 3.14537968
 3.14193881 3.13849802 3.1350573  3.13161665 3.12817606 3.12473555
 3.12129511 3.11785473 3.11441442 3.11097418 3.107534   3.10409389
 3.10065385 3.09721387 3.09377396 3.0903341  3.08689432 3.08345459
 3.08001493 3.07657533 3.07313579 3.06969631 3.06625689 3.06281753
 3.05937823 3.05593899 3.0524998  3.04906068 3.04562161 3.04218259
 3.03874363 3.03530473 3.03186588 3.02842709 3.02498835 3.02154967
 3.01811103 3.01467245 3.01123392 3.00779544 3.00435701 3.00091864
 2.99748031 2.99404203 2.9906038  2.98716561 2.98372748 2.98028939
 2.97685135 2.97341335 2.9699754  2.96653749 2.96309963 2.95966181
 2.95622404 2.9527863  2.94934861 2.94591096 2.94247336 2.93903579
 2.93559826 2.93216077 2.92872333 2.92528592 2.92184854 2.91841121
 2.91497391 2.91153665 2.90809942 2.90466223 2.90122508 2.89778796
 2.89435087 2.89091382 2.8874768  2.88403981 2.88060285 2.87716592
 2.87372903 2.87029216 2.86685533 2.86341852 2.85998174 2.85654499
 2.85310827 2.84967157 2.8462349  2.84279826 2.83936164 2.83592505
 2.83248848 2.82905193 2.82561541 2.82217891 2.81874244 2.81530598
 2.81186955 2.80843314 2.80499675 2.80156037 2.79812402 2.79468769
 2.79125137 2.78781507 2.78437879 2.78094252 2.77750627 2.77407004
 2.77063382 2.76719762 2.76376143 2.76032525 2.75688909 2.75345294
 2.7500168  2.74658067 2.74314455 2.73970845 2.73627235 2.73283626
 2.72940018 2.72596411 2.72252805 2.719092   2.71565595 2.71221991
 2.70878387 2.70534784 2.70191181 2.69847579 2.69503977 2.69160376
 2.68816774 2.68473173 2.68129572 2.67785972 2.67442371 2.6709877
 2.66755169 2.66411569 2.66067968 2.65724366 2.65380765 2.65037163
 2.64693561 2.64349959 2.64006356 2.63662752 2.63319148 2.62975544
 2.62631938 2.62288332 2.61944725 2.61601118 2.61257509 2.609139
 2.6057029  2.60226678 2.59883066 2.59539452 2.59195838 2.58852222
 2.58508605 2.58164986 2.57821366 2.57477745 2.57134122 2.56790498
 2.56446872 2.56103244 2.55759615 2.55415984 2.55072351 2.54728717
 2.5438508  2.54041442 2.53697802 2.53354159 2.53010515 2.52666868
 2.52323219 2.51979568 2.51635915 2.51292259 2.50948601 2.5060494
 2.50261277 2.49917612 2.49573944 2.49230273 2.48886599 2.48542923
 2.48199244 2.47855562 2.47511877 2.47168189 2.46824499 2.46480805
 2.46137108 2.45793408 2.45449704 2.45105998 2.44762288 2.44418575
 2.44074858 2.43731138 2.43387414 2.43043687 2.42699956 2.42356222
 2.42012484 2.41668742 2.41324996 2.40981247 2.40637493 2.40293736
 2.39949974 2.39606209 2.39262439 2.38918665 2.38574887 2.38231105
 2.37887319 2.37543528 2.37199732 2.36855933 2.36512128 2.36168319
 2.35824506 2.35480688 2.35136865 2.34793037 2.34449205 2.34105367
 2.33761525 2.33417678 2.33073826 2.32729968 2.32386106 2.32042238
 2.31698366 2.31354488 2.31010604 2.30666715 2.30322821 2.29978922
 2.29635017 2.29291106 2.2894719  2.28603268 2.2825934  2.27915406
 2.27571467 2.27227522 2.26883571 2.26539614 2.26195651 2.25851682
 2.25507707 2.25163725 2.24819738 2.24475744 2.24131744 2.23787737
 2.23443724 2.23099705 2.22755679 2.22411647 2.22067608 2.21723562
 2.21379509 2.2103545  2.20691384 2.20347311 2.20003232 2.19659145
 2.19315051 2.1897095  2.18626842 2.18282727 2.17938605 2.17594476
 2.17250339 2.16906195 2.16562043 2.16217884 2.15873718 2.15529544
 2.15185362 2.14841173 2.14496976 2.14152771 2.13808559 2.13464338
 2.1312011  2.12775874 2.1243163  2.12087377 2.11743117 2.11398849
 2.11054572 2.10710287 2.10365994 2.10021693 2.09677383 2.09333064
 2.08988738 2.08644402 2.08300058 2.07955706 2.07611345 2.07266975
 2.06922596 2.06578208 2.06233812 2.05889407 2.05544992 2.05200569
 2.04856137 2.04511695 2.04167245 2.03822785 2.03478316 2.03133837
 2.02789349 2.02444852 2.02100346 2.01755829 2.01411304 2.01066768
 2.00722223 2.00377669 2.00033104 1.9968853  1.99343946 1.98999352
 1.98654748 1.98310134 1.9796551  1.97620876 1.97276232 1.96931578
 1.96586913 1.96242238 1.95897553 1.95552858 1.95208152 1.94863435
 1.94518708 1.94173971 1.93829222 1.93484464 1.93139694 1.92794914
 1.92450123 1.92105321 1.91760508 1.91415684 1.91070849 1.90726003
 1.90381147 1.90036278 1.89691399 1.89346509 1.89001607 1.88656694
 1.88311769 1.87966833 1.87621886 1.87276927 1.86931956 1.86586974
 1.8624198  1.85896975 1.85551957 1.85206928 1.84861887 1.84516834
 1.8417177  1.83826693 1.83481604 1.83136503 1.8279139  1.82446264
 1.82101127 1.81755977 1.81410815 1.8106564  1.80720453 1.80375254
 1.80030042 1.79684817 1.7933958  1.78994331 1.78649068 1.78303793
 1.77958505 1.77613204 1.7726789  1.76922563 1.76577223 1.76231871
 1.75886505 1.75541126 1.75195734 1.74850328 1.7450491  1.74159478
 1.73814032 1.73468574 1.73123101 1.72777616 1.72432117 1.72086604
 1.71741077 1.71395537 1.71049983 1.70704416 1.70358834 1.70013239
 1.69667629 1.69322006 1.68976369 1.68630718 1.68285052 1.67939373
 1.67593679 1.67247971 1.66902249 1.66556512 1.66210761 1.65864996
 1.65519216 1.65173422 1.64827613 1.64481789 1.64135951 1.63790098
 1.63444231 1.63098348 1.62752451 1.62406539 1.62060612 1.6171467
 1.61368713 1.61022741 1.60676754 1.60330752 1.59984734 1.59638702
 1.59292654 1.5894659  1.58600512 1.58254418 1.57908308 1.57562183
 1.57216043 1.56869887 1.56523715 1.56177527 1.55831324 1.55485105
 1.55138871 1.5479262  1.54446354 1.54100071 1.53753773 1.53407458
 1.53061128 1.52714781 1.52368418 1.52022039 1.51675644 1.51329233
 1.50982805 1.50636361 1.502899   1.49943423 1.49596929 1.49250419
 1.48903893 1.48557349 1.48210789 1.47864213 1.47517619 1.47171009
 1.46824382 1.46477738 1.46131077 1.45784399 1.45437704 1.45090992
 1.44744263 1.44397517 1.44050754 1.43703973 1.43357175 1.4301036
 1.42663528 1.42316678 1.41969811 1.41622926 1.41276024 1.40929104
 1.40582166 1.40235211 1.39888239 1.39541248 1.3919424  1.38847214
 1.38500171 1.38153109 1.3780603  1.37458932 1.37111817 1.36764683
 1.36417532 1.36070362 1.35723174 1.35375969 1.35028744 1.34681502
 1.34334241 1.33986962 1.33639665 1.33292349 1.32945015 1.32597662
 1.32250291 1.31902901 1.31555493 1.31208066 1.3086062  1.30513156
 1.30165673 1.29818171 1.2947065  1.29123111 1.28775552 1.28427975
 1.28080378 1.27732763 1.27385129 1.27037475 1.26689803 1.26342111
 1.25994401 1.25646671 1.25298921 1.24951153 1.24603365 1.24255558
 1.23907732 1.23559886 1.23212021 1.22864136 1.22516232 1.22168308
 1.21820365 1.21472402 1.21124419 1.20776417 1.20428395 1.20080354
 1.19732292 1.19384211 1.1903611  1.1868799  1.18339849 1.17991689
 1.17643509 1.17295308 1.16947088 1.16598848 1.16250588 1.15902307
 1.15554007 1.15205686 1.14857346 1.14508985 1.14160604 1.13812203
 1.13463782 1.1311534  1.12766878 1.12418396 1.12069893 1.11721371
 1.11372827 1.11024264 1.1067568  1.10327075 1.0997845  1.09629805
 1.09281139 1.08932453 1.08583746 1.08235019 1.07886271 1.07537502
 1.07188713 1.06839903 1.06491073 1.06142222 1.0579335  1.05444458
 1.05095545 1.04746612 1.04397657 1.04048682 1.03699686 1.0335067
 1.03001633 1.02652575 1.02303496 1.01954396 1.01605276 1.01256135
 1.00906973 1.0055779  1.00208587 0.99859362 0.99510117 0.99160852
 0.98811565 0.98462257 0.98112929 0.9776358  0.9741421  0.9706482
 0.96715408 0.96365976 0.96016523 0.95667049 0.95317555 0.94968039
 0.94618503 0.94268946 0.93919369 0.93569771 0.93220152 0.92870512
 0.92520852 0.92171171 0.9182147  0.91471748 0.91122005 0.90772242
 0.90422459 0.90072654 0.8972283  0.89372985 0.89023119 0.88673233
 0.88323327 0.87973401 0.87623454 0.87273487 0.86923499 0.86573492
 0.86223464 0.85873417 0.85523349 0.85173262 0.84823154 0.84473027
 0.8412288  0.83772713 0.83422526 0.8307232  0.82722094 0.82371849
 0.82021584 0.816713   0.81320996 0.80970674 0.80620332 0.80269971
 0.79919591 0.79569192 0.79218775 0.78868339 0.78517884 0.7816741
 0.77816919 0.77466408 0.7711588  0.76765334 0.76414769 0.76064187
 0.75713587 0.75362969 0.75012334 0.74661682 0.74311012 0.73960325
 0.73609621 0.73258901 0.72908164 0.7255741  0.7220664  0.71855854
 0.71505052 0.71154234 0.708034   0.70452552 0.70101687 0.69750808
 0.69399914 0.69049006 0.68698083 0.68347145 0.67996194 0.6764523
 0.67294251 0.6694326  0.66592256 0.66241239 0.65890209 0.65539168
 0.65188114 0.64837049 0.64485973 0.64134886 0.63783789 0.63432681
 0.63081563 0.62730436 0.623793   0.62028155 0.61677001 0.6132584
 0.60974671 0.60623494 0.60272311 0.59921122 0.59569927 0.59218727
 0.58867522 0.58516313 0.58135703 0.57784376 0.57433046 0.57081712
 0.56730376 0.56379038 0.56027699 0.55676358 0.55325018 0.54973678
 0.54622339 0.54271003 0.53919669 0.53568338 0.53217012 0.5286569
 0.52514375 0.52163066 0.51811765 0.51460472 0.51109189 0.50757916
 0.50406655 0.50055407 0.49704172 0.49352951 0.49001747 0.4865056
 0.48299391 0.47948242 0.47597114 0.47246008 0.46894927 0.4654387
 0.46192841 0.45841839 0.45490868 0.45139929 0.44789024 0.44438154
 0.44087321 0.43736528 0.43385776 0.43035068 0.42684405 0.42333791
 0.41983227 0.41632717 0.41282262 0.40931866 0.40581531 0.4023126
 0.39881056 0.39530923 0.39180864 0.38830881 0.3848098  0.38131164
 0.37781436 0.37431801 0.37082262 0.36732826 0.36383496 0.36034276
 0.35685174 0.35336193 0.34987339 0.34638618 0.34290038 0.33941603
 0.33593321 0.33245198 0.32897244 0.32549465 0.3220187  0.31854467
 0.31507266 0.31160276 0.30813508 0.30466973 0.30120682 0.29774647
 0.2942888  0.29083396 0.28738208 0.28393331 0.28048783 0.27704578
 0.27360737 0.27017277 0.26674219 0.26331586 0.25989399 0.25647684
 0.25306467 0.24965776 0.24625641 0.24286094 0.23947171 0.23608908
 0.23271345 0.22934525 0.22598493 0.22263301 0.21929002 0.21595655
 0.21263321 0.20932071 0.20601978 0.20273124 0.19945598 0.19619495
 0.19294923 0.18971997 0.18650847 0.18331611 0.18014448 0.17699528
 0.17387045 0.17077212 0.16770266 0.16466477 0.16166145 0.15869609
 0.15577254 0.15289518 0.150069   0.14729975 0.14459406 0.14195962
 0.13940541 0.13694199 0.13458189 0.13234004 0.13023445 0.12828707
 0.12652491 0.1249817  0.12370018 0.12273545 0.12216003 0.12207166
 0.12260598 0.12395798 0.12642055 0.13045911]
t =  [1.03314407e+09 1.03314411e+09 1.03314415e+09 1.03314419e+09
 1.03314423e+09 1.03314428e+09 1.03314432e+09 1.03314436e+09
 1.03314440e+09 1.03314445e+09 1.03314449e+09 1.03314453e+09
 1.03314457e+09 1.03314462e+09 1.03314466e+09 1.03314470e+09
 1.03314474e+09 1.03314479e+09 1.03314483e+09 1.03314487e+09
 1.03314491e+09 1.03314495e+09 1.03314500e+09 1.03314504e+09
 1.03314508e+09 1.03314512e+09 1.03314517e+09 1.03314521e+09
 1.03314525e+09 1.03314529e+09 1.03314534e+09 1.03314538e+09
 1.03314542e+09 1.03314546e+09 1.03314550e+09 1.03314555e+09
 1.03314559e+09 1.03314563e+09 1.03314567e+09 1.03314572e+09
 1.03314576e+09 1.03314580e+09 1.03314584e+09 1.03314589e+09
 1.03314593e+09 1.03314597e+09 1.03314601e+09 1.03314606e+09
 1.03314610e+09 1.03314614e+09 1.03314618e+09 1.03314622e+09
 1.03314627e+09 1.03314631e+09 1.03314635e+09 1.03314639e+09
 1.03314644e+09 1.03314648e+09 1.03314652e+09 1.03314656e+09
 1.03314661e+09 1.03314665e+09 1.03314669e+09 1.03314673e+09
 1.03314678e+09 1.03314682e+09 1.03314686e+09 1.03314690e+09
 1.03314694e+09 1.03314699e+09 1.03314703e+09 1.03314707e+09
 1.03314711e+09 1.03314716e+09 1.03314720e+09 1.03314724e+09
 1.03314728e+09 1.03314733e+09 1.03314737e+09 1.03314741e+09
 1.03314745e+09 1.03314749e+09 1.03314754e+09 1.03314758e+09
 1.03314762e+09 1.03314766e+09 1.03314771e+09 1.03314775e+09
 1.03314779e+09 1.03314783e+09 1.03314788e+09 1.03314792e+09
 1.03314796e+09 1.03314800e+09 1.03314805e+09 1.03314809e+09
 1.03314813e+09 1.03314817e+09 1.03314821e+09 1.03314826e+09
 1.03314830e+09 1.03314834e+09 1.03314838e+09 1.03314843e+09
 1.03314847e+09 1.03314851e+09 1.03314855e+09 1.03314860e+09
 1.03314864e+09 1.03314868e+09 1.03314872e+09 1.03314877e+09
 1.03314881e+09 1.03314885e+09 1.03314889e+09 1.03314893e+09
 1.03314898e+09 1.03314902e+09 1.03314906e+09 1.03314910e+09
 1.03314915e+09 1.03314919e+09 1.03314923e+09 1.03314927e+09
 1.03314932e+09 1.03314936e+09 1.03314940e+09 1.03314944e+09
 1.03314949e+09 1.03314953e+09 1.03314957e+09 1.03314961e+09
 1.03314965e+09 1.03314970e+09 1.03314974e+09 1.03314978e+09
 1.03314982e+09 1.03314987e+09 1.03314991e+09 1.03314995e+09
 1.03314999e+09 1.03315004e+09 1.03315008e+09 1.03315012e+09
 1.03315016e+09 1.03315020e+09 1.03315025e+09 1.03315029e+09
 1.03315033e+09 1.03315037e+09 1.03315042e+09 1.03315046e+09
 1.03315050e+09 1.03315054e+09 1.03315059e+09 1.03315063e+09
 1.03315067e+09 1.03315071e+09 1.03315076e+09 1.03315080e+09
 1.03315084e+09 1.03315088e+09 1.03315092e+09 1.03315097e+09
 1.03315101e+09 1.03315105e+09 1.03315109e+09 1.03315114e+09
 1.03315118e+09 1.03315122e+09 1.03315126e+09 1.03315131e+09
 1.03315135e+09 1.03315139e+09 1.03315143e+09 1.03315148e+09
 1.03315152e+09 1.03315156e+09 1.03315160e+09 1.03315164e+09
 1.03315169e+09 1.03315173e+09 1.03315177e+09 1.03315181e+09
 1.03315186e+09 1.03315190e+09 1.03315194e+09 1.03315198e+09
 1.03315203e+09 1.03315207e+09 1.03315211e+09 1.03315215e+09
 1.03315219e+09 1.03315224e+09 1.03315228e+09 1.03315232e+09
 1.03315236e+09 1.03315241e+09 1.03315245e+09 1.03315249e+09
 1.03315253e+09 1.03315258e+09 1.03315262e+09 1.03315266e+09
 1.03315270e+09 1.03315275e+09 1.03315279e+09 1.03315283e+09
 1.03315287e+09 1.03315291e+09 1.03315296e+09 1.03315300e+09
 1.03315304e+09 1.03315308e+09 1.03315313e+09 1.03315317e+09
 1.03315321e+09 1.03315325e+09 1.03315330e+09 1.03315334e+09
 1.03315338e+09 1.03315342e+09 1.03315347e+09 1.03315351e+09
 1.03315355e+09 1.03315359e+09 1.03315363e+09 1.03315368e+09
 1.03315372e+09 1.03315376e+09 1.03315380e+09 1.03315385e+09
 1.03315389e+09 1.03315393e+09 1.03315397e+09 1.03315402e+09
 1.03315406e+09 1.03315410e+09 1.03315414e+09 1.03315419e+09
 1.03315423e+09 1.03315427e+09 1.03315431e+09 1.03315435e+09
 1.03315440e+09 1.03315444e+09 1.03315448e+09 1.03315452e+09
 1.03315457e+09 1.03315461e+09 1.03315465e+09 1.03315469e+09
 1.03315474e+09 1.03315478e+09 1.03315482e+09 1.03315486e+09
 1.03315490e+09 1.03315495e+09 1.03315499e+09 1.03315503e+09
 1.03315507e+09 1.03315512e+09 1.03315516e+09 1.03315520e+09
 1.03315524e+09 1.03315529e+09 1.03315533e+09 1.03315537e+09
 1.03315541e+09 1.03315546e+09 1.03315550e+09 1.03315554e+09
 1.03315558e+09 1.03315562e+09 1.03315567e+09 1.03315571e+09
 1.03315575e+09 1.03315579e+09 1.03315584e+09 1.03315588e+09
 1.03315592e+09 1.03315596e+09 1.03315601e+09 1.03315605e+09
 1.03315609e+09 1.03315613e+09 1.03315618e+09 1.03315622e+09
 1.03315626e+09 1.03315630e+09 1.03315634e+09 1.03315639e+09
 1.03315643e+09 1.03315647e+09 1.03315651e+09 1.03315656e+09
 1.03315660e+09 1.03315664e+09 1.03315668e+09 1.03315673e+09
 1.03315677e+09 1.03315681e+09 1.03315685e+09 1.03315689e+09
 1.03315694e+09 1.03315698e+09 1.03315702e+09 1.03315706e+09
 1.03315711e+09 1.03315715e+09 1.03315719e+09 1.03315723e+09
 1.03315728e+09 1.03315732e+09 1.03315736e+09 1.03315740e+09
 1.03315745e+09 1.03315749e+09 1.03315753e+09 1.03315757e+09
 1.03315761e+09 1.03315766e+09 1.03315770e+09 1.03315774e+09
 1.03315778e+09 1.03315783e+09 1.03315787e+09 1.03315791e+09
 1.03315795e+09 1.03315800e+09 1.03315804e+09 1.03315808e+09
 1.03315812e+09 1.03315817e+09 1.03315821e+09 1.03315825e+09
 1.03315829e+09 1.03315833e+09 1.03315838e+09 1.03315842e+09
 1.03315846e+09 1.03315850e+09 1.03315855e+09 1.03315859e+09
 1.03315863e+09 1.03315867e+09 1.03315872e+09 1.03315876e+09
 1.03315880e+09 1.03315884e+09 1.03315889e+09 1.03315893e+09
 1.03315897e+09 1.03315901e+09 1.03315905e+09 1.03315910e+09
 1.03315914e+09 1.03315918e+09 1.03315922e+09 1.03315927e+09
 1.03315931e+09 1.03315935e+09 1.03315939e+09 1.03315944e+09
 1.03315948e+09 1.03315952e+09 1.03315956e+09 1.03315960e+09
 1.03315965e+09 1.03315969e+09 1.03315973e+09 1.03315977e+09
 1.03315982e+09 1.03315986e+09 1.03315990e+09 1.03315994e+09
 1.03315999e+09 1.03316003e+09 1.03316007e+09 1.03316011e+09
 1.03316016e+09 1.03316020e+09 1.03316024e+09 1.03316028e+09
 1.03316032e+09 1.03316037e+09 1.03316041e+09 1.03316045e+09
 1.03316049e+09 1.03316054e+09 1.03316058e+09 1.03316062e+09
 1.03316066e+09 1.03316071e+09 1.03316075e+09 1.03316079e+09
 1.03316083e+09 1.03316088e+09 1.03316092e+09 1.03316096e+09
 1.03316100e+09 1.03316104e+09 1.03316109e+09 1.03316113e+09
 1.03316117e+09 1.03316121e+09 1.03316126e+09 1.03316130e+09
 1.03316134e+09 1.03316138e+09 1.03316143e+09 1.03316147e+09
 1.03316151e+09 1.03316155e+09 1.03316159e+09 1.03316164e+09
 1.03316168e+09 1.03316172e+09 1.03316176e+09 1.03316181e+09
 1.03316185e+09 1.03316189e+09 1.03316193e+09 1.03316198e+09
 1.03316202e+09 1.03316206e+09 1.03316210e+09 1.03316215e+09
 1.03316219e+09 1.03316223e+09 1.03316227e+09 1.03316231e+09
 1.03316236e+09 1.03316240e+09 1.03316244e+09 1.03316248e+09
 1.03316253e+09 1.03316257e+09 1.03316261e+09 1.03316265e+09
 1.03316270e+09 1.03316274e+09 1.03316278e+09 1.03316282e+09
 1.03316287e+09 1.03316291e+09 1.03316295e+09 1.03316299e+09
 1.03316303e+09 1.03316308e+09 1.03316312e+09 1.03316316e+09
 1.03316320e+09 1.03316325e+09 1.03316329e+09 1.03316333e+09
 1.03316337e+09 1.03316342e+09 1.03316346e+09 1.03316350e+09
 1.03316354e+09 1.03316359e+09 1.03316363e+09 1.03316367e+09
 1.03316371e+09 1.03316375e+09 1.03316380e+09 1.03316384e+09
 1.03316388e+09 1.03316392e+09 1.03316397e+09 1.03316401e+09
 1.03316405e+09 1.03316409e+09 1.03316414e+09 1.03316418e+09
 1.03316422e+09 1.03316426e+09 1.03316430e+09 1.03316435e+09
 1.03316439e+09 1.03316443e+09 1.03316447e+09 1.03316452e+09
 1.03316456e+09 1.03316460e+09 1.03316464e+09 1.03316469e+09
 1.03316473e+09 1.03316477e+09 1.03316481e+09 1.03316486e+09
 1.03316490e+09 1.03316494e+09 1.03316498e+09 1.03316502e+09
 1.03316507e+09 1.03316511e+09 1.03316515e+09 1.03316519e+09
 1.03316524e+09 1.03316528e+09 1.03316532e+09 1.03316536e+09
 1.03316541e+09 1.03316545e+09 1.03316549e+09 1.03316553e+09
 1.03316558e+09 1.03316562e+09 1.03316566e+09 1.03316570e+09
 1.03316574e+09 1.03316579e+09 1.03316583e+09 1.03316587e+09
 1.03316591e+09 1.03316596e+09 1.03316600e+09 1.03316604e+09
 1.03316608e+09 1.03316613e+09 1.03316617e+09 1.03316621e+09
 1.03316625e+09 1.03316629e+09 1.03316634e+09 1.03316638e+09
 1.03316642e+09 1.03316646e+09 1.03316651e+09 1.03316655e+09
 1.03316659e+09 1.03316663e+09 1.03316668e+09 1.03316672e+09
 1.03316676e+09 1.03316680e+09 1.03316685e+09 1.03316689e+09
 1.03316693e+09 1.03316697e+09 1.03316701e+09 1.03316706e+09
 1.03316710e+09 1.03316714e+09 1.03316718e+09 1.03316723e+09
 1.03316727e+09 1.03316731e+09 1.03316735e+09 1.03316740e+09
 1.03316744e+09 1.03316748e+09 1.03316752e+09 1.03316757e+09
 1.03316761e+09 1.03316765e+09 1.03316769e+09 1.03316773e+09
 1.03316778e+09 1.03316782e+09 1.03316786e+09 1.03316790e+09
 1.03316795e+09 1.03316799e+09 1.03316803e+09 1.03316807e+09
 1.03316812e+09 1.03316816e+09 1.03316820e+09 1.03316824e+09
 1.03316829e+09 1.03316833e+09 1.03316837e+09 1.03316841e+09
 1.03316845e+09 1.03316850e+09 1.03316854e+09 1.03316858e+09
 1.03316862e+09 1.03316867e+09 1.03316871e+09 1.03316875e+09
 1.03316879e+09 1.03316884e+09 1.03316888e+09 1.03316892e+09
 1.03316896e+09 1.03316900e+09 1.03316905e+09 1.03316909e+09
 1.03316913e+09 1.03316917e+09 1.03316922e+09 1.03316926e+09
 1.03316930e+09 1.03316934e+09 1.03316939e+09 1.03316943e+09
 1.03316947e+09 1.03316951e+09 1.03316956e+09 1.03316960e+09
 1.03316964e+09 1.03316968e+09 1.03316972e+09 1.03316977e+09
 1.03316981e+09 1.03316985e+09 1.03316989e+09 1.03316994e+09
 1.03316998e+09 1.03317002e+09 1.03317006e+09 1.03317011e+09
 1.03317015e+09 1.03317019e+09 1.03317023e+09 1.03317028e+09
 1.03317032e+09 1.03317036e+09 1.03317040e+09 1.03317044e+09
 1.03317049e+09 1.03317053e+09 1.03317057e+09 1.03317061e+09
 1.03317066e+09 1.03317070e+09 1.03317074e+09 1.03317078e+09
 1.03317083e+09 1.03317087e+09 1.03317091e+09 1.03317095e+09
 1.03317099e+09 1.03317104e+09 1.03317108e+09 1.03317112e+09
 1.03317116e+09 1.03317121e+09 1.03317125e+09 1.03317129e+09
 1.03317133e+09 1.03317138e+09 1.03317142e+09 1.03317146e+09
 1.03317150e+09 1.03317155e+09 1.03317159e+09 1.03317163e+09
 1.03317167e+09 1.03317171e+09 1.03317176e+09 1.03317180e+09
 1.03317184e+09 1.03317188e+09 1.03317193e+09 1.03317197e+09
 1.03317201e+09 1.03317205e+09 1.03317210e+09 1.03317214e+09
 1.03317218e+09 1.03317222e+09 1.03317227e+09 1.03317231e+09
 1.03317235e+09 1.03317239e+09 1.03317243e+09 1.03317248e+09
 1.03317252e+09 1.03317256e+09 1.03317260e+09 1.03317265e+09
 1.03317269e+09 1.03317273e+09 1.03317277e+09 1.03317282e+09
 1.03317286e+09 1.03317290e+09 1.03317294e+09 1.03317299e+09
 1.03317303e+09 1.03317307e+09 1.03317311e+09 1.03317315e+09
 1.03317320e+09 1.03317324e+09 1.03317328e+09 1.03317332e+09
 1.03317337e+09 1.03317341e+09 1.03317345e+09 1.03317349e+09
 1.03317354e+09 1.03317358e+09 1.03317362e+09 1.03317366e+09
 1.03317370e+09 1.03317375e+09 1.03317379e+09 1.03317383e+09
 1.03317387e+09 1.03317392e+09 1.03317396e+09 1.03317400e+09
 1.03317404e+09 1.03317409e+09 1.03317413e+09 1.03317417e+09
 1.03317421e+09 1.03317426e+09 1.03317430e+09 1.03317434e+09
 1.03317438e+09 1.03317442e+09 1.03317447e+09 1.03317451e+09
 1.03317455e+09 1.03317459e+09 1.03317464e+09 1.03317468e+09
 1.03317472e+09 1.03317476e+09 1.03317481e+09 1.03317485e+09
 1.03317489e+09 1.03317493e+09 1.03317498e+09 1.03317502e+09
 1.03317506e+09 1.03317510e+09 1.03317514e+09 1.03317519e+09
 1.03317523e+09 1.03317527e+09 1.03317531e+09 1.03317536e+09
 1.03317540e+09 1.03317544e+09 1.03317548e+09 1.03317553e+09
 1.03317557e+09 1.03317561e+09 1.03317565e+09 1.03317569e+09
 1.03317574e+09 1.03317578e+09 1.03317582e+09 1.03317586e+09
 1.03317591e+09 1.03317595e+09 1.03317599e+09 1.03317603e+09
 1.03317608e+09 1.03317612e+09 1.03317616e+09 1.03317620e+09
 1.03317625e+09 1.03317629e+09 1.03317633e+09 1.03317637e+09
 1.03317641e+09 1.03317646e+09 1.03317650e+09 1.03317654e+09
 1.03317658e+09 1.03317663e+09 1.03317667e+09 1.03317671e+09
 1.03317675e+09 1.03317680e+09 1.03317684e+09 1.03317688e+09
 1.03317692e+09 1.03317697e+09 1.03317701e+09 1.03317705e+09
 1.03317709e+09 1.03317713e+09 1.03317718e+09 1.03317722e+09
 1.03317726e+09 1.03317730e+09 1.03317735e+09 1.03317739e+09
 1.03317743e+09 1.03317747e+09 1.03317752e+09 1.03317756e+09
 1.03317760e+09 1.03317764e+09 1.03317769e+09 1.03317773e+09
 1.03317777e+09 1.03317781e+09 1.03317785e+09 1.03317790e+09
 1.03317794e+09 1.03317798e+09 1.03317802e+09 1.03317807e+09
 1.03317811e+09 1.03317815e+09 1.03317819e+09 1.03317824e+09
 1.03317828e+09 1.03317832e+09 1.03317836e+09 1.03317840e+09
 1.03317845e+09 1.03317849e+09 1.03317853e+09 1.03317857e+09
 1.03317862e+09 1.03317866e+09 1.03317870e+09 1.03317874e+09
 1.03317879e+09 1.03317883e+09 1.03317887e+09 1.03317891e+09
 1.03317896e+09 1.03317900e+09 1.03317904e+09 1.03317908e+09
 1.03317912e+09 1.03317917e+09 1.03317921e+09 1.03317925e+09
 1.03317929e+09 1.03317934e+09 1.03317938e+09 1.03317942e+09
 1.03317946e+09 1.03317951e+09 1.03317955e+09 1.03317959e+09
 1.03317963e+09 1.03317968e+09 1.03317972e+09 1.03317976e+09
 1.03317980e+09 1.03317984e+09 1.03317989e+09 1.03317993e+09
 1.03317997e+09 1.03318001e+09 1.03318006e+09 1.03318010e+09
 1.03318014e+09 1.03318018e+09 1.03318023e+09 1.03318027e+09
 1.03318031e+09 1.03318035e+09 1.03318039e+09 1.03318044e+09
 1.03318048e+09 1.03318052e+09 1.03318056e+09 1.03318061e+09
 1.03318065e+09 1.03318069e+09 1.03318073e+09 1.03318078e+09
 1.03318082e+09 1.03318086e+09 1.03318090e+09 1.03318095e+09
 1.03318099e+09 1.03318103e+09 1.03318107e+09 1.03318111e+09
 1.03318116e+09 1.03318120e+09 1.03318124e+09 1.03318128e+09
 1.03318133e+09 1.03318137e+09 1.03318141e+09 1.03318145e+09
 1.03318150e+09 1.03318154e+09 1.03318158e+09 1.03318162e+09
 1.03318167e+09 1.03318171e+09 1.03318175e+09 1.03318179e+09
 1.03318183e+09 1.03318188e+09 1.03318192e+09 1.03318196e+09
 1.03318200e+09 1.03318205e+09 1.03318209e+09 1.03318213e+09
 1.03318217e+09 1.03318222e+09 1.03318226e+09 1.03318230e+09
 1.03318234e+09 1.03318239e+09 1.03318243e+09 1.03318247e+09
 1.03318251e+09 1.03318255e+09 1.03318260e+09 1.03318264e+09
 1.03318268e+09 1.03318272e+09 1.03318277e+09 1.03318281e+09
 1.03318285e+09 1.03318289e+09 1.03318294e+09 1.03318298e+09
 1.03318302e+09 1.03318306e+09 1.03318310e+09 1.03318315e+09
 1.03318319e+09 1.03318323e+09 1.03318327e+09 1.03318332e+09
 1.03318336e+09 1.03318340e+09 1.03318344e+09 1.03318349e+09
 1.03318353e+09 1.03318357e+09 1.03318361e+09 1.03318366e+09
 1.03318370e+09 1.03318374e+09 1.03318378e+09 1.03318382e+09
 1.03318387e+09 1.03318391e+09 1.03318395e+09 1.03318399e+09
 1.03318404e+09 1.03318408e+09 1.03318412e+09 1.03318416e+09
 1.03318421e+09 1.03318425e+09 1.03318429e+09 1.03318433e+09
 1.03318438e+09 1.03318442e+09 1.03318446e+09 1.03318450e+09
 1.03318454e+09 1.03318459e+09 1.03318463e+09 1.03318467e+09
 1.03318471e+09 1.03318476e+09 1.03318480e+09 1.03318484e+09
 1.03318488e+09 1.03318493e+09 1.03318497e+09 1.03318501e+09
 1.03318505e+09 1.03318509e+09 1.03318514e+09 1.03318518e+09
 1.03318522e+09 1.03318526e+09 1.03318531e+09 1.03318535e+09
 1.03318539e+09 1.03318543e+09 1.03318548e+09 1.03318552e+09
 1.03318556e+09 1.03318560e+09 1.03318565e+09 1.03318569e+09
 1.03318573e+09 1.03318577e+09 1.03318581e+09 1.03318586e+09
 1.03318590e+09 1.03318594e+09 1.03318598e+09 1.03318603e+09
 1.03318607e+09 1.03318611e+09 1.03318615e+09 1.03318620e+09
 1.03318624e+09 1.03318628e+09 1.03318632e+09 1.03318637e+09]
minRes = 0.1220716608288982
minResTime =  [1.0331862e+09]
