name =JUICE_ROI_CAL_4_1_01
flyby =  ['2032 SEP 27 04:26:36', '2032 SEP 28 04:26:36']
Observation TW =  <SpiceCell dtype = 1, length = 0, size = 3000, card = 10, is_set = 1, adjust = 0, init = 1, base = 2554799216624, data = 2554799216672>
Res(t) =  [4.02608575 4.0221759  4.01826636 4.01435713 4.01044821 4.0065396
 4.00263129 3.99872329 3.9948156  3.99090821 3.98700113 3.98309435
 3.97918788 3.97528171 3.97137584 3.96747028 3.96356501 3.95966005
 3.95575539 3.95185103 3.94794697 3.9440432  3.94013974 3.93623657
 3.9323337  3.92843113 3.92452885 3.92062687 3.91672518 3.91282379
 3.90892269 3.90502189 3.90112138 3.89722116 3.89332123 3.88942159
 3.88552224 3.88162319 3.87772442 3.87382594 3.86992775 3.86602985
 3.86213223 3.8582349  3.85433786 3.8504411  3.84654462 3.84264843
 3.83875253 3.83485691 3.83096157 3.82706651 3.82317173 3.81927724
 3.81538302 3.81148908 3.80759543 3.80370205 3.79980895 3.79591613
 3.79202358 3.78813131 3.78423932 3.7803476  3.77645616 3.77256499
 3.7686741  3.76478347 3.76089312 3.75700305 3.75311324 3.7492237
 3.74533444 3.74144544 3.73755672 3.73366826 3.72978007 3.72589215
 3.72200449 3.7181171  3.71422998 3.71034312 3.70645653 3.7025702
 3.69868413 3.69479833 3.69091279 3.68702751 3.6831425  3.67925774
 3.67537325 3.67148901 3.66760503 3.66372132 3.65983786 3.65595465
 3.65207171 3.64818902 3.64430659 3.64042441 3.63654249 3.63266082
 3.6287794  3.62489824 3.62101733 3.61713668 3.61325627 3.60937612
 3.60549621 3.60161656 3.59773715 3.593858   3.58997909 3.58610043
 3.58222201 3.57834385 3.57446593 3.57058825 3.56671082 3.56283364
 3.55895669 3.55507999 3.55120354 3.54732732 3.54345135 3.53957562
 3.53570013 3.53182488 3.52794987 3.5240751  3.52020056 3.51632627
 3.51245221 3.50857839 3.5047048  3.50083145 3.49695834 3.49308545
 3.48921281 3.4853404  3.48146822 3.47759627 3.47372455 3.46985307
 3.46598182 3.46211079 3.45824    3.45436944 3.4504991  3.44662899
 3.44275911 3.43888946 3.43502003 3.43115083 3.42728186 3.42341311
 3.41954458 3.41567628 3.4118082  3.40794035 3.40407271 3.4002053
 3.39633811 3.39247114 3.38860439 3.38473786 3.38087155 3.37700546
 3.37313958 3.36927392 3.36540848 3.36154326 3.35767825 3.35381346
 3.34994888 3.34608451 3.34222036 3.33835642 3.3344927  3.33062918
 3.32676588 3.32290279 3.31903991 3.31517724 3.31131478 3.30745253
 3.30359049 3.29972865 3.29586702 3.2920056  3.28814438 3.28428337
 3.28042257 3.27656197 3.27270157 3.26884138 3.26498139 3.2611216
 3.25726202 3.25340264 3.24954345 3.24568447 3.24182569 3.23796711
 3.23410872 3.23025054 3.22639255 3.22253476 3.21867717 3.21481977
 3.21096257 3.20710556 3.20324875 3.19939213 3.19553571 3.19167948
 3.18782344 3.18396759 3.18011194 3.17625647 3.1724012  3.16854612
 3.16469122 3.16083652 3.156982   3.15312767 3.14927353 3.14541957
 3.14156581 3.13771222 3.13385883 3.13000561 3.12615258 3.12229974
 3.11844708 3.1145946  3.1107423  3.10689019 3.10303825 3.0991865
 3.09533493 3.09148353 3.08763232 3.08378128 3.07993043 3.07607975
 3.07222924 3.06837892 3.06452877 3.06067879 3.05682899 3.05297936
 3.04912991 3.04528063 3.04143153 3.03758259 3.03373383 3.02988524
 3.02603682 3.02218858 3.0183405  3.01449259 3.01064485 3.00679727
 3.00294987 2.99910263 2.99525556 2.99140866 2.98756192 2.98371534
 2.97986894 2.97602269 2.97217661 2.96833069 2.96448494 2.96063935
 2.95679392 2.95294865 2.94910354 2.94525859 2.9414138  2.93756917
 2.9337247  2.92988039 2.92603623 2.92219223 2.91834839 2.91450471
 2.91066118 2.9068178  2.90297458 2.89913152 2.8952886  2.89144584
 2.88760324 2.88376078 2.87991848 2.87607633 2.87223433 2.86839248
 2.86455078 2.86070923 2.85686782 2.85302657 2.84918546 2.8453445
 2.84150369 2.83766302 2.8338225  2.82998212 2.82614189 2.8223018
 2.81846186 2.81462206 2.8107824  2.80694288 2.80310351 2.79926428
 2.79542518 2.79158623 2.78774742 2.78390875 2.78007021 2.77623182
 2.77239356 2.76855544 2.76471745 2.76087961 2.75704189 2.75320432
 2.74936688 2.74552957 2.74169239 2.73785535 2.73401845 2.73018167
 2.72634503 2.72250852 2.71867214 2.71483588 2.71099976 2.70716377
 2.70332791 2.69949218 2.69565657 2.69182109 2.68798574 2.68415052
 2.68031542 2.67648045 2.6726456  2.66881088 2.66497628 2.6611418
 2.65730745 2.65347322 2.64963912 2.64580513 2.64197127 2.63813752
 2.6343039  2.6304704  2.62663702 2.62280375 2.61897061 2.61513758
 2.61130467 2.60747187 2.6036392  2.59980663 2.59597419 2.59214186
 2.58830964 2.58447754 2.58064555 2.57681368 2.57298191 2.56915027
 2.56531873 2.5614873  2.55765598 2.55382478 2.54999368 2.5461627
 2.54233182 2.53850105 2.53467039 2.53083984 2.52700939 2.52317905
 2.51934882 2.51551869 2.51168867 2.50785875 2.50402894 2.50019923
 2.49636962 2.49254012 2.48871072 2.48488142 2.48105222 2.47722313
 2.47339413 2.46956524 2.46573644 2.46190774 2.45807915 2.45425065
 2.45042225 2.44659394 2.44276574 2.43893762 2.43510961 2.43128169
 2.42745387 2.42362614 2.4197985  2.41597096 2.41214352 2.40831616
 2.4044889  2.40066173 2.39683465 2.39300766 2.38918077 2.38535396
 2.38152724 2.37770061 2.37387407 2.37004762 2.36622126 2.36239499
 2.3585688  2.3547427  2.35091668 2.34709075 2.34326491 2.33943915
 2.33561347 2.33178788 2.32796237 2.32413695 2.32031161 2.31648635
 2.31266117 2.30883607 2.30501106 2.30118612 2.29736127 2.29353649
 2.2897118  2.28588718 2.28206264 2.27823818 2.2744138  2.27058949
 2.26676526 2.2629411  2.25911703 2.25529302 2.25146909 2.24764524
 2.24382146 2.23999775 2.23617412 2.23235056 2.22852707 2.22470366
 2.22088031 2.21705704 2.21323384 2.2094107  2.20558764 2.20176465
 2.19794172 2.19411887 2.19029608 2.18647336 2.18265071 2.17882812
 2.1750056  2.17118315 2.16736076 2.16353844 2.15971618 2.15589399
 2.15207186 2.14824979 2.14442779 2.14060585 2.13678398 2.13296216
 2.12914041 2.12531872 2.12149709 2.11767551 2.113854   2.11003255
 2.10621116 2.10238983 2.09856855 2.09474734 2.09092618 2.08710508
 2.08328403 2.07946305 2.07564211 2.07182124 2.06800042 2.06417965
 2.06035894 2.05653828 2.05271768 2.04889713 2.04507663 2.04125619
 2.0374358  2.03361546 2.02979517 2.02597493 2.02215475 2.01833461
 2.01451453 2.01069449 2.0068745  2.00305456 1.99923468 1.99541483
 1.99159504 1.9877753  1.9839556  1.98013595 1.97631634 1.97249678
 1.96867727 1.9648578  1.96103838 1.957219   1.95339966 1.94958037
 1.94576113 1.94194192 1.93812276 1.93430364 1.93048457 1.92666553
 1.92284654 1.91902759 1.91520868 1.91138981 1.90757098 1.90375219
 1.89993344 1.89611473 1.89229606 1.88847743 1.88465883 1.88084027
 1.87702176 1.87320327 1.86938483 1.86556642 1.86174805 1.85792971
 1.85411141 1.85029315 1.84647492 1.84265672 1.83883856 1.83502043
 1.83120234 1.82738428 1.82356626 1.81974826 1.8159303  1.81211238
 1.80829448 1.80447662 1.80065879 1.79684098 1.79302322 1.78920548
 1.78538777 1.78157009 1.77775244 1.77393482 1.77011723 1.76629967
 1.76248214 1.75866464 1.75484717 1.75102972 1.7472123  1.74339491
 1.73957755 1.73576021 1.7319429  1.72812562 1.72430837 1.72049114
 1.71667393 1.71285675 1.7090396  1.70522247 1.70140537 1.69758829
 1.69377124 1.68995421 1.68613721 1.68232023 1.67850327 1.67468634
 1.67086943 1.66705254 1.66323568 1.65941884 1.65560202 1.65178522
 1.64796845 1.6441517  1.64033497 1.63651826 1.63270157 1.62888491
 1.62506827 1.62125164 1.61743504 1.61361846 1.6098019  1.60598536
 1.60216885 1.59835235 1.59453587 1.59071941 1.58690297 1.58308655
 1.57927015 1.57545377 1.57163741 1.56782107 1.56400475 1.56018845
 1.55637217 1.5525559  1.54873966 1.54492343 1.54110722 1.53729104
 1.53347487 1.52965872 1.52584258 1.52202647 1.51821037 1.5143943
 1.51057824 1.5067622  1.50294618 1.49913017 1.49531419 1.49149822
 1.48768227 1.48386634 1.48005043 1.47623454 1.47241867 1.46860281
 1.46478697 1.46097116 1.45715536 1.45333958 1.44952381 1.44570807
 1.44189235 1.43807664 1.43426096 1.43044529 1.42662964 1.42281401
 1.41899841 1.41518282 1.41136725 1.4075517  1.40373617 1.39992067
 1.39610518 1.39228971 1.38847427 1.38465884 1.38084344 1.37702806
 1.3732127  1.36939736 1.36558205 1.36176676 1.35795149 1.35413624
 1.35032102 1.34650582 1.34269064 1.33887549 1.33506036 1.33124526
 1.32743018 1.32361513 1.31980011 1.31598511 1.31217014 1.30835519
 1.30454027 1.30072538 1.29691052 1.29309569 1.28928089 1.28546611
 1.28165137 1.27783666 1.27402198 1.27020733 1.26639271 1.26257813
 1.25876358 1.25494906 1.25113458 1.24732014 1.24350573 1.23969135
 1.23587702 1.23206272 1.22824846 1.22443424 1.22062006 1.21680592
 1.21299182 1.20917777 1.20536375 1.20154979 1.19773586 1.19392199
 1.19010816 1.18629437 1.18248064 1.17866695 1.17485332 1.17103974
 1.1672262  1.16341273 1.1595993  1.15578594 1.15197262 1.14815937
 1.14434618 1.14053304 1.13671997 1.13290696 1.12909401 1.12528113
 1.12146832 1.11765557 1.11384289 1.11003028 1.10621775 1.10240528
 1.0985929  1.09478058 1.09096835 1.0871562  1.08334413 1.07953214
 1.07572023 1.07190841 1.06809668 1.06428504 1.06047349 1.05666204
 1.05285068 1.04903941 1.04522825 1.04141719 1.03760623 1.03379538
 1.02998464 1.026174   1.02236348 1.01855308 1.01474279 1.01093262
 1.00712257 1.00331265 0.99950285 0.99569318 0.99188365 0.98807425
 0.98426499 0.98045587 0.9766469  0.97283807 0.96902939 0.96522086
 0.9614125  0.95760429 0.95379624 0.94998836 0.94618065 0.94237311
 0.93856575 0.93475857 0.93095157 0.92714477 0.92333815 0.91953173
 0.91572551 0.9119195  0.9081137  0.90430811 0.90050273 0.89669758
 0.89289266 0.88908797 0.88528352 0.88147931 0.87767534 0.87387163
 0.87006818 0.86626499 0.86246207 0.85865942 0.85485705 0.85105498
 0.84725319 0.84345171 0.83965053 0.83584966 0.83204911 0.82824889
 0.824449   0.82064946 0.81685026 0.81305141 0.80925293 0.80545483
 0.8016571  0.79785976 0.79406282 0.79026628 0.78647016 0.78267446
 0.7788792  0.77508438 0.77129001 0.76749611 0.76370268 0.75990973
 0.75611728 0.75232534 0.74853392 0.74474303 0.74095268 0.73716289
 0.73337366 0.72958502 0.72579697 0.72200953 0.71822272 0.71443654
 0.71065101 0.70686616 0.70308199 0.69929852 0.69551577 0.69173375
 0.68795249 0.68436139 0.68058106 0.67680154 0.67302284 0.66924498
 0.66546799 0.66169189 0.6579167  0.65414244 0.65036913 0.64659681
 0.64282549 0.6390552  0.63528597 0.63151782 0.62775078 0.62398489
 0.62022017 0.61645666 0.61269437 0.60893336 0.60517365 0.60141527
 0.59765827 0.59390268 0.59014854 0.58639589 0.58264476 0.57889522
 0.57514729 0.57140103 0.56765647 0.56391368 0.5601727  0.55643359
 0.55269639 0.54896117 0.54522799 0.5414969  0.53776796 0.53404125
 0.53031684 0.52659478 0.52287516 0.51915806 0.51544354 0.5117317
 0.50802262 0.50431638 0.50061309 0.49691283 0.49321572 0.48952185
 0.48583133 0.48214427 0.47846081 0.47478105 0.47110514 0.4674332
 0.46376538 0.46010183 0.4564427  0.45278816 0.44913837 0.44549352
 0.44185379 0.43821937 0.43459049 0.43096734 0.42735016 0.4237392
 0.42013469 0.41653692 0.41294615 0.40936269 0.40578684 0.40221894
 0.39865933 0.39510838 0.39156649 0.38803406 0.38451154 0.38099938
 0.37749809 0.37400819 0.37053024 0.36706483 0.3636126  0.36017423
 0.35675044 0.35334202 0.34994979 0.34657465 0.34321755 0.33987953
 0.3365617  0.33326525 0.32999149 0.32674182 0.32351774 0.32032092
 0.31715314 0.31401637 0.31091273 0.30784457 0.30481444 0.30182516
 0.29887984 0.29598191 0.29313516 0.29034381 0.28761257 0.28494669
 0.28235207 0.27983536 0.27740405 0.27506669 0.27283297 0.27071406
 0.26872277 0.26687398 0.26518503 0.26367628 0.26237178 0.26130024
 0.2604962  0.2600016  0.25986802 0.26015963]
t =  [1.03314407e+09 1.03314411e+09 1.03314415e+09 1.03314419e+09
 1.03314423e+09 1.03314427e+09 1.03314431e+09 1.03314436e+09
 1.03314440e+09 1.03314444e+09 1.03314448e+09 1.03314452e+09
 1.03314456e+09 1.03314460e+09 1.03314465e+09 1.03314469e+09
 1.03314473e+09 1.03314477e+09 1.03314481e+09 1.03314485e+09
 1.03314490e+09 1.03314494e+09 1.03314498e+09 1.03314502e+09
 1.03314506e+09 1.03314510e+09 1.03314514e+09 1.03314519e+09
 1.03314523e+09 1.03314527e+09 1.03314531e+09 1.03314535e+09
 1.03314539e+09 1.03314543e+09 1.03314548e+09 1.03314552e+09
 1.03314556e+09 1.03314560e+09 1.03314564e+09 1.03314568e+09
 1.03314573e+09 1.03314577e+09 1.03314581e+09 1.03314585e+09
 1.03314589e+09 1.03314593e+09 1.03314597e+09 1.03314602e+09
 1.03314606e+09 1.03314610e+09 1.03314614e+09 1.03314618e+09
 1.03314622e+09 1.03314627e+09 1.03314631e+09 1.03314635e+09
 1.03314639e+09 1.03314643e+09 1.03314647e+09 1.03314651e+09
 1.03314656e+09 1.03314660e+09 1.03314664e+09 1.03314668e+09
 1.03314672e+09 1.03314676e+09 1.03314680e+09 1.03314685e+09
 1.03314689e+09 1.03314693e+09 1.03314697e+09 1.03314701e+09
 1.03314705e+09 1.03314710e+09 1.03314714e+09 1.03314718e+09
 1.03314722e+09 1.03314726e+09 1.03314730e+09 1.03314734e+09
 1.03314739e+09 1.03314743e+09 1.03314747e+09 1.03314751e+09
 1.03314755e+09 1.03314759e+09 1.03314763e+09 1.03314768e+09
 1.03314772e+09 1.03314776e+09 1.03314780e+09 1.03314784e+09
 1.03314788e+09 1.03314793e+09 1.03314797e+09 1.03314801e+09
 1.03314805e+09 1.03314809e+09 1.03314813e+09 1.03314817e+09
 1.03314822e+09 1.03314826e+09 1.03314830e+09 1.03314834e+09
 1.03314838e+09 1.03314842e+09 1.03314847e+09 1.03314851e+09
 1.03314855e+09 1.03314859e+09 1.03314863e+09 1.03314867e+09
 1.03314871e+09 1.03314876e+09 1.03314880e+09 1.03314884e+09
 1.03314888e+09 1.03314892e+09 1.03314896e+09 1.03314900e+09
 1.03314905e+09 1.03314909e+09 1.03314913e+09 1.03314917e+09
 1.03314921e+09 1.03314925e+09 1.03314930e+09 1.03314934e+09
 1.03314938e+09 1.03314942e+09 1.03314946e+09 1.03314950e+09
 1.03314954e+09 1.03314959e+09 1.03314963e+09 1.03314967e+09
 1.03314971e+09 1.03314975e+09 1.03314979e+09 1.03314983e+09
 1.03314988e+09 1.03314992e+09 1.03314996e+09 1.03315000e+09
 1.03315004e+09 1.03315008e+09 1.03315013e+09 1.03315017e+09
 1.03315021e+09 1.03315025e+09 1.03315029e+09 1.03315033e+09
 1.03315037e+09 1.03315042e+09 1.03315046e+09 1.03315050e+09
 1.03315054e+09 1.03315058e+09 1.03315062e+09 1.03315067e+09
 1.03315071e+09 1.03315075e+09 1.03315079e+09 1.03315083e+09
 1.03315087e+09 1.03315091e+09 1.03315096e+09 1.03315100e+09
 1.03315104e+09 1.03315108e+09 1.03315112e+09 1.03315116e+09
 1.03315120e+09 1.03315125e+09 1.03315129e+09 1.03315133e+09
 1.03315137e+09 1.03315141e+09 1.03315145e+09 1.03315150e+09
 1.03315154e+09 1.03315158e+09 1.03315162e+09 1.03315166e+09
 1.03315170e+09 1.03315174e+09 1.03315179e+09 1.03315183e+09
 1.03315187e+09 1.03315191e+09 1.03315195e+09 1.03315199e+09
 1.03315203e+09 1.03315208e+09 1.03315212e+09 1.03315216e+09
 1.03315220e+09 1.03315224e+09 1.03315228e+09 1.03315233e+09
 1.03315237e+09 1.03315241e+09 1.03315245e+09 1.03315249e+09
 1.03315253e+09 1.03315257e+09 1.03315262e+09 1.03315266e+09
 1.03315270e+09 1.03315274e+09 1.03315278e+09 1.03315282e+09
 1.03315287e+09 1.03315291e+09 1.03315295e+09 1.03315299e+09
 1.03315303e+09 1.03315307e+09 1.03315311e+09 1.03315316e+09
 1.03315320e+09 1.03315324e+09 1.03315328e+09 1.03315332e+09
 1.03315336e+09 1.03315340e+09 1.03315345e+09 1.03315349e+09
 1.03315353e+09 1.03315357e+09 1.03315361e+09 1.03315365e+09
 1.03315370e+09 1.03315374e+09 1.03315378e+09 1.03315382e+09
 1.03315386e+09 1.03315390e+09 1.03315394e+09 1.03315399e+09
 1.03315403e+09 1.03315407e+09 1.03315411e+09 1.03315415e+09
 1.03315419e+09 1.03315423e+09 1.03315428e+09 1.03315432e+09
 1.03315436e+09 1.03315440e+09 1.03315444e+09 1.03315448e+09
 1.03315453e+09 1.03315457e+09 1.03315461e+09 1.03315465e+09
 1.03315469e+09 1.03315473e+09 1.03315477e+09 1.03315482e+09
 1.03315486e+09 1.03315490e+09 1.03315494e+09 1.03315498e+09
 1.03315502e+09 1.03315507e+09 1.03315511e+09 1.03315515e+09
 1.03315519e+09 1.03315523e+09 1.03315527e+09 1.03315531e+09
 1.03315536e+09 1.03315540e+09 1.03315544e+09 1.03315548e+09
 1.03315552e+09 1.03315556e+09 1.03315560e+09 1.03315565e+09
 1.03315569e+09 1.03315573e+09 1.03315577e+09 1.03315581e+09
 1.03315585e+09 1.03315590e+09 1.03315594e+09 1.03315598e+09
 1.03315602e+09 1.03315606e+09 1.03315610e+09 1.03315614e+09
 1.03315619e+09 1.03315623e+09 1.03315627e+09 1.03315631e+09
 1.03315635e+09 1.03315639e+09 1.03315643e+09 1.03315648e+09
 1.03315652e+09 1.03315656e+09 1.03315660e+09 1.03315664e+09
 1.03315668e+09 1.03315673e+09 1.03315677e+09 1.03315681e+09
 1.03315685e+09 1.03315689e+09 1.03315693e+09 1.03315697e+09
 1.03315702e+09 1.03315706e+09 1.03315710e+09 1.03315714e+09
 1.03315718e+09 1.03315722e+09 1.03315727e+09 1.03315731e+09
 1.03315735e+09 1.03315739e+09 1.03315743e+09 1.03315747e+09
 1.03315751e+09 1.03315756e+09 1.03315760e+09 1.03315764e+09
 1.03315768e+09 1.03315772e+09 1.03315776e+09 1.03315780e+09
 1.03315785e+09 1.03315789e+09 1.03315793e+09 1.03315797e+09
 1.03315801e+09 1.03315805e+09 1.03315810e+09 1.03315814e+09
 1.03315818e+09 1.03315822e+09 1.03315826e+09 1.03315830e+09
 1.03315834e+09 1.03315839e+09 1.03315843e+09 1.03315847e+09
 1.03315851e+09 1.03315855e+09 1.03315859e+09 1.03315863e+09
 1.03315868e+09 1.03315872e+09 1.03315876e+09 1.03315880e+09
 1.03315884e+09 1.03315888e+09 1.03315893e+09 1.03315897e+09
 1.03315901e+09 1.03315905e+09 1.03315909e+09 1.03315913e+09
 1.03315917e+09 1.03315922e+09 1.03315926e+09 1.03315930e+09
 1.03315934e+09 1.03315938e+09 1.03315942e+09 1.03315947e+09
 1.03315951e+09 1.03315955e+09 1.03315959e+09 1.03315963e+09
 1.03315967e+09 1.03315971e+09 1.03315976e+09 1.03315980e+09
 1.03315984e+09 1.03315988e+09 1.03315992e+09 1.03315996e+09
 1.03316000e+09 1.03316005e+09 1.03316009e+09 1.03316013e+09
 1.03316017e+09 1.03316021e+09 1.03316025e+09 1.03316030e+09
 1.03316034e+09 1.03316038e+09 1.03316042e+09 1.03316046e+09
 1.03316050e+09 1.03316054e+09 1.03316059e+09 1.03316063e+09
 1.03316067e+09 1.03316071e+09 1.03316075e+09 1.03316079e+09
 1.03316083e+09 1.03316088e+09 1.03316092e+09 1.03316096e+09
 1.03316100e+09 1.03316104e+09 1.03316108e+09 1.03316113e+09
 1.03316117e+09 1.03316121e+09 1.03316125e+09 1.03316129e+09
 1.03316133e+09 1.03316137e+09 1.03316142e+09 1.03316146e+09
 1.03316150e+09 1.03316154e+09 1.03316158e+09 1.03316162e+09
 1.03316167e+09 1.03316171e+09 1.03316175e+09 1.03316179e+09
 1.03316183e+09 1.03316187e+09 1.03316191e+09 1.03316196e+09
 1.03316200e+09 1.03316204e+09 1.03316208e+09 1.03316212e+09
 1.03316216e+09 1.03316220e+09 1.03316225e+09 1.03316229e+09
 1.03316233e+09 1.03316237e+09 1.03316241e+09 1.03316245e+09
 1.03316250e+09 1.03316254e+09 1.03316258e+09 1.03316262e+09
 1.03316266e+09 1.03316270e+09 1.03316274e+09 1.03316279e+09
 1.03316283e+09 1.03316287e+09 1.03316291e+09 1.03316295e+09
 1.03316299e+09 1.03316303e+09 1.03316308e+09 1.03316312e+09
 1.03316316e+09 1.03316320e+09 1.03316324e+09 1.03316328e+09
 1.03316333e+09 1.03316337e+09 1.03316341e+09 1.03316345e+09
 1.03316349e+09 1.03316353e+09 1.03316357e+09 1.03316362e+09
 1.03316366e+09 1.03316370e+09 1.03316374e+09 1.03316378e+09
 1.03316382e+09 1.03316386e+09 1.03316391e+09 1.03316395e+09
 1.03316399e+09 1.03316403e+09 1.03316407e+09 1.03316411e+09
 1.03316416e+09 1.03316420e+09 1.03316424e+09 1.03316428e+09
 1.03316432e+09 1.03316436e+09 1.03316440e+09 1.03316445e+09
 1.03316449e+09 1.03316453e+09 1.03316457e+09 1.03316461e+09
 1.03316465e+09 1.03316470e+09 1.03316474e+09 1.03316478e+09
 1.03316482e+09 1.03316486e+09 1.03316490e+09 1.03316494e+09
 1.03316499e+09 1.03316503e+09 1.03316507e+09 1.03316511e+09
 1.03316515e+09 1.03316519e+09 1.03316523e+09 1.03316528e+09
 1.03316532e+09 1.03316536e+09 1.03316540e+09 1.03316544e+09
 1.03316548e+09 1.03316553e+09 1.03316557e+09 1.03316561e+09
 1.03316565e+09 1.03316569e+09 1.03316573e+09 1.03316577e+09
 1.03316582e+09 1.03316586e+09 1.03316590e+09 1.03316594e+09
 1.03316598e+09 1.03316602e+09 1.03316606e+09 1.03316611e+09
 1.03316615e+09 1.03316619e+09 1.03316623e+09 1.03316627e+09
 1.03316631e+09 1.03316636e+09 1.03316640e+09 1.03316644e+09
 1.03316648e+09 1.03316652e+09 1.03316656e+09 1.03316660e+09
 1.03316665e+09 1.03316669e+09 1.03316673e+09 1.03316677e+09
 1.03316681e+09 1.03316685e+09 1.03316690e+09 1.03316694e+09
 1.03316698e+09 1.03316702e+09 1.03316706e+09 1.03316710e+09
 1.03316714e+09 1.03316719e+09 1.03316723e+09 1.03316727e+09
 1.03316731e+09 1.03316735e+09 1.03316739e+09 1.03316743e+09
 1.03316748e+09 1.03316752e+09 1.03316756e+09 1.03316760e+09
 1.03316764e+09 1.03316768e+09 1.03316773e+09 1.03316777e+09
 1.03316781e+09 1.03316785e+09 1.03316789e+09 1.03316793e+09
 1.03316797e+09 1.03316802e+09 1.03316806e+09 1.03316810e+09
 1.03316814e+09 1.03316818e+09 1.03316822e+09 1.03316826e+09
 1.03316831e+09 1.03316835e+09 1.03316839e+09 1.03316843e+09
 1.03316847e+09 1.03316851e+09 1.03316856e+09 1.03316860e+09
 1.03316864e+09 1.03316868e+09 1.03316872e+09 1.03316876e+09
 1.03316880e+09 1.03316885e+09 1.03316889e+09 1.03316893e+09
 1.03316897e+09 1.03316901e+09 1.03316905e+09 1.03316910e+09
 1.03316914e+09 1.03316918e+09 1.03316922e+09 1.03316926e+09
 1.03316930e+09 1.03316934e+09 1.03316939e+09 1.03316943e+09
 1.03316947e+09 1.03316951e+09 1.03316955e+09 1.03316959e+09
 1.03316963e+09 1.03316968e+09 1.03316972e+09 1.03316976e+09
 1.03316980e+09 1.03316984e+09 1.03316988e+09 1.03316993e+09
 1.03316997e+09 1.03317001e+09 1.03317005e+09 1.03317009e+09
 1.03317013e+09 1.03317017e+09 1.03317022e+09 1.03317026e+09
 1.03317030e+09 1.03317034e+09 1.03317038e+09 1.03317042e+09
 1.03317046e+09 1.03317051e+09 1.03317055e+09 1.03317059e+09
 1.03317063e+09 1.03317067e+09 1.03317071e+09 1.03317076e+09
 1.03317080e+09 1.03317084e+09 1.03317088e+09 1.03317092e+09
 1.03317096e+09 1.03317100e+09 1.03317105e+09 1.03317109e+09
 1.03317113e+09 1.03317117e+09 1.03317121e+09 1.03317125e+09
 1.03317130e+09 1.03317134e+09 1.03317138e+09 1.03317142e+09
 1.03317146e+09 1.03317150e+09 1.03317154e+09 1.03317159e+09
 1.03317163e+09 1.03317167e+09 1.03317171e+09 1.03317175e+09
 1.03317179e+09 1.03317183e+09 1.03317188e+09 1.03317192e+09
 1.03317196e+09 1.03317200e+09 1.03317204e+09 1.03317208e+09
 1.03317213e+09 1.03317217e+09 1.03317221e+09 1.03317225e+09
 1.03317229e+09 1.03317233e+09 1.03317237e+09 1.03317242e+09
 1.03317246e+09 1.03317250e+09 1.03317254e+09 1.03317258e+09
 1.03317262e+09 1.03317266e+09 1.03317271e+09 1.03317275e+09
 1.03317279e+09 1.03317283e+09 1.03317287e+09 1.03317291e+09
 1.03317296e+09 1.03317300e+09 1.03317304e+09 1.03317308e+09
 1.03317312e+09 1.03317316e+09 1.03317320e+09 1.03317325e+09
 1.03317329e+09 1.03317333e+09 1.03317337e+09 1.03317341e+09
 1.03317345e+09 1.03317350e+09 1.03317354e+09 1.03317358e+09
 1.03317362e+09 1.03317366e+09 1.03317370e+09 1.03317374e+09
 1.03317379e+09 1.03317383e+09 1.03317387e+09 1.03317391e+09
 1.03317395e+09 1.03317399e+09 1.03317403e+09 1.03317408e+09
 1.03317412e+09 1.03317416e+09 1.03317420e+09 1.03317424e+09
 1.03317428e+09 1.03317433e+09 1.03317437e+09 1.03317441e+09
 1.03317445e+09 1.03317449e+09 1.03317453e+09 1.03317457e+09
 1.03317462e+09 1.03317466e+09 1.03317470e+09 1.03317474e+09
 1.03317478e+09 1.03317482e+09 1.03317486e+09 1.03317491e+09
 1.03317495e+09 1.03317499e+09 1.03317503e+09 1.03317507e+09
 1.03317511e+09 1.03317516e+09 1.03317520e+09 1.03317524e+09
 1.03317528e+09 1.03317532e+09 1.03317536e+09 1.03317540e+09
 1.03317545e+09 1.03317549e+09 1.03317553e+09 1.03317557e+09
 1.03317561e+09 1.03317565e+09 1.03317570e+09 1.03317574e+09
 1.03317578e+09 1.03317582e+09 1.03317586e+09 1.03317590e+09
 1.03317594e+09 1.03317599e+09 1.03317603e+09 1.03317607e+09
 1.03317611e+09 1.03317615e+09 1.03317619e+09 1.03317623e+09
 1.03317628e+09 1.03317632e+09 1.03317636e+09 1.03317640e+09
 1.03317644e+09 1.03317648e+09 1.03317653e+09 1.03317657e+09
 1.03317661e+09 1.03317665e+09 1.03317669e+09 1.03317673e+09
 1.03317677e+09 1.03317682e+09 1.03317686e+09 1.03317690e+09
 1.03317694e+09 1.03317698e+09 1.03317702e+09 1.03317706e+09
 1.03317711e+09 1.03317715e+09 1.03317719e+09 1.03317723e+09
 1.03317727e+09 1.03317731e+09 1.03317736e+09 1.03317740e+09
 1.03317744e+09 1.03317748e+09 1.03317752e+09 1.03317756e+09
 1.03317760e+09 1.03317765e+09 1.03317769e+09 1.03317773e+09
 1.03317777e+09 1.03317781e+09 1.03317785e+09 1.03317790e+09
 1.03317794e+09 1.03317798e+09 1.03317802e+09 1.03317806e+09
 1.03317810e+09 1.03317814e+09 1.03317819e+09 1.03317823e+09
 1.03317827e+09 1.03317831e+09 1.03317835e+09 1.03317839e+09
 1.03317843e+09 1.03317848e+09 1.03317852e+09 1.03317856e+09
 1.03317860e+09 1.03317864e+09 1.03317868e+09 1.03317873e+09
 1.03317877e+09 1.03317881e+09 1.03317885e+09 1.03317889e+09
 1.03317893e+09 1.03317897e+09 1.03317902e+09 1.03317906e+09
 1.03317910e+09 1.03317914e+09 1.03317918e+09 1.03317922e+09
 1.03317926e+09 1.03317931e+09 1.03317935e+09 1.03317939e+09
 1.03317943e+09 1.03317947e+09 1.03317951e+09 1.03317956e+09
 1.03317960e+09 1.03317964e+09 1.03317968e+09 1.03317972e+09
 1.03317976e+09 1.03317980e+09 1.03317985e+09 1.03317989e+09
 1.03317993e+09 1.03317997e+09 1.03318001e+09 1.03318005e+09
 1.03318010e+09 1.03318014e+09 1.03318018e+09 1.03318022e+09
 1.03318026e+09 1.03318030e+09 1.03318034e+09 1.03318039e+09
 1.03318043e+09 1.03318047e+09 1.03318051e+09 1.03318055e+09
 1.03318059e+09 1.03318063e+09 1.03318068e+09 1.03318072e+09
 1.03318076e+09 1.03318080e+09 1.03318084e+09 1.03318088e+09
 1.03318093e+09 1.03318097e+09 1.03318101e+09 1.03318105e+09
 1.03318109e+09 1.03318113e+09 1.03318117e+09 1.03318122e+09
 1.03318126e+09 1.03318130e+09 1.03318134e+09 1.03318138e+09
 1.03318142e+09 1.03318146e+09 1.03318151e+09 1.03318155e+09
 1.03318159e+09 1.03318163e+09 1.03318167e+09 1.03318171e+09
 1.03318176e+09 1.03318180e+09 1.03318184e+09 1.03318188e+09
 1.03318192e+09 1.03318196e+09 1.03318200e+09 1.03318205e+09
 1.03318209e+09 1.03318213e+09 1.03318217e+09 1.03318221e+09
 1.03318225e+09 1.03318229e+09 1.03318234e+09 1.03318238e+09
 1.03318242e+09 1.03318246e+09 1.03318250e+09 1.03318254e+09
 1.03318259e+09 1.03318263e+09 1.03318267e+09 1.03318271e+09
 1.03318275e+09 1.03318279e+09 1.03318283e+09 1.03318288e+09
 1.03318292e+09 1.03318296e+09 1.03318300e+09 1.03318304e+09
 1.03318308e+09 1.03318313e+09 1.03318317e+09 1.03318321e+09
 1.03318325e+09 1.03318329e+09 1.03318333e+09 1.03318337e+09
 1.03318342e+09 1.03318346e+09 1.03318350e+09 1.03318354e+09
 1.03318358e+09 1.03318362e+09 1.03318366e+09 1.03318371e+09
 1.03318375e+09 1.03318379e+09 1.03318383e+09 1.03318387e+09
 1.03318391e+09 1.03318396e+09 1.03318400e+09 1.03318404e+09
 1.03318408e+09 1.03318412e+09 1.03318416e+09 1.03318420e+09
 1.03318425e+09 1.03318429e+09 1.03318433e+09 1.03318437e+09
 1.03318441e+09 1.03318445e+09 1.03318449e+09 1.03318454e+09
 1.03318458e+09 1.03318462e+09 1.03318466e+09 1.03318470e+09
 1.03318474e+09 1.03318479e+09 1.03318483e+09 1.03318487e+09
 1.03318491e+09 1.03318495e+09 1.03318499e+09 1.03318503e+09
 1.03318508e+09 1.03318512e+09 1.03318516e+09 1.03318520e+09
 1.03318524e+09 1.03318528e+09 1.03318533e+09 1.03318537e+09
 1.03318541e+09 1.03318545e+09 1.03318549e+09 1.03318553e+09]
minRes = 0.25986801655224945
minResTime =  [1.03318549e+09]
