name =JUICE_ROI_CAL_4_3_02
flyby =  ['2033 MAR 04 14:44:09', '2033 MAR 05 14:44:09']
Observation TW =  <SpiceCell dtype = 1, length = 0, size = 3400, card = 14, is_set = 1, adjust = 0, init = 1, base = 2554764751648, data = 2554764751696>
Res(t) =  [3.55406614 3.55055504 3.54704396 3.5435329  3.54002187 3.53651087
 3.53299989 3.52948894 3.52597802 3.52246712 3.51895624 3.51544539
 3.51193457 3.50842377 3.504913   3.50140225 3.49789153 3.49438083
 3.49087016 3.48735951 3.48384889 3.48033829 3.47682771 3.47331717
 3.46980664 3.46629614 3.46278567 3.45927521 3.45576479 3.45225438
 3.44874401 3.44523365 3.44172332 3.43821301 3.43470273 3.43119247
 3.42768224 3.42417202 3.42066184 3.41715167 3.41364153 3.41013141
 3.40662132 3.40311124 3.3996012  3.39609117 3.39258117 3.38907119
 3.38556123 3.3820513  3.37854138 3.3750315  3.37152163 3.36801179
 3.36450196 3.36099216 3.35748239 3.35397263 3.3504629  3.34695319
 3.3434435  3.33993383 3.33642419 3.33291457 3.32940496 3.32589538
 3.32238583 3.31887629 3.31536677 3.31185728 3.30834781 3.30483835
 3.30132892 3.29781951 3.29431012 3.29080076 3.28729141 3.28378208
 3.28027278 3.27676349 3.27325423 3.26974498 3.26623576 3.26272655
 3.25921737 3.25570821 3.25219906 3.24868994 3.24518084 3.24167175
 3.23816269 3.23465364 3.23114462 3.22763561 3.22412663 3.22061766
 3.21710871 3.21359979 3.21009088 3.20658199 3.20307312 3.19956426
 3.19605543 3.19254662 3.18903782 3.18552904 3.18202029 3.17851155
 3.17500283 3.17149412 3.16798544 3.16447677 3.16096812 3.15745949
 3.15395088 3.15044228 3.14693371 3.14342515 3.13991661 3.13640808
 3.13289957 3.12939109 3.12588261 3.12237416 3.11886572 3.1153573
 3.1118489  3.10834051 3.10483214 3.10132379 3.09781545 3.09430713
 3.09079883 3.08729054 3.08378227 3.08027402 3.07676578 3.07325756
 3.06974935 3.06624117 3.06273299 3.05922483 3.05571669 3.05220857
 3.04870046 3.04519236 3.04168428 3.03817622 3.03466817 3.03116014
 3.02765212 3.02414411 3.02063613 3.01712815 3.01362019 3.01011225
 3.00660432 3.00309641 2.99958851 2.99608062 2.99257275 2.98906489
 2.98555705 2.98204922 2.97854141 2.97503361 2.97152582 2.96801805
 2.96451029 2.96100254 2.95749481 2.95398709 2.95047939 2.9469717
 2.94346402 2.93995635 2.9364487  2.93294106 2.92943344 2.92592582
 2.92241822 2.91891063 2.91540306 2.9118955  2.90838795 2.90488041
 2.90137288 2.89786537 2.89435787 2.89085038 2.8873429  2.88383543
 2.88032798 2.87682054 2.87331311 2.86980569 2.86629828 2.86279089
 2.8592835  2.85577613 2.85226877 2.84876141 2.84525407 2.84174674
 2.83823943 2.83473212 2.83122482 2.82771753 2.82421026 2.82070299
 2.81719574 2.81368849 2.81018126 2.80667403 2.80316682 2.79965961
 2.79615242 2.79264523 2.78913805 2.78563089 2.78212373 2.77861658
 2.77510944 2.77160232 2.7680952  2.76458808 2.76108098 2.75757389
 2.75406681 2.75055973 2.74705266 2.74354561 2.74003856 2.73653151
 2.73302448 2.72951746 2.72601044 2.72250343 2.71899643 2.71548944
 2.71198245 2.70847548 2.70496851 2.70146154 2.69795459 2.69444764
 2.6909407  2.68743377 2.68392684 2.68041992 2.67691301 2.67340611
 2.66989921 2.66639232 2.66288543 2.65937856 2.65587168 2.65236482
 2.64885796 2.64535111 2.64184426 2.63833742 2.63483058 2.63132375
 2.62781693 2.62431011 2.6208033  2.61729649 2.61378969 2.6102829
 2.60677611 2.60326932 2.59976254 2.59625576 2.59274899 2.58924223
 2.58573547 2.58222871 2.57872196 2.57521521 2.57170847 2.56820173
 2.56469499 2.56118826 2.55768153 2.55417481 2.55066809 2.54716138
 2.54365466 2.54014796 2.53664125 2.53313455 2.52962785 2.52612116
 2.52261447 2.51910778 2.51560109 2.51209441 2.50858773 2.50508105
 2.50157437 2.4980677  2.49456103 2.49105436 2.4875477  2.48404103
 2.48053437 2.47702771 2.47352106 2.4700144  2.46650775 2.46300109
 2.45949444 2.45598779 2.45248114 2.4489745  2.44546785 2.44196121
 2.43845456 2.43494792 2.43144128 2.42793463 2.42442799 2.42092135
 2.41741471 2.41390807 2.41040143 2.40689479 2.40338815 2.39988152
 2.39637488 2.39286824 2.3893616  2.38585496 2.38234831 2.37884167
 2.37533503 2.37182839 2.36832174 2.3648151  2.36130845 2.35780181
 2.35429516 2.35078851 2.34728186 2.3437752  2.34026855 2.33676189
 2.33325524 2.32974858 2.32624191 2.32273525 2.31922859 2.31572192
 2.31221525 2.30870857 2.3052019  2.30169522 2.29818854 2.29468186
 2.29117517 2.28766848 2.28416179 2.28065509 2.27714839 2.27364169
 2.27013499 2.26662828 2.26312156 2.25961485 2.25610813 2.2526014
 2.24909467 2.24558794 2.2420812  2.23857446 2.23506772 2.23156096
 2.22805421 2.22454745 2.22104069 2.21753392 2.21402714 2.21052036
 2.20701358 2.20350679 2.19999999 2.19649319 2.19298639 2.18947958
 2.18597276 2.18246593 2.17895911 2.17545227 2.17194543 2.16843858
 2.16493173 2.16142487 2.157918   2.15441113 2.15090425 2.14739736
 2.14389047 2.14038356 2.13687666 2.13336974 2.12986282 2.12635589
 2.12284895 2.11934201 2.11583505 2.11232809 2.10882113 2.10531415
 2.10180716 2.09830017 2.09479317 2.09128616 2.08777915 2.08427212
 2.08076508 2.07725804 2.07375099 2.07024393 2.06673686 2.06322978
 2.05972269 2.05621559 2.05270849 2.04920137 2.04569424 2.04218711
 2.03867996 2.0351728  2.03166564 2.02815846 2.02465128 2.02114408
 2.01763687 2.01412966 2.01062243 2.00711519 2.00360794 2.00010068
 1.99659341 1.99308613 1.98957883 1.98607153 1.98256421 1.97905688
 1.97554955 1.97204219 1.96853483 1.96502746 1.96152007 1.95801267
 1.95450526 1.95099784 1.9474904  1.94398295 1.94047549 1.93696802
 1.93346053 1.92995304 1.92644552 1.922938   1.91943046 1.91592291
 1.91241534 1.90890777 1.90540017 1.90189257 1.89838495 1.89487732
 1.89136967 1.88786201 1.88435433 1.88084664 1.87733894 1.87383122
 1.87032349 1.86681574 1.86330798 1.8598002  1.85629241 1.8527846
 1.84927678 1.84576894 1.84226109 1.83875322 1.83524533 1.83173744
 1.82822952 1.82472159 1.82121364 1.81770568 1.8141977  1.8106897
 1.80718169 1.80367366 1.80016562 1.79665755 1.79314947 1.78964138
 1.78613327 1.78262514 1.77911699 1.77560883 1.77210065 1.76859245
 1.76508423 1.761576   1.75806774 1.75455947 1.75105119 1.74754288
 1.74403456 1.74052622 1.73701786 1.73350948 1.73000108 1.72649266
 1.72298423 1.71947577 1.7159673  1.71245881 1.7089503  1.70544177
 1.70193322 1.69842465 1.69491606 1.69140745 1.68789883 1.68439018
 1.68088151 1.67737282 1.67386412 1.67035539 1.66684664 1.66333787
 1.65982908 1.65632027 1.65281144 1.64930259 1.64579372 1.64228482
 1.63877591 1.63526697 1.63175802 1.62824904 1.62474004 1.62123102
 1.61772197 1.61421291 1.61070382 1.60719471 1.60368558 1.60017643
 1.59666725 1.59315805 1.58964883 1.58613959 1.58263032 1.57912104
 1.57561172 1.57210239 1.56859303 1.56508365 1.56157425 1.55806482
 1.55455537 1.5510459  1.5475364  1.54402688 1.54051733 1.53700776
 1.53349817 1.52998855 1.52647891 1.52296925 1.51945956 1.51594984
 1.51244011 1.50893034 1.50542055 1.50191074 1.4984009  1.49489104
 1.49138115 1.48787124 1.4843613  1.48085134 1.47734135 1.47383133
 1.47032129 1.46681123 1.46330114 1.45979102 1.45628088 1.45277071
 1.44926051 1.44575029 1.44224004 1.43872977 1.43521946 1.43170914
 1.42819878 1.4246884  1.42117799 1.41766756 1.4141571  1.41064661
 1.40713609 1.40362555 1.40011498 1.39660438 1.39309376 1.3895831
 1.38607242 1.38256172 1.37905098 1.37554022 1.37202943 1.36851861
 1.36500776 1.36149688 1.35798598 1.35447505 1.35096409 1.3474531
 1.34394208 1.34043103 1.33691996 1.33340885 1.32989772 1.32638656
 1.32287537 1.31936415 1.3158529  1.31234163 1.30883032 1.30531899
 1.30180762 1.29829623 1.2947848  1.29127335 1.28776187 1.28425035
 1.28073881 1.27722724 1.27371564 1.27020401 1.26669235 1.26318066
 1.25966894 1.25615718 1.2526454  1.24913359 1.24562175 1.24210988
 1.23859798 1.23508604 1.23157408 1.22806209 1.22455007 1.22103801
 1.21752593 1.21401381 1.21050167 1.20698949 1.20347729 1.19996505
 1.19645278 1.19294048 1.18942815 1.18591579 1.1824034  1.17889098
 1.17537853 1.17186604 1.16835353 1.16484098 1.16132841 1.1578158
 1.15430316 1.15079049 1.14727779 1.14376506 1.1402523  1.13673951
 1.13322669 1.12971383 1.12620095 1.12268803 1.11917508 1.11566211
 1.1121491  1.10863606 1.10512299 1.10160989 1.09809675 1.09458359
 1.0910704  1.08755718 1.08404392 1.08053064 1.07701732 1.07350397
 1.0699906  1.06647719 1.06296375 1.05945029 1.05593679 1.05242326
 1.0489097  1.04539611 1.0418825  1.03836885 1.03485517 1.03134146
 1.02782773 1.02431396 1.02080016 1.01728634 1.01377248 1.0102586
 1.00674469 1.00323075 0.99971678 0.99620278 0.99268875 0.9891747
 0.98566061 0.9821465  0.97863236 0.9751182  0.971604   0.96808978
 0.96457553 0.96106125 0.95754695 0.95403262 0.95051827 0.94700388
 0.94348947 0.93997504 0.93646058 0.93294609 0.92943158 0.92591705
 0.92240249 0.9188879  0.9153733  0.91185866 0.90834401 0.90482933
 0.90131463 0.8977999  0.89428515 0.89077039 0.8872556  0.88374078
 0.88022595 0.8767111  0.87319622 0.86968133 0.86616642 0.86265148
 0.85913653 0.85562156 0.85210658 0.84859157 0.84507655 0.84156152
 0.83804646 0.83453139 0.83101631 0.82750121 0.8239861  0.82047098
 0.81695584 0.81344069 0.80992553 0.80641036 0.80289518 0.79937999
 0.79586478 0.79234958 0.78883436 0.78531914 0.78180391 0.77828867
 0.77477344 0.77125819 0.76774295 0.7642277  0.76071245 0.7571972
 0.75368196 0.75016671 0.74665147 0.74313622 0.73962099 0.73610576
 0.73259054 0.72907532 0.72556011 0.72204492 0.71852973 0.71501456
 0.7114994  0.70798425 0.70446912 0.70095401 0.69743892 0.69392385
 0.6904088  0.68689377 0.68337877 0.67986379 0.67634885 0.67283393
 0.66931904 0.66580419 0.66228937 0.65877459 0.65525985 0.65174515
 0.64823049 0.64471588 0.64120131 0.63768679 0.63417233 0.63065791
 0.62714356 0.62362926 0.62011502 0.61660085 0.61308674 0.6095727
 0.60605874 0.60254484 0.59903103 0.5955173  0.59200365 0.58849008
 0.58497661 0.58146323 0.57794995 0.57443677 0.5709237  0.56863598
 0.56512267 0.56160948 0.5580964  0.55458344 0.5510706  0.54755789
 0.54404532 0.54053289 0.5370206  0.53350845 0.52999647 0.52648464
 0.52297297 0.51946148 0.51595016 0.51243903 0.50892808 0.50541733
 0.50190679 0.49839645 0.49488633 0.49137643 0.48786676 0.48435734
 0.48084816 0.47733924 0.47383058 0.4703222  0.4668141  0.4633063
 0.4597988  0.45629161 0.45278475 0.44927823 0.44577205 0.44226623
 0.43876079 0.43525574 0.43175108 0.42824683 0.42474302 0.42123965
 0.41773673 0.41423429 0.41073235 0.40723091 0.40373    0.40022964
 0.39672985 0.39323064 0.38973204 0.38623408 0.38273677 0.37924014
 0.37574421 0.37224901 0.36875458 0.36526093 0.3617681  0.35827611
 0.35478501 0.35129483 0.3478056  0.34431736 0.34083014 0.337344
 0.33385897 0.3303751  0.32689244 0.32341103 0.31993093 0.31645219
 0.31297488 0.30949904 0.30602476 0.30255208 0.29908109 0.29561186
 0.29214446 0.28867899 0.28521552 0.28175416 0.27829499 0.27483812
 0.27138367 0.26793175 0.26448248 0.26103599 0.25759243 0.25415193
 0.25071467 0.2472808  0.2438505  0.24042397 0.23700141 0.23358304
 0.23016908 0.2267598  0.22335545 0.21995633 0.21656274 0.21317502
 0.20979352 0.20641864 0.20305079 0.19969041 0.19633801 0.19299412
 0.18965931 0.18633422 0.18301952 0.17971598 0.17642441 0.17314572
 0.1698809  0.16663105 0.16339736 0.16018118 0.15698399 0.15380744
 0.15065338 0.14752385 0.14442119 0.14134799 0.1383072  0.13530218
 0.13233673 0.12941521 0.12654266 0.12372487 0.12096858 0.11828169
 0.11567346 0.11315492 0.1107392  0.10844218 0.10628317 0.10428597
 0.10248027 0.10090368 0.09960467 0.09864695 0.0981164  0.09813211
 0.09886541 0.1005742  0.10367007 0.10886355]
t =  [1.04683232e+09 1.04683236e+09 1.04683240e+09 1.04683245e+09
 1.04683249e+09 1.04683253e+09 1.04683257e+09 1.04683262e+09
 1.04683266e+09 1.04683270e+09 1.04683274e+09 1.04683279e+09
 1.04683283e+09 1.04683287e+09 1.04683291e+09 1.04683296e+09
 1.04683300e+09 1.04683304e+09 1.04683308e+09 1.04683313e+09
 1.04683317e+09 1.04683321e+09 1.04683325e+09 1.04683330e+09
 1.04683334e+09 1.04683338e+09 1.04683342e+09 1.04683347e+09
 1.04683351e+09 1.04683355e+09 1.04683359e+09 1.04683364e+09
 1.04683368e+09 1.04683372e+09 1.04683376e+09 1.04683381e+09
 1.04683385e+09 1.04683389e+09 1.04683393e+09 1.04683398e+09
 1.04683402e+09 1.04683406e+09 1.04683410e+09 1.04683414e+09
 1.04683419e+09 1.04683423e+09 1.04683427e+09 1.04683431e+09
 1.04683436e+09 1.04683440e+09 1.04683444e+09 1.04683448e+09
 1.04683453e+09 1.04683457e+09 1.04683461e+09 1.04683465e+09
 1.04683470e+09 1.04683474e+09 1.04683478e+09 1.04683482e+09
 1.04683487e+09 1.04683491e+09 1.04683495e+09 1.04683499e+09
 1.04683504e+09 1.04683508e+09 1.04683512e+09 1.04683516e+09
 1.04683521e+09 1.04683525e+09 1.04683529e+09 1.04683533e+09
 1.04683538e+09 1.04683542e+09 1.04683546e+09 1.04683550e+09
 1.04683555e+09 1.04683559e+09 1.04683563e+09 1.04683567e+09
 1.04683572e+09 1.04683576e+09 1.04683580e+09 1.04683584e+09
 1.04683589e+09 1.04683593e+09 1.04683597e+09 1.04683601e+09
 1.04683606e+09 1.04683610e+09 1.04683614e+09 1.04683618e+09
 1.04683623e+09 1.04683627e+09 1.04683631e+09 1.04683635e+09
 1.04683640e+09 1.04683644e+09 1.04683648e+09 1.04683652e+09
 1.04683657e+09 1.04683661e+09 1.04683665e+09 1.04683669e+09
 1.04683674e+09 1.04683678e+09 1.04683682e+09 1.04683686e+09
 1.04683691e+09 1.04683695e+09 1.04683699e+09 1.04683703e+09
 1.04683708e+09 1.04683712e+09 1.04683716e+09 1.04683720e+09
 1.04683725e+09 1.04683729e+09 1.04683733e+09 1.04683737e+09
 1.04683742e+09 1.04683746e+09 1.04683750e+09 1.04683754e+09
 1.04683759e+09 1.04683763e+09 1.04683767e+09 1.04683771e+09
 1.04683776e+09 1.04683780e+09 1.04683784e+09 1.04683788e+09
 1.04683793e+09 1.04683797e+09 1.04683801e+09 1.04683805e+09
 1.04683810e+09 1.04683814e+09 1.04683818e+09 1.04683822e+09
 1.04683827e+09 1.04683831e+09 1.04683835e+09 1.04683839e+09
 1.04683844e+09 1.04683848e+09 1.04683852e+09 1.04683856e+09
 1.04683861e+09 1.04683865e+09 1.04683869e+09 1.04683873e+09
 1.04683878e+09 1.04683882e+09 1.04683886e+09 1.04683890e+09
 1.04683895e+09 1.04683899e+09 1.04683903e+09 1.04683907e+09
 1.04683912e+09 1.04683916e+09 1.04683920e+09 1.04683924e+09
 1.04683929e+09 1.04683933e+09 1.04683937e+09 1.04683941e+09
 1.04683946e+09 1.04683950e+09 1.04683954e+09 1.04683958e+09
 1.04683963e+09 1.04683967e+09 1.04683971e+09 1.04683975e+09
 1.04683980e+09 1.04683984e+09 1.04683988e+09 1.04683992e+09
 1.04683997e+09 1.04684001e+09 1.04684005e+09 1.04684009e+09
 1.04684014e+09 1.04684018e+09 1.04684022e+09 1.04684026e+09
 1.04684031e+09 1.04684035e+09 1.04684039e+09 1.04684043e+09
 1.04684047e+09 1.04684052e+09 1.04684056e+09 1.04684060e+09
 1.04684064e+09 1.04684069e+09 1.04684073e+09 1.04684077e+09
 1.04684081e+09 1.04684086e+09 1.04684090e+09 1.04684094e+09
 1.04684098e+09 1.04684103e+09 1.04684107e+09 1.04684111e+09
 1.04684115e+09 1.04684120e+09 1.04684124e+09 1.04684128e+09
 1.04684132e+09 1.04684137e+09 1.04684141e+09 1.04684145e+09
 1.04684149e+09 1.04684154e+09 1.04684158e+09 1.04684162e+09
 1.04684166e+09 1.04684171e+09 1.04684175e+09 1.04684179e+09
 1.04684183e+09 1.04684188e+09 1.04684192e+09 1.04684196e+09
 1.04684200e+09 1.04684205e+09 1.04684209e+09 1.04684213e+09
 1.04684217e+09 1.04684222e+09 1.04684226e+09 1.04684230e+09
 1.04684234e+09 1.04684239e+09 1.04684243e+09 1.04684247e+09
 1.04684251e+09 1.04684256e+09 1.04684260e+09 1.04684264e+09
 1.04684268e+09 1.04684273e+09 1.04684277e+09 1.04684281e+09
 1.04684285e+09 1.04684290e+09 1.04684294e+09 1.04684298e+09
 1.04684302e+09 1.04684307e+09 1.04684311e+09 1.04684315e+09
 1.04684319e+09 1.04684324e+09 1.04684328e+09 1.04684332e+09
 1.04684336e+09 1.04684341e+09 1.04684345e+09 1.04684349e+09
 1.04684353e+09 1.04684358e+09 1.04684362e+09 1.04684366e+09
 1.04684370e+09 1.04684375e+09 1.04684379e+09 1.04684383e+09
 1.04684387e+09 1.04684392e+09 1.04684396e+09 1.04684400e+09
 1.04684404e+09 1.04684409e+09 1.04684413e+09 1.04684417e+09
 1.04684421e+09 1.04684426e+09 1.04684430e+09 1.04684434e+09
 1.04684438e+09 1.04684443e+09 1.04684447e+09 1.04684451e+09
 1.04684455e+09 1.04684460e+09 1.04684464e+09 1.04684468e+09
 1.04684472e+09 1.04684477e+09 1.04684481e+09 1.04684485e+09
 1.04684489e+09 1.04684494e+09 1.04684498e+09 1.04684502e+09
 1.04684506e+09 1.04684511e+09 1.04684515e+09 1.04684519e+09
 1.04684523e+09 1.04684528e+09 1.04684532e+09 1.04684536e+09
 1.04684540e+09 1.04684545e+09 1.04684549e+09 1.04684553e+09
 1.04684557e+09 1.04684562e+09 1.04684566e+09 1.04684570e+09
 1.04684574e+09 1.04684579e+09 1.04684583e+09 1.04684587e+09
 1.04684591e+09 1.04684596e+09 1.04684600e+09 1.04684604e+09
 1.04684608e+09 1.04684613e+09 1.04684617e+09 1.04684621e+09
 1.04684625e+09 1.04684630e+09 1.04684634e+09 1.04684638e+09
 1.04684642e+09 1.04684647e+09 1.04684651e+09 1.04684655e+09
 1.04684659e+09 1.04684663e+09 1.04684668e+09 1.04684672e+09
 1.04684676e+09 1.04684680e+09 1.04684685e+09 1.04684689e+09
 1.04684693e+09 1.04684697e+09 1.04684702e+09 1.04684706e+09
 1.04684710e+09 1.04684714e+09 1.04684719e+09 1.04684723e+09
 1.04684727e+09 1.04684731e+09 1.04684736e+09 1.04684740e+09
 1.04684744e+09 1.04684748e+09 1.04684753e+09 1.04684757e+09
 1.04684761e+09 1.04684765e+09 1.04684770e+09 1.04684774e+09
 1.04684778e+09 1.04684782e+09 1.04684787e+09 1.04684791e+09
 1.04684795e+09 1.04684799e+09 1.04684804e+09 1.04684808e+09
 1.04684812e+09 1.04684816e+09 1.04684821e+09 1.04684825e+09
 1.04684829e+09 1.04684833e+09 1.04684838e+09 1.04684842e+09
 1.04684846e+09 1.04684850e+09 1.04684855e+09 1.04684859e+09
 1.04684863e+09 1.04684867e+09 1.04684872e+09 1.04684876e+09
 1.04684880e+09 1.04684884e+09 1.04684889e+09 1.04684893e+09
 1.04684897e+09 1.04684901e+09 1.04684906e+09 1.04684910e+09
 1.04684914e+09 1.04684918e+09 1.04684923e+09 1.04684927e+09
 1.04684931e+09 1.04684935e+09 1.04684940e+09 1.04684944e+09
 1.04684948e+09 1.04684952e+09 1.04684957e+09 1.04684961e+09
 1.04684965e+09 1.04684969e+09 1.04684974e+09 1.04684978e+09
 1.04684982e+09 1.04684986e+09 1.04684991e+09 1.04684995e+09
 1.04684999e+09 1.04685003e+09 1.04685008e+09 1.04685012e+09
 1.04685016e+09 1.04685020e+09 1.04685025e+09 1.04685029e+09
 1.04685033e+09 1.04685037e+09 1.04685042e+09 1.04685046e+09
 1.04685050e+09 1.04685054e+09 1.04685059e+09 1.04685063e+09
 1.04685067e+09 1.04685071e+09 1.04685076e+09 1.04685080e+09
 1.04685084e+09 1.04685088e+09 1.04685093e+09 1.04685097e+09
 1.04685101e+09 1.04685105e+09 1.04685110e+09 1.04685114e+09
 1.04685118e+09 1.04685122e+09 1.04685127e+09 1.04685131e+09
 1.04685135e+09 1.04685139e+09 1.04685144e+09 1.04685148e+09
 1.04685152e+09 1.04685156e+09 1.04685161e+09 1.04685165e+09
 1.04685169e+09 1.04685173e+09 1.04685178e+09 1.04685182e+09
 1.04685186e+09 1.04685190e+09 1.04685195e+09 1.04685199e+09
 1.04685203e+09 1.04685207e+09 1.04685212e+09 1.04685216e+09
 1.04685220e+09 1.04685224e+09 1.04685229e+09 1.04685233e+09
 1.04685237e+09 1.04685241e+09 1.04685246e+09 1.04685250e+09
 1.04685254e+09 1.04685258e+09 1.04685263e+09 1.04685267e+09
 1.04685271e+09 1.04685275e+09 1.04685280e+09 1.04685284e+09
 1.04685288e+09 1.04685292e+09 1.04685296e+09 1.04685301e+09
 1.04685305e+09 1.04685309e+09 1.04685313e+09 1.04685318e+09
 1.04685322e+09 1.04685326e+09 1.04685330e+09 1.04685335e+09
 1.04685339e+09 1.04685343e+09 1.04685347e+09 1.04685352e+09
 1.04685356e+09 1.04685360e+09 1.04685364e+09 1.04685369e+09
 1.04685373e+09 1.04685377e+09 1.04685381e+09 1.04685386e+09
 1.04685390e+09 1.04685394e+09 1.04685398e+09 1.04685403e+09
 1.04685407e+09 1.04685411e+09 1.04685415e+09 1.04685420e+09
 1.04685424e+09 1.04685428e+09 1.04685432e+09 1.04685437e+09
 1.04685441e+09 1.04685445e+09 1.04685449e+09 1.04685454e+09
 1.04685458e+09 1.04685462e+09 1.04685466e+09 1.04685471e+09
 1.04685475e+09 1.04685479e+09 1.04685483e+09 1.04685488e+09
 1.04685492e+09 1.04685496e+09 1.04685500e+09 1.04685505e+09
 1.04685509e+09 1.04685513e+09 1.04685517e+09 1.04685522e+09
 1.04685526e+09 1.04685530e+09 1.04685534e+09 1.04685539e+09
 1.04685543e+09 1.04685547e+09 1.04685551e+09 1.04685556e+09
 1.04685560e+09 1.04685564e+09 1.04685568e+09 1.04685573e+09
 1.04685577e+09 1.04685581e+09 1.04685585e+09 1.04685590e+09
 1.04685594e+09 1.04685598e+09 1.04685602e+09 1.04685607e+09
 1.04685611e+09 1.04685615e+09 1.04685619e+09 1.04685624e+09
 1.04685628e+09 1.04685632e+09 1.04685636e+09 1.04685641e+09
 1.04685645e+09 1.04685649e+09 1.04685653e+09 1.04685658e+09
 1.04685662e+09 1.04685666e+09 1.04685670e+09 1.04685675e+09
 1.04685679e+09 1.04685683e+09 1.04685687e+09 1.04685692e+09
 1.04685696e+09 1.04685700e+09 1.04685704e+09 1.04685709e+09
 1.04685713e+09 1.04685717e+09 1.04685721e+09 1.04685726e+09
 1.04685730e+09 1.04685734e+09 1.04685738e+09 1.04685743e+09
 1.04685747e+09 1.04685751e+09 1.04685755e+09 1.04685760e+09
 1.04685764e+09 1.04685768e+09 1.04685772e+09 1.04685777e+09
 1.04685781e+09 1.04685785e+09 1.04685789e+09 1.04685794e+09
 1.04685798e+09 1.04685802e+09 1.04685806e+09 1.04685811e+09
 1.04685815e+09 1.04685819e+09 1.04685823e+09 1.04685828e+09
 1.04685832e+09 1.04685836e+09 1.04685840e+09 1.04685845e+09
 1.04685849e+09 1.04685853e+09 1.04685857e+09 1.04685862e+09
 1.04685866e+09 1.04685870e+09 1.04685874e+09 1.04685879e+09
 1.04685883e+09 1.04685887e+09 1.04685891e+09 1.04685896e+09
 1.04685900e+09 1.04685904e+09 1.04685908e+09 1.04685913e+09
 1.04685917e+09 1.04685921e+09 1.04685925e+09 1.04685929e+09
 1.04685934e+09 1.04685938e+09 1.04685942e+09 1.04685946e+09
 1.04685951e+09 1.04685955e+09 1.04685959e+09 1.04685963e+09
 1.04685968e+09 1.04685972e+09 1.04685976e+09 1.04685980e+09
 1.04685985e+09 1.04685989e+09 1.04685993e+09 1.04685997e+09
 1.04686002e+09 1.04686006e+09 1.04686010e+09 1.04686014e+09
 1.04686019e+09 1.04686023e+09 1.04686027e+09 1.04686031e+09
 1.04686036e+09 1.04686040e+09 1.04686044e+09 1.04686048e+09
 1.04686053e+09 1.04686057e+09 1.04686061e+09 1.04686065e+09
 1.04686070e+09 1.04686074e+09 1.04686078e+09 1.04686082e+09
 1.04686087e+09 1.04686091e+09 1.04686095e+09 1.04686099e+09
 1.04686104e+09 1.04686108e+09 1.04686112e+09 1.04686116e+09
 1.04686121e+09 1.04686125e+09 1.04686129e+09 1.04686133e+09
 1.04686138e+09 1.04686142e+09 1.04686146e+09 1.04686150e+09
 1.04686155e+09 1.04686159e+09 1.04686163e+09 1.04686167e+09
 1.04686172e+09 1.04686176e+09 1.04686180e+09 1.04686184e+09
 1.04686189e+09 1.04686193e+09 1.04686197e+09 1.04686201e+09
 1.04686206e+09 1.04686210e+09 1.04686214e+09 1.04686218e+09
 1.04686223e+09 1.04686227e+09 1.04686231e+09 1.04686235e+09
 1.04686240e+09 1.04686244e+09 1.04686248e+09 1.04686252e+09
 1.04686257e+09 1.04686261e+09 1.04686265e+09 1.04686269e+09
 1.04686274e+09 1.04686278e+09 1.04686282e+09 1.04686286e+09
 1.04686291e+09 1.04686295e+09 1.04686299e+09 1.04686303e+09
 1.04686308e+09 1.04686312e+09 1.04686316e+09 1.04686320e+09
 1.04686325e+09 1.04686329e+09 1.04686333e+09 1.04686337e+09
 1.04686342e+09 1.04686346e+09 1.04686350e+09 1.04686354e+09
 1.04686359e+09 1.04686363e+09 1.04686367e+09 1.04686371e+09
 1.04686376e+09 1.04686380e+09 1.04686384e+09 1.04686388e+09
 1.04686393e+09 1.04686397e+09 1.04686401e+09 1.04686405e+09
 1.04686410e+09 1.04686414e+09 1.04686418e+09 1.04686422e+09
 1.04686427e+09 1.04686431e+09 1.04686435e+09 1.04686439e+09
 1.04686444e+09 1.04686448e+09 1.04686452e+09 1.04686456e+09
 1.04686461e+09 1.04686465e+09 1.04686469e+09 1.04686473e+09
 1.04686478e+09 1.04686482e+09 1.04686486e+09 1.04686490e+09
 1.04686495e+09 1.04686499e+09 1.04686503e+09 1.04686507e+09
 1.04686512e+09 1.04686516e+09 1.04686520e+09 1.04686524e+09
 1.04686529e+09 1.04686533e+09 1.04686537e+09 1.04686541e+09
 1.04686546e+09 1.04686550e+09 1.04686554e+09 1.04686558e+09
 1.04686562e+09 1.04686567e+09 1.04686571e+09 1.04686575e+09
 1.04686579e+09 1.04686584e+09 1.04686588e+09 1.04686592e+09
 1.04686596e+09 1.04686601e+09 1.04686605e+09 1.04686609e+09
 1.04686613e+09 1.04686618e+09 1.04686622e+09 1.04686626e+09
 1.04686630e+09 1.04686635e+09 1.04686639e+09 1.04686643e+09
 1.04686647e+09 1.04686652e+09 1.04686656e+09 1.04686660e+09
 1.04686664e+09 1.04686669e+09 1.04686673e+09 1.04686677e+09
 1.04686681e+09 1.04686686e+09 1.04686690e+09 1.04686694e+09
 1.04686698e+09 1.04686703e+09 1.04686707e+09 1.04686711e+09
 1.04686715e+09 1.04686720e+09 1.04686724e+09 1.04686728e+09
 1.04686732e+09 1.04686737e+09 1.04686741e+09 1.04686745e+09
 1.04686749e+09 1.04686754e+09 1.04686758e+09 1.04686762e+09
 1.04686766e+09 1.04686771e+09 1.04686775e+09 1.04686779e+09
 1.04686783e+09 1.04686788e+09 1.04686792e+09 1.04686796e+09
 1.04686800e+09 1.04686805e+09 1.04686809e+09 1.04686813e+09
 1.04686817e+09 1.04686822e+09 1.04686826e+09 1.04686830e+09
 1.04686834e+09 1.04686839e+09 1.04686843e+09 1.04686847e+09
 1.04686851e+09 1.04686856e+09 1.04686860e+09 1.04686864e+09
 1.04686868e+09 1.04686873e+09 1.04686877e+09 1.04686881e+09
 1.04686885e+09 1.04686890e+09 1.04686894e+09 1.04686898e+09
 1.04686902e+09 1.04686907e+09 1.04686911e+09 1.04686915e+09
 1.04686919e+09 1.04686924e+09 1.04686928e+09 1.04686932e+09
 1.04686936e+09 1.04686941e+09 1.04686945e+09 1.04686949e+09
 1.04686953e+09 1.04686958e+09 1.04686962e+09 1.04686966e+09
 1.04686970e+09 1.04686975e+09 1.04686979e+09 1.04686983e+09
 1.04686987e+09 1.04686992e+09 1.04686996e+09 1.04687000e+09
 1.04687004e+09 1.04687009e+09 1.04687013e+09 1.04687017e+09
 1.04687021e+09 1.04687026e+09 1.04687030e+09 1.04687034e+09
 1.04687038e+09 1.04687043e+09 1.04687047e+09 1.04687051e+09
 1.04687055e+09 1.04687060e+09 1.04687064e+09 1.04687068e+09
 1.04687072e+09 1.04687077e+09 1.04687081e+09 1.04687085e+09
 1.04687089e+09 1.04687094e+09 1.04687098e+09 1.04687102e+09
 1.04687106e+09 1.04687111e+09 1.04687115e+09 1.04687119e+09
 1.04687123e+09 1.04687128e+09 1.04687132e+09 1.04687136e+09
 1.04687140e+09 1.04687145e+09 1.04687149e+09 1.04687153e+09
 1.04687157e+09 1.04687162e+09 1.04687166e+09 1.04687170e+09
 1.04687174e+09 1.04687178e+09 1.04687183e+09 1.04687187e+09
 1.04687191e+09 1.04687195e+09 1.04687200e+09 1.04687204e+09
 1.04687208e+09 1.04687212e+09 1.04687217e+09 1.04687221e+09
 1.04687225e+09 1.04687229e+09 1.04687234e+09 1.04687238e+09
 1.04687242e+09 1.04687246e+09 1.04687251e+09 1.04687255e+09
 1.04687259e+09 1.04687263e+09 1.04687268e+09 1.04687272e+09
 1.04687276e+09 1.04687280e+09 1.04687285e+09 1.04687289e+09
 1.04687293e+09 1.04687297e+09 1.04687302e+09 1.04687306e+09
 1.04687310e+09 1.04687314e+09 1.04687319e+09 1.04687323e+09
 1.04687327e+09 1.04687331e+09 1.04687336e+09 1.04687340e+09
 1.04687344e+09 1.04687348e+09 1.04687353e+09 1.04687357e+09
 1.04687361e+09 1.04687365e+09 1.04687370e+09 1.04687374e+09
 1.04687378e+09 1.04687382e+09 1.04687387e+09 1.04687391e+09
 1.04687395e+09 1.04687399e+09 1.04687404e+09 1.04687408e+09
 1.04687412e+09 1.04687416e+09 1.04687421e+09 1.04687425e+09
 1.04687429e+09 1.04687433e+09 1.04687438e+09 1.04687442e+09
 1.04687446e+09 1.04687450e+09 1.04687455e+09 1.04687459e+09
 1.04687463e+09 1.04687467e+09 1.04687472e+09 1.04687476e+09]
minRes = 0.09811639548772226
minResTime =  [1.04687455e+09]
