name =JUICE_ROI_CAL_4_7_02
flyby =  ['2032 AUG 14 10:09:17', '2032 AUG 15 10:09:17']
Observation TW =  <SpiceCell dtype = 1, length = 0, size = 2400, card = 4, is_set = 1, adjust = 0, init = 1, base = 2554797810320, data = 2554797810368>
Res(t) =  [0.69892743 0.70018809 0.70145325 0.70272284 0.70399679 0.70527502
 0.70655746 0.70784404 0.7091347  0.71042937 0.71172798 0.71303047
 0.71433677 0.71564683 0.71696059 0.71827799 0.71959896 0.72092346
 0.72225143 0.72358281 0.72491755 0.7262556  0.72759692 0.72894144
 0.73028912 0.73163991 0.73299377 0.73435064 0.7357105  0.73707328
 0.73843894 0.73980745 0.74117876 0.74255283 0.74392963 0.7453091
 0.74669121 0.74807593 0.74946321 0.75085302 0.75224533 0.75364009
 0.75503728 0.75643686 0.75783879 0.75924304 0.76064958 0.76205838
 0.76346941 0.76488263 0.76629802 0.76771555 0.76913518 0.77055689
 0.77198065 0.77340644 0.77483422 0.77626396 0.77769565 0.77912926
 0.78056475 0.78200211 0.78344132 0.78488234 0.78632515 0.78776973
 0.78921606 0.79066411 0.79211386 0.7935653  0.79501839 0.79647311
 0.79792946 0.79938739 0.8008469  0.80230797 0.80377057 0.80523469
 0.8067003  0.80816739 0.80963594 0.81110593 0.81257735 0.81405017
 0.81552438 0.81699995 0.81847689 0.81995516 0.82143475 0.82291564
 0.82439783 0.82588128 0.827366   0.82885196 0.83033914 0.83182754
 0.83331714 0.83480792 0.83629987 0.83779297 0.83928722 0.84078259
 0.84227908 0.84377668 0.84527536 0.84677512 0.84827594 0.84977781
 0.85128072 0.85278466 0.85428961 0.85579556 0.85730251 0.85881043
 0.86031932 0.86182917 0.86333997 0.8648517  0.86636436 0.86787793
 0.8693924  0.87090777 0.87242402 0.87394114 0.87545912 0.87697796
 0.87849765 0.88001816 0.8815395  0.88306166 0.88458462 0.88610838
 0.88763293 0.88915826 0.89068436 0.89221122 0.89373883 0.89526719
 0.89679629 0.89832611 0.89985666 0.90138791 0.90291988 0.90445254
 0.90598589 0.90751992 0.90905463 0.91059    0.91212603 0.91366272
 0.91520005 0.91673802 0.91827661 0.91981584 0.92135568 0.92289613
 0.92443719 0.92597884 0.92752109 0.92906392 0.93060733 0.93215131
 0.93369585 0.93524096 0.93678662 0.93833283 0.93987958 0.94142686
 0.94297468 0.94452302 0.9512375  0.9527791  0.95432126 0.95586396
 0.95740721 0.95895098 0.96049529 0.96204012 0.96358547 0.96513133
 0.96667769 0.96822456 0.96977192 0.97131978 0.97286812 0.97441694
 0.97596623 0.977516   0.97906623 0.98061693 0.98216807 0.98371967
 0.98527172 0.98682421 0.98837713 0.98993049 0.99148427 0.99303848
 0.99459311 0.99614815 0.9977036  0.99925946 1.00081572 1.00237238
 1.00392943 1.00548687 1.00704469 1.0086029  1.01016148 1.01172044
 1.01327976 1.01483945 1.0163995  1.01795991 1.01952068 1.02108179
 1.02264325 1.02420505 1.0257672  1.02732967 1.02889248 1.03045562
 1.03201909 1.03358287 1.03514698 1.0367114  1.03827613 1.03984117
 1.04140651 1.04297216 1.0445381  1.04610434 1.04767087 1.0492377
 1.05080481 1.0523722  1.05393987 1.05550782 1.05707604 1.05864454
 1.0602133  1.06178233 1.06335162 1.06492117 1.06649098 1.06806104
 1.06963136 1.07120192 1.07277273 1.07434378 1.07591508 1.07748661
 1.07905838 1.08063038 1.08220261 1.08377507 1.08534775 1.08692066
 1.08849379 1.09006714 1.0916407  1.09321448 1.09478847 1.09636266
 1.09793707 1.09951168 1.10108648 1.10266149 1.1042367  1.1058121
 1.1073877  1.10896348 1.11053946 1.11211562 1.11369197 1.11526849
 1.1168452  1.11842209 1.11999915 1.12157639 1.1231538  1.12473138
 1.12630913 1.12788704 1.12946512 1.13104336 1.13262176 1.13420032
 1.13577904 1.13735791 1.13893694 1.14051612 1.14209544 1.14367492
 1.14525454 1.1468343  1.14841421 1.14999426 1.15157444 1.15315477
 1.15473523 1.15631582 1.15789655 1.1594774  1.16105839 1.1626395
 1.16422074 1.16580211 1.16738359 1.1689652  1.17054693 1.17212877
 1.17371074 1.17529281 1.176875   1.17845731 1.18003972 1.18162224
 1.18320488 1.18478761 1.18637045 1.1879534  1.18953645 1.1911196
 1.19270284 1.19428619 1.19586963 1.19745317 1.1990368  1.20062052
 1.20220434 1.20378824 1.20537224 1.20695632 1.20854049 1.21012474
 1.21170908 1.2132935  1.214878   1.21646258 1.21804724 1.21963197
 1.22121678 1.22280167 1.22438664 1.22597167 1.22755678 1.22914196
 1.2307272  1.23231252 1.2338979  1.23548335 1.23706886 1.23865444
 1.24024008 1.24182579 1.24341155 1.24499737 1.24658326 1.2481692
 1.24975519 1.25134124 1.25292735 1.25451351 1.25609972 1.25768599
 1.2592723  1.26085867 1.26244508 1.26403154 1.26561805 1.2672046
 1.2687912  1.27037784 1.27196452 1.27355125 1.27513802 1.27672483
 1.27831167 1.27989856 1.28148548 1.28307244 1.28465944 1.28624647
 1.28783354 1.28942063 1.29100776 1.29259493 1.29418212 1.29576934
 1.2973566  1.29894388 1.30053118 1.30211852 1.30370588 1.30529326
 1.30688067 1.30846811 1.31005556 1.31164304 1.31323054 1.31481806
 1.3164056  1.31799316 1.31958073 1.32116833 1.32275594 1.32434357
 1.32593121 1.32751886 1.32910654 1.33069422 1.33228192 1.33386962
 1.33545734 1.33704507 1.33863281 1.34022056 1.34180832 1.34339608
 1.34498385 1.34657163 1.34815942 1.34974721 1.351335   1.3529228
 1.3545106  1.3560984  1.35768621 1.35927401 1.36086182 1.36244963
 1.36403744 1.36562524 1.36721305 1.36880085 1.37038865 1.37197645
 1.37356424 1.37515203 1.37673981 1.37832758 1.37991536 1.38150312
 1.38309088 1.38467862 1.38626636 1.38785409 1.38944182 1.39102953
 1.39261723 1.39420492 1.3957926  1.39738026 1.39896791 1.40055555
 1.40214318 1.40373079 1.40531839 1.40690597 1.40849354 1.41008109
 1.41166862 1.41325614 1.41484363 1.41643111 1.41801858 1.41960602
 1.42119344 1.42278084 1.42436822 1.42595559 1.42754293 1.42913024
 1.43071754 1.43230481 1.43389206 1.43547929 1.43706649 1.43865366
 1.44024082 1.44182794 1.44341504 1.44500212 1.44658916 1.44817619
 1.44976318 1.45135014 1.45293708 1.45452399 1.45611087 1.45769772
 1.45928454 1.46087132 1.46245808 1.46404481 1.4656315  1.46721817
 1.4688048  1.4703914  1.47197796 1.47356449 1.47515099 1.47673746
 1.47832389 1.47991028 1.48149664 1.48308296 1.48466925 1.4862555
 1.48784172 1.48942789 1.49101403 1.49260014 1.4941862  1.49577223
 1.49735821 1.49894416 1.50053007 1.50211594 1.50370177 1.50528755
 1.5068733  1.50845901 1.51004467 1.51163029 1.51321587 1.51480141
 1.51638691 1.51797236 1.51955777 1.52114314 1.52272846 1.52431373
 1.52589897 1.52748416 1.5290693  1.5306544  1.53223945 1.53382445
 1.53540941 1.53699433 1.53857919 1.54016401 1.54174878 1.5433335
 1.54491818 1.54650281 1.54808739 1.54967192 1.5512564  1.55284083
 1.55442521 1.55600954 1.55759382 1.55917805 1.56076223 1.56234636
 1.56393044 1.56551447 1.56709844 1.56868236 1.57026624 1.57185005
 1.57343382 1.57501753 1.57660119 1.5781848  1.57976835 1.58135185
 1.58293529 1.58451868 1.58610201 1.58768529 1.58926852 1.59085169
 1.5924348  1.59401786 1.59560086 1.5971838  1.59876669 1.60034953
 1.6019323  1.60351502 1.60509768 1.60668028 1.60826283 1.60984531
 1.61142774 1.61301011 1.61459243 1.61617468 1.61775687 1.61933901
 1.62092108 1.6225031  1.62408505 1.62566695 1.62724878 1.62883056
 1.63041227 1.63199392 1.63357552 1.63515705 1.63673851 1.63831992
 1.63990127 1.64148255 1.64306377 1.64464493 1.64622603 1.64780706
 1.64938803 1.65096894 1.65254978 1.65413056 1.65571128 1.65729193
 1.65887252 1.66045305 1.66203351 1.6636139  1.66519423 1.6667745
 1.6683547  1.66993484 1.67151491 1.67309491 1.67467485 1.67625473
 1.67783453 1.67941427 1.68099395 1.68257356 1.6841531  1.68573257
 1.68731198 1.68889132 1.6904706  1.6920498  1.69362894 1.69520801
 1.69678701 1.69836595 1.69994481 1.70152361 1.70310234 1.704681
 1.7062596  1.70783812 1.70941657 1.71099496 1.71257327 1.71415152
 1.7157297  1.7173078  1.71888584 1.72046381 1.7220417  1.72361953
 1.72519729 1.72677497 1.72835259 1.72993013 1.7315076  1.733085
 1.73466233 1.73623959 1.73781678 1.7393939  1.74097094 1.74254791
 1.74412481 1.74570164 1.7472784  1.74885508 1.75043169 1.75200823
 1.7535847  1.75516109 1.75673741 1.75831366 1.75988983 1.76146594
 1.76304196 1.76461792 1.7661938  1.7677696  1.76934534 1.770921
 1.77249658 1.77407209 1.77564753 1.77722289 1.77879818 1.78037339
 1.78194853 1.78352359 1.78509858 1.7866735  1.78824834 1.7898231
 1.79139779 1.7929724  1.79454694 1.7961214  1.79769578 1.79927009
 1.80084433 1.80241849 1.80399257 1.80556658 1.80714051 1.80871436
 1.81028814 1.81186184 1.81343546 1.81500901 1.81658248 1.81815587
 1.81972919 1.82130243 1.82287559 1.82444867 1.82602168 1.82759461
 1.82916746 1.83074024 1.83231294 1.83388556 1.8354581  1.83703056
 1.83860295 1.84017525 1.84174748 1.84331964 1.84489171 1.8464637
 1.84803562 1.84960746 1.85117922 1.8527509  1.8543225  1.85589402
 1.85746546 1.85903683 1.86060811 1.86217932 1.86375045 1.86532149
 1.86689246 1.86846335 1.87003416 1.87160489 1.87317554 1.87474611
 1.8763166  1.87788701 1.87945734 1.88102759 1.88259776 1.88416785
 1.88573786 1.88730779 1.88887764 1.89044741 1.8920171  1.89358671
 1.89515624 1.89672568 1.89829505 1.89986433 1.90143354 1.90300266
 1.90457171 1.90614067 1.90770955 1.90927835 1.91084707 1.9124157
 1.91398426 1.91555273 1.91712113 1.91868944 1.92025767 1.92182582
 1.92339388 1.92496187 1.92652977 1.92809759 1.92966533 1.93123299
 1.93280057 1.93436806 1.93593547 1.9375028  1.93907005 1.94063721
 1.9422043  1.9437713  1.94533822 1.94690505 1.94847181 1.95003848
 1.95160506 1.95317157 1.95473799 1.95630433 1.95787059 1.95943677
 1.96100286 1.96256887 1.96413479 1.96570064 1.9672664  1.96883208
 1.97039767 1.97196318 1.97352861 1.97509395 1.97665922 1.97822439
 1.97978949 1.9813545  1.98291943 1.98448427 1.98604903 1.98761371
 1.98917831 1.99074282 1.99230724 1.99387159 1.99543585 1.99700002
 1.99856411 2.00012812 2.00169205 2.00325589 2.00481964 2.00638331
 2.0079469  2.00951041 2.01107383 2.01263716 2.01420042 2.01576358
 2.01732667 2.01888967 2.02045258 2.02201541 2.02357816 2.02514082
 2.0267034  2.02826589 2.0298283  2.03139062 2.03295286 2.03451502
 2.03607709 2.03763908 2.03920098 2.0407628  2.04232453 2.04388618
 2.04544774 2.04700922 2.04857061 2.05013192 2.05169314 2.05325428
 2.05481533 2.0563763  2.05793719 2.05949799 2.0610587  2.06261933
 2.06417987 2.06574033 2.06730071 2.06886099 2.0704212  2.07198132
 2.07354135 2.0751013  2.07666116 2.07822094 2.07978063 2.08134024
 2.08289976 2.0844592  2.08601855 2.08757781 2.089137   2.09069609
 2.0922551  2.09381402 2.09537286 2.09693162 2.09849028 2.10004887
 2.10160736 2.10316577 2.1047241  2.10628234 2.1078405  2.10939856
 2.11095655 2.11251445 2.11407226 2.11562998 2.11718762 2.11874518
 2.12030265 2.12186003 2.12341733 2.12497454 2.12653167 2.12808871
 2.12964567 2.13120253 2.13275932 2.13431601 2.13587263 2.13742915
 2.13898559 2.14054195 2.14209821 2.1436544  2.14521049 2.1467665
 2.14832243 2.14987827 2.15143402 2.15298968 2.15454527 2.15610076
 2.15765617 2.15921149 2.16076673 2.16232188 2.16387694 2.16543192
 2.16698681 2.16854162 2.17009634 2.17165097 2.17320552 2.17475999
 2.17631436 2.17786865 2.17942286 2.18097697 2.182531   2.18408495
 2.18563881 2.18719258 2.18874627 2.19029987 2.19185339 2.19340682
 2.19496016 2.19651341 2.19806658 2.19961967 2.20117267 2.20272558
 2.2042784  2.20583114 2.2073838  2.20893636 2.21048884 2.21204124
 2.21359355 2.21514577 2.21669791 2.21824996 2.21980192 2.2213538
 2.22290559 2.22445729 2.22600891 2.22756044 2.22911189 2.23066325
 2.23221453 2.23376571 2.23531681 2.23686783 2.23841876 2.2399696
 2.24152036 2.24307103 2.24462161 2.24617211 2.24772252 2.24927285
 2.25082309 2.25237324 2.25392331 2.25547329]
t =  [1.02941076e+09 1.02941077e+09 1.02941079e+09 1.02941080e+09
 1.02941082e+09 1.02941083e+09 1.02941085e+09 1.02941086e+09
 1.02941088e+09 1.02941089e+09 1.02941091e+09 1.02941092e+09
 1.02941094e+09 1.02941095e+09 1.02941097e+09 1.02941098e+09
 1.02941100e+09 1.02941101e+09 1.02941103e+09 1.02941104e+09
 1.02941106e+09 1.02941107e+09 1.02941109e+09 1.02941110e+09
 1.02941112e+09 1.02941113e+09 1.02941115e+09 1.02941116e+09
 1.02941118e+09 1.02941119e+09 1.02941121e+09 1.02941122e+09
 1.02941124e+09 1.02941125e+09 1.02941127e+09 1.02941128e+09
 1.02941130e+09 1.02941131e+09 1.02941133e+09 1.02941134e+09
 1.02941136e+09 1.02941137e+09 1.02941139e+09 1.02941140e+09
 1.02941142e+09 1.02941143e+09 1.02941145e+09 1.02941146e+09
 1.02941148e+09 1.02941149e+09 1.02941151e+09 1.02941152e+09
 1.02941154e+09 1.02941155e+09 1.02941157e+09 1.02941158e+09
 1.02941160e+09 1.02941161e+09 1.02941163e+09 1.02941164e+09
 1.02941166e+09 1.02941167e+09 1.02941169e+09 1.02941170e+09
 1.02941172e+09 1.02941173e+09 1.02941175e+09 1.02941176e+09
 1.02941178e+09 1.02941179e+09 1.02941181e+09 1.02941182e+09
 1.02941184e+09 1.02941185e+09 1.02941187e+09 1.02941188e+09
 1.02941190e+09 1.02941191e+09 1.02941193e+09 1.02941194e+09
 1.02941195e+09 1.02941197e+09 1.02941198e+09 1.02941200e+09
 1.02941201e+09 1.02941203e+09 1.02941204e+09 1.02941206e+09
 1.02941207e+09 1.02941209e+09 1.02941210e+09 1.02941212e+09
 1.02941213e+09 1.02941215e+09 1.02941216e+09 1.02941218e+09
 1.02941219e+09 1.02941221e+09 1.02941222e+09 1.02941224e+09
 1.02941225e+09 1.02941227e+09 1.02941228e+09 1.02941230e+09
 1.02941231e+09 1.02941233e+09 1.02941234e+09 1.02941236e+09
 1.02941237e+09 1.02941239e+09 1.02941240e+09 1.02941242e+09
 1.02941243e+09 1.02941245e+09 1.02941246e+09 1.02941248e+09
 1.02941249e+09 1.02941251e+09 1.02941252e+09 1.02941254e+09
 1.02941255e+09 1.02941257e+09 1.02941258e+09 1.02941260e+09
 1.02941261e+09 1.02941263e+09 1.02941264e+09 1.02941266e+09
 1.02941267e+09 1.02941269e+09 1.02941270e+09 1.02941272e+09
 1.02941273e+09 1.02941275e+09 1.02941276e+09 1.02941278e+09
 1.02941279e+09 1.02941281e+09 1.02941282e+09 1.02941284e+09
 1.02941285e+09 1.02941287e+09 1.02941288e+09 1.02941290e+09
 1.02941291e+09 1.02941293e+09 1.02941294e+09 1.02941296e+09
 1.02941297e+09 1.02941299e+09 1.02941300e+09 1.02941302e+09
 1.02941303e+09 1.02941305e+09 1.02941306e+09 1.02941308e+09
 1.02941309e+09 1.02941311e+09 1.02941312e+09 1.02941314e+09
 1.02941315e+09 1.02941317e+09 1.02941318e+09 1.02941320e+09
 1.02941321e+09 1.02941323e+09 1.02941324e+09 1.02941326e+09
 1.02941327e+09 1.02941329e+09 1.02941330e+09 1.02941332e+09
 1.02941333e+09 1.02941335e+09 1.02941336e+09 1.02941338e+09
 1.02941339e+09 1.02941341e+09 1.02941342e+09 1.02941344e+09
 1.02941345e+09 1.02941347e+09 1.02941348e+09 1.02941350e+09
 1.02941351e+09 1.02941353e+09 1.02941354e+09 1.02941356e+09
 1.02941357e+09 1.02941359e+09 1.02941360e+09 1.02941362e+09
 1.02941363e+09 1.02941365e+09 1.02941366e+09 1.02941368e+09
 1.02941369e+09 1.02941371e+09 1.02941372e+09 1.02941374e+09
 1.02941375e+09 1.02941377e+09 1.02941378e+09 1.02941380e+09
 1.02941381e+09 1.02941383e+09 1.02941384e+09 1.02941386e+09
 1.02941387e+09 1.02941389e+09 1.02941390e+09 1.02941392e+09
 1.02941393e+09 1.02941395e+09 1.02941396e+09 1.02941398e+09
 1.02941399e+09 1.02941401e+09 1.02941402e+09 1.02941404e+09
 1.02941405e+09 1.02941407e+09 1.02941408e+09 1.02941410e+09
 1.02941411e+09 1.02941413e+09 1.02941414e+09 1.02941416e+09
 1.02941417e+09 1.02941419e+09 1.02941420e+09 1.02941422e+09
 1.02941423e+09 1.02941425e+09 1.02941426e+09 1.02941428e+09
 1.02941429e+09 1.02941431e+09 1.02941432e+09 1.02941434e+09
 1.02941435e+09 1.02941437e+09 1.02941438e+09 1.02941440e+09
 1.02941441e+09 1.02941443e+09 1.02941444e+09 1.02941446e+09
 1.02941447e+09 1.02941449e+09 1.02941450e+09 1.02941452e+09
 1.02941453e+09 1.02941455e+09 1.02941456e+09 1.02941458e+09
 1.02941459e+09 1.02941461e+09 1.02941462e+09 1.02941464e+09
 1.02941465e+09 1.02941467e+09 1.02941468e+09 1.02941470e+09
 1.02941471e+09 1.02941473e+09 1.02941474e+09 1.02941476e+09
 1.02941477e+09 1.02941479e+09 1.02941480e+09 1.02941482e+09
 1.02941483e+09 1.02941485e+09 1.02941486e+09 1.02941488e+09
 1.02941489e+09 1.02941491e+09 1.02941492e+09 1.02941494e+09
 1.02941495e+09 1.02941497e+09 1.02941498e+09 1.02941500e+09
 1.02941501e+09 1.02941503e+09 1.02941504e+09 1.02941506e+09
 1.02941507e+09 1.02941509e+09 1.02941510e+09 1.02941512e+09
 1.02941513e+09 1.02941515e+09 1.02941516e+09 1.02941518e+09
 1.02941519e+09 1.02941521e+09 1.02941522e+09 1.02941524e+09
 1.02941525e+09 1.02941527e+09 1.02941528e+09 1.02941530e+09
 1.02941531e+09 1.02941533e+09 1.02941534e+09 1.02941536e+09
 1.02941537e+09 1.02941539e+09 1.02941540e+09 1.02941542e+09
 1.02941543e+09 1.02941545e+09 1.02941546e+09 1.02941548e+09
 1.02941549e+09 1.02941551e+09 1.02941552e+09 1.02941554e+09
 1.02941555e+09 1.02941557e+09 1.02941558e+09 1.02941560e+09
 1.02941561e+09 1.02941563e+09 1.02941564e+09 1.02941566e+09
 1.02941567e+09 1.02941569e+09 1.02941570e+09 1.02941572e+09
 1.02941573e+09 1.02941575e+09 1.02941576e+09 1.02941578e+09
 1.02941579e+09 1.02941581e+09 1.02941582e+09 1.02941584e+09
 1.02941585e+09 1.02941587e+09 1.02941588e+09 1.02941590e+09
 1.02941591e+09 1.02941593e+09 1.02941594e+09 1.02941596e+09
 1.02941597e+09 1.02941599e+09 1.02941600e+09 1.02941602e+09
 1.02941603e+09 1.02941605e+09 1.02941606e+09 1.02941608e+09
 1.02941609e+09 1.02941611e+09 1.02941612e+09 1.02941614e+09
 1.02941615e+09 1.02941617e+09 1.02941618e+09 1.02941620e+09
 1.02941621e+09 1.02941623e+09 1.02941624e+09 1.02941626e+09
 1.02941627e+09 1.02941629e+09 1.02941630e+09 1.02941632e+09
 1.02941633e+09 1.02941635e+09 1.02941636e+09 1.02941638e+09
 1.02941639e+09 1.02941641e+09 1.02941642e+09 1.02941644e+09
 1.02941645e+09 1.02941647e+09 1.02941648e+09 1.02941650e+09
 1.02941651e+09 1.02941653e+09 1.02941654e+09 1.02941656e+09
 1.02941657e+09 1.02941659e+09 1.02941660e+09 1.02941662e+09
 1.02941663e+09 1.02941665e+09 1.02941666e+09 1.02941668e+09
 1.02941669e+09 1.02941671e+09 1.02941672e+09 1.02941674e+09
 1.02941675e+09 1.02941677e+09 1.02941678e+09 1.02941680e+09
 1.02941681e+09 1.02941683e+09 1.02941684e+09 1.02941686e+09
 1.02941687e+09 1.02941689e+09 1.02941690e+09 1.02941692e+09
 1.02941693e+09 1.02941694e+09 1.02941696e+09 1.02941697e+09
 1.02941699e+09 1.02941700e+09 1.02941702e+09 1.02941703e+09
 1.02941705e+09 1.02941706e+09 1.02941708e+09 1.02941709e+09
 1.02941711e+09 1.02941712e+09 1.02941714e+09 1.02941715e+09
 1.02941717e+09 1.02941718e+09 1.02941720e+09 1.02941721e+09
 1.02941723e+09 1.02941724e+09 1.02941726e+09 1.02941727e+09
 1.02941729e+09 1.02941730e+09 1.02941732e+09 1.02941733e+09
 1.02941735e+09 1.02941736e+09 1.02941738e+09 1.02941739e+09
 1.02941741e+09 1.02941742e+09 1.02941744e+09 1.02941745e+09
 1.02941747e+09 1.02941748e+09 1.02941750e+09 1.02941751e+09
 1.02941753e+09 1.02941754e+09 1.02941756e+09 1.02941757e+09
 1.02941759e+09 1.02941760e+09 1.02941762e+09 1.02941763e+09
 1.02941765e+09 1.02941766e+09 1.02941768e+09 1.02941769e+09
 1.02941771e+09 1.02941772e+09 1.02941774e+09 1.02941775e+09
 1.02941777e+09 1.02941778e+09 1.02941780e+09 1.02941781e+09
 1.02941783e+09 1.02941784e+09 1.02941786e+09 1.02941787e+09
 1.02941789e+09 1.02941790e+09 1.02941792e+09 1.02941793e+09
 1.02941795e+09 1.02941796e+09 1.02941798e+09 1.02941799e+09
 1.02941801e+09 1.02941802e+09 1.02941804e+09 1.02941805e+09
 1.02941807e+09 1.02941808e+09 1.02941810e+09 1.02941811e+09
 1.02941813e+09 1.02941814e+09 1.02941816e+09 1.02941817e+09
 1.02941819e+09 1.02941820e+09 1.02941822e+09 1.02941823e+09
 1.02941825e+09 1.02941826e+09 1.02941828e+09 1.02941829e+09
 1.02941831e+09 1.02941832e+09 1.02941834e+09 1.02941835e+09
 1.02941837e+09 1.02941838e+09 1.02941840e+09 1.02941841e+09
 1.02941843e+09 1.02941844e+09 1.02941846e+09 1.02941847e+09
 1.02941849e+09 1.02941850e+09 1.02941852e+09 1.02941853e+09
 1.02941855e+09 1.02941856e+09 1.02941858e+09 1.02941859e+09
 1.02941861e+09 1.02941862e+09 1.02941864e+09 1.02941865e+09
 1.02941867e+09 1.02941868e+09 1.02941870e+09 1.02941871e+09
 1.02941873e+09 1.02941874e+09 1.02941876e+09 1.02941877e+09
 1.02941879e+09 1.02941880e+09 1.02941882e+09 1.02941883e+09
 1.02941885e+09 1.02941886e+09 1.02941888e+09 1.02941889e+09
 1.02941891e+09 1.02941892e+09 1.02941894e+09 1.02941895e+09
 1.02941897e+09 1.02941898e+09 1.02941900e+09 1.02941901e+09
 1.02941903e+09 1.02941904e+09 1.02941906e+09 1.02941907e+09
 1.02941909e+09 1.02941910e+09 1.02941912e+09 1.02941913e+09
 1.02941915e+09 1.02941916e+09 1.02941918e+09 1.02941919e+09
 1.02941921e+09 1.02941922e+09 1.02941924e+09 1.02941925e+09
 1.02941927e+09 1.02941928e+09 1.02941930e+09 1.02941931e+09
 1.02941933e+09 1.02941934e+09 1.02941936e+09 1.02941937e+09
 1.02941939e+09 1.02941940e+09 1.02941942e+09 1.02941943e+09
 1.02941945e+09 1.02941946e+09 1.02941948e+09 1.02941949e+09
 1.02941951e+09 1.02941952e+09 1.02941954e+09 1.02941955e+09
 1.02941957e+09 1.02941958e+09 1.02941960e+09 1.02941961e+09
 1.02941963e+09 1.02941964e+09 1.02941966e+09 1.02941967e+09
 1.02941969e+09 1.02941970e+09 1.02941972e+09 1.02941973e+09
 1.02941975e+09 1.02941976e+09 1.02941978e+09 1.02941979e+09
 1.02941981e+09 1.02941982e+09 1.02941984e+09 1.02941985e+09
 1.02941987e+09 1.02941988e+09 1.02941990e+09 1.02941991e+09
 1.02941993e+09 1.02941994e+09 1.02941996e+09 1.02941997e+09
 1.02941999e+09 1.02942000e+09 1.02942002e+09 1.02942003e+09
 1.02942005e+09 1.02942006e+09 1.02942008e+09 1.02942009e+09
 1.02942011e+09 1.02942012e+09 1.02942014e+09 1.02942015e+09
 1.02942017e+09 1.02942018e+09 1.02942020e+09 1.02942021e+09
 1.02942023e+09 1.02942024e+09 1.02942026e+09 1.02942027e+09
 1.02942029e+09 1.02942030e+09 1.02942032e+09 1.02942033e+09
 1.02942035e+09 1.02942036e+09 1.02942038e+09 1.02942039e+09
 1.02942041e+09 1.02942042e+09 1.02942044e+09 1.02942045e+09
 1.02942047e+09 1.02942048e+09 1.02942050e+09 1.02942051e+09
 1.02942053e+09 1.02942054e+09 1.02942056e+09 1.02942057e+09
 1.02942059e+09 1.02942060e+09 1.02942062e+09 1.02942063e+09
 1.02942065e+09 1.02942066e+09 1.02942068e+09 1.02942069e+09
 1.02942071e+09 1.02942072e+09 1.02942074e+09 1.02942075e+09
 1.02942077e+09 1.02942078e+09 1.02942080e+09 1.02942081e+09
 1.02942083e+09 1.02942084e+09 1.02942086e+09 1.02942087e+09
 1.02942089e+09 1.02942090e+09 1.02942092e+09 1.02942093e+09
 1.02942095e+09 1.02942096e+09 1.02942098e+09 1.02942099e+09
 1.02942101e+09 1.02942102e+09 1.02942104e+09 1.02942105e+09
 1.02942107e+09 1.02942108e+09 1.02942110e+09 1.02942111e+09
 1.02942113e+09 1.02942114e+09 1.02942116e+09 1.02942117e+09
 1.02942119e+09 1.02942120e+09 1.02942122e+09 1.02942123e+09
 1.02942125e+09 1.02942126e+09 1.02942128e+09 1.02942129e+09
 1.02942131e+09 1.02942132e+09 1.02942134e+09 1.02942135e+09
 1.02942137e+09 1.02942138e+09 1.02942140e+09 1.02942141e+09
 1.02942143e+09 1.02942144e+09 1.02942146e+09 1.02942147e+09
 1.02942149e+09 1.02942150e+09 1.02942152e+09 1.02942153e+09
 1.02942155e+09 1.02942156e+09 1.02942158e+09 1.02942159e+09
 1.02942161e+09 1.02942162e+09 1.02942164e+09 1.02942165e+09
 1.02942167e+09 1.02942168e+09 1.02942170e+09 1.02942171e+09
 1.02942173e+09 1.02942174e+09 1.02942176e+09 1.02942177e+09
 1.02942179e+09 1.02942180e+09 1.02942182e+09 1.02942183e+09
 1.02942185e+09 1.02942186e+09 1.02942188e+09 1.02942189e+09
 1.02942191e+09 1.02942192e+09 1.02942193e+09 1.02942195e+09
 1.02942196e+09 1.02942198e+09 1.02942199e+09 1.02942201e+09
 1.02942202e+09 1.02942204e+09 1.02942205e+09 1.02942207e+09
 1.02942208e+09 1.02942210e+09 1.02942211e+09 1.02942213e+09
 1.02942214e+09 1.02942216e+09 1.02942217e+09 1.02942219e+09
 1.02942220e+09 1.02942222e+09 1.02942223e+09 1.02942225e+09
 1.02942226e+09 1.02942228e+09 1.02942229e+09 1.02942231e+09
 1.02942232e+09 1.02942234e+09 1.02942235e+09 1.02942237e+09
 1.02942238e+09 1.02942240e+09 1.02942241e+09 1.02942243e+09
 1.02942244e+09 1.02942246e+09 1.02942247e+09 1.02942249e+09
 1.02942250e+09 1.02942252e+09 1.02942253e+09 1.02942255e+09
 1.02942256e+09 1.02942258e+09 1.02942259e+09 1.02942261e+09
 1.02942262e+09 1.02942264e+09 1.02942265e+09 1.02942267e+09
 1.02942268e+09 1.02942270e+09 1.02942271e+09 1.02942273e+09
 1.02942274e+09 1.02942276e+09 1.02942277e+09 1.02942279e+09
 1.02942280e+09 1.02942282e+09 1.02942283e+09 1.02942285e+09
 1.02942286e+09 1.02942288e+09 1.02942289e+09 1.02942291e+09
 1.02942292e+09 1.02942294e+09 1.02942295e+09 1.02942297e+09
 1.02942298e+09 1.02942300e+09 1.02942301e+09 1.02942303e+09
 1.02942304e+09 1.02942306e+09 1.02942307e+09 1.02942309e+09
 1.02942310e+09 1.02942312e+09 1.02942313e+09 1.02942315e+09
 1.02942316e+09 1.02942318e+09 1.02942319e+09 1.02942321e+09
 1.02942322e+09 1.02942324e+09 1.02942325e+09 1.02942327e+09
 1.02942328e+09 1.02942330e+09 1.02942331e+09 1.02942333e+09
 1.02942334e+09 1.02942336e+09 1.02942337e+09 1.02942339e+09
 1.02942340e+09 1.02942342e+09 1.02942343e+09 1.02942345e+09
 1.02942346e+09 1.02942348e+09 1.02942349e+09 1.02942351e+09
 1.02942352e+09 1.02942354e+09 1.02942355e+09 1.02942357e+09
 1.02942358e+09 1.02942360e+09 1.02942361e+09 1.02942363e+09
 1.02942364e+09 1.02942366e+09 1.02942367e+09 1.02942369e+09
 1.02942370e+09 1.02942372e+09 1.02942373e+09 1.02942375e+09
 1.02942376e+09 1.02942378e+09 1.02942379e+09 1.02942381e+09
 1.02942382e+09 1.02942384e+09 1.02942385e+09 1.02942387e+09
 1.02942388e+09 1.02942390e+09 1.02942391e+09 1.02942393e+09
 1.02942394e+09 1.02942396e+09 1.02942397e+09 1.02942399e+09
 1.02942400e+09 1.02942402e+09 1.02942403e+09 1.02942405e+09
 1.02942406e+09 1.02942408e+09 1.02942409e+09 1.02942411e+09
 1.02942412e+09 1.02942414e+09 1.02942415e+09 1.02942417e+09
 1.02942418e+09 1.02942420e+09 1.02942421e+09 1.02942423e+09
 1.02942424e+09 1.02942426e+09 1.02942427e+09 1.02942429e+09
 1.02942430e+09 1.02942432e+09 1.02942433e+09 1.02942435e+09
 1.02942436e+09 1.02942438e+09 1.02942439e+09 1.02942441e+09
 1.02942442e+09 1.02942444e+09 1.02942445e+09 1.02942447e+09
 1.02942448e+09 1.02942450e+09 1.02942451e+09 1.02942453e+09
 1.02942454e+09 1.02942456e+09 1.02942457e+09 1.02942459e+09
 1.02942460e+09 1.02942462e+09 1.02942463e+09 1.02942465e+09
 1.02942466e+09 1.02942468e+09 1.02942469e+09 1.02942471e+09
 1.02942472e+09 1.02942474e+09 1.02942475e+09 1.02942477e+09
 1.02942478e+09 1.02942480e+09 1.02942481e+09 1.02942483e+09
 1.02942484e+09 1.02942486e+09 1.02942487e+09 1.02942489e+09
 1.02942490e+09 1.02942492e+09 1.02942493e+09 1.02942495e+09
 1.02942496e+09 1.02942498e+09 1.02942499e+09 1.02942501e+09
 1.02942502e+09 1.02942504e+09 1.02942505e+09 1.02942507e+09
 1.02942508e+09 1.02942510e+09 1.02942511e+09 1.02942513e+09
 1.02942514e+09 1.02942516e+09 1.02942517e+09 1.02942519e+09
 1.02942520e+09 1.02942522e+09 1.02942523e+09 1.02942525e+09
 1.02942526e+09 1.02942528e+09 1.02942529e+09 1.02942531e+09
 1.02942532e+09 1.02942534e+09 1.02942535e+09 1.02942537e+09
 1.02942538e+09 1.02942540e+09 1.02942541e+09 1.02942543e+09
 1.02942544e+09 1.02942546e+09 1.02942547e+09 1.02942549e+09
 1.02942550e+09 1.02942552e+09 1.02942553e+09 1.02942555e+09
 1.02942556e+09 1.02942558e+09 1.02942559e+09 1.02942561e+09
 1.02942562e+09 1.02942564e+09 1.02942565e+09 1.02942567e+09
 1.02942568e+09 1.02942570e+09 1.02942571e+09 1.02942573e+09]
minRes = 0.6989274330832744
minResTime =  [1.02941076e+09]
