name =JUICE_ROI_CAL_5_0_14
flyby =  ['2033 APR 06 23:29:30', '2033 APR 07 23:29:30']
Observation TW =  <SpiceCell dtype = 1, length = 0, size = 3400, card = 14, is_set = 1, adjust = 0, init = 1, base = 2554805490288, data = 2554805490336>
Res(t) =  [4.04842736 4.04436412 4.04030122 4.03623866 4.03217644 4.02811456
 4.02405302 4.01999181 4.01593094 4.01187042 4.00781023 4.00375038
 3.99969086 3.99563169 3.99157285 3.98751435 3.98345619 3.97939837
 3.97534089 3.97128374 3.96722693 3.96317046 3.95911432 3.95505853
 3.95100307 3.94694795 3.94289316 3.93883871 3.9347846  3.93073083
 3.92667739 3.92262429 3.91857153 3.91451911 3.91046702 3.90641527
 3.90236385 3.89831277 3.89426203 3.89021162 3.88616155 3.88211182
 3.87806242 3.87401336 3.86996464 3.86591625 3.86186819 3.85782047
 3.85377309 3.84972605 3.84567934 3.84163296 3.83758692 3.83354122
 3.82949585 3.82545082 3.82140612 3.81736175 3.81331773 3.80927403
 3.80523068 3.80118765 3.79714496 3.79310261 3.78906059 3.78501891
 3.78097756 3.77693654 3.77289586 3.76885551 3.7648155  3.76077582
 3.75673648 3.75269747 3.74865879 3.74462045 3.74058244 3.73654476
 3.73250742 3.72847042 3.72443374 3.7203974  3.71636139 3.71232572
 3.70829038 3.70425537 3.7002207  3.69618636 3.69215235 3.68811867
 3.68408533 3.68005232 3.67601965 3.6719873  3.66795529 3.66392361
 3.65989227 3.65586125 3.65183057 3.64780022 3.6437702  3.63974052
 3.63571116 3.63168214 3.62765345 3.6236251  3.61959707 3.61556938
 3.61154201 3.60751498 3.60348828 3.59946192 3.59543588 3.59141018
 3.5873848  3.58335976 3.57933505 3.57531067 3.57128662 3.5672629
 3.56323951 3.55921645 3.55519373 3.55117133 3.54714927 3.54312753
 3.53910613 3.53508505 3.53106431 3.5270439  3.52302381 3.51900406
 3.51498464 3.51096554 3.50694678 3.50292834 3.49891024 3.49489247
 3.49087502 3.48685791 3.48284112 3.47882467 3.47480854 3.47079274
 3.46677727 3.46276213 3.45874732 3.45473284 3.45071869 3.44670487
 3.44269137 3.43867821 3.43466537 3.43065286 3.42664068 3.42262883
 3.41861731 3.41460611 3.41059524 3.40658471 3.4025745  3.39856461
 3.39455506 3.39054583 3.38653694 3.38252837 3.37852012 3.37451221
 3.37050462 3.36649736 3.36249043 3.35848382 3.35447755 3.3504716
 3.34646597 3.34246068 3.33845571 3.33445107 3.33044675 3.32644276
 3.3224391  3.31843577 3.31443276 3.31043008 3.30642772 3.3024257
 3.29842399 3.29442262 3.29042157 3.28642085 3.28242045 3.27842038
 3.27442064 3.27042122 3.26642212 3.26242336 3.25842492 3.2544268
 3.25042901 3.24643155 3.24243441 3.2384376  3.23444111 3.23044495
 3.22644911 3.2224536  3.21845841 3.21446355 3.21046901 3.2064748
 3.20248091 3.19848735 3.19449411 3.1905012  3.18650861 3.18251635
 3.17852441 3.1745328  3.17054151 3.16655054 3.1625599  3.15856958
 3.15457959 3.15058992 3.14660057 3.14261155 3.13862285 3.13463448
 3.13064643 3.1266587  3.1226713  3.11868422 3.11469746 3.11071103
 3.10672492 3.10273913 3.09875367 3.09476853 3.09078372 3.08679922
 3.08281505 3.0788312  3.07484768 3.07086448 3.0668816  3.06289904
 3.05891681 3.05493489 3.0509533  3.04697204 3.04299109 3.03901047
 3.03503017 3.03105019 3.02707054 3.0230912  3.01911219 3.0151335
 3.01115513 3.00717709 3.00319936 2.99922196 2.99524488 2.99126812
 2.98729168 2.98331556 2.97933977 2.97536429 2.97138914 2.96741431
 2.9634398  2.95946561 2.95549174 2.95151819 2.94754496 2.94357206
 2.93959947 2.93562721 2.93165526 2.92768364 2.92371233 2.91974135
 2.91577069 2.91180035 2.90783033 2.90386062 2.89989124 2.89592218
 2.89195344 2.88798502 2.88401692 2.88004913 2.87608167 2.87211453
 2.86814771 2.86418121 2.86021502 2.85624916 2.85228361 2.84831839
 2.84435348 2.8403889  2.83642463 2.83246068 2.82849705 2.82453374
 2.82057075 2.81660808 2.81264573 2.80868369 2.80472198 2.80076058
 2.7967995  2.79283874 2.7888783  2.78491818 2.78095837 2.77699889
 2.77303972 2.76908087 2.76512234 2.76116412 2.75720623 2.75324865
 2.74929139 2.74533445 2.74137783 2.73742152 2.73346553 2.72950986
 2.72555451 2.72159947 2.71764476 2.71369036 2.70973627 2.70578251
 2.70182906 2.69787593 2.69392312 2.68997062 2.68601844 2.68206658
 2.67811503 2.6741638  2.67021289 2.6662623  2.66231202 2.65836206
 2.65441241 2.65046308 2.64651407 2.64256538 2.638617   2.63466893
 2.63072119 2.62677376 2.62282664 2.61887985 2.61493337 2.6109872
 2.60704135 2.60309582 2.5991506  2.5952057  2.59126111 2.58731684
 2.58337289 2.57942925 2.57548593 2.57154292 2.56760023 2.56365785
 2.55971579 2.55577405 2.55183262 2.5478915  2.5439507  2.54001022
 2.53607005 2.5321302  2.52819066 2.52425144 2.52031253 2.51637393
 2.51243565 2.50849769 2.50456004 2.5006227  2.49668568 2.49274898
 2.48881259 2.48487651 2.48094075 2.4770053  2.47307017 2.46913535
 2.46520085 2.46126666 2.45733278 2.45339922 2.44946597 2.44553304
 2.44160042 2.43766811 2.43373612 2.42980445 2.42587308 2.42194203
 2.4180113  2.41408088 2.41015077 2.40622097 2.40229149 2.39836233
 2.39443347 2.39050493 2.38657671 2.38264879 2.37872119 2.37479391
 2.37086693 2.36694027 2.36301393 2.35908789 2.35516217 2.35123677
 2.34731167 2.34338689 2.33946243 2.33553827 2.33161443 2.3276909
 2.32376769 2.31984478 2.31592219 2.31199992 2.30807795 2.3041563
 2.30023496 2.29631394 2.29239322 2.28847282 2.28455273 2.28063296
 2.2767135  2.27279434 2.26887551 2.26495698 2.26103877 2.25712087
 2.25320328 2.249286   2.24536904 2.24145239 2.23753605 2.23362002
 2.2297043  2.2257889  2.22187381 2.21795903 2.21404457 2.21013041
 2.20621657 2.20230304 2.19838982 2.19447692 2.19056432 2.18665204
 2.18274007 2.17882841 2.17491706 2.17100603 2.16709531 2.16318489
 2.1592748  2.15536501 2.15145553 2.14754637 2.14363752 2.13972898
 2.13582075 2.13191283 2.12800522 2.12409793 2.12019095 2.11628428
 2.11237792 2.10847187 2.10456614 2.10066071 2.0967556  2.0928508
 2.08894631 2.08504213 2.08113827 2.07723471 2.07333147 2.06942854
 2.06552592 2.06162361 2.05772161 2.05381993 2.04991855 2.04601749
 2.04211674 2.0382163  2.03431617 2.03041636 2.02651685 2.02261766
 2.01871878 2.01482021 2.01092195 2.007024   2.00312637 1.99922904
 1.99533203 1.99143533 1.98753894 1.98364286 1.9797471  1.97585164
 1.9719565  1.96806167 1.96416715 1.96027294 1.95637905 1.95248546
 1.94859219 1.94469923 1.94080658 1.93691424 1.93302222 1.9291305
 1.9252391  1.92134801 1.91745723 1.91356677 1.90967661 1.90578677
 1.90189724 1.89800802 1.89411912 1.89023052 1.88634224 1.88245427
 1.87856661 1.87467927 1.87079224 1.86690551 1.86301911 1.85913301
 1.85524723 1.85136175 1.8474766  1.84359175 1.83970722 1.835823
 1.83193909 1.82805549 1.82417221 1.82028924 1.81640658 1.81252424
 1.80864221 1.80476049 1.80087908 1.79699799 1.79311721 1.78923675
 1.7853566  1.78147676 1.77759723 1.77371802 1.76983913 1.76596054
 1.76208227 1.75820432 1.75432667 1.75044934 1.74657233 1.74269563
 1.73881924 1.73494317 1.73106742 1.72719197 1.72331685 1.71944203
 1.71556753 1.71169335 1.70781948 1.70394593 1.70007269 1.69619977
 1.69232716 1.68845487 1.68458289 1.68071123 1.67683988 1.67296885
 1.66909814 1.66522774 1.66135766 1.6574879  1.65361845 1.64974932
 1.6458805  1.64201201 1.63814383 1.63427596 1.63040842 1.62654119
 1.62267428 1.61880768 1.61494141 1.61107545 1.60720981 1.60334449
 1.59947949 1.5956148  1.59175044 1.58788639 1.58402266 1.58015926
 1.57629617 1.5724334  1.56857095 1.56470882 1.56084701 1.55698553
 1.55312436 1.54926351 1.54540299 1.54154278 1.5376829  1.53382334
 1.5299641  1.52610518 1.52224658 1.51838831 1.51453036 1.51067273
 1.50681543 1.50295845 1.49910179 1.49524546 1.49138945 1.48753376
 1.4836784  1.47982336 1.47596865 1.47211427 1.46826021 1.46440647
 1.46055307 1.45669999 1.45284723 1.4489948  1.4451427  1.44129093
 1.43743949 1.43358837 1.42973758 1.42588712 1.42203699 1.4181872
 1.41433773 1.41048859 1.40663978 1.4027913  1.39894315 1.39509534
 1.39124785 1.3874007  1.38355388 1.3797074  1.37586125 1.37201543
 1.36816995 1.3643248  1.36047998 1.35663551 1.35279137 1.34894756
 1.34510409 1.34126096 1.33741817 1.33357571 1.3297336  1.32589182
 1.32205038 1.31820929 1.31436853 1.31052811 1.30668804 1.30284831
 1.29900892 1.29516988 1.29133117 1.28749282 1.2836548  1.27981714
 1.27597982 1.27214284 1.26830622 1.26446994 1.26063401 1.25679843
 1.2529632  1.24912832 1.24529379 1.24145961 1.23762579 1.23379232
 1.2299592  1.22612644 1.22229403 1.21846198 1.21463028 1.21079895
 1.20696797 1.20313735 1.19930709 1.19547719 1.19164765 1.18781848
 1.18398967 1.18016122 1.17633314 1.17250542 1.16867807 1.16485109
 1.16102448 1.15719824 1.15337237 1.14954687 1.14572174 1.14189698
 1.1380726  1.1342486  1.13042497 1.12660173 1.12277886 1.11895637
 1.11513426 1.11131253 1.10749119 1.10367024 1.09984967 1.09602948
 1.09220969 1.08839028 1.08457127 1.08075265 1.07693442 1.07311659
 1.06929916 1.06548212 1.06166549 1.05784925 1.05403342 1.05021799
 1.04640297 1.04258835 1.03877415 1.03496035 1.03114697 1.027334
 1.02352145 1.01970931 1.0158976  1.0120863  1.00827543 1.00446498
 1.00065496 0.99684537 0.99303621 0.98922749 0.98541919 0.98161134
 0.97780392 0.97399695 0.97019042 0.96638434 0.9625787  0.95877351
 0.95496878 0.95116451 0.94736069 0.94355733 0.93975444 0.93595201
 0.93215005 0.92834857 0.92454755 0.92074702 0.91694696 0.91314739
 0.90934831 0.90554971 0.90175161 0.897954   0.89415689 0.89036028
 0.88656418 0.88276859 0.87897351 0.87517895 0.87138491 0.86759139
 0.8637984  0.86000595 0.85621403 0.85242265 0.84863181 0.84484152
 0.84105179 0.83726261 0.833474   0.82968596 0.82589848 0.82211158
 0.81832527 0.81453954 0.8107544  0.80696986 0.80318593 0.7994026
 0.79561989 0.79183779 0.78805633 0.78427549 0.7804953  0.77671575
 0.77293685 0.76915861 0.76538104 0.76160413 0.75782791 0.75405237
 0.75027753 0.74650339 0.74272996 0.73895725 0.73518527 0.73141402
 0.72764351 0.72387376 0.72010477 0.71633655 0.71256911 0.70880246
 0.70503662 0.70127158 0.69750737 0.69374399 0.68998145 0.68621977
 0.68245896 0.67869903 0.67493999 0.67118186 0.66742464 0.66366836
 0.65991302 0.65615864 0.65368027 0.64992636 0.64617344 0.64242151
 0.6386706  0.63492073 0.6311719  0.62742414 0.62367747 0.61993189
 0.61618744 0.61244413 0.60870199 0.60496102 0.60122126 0.59748272
 0.59374543 0.59000941 0.58627469 0.58254128 0.57880922 0.57507854
 0.57134925 0.56762139 0.56389498 0.56017006 0.55644666 0.5527248
 0.54900453 0.54528588 0.54156887 0.53785356 0.53413997 0.53042814
 0.52671812 0.52300995 0.51930367 0.51559933 0.51189697 0.50819664
 0.50449839 0.50080228 0.49710836 0.49341668 0.4897273  0.48604029
 0.4823557  0.47867361 0.47499407 0.47131717 0.46764297 0.46397155
 0.460303   0.45663739 0.45297481 0.44931536 0.44565912 0.4420062
 0.4383567  0.43471072 0.43106839 0.42742981 0.42379511 0.42016442
 0.41653788 0.41291562 0.4092978  0.40568457 0.40207609 0.39847254
 0.3948741  0.39128095 0.38769329 0.38411134 0.38053532 0.37696545
 0.37340199 0.3698452  0.36629535 0.36275273 0.35921765 0.35569043
 0.35217142 0.34866098 0.3451595  0.3416674  0.33818512 0.33471312
 0.33125189 0.32780198 0.32436395 0.32093841 0.317526   0.31412743
 0.31074343 0.30737482 0.30402246 0.30068728 0.29737029 0.29407256
 0.29079529 0.28753973 0.28430728 0.28109944 0.27791786 0.27476432
 0.27164079 0.26854942 0.26549259 0.26247289 0.25949322 0.25655676
 0.25366708 0.25082811 0.2480443  0.2453206  0.24266261 0.24007665
 0.2375699  0.23515055 0.23282799 0.23061304 0.22851824 0.22655822
 0.22475015 0.22311436 0.22167509 0.22046155 0.21950923 0.21886183
 0.21857378 0.21871389 0.21937066 0.22066003]
t =  [1.04971504e+09 1.04971508e+09 1.04971512e+09 1.04971516e+09
 1.04971521e+09 1.04971525e+09 1.04971529e+09 1.04971533e+09
 1.04971537e+09 1.04971542e+09 1.04971546e+09 1.04971550e+09
 1.04971554e+09 1.04971558e+09 1.04971562e+09 1.04971567e+09
 1.04971571e+09 1.04971575e+09 1.04971579e+09 1.04971583e+09
 1.04971587e+09 1.04971592e+09 1.04971596e+09 1.04971600e+09
 1.04971604e+09 1.04971608e+09 1.04971613e+09 1.04971617e+09
 1.04971621e+09 1.04971625e+09 1.04971629e+09 1.04971633e+09
 1.04971638e+09 1.04971642e+09 1.04971646e+09 1.04971650e+09
 1.04971654e+09 1.04971658e+09 1.04971663e+09 1.04971667e+09
 1.04971671e+09 1.04971675e+09 1.04971679e+09 1.04971684e+09
 1.04971688e+09 1.04971692e+09 1.04971696e+09 1.04971700e+09
 1.04971704e+09 1.04971709e+09 1.04971713e+09 1.04971717e+09
 1.04971721e+09 1.04971725e+09 1.04971729e+09 1.04971734e+09
 1.04971738e+09 1.04971742e+09 1.04971746e+09 1.04971750e+09
 1.04971755e+09 1.04971759e+09 1.04971763e+09 1.04971767e+09
 1.04971771e+09 1.04971775e+09 1.04971780e+09 1.04971784e+09
 1.04971788e+09 1.04971792e+09 1.04971796e+09 1.04971800e+09
 1.04971805e+09 1.04971809e+09 1.04971813e+09 1.04971817e+09
 1.04971821e+09 1.04971826e+09 1.04971830e+09 1.04971834e+09
 1.04971838e+09 1.04971842e+09 1.04971846e+09 1.04971851e+09
 1.04971855e+09 1.04971859e+09 1.04971863e+09 1.04971867e+09
 1.04971871e+09 1.04971876e+09 1.04971880e+09 1.04971884e+09
 1.04971888e+09 1.04971892e+09 1.04971897e+09 1.04971901e+09
 1.04971905e+09 1.04971909e+09 1.04971913e+09 1.04971917e+09
 1.04971922e+09 1.04971926e+09 1.04971930e+09 1.04971934e+09
 1.04971938e+09 1.04971942e+09 1.04971947e+09 1.04971951e+09
 1.04971955e+09 1.04971959e+09 1.04971963e+09 1.04971968e+09
 1.04971972e+09 1.04971976e+09 1.04971980e+09 1.04971984e+09
 1.04971988e+09 1.04971993e+09 1.04971997e+09 1.04972001e+09
 1.04972005e+09 1.04972009e+09 1.04972013e+09 1.04972018e+09
 1.04972022e+09 1.04972026e+09 1.04972030e+09 1.04972034e+09
 1.04972039e+09 1.04972043e+09 1.04972047e+09 1.04972051e+09
 1.04972055e+09 1.04972059e+09 1.04972064e+09 1.04972068e+09
 1.04972072e+09 1.04972076e+09 1.04972080e+09 1.04972084e+09
 1.04972089e+09 1.04972093e+09 1.04972097e+09 1.04972101e+09
 1.04972105e+09 1.04972110e+09 1.04972114e+09 1.04972118e+09
 1.04972122e+09 1.04972126e+09 1.04972130e+09 1.04972135e+09
 1.04972139e+09 1.04972143e+09 1.04972147e+09 1.04972151e+09
 1.04972155e+09 1.04972160e+09 1.04972164e+09 1.04972168e+09
 1.04972172e+09 1.04972176e+09 1.04972180e+09 1.04972185e+09
 1.04972189e+09 1.04972193e+09 1.04972197e+09 1.04972201e+09
 1.04972206e+09 1.04972210e+09 1.04972214e+09 1.04972218e+09
 1.04972222e+09 1.04972226e+09 1.04972231e+09 1.04972235e+09
 1.04972239e+09 1.04972243e+09 1.04972247e+09 1.04972251e+09
 1.04972256e+09 1.04972260e+09 1.04972264e+09 1.04972268e+09
 1.04972272e+09 1.04972277e+09 1.04972281e+09 1.04972285e+09
 1.04972289e+09 1.04972293e+09 1.04972297e+09 1.04972302e+09
 1.04972306e+09 1.04972310e+09 1.04972314e+09 1.04972318e+09
 1.04972322e+09 1.04972327e+09 1.04972331e+09 1.04972335e+09
 1.04972339e+09 1.04972343e+09 1.04972348e+09 1.04972352e+09
 1.04972356e+09 1.04972360e+09 1.04972364e+09 1.04972368e+09
 1.04972373e+09 1.04972377e+09 1.04972381e+09 1.04972385e+09
 1.04972389e+09 1.04972393e+09 1.04972398e+09 1.04972402e+09
 1.04972406e+09 1.04972410e+09 1.04972414e+09 1.04972419e+09
 1.04972423e+09 1.04972427e+09 1.04972431e+09 1.04972435e+09
 1.04972439e+09 1.04972444e+09 1.04972448e+09 1.04972452e+09
 1.04972456e+09 1.04972460e+09 1.04972464e+09 1.04972469e+09
 1.04972473e+09 1.04972477e+09 1.04972481e+09 1.04972485e+09
 1.04972490e+09 1.04972494e+09 1.04972498e+09 1.04972502e+09
 1.04972506e+09 1.04972510e+09 1.04972515e+09 1.04972519e+09
 1.04972523e+09 1.04972527e+09 1.04972531e+09 1.04972535e+09
 1.04972540e+09 1.04972544e+09 1.04972548e+09 1.04972552e+09
 1.04972556e+09 1.04972561e+09 1.04972565e+09 1.04972569e+09
 1.04972573e+09 1.04972577e+09 1.04972581e+09 1.04972586e+09
 1.04972590e+09 1.04972594e+09 1.04972598e+09 1.04972602e+09
 1.04972606e+09 1.04972611e+09 1.04972615e+09 1.04972619e+09
 1.04972623e+09 1.04972627e+09 1.04972632e+09 1.04972636e+09
 1.04972640e+09 1.04972644e+09 1.04972648e+09 1.04972652e+09
 1.04972657e+09 1.04972661e+09 1.04972665e+09 1.04972669e+09
 1.04972673e+09 1.04972677e+09 1.04972682e+09 1.04972686e+09
 1.04972690e+09 1.04972694e+09 1.04972698e+09 1.04972703e+09
 1.04972707e+09 1.04972711e+09 1.04972715e+09 1.04972719e+09
 1.04972723e+09 1.04972728e+09 1.04972732e+09 1.04972736e+09
 1.04972740e+09 1.04972744e+09 1.04972748e+09 1.04972753e+09
 1.04972757e+09 1.04972761e+09 1.04972765e+09 1.04972769e+09
 1.04972774e+09 1.04972778e+09 1.04972782e+09 1.04972786e+09
 1.04972790e+09 1.04972794e+09 1.04972799e+09 1.04972803e+09
 1.04972807e+09 1.04972811e+09 1.04972815e+09 1.04972819e+09
 1.04972824e+09 1.04972828e+09 1.04972832e+09 1.04972836e+09
 1.04972840e+09 1.04972845e+09 1.04972849e+09 1.04972853e+09
 1.04972857e+09 1.04972861e+09 1.04972865e+09 1.04972870e+09
 1.04972874e+09 1.04972878e+09 1.04972882e+09 1.04972886e+09
 1.04972890e+09 1.04972895e+09 1.04972899e+09 1.04972903e+09
 1.04972907e+09 1.04972911e+09 1.04972916e+09 1.04972920e+09
 1.04972924e+09 1.04972928e+09 1.04972932e+09 1.04972936e+09
 1.04972941e+09 1.04972945e+09 1.04972949e+09 1.04972953e+09
 1.04972957e+09 1.04972961e+09 1.04972966e+09 1.04972970e+09
 1.04972974e+09 1.04972978e+09 1.04972982e+09 1.04972987e+09
 1.04972991e+09 1.04972995e+09 1.04972999e+09 1.04973003e+09
 1.04973007e+09 1.04973012e+09 1.04973016e+09 1.04973020e+09
 1.04973024e+09 1.04973028e+09 1.04973032e+09 1.04973037e+09
 1.04973041e+09 1.04973045e+09 1.04973049e+09 1.04973053e+09
 1.04973058e+09 1.04973062e+09 1.04973066e+09 1.04973070e+09
 1.04973074e+09 1.04973078e+09 1.04973083e+09 1.04973087e+09
 1.04973091e+09 1.04973095e+09 1.04973099e+09 1.04973103e+09
 1.04973108e+09 1.04973112e+09 1.04973116e+09 1.04973120e+09
 1.04973124e+09 1.04973129e+09 1.04973133e+09 1.04973137e+09
 1.04973141e+09 1.04973145e+09 1.04973149e+09 1.04973154e+09
 1.04973158e+09 1.04973162e+09 1.04973166e+09 1.04973170e+09
 1.04973174e+09 1.04973179e+09 1.04973183e+09 1.04973187e+09
 1.04973191e+09 1.04973195e+09 1.04973200e+09 1.04973204e+09
 1.04973208e+09 1.04973212e+09 1.04973216e+09 1.04973220e+09
 1.04973225e+09 1.04973229e+09 1.04973233e+09 1.04973237e+09
 1.04973241e+09 1.04973245e+09 1.04973250e+09 1.04973254e+09
 1.04973258e+09 1.04973262e+09 1.04973266e+09 1.04973271e+09
 1.04973275e+09 1.04973279e+09 1.04973283e+09 1.04973287e+09
 1.04973291e+09 1.04973296e+09 1.04973300e+09 1.04973304e+09
 1.04973308e+09 1.04973312e+09 1.04973316e+09 1.04973321e+09
 1.04973325e+09 1.04973329e+09 1.04973333e+09 1.04973337e+09
 1.04973342e+09 1.04973346e+09 1.04973350e+09 1.04973354e+09
 1.04973358e+09 1.04973362e+09 1.04973367e+09 1.04973371e+09
 1.04973375e+09 1.04973379e+09 1.04973383e+09 1.04973387e+09
 1.04973392e+09 1.04973396e+09 1.04973400e+09 1.04973404e+09
 1.04973408e+09 1.04973413e+09 1.04973417e+09 1.04973421e+09
 1.04973425e+09 1.04973429e+09 1.04973433e+09 1.04973438e+09
 1.04973442e+09 1.04973446e+09 1.04973450e+09 1.04973454e+09
 1.04973458e+09 1.04973463e+09 1.04973467e+09 1.04973471e+09
 1.04973475e+09 1.04973479e+09 1.04973484e+09 1.04973488e+09
 1.04973492e+09 1.04973496e+09 1.04973500e+09 1.04973504e+09
 1.04973509e+09 1.04973513e+09 1.04973517e+09 1.04973521e+09
 1.04973525e+09 1.04973529e+09 1.04973534e+09 1.04973538e+09
 1.04973542e+09 1.04973546e+09 1.04973550e+09 1.04973555e+09
 1.04973559e+09 1.04973563e+09 1.04973567e+09 1.04973571e+09
 1.04973575e+09 1.04973580e+09 1.04973584e+09 1.04973588e+09
 1.04973592e+09 1.04973596e+09 1.04973600e+09 1.04973605e+09
 1.04973609e+09 1.04973613e+09 1.04973617e+09 1.04973621e+09
 1.04973626e+09 1.04973630e+09 1.04973634e+09 1.04973638e+09
 1.04973642e+09 1.04973646e+09 1.04973651e+09 1.04973655e+09
 1.04973659e+09 1.04973663e+09 1.04973667e+09 1.04973671e+09
 1.04973676e+09 1.04973680e+09 1.04973684e+09 1.04973688e+09
 1.04973692e+09 1.04973697e+09 1.04973701e+09 1.04973705e+09
 1.04973709e+09 1.04973713e+09 1.04973717e+09 1.04973722e+09
 1.04973726e+09 1.04973730e+09 1.04973734e+09 1.04973738e+09
 1.04973742e+09 1.04973747e+09 1.04973751e+09 1.04973755e+09
 1.04973759e+09 1.04973763e+09 1.04973768e+09 1.04973772e+09
 1.04973776e+09 1.04973780e+09 1.04973784e+09 1.04973788e+09
 1.04973793e+09 1.04973797e+09 1.04973801e+09 1.04973805e+09
 1.04973809e+09 1.04973813e+09 1.04973818e+09 1.04973822e+09
 1.04973826e+09 1.04973830e+09 1.04973834e+09 1.04973839e+09
 1.04973843e+09 1.04973847e+09 1.04973851e+09 1.04973855e+09
 1.04973859e+09 1.04973864e+09 1.04973868e+09 1.04973872e+09
 1.04973876e+09 1.04973880e+09 1.04973884e+09 1.04973889e+09
 1.04973893e+09 1.04973897e+09 1.04973901e+09 1.04973905e+09
 1.04973910e+09 1.04973914e+09 1.04973918e+09 1.04973922e+09
 1.04973926e+09 1.04973930e+09 1.04973935e+09 1.04973939e+09
 1.04973943e+09 1.04973947e+09 1.04973951e+09 1.04973955e+09
 1.04973960e+09 1.04973964e+09 1.04973968e+09 1.04973972e+09
 1.04973976e+09 1.04973981e+09 1.04973985e+09 1.04973989e+09
 1.04973993e+09 1.04973997e+09 1.04974001e+09 1.04974006e+09
 1.04974010e+09 1.04974014e+09 1.04974018e+09 1.04974022e+09
 1.04974026e+09 1.04974031e+09 1.04974035e+09 1.04974039e+09
 1.04974043e+09 1.04974047e+09 1.04974052e+09 1.04974056e+09
 1.04974060e+09 1.04974064e+09 1.04974068e+09 1.04974072e+09
 1.04974077e+09 1.04974081e+09 1.04974085e+09 1.04974089e+09
 1.04974093e+09 1.04974097e+09 1.04974102e+09 1.04974106e+09
 1.04974110e+09 1.04974114e+09 1.04974118e+09 1.04974123e+09
 1.04974127e+09 1.04974131e+09 1.04974135e+09 1.04974139e+09
 1.04974143e+09 1.04974148e+09 1.04974152e+09 1.04974156e+09
 1.04974160e+09 1.04974164e+09 1.04974168e+09 1.04974173e+09
 1.04974177e+09 1.04974181e+09 1.04974185e+09 1.04974189e+09
 1.04974194e+09 1.04974198e+09 1.04974202e+09 1.04974206e+09
 1.04974210e+09 1.04974214e+09 1.04974219e+09 1.04974223e+09
 1.04974227e+09 1.04974231e+09 1.04974235e+09 1.04974239e+09
 1.04974244e+09 1.04974248e+09 1.04974252e+09 1.04974256e+09
 1.04974260e+09 1.04974265e+09 1.04974269e+09 1.04974273e+09
 1.04974277e+09 1.04974281e+09 1.04974285e+09 1.04974290e+09
 1.04974294e+09 1.04974298e+09 1.04974302e+09 1.04974306e+09
 1.04974310e+09 1.04974315e+09 1.04974319e+09 1.04974323e+09
 1.04974327e+09 1.04974331e+09 1.04974336e+09 1.04974340e+09
 1.04974344e+09 1.04974348e+09 1.04974352e+09 1.04974356e+09
 1.04974361e+09 1.04974365e+09 1.04974369e+09 1.04974373e+09
 1.04974377e+09 1.04974381e+09 1.04974386e+09 1.04974390e+09
 1.04974394e+09 1.04974398e+09 1.04974402e+09 1.04974407e+09
 1.04974411e+09 1.04974415e+09 1.04974419e+09 1.04974423e+09
 1.04974427e+09 1.04974432e+09 1.04974436e+09 1.04974440e+09
 1.04974444e+09 1.04974448e+09 1.04974452e+09 1.04974457e+09
 1.04974461e+09 1.04974465e+09 1.04974469e+09 1.04974473e+09
 1.04974478e+09 1.04974482e+09 1.04974486e+09 1.04974490e+09
 1.04974494e+09 1.04974498e+09 1.04974503e+09 1.04974507e+09
 1.04974511e+09 1.04974515e+09 1.04974519e+09 1.04974523e+09
 1.04974528e+09 1.04974532e+09 1.04974536e+09 1.04974540e+09
 1.04974544e+09 1.04974549e+09 1.04974553e+09 1.04974557e+09
 1.04974561e+09 1.04974565e+09 1.04974569e+09 1.04974574e+09
 1.04974578e+09 1.04974582e+09 1.04974586e+09 1.04974590e+09
 1.04974594e+09 1.04974599e+09 1.04974603e+09 1.04974607e+09
 1.04974611e+09 1.04974615e+09 1.04974620e+09 1.04974624e+09
 1.04974628e+09 1.04974632e+09 1.04974636e+09 1.04974640e+09
 1.04974645e+09 1.04974649e+09 1.04974653e+09 1.04974657e+09
 1.04974661e+09 1.04974665e+09 1.04974670e+09 1.04974674e+09
 1.04974678e+09 1.04974682e+09 1.04974686e+09 1.04974691e+09
 1.04974695e+09 1.04974699e+09 1.04974703e+09 1.04974707e+09
 1.04974711e+09 1.04974716e+09 1.04974720e+09 1.04974724e+09
 1.04974728e+09 1.04974732e+09 1.04974736e+09 1.04974741e+09
 1.04974745e+09 1.04974749e+09 1.04974753e+09 1.04974757e+09
 1.04974762e+09 1.04974766e+09 1.04974770e+09 1.04974774e+09
 1.04974778e+09 1.04974782e+09 1.04974787e+09 1.04974791e+09
 1.04974795e+09 1.04974799e+09 1.04974803e+09 1.04974807e+09
 1.04974812e+09 1.04974816e+09 1.04974820e+09 1.04974824e+09
 1.04974828e+09 1.04974833e+09 1.04974837e+09 1.04974841e+09
 1.04974845e+09 1.04974849e+09 1.04974853e+09 1.04974858e+09
 1.04974862e+09 1.04974866e+09 1.04974870e+09 1.04974874e+09
 1.04974878e+09 1.04974883e+09 1.04974887e+09 1.04974891e+09
 1.04974895e+09 1.04974899e+09 1.04974904e+09 1.04974908e+09
 1.04974912e+09 1.04974916e+09 1.04974920e+09 1.04974924e+09
 1.04974929e+09 1.04974933e+09 1.04974937e+09 1.04974941e+09
 1.04974945e+09 1.04974949e+09 1.04974954e+09 1.04974958e+09
 1.04974962e+09 1.04974966e+09 1.04974970e+09 1.04974975e+09
 1.04974979e+09 1.04974983e+09 1.04974987e+09 1.04974991e+09
 1.04974995e+09 1.04975000e+09 1.04975004e+09 1.04975008e+09
 1.04975012e+09 1.04975016e+09 1.04975020e+09 1.04975025e+09
 1.04975029e+09 1.04975033e+09 1.04975037e+09 1.04975041e+09
 1.04975046e+09 1.04975050e+09 1.04975054e+09 1.04975058e+09
 1.04975062e+09 1.04975066e+09 1.04975071e+09 1.04975075e+09
 1.04975079e+09 1.04975083e+09 1.04975087e+09 1.04975091e+09
 1.04975096e+09 1.04975100e+09 1.04975104e+09 1.04975108e+09
 1.04975112e+09 1.04975117e+09 1.04975121e+09 1.04975125e+09
 1.04975129e+09 1.04975133e+09 1.04975137e+09 1.04975142e+09
 1.04975146e+09 1.04975150e+09 1.04975154e+09 1.04975158e+09
 1.04975162e+09 1.04975167e+09 1.04975171e+09 1.04975175e+09
 1.04975179e+09 1.04975183e+09 1.04975188e+09 1.04975192e+09
 1.04975196e+09 1.04975200e+09 1.04975204e+09 1.04975208e+09
 1.04975213e+09 1.04975217e+09 1.04975221e+09 1.04975225e+09
 1.04975229e+09 1.04975233e+09 1.04975238e+09 1.04975242e+09
 1.04975246e+09 1.04975250e+09 1.04975254e+09 1.04975259e+09
 1.04975263e+09 1.04975267e+09 1.04975271e+09 1.04975275e+09
 1.04975279e+09 1.04975284e+09 1.04975288e+09 1.04975292e+09
 1.04975296e+09 1.04975300e+09 1.04975304e+09 1.04975309e+09
 1.04975313e+09 1.04975317e+09 1.04975321e+09 1.04975325e+09
 1.04975330e+09 1.04975334e+09 1.04975338e+09 1.04975342e+09
 1.04975346e+09 1.04975350e+09 1.04975355e+09 1.04975359e+09
 1.04975363e+09 1.04975367e+09 1.04975371e+09 1.04975375e+09
 1.04975380e+09 1.04975384e+09 1.04975388e+09 1.04975392e+09
 1.04975396e+09 1.04975401e+09 1.04975405e+09 1.04975409e+09
 1.04975413e+09 1.04975417e+09 1.04975421e+09 1.04975426e+09
 1.04975430e+09 1.04975434e+09 1.04975438e+09 1.04975442e+09
 1.04975446e+09 1.04975451e+09 1.04975455e+09 1.04975459e+09
 1.04975463e+09 1.04975467e+09 1.04975472e+09 1.04975476e+09
 1.04975480e+09 1.04975484e+09 1.04975488e+09 1.04975492e+09
 1.04975497e+09 1.04975501e+09 1.04975505e+09 1.04975509e+09
 1.04975513e+09 1.04975517e+09 1.04975522e+09 1.04975526e+09
 1.04975530e+09 1.04975534e+09 1.04975538e+09 1.04975543e+09
 1.04975547e+09 1.04975551e+09 1.04975555e+09 1.04975559e+09
 1.04975563e+09 1.04975568e+09 1.04975572e+09 1.04975576e+09
 1.04975580e+09 1.04975584e+09 1.04975588e+09 1.04975593e+09
 1.04975597e+09 1.04975601e+09 1.04975605e+09 1.04975609e+09
 1.04975614e+09 1.04975618e+09 1.04975622e+09 1.04975626e+09
 1.04975630e+09 1.04975634e+09 1.04975639e+09 1.04975643e+09
 1.04975647e+09 1.04975651e+09 1.04975655e+09 1.04975659e+09
 1.04975664e+09 1.04975668e+09 1.04975672e+09 1.04975676e+09]
minRes = 0.21857377643703968
minResTime =  [1.04975664e+09]
