name =JUICE_ROI_CAL_3_0_01
flyby =  ['2032 DEC 27 21:06:34', '2032 DEC 28 21:06:34']
Observation TW =  <SpiceCell dtype = 1, length = 0, size = 2600, card = 6, is_set = 1, adjust = 0, init = 1, base = 2554798009520, data = 2554798009568>
Res(t) =  [1.68649148 1.69118121 1.69586969 1.70055692 1.70524289 1.70992762
 1.71461111 1.71929334 1.72397433 1.72865407 1.73333257 1.73800982
 1.74268583 1.74736059 1.75203411 1.75670639 1.76137743 1.76604722
 1.77071577 1.77538309 1.78004916 1.784714   1.7893776  1.79403996
 1.79870108 1.80336097 1.80801962 1.81267704 1.81733322 1.82198817
 1.82664188 1.83129436 1.83594561 1.84059563 1.84524442 1.84989198
 1.85453831 1.85918341 1.86382729 1.86846993 1.87311135 1.87775155
 1.88239052 1.88702826 1.89166478 1.89630007 1.90093415 1.905567
 1.91019863 1.91482904 1.91945823 1.9240862  1.92871295 1.93333848
 1.9379628  1.94258589 1.94720778 1.95182844 1.95644789 1.96106613
 1.96568316 1.97029897 1.97491357 1.97952696 1.98413913 1.9887501
 1.99335986 1.99796841 2.00257575 2.00718188 2.01178681 2.01639053
 2.02099304 2.02559435 2.03019446 2.03479336 2.03939106 2.04398756
 2.04858285 2.05317695 2.05776984 2.06236154 2.06695204 2.07154134
 2.07612944 2.08071634 2.08530205 2.08988657 2.09446988 2.09905201
 2.10363294 2.10821268 2.11279123 2.11736858 2.12194475 2.12651973
 2.13109351 2.13566611 2.14023752 2.14480774 2.14937678 2.15394463
 2.15851129 2.16307677 2.16764107 2.17220418 2.17676611 2.18132686
 2.18588643 2.19044482 2.19500203 2.19955806 2.20411291 2.20866658
 2.21321907 2.21777039 2.22232054 2.22686951 2.2314173  2.23596392
 2.24050937 2.24505364 2.24959675 2.25413868 2.25867944 2.26321903
 2.26775746 2.27229471 2.2768308  2.28136572 2.28589947 2.29043206
 2.29496349 2.29949375 2.30402284 2.30855078 2.31307755 2.31760316
 2.32212761 2.3266509  2.33117303 2.335694   2.34021381 2.34473246
 2.34924996 2.3537663  2.35828149 2.36279552 2.3673084  2.37182012
 2.37633069 2.38084011 2.38534838 2.3898555  2.39436146 2.39886628
 2.40336995 2.40787247 2.41237384 2.41687407 2.42137315 2.42587109
 2.43036788 2.43486352 2.43935802 2.44385138 2.4483436  2.45283468
 2.45732461 2.46181341 2.46630107 2.47078758 2.47527296 2.4797572
 2.48424031 2.48872228 2.49320311 2.49768281 2.50216138 2.50663881
 2.51111511 2.51559027 2.52006431 2.52453721 2.52900899 2.53347963
 2.53794915 2.54241753 2.54688479 2.55135093 2.55581593 2.56027981
 2.56474257 2.5692042  2.57366471 2.5781241  2.58258236 2.5870395
 2.59149552 2.59595042 2.6004042  2.60485687 2.60930841 2.61375884
 2.61820815 2.62265634 2.62710342 2.63154938 2.63599423 2.64043796
 2.64488058 2.64932209 2.65376249 2.65820177 2.66263995 2.66707701
 2.67151297 2.67594781 2.68038155 2.68481419 2.68924571 2.69367613
 2.69810545 2.70253366 2.70696076 2.71138676 2.71581166 2.72023546
 2.72465816 2.72907975 2.73350025 2.73791964 2.74233794 2.74675514
 2.75117124 2.75558624 2.76000015 2.76441296 2.76882468 2.7732353
 2.77764483 2.78205327 2.78646061 2.79086686 2.79527202 2.79967609
 2.80407907 2.80848096 2.81288176 2.81728148 2.8216801  2.82607764
 2.8304741  2.83486946 2.83926375 2.84365694 2.84804906 2.85244009
 2.85683004 2.86121891 2.8656067  2.8699934  2.87437903 2.87876358
 2.88314705 2.88752944 2.89191075 2.89629099 2.90067015 2.90504824
 2.90942525 2.91380119 2.91817605 2.92254984 2.92692256 2.93129421
 2.93566478 2.94003429 2.94440273 2.94877009 2.95313639 2.95750162
 2.96186578 2.96622888 2.97059091 2.97495187 2.97931177 2.98367061
 2.98802838 2.99238509 2.99674074 3.00109532 3.00544885 3.00980131
 3.01415272 3.01850306 3.02285235 3.02720058 3.03154775 3.03589386
 3.04023892 3.04458292 3.04892587 3.05326776 3.0576086  3.06194839
 3.06628712 3.0706248  3.07496143 3.07929701 3.08363154 3.08796502
 3.09229746 3.09662884 3.10095918 3.10528846 3.10961671 3.1139439
 3.11827006 3.12259516 3.12691923 3.13124225 3.13556422 3.13988516
 3.14420505 3.1485239  3.15284172 3.15715849 3.16147422 3.16578892
 3.17010257 3.17441519 3.17872678 3.18303732 3.18734683 3.19165531
 3.19596275 3.20026916 3.20457454 3.20887888 3.21318219 3.21748447
 3.22178572 3.22608593 3.23038512 3.23468328 3.23898042 3.24327652
 3.2475716  3.25186565 3.25615867 3.26045067 3.26474164 3.26903159
 3.27332052 3.27760842 3.2818953  3.28618116 3.290466   3.29474982
 3.29903262 3.30331439 3.30759515 3.31187489 3.31615362 3.32043132
 3.32470801 3.32898368 3.33325834 3.33753198 3.34180461 3.34607623
 3.35034683 3.35461642 3.358885   3.36315257 3.36741912 3.37168467
 3.37594921 3.38021273 3.38447525 3.38873677 3.39299727 3.39725677
 3.40151526 3.40577275 3.41002923 3.41428471 3.41853918 3.42279265
 3.42704512 3.43129659 3.43554705 3.43979652 3.44404498 3.44829244
 3.45253891 3.45678437 3.46102884 3.46527231 3.46951479 3.47375627
 3.47799675 3.48223624 3.48647473 3.49071223 3.49494874 3.49918425
 3.50341877 3.5076523  3.51188484 3.51611639 3.52034694 3.52457651
 3.52880509 3.53303268 3.53725929 3.5414849  3.54570953 3.54993318
 3.55415584 3.55837751 3.5625982  3.56681791 3.57103663 3.57525437
 3.57947113 3.58368691 3.5879017  3.59211552 3.59632835 3.60054021
 3.60475109 3.60896099 3.61316991 3.61737786 3.62158483 3.62579082
 3.62999584 3.63419988 3.63840295 3.64260505 3.64680617 3.65100632
 3.6552055  3.65940371 3.66360094 3.66779721 3.67199251 3.67618684
 3.68038019 3.68457259 3.68876401 3.69295447 3.69714396 3.70133248
 3.70552004 3.70970663 3.71389226 3.71807693 3.72226064 3.72644338
 3.73062516 3.73480597 3.73898583 3.74316473 3.74734267 3.75151964
 3.75569566 3.75987073 3.76404483 3.76821798 3.77239017 3.7765614
 3.78073168 3.78490101 3.78906938 3.79323679 3.79740326 3.80156877
 3.80573332 3.80989693 3.81405959 3.81822129 3.82238205 3.82654186
 3.83070071 3.83485862 3.83901558 3.8431716  3.84732667 3.85148079
 3.85563397 3.8597862  3.86393748 3.86808783 3.87223722 3.87638568
 3.8805332  3.88467977 3.8888254  3.89297009 3.89711384 3.90125665
 3.90539852 3.90953945 3.91367945 3.91781851 3.92195663 3.92609381
 3.93023006 3.93436537 3.93849975 3.94263319 3.9467657  3.95089728
 3.95502792 3.95915763 3.96328641 3.96741426 3.97154118 3.97566717
 3.97979222 3.98391635 3.98803955 3.99216183 3.99628317 4.00040359
 4.00452308 4.00864165 4.01275929 4.01687601 4.0209918  4.02510667
 4.02922061 4.03333364 4.03744574 4.04155692 4.04566717 4.04977651
 4.05388493 4.05799243 4.062099   4.06620466 4.07030941 4.07441323
 4.07851614 4.08261813 4.08671921 4.09081937 4.09491861 4.09901694
 4.10311436 4.10721086 4.11130645 4.11540113 4.1194949  4.12358776
 4.1276797  4.13177074 4.13586086 4.13995008 4.14403839 4.14812578
 4.15221228 4.15629786 4.16038254 4.16446631 4.16854918 4.17263114
 4.1767122  4.18079235 4.1848716  4.18894995 4.19302739 4.19710393
 4.20117958 4.20525432 4.20932816 4.2134011  4.21747314 4.22154428
 4.22561452 4.22968387 4.23375231 4.23781987 4.24188652 4.24595228
 4.25001714 4.25408111 4.25814419 4.26220637 4.26626766 4.27032805
 4.27438755 4.27844616 4.28250388 4.28656071 4.29061665 4.2946717
 4.29872586 4.30277913 4.30683151 4.31088301 4.31493362 4.31898334
 4.32303217 4.32708012 4.33112719 4.33517337 4.33921866 4.34326307
 4.3473066  4.35134924 4.35539101 4.35943189 4.36347189 4.36751101
 4.37154925 4.37558661 4.37962309 4.38365869 4.38769341 4.39172726
 4.39576023 4.39979232 4.40382354 4.40785388 4.41188334 4.41591193
 4.41993965 4.42396649 4.42799246 4.43201755 4.43604177 4.44006513
 4.44408761 4.44810922 4.45212996 4.45614983 4.46016883 4.46418696
 4.46820422 4.47222062 4.47623614 4.4802508  4.4842646  4.48827753
 4.49228959 4.49630079 4.50031112 4.50432059 4.5083292  4.51233694
 4.51634382 4.52034984 4.524355   4.5283593  4.53236273 4.53636531
 4.54036703 4.54436788 4.54836788 4.55236702 4.55636531 4.56036273
 4.5643593  4.56835502 4.57234987 4.57634388 4.58033703 4.58432932
 4.58832076 4.59231135 4.59630108 4.60028996 4.60427799 4.60826517
 4.6122515  4.61623697 4.6202216  4.62420538 4.62818831 4.63217039
 4.63615162 4.64013201 4.64411155 4.64809024 4.65206808 4.65604508
 4.66002124 4.66399655 4.66797101 4.67194464 4.67591742 4.67988935
 4.68386045 4.6878307  4.69180011 4.69576868 4.69973641 4.7037033
 4.70766935 4.71163457 4.71559894 4.71956247 4.72352517 4.72748703
 4.73144806 4.73540825 4.7393676  4.74332612 4.7472838  4.75124065
 4.75519667 4.75915185 4.7631062  4.76705971 4.7710124  4.77496425
 4.77891528 4.78286547 4.78681483 4.79076336 4.79471107 4.79865794
 4.80260399 4.80654921 4.8104936  4.81443717 4.81837991 4.82232182
 4.82626291 4.83020317 4.83414261 4.83808123 4.84201902 4.84595599
 4.84989214 4.85382746 4.85776196 4.86169565 4.86562851 4.86956055
 4.87349177 4.87742217 4.88135175 4.88528052 4.88920847 4.8931356
 4.89706191 4.9009874  4.90491208 4.90883595 4.912759   4.91668123
 4.92060265 4.92452326 4.92844305 4.93236203 4.9362802  4.94019756
 4.9441141  4.94802984 4.95194476 4.95585888 4.95977218 4.96368467
 4.96759636 4.97150724 4.97541731 4.97932657 4.98323503 4.98714268
 4.99104952 4.99495556 4.99886079 5.00276522 5.00666884 5.01057166
 5.01447368 5.01837489 5.0222753  5.02617491 5.03007372 5.03397173
 5.03786894 5.04176534 5.04566095 5.04955576 5.05344977 5.05734298
 5.06123539 5.06512701 5.06901783 5.07290785 5.07679708 5.08068551
 5.08457314 5.08845999 5.09234603 5.09623129 5.10011575 5.10399941
 5.10788229 5.11176437 5.11564566 5.11952616 5.12340587 5.12728479
 5.13116292 5.13504026 5.13891681 5.14279257 5.14666755 5.15054173
 5.15441513 5.15828775 5.16215957 5.16603061 5.16990087 5.17377034
 5.17763903 5.18150693 5.18537405 5.18924038 5.19310594 5.19697071
 5.2008347  5.20469791 5.20856033 5.21242198 5.21628285 5.22014293
 5.22400224 5.22786077 5.23171852 5.23557549 5.23943169 5.24328711
 5.24714175 5.25099562 5.25484871 5.25870102 5.26255256 5.26640333
 5.27025332 5.27410254 5.27795099 5.28179866 5.28564556 5.28949169
 5.29333705 5.29718163 5.30102545 5.3048685  5.30871078 5.31255228
 5.31639302 5.32023299 5.3240722  5.32791063 5.3317483  5.33558521
 5.33942134 5.34325671 5.34709132 5.35092516 5.35475824 5.35859055
 5.3624221  5.36625288 5.37008291 5.37391217 5.37774067 5.38156841
 5.38539538 5.3892216  5.39304706 5.39687176 5.40069569 5.40451887
 5.40834129 5.41216296 5.41598386 5.41980401 5.4236234  5.42744204
 5.43125992 5.43507704 5.43889341 5.44270903 5.44652389 5.450338
 5.45415135 5.45796395 5.4617758  5.4655869  5.46939725 5.47320684
 5.47701568 5.48082378 5.48463112 5.48843772 5.49224356 5.49604866
 5.49985301 5.50365661 5.50745946 5.51126157 5.51506293 5.51886355
 5.52266342 5.52646254 5.53026092 5.53405855 5.53785544 5.54165159
 5.545447   5.54924166 5.55303558 5.55682876 5.56062119 5.56441289
 5.56820384 5.57199406 5.57578353 5.57957227 5.58336026 5.58714752
 5.59093404 5.59471983 5.59850487 5.60228918 5.60607275 5.60985559
 5.61363769 5.61741906 5.62119969 5.62497958 5.62875875 5.63253718
 5.63631487 5.64009184 5.64386807 5.64764357 5.65141834 5.65519237
 5.65896568 5.66273826 5.66651011 5.67028122 5.67405161 5.67782127
 5.6815902  5.68535841 5.68912589 5.69289264 5.69665866 5.70042396
 5.70418853 5.70795238 5.7117155  5.7154779  5.71923957 5.72300052
 5.72676075 5.73052026 5.73427904 5.7380371  5.74179444 5.74555105
 5.74930695 5.75306213 5.75681658 5.76057032 5.76432334 5.76807564
 5.77182722 5.77557808 5.77932823 5.78307766 5.78682637 5.79057437
 5.79432165 5.79806821 5.80181406 5.8055592  5.80930362 5.81304733
 5.81679032 5.8205326  5.82427417 5.82801503 5.83175517 5.83549461
 5.83923333 5.84297134 5.84670864 5.85044523]
t =  [1.04112052e+09 1.04112056e+09 1.04112059e+09 1.04112062e+09
 1.04112065e+09 1.04112069e+09 1.04112072e+09 1.04112075e+09
 1.04112078e+09 1.04112081e+09 1.04112085e+09 1.04112088e+09
 1.04112091e+09 1.04112094e+09 1.04112098e+09 1.04112101e+09
 1.04112104e+09 1.04112107e+09 1.04112111e+09 1.04112114e+09
 1.04112117e+09 1.04112120e+09 1.04112124e+09 1.04112127e+09
 1.04112130e+09 1.04112133e+09 1.04112136e+09 1.04112140e+09
 1.04112143e+09 1.04112146e+09 1.04112149e+09 1.04112153e+09
 1.04112156e+09 1.04112159e+09 1.04112162e+09 1.04112166e+09
 1.04112169e+09 1.04112172e+09 1.04112175e+09 1.04112179e+09
 1.04112182e+09 1.04112185e+09 1.04112188e+09 1.04112192e+09
 1.04112195e+09 1.04112198e+09 1.04112201e+09 1.04112204e+09
 1.04112208e+09 1.04112211e+09 1.04112214e+09 1.04112217e+09
 1.04112221e+09 1.04112224e+09 1.04112227e+09 1.04112230e+09
 1.04112234e+09 1.04112237e+09 1.04112240e+09 1.04112243e+09
 1.04112247e+09 1.04112250e+09 1.04112253e+09 1.04112256e+09
 1.04112260e+09 1.04112263e+09 1.04112266e+09 1.04112269e+09
 1.04112272e+09 1.04112276e+09 1.04112279e+09 1.04112282e+09
 1.04112285e+09 1.04112289e+09 1.04112292e+09 1.04112295e+09
 1.04112298e+09 1.04112302e+09 1.04112305e+09 1.04112308e+09
 1.04112311e+09 1.04112315e+09 1.04112318e+09 1.04112321e+09
 1.04112324e+09 1.04112327e+09 1.04112331e+09 1.04112334e+09
 1.04112337e+09 1.04112340e+09 1.04112344e+09 1.04112347e+09
 1.04112350e+09 1.04112353e+09 1.04112357e+09 1.04112360e+09
 1.04112363e+09 1.04112366e+09 1.04112370e+09 1.04112373e+09
 1.04112376e+09 1.04112379e+09 1.04112383e+09 1.04112386e+09
 1.04112389e+09 1.04112392e+09 1.04112395e+09 1.04112399e+09
 1.04112402e+09 1.04112405e+09 1.04112408e+09 1.04112412e+09
 1.04112415e+09 1.04112418e+09 1.04112421e+09 1.04112425e+09
 1.04112428e+09 1.04112431e+09 1.04112434e+09 1.04112438e+09
 1.04112441e+09 1.04112444e+09 1.04112447e+09 1.04112450e+09
 1.04112454e+09 1.04112457e+09 1.04112460e+09 1.04112463e+09
 1.04112467e+09 1.04112470e+09 1.04112473e+09 1.04112476e+09
 1.04112480e+09 1.04112483e+09 1.04112486e+09 1.04112489e+09
 1.04112493e+09 1.04112496e+09 1.04112499e+09 1.04112502e+09
 1.04112506e+09 1.04112509e+09 1.04112512e+09 1.04112515e+09
 1.04112518e+09 1.04112522e+09 1.04112525e+09 1.04112528e+09
 1.04112531e+09 1.04112535e+09 1.04112538e+09 1.04112541e+09
 1.04112544e+09 1.04112548e+09 1.04112551e+09 1.04112554e+09
 1.04112557e+09 1.04112561e+09 1.04112564e+09 1.04112567e+09
 1.04112570e+09 1.04112574e+09 1.04112577e+09 1.04112580e+09
 1.04112583e+09 1.04112586e+09 1.04112590e+09 1.04112593e+09
 1.04112596e+09 1.04112599e+09 1.04112603e+09 1.04112606e+09
 1.04112609e+09 1.04112612e+09 1.04112616e+09 1.04112619e+09
 1.04112622e+09 1.04112625e+09 1.04112629e+09 1.04112632e+09
 1.04112635e+09 1.04112638e+09 1.04112641e+09 1.04112645e+09
 1.04112648e+09 1.04112651e+09 1.04112654e+09 1.04112658e+09
 1.04112661e+09 1.04112664e+09 1.04112667e+09 1.04112671e+09
 1.04112674e+09 1.04112677e+09 1.04112680e+09 1.04112684e+09
 1.04112687e+09 1.04112690e+09 1.04112693e+09 1.04112697e+09
 1.04112700e+09 1.04112703e+09 1.04112706e+09 1.04112709e+09
 1.04112713e+09 1.04112716e+09 1.04112719e+09 1.04112722e+09
 1.04112726e+09 1.04112729e+09 1.04112732e+09 1.04112735e+09
 1.04112739e+09 1.04112742e+09 1.04112745e+09 1.04112748e+09
 1.04112752e+09 1.04112755e+09 1.04112758e+09 1.04112761e+09
 1.04112765e+09 1.04112768e+09 1.04112771e+09 1.04112774e+09
 1.04112777e+09 1.04112781e+09 1.04112784e+09 1.04112787e+09
 1.04112790e+09 1.04112794e+09 1.04112797e+09 1.04112800e+09
 1.04112803e+09 1.04112807e+09 1.04112810e+09 1.04112813e+09
 1.04112816e+09 1.04112820e+09 1.04112823e+09 1.04112826e+09
 1.04112829e+09 1.04112832e+09 1.04112836e+09 1.04112839e+09
 1.04112842e+09 1.04112845e+09 1.04112849e+09 1.04112852e+09
 1.04112855e+09 1.04112858e+09 1.04112862e+09 1.04112865e+09
 1.04112868e+09 1.04112871e+09 1.04112875e+09 1.04112878e+09
 1.04112881e+09 1.04112884e+09 1.04112888e+09 1.04112891e+09
 1.04112894e+09 1.04112897e+09 1.04112900e+09 1.04112904e+09
 1.04112907e+09 1.04112910e+09 1.04112913e+09 1.04112917e+09
 1.04112920e+09 1.04112923e+09 1.04112926e+09 1.04112930e+09
 1.04112933e+09 1.04112936e+09 1.04112939e+09 1.04112943e+09
 1.04112946e+09 1.04112949e+09 1.04112952e+09 1.04112956e+09
 1.04112959e+09 1.04112962e+09 1.04112965e+09 1.04112968e+09
 1.04112972e+09 1.04112975e+09 1.04112978e+09 1.04112981e+09
 1.04112985e+09 1.04112988e+09 1.04112991e+09 1.04112994e+09
 1.04112998e+09 1.04113001e+09 1.04113004e+09 1.04113007e+09
 1.04113011e+09 1.04113014e+09 1.04113017e+09 1.04113020e+09
 1.04113023e+09 1.04113027e+09 1.04113030e+09 1.04113033e+09
 1.04113036e+09 1.04113040e+09 1.04113043e+09 1.04113046e+09
 1.04113049e+09 1.04113053e+09 1.04113056e+09 1.04113059e+09
 1.04113062e+09 1.04113066e+09 1.04113069e+09 1.04113072e+09
 1.04113075e+09 1.04113079e+09 1.04113082e+09 1.04113085e+09
 1.04113088e+09 1.04113091e+09 1.04113095e+09 1.04113098e+09
 1.04113101e+09 1.04113104e+09 1.04113108e+09 1.04113111e+09
 1.04113114e+09 1.04113117e+09 1.04113121e+09 1.04113124e+09
 1.04113127e+09 1.04113130e+09 1.04113134e+09 1.04113137e+09
 1.04113140e+09 1.04113143e+09 1.04113147e+09 1.04113150e+09
 1.04113153e+09 1.04113156e+09 1.04113159e+09 1.04113163e+09
 1.04113166e+09 1.04113169e+09 1.04113172e+09 1.04113176e+09
 1.04113179e+09 1.04113182e+09 1.04113185e+09 1.04113189e+09
 1.04113192e+09 1.04113195e+09 1.04113198e+09 1.04113202e+09
 1.04113205e+09 1.04113208e+09 1.04113211e+09 1.04113214e+09
 1.04113218e+09 1.04113221e+09 1.04113224e+09 1.04113227e+09
 1.04113231e+09 1.04113234e+09 1.04113237e+09 1.04113240e+09
 1.04113244e+09 1.04113247e+09 1.04113250e+09 1.04113253e+09
 1.04113257e+09 1.04113260e+09 1.04113263e+09 1.04113266e+09
 1.04113270e+09 1.04113273e+09 1.04113276e+09 1.04113279e+09
 1.04113282e+09 1.04113286e+09 1.04113289e+09 1.04113292e+09
 1.04113295e+09 1.04113299e+09 1.04113302e+09 1.04113305e+09
 1.04113308e+09 1.04113312e+09 1.04113315e+09 1.04113318e+09
 1.04113321e+09 1.04113325e+09 1.04113328e+09 1.04113331e+09
 1.04113334e+09 1.04113338e+09 1.04113341e+09 1.04113344e+09
 1.04113347e+09 1.04113350e+09 1.04113354e+09 1.04113357e+09
 1.04113360e+09 1.04113363e+09 1.04113367e+09 1.04113370e+09
 1.04113373e+09 1.04113376e+09 1.04113380e+09 1.04113383e+09
 1.04113386e+09 1.04113389e+09 1.04113393e+09 1.04113396e+09
 1.04113399e+09 1.04113402e+09 1.04113405e+09 1.04113409e+09
 1.04113412e+09 1.04113415e+09 1.04113418e+09 1.04113422e+09
 1.04113425e+09 1.04113428e+09 1.04113431e+09 1.04113435e+09
 1.04113438e+09 1.04113441e+09 1.04113444e+09 1.04113448e+09
 1.04113451e+09 1.04113454e+09 1.04113457e+09 1.04113461e+09
 1.04113464e+09 1.04113467e+09 1.04113470e+09 1.04113473e+09
 1.04113477e+09 1.04113480e+09 1.04113483e+09 1.04113486e+09
 1.04113490e+09 1.04113493e+09 1.04113496e+09 1.04113499e+09
 1.04113503e+09 1.04113506e+09 1.04113509e+09 1.04113512e+09
 1.04113516e+09 1.04113519e+09 1.04113522e+09 1.04113525e+09
 1.04113528e+09 1.04113532e+09 1.04113535e+09 1.04113538e+09
 1.04113541e+09 1.04113545e+09 1.04113548e+09 1.04113551e+09
 1.04113554e+09 1.04113558e+09 1.04113561e+09 1.04113564e+09
 1.04113567e+09 1.04113571e+09 1.04113574e+09 1.04113577e+09
 1.04113580e+09 1.04113584e+09 1.04113587e+09 1.04113590e+09
 1.04113593e+09 1.04113596e+09 1.04113600e+09 1.04113603e+09
 1.04113606e+09 1.04113609e+09 1.04113613e+09 1.04113616e+09
 1.04113619e+09 1.04113622e+09 1.04113626e+09 1.04113629e+09
 1.04113632e+09 1.04113635e+09 1.04113639e+09 1.04113642e+09
 1.04113645e+09 1.04113648e+09 1.04113652e+09 1.04113655e+09
 1.04113658e+09 1.04113661e+09 1.04113664e+09 1.04113668e+09
 1.04113671e+09 1.04113674e+09 1.04113677e+09 1.04113681e+09
 1.04113684e+09 1.04113687e+09 1.04113690e+09 1.04113694e+09
 1.04113697e+09 1.04113700e+09 1.04113703e+09 1.04113707e+09
 1.04113710e+09 1.04113713e+09 1.04113716e+09 1.04113719e+09
 1.04113723e+09 1.04113726e+09 1.04113729e+09 1.04113732e+09
 1.04113736e+09 1.04113739e+09 1.04113742e+09 1.04113745e+09
 1.04113749e+09 1.04113752e+09 1.04113755e+09 1.04113758e+09
 1.04113762e+09 1.04113765e+09 1.04113768e+09 1.04113771e+09
 1.04113775e+09 1.04113778e+09 1.04113781e+09 1.04113784e+09
 1.04113787e+09 1.04113791e+09 1.04113794e+09 1.04113797e+09
 1.04113800e+09 1.04113804e+09 1.04113807e+09 1.04113810e+09
 1.04113813e+09 1.04113817e+09 1.04113820e+09 1.04113823e+09
 1.04113826e+09 1.04113830e+09 1.04113833e+09 1.04113836e+09
 1.04113839e+09 1.04113843e+09 1.04113846e+09 1.04113849e+09
 1.04113852e+09 1.04113855e+09 1.04113859e+09 1.04113862e+09
 1.04113865e+09 1.04113868e+09 1.04113872e+09 1.04113875e+09
 1.04113878e+09 1.04113881e+09 1.04113885e+09 1.04113888e+09
 1.04113891e+09 1.04113894e+09 1.04113898e+09 1.04113901e+09
 1.04113904e+09 1.04113907e+09 1.04113910e+09 1.04113914e+09
 1.04113917e+09 1.04113920e+09 1.04113923e+09 1.04113927e+09
 1.04113930e+09 1.04113933e+09 1.04113936e+09 1.04113940e+09
 1.04113943e+09 1.04113946e+09 1.04113949e+09 1.04113953e+09
 1.04113956e+09 1.04113959e+09 1.04113962e+09 1.04113966e+09
 1.04113969e+09 1.04113972e+09 1.04113975e+09 1.04113978e+09
 1.04113982e+09 1.04113985e+09 1.04113988e+09 1.04113991e+09
 1.04113995e+09 1.04113998e+09 1.04114001e+09 1.04114004e+09
 1.04114008e+09 1.04114011e+09 1.04114014e+09 1.04114017e+09
 1.04114021e+09 1.04114024e+09 1.04114027e+09 1.04114030e+09
 1.04114034e+09 1.04114037e+09 1.04114040e+09 1.04114043e+09
 1.04114046e+09 1.04114050e+09 1.04114053e+09 1.04114056e+09
 1.04114059e+09 1.04114063e+09 1.04114066e+09 1.04114069e+09
 1.04114072e+09 1.04114076e+09 1.04114079e+09 1.04114082e+09
 1.04114085e+09 1.04114089e+09 1.04114092e+09 1.04114095e+09
 1.04114098e+09 1.04114101e+09 1.04114105e+09 1.04114108e+09
 1.04114111e+09 1.04114114e+09 1.04114118e+09 1.04114121e+09
 1.04114124e+09 1.04114127e+09 1.04114131e+09 1.04114134e+09
 1.04114137e+09 1.04114140e+09 1.04114144e+09 1.04114147e+09
 1.04114150e+09 1.04114153e+09 1.04114157e+09 1.04114160e+09
 1.04114163e+09 1.04114166e+09 1.04114169e+09 1.04114173e+09
 1.04114176e+09 1.04114179e+09 1.04114182e+09 1.04114186e+09
 1.04114189e+09 1.04114192e+09 1.04114195e+09 1.04114199e+09
 1.04114202e+09 1.04114205e+09 1.04114208e+09 1.04114212e+09
 1.04114215e+09 1.04114218e+09 1.04114221e+09 1.04114225e+09
 1.04114228e+09 1.04114231e+09 1.04114234e+09 1.04114237e+09
 1.04114241e+09 1.04114244e+09 1.04114247e+09 1.04114250e+09
 1.04114254e+09 1.04114257e+09 1.04114260e+09 1.04114263e+09
 1.04114267e+09 1.04114270e+09 1.04114273e+09 1.04114276e+09
 1.04114280e+09 1.04114283e+09 1.04114286e+09 1.04114289e+09
 1.04114292e+09 1.04114296e+09 1.04114299e+09 1.04114302e+09
 1.04114305e+09 1.04114309e+09 1.04114312e+09 1.04114315e+09
 1.04114318e+09 1.04114322e+09 1.04114325e+09 1.04114328e+09
 1.04114331e+09 1.04114335e+09 1.04114338e+09 1.04114341e+09
 1.04114344e+09 1.04114348e+09 1.04114351e+09 1.04114354e+09
 1.04114357e+09 1.04114360e+09 1.04114364e+09 1.04114367e+09
 1.04114370e+09 1.04114373e+09 1.04114377e+09 1.04114380e+09
 1.04114383e+09 1.04114386e+09 1.04114390e+09 1.04114393e+09
 1.04114396e+09 1.04114399e+09 1.04114403e+09 1.04114406e+09
 1.04114409e+09 1.04114412e+09 1.04114416e+09 1.04114419e+09
 1.04114422e+09 1.04114425e+09 1.04114428e+09 1.04114432e+09
 1.04114435e+09 1.04114438e+09 1.04114441e+09 1.04114445e+09
 1.04114448e+09 1.04114451e+09 1.04114454e+09 1.04114458e+09
 1.04114461e+09 1.04114464e+09 1.04114467e+09 1.04114471e+09
 1.04114474e+09 1.04114477e+09 1.04114480e+09 1.04114483e+09
 1.04114487e+09 1.04114490e+09 1.04114493e+09 1.04114496e+09
 1.04114500e+09 1.04114503e+09 1.04114506e+09 1.04114509e+09
 1.04114513e+09 1.04114516e+09 1.04114519e+09 1.04114522e+09
 1.04114526e+09 1.04114529e+09 1.04114532e+09 1.04114535e+09
 1.04114539e+09 1.04114542e+09 1.04114545e+09 1.04114548e+09
 1.04114551e+09 1.04114555e+09 1.04114558e+09 1.04114561e+09
 1.04114564e+09 1.04114568e+09 1.04114571e+09 1.04114574e+09
 1.04114577e+09 1.04114581e+09 1.04114584e+09 1.04114587e+09
 1.04114590e+09 1.04114594e+09 1.04114597e+09 1.04114600e+09
 1.04114603e+09 1.04114606e+09 1.04114610e+09 1.04114613e+09
 1.04114616e+09 1.04114619e+09 1.04114623e+09 1.04114626e+09
 1.04114629e+09 1.04114632e+09 1.04114636e+09 1.04114639e+09
 1.04114642e+09 1.04114645e+09 1.04114649e+09 1.04114652e+09
 1.04114655e+09 1.04114658e+09 1.04114662e+09 1.04114665e+09
 1.04114668e+09 1.04114671e+09 1.04114674e+09 1.04114678e+09
 1.04114681e+09 1.04114684e+09 1.04114687e+09 1.04114691e+09
 1.04114694e+09 1.04114697e+09 1.04114700e+09 1.04114704e+09
 1.04114707e+09 1.04114710e+09 1.04114713e+09 1.04114717e+09
 1.04114720e+09 1.04114723e+09 1.04114726e+09 1.04114730e+09
 1.04114733e+09 1.04114736e+09 1.04114739e+09 1.04114742e+09
 1.04114746e+09 1.04114749e+09 1.04114752e+09 1.04114755e+09
 1.04114759e+09 1.04114762e+09 1.04114765e+09 1.04114768e+09
 1.04114772e+09 1.04114775e+09 1.04114778e+09 1.04114781e+09
 1.04114785e+09 1.04114788e+09 1.04114791e+09 1.04114794e+09
 1.04114797e+09 1.04114801e+09 1.04114804e+09 1.04114807e+09
 1.04114810e+09 1.04114814e+09 1.04114817e+09 1.04114820e+09
 1.04114823e+09 1.04114827e+09 1.04114830e+09 1.04114833e+09
 1.04114836e+09 1.04114840e+09 1.04114843e+09 1.04114846e+09
 1.04114849e+09 1.04114853e+09 1.04114856e+09 1.04114859e+09
 1.04114862e+09 1.04114865e+09 1.04114869e+09 1.04114872e+09
 1.04114875e+09 1.04114878e+09 1.04114882e+09 1.04114885e+09
 1.04114888e+09 1.04114891e+09 1.04114895e+09 1.04114898e+09
 1.04114901e+09 1.04114904e+09 1.04114908e+09 1.04114911e+09
 1.04114914e+09 1.04114917e+09 1.04114921e+09 1.04114924e+09
 1.04114927e+09 1.04114930e+09 1.04114933e+09 1.04114937e+09
 1.04114940e+09 1.04114943e+09 1.04114946e+09 1.04114950e+09
 1.04114953e+09 1.04114956e+09 1.04114959e+09 1.04114963e+09
 1.04114966e+09 1.04114969e+09 1.04114972e+09 1.04114976e+09
 1.04114979e+09 1.04114982e+09 1.04114985e+09 1.04114988e+09
 1.04114992e+09 1.04114995e+09 1.04114998e+09 1.04115001e+09
 1.04115005e+09 1.04115008e+09 1.04115011e+09 1.04115014e+09
 1.04115018e+09 1.04115021e+09 1.04115024e+09 1.04115027e+09
 1.04115031e+09 1.04115034e+09 1.04115037e+09 1.04115040e+09
 1.04115044e+09 1.04115047e+09 1.04115050e+09 1.04115053e+09
 1.04115056e+09 1.04115060e+09 1.04115063e+09 1.04115066e+09
 1.04115069e+09 1.04115073e+09 1.04115076e+09 1.04115079e+09
 1.04115082e+09 1.04115086e+09 1.04115089e+09 1.04115092e+09
 1.04115095e+09 1.04115099e+09 1.04115102e+09 1.04115105e+09
 1.04115108e+09 1.04115112e+09 1.04115115e+09 1.04115118e+09
 1.04115121e+09 1.04115124e+09 1.04115128e+09 1.04115131e+09
 1.04115134e+09 1.04115137e+09 1.04115141e+09 1.04115144e+09
 1.04115147e+09 1.04115150e+09 1.04115154e+09 1.04115157e+09
 1.04115160e+09 1.04115163e+09 1.04115167e+09 1.04115170e+09
 1.04115173e+09 1.04115176e+09 1.04115179e+09 1.04115183e+09
 1.04115186e+09 1.04115189e+09 1.04115192e+09 1.04115196e+09
 1.04115199e+09 1.04115202e+09 1.04115205e+09 1.04115209e+09
 1.04115212e+09 1.04115215e+09 1.04115218e+09 1.04115222e+09
 1.04115225e+09 1.04115228e+09 1.04115231e+09 1.04115235e+09
 1.04115238e+09 1.04115241e+09 1.04115244e+09 1.04115247e+09
 1.04115251e+09 1.04115254e+09 1.04115257e+09 1.04115260e+09
 1.04115264e+09 1.04115267e+09 1.04115270e+09 1.04115273e+09
 1.04115277e+09 1.04115280e+09 1.04115283e+09 1.04115286e+09]
minRes = 1.6864914820700032
minResTime =  [1.04112052e+09]
