name =JUICE_ROI_CAL_7_0_07
flyby =  ['2032 SEP 10 11:52:29', '2032 SEP 11 11:52:29']
Observation TW =  <SpiceCell dtype = 1, length = 0, size = 2400, card = 4, is_set = 1, adjust = 0, init = 1, base = 2554797887792, data = 2554797887840>
Res(t) =  [4.81629789 4.81270589 4.80911356 4.80552088 4.80192786 4.7983345
 4.79474079 4.79114674 4.78755234 4.7839576  4.78036251 4.77676708
 4.77317129 4.76957516 4.76597868 4.76238185 4.75878467 4.75518714
 4.75158925 4.74799102 4.74439243 4.74079348 4.73719418 4.73359453
 4.72999452 4.72639415 4.72279343 4.71919234 4.7155909  4.7119891
 4.70838694 4.70478442 4.70118153 4.69757829 4.69397468 4.69037071
 4.68676637 4.68316167 4.6795566  4.67595116 4.67234536 4.66873919
 4.66513265 4.66152575 4.65791847 4.65431082 4.6507028  4.64709441
 4.64348565 4.63987651 4.636267   4.63265711 4.62904685 4.62543621
 4.6218252  4.61821381 4.61460204 4.61098989 4.60737736 4.60376445
 4.60015116 4.59653748 4.59292343 4.58930899 4.58569417 4.58207896
 4.57846337 4.57484739 4.57123103 4.56761428 4.56399714 4.56037961
 4.55676169 4.55314338 4.54952469 4.54590559 4.54228611 4.53866624
 4.53504597 4.5314253  4.52780425 4.52418279 4.52056094 4.51693869
 4.51331605 4.50969301 4.50606956 4.50244572 4.49882148 4.49519683
 4.49157178 4.48794633 4.48432048 4.48069422 4.47706756 4.47344049
 4.46981302 4.46618514 4.46255685 4.45892815 4.45529905 4.45166953
 4.44803961 4.44440927 4.44077852 4.43714736 4.43351578 4.42988379
 4.42625139 4.42261857 4.41898534 4.41535168 4.41171762 4.40808313
 4.40444822 4.4008129  4.39717715 4.39354098 4.38990439 4.38626738
 4.38262995 4.37899209 4.37535381 4.3717151  4.36807596 4.3644364
 4.36079642 4.357156   4.35351516 4.34987388 4.34623218 4.34259004
 4.33894747 4.33530448 4.33166104 4.32801718 4.32437288 4.32072814
 4.31708297 4.31343736 4.30979132 4.30614484 4.30249791 4.29885055
 4.29520275 4.29155451 4.28790583 4.2842567  4.28060713 4.27695712
 4.27330667 4.26965576 4.26600442 4.26235262 4.25870038 4.2550477
 4.25139456 4.24774097 4.24408694 4.24043245 4.23677751 4.23312212
 4.22946628 4.22580998 4.22215323 4.21849602 4.21483836 4.21118024
 4.20752167 4.20386264 4.20020315 4.1965432  4.19288279 4.18922191
 4.18556058 4.18189879 4.17823653 4.17457381 4.17091063 4.16724698
 4.16358286 4.15991828 4.15625323 4.15258771 4.14892173 4.14525528
 4.14158835 4.13792096 4.13425309 4.13058476 4.12691595 4.12324666
 4.1195769  4.11590667 4.11223596 4.10856478 4.10489312 4.10122098
 4.09754836 4.09387526 4.09020169 4.08652763 4.08285309 4.07917807
 4.07550257 4.07182658 4.06815011 4.06447316 4.06079572 4.05711779
 4.05343938 4.04976047 4.04608108 4.04240121 4.03872084 4.03503998
 4.03135863 4.02767678 4.02399445 4.02031162 4.0166283  4.01294448
 4.00926017 4.00557536 4.00189005 3.99820425 3.99451795 3.99083115
 3.98714385 3.98345604 3.97976774 3.97607894 3.97238963 3.96869982
 3.9650095  3.96131868 3.95762736 3.95393553 3.95024319 3.94655035
 3.94285699 3.93916313 3.93546876 3.93177387 3.92807848 3.92438257
 3.92068615 3.91698922 3.91329177 3.90959381 3.90589534 3.90219634
 3.89849683 3.89479681 3.89109626 3.8873952  3.88369361 3.87999151
 3.87628888 3.87258573 3.86888206 3.86517787 3.86147315 3.85776791
 3.85406214 3.85035584 3.84664902 3.84294167 3.8392338  3.83552539
 3.83181645 3.82810699 3.82439699 3.82068646 3.8169754  3.8132638
 3.80955167 3.80583901 3.80212581 3.79841208 3.7946978  3.79098299
 3.78726765 3.78355176 3.77983533 3.77611836 3.77240086 3.7686828
 3.76496421 3.76124508 3.7575254  3.75380517 3.7500844  3.74636308
 3.74264122 3.73891881 3.73519585 3.73147234 3.72774829 3.72402368
 3.72029852 3.71657281 3.71284655 3.70911973 3.70539236 3.70166444
 3.69793596 3.69420692 3.69047733 3.68674718 3.68301647 3.6792852
 3.67555337 3.67182099 3.66808804 3.66435453 3.66062046 3.65688582
 3.65315062 3.64941486 3.64567853 3.64194164 3.63820417 3.63446615
 3.63072755 3.62698838 3.62324865 3.61950834 3.61576747 3.61202602
 3.608284   3.60454141 3.60079824 3.5970545  3.59331018 3.58956529
 3.58581982 3.58207378 3.57832715 3.57457995 3.57083217 3.56708381
 3.56333487 3.55958534 3.55583524 3.55208455 3.54833328 3.54458142
 3.54082898 3.53707595 3.53332234 3.52956814 3.52581335 3.52205797
 3.51830201 3.51454545 3.51078831 3.50703057 3.50327224 3.49951332
 3.49575381 3.4919937  3.48823299 3.4844717  3.4807098  3.47694731
 3.47318422 3.46942053 3.46565625 3.46189136 3.45812588 3.45435979
 3.4505931  3.44682581 3.44305792 3.43928942 3.43552032 3.43175061
 3.4279803  3.42420938 3.42043785 3.41666572 3.41289298 3.40911963
 3.40534566 3.40157109 3.39779591 3.39402011 3.39024371 3.38646669
 3.38268905 3.3789108  3.37513194 3.37135246 3.36757236 3.36379164
 3.36001031 3.35622836 3.35244579 3.34866259 3.34487878 3.34109435
 3.33730929 3.33352361 3.32973731 3.32595039 3.32216283 3.31837466
 3.31458586 3.31079643 3.30700637 3.30321568 3.29942437 3.29563243
 3.29183985 3.28804665 3.28425281 3.28045834 3.27666324 3.2728675
 3.26907114 3.26527413 3.26147649 3.25767822 3.2538793  3.25007975
 3.24627956 3.24247874 3.23867727 3.23487516 3.23107242 3.22726903
 3.223465   3.21966032 3.215855   3.21204904 3.20824244 3.20443518
 3.20062729 3.19681874 3.19300955 3.18919971 3.18538922 3.18157808
 3.1777663  3.17395386 3.17014077 3.16632703 3.16251263 3.15869759
 3.15488189 3.15106553 3.14724852 3.14343086 3.13961253 3.13579355
 3.13197392 3.12815362 3.12433267 3.12051106 3.11668878 3.11286585
 3.10904225 3.105218   3.10139308 3.09756749 3.09374124 3.08991433
 3.08608676 3.08225851 3.0784296  3.07460003 3.07076979 3.06693887
 3.06310729 3.05927504 3.05544212 3.05160853 3.04777427 3.04393934
 3.04010373 3.03626745 3.0324305  3.02859287 3.02475457 3.0209156
 3.01707594 3.01323561 3.00939461 3.00555292 3.00171056 2.99786752
 2.99402379 2.99017939 2.98633431 2.98248855 2.9786421  2.97479497
 2.97094716 2.96709866 2.96324949 2.95939962 2.95554907 2.95169784
 2.94784591 2.94399331 2.94014001 2.93628602 2.93243135 2.92857599
 2.92471994 2.92086319 2.91700576 2.91314763 2.90928882 2.90542931
 2.9015691  2.8977082  2.89384661 2.88998433 2.88612135 2.88225767
 2.87839329 2.87452822 2.87066246 2.86679599 2.86292883 2.85906096
 2.8551924  2.85132314 2.84745317 2.84358251 2.83971114 2.83583907
 2.8319663  2.82809283 2.82421865 2.82034377 2.81646818 2.81259189
 2.80871489 2.80483719 2.80095878 2.79707966 2.79319984 2.78931931
 2.78543807 2.78155612 2.77767346 2.77379009 2.76990601 2.76602122
 2.76213572 2.75824951 2.75436258 2.75047494 2.74658659 2.74269753
 2.73880775 2.73491726 2.73102605 2.72713413 2.72324149 2.71934814
 2.71545406 2.71155928 2.70766377 2.70376755 2.69987061 2.69597295
 2.69207457 2.68817547 2.68427565 2.68037511 2.67647386 2.67257188
 2.66866918 2.66476575 2.66086161 2.65695674 2.65305115 2.64914484
 2.6452378  2.64133004 2.63742156 2.63351235 2.62960241 2.62569176
 2.62178037 2.61786826 2.61395542 2.61004186 2.60612757 2.60221255
 2.59829681 2.59438034 2.59046314 2.58654521 2.58262655 2.57870716
 2.57478705 2.5708662  2.56694463 2.56302232 2.55909929 2.55517552
 2.55125103 2.5473258  2.54339984 2.53947315 2.53554573 2.53161758
 2.52768869 2.52375907 2.51982872 2.51589764 2.51196582 2.50803327
 2.50409999 2.50016597 2.49623122 2.49229574 2.48835952 2.48442257
 2.48048488 2.47654646 2.47260731 2.46866742 2.46472679 2.46078543
 2.45684334 2.45290051 2.44895695 2.44501265 2.44106761 2.43712184
 2.43317533 2.42922809 2.42528011 2.4213314  2.41738195 2.41343176
 2.40948084 2.40552919 2.4015768  2.39762367 2.3936698  2.3897152
 2.38575987 2.3818038  2.37784699 2.37388945 2.36993117 2.36597216
 2.36201241 2.35805193 2.35409071 2.35012875 2.34616606 2.34220264
 2.33823848 2.33427359 2.33030796 2.3263416  2.3223745  2.31840667
 2.31443811 2.31046881 2.30649878 2.30252802 2.29855652 2.29458429
 2.29061133 2.28663763 2.28266321 2.27868805 2.27471216 2.27073554
 2.26675819 2.26278011 2.2588013  2.25482176 2.25084149 2.2468605
 2.24287877 2.23889631 2.23491313 2.23092922 2.22694459 2.22295923
 2.21897314 2.21498632 2.21099879 2.20701052 2.20302154 2.19903183
 2.19504139 2.19105024 2.18705836 2.18306577 2.17907245 2.17507841
 2.17108366 2.16708818 2.16309199 2.15909508 2.15509746 2.15109912
 2.14710006 2.14310029 2.13909981 2.13509861 2.1310967  2.12709409
 2.12309076 2.11908672 2.11508198 2.11107652 2.10707036 2.1030635
 2.09905593 2.09504766 2.09103868 2.08702901 2.08301863 2.07900756
 2.07499578 2.07098331 2.06697014 2.06295628 2.05894172 2.05492648
 2.05091054 2.04689391 2.04287659 2.03885858 2.03483989 2.03082051
 2.02680045 2.02277971 2.01875829 2.01473619 2.01071341 2.00668995
 2.00266582 1.99864102 1.99461554 1.9905894  1.98656259 1.98253511
 1.97850696 1.97447816 1.97044869 1.96641856 1.96238777 1.95835633
 1.95432423 1.95029148 1.94625808 1.94222404 1.93818934 1.93415401
 1.93011803 1.92608141 1.92204415 1.91800626 1.91396773 1.90992858
 1.90588879 1.90184838 1.89780734 1.89376569 1.88972341 1.88568052
 1.88163701 1.87759289 1.87354816 1.86950283 1.86545689 1.86141036
 1.85736322 1.85331549 1.84926717 1.84521826 1.84116876 1.83711868
 1.83306802 1.82901678 1.82496497 1.82091259 1.81685964 1.81280613
 1.80875206 1.80469743 1.80064225 1.79658652 1.79253024 1.78847342
 1.78441607 1.78035818 1.77629975 1.7722408  1.76818133 1.76412134
 1.76006084 1.75599982 1.7519383  1.74787628 1.74381376 1.73975075
 1.73568725 1.73162327 1.72755881 1.72349387 1.71942847 1.7153626
 1.71129628 1.7072295  1.70316227 1.6990946  1.69502649 1.69095795
 1.68688898 1.68281959 1.67874978 1.67467957 1.67060895 1.66653794
 1.66246654 1.65839475 1.65432258 1.65025004 1.64617713 1.64210386
 1.63803025 1.63395629 1.62988199 1.62580735 1.6217324  1.61765713
 1.61358155 1.60950567 1.60542949 1.60135303 1.5972763  1.59319929
 1.58912202 1.5850445  1.58096674 1.57688874 1.57281051 1.56873207
 1.56465342 1.56057457 1.55649553 1.55241631 1.54833693 1.54425738
 1.54017768 1.53609785 1.53201788 1.5279378  1.52385761 1.51977733
 1.51569696 1.51161652 1.50753601 1.50345546 1.49937488 1.49529426
 1.49121364 1.48713301 1.4830524  1.47897182 1.47489128 1.47081079
 1.46673037 1.46265004 1.4585698  1.45448967 1.45040967 1.44632982
 1.44225012 1.4381706  1.43409126 1.43001214 1.42593324 1.42185458
 1.41777618 1.41369805 1.40962022 1.40554271 1.40146552 1.39738869
 1.39331223 1.38923616 1.3851605  1.38108528 1.3770105  1.37293621
 1.36886241 1.36478913 1.36071639 1.35664422 1.35257265 1.34850168
 1.34443136 1.3403617  1.33629273 1.33222447 1.32815697 1.32409023
 1.3200243  1.31595919 1.31189494 1.30783158 1.30376913 1.29970764
 1.29564713 1.29158763 1.28752918 1.28347181 1.27941556 1.27536046
 1.27130654 1.26725385 1.26320243 1.2591523  1.25510352 1.25105611
 1.24701013 1.24296562 1.23892261 1.23488115 1.2308413  1.22680308
 1.22276656 1.21873178 1.21469879 1.21066764 1.20663838 1.20261107
 1.19858576 1.1945625  1.19054136 1.18652239 1.18250565 1.17849121
 1.17447912 1.17046946 1.16646228 1.16245766 1.15845567 1.15445637
 1.15045984 1.14646616 1.1424754  1.13848764 1.13450297 1.13052146
 1.12654321 1.12256829 1.11859681 1.11462885 1.1106645  1.10670388
 1.10274707 1.09879418 1.09484532 1.0909006  1.08696013 1.08302402
 1.07909239 1.07516537 1.07124309 1.06732566 1.06341324 1.05950594
 1.05132808 1.04740674 1.04349057 1.0395797  1.03567429 1.03177449
 1.02788047 1.02399238 1.0201104  1.01623469 1.01236544 1.00850284
 1.00464707 1.00079834 0.99695684 0.99312279 0.98929642 0.98547794
 0.98166759 0.97786561 0.97407226 0.97028779]
t =  [1.03170202e+09 1.03170206e+09 1.03170209e+09 1.03170213e+09
 1.03170217e+09 1.03170220e+09 1.03170224e+09 1.03170228e+09
 1.03170231e+09 1.03170235e+09 1.03170239e+09 1.03170242e+09
 1.03170246e+09 1.03170250e+09 1.03170254e+09 1.03170257e+09
 1.03170261e+09 1.03170265e+09 1.03170268e+09 1.03170272e+09
 1.03170276e+09 1.03170279e+09 1.03170283e+09 1.03170287e+09
 1.03170290e+09 1.03170294e+09 1.03170298e+09 1.03170302e+09
 1.03170305e+09 1.03170309e+09 1.03170313e+09 1.03170316e+09
 1.03170320e+09 1.03170324e+09 1.03170327e+09 1.03170331e+09
 1.03170335e+09 1.03170338e+09 1.03170342e+09 1.03170346e+09
 1.03170350e+09 1.03170353e+09 1.03170357e+09 1.03170361e+09
 1.03170364e+09 1.03170368e+09 1.03170372e+09 1.03170375e+09
 1.03170379e+09 1.03170383e+09 1.03170387e+09 1.03170390e+09
 1.03170394e+09 1.03170398e+09 1.03170401e+09 1.03170405e+09
 1.03170409e+09 1.03170412e+09 1.03170416e+09 1.03170420e+09
 1.03170423e+09 1.03170427e+09 1.03170431e+09 1.03170435e+09
 1.03170438e+09 1.03170442e+09 1.03170446e+09 1.03170449e+09
 1.03170453e+09 1.03170457e+09 1.03170460e+09 1.03170464e+09
 1.03170468e+09 1.03170471e+09 1.03170475e+09 1.03170479e+09
 1.03170483e+09 1.03170486e+09 1.03170490e+09 1.03170494e+09
 1.03170497e+09 1.03170501e+09 1.03170505e+09 1.03170508e+09
 1.03170512e+09 1.03170516e+09 1.03170519e+09 1.03170523e+09
 1.03170527e+09 1.03170531e+09 1.03170534e+09 1.03170538e+09
 1.03170542e+09 1.03170545e+09 1.03170549e+09 1.03170553e+09
 1.03170556e+09 1.03170560e+09 1.03170564e+09 1.03170567e+09
 1.03170571e+09 1.03170575e+09 1.03170579e+09 1.03170582e+09
 1.03170586e+09 1.03170590e+09 1.03170593e+09 1.03170597e+09
 1.03170601e+09 1.03170604e+09 1.03170608e+09 1.03170612e+09
 1.03170616e+09 1.03170619e+09 1.03170623e+09 1.03170627e+09
 1.03170630e+09 1.03170634e+09 1.03170638e+09 1.03170641e+09
 1.03170645e+09 1.03170649e+09 1.03170652e+09 1.03170656e+09
 1.03170660e+09 1.03170664e+09 1.03170667e+09 1.03170671e+09
 1.03170675e+09 1.03170678e+09 1.03170682e+09 1.03170686e+09
 1.03170689e+09 1.03170693e+09 1.03170697e+09 1.03170700e+09
 1.03170704e+09 1.03170708e+09 1.03170712e+09 1.03170715e+09
 1.03170719e+09 1.03170723e+09 1.03170726e+09 1.03170730e+09
 1.03170734e+09 1.03170737e+09 1.03170741e+09 1.03170745e+09
 1.03170748e+09 1.03170752e+09 1.03170756e+09 1.03170760e+09
 1.03170763e+09 1.03170767e+09 1.03170771e+09 1.03170774e+09
 1.03170778e+09 1.03170782e+09 1.03170785e+09 1.03170789e+09
 1.03170793e+09 1.03170797e+09 1.03170800e+09 1.03170804e+09
 1.03170808e+09 1.03170811e+09 1.03170815e+09 1.03170819e+09
 1.03170822e+09 1.03170826e+09 1.03170830e+09 1.03170833e+09
 1.03170837e+09 1.03170841e+09 1.03170845e+09 1.03170848e+09
 1.03170852e+09 1.03170856e+09 1.03170859e+09 1.03170863e+09
 1.03170867e+09 1.03170870e+09 1.03170874e+09 1.03170878e+09
 1.03170881e+09 1.03170885e+09 1.03170889e+09 1.03170893e+09
 1.03170896e+09 1.03170900e+09 1.03170904e+09 1.03170907e+09
 1.03170911e+09 1.03170915e+09 1.03170918e+09 1.03170922e+09
 1.03170926e+09 1.03170929e+09 1.03170933e+09 1.03170937e+09
 1.03170941e+09 1.03170944e+09 1.03170948e+09 1.03170952e+09
 1.03170955e+09 1.03170959e+09 1.03170963e+09 1.03170966e+09
 1.03170970e+09 1.03170974e+09 1.03170977e+09 1.03170981e+09
 1.03170985e+09 1.03170989e+09 1.03170992e+09 1.03170996e+09
 1.03171000e+09 1.03171003e+09 1.03171007e+09 1.03171011e+09
 1.03171014e+09 1.03171018e+09 1.03171022e+09 1.03171026e+09
 1.03171029e+09 1.03171033e+09 1.03171037e+09 1.03171040e+09
 1.03171044e+09 1.03171048e+09 1.03171051e+09 1.03171055e+09
 1.03171059e+09 1.03171062e+09 1.03171066e+09 1.03171070e+09
 1.03171074e+09 1.03171077e+09 1.03171081e+09 1.03171085e+09
 1.03171088e+09 1.03171092e+09 1.03171096e+09 1.03171099e+09
 1.03171103e+09 1.03171107e+09 1.03171110e+09 1.03171114e+09
 1.03171118e+09 1.03171122e+09 1.03171125e+09 1.03171129e+09
 1.03171133e+09 1.03171136e+09 1.03171140e+09 1.03171144e+09
 1.03171147e+09 1.03171151e+09 1.03171155e+09 1.03171158e+09
 1.03171162e+09 1.03171166e+09 1.03171170e+09 1.03171173e+09
 1.03171177e+09 1.03171181e+09 1.03171184e+09 1.03171188e+09
 1.03171192e+09 1.03171195e+09 1.03171199e+09 1.03171203e+09
 1.03171207e+09 1.03171210e+09 1.03171214e+09 1.03171218e+09
 1.03171221e+09 1.03171225e+09 1.03171229e+09 1.03171232e+09
 1.03171236e+09 1.03171240e+09 1.03171243e+09 1.03171247e+09
 1.03171251e+09 1.03171255e+09 1.03171258e+09 1.03171262e+09
 1.03171266e+09 1.03171269e+09 1.03171273e+09 1.03171277e+09
 1.03171280e+09 1.03171284e+09 1.03171288e+09 1.03171291e+09
 1.03171295e+09 1.03171299e+09 1.03171303e+09 1.03171306e+09
 1.03171310e+09 1.03171314e+09 1.03171317e+09 1.03171321e+09
 1.03171325e+09 1.03171328e+09 1.03171332e+09 1.03171336e+09
 1.03171339e+09 1.03171343e+09 1.03171347e+09 1.03171351e+09
 1.03171354e+09 1.03171358e+09 1.03171362e+09 1.03171365e+09
 1.03171369e+09 1.03171373e+09 1.03171376e+09 1.03171380e+09
 1.03171384e+09 1.03171387e+09 1.03171391e+09 1.03171395e+09
 1.03171399e+09 1.03171402e+09 1.03171406e+09 1.03171410e+09
 1.03171413e+09 1.03171417e+09 1.03171421e+09 1.03171424e+09
 1.03171428e+09 1.03171432e+09 1.03171436e+09 1.03171439e+09
 1.03171443e+09 1.03171447e+09 1.03171450e+09 1.03171454e+09
 1.03171458e+09 1.03171461e+09 1.03171465e+09 1.03171469e+09
 1.03171472e+09 1.03171476e+09 1.03171480e+09 1.03171484e+09
 1.03171487e+09 1.03171491e+09 1.03171495e+09 1.03171498e+09
 1.03171502e+09 1.03171506e+09 1.03171509e+09 1.03171513e+09
 1.03171517e+09 1.03171520e+09 1.03171524e+09 1.03171528e+09
 1.03171532e+09 1.03171535e+09 1.03171539e+09 1.03171543e+09
 1.03171546e+09 1.03171550e+09 1.03171554e+09 1.03171557e+09
 1.03171561e+09 1.03171565e+09 1.03171568e+09 1.03171572e+09
 1.03171576e+09 1.03171580e+09 1.03171583e+09 1.03171587e+09
 1.03171591e+09 1.03171594e+09 1.03171598e+09 1.03171602e+09
 1.03171605e+09 1.03171609e+09 1.03171613e+09 1.03171617e+09
 1.03171620e+09 1.03171624e+09 1.03171628e+09 1.03171631e+09
 1.03171635e+09 1.03171639e+09 1.03171642e+09 1.03171646e+09
 1.03171650e+09 1.03171653e+09 1.03171657e+09 1.03171661e+09
 1.03171665e+09 1.03171668e+09 1.03171672e+09 1.03171676e+09
 1.03171679e+09 1.03171683e+09 1.03171687e+09 1.03171690e+09
 1.03171694e+09 1.03171698e+09 1.03171701e+09 1.03171705e+09
 1.03171709e+09 1.03171713e+09 1.03171716e+09 1.03171720e+09
 1.03171724e+09 1.03171727e+09 1.03171731e+09 1.03171735e+09
 1.03171738e+09 1.03171742e+09 1.03171746e+09 1.03171749e+09
 1.03171753e+09 1.03171757e+09 1.03171761e+09 1.03171764e+09
 1.03171768e+09 1.03171772e+09 1.03171775e+09 1.03171779e+09
 1.03171783e+09 1.03171786e+09 1.03171790e+09 1.03171794e+09
 1.03171797e+09 1.03171801e+09 1.03171805e+09 1.03171809e+09
 1.03171812e+09 1.03171816e+09 1.03171820e+09 1.03171823e+09
 1.03171827e+09 1.03171831e+09 1.03171834e+09 1.03171838e+09
 1.03171842e+09 1.03171846e+09 1.03171849e+09 1.03171853e+09
 1.03171857e+09 1.03171860e+09 1.03171864e+09 1.03171868e+09
 1.03171871e+09 1.03171875e+09 1.03171879e+09 1.03171882e+09
 1.03171886e+09 1.03171890e+09 1.03171894e+09 1.03171897e+09
 1.03171901e+09 1.03171905e+09 1.03171908e+09 1.03171912e+09
 1.03171916e+09 1.03171919e+09 1.03171923e+09 1.03171927e+09
 1.03171930e+09 1.03171934e+09 1.03171938e+09 1.03171942e+09
 1.03171945e+09 1.03171949e+09 1.03171953e+09 1.03171956e+09
 1.03171960e+09 1.03171964e+09 1.03171967e+09 1.03171971e+09
 1.03171975e+09 1.03171978e+09 1.03171982e+09 1.03171986e+09
 1.03171990e+09 1.03171993e+09 1.03171997e+09 1.03172001e+09
 1.03172004e+09 1.03172008e+09 1.03172012e+09 1.03172015e+09
 1.03172019e+09 1.03172023e+09 1.03172027e+09 1.03172030e+09
 1.03172034e+09 1.03172038e+09 1.03172041e+09 1.03172045e+09
 1.03172049e+09 1.03172052e+09 1.03172056e+09 1.03172060e+09
 1.03172063e+09 1.03172067e+09 1.03172071e+09 1.03172075e+09
 1.03172078e+09 1.03172082e+09 1.03172086e+09 1.03172089e+09
 1.03172093e+09 1.03172097e+09 1.03172100e+09 1.03172104e+09
 1.03172108e+09 1.03172111e+09 1.03172115e+09 1.03172119e+09
 1.03172123e+09 1.03172126e+09 1.03172130e+09 1.03172134e+09
 1.03172137e+09 1.03172141e+09 1.03172145e+09 1.03172148e+09
 1.03172152e+09 1.03172156e+09 1.03172159e+09 1.03172163e+09
 1.03172167e+09 1.03172171e+09 1.03172174e+09 1.03172178e+09
 1.03172182e+09 1.03172185e+09 1.03172189e+09 1.03172193e+09
 1.03172196e+09 1.03172200e+09 1.03172204e+09 1.03172207e+09
 1.03172211e+09 1.03172215e+09 1.03172219e+09 1.03172222e+09
 1.03172226e+09 1.03172230e+09 1.03172233e+09 1.03172237e+09
 1.03172241e+09 1.03172244e+09 1.03172248e+09 1.03172252e+09
 1.03172256e+09 1.03172259e+09 1.03172263e+09 1.03172267e+09
 1.03172270e+09 1.03172274e+09 1.03172278e+09 1.03172281e+09
 1.03172285e+09 1.03172289e+09 1.03172292e+09 1.03172296e+09
 1.03172300e+09 1.03172304e+09 1.03172307e+09 1.03172311e+09
 1.03172315e+09 1.03172318e+09 1.03172322e+09 1.03172326e+09
 1.03172329e+09 1.03172333e+09 1.03172337e+09 1.03172340e+09
 1.03172344e+09 1.03172348e+09 1.03172352e+09 1.03172355e+09
 1.03172359e+09 1.03172363e+09 1.03172366e+09 1.03172370e+09
 1.03172374e+09 1.03172377e+09 1.03172381e+09 1.03172385e+09
 1.03172388e+09 1.03172392e+09 1.03172396e+09 1.03172400e+09
 1.03172403e+09 1.03172407e+09 1.03172411e+09 1.03172414e+09
 1.03172418e+09 1.03172422e+09 1.03172425e+09 1.03172429e+09
 1.03172433e+09 1.03172437e+09 1.03172440e+09 1.03172444e+09
 1.03172448e+09 1.03172451e+09 1.03172455e+09 1.03172459e+09
 1.03172462e+09 1.03172466e+09 1.03172470e+09 1.03172473e+09
 1.03172477e+09 1.03172481e+09 1.03172485e+09 1.03172488e+09
 1.03172492e+09 1.03172496e+09 1.03172499e+09 1.03172503e+09
 1.03172507e+09 1.03172510e+09 1.03172514e+09 1.03172518e+09
 1.03172521e+09 1.03172525e+09 1.03172529e+09 1.03172533e+09
 1.03172536e+09 1.03172540e+09 1.03172544e+09 1.03172547e+09
 1.03172551e+09 1.03172555e+09 1.03172558e+09 1.03172562e+09
 1.03172566e+09 1.03172569e+09 1.03172573e+09 1.03172577e+09
 1.03172581e+09 1.03172584e+09 1.03172588e+09 1.03172592e+09
 1.03172595e+09 1.03172599e+09 1.03172603e+09 1.03172606e+09
 1.03172610e+09 1.03172614e+09 1.03172617e+09 1.03172621e+09
 1.03172625e+09 1.03172629e+09 1.03172632e+09 1.03172636e+09
 1.03172640e+09 1.03172643e+09 1.03172647e+09 1.03172651e+09
 1.03172654e+09 1.03172658e+09 1.03172662e+09 1.03172666e+09
 1.03172669e+09 1.03172673e+09 1.03172677e+09 1.03172680e+09
 1.03172684e+09 1.03172688e+09 1.03172691e+09 1.03172695e+09
 1.03172699e+09 1.03172702e+09 1.03172706e+09 1.03172710e+09
 1.03172714e+09 1.03172717e+09 1.03172721e+09 1.03172725e+09
 1.03172728e+09 1.03172732e+09 1.03172736e+09 1.03172739e+09
 1.03172743e+09 1.03172747e+09 1.03172750e+09 1.03172754e+09
 1.03172758e+09 1.03172762e+09 1.03172765e+09 1.03172769e+09
 1.03172773e+09 1.03172776e+09 1.03172780e+09 1.03172784e+09
 1.03172787e+09 1.03172791e+09 1.03172795e+09 1.03172798e+09
 1.03172802e+09 1.03172806e+09 1.03172810e+09 1.03172813e+09
 1.03172817e+09 1.03172821e+09 1.03172824e+09 1.03172828e+09
 1.03172832e+09 1.03172835e+09 1.03172839e+09 1.03172843e+09
 1.03172847e+09 1.03172850e+09 1.03172854e+09 1.03172858e+09
 1.03172861e+09 1.03172865e+09 1.03172869e+09 1.03172872e+09
 1.03172876e+09 1.03172880e+09 1.03172883e+09 1.03172887e+09
 1.03172891e+09 1.03172895e+09 1.03172898e+09 1.03172902e+09
 1.03172906e+09 1.03172909e+09 1.03172913e+09 1.03172917e+09
 1.03172920e+09 1.03172924e+09 1.03172928e+09 1.03172931e+09
 1.03172935e+09 1.03172939e+09 1.03172943e+09 1.03172946e+09
 1.03172950e+09 1.03172954e+09 1.03172957e+09 1.03172961e+09
 1.03172965e+09 1.03172968e+09 1.03172972e+09 1.03172976e+09
 1.03172979e+09 1.03172983e+09 1.03172987e+09 1.03172991e+09
 1.03172994e+09 1.03172998e+09 1.03173002e+09 1.03173005e+09
 1.03173009e+09 1.03173013e+09 1.03173016e+09 1.03173020e+09
 1.03173024e+09 1.03173027e+09 1.03173031e+09 1.03173035e+09
 1.03173039e+09 1.03173042e+09 1.03173046e+09 1.03173050e+09
 1.03173053e+09 1.03173057e+09 1.03173061e+09 1.03173064e+09
 1.03173068e+09 1.03173072e+09 1.03173076e+09 1.03173079e+09
 1.03173083e+09 1.03173087e+09 1.03173090e+09 1.03173094e+09
 1.03173098e+09 1.03173101e+09 1.03173105e+09 1.03173109e+09
 1.03173112e+09 1.03173116e+09 1.03173120e+09 1.03173124e+09
 1.03173127e+09 1.03173131e+09 1.03173135e+09 1.03173138e+09
 1.03173142e+09 1.03173146e+09 1.03173149e+09 1.03173153e+09
 1.03173157e+09 1.03173160e+09 1.03173164e+09 1.03173168e+09
 1.03173172e+09 1.03173175e+09 1.03173179e+09 1.03173183e+09
 1.03173186e+09 1.03173190e+09 1.03173194e+09 1.03173197e+09
 1.03173201e+09 1.03173205e+09 1.03173208e+09 1.03173212e+09
 1.03173216e+09 1.03173220e+09 1.03173223e+09 1.03173227e+09
 1.03173231e+09 1.03173234e+09 1.03173238e+09 1.03173242e+09
 1.03173245e+09 1.03173249e+09 1.03173253e+09 1.03173257e+09
 1.03173260e+09 1.03173264e+09 1.03173268e+09 1.03173271e+09
 1.03173275e+09 1.03173279e+09 1.03173282e+09 1.03173286e+09
 1.03173290e+09 1.03173293e+09 1.03173297e+09 1.03173301e+09
 1.03173305e+09 1.03173308e+09 1.03173312e+09 1.03173316e+09
 1.03173319e+09 1.03173323e+09 1.03173327e+09 1.03173330e+09
 1.03173334e+09 1.03173338e+09 1.03173341e+09 1.03173345e+09
 1.03173349e+09 1.03173353e+09 1.03173356e+09 1.03173360e+09
 1.03173364e+09 1.03173367e+09 1.03173371e+09 1.03173375e+09
 1.03173378e+09 1.03173382e+09 1.03173386e+09 1.03173389e+09
 1.03173393e+09 1.03173397e+09 1.03173401e+09 1.03173404e+09
 1.03173408e+09 1.03173412e+09 1.03173415e+09 1.03173419e+09
 1.03173423e+09 1.03173426e+09 1.03173430e+09 1.03173434e+09
 1.03173437e+09 1.03173441e+09 1.03173445e+09 1.03173449e+09
 1.03173452e+09 1.03173456e+09 1.03173460e+09 1.03173463e+09
 1.03173467e+09 1.03173471e+09 1.03173474e+09 1.03173478e+09
 1.03173482e+09 1.03173486e+09 1.03173489e+09 1.03173493e+09
 1.03173497e+09 1.03173500e+09 1.03173504e+09 1.03173508e+09
 1.03173511e+09 1.03173515e+09 1.03173519e+09 1.03173522e+09
 1.03173526e+09 1.03173530e+09 1.03173534e+09 1.03173537e+09
 1.03173541e+09 1.03173545e+09 1.03173548e+09 1.03173552e+09
 1.03173556e+09 1.03173559e+09 1.03173563e+09 1.03173567e+09
 1.03173570e+09 1.03173574e+09 1.03173578e+09 1.03173582e+09
 1.03173585e+09 1.03173589e+09 1.03173593e+09 1.03173596e+09
 1.03173600e+09 1.03173604e+09 1.03173607e+09 1.03173611e+09
 1.03173615e+09 1.03173618e+09 1.03173622e+09 1.03173626e+09
 1.03173630e+09 1.03173633e+09 1.03173637e+09 1.03173641e+09
 1.03173644e+09 1.03173648e+09 1.03173652e+09 1.03173655e+09
 1.03173659e+09 1.03173663e+09 1.03173667e+09 1.03173670e+09
 1.03173674e+09 1.03173678e+09 1.03173681e+09 1.03173685e+09
 1.03173689e+09 1.03173692e+09 1.03173696e+09 1.03173700e+09
 1.03173703e+09 1.03173707e+09 1.03173711e+09 1.03173715e+09
 1.03173718e+09 1.03173722e+09 1.03173726e+09 1.03173729e+09
 1.03173733e+09 1.03173737e+09 1.03173740e+09 1.03173744e+09
 1.03173748e+09 1.03173751e+09 1.03173755e+09 1.03173759e+09
 1.03173763e+09 1.03173766e+09 1.03173770e+09 1.03173774e+09
 1.03173777e+09 1.03173781e+09 1.03173785e+09 1.03173788e+09
 1.03173792e+09 1.03173796e+09 1.03173799e+09 1.03173803e+09
 1.03173807e+09 1.03173811e+09 1.03173814e+09 1.03173818e+09
 1.03173822e+09 1.03173825e+09 1.03173829e+09 1.03173833e+09
 1.03173836e+09 1.03173840e+09 1.03173844e+09 1.03173847e+09
 1.03173851e+09 1.03173855e+09 1.03173859e+09 1.03173862e+09
 1.03173866e+09 1.03173870e+09 1.03173873e+09 1.03173877e+09
 1.03173881e+09 1.03173884e+09 1.03173888e+09 1.03173892e+09]
minRes = 0.9702877870979735
minResTime =  [1.03173892e+09]
