name =JUICE_ROI_CAL_6_1_01
flyby =  ['2032 DEC 27 21:06:34', '2032 DEC 28 21:06:34']
Observation TW =  <SpiceCell dtype = 1, length = 0, size = 2600, card = 6, is_set = 1, adjust = 0, init = 1, base = 2554801829888, data = 2554801829936>
Res(t) =  [4.58527574 4.58062454 4.57597404 4.57132424 4.56667515 4.56202676
 4.55737907 4.55273208 4.5480858  4.54344021 4.53879533 4.53415115
 4.52950766 4.52486488 4.5202228  4.51558141 4.51094073 4.50630074
 4.50166145 4.49702286 4.49238497 4.48774778 4.48311128 4.47847547
 4.47384037 4.46920596 4.46457224 4.45993922 4.4553069  4.45067527
 4.44604433 4.44141409 4.43678454 4.43215569 4.42752752 4.42290005
 4.41827328 4.41364719 4.4090218  4.40439709 4.39977308 4.39514976
 4.39052713 4.38590519 4.38128393 4.37666337 4.3720435  4.36742431
 4.36280582 4.35818801 4.35357089 4.34895445 4.3443387  4.33972364
 4.33510927 4.33049558 4.32588258 4.32127026 4.31665863 4.31204768
 4.30743742 4.30282784 4.29821894 4.29361073 4.2890032  4.28439635
 4.27979019 4.27518471 4.27057991 4.26597579 4.26137235 4.25676959
 4.25216752 4.24756612 4.2429654  4.23836536 4.23376601 4.22916733
 4.22456933 4.219972   4.21537536 4.21077939 4.2061841  4.20158948
 4.19699555 4.19240229 4.1878097  4.18321779 4.17862656 4.174036
 4.16944611 4.1648569  4.16026837 4.1556805  4.15109331 4.1465068
 4.14192095 4.13733578 4.13275128 4.12816745 4.1235843  4.11900181
 4.11442    4.10983885 4.10525838 4.10067857 4.09609944 4.09152097
 4.08694317 4.08236604 4.07778958 4.07321379 4.06863867 4.06406421
 4.05949042 4.05491729 4.05034483 4.04577304 4.04120191 4.03663145
 4.03206166 4.02749252 4.02292406 4.01835625 4.01378911 4.00922264
 4.00465682 4.00009167 3.99552718 3.99096336 3.98640019 3.98183769
 3.97727585 3.97271467 3.96815415 3.96359429 3.95903509 3.95447655
 3.94991867 3.94536144 3.94080488 3.93624898 3.93169373 3.92713914
 3.92258521 3.91803193 3.91347931 3.90892735 3.90437605 3.8998254
 3.8952754  3.89072606 3.88617738 3.88162935 3.87708197 3.87253525
 3.86798918 3.86344377 3.85889901 3.8543549  3.84981144 3.84526864
 3.84072648 3.83618498 3.83164413 3.82710393 3.82256438 3.81802549
 3.81348724 3.80894964 3.80441269 3.79987639 3.79534074 3.79080573
 3.78627138 3.78173767 3.77720461 3.77267219 3.76814043 3.76360931
 3.75907883 3.754549   3.75001982 3.74549128 3.74096339 3.73643614
 3.73190954 3.72738358 3.72285827 3.71833359 3.71380956 3.70928618
 3.70476343 3.70024133 3.69571987 3.69119905 3.68667888 3.68215934
 3.67764045 3.67312219 3.66860458 3.6640876  3.65957127 3.65505557
 3.65054051 3.64602609 3.64151231 3.63699917 3.63248666 3.62797479
 3.62346356 3.61895297 3.61444301 3.60993369 3.605425   3.60091695
 3.59640954 3.59190276 3.58739661 3.5828911  3.57838622 3.57388198
 3.56937837 3.56487539 3.56037305 3.55587134 3.55137026 3.54686981
 3.54236999 3.53787081 3.53337225 3.52887433 3.52437704 3.51988037
 3.51538434 3.51088894 3.50639416 3.50190002 3.4974065  3.49291361
 3.48842135 3.48392972 3.47943871 3.47494833 3.47045858 3.46596946
 3.46148096 3.45699309 3.45250584 3.44801922 3.44353322 3.43904785
 3.4345631  3.43007898 3.42559548 3.4211126  3.41663035 3.41214872
 3.40766771 3.40318733 3.39870757 3.39422843 3.38974991 3.38527201
 3.38079473 3.37631808 3.37184204 3.36736662 3.36289183 3.35841765
 3.35394409 3.34947116 3.34499884 3.34052713 3.33605605 3.33158559
 3.32711574 3.32264651 3.31817789 3.31370989 3.30924251 3.30477575
 3.3003096  3.29584406 3.29137914 3.28691484 3.28245115 3.27798807
 3.27352561 3.26906376 3.26460253 3.26014191 3.2556819  3.2512225
 3.24676372 3.24230555 3.23784799 3.23339104 3.2289347  3.22447898
 3.22002386 3.21556936 3.21111546 3.20666217 3.2022095  3.19775743
 3.19330597 3.18885512 3.18440488 3.17995525 3.17550622 3.1710578
 3.16660999 3.16216279 3.15771619 3.1532702  3.14882481 3.14438003
 3.13993586 3.13549229 3.13104933 3.12660697 3.12216521 3.11772406
 3.11328352 3.10884357 3.10440423 3.0999655  3.09552736 3.09108983
 3.0866529  3.08221657 3.07778085 3.07334572 3.0689112  3.06447728
 3.06004396 3.05561123 3.05117911 3.04674759 3.04231667 3.03788634
 3.03345662 3.02902749 3.02459896 3.02017103 3.0157437  3.01131697
 3.00689083 3.00246529 2.99804035 2.993616   2.98919225 2.9847691
 2.98034654 2.97592457 2.9715032  2.96708243 2.96266225 2.95824267
 2.95382368 2.94940528 2.94498748 2.94057027 2.93615365 2.93173762
 2.92732219 2.92290735 2.9184931  2.91407945 2.90966638 2.90525391
 2.90084203 2.89643073 2.89202003 2.88760992 2.8832004  2.87879147
 2.87438312 2.86997537 2.86556821 2.86116163 2.85675564 2.85235024
 2.84794543 2.8435412  2.83913757 2.83473452 2.83033205 2.82593018
 2.82152888 2.81712818 2.81272806 2.80832853 2.80392958 2.79953121
 2.79513343 2.79073624 2.78633963 2.7819436  2.77754816 2.7731533
 2.76875903 2.76436533 2.75997222 2.75557969 2.75118775 2.74679638
 2.7424056  2.7380154  2.73362578 2.72923675 2.72484829 2.72046041
 2.71607311 2.7116864  2.70730026 2.7029147  2.69852972 2.69414533
 2.68976151 2.68537826 2.6809956  2.67661352 2.67223201 2.66785108
 2.66347073 2.65909095 2.65471175 2.65033313 2.64595508 2.64157762
 2.63720072 2.6328244  2.62844866 2.6240735  2.6196989  2.61532489
 2.61095144 2.60657858 2.60220628 2.59783456 2.59346342 2.58909284
 2.58472284 2.58035342 2.57598456 2.57161628 2.56724857 2.56288143
 2.55851487 2.55414888 2.54978345 2.5454186  2.54105432 2.53669061
 2.53232747 2.5279649  2.52360291 2.51924148 2.51488062 2.51052033
 2.50616061 2.50180146 2.49744287 2.49308486 2.48872741 2.48437053
 2.48001422 2.47565848 2.47130331 2.4669487  2.46259466 2.45824119
 2.45388828 2.44953594 2.44518417 2.44083296 2.43648232 2.43213224
 2.42778273 2.42343378 2.4190854  2.41473759 2.41039033 2.40604365
 2.40169752 2.39735197 2.39300697 2.38866254 2.38431867 2.37997537
 2.37563263 2.37129045 2.36694883 2.36260778 2.35826729 2.35392736
 2.349588   2.34524919 2.34091095 2.33657327 2.33223615 2.32789959
 2.32356359 2.31922815 2.31489327 2.31055896 2.3062252  2.301892
 2.29755937 2.29322729 2.28889577 2.28456481 2.28023441 2.27590457
 2.27157529 2.26724657 2.2629184  2.2585908  2.25426375 2.24993726
 2.24561133 2.24128595 2.23696114 2.23263688 2.22831318 2.22399003
 2.21966744 2.21534541 2.21102394 2.20670302 2.20238265 2.19806285
 2.1937436  2.1894249  2.18510677 2.18078918 2.17647216 2.17215568
 2.16783977 2.16352441 2.1592096  2.15489535 2.15058165 2.14626851
 2.14195592 2.13764388 2.1333324  2.12902148 2.12471111 2.12040129
 2.11609202 2.11178331 2.10747515 2.10316755 2.0988605  2.094554
 2.09024806 2.08594267 2.08163783 2.07733354 2.07302981 2.06872663
 2.064424   2.06012192 2.0558204  2.05151943 2.04721901 2.04291914
 2.03861982 2.03432106 2.03002285 2.02572518 2.02142808 2.01713152
 2.01283551 2.00854006 2.00424515 1.9999508  1.995657   1.99136375
 1.98707105 1.9827789  1.97848731 1.97419626 1.96990577 1.96561582
 1.96132643 1.95703759 1.95274929 1.94846155 1.94417436 1.93988772
 1.93560163 1.93131609 1.9270311  1.92274667 1.91846278 1.91417944
 1.90989666 1.90561442 1.90133273 1.8970516  1.89277102 1.88849098
 1.8842115  1.87993256 1.87565418 1.87137635 1.86709907 1.86282234
 1.85854616 1.85427053 1.84999545 1.84572092 1.84144694 1.83717351
 1.83290064 1.82862831 1.82435654 1.82008531 1.81581464 1.81154452
 1.80727495 1.80300593 1.79873746 1.79446955 1.79020218 1.78593537
 1.78166911 1.7774034  1.77313824 1.76887363 1.76460958 1.76034608
 1.75608313 1.75182073 1.74755889 1.7432976  1.73903686 1.73477667
 1.73051704 1.72625796 1.72199943 1.71774146 1.71348404 1.70922718
 1.70497087 1.70071511 1.69645991 1.69220526 1.68795117 1.68369763
 1.67944465 1.67519223 1.67094036 1.66668904 1.66243828 1.65818808
 1.65393844 1.64968935 1.64544082 1.64119284 1.63694543 1.63269857
 1.62845227 1.62420653 1.61996135 1.61571673 1.61147266 1.60722916
 1.60298622 1.59874384 1.59450201 1.59026075 1.58602005 1.58177992
 1.57754034 1.57330133 1.56906288 1.564825   1.56058768 1.55635092
 1.55211473 1.5478791  1.54364404 1.53940954 1.53517561 1.53094225
 1.52670946 1.52247723 1.51824557 1.51401448 1.50978396 1.50555401
 1.50132464 1.49709583 1.49286759 1.48863993 1.48441284 1.48018632
 1.47596038 1.47173501 1.46751022 1.463286   1.45906236 1.45483929
 1.45061681 1.4463949  1.44217357 1.43795283 1.43373266 1.42951308
 1.42529407 1.42107566 1.41685782 1.41264057 1.40842391 1.40420783
 1.39999234 1.39577743 1.39156312 1.38734939 1.38313626 1.37892372
 1.37471177 1.37050042 1.36628966 1.36207949 1.35786992 1.35366095
 1.34945258 1.34524481 1.34103764 1.33683107 1.33262511 1.32841975
 1.32421499 1.32001084 1.3158073  1.31160437 1.30740205 1.30320034
 1.29899925 1.29479877 1.2905989  1.28639966 1.28220103 1.27800302
 1.27380563 1.26960887 1.26541273 1.26121722 1.25702233 1.25282808
 1.24863445 1.24444146 1.2402491  1.23605738 1.2318663  1.22767586
 1.22348605 1.2192969  1.21510838 1.21092052 1.2067333  1.20254673
 1.19836082 1.19417556 1.18999096 1.18580702 1.18162375 1.17744113
 1.17325918 1.1690779  1.1648973  1.16071736 1.1565381  1.15235952
 1.14818162 1.14400441 1.13982788 1.13565204 1.13147689 1.12730243
 1.12312868 1.11895562 1.11478326 1.11061162 1.10644068 1.10227045
 1.09810094 1.09393215 1.08976408 1.08559674 1.08143012 1.07726424
 1.0730991  1.06893469 1.06477103 1.06060812 1.05644595 1.05228455
 1.0481239  1.04396401 1.0398049  1.03564655 1.03148898 1.0273322
 1.0231762  1.01902098 1.01486657 1.01071295 1.00656014 1.00240814
 0.99825695 0.99410659 0.98995705 0.98580834 0.98166047 0.97751344
 0.97336726 0.96922193 0.96507747 0.96093387 0.95679114 0.9526493
 0.94850834 0.94436827 0.94022911 0.93609085 0.93195351 0.92781709
 0.9236816  0.91954704 0.91541344 0.91128078 0.90714909 0.90301837
 0.89888863 0.89475987 0.89063212 0.88650537 0.88237963 0.87825492
 0.87413125 0.87000863 0.86588706 0.86176656 0.85764713 0.8535288
 0.84941157 0.84529545 0.84118046 0.8370666  0.8329539  0.82884235
 0.82473199 0.82062282 0.81651485 0.81240809 0.80830258 0.80419831
 0.80009531 0.79599358 0.79189316 0.78779405 0.78369627 0.77959983
 0.77550477 0.77141109 0.76731881 0.76322796 0.75913856 0.75505062
 0.75096417 0.74888689 0.74480486 0.74072441 0.73664557 0.73256835
 0.72849278 0.7244189  0.72034672 0.71627628 0.7122076  0.70814072
 0.70407566 0.70001246 0.69595116 0.69189177 0.68783434 0.68377891
 0.67972551 0.67567417 0.67162495 0.66757787 0.66353298 0.65949033
 0.65544995 0.6514119  0.64737623 0.64334297 0.63931218 0.63528392
 0.63125824 0.6272352  0.62321484 0.61919724 0.61518246 0.61117056
 0.60716161 0.60315568 0.59915283 0.59515315 0.59115672 0.5871636
 0.5831739  0.57918768 0.57520505 0.5712261  0.56725092 0.56327961
 0.55931229 0.55534906 0.55139003 0.54743533 0.54348507 0.5395394
 0.53559843 0.53166232 0.52773121 0.52380525 0.51988461 0.51596945
 0.51205994 0.50815627 0.50425864 0.50036723 0.49648227 0.49260398
 0.48873258 0.48486832 0.48101146 0.47716226 0.47332101 0.46948801
 0.46566356 0.461848   0.45804168 0.45424496 0.45045823 0.44668191
 0.44291643 0.43916224 0.43541984 0.43168974 0.42797248 0.42426866
 0.42057889 0.41690383 0.41324419 0.40960071 0.40597419 0.40236549
 0.39877552 0.39520527 0.39165579 0.38812821 0.38462375 0.38114372
 0.37768954 0.37426272 0.37086494 0.36749798 0.36416379 0.3608645
 0.35760241 0.35438004 0.35120018 0.34806584 0.34498036 0.34194741
 0.33897108 0.33605584 0.33320672 0.3304293  0.32772981 0.32511527
 0.32259357 0.32017366 0.31786568 0.31568122 0.31363357 0.31173804
 0.31001242 0.30847743 0.30715745 0.30608132]
t =  [1.04106646e+09 1.04106650e+09 1.04106655e+09 1.04106659e+09
 1.04106663e+09 1.04106667e+09 1.04106671e+09 1.04106675e+09
 1.04106679e+09 1.04106683e+09 1.04106688e+09 1.04106692e+09
 1.04106696e+09 1.04106700e+09 1.04106704e+09 1.04106708e+09
 1.04106712e+09 1.04106716e+09 1.04106721e+09 1.04106725e+09
 1.04106729e+09 1.04106733e+09 1.04106737e+09 1.04106741e+09
 1.04106745e+09 1.04106749e+09 1.04106753e+09 1.04106758e+09
 1.04106762e+09 1.04106766e+09 1.04106770e+09 1.04106774e+09
 1.04106778e+09 1.04106782e+09 1.04106786e+09 1.04106791e+09
 1.04106795e+09 1.04106799e+09 1.04106803e+09 1.04106807e+09
 1.04106811e+09 1.04106815e+09 1.04106819e+09 1.04106824e+09
 1.04106828e+09 1.04106832e+09 1.04106836e+09 1.04106840e+09
 1.04106844e+09 1.04106848e+09 1.04106852e+09 1.04106857e+09
 1.04106861e+09 1.04106865e+09 1.04106869e+09 1.04106873e+09
 1.04106877e+09 1.04106881e+09 1.04106885e+09 1.04106889e+09
 1.04106894e+09 1.04106898e+09 1.04106902e+09 1.04106906e+09
 1.04106910e+09 1.04106914e+09 1.04106918e+09 1.04106922e+09
 1.04106927e+09 1.04106931e+09 1.04106935e+09 1.04106939e+09
 1.04106943e+09 1.04106947e+09 1.04106951e+09 1.04106955e+09
 1.04106960e+09 1.04106964e+09 1.04106968e+09 1.04106972e+09
 1.04106976e+09 1.04106980e+09 1.04106984e+09 1.04106988e+09
 1.04106993e+09 1.04106997e+09 1.04107001e+09 1.04107005e+09
 1.04107009e+09 1.04107013e+09 1.04107017e+09 1.04107021e+09
 1.04107026e+09 1.04107030e+09 1.04107034e+09 1.04107038e+09
 1.04107042e+09 1.04107046e+09 1.04107050e+09 1.04107054e+09
 1.04107058e+09 1.04107063e+09 1.04107067e+09 1.04107071e+09
 1.04107075e+09 1.04107079e+09 1.04107083e+09 1.04107087e+09
 1.04107091e+09 1.04107096e+09 1.04107100e+09 1.04107104e+09
 1.04107108e+09 1.04107112e+09 1.04107116e+09 1.04107120e+09
 1.04107124e+09 1.04107129e+09 1.04107133e+09 1.04107137e+09
 1.04107141e+09 1.04107145e+09 1.04107149e+09 1.04107153e+09
 1.04107157e+09 1.04107162e+09 1.04107166e+09 1.04107170e+09
 1.04107174e+09 1.04107178e+09 1.04107182e+09 1.04107186e+09
 1.04107190e+09 1.04107194e+09 1.04107199e+09 1.04107203e+09
 1.04107207e+09 1.04107211e+09 1.04107215e+09 1.04107219e+09
 1.04107223e+09 1.04107227e+09 1.04107232e+09 1.04107236e+09
 1.04107240e+09 1.04107244e+09 1.04107248e+09 1.04107252e+09
 1.04107256e+09 1.04107260e+09 1.04107265e+09 1.04107269e+09
 1.04107273e+09 1.04107277e+09 1.04107281e+09 1.04107285e+09
 1.04107289e+09 1.04107293e+09 1.04107298e+09 1.04107302e+09
 1.04107306e+09 1.04107310e+09 1.04107314e+09 1.04107318e+09
 1.04107322e+09 1.04107326e+09 1.04107331e+09 1.04107335e+09
 1.04107339e+09 1.04107343e+09 1.04107347e+09 1.04107351e+09
 1.04107355e+09 1.04107359e+09 1.04107363e+09 1.04107368e+09
 1.04107372e+09 1.04107376e+09 1.04107380e+09 1.04107384e+09
 1.04107388e+09 1.04107392e+09 1.04107396e+09 1.04107401e+09
 1.04107405e+09 1.04107409e+09 1.04107413e+09 1.04107417e+09
 1.04107421e+09 1.04107425e+09 1.04107429e+09 1.04107434e+09
 1.04107438e+09 1.04107442e+09 1.04107446e+09 1.04107450e+09
 1.04107454e+09 1.04107458e+09 1.04107462e+09 1.04107467e+09
 1.04107471e+09 1.04107475e+09 1.04107479e+09 1.04107483e+09
 1.04107487e+09 1.04107491e+09 1.04107495e+09 1.04107499e+09
 1.04107504e+09 1.04107508e+09 1.04107512e+09 1.04107516e+09
 1.04107520e+09 1.04107524e+09 1.04107528e+09 1.04107532e+09
 1.04107537e+09 1.04107541e+09 1.04107545e+09 1.04107549e+09
 1.04107553e+09 1.04107557e+09 1.04107561e+09 1.04107565e+09
 1.04107570e+09 1.04107574e+09 1.04107578e+09 1.04107582e+09
 1.04107586e+09 1.04107590e+09 1.04107594e+09 1.04107598e+09
 1.04107603e+09 1.04107607e+09 1.04107611e+09 1.04107615e+09
 1.04107619e+09 1.04107623e+09 1.04107627e+09 1.04107631e+09
 1.04107636e+09 1.04107640e+09 1.04107644e+09 1.04107648e+09
 1.04107652e+09 1.04107656e+09 1.04107660e+09 1.04107664e+09
 1.04107668e+09 1.04107673e+09 1.04107677e+09 1.04107681e+09
 1.04107685e+09 1.04107689e+09 1.04107693e+09 1.04107697e+09
 1.04107701e+09 1.04107706e+09 1.04107710e+09 1.04107714e+09
 1.04107718e+09 1.04107722e+09 1.04107726e+09 1.04107730e+09
 1.04107734e+09 1.04107739e+09 1.04107743e+09 1.04107747e+09
 1.04107751e+09 1.04107755e+09 1.04107759e+09 1.04107763e+09
 1.04107767e+09 1.04107772e+09 1.04107776e+09 1.04107780e+09
 1.04107784e+09 1.04107788e+09 1.04107792e+09 1.04107796e+09
 1.04107800e+09 1.04107804e+09 1.04107809e+09 1.04107813e+09
 1.04107817e+09 1.04107821e+09 1.04107825e+09 1.04107829e+09
 1.04107833e+09 1.04107837e+09 1.04107842e+09 1.04107846e+09
 1.04107850e+09 1.04107854e+09 1.04107858e+09 1.04107862e+09
 1.04107866e+09 1.04107870e+09 1.04107875e+09 1.04107879e+09
 1.04107883e+09 1.04107887e+09 1.04107891e+09 1.04107895e+09
 1.04107899e+09 1.04107903e+09 1.04107908e+09 1.04107912e+09
 1.04107916e+09 1.04107920e+09 1.04107924e+09 1.04107928e+09
 1.04107932e+09 1.04107936e+09 1.04107941e+09 1.04107945e+09
 1.04107949e+09 1.04107953e+09 1.04107957e+09 1.04107961e+09
 1.04107965e+09 1.04107969e+09 1.04107973e+09 1.04107978e+09
 1.04107982e+09 1.04107986e+09 1.04107990e+09 1.04107994e+09
 1.04107998e+09 1.04108002e+09 1.04108006e+09 1.04108011e+09
 1.04108015e+09 1.04108019e+09 1.04108023e+09 1.04108027e+09
 1.04108031e+09 1.04108035e+09 1.04108039e+09 1.04108044e+09
 1.04108048e+09 1.04108052e+09 1.04108056e+09 1.04108060e+09
 1.04108064e+09 1.04108068e+09 1.04108072e+09 1.04108077e+09
 1.04108081e+09 1.04108085e+09 1.04108089e+09 1.04108093e+09
 1.04108097e+09 1.04108101e+09 1.04108105e+09 1.04108109e+09
 1.04108114e+09 1.04108118e+09 1.04108122e+09 1.04108126e+09
 1.04108130e+09 1.04108134e+09 1.04108138e+09 1.04108142e+09
 1.04108147e+09 1.04108151e+09 1.04108155e+09 1.04108159e+09
 1.04108163e+09 1.04108167e+09 1.04108171e+09 1.04108175e+09
 1.04108180e+09 1.04108184e+09 1.04108188e+09 1.04108192e+09
 1.04108196e+09 1.04108200e+09 1.04108204e+09 1.04108208e+09
 1.04108213e+09 1.04108217e+09 1.04108221e+09 1.04108225e+09
 1.04108229e+09 1.04108233e+09 1.04108237e+09 1.04108241e+09
 1.04108246e+09 1.04108250e+09 1.04108254e+09 1.04108258e+09
 1.04108262e+09 1.04108266e+09 1.04108270e+09 1.04108274e+09
 1.04108278e+09 1.04108283e+09 1.04108287e+09 1.04108291e+09
 1.04108295e+09 1.04108299e+09 1.04108303e+09 1.04108307e+09
 1.04108311e+09 1.04108316e+09 1.04108320e+09 1.04108324e+09
 1.04108328e+09 1.04108332e+09 1.04108336e+09 1.04108340e+09
 1.04108344e+09 1.04108349e+09 1.04108353e+09 1.04108357e+09
 1.04108361e+09 1.04108365e+09 1.04108369e+09 1.04108373e+09
 1.04108377e+09 1.04108382e+09 1.04108386e+09 1.04108390e+09
 1.04108394e+09 1.04108398e+09 1.04108402e+09 1.04108406e+09
 1.04108410e+09 1.04108414e+09 1.04108419e+09 1.04108423e+09
 1.04108427e+09 1.04108431e+09 1.04108435e+09 1.04108439e+09
 1.04108443e+09 1.04108447e+09 1.04108452e+09 1.04108456e+09
 1.04108460e+09 1.04108464e+09 1.04108468e+09 1.04108472e+09
 1.04108476e+09 1.04108480e+09 1.04108485e+09 1.04108489e+09
 1.04108493e+09 1.04108497e+09 1.04108501e+09 1.04108505e+09
 1.04108509e+09 1.04108513e+09 1.04108518e+09 1.04108522e+09
 1.04108526e+09 1.04108530e+09 1.04108534e+09 1.04108538e+09
 1.04108542e+09 1.04108546e+09 1.04108551e+09 1.04108555e+09
 1.04108559e+09 1.04108563e+09 1.04108567e+09 1.04108571e+09
 1.04108575e+09 1.04108579e+09 1.04108583e+09 1.04108588e+09
 1.04108592e+09 1.04108596e+09 1.04108600e+09 1.04108604e+09
 1.04108608e+09 1.04108612e+09 1.04108616e+09 1.04108621e+09
 1.04108625e+09 1.04108629e+09 1.04108633e+09 1.04108637e+09
 1.04108641e+09 1.04108645e+09 1.04108649e+09 1.04108654e+09
 1.04108658e+09 1.04108662e+09 1.04108666e+09 1.04108670e+09
 1.04108674e+09 1.04108678e+09 1.04108682e+09 1.04108687e+09
 1.04108691e+09 1.04108695e+09 1.04108699e+09 1.04108703e+09
 1.04108707e+09 1.04108711e+09 1.04108715e+09 1.04108719e+09
 1.04108724e+09 1.04108728e+09 1.04108732e+09 1.04108736e+09
 1.04108740e+09 1.04108744e+09 1.04108748e+09 1.04108752e+09
 1.04108757e+09 1.04108761e+09 1.04108765e+09 1.04108769e+09
 1.04108773e+09 1.04108777e+09 1.04108781e+09 1.04108785e+09
 1.04108790e+09 1.04108794e+09 1.04108798e+09 1.04108802e+09
 1.04108806e+09 1.04108810e+09 1.04108814e+09 1.04108818e+09
 1.04108823e+09 1.04108827e+09 1.04108831e+09 1.04108835e+09
 1.04108839e+09 1.04108843e+09 1.04108847e+09 1.04108851e+09
 1.04108856e+09 1.04108860e+09 1.04108864e+09 1.04108868e+09
 1.04108872e+09 1.04108876e+09 1.04108880e+09 1.04108884e+09
 1.04108888e+09 1.04108893e+09 1.04108897e+09 1.04108901e+09
 1.04108905e+09 1.04108909e+09 1.04108913e+09 1.04108917e+09
 1.04108921e+09 1.04108926e+09 1.04108930e+09 1.04108934e+09
 1.04108938e+09 1.04108942e+09 1.04108946e+09 1.04108950e+09
 1.04108954e+09 1.04108959e+09 1.04108963e+09 1.04108967e+09
 1.04108971e+09 1.04108975e+09 1.04108979e+09 1.04108983e+09
 1.04108987e+09 1.04108992e+09 1.04108996e+09 1.04109000e+09
 1.04109004e+09 1.04109008e+09 1.04109012e+09 1.04109016e+09
 1.04109020e+09 1.04109024e+09 1.04109029e+09 1.04109033e+09
 1.04109037e+09 1.04109041e+09 1.04109045e+09 1.04109049e+09
 1.04109053e+09 1.04109057e+09 1.04109062e+09 1.04109066e+09
 1.04109070e+09 1.04109074e+09 1.04109078e+09 1.04109082e+09
 1.04109086e+09 1.04109090e+09 1.04109095e+09 1.04109099e+09
 1.04109103e+09 1.04109107e+09 1.04109111e+09 1.04109115e+09
 1.04109119e+09 1.04109123e+09 1.04109128e+09 1.04109132e+09
 1.04109136e+09 1.04109140e+09 1.04109144e+09 1.04109148e+09
 1.04109152e+09 1.04109156e+09 1.04109161e+09 1.04109165e+09
 1.04109169e+09 1.04109173e+09 1.04109177e+09 1.04109181e+09
 1.04109185e+09 1.04109189e+09 1.04109193e+09 1.04109198e+09
 1.04109202e+09 1.04109206e+09 1.04109210e+09 1.04109214e+09
 1.04109218e+09 1.04109222e+09 1.04109226e+09 1.04109231e+09
 1.04109235e+09 1.04109239e+09 1.04109243e+09 1.04109247e+09
 1.04109251e+09 1.04109255e+09 1.04109259e+09 1.04109264e+09
 1.04109268e+09 1.04109272e+09 1.04109276e+09 1.04109280e+09
 1.04109284e+09 1.04109288e+09 1.04109292e+09 1.04109297e+09
 1.04109301e+09 1.04109305e+09 1.04109309e+09 1.04109313e+09
 1.04109317e+09 1.04109321e+09 1.04109325e+09 1.04109329e+09
 1.04109334e+09 1.04109338e+09 1.04109342e+09 1.04109346e+09
 1.04109350e+09 1.04109354e+09 1.04109358e+09 1.04109362e+09
 1.04109367e+09 1.04109371e+09 1.04109375e+09 1.04109379e+09
 1.04109383e+09 1.04109387e+09 1.04109391e+09 1.04109395e+09
 1.04109400e+09 1.04109404e+09 1.04109408e+09 1.04109412e+09
 1.04109416e+09 1.04109420e+09 1.04109424e+09 1.04109428e+09
 1.04109433e+09 1.04109437e+09 1.04109441e+09 1.04109445e+09
 1.04109449e+09 1.04109453e+09 1.04109457e+09 1.04109461e+09
 1.04109466e+09 1.04109470e+09 1.04109474e+09 1.04109478e+09
 1.04109482e+09 1.04109486e+09 1.04109490e+09 1.04109494e+09
 1.04109498e+09 1.04109503e+09 1.04109507e+09 1.04109511e+09
 1.04109515e+09 1.04109519e+09 1.04109523e+09 1.04109527e+09
 1.04109531e+09 1.04109536e+09 1.04109540e+09 1.04109544e+09
 1.04109548e+09 1.04109552e+09 1.04109556e+09 1.04109560e+09
 1.04109564e+09 1.04109569e+09 1.04109573e+09 1.04109577e+09
 1.04109581e+09 1.04109585e+09 1.04109589e+09 1.04109593e+09
 1.04109597e+09 1.04109602e+09 1.04109606e+09 1.04109610e+09
 1.04109614e+09 1.04109618e+09 1.04109622e+09 1.04109626e+09
 1.04109630e+09 1.04109634e+09 1.04109639e+09 1.04109643e+09
 1.04109647e+09 1.04109651e+09 1.04109655e+09 1.04109659e+09
 1.04109663e+09 1.04109667e+09 1.04109672e+09 1.04109676e+09
 1.04109680e+09 1.04109684e+09 1.04109688e+09 1.04109692e+09
 1.04109696e+09 1.04109700e+09 1.04109705e+09 1.04109709e+09
 1.04109713e+09 1.04109717e+09 1.04109721e+09 1.04109725e+09
 1.04109729e+09 1.04109733e+09 1.04109738e+09 1.04109742e+09
 1.04109746e+09 1.04109750e+09 1.04109754e+09 1.04109758e+09
 1.04109762e+09 1.04109766e+09 1.04109771e+09 1.04109775e+09
 1.04109779e+09 1.04109783e+09 1.04109787e+09 1.04109791e+09
 1.04109795e+09 1.04109799e+09 1.04109803e+09 1.04109808e+09
 1.04109812e+09 1.04109816e+09 1.04109820e+09 1.04109824e+09
 1.04109828e+09 1.04109832e+09 1.04109836e+09 1.04109841e+09
 1.04109845e+09 1.04109849e+09 1.04109853e+09 1.04109857e+09
 1.04109861e+09 1.04109865e+09 1.04109869e+09 1.04109874e+09
 1.04109878e+09 1.04109882e+09 1.04109886e+09 1.04109890e+09
 1.04109894e+09 1.04109898e+09 1.04109902e+09 1.04109907e+09
 1.04109911e+09 1.04109915e+09 1.04109919e+09 1.04109923e+09
 1.04109927e+09 1.04109931e+09 1.04109935e+09 1.04109939e+09
 1.04109944e+09 1.04109948e+09 1.04109952e+09 1.04109956e+09
 1.04109960e+09 1.04109964e+09 1.04109968e+09 1.04109972e+09
 1.04109977e+09 1.04109981e+09 1.04109985e+09 1.04109989e+09
 1.04109993e+09 1.04109997e+09 1.04110001e+09 1.04110005e+09
 1.04110010e+09 1.04110014e+09 1.04110018e+09 1.04110022e+09
 1.04110026e+09 1.04110030e+09 1.04110034e+09 1.04110038e+09
 1.04110043e+09 1.04110047e+09 1.04110051e+09 1.04110055e+09
 1.04110059e+09 1.04110063e+09 1.04110067e+09 1.04110071e+09
 1.04110076e+09 1.04110080e+09 1.04110084e+09 1.04110088e+09
 1.04110092e+09 1.04110096e+09 1.04110100e+09 1.04110104e+09
 1.04110108e+09 1.04110113e+09 1.04110117e+09 1.04110121e+09
 1.04110125e+09 1.04110129e+09 1.04110133e+09 1.04110137e+09
 1.04110141e+09 1.04110146e+09 1.04110150e+09 1.04110154e+09
 1.04110158e+09 1.04110162e+09 1.04110166e+09 1.04110170e+09
 1.04110174e+09 1.04110179e+09 1.04110183e+09 1.04110187e+09
 1.04110191e+09 1.04110195e+09 1.04110199e+09 1.04110203e+09
 1.04110207e+09 1.04110212e+09 1.04110216e+09 1.04110220e+09
 1.04110224e+09 1.04110228e+09 1.04110232e+09 1.04110236e+09
 1.04110240e+09 1.04110244e+09 1.04110249e+09 1.04110253e+09
 1.04110257e+09 1.04110261e+09 1.04110265e+09 1.04110269e+09
 1.04110273e+09 1.04110277e+09 1.04110282e+09 1.04110286e+09
 1.04110290e+09 1.04110294e+09 1.04110298e+09 1.04110302e+09
 1.04110306e+09 1.04110310e+09 1.04110315e+09 1.04110319e+09
 1.04110323e+09 1.04110327e+09 1.04110331e+09 1.04110335e+09
 1.04110339e+09 1.04110343e+09 1.04110348e+09 1.04110352e+09
 1.04110356e+09 1.04110360e+09 1.04110364e+09 1.04110368e+09
 1.04110372e+09 1.04110376e+09 1.04110381e+09 1.04110385e+09
 1.04110389e+09 1.04110393e+09 1.04110397e+09 1.04110401e+09
 1.04110405e+09 1.04110409e+09 1.04110413e+09 1.04110418e+09
 1.04110422e+09 1.04110426e+09 1.04110430e+09 1.04110434e+09
 1.04110438e+09 1.04110442e+09 1.04110446e+09 1.04110451e+09
 1.04110455e+09 1.04110459e+09 1.04110463e+09 1.04110467e+09
 1.04110471e+09 1.04110475e+09 1.04110479e+09 1.04110484e+09
 1.04110488e+09 1.04110492e+09 1.04110496e+09 1.04110500e+09
 1.04110504e+09 1.04110508e+09 1.04110512e+09 1.04110517e+09
 1.04110521e+09 1.04110525e+09 1.04110529e+09 1.04110533e+09
 1.04110537e+09 1.04110541e+09 1.04110545e+09 1.04110549e+09
 1.04110554e+09 1.04110558e+09 1.04110562e+09 1.04110566e+09
 1.04110570e+09 1.04110574e+09 1.04110578e+09 1.04110582e+09
 1.04110587e+09 1.04110591e+09 1.04110595e+09 1.04110599e+09
 1.04110603e+09 1.04110607e+09 1.04110611e+09 1.04110615e+09
 1.04110620e+09 1.04110624e+09 1.04110628e+09 1.04110632e+09
 1.04110636e+09 1.04110640e+09 1.04110644e+09 1.04110648e+09
 1.04110653e+09 1.04110657e+09 1.04110661e+09 1.04110665e+09
 1.04110669e+09 1.04110673e+09 1.04110677e+09 1.04110681e+09
 1.04110686e+09 1.04110690e+09 1.04110694e+09 1.04110698e+09
 1.04110702e+09 1.04110706e+09 1.04110710e+09 1.04110714e+09
 1.04110718e+09 1.04110723e+09 1.04110727e+09 1.04110731e+09
 1.04110735e+09 1.04110739e+09 1.04110743e+09 1.04110747e+09
 1.04110751e+09 1.04110756e+09 1.04110760e+09 1.04110764e+09]
minRes = 0.3060813244632095
minResTime =  [1.04110764e+09]
