name =JUICE_ROI_CAL_1_0_07
flyby =  ['2032 OCT 30 14:21:22', '2032 OCT 31 14:21:22']
Observation TW =  <SpiceCell dtype = 1, length = 0, size = 2600, card = 6, is_set = 1, adjust = 0, init = 1, base = 2554797969392, data = 2554797969440>
Res(t) =  [4.28754904 4.28427535 4.2810016  4.27772777 4.27445388 4.27117992
 4.2679059  4.2646318  4.26135764 4.25808341 4.25480911 4.25153474
 4.2482603  4.24498579 4.24171121 4.23843656 4.23516184 4.23188705
 4.22861219 4.22533726 4.22206226 4.21878718 4.21551204 4.21223682
 4.20896153 4.20568617 4.20241073 4.19913523 4.19585965 4.192584
 4.18930827 4.18603247 4.1827566  4.17948065 4.17620463 4.17292853
 4.16965236 4.16637611 4.16309979 4.15982339 4.15654692 4.15327037
 4.14999375 4.14671705 4.14344027 4.14016342 4.13688649 4.13360948
 4.1303324  4.12705524 4.12377799 4.12050068 4.11722328 4.1139458
 4.11066825 4.10739062 4.10411291 4.10083512 4.09755724 4.09427929
 4.09100126 4.08772315 4.08444496 4.08116669 4.07788834 4.0746099
 4.07133139 4.06805279 4.06477411 4.06149535 4.05821651 4.05493758
 4.05165857 4.04837948 4.04510031 4.04182105 4.03854171 4.03526229
 4.03198278 4.02870318 4.02542351 4.02214374 4.0188639  4.01558397
 4.01230395 4.00902384 4.00574366 4.00246338 3.99918302 3.99590257
 3.99262204 3.98934142 3.98606071 3.98277991 3.97949903 3.97621806
 3.972937   3.96965586 3.96637462 3.9630933  3.95981188 3.95653038
 3.95324879 3.94996711 3.94668534 3.94340348 3.94012153 3.93683949
 3.93355736 3.93027514 3.92699282 3.92371042 3.92042792 3.91714533
 3.91386265 3.91057988 3.90729702 3.90401406 3.90073101 3.89744787
 3.89416463 3.8908813  3.88759788 3.88431436 3.88103075 3.87774705
 3.87446325 3.87117935 3.86789536 3.86461128 3.8613271  3.85804282
 3.85475845 3.85147398 3.84818942 3.84490476 3.84162    3.83833514
 3.83505019 3.83176514 3.82848    3.82519475 3.82190941 3.81862397
 3.81533843 3.81205279 3.80876705 3.80548122 3.80219528 3.79890925
 3.79562311 3.79233688 3.78905054 3.7857641  3.78247757 3.77919093
 3.77590419 3.77261735 3.76933041 3.76604337 3.76275622 3.75946897
 3.75618162 3.75289417 3.74960662 3.74631896 3.74303119 3.73974333
 3.73645536 3.73316729 3.72987911 3.72659083 3.72330244 3.72001395
 3.71672535 3.71343665 3.71014784 3.70685893 3.70356991 3.70028079
 3.69699156 3.69370222 3.69041277 3.68712322 3.68383356 3.6805438
 3.67725392 3.67396394 3.67067385 3.66738365 3.66409335 3.66080293
 3.6575124  3.65422177 3.65093103 3.64764017 3.64434921 3.64105814
 3.63776696 3.63447566 3.63118426 3.62789274 3.62460111 3.62130938
 3.61801753 3.61472557 3.61143349 3.60814131 3.60484901 3.6015566
 3.59826407 3.59497144 3.59167869 3.58838582 3.58509285 3.58179975
 3.57850655 3.57521323 3.57191979 3.56862624 3.56533258 3.5620388
 3.5587449  3.55545089 3.55215677 3.54886252 3.54556816 3.54227369
 3.53897909 3.53568438 3.53238956 3.52909461 3.52579955 3.52250437
 3.51920907 3.51591365 3.51261812 3.50932246 3.50602669 3.5027308
 3.49943478 3.49613865 3.4928424  3.48954603 3.48624954 3.48295293
 3.47965619 3.47635934 3.47306236 3.46976527 3.46646805 3.46317071
 3.45987325 3.45657566 3.45327796 3.44998013 3.44668218 3.4433841
 3.4400859  3.43678758 3.43348914 3.43019057 3.42689187 3.42359305
 3.42029411 3.41699504 3.41369585 3.41039653 3.40709709 3.40379752
 3.40049782 3.397198   3.39389805 3.39059798 3.38729778 3.38399745
 3.380697   3.37739641 3.3740957  3.37079486 3.3674939  3.3641928
 3.36089158 3.35759023 3.35428875 3.35098714 3.3476854  3.34438353
 3.34108153 3.3377794  3.33447714 3.33117475 3.32787223 3.32456958
 3.3212668  3.31796389 3.31466084 3.31135766 3.30805436 3.30475091
 3.30144734 3.29814364 3.2948398  3.29153582 3.28823172 3.28492748
 3.28162311 3.2783186  3.27501396 3.27170919 3.26840428 3.26509923
 3.26179405 3.25848874 3.25518329 3.2518777  3.24857198 3.24526613
 3.24196013 3.238654   3.23534774 3.23204133 3.22873479 3.22542811
 3.2221213  3.21881434 3.21550725 3.21220002 3.20889265 3.20558514
 3.2022775  3.19896971 3.19566179 3.19235373 3.18904552 3.18573718
 3.18242869 3.17912007 3.1758113  3.1725024  3.16919335 3.16588416
 3.16257483 3.15926536 3.15595575 3.15264599 3.1493361  3.14602606
 3.14271587 3.13940555 3.13609508 3.13278447 3.12947371 3.12616281
 3.12285177 3.11954058 3.11622924 3.11291777 3.10960614 3.10629438
 3.10298246 3.09967041 3.0963582  3.09304585 3.08973335 3.08642071
 3.08310792 3.07979498 3.0764819  3.07316867 3.06985529 3.06654176
 3.06322809 3.05991427 3.0566003  3.05328618 3.04997191 3.04665749
 3.04334293 3.04002821 3.03671334 3.03339833 3.03008316 3.02676785
 3.02345238 3.02013676 3.016821   3.01350508 3.01018901 3.00687278
 3.00355641 3.00023988 2.9969232  2.99360637 2.99028939 2.98697225
 2.98365496 2.98033752 2.97701992 2.97370217 2.97038427 2.96706621
 2.963748   2.96042963 2.95711111 2.95379243 2.9504736  2.94715461
 2.94383546 2.94051616 2.93719671 2.93387709 2.93055733 2.9272374
 2.92391732 2.92059708 2.91727668 2.91395612 2.91063541 2.90731454
 2.90399351 2.90067232 2.89735097 2.89402947 2.8907078  2.88738598
 2.88406399 2.88074185 2.87741955 2.87409708 2.87077446 2.86745167
 2.86412873 2.86080562 2.85748235 2.85415892 2.85083533 2.84751157
 2.84418766 2.84086358 2.83753934 2.83421493 2.83089036 2.82756563
 2.82424074 2.82091568 2.81759046 2.81426507 2.81093952 2.80761381
 2.80428793 2.80096189 2.79763568 2.7943093  2.79098276 2.78765605
 2.78432918 2.78100214 2.77767493 2.77434756 2.77102002 2.76769232
 2.76436444 2.7610364  2.75770819 2.75437981 2.75105127 2.74772255
 2.74439367 2.74106462 2.7377354  2.73440601 2.73107645 2.72774672
 2.72441682 2.72108675 2.71775651 2.7144261  2.71109551 2.70776476
 2.70443384 2.70110274 2.69777147 2.69444003 2.69110842 2.68777664
 2.68444468 2.68111255 2.67778025 2.67444777 2.67111513 2.6677823
 2.66444931 2.66111613 2.65778279 2.65444927 2.65111557 2.64778171
 2.64444766 2.64111344 2.63777904 2.63444447 2.63110973 2.6277748
 2.6244397  2.62110442 2.61776897 2.61443334 2.61109753 2.60776154
 2.60442538 2.60108904 2.59775252 2.59441582 2.59107894 2.58774188
 2.58440465 2.58106723 2.57772964 2.57439186 2.57105391 2.56771577
 2.56437746 2.56103896 2.55770029 2.55436143 2.55102239 2.54768317
 2.54434377 2.54100418 2.53766442 2.53432447 2.53098434 2.52764402
 2.52430352 2.52096284 2.51762198 2.51428093 2.5109397  2.50759828
 2.50425668 2.5009149  2.49757293 2.49423077 2.49088843 2.48754591
 2.4842032  2.4808603  2.47751722 2.47417395 2.47083049 2.46748685
 2.46414302 2.460799   2.4574548  2.45411041 2.45076583 2.44742106
 2.4440761  2.44073096 2.43738562 2.4340401  2.43069439 2.42734849
 2.42400239 2.42065611 2.41730964 2.41396298 2.41061613 2.40726909
 2.40392185 2.40057443 2.39722681 2.39387901 2.39053101 2.38718281
 2.38383443 2.38048585 2.37713708 2.37378812 2.37043897 2.36708962
 2.36374008 2.36039034 2.35704041 2.35369029 2.35033997 2.34698945
 2.34363874 2.34028784 2.33693674 2.33358545 2.33023396 2.32688227
 2.32353039 2.32017831 2.31682603 2.31347356 2.31012089 2.30676802
 2.30341496 2.30006169 2.29670823 2.29335457 2.29000072 2.28664666
 2.2832924  2.27993795 2.2765833  2.27322844 2.26987339 2.26651814
 2.26316268 2.25980703 2.25645117 2.25309512 2.24973886 2.2463824
 2.24302574 2.23966888 2.23631182 2.23295455 2.22959708 2.22623941
 2.22288154 2.21952346 2.21616518 2.21280669 2.209448   2.20608911
 2.20273002 2.19937071 2.19601121 2.1926515  2.18929158 2.18593146
 2.18257113 2.1792106  2.17584986 2.17248891 2.16912776 2.1657664
 2.16240484 2.15904306 2.15568108 2.1523189  2.1489565  2.1455939
 2.14223108 2.13886806 2.13550483 2.13214139 2.12877774 2.12541389
 2.12204982 2.11868554 2.11532105 2.11195636 2.10859145 2.10522633
 2.101861   2.09849546 2.0951297  2.09176374 2.08839756 2.08503117
 2.08166457 2.07829775 2.07493073 2.07156349 2.06819603 2.06482836
 2.06146048 2.05809239 2.05472408 2.05135555 2.04798682 2.04461786
 2.04124869 2.03787931 2.03450971 2.03113989 2.02776986 2.02439961
 2.02102915 2.01765847 2.01428757 2.01091645 2.00754512 2.00417357
 2.0008018  1.99742981 1.9940576  1.99068518 1.98731254 1.98393967
 1.98056659 1.97719329 1.97381977 1.97044603 1.96707207 1.96369789
 1.96032348 1.95694886 1.95357402 1.95019895 1.94682366 1.94344815
 1.94007242 1.93669647 1.93332029 1.92994389 1.92656727 1.92319042
 1.91981335 1.91643606 1.91305854 1.9096808  1.90630283 1.90292464
 1.89954623 1.89616759 1.89278872 1.88940963 1.88603031 1.88265077
 1.879271   1.875891   1.87251078 1.86913033 1.86574965 1.86236874
 1.85898761 1.85560625 1.85222466 1.84884284 1.84546079 1.84207852
 1.83869601 1.83531328 1.83193031 1.82854712 1.8251637  1.82178004
 1.81839616 1.81501204 1.81162769 1.80824312 1.80485831 1.80147326
 1.79808799 1.79470248 1.79131675 1.78793077 1.78454457 1.78115813
 1.77777146 1.77438456 1.77099742 1.76761004 1.76422244 1.76083459
 1.75744652 1.7540582  1.75066965 1.74728087 1.74389185 1.7405026
 1.7371131  1.73372337 1.73033341 1.7269432  1.72355276 1.72016209
 1.71677117 1.71338002 1.70998862 1.70659699 1.70320512 1.69981301
 1.69642066 1.69302808 1.68963525 1.68624218 1.68284887 1.67945532
 1.67606153 1.6726675  1.66927323 1.66587871 1.66248396 1.65908896
 1.65569372 1.65229824 1.64890251 1.64550654 1.64211033 1.63871387
 1.63531718 1.63192023 1.62852304 1.62512561 1.62172793 1.61833001
 1.61493184 1.61153343 1.60813477 1.60473586 1.60133671 1.59793731
 1.59453767 1.59113777 1.58773763 1.58433725 1.58093661 1.57753573
 1.57413459 1.57073321 1.56733158 1.56392971 1.56052758 1.5571252
 1.55372257 1.55031969 1.54691656 1.54351318 1.54010955 1.53670567
 1.53330154 1.52989715 1.52649252 1.52308763 1.51968249 1.51627709
 1.51287144 1.50946554 1.50605939 1.50265298 1.49924632 1.4958394
 1.49243223 1.4890248  1.48561712 1.48220918 1.47880099 1.47539254
 1.47198384 1.46857488 1.46516566 1.46175618 1.45834645 1.45493646
 1.45152621 1.4481157  1.44470494 1.44129392 1.43788263 1.43447109
 1.43105929 1.42764723 1.42423491 1.42082233 1.41740949 1.41399639
 1.41058303 1.4071694  1.40375552 1.40034137 1.39692696 1.39351229
 1.39009735 1.38668215 1.38326669 1.37985097 1.37643498 1.37301872
 1.36960221 1.36618543 1.36276838 1.35935107 1.35593349 1.35251565
 1.34909754 1.34567916 1.34226052 1.33884161 1.33542243 1.33200299
 1.32858328 1.3251633  1.32174305 1.31832254 1.31490175 1.3114807
 1.30805938 1.30463778 1.30121592 1.29779379 1.29437138 1.29094871
 1.28752576 1.28410254 1.28067905 1.27725529 1.27383126 1.27040696
 1.26698238 1.26355752 1.2601324  1.256707   1.25328133 1.24985538
 1.24642916 1.24300266 1.23957589 1.23614884 1.23272152 1.22929392
 1.22586604 1.22243789 1.21900946 1.21558076 1.21215177 1.20872251
 1.20529297 1.20186315 1.19843305 1.19500268 1.19157202 1.18814109
 1.18470987 1.18127837 1.1778466  1.17441454 1.1709822  1.16754958
 1.16411668 1.1606835  1.15725003 1.15381628 1.15038225 1.14694794
 1.14351334 1.14007846 1.13664329 1.13320784 1.1297721  1.12633608
 1.12289978 1.11946318 1.11602631 1.11258914 1.10915169 1.10571395
 1.10227593 1.09883761 1.09539901 1.09196012 1.08852095 1.08508148
 1.08164172 1.07820168 1.07476134 1.07132072 1.0678798  1.06443859
 1.0609971  1.05755531 1.05411323 1.05067085 1.04722819 1.04378523
 1.04034198 1.03689843 1.0334546  1.03001046 1.02656604 1.02312132
 1.0196763  1.01623099 1.01278538 1.00933948 1.00589328 1.00244679
 0.99899999 0.9955529  0.99210552 0.98865783 0.98520985 0.98176157
 0.97831299 0.97486411 0.97141493 0.96796545 0.96451567 0.96106559
 0.95761521 0.95416453 0.95071355 0.94726226]
t =  [1.03603095e+09 1.03603098e+09 1.03603101e+09 1.03603104e+09
 1.03603108e+09 1.03603111e+09 1.03603114e+09 1.03603117e+09
 1.03603120e+09 1.03603123e+09 1.03603126e+09 1.03603129e+09
 1.03603132e+09 1.03603135e+09 1.03603139e+09 1.03603142e+09
 1.03603145e+09 1.03603148e+09 1.03603151e+09 1.03603154e+09
 1.03603157e+09 1.03603160e+09 1.03603163e+09 1.03603167e+09
 1.03603170e+09 1.03603173e+09 1.03603176e+09 1.03603179e+09
 1.03603182e+09 1.03603185e+09 1.03603188e+09 1.03603191e+09
 1.03603194e+09 1.03603198e+09 1.03603201e+09 1.03603204e+09
 1.03603207e+09 1.03603210e+09 1.03603213e+09 1.03603216e+09
 1.03603219e+09 1.03603222e+09 1.03603226e+09 1.03603229e+09
 1.03603232e+09 1.03603235e+09 1.03603238e+09 1.03603241e+09
 1.03603244e+09 1.03603247e+09 1.03603250e+09 1.03603253e+09
 1.03603257e+09 1.03603260e+09 1.03603263e+09 1.03603266e+09
 1.03603269e+09 1.03603272e+09 1.03603275e+09 1.03603278e+09
 1.03603281e+09 1.03603285e+09 1.03603288e+09 1.03603291e+09
 1.03603294e+09 1.03603297e+09 1.03603300e+09 1.03603303e+09
 1.03603306e+09 1.03603309e+09 1.03603312e+09 1.03603316e+09
 1.03603319e+09 1.03603322e+09 1.03603325e+09 1.03603328e+09
 1.03603331e+09 1.03603334e+09 1.03603337e+09 1.03603340e+09
 1.03603344e+09 1.03603347e+09 1.03603350e+09 1.03603353e+09
 1.03603356e+09 1.03603359e+09 1.03603362e+09 1.03603365e+09
 1.03603368e+09 1.03603371e+09 1.03603375e+09 1.03603378e+09
 1.03603381e+09 1.03603384e+09 1.03603387e+09 1.03603390e+09
 1.03603393e+09 1.03603396e+09 1.03603399e+09 1.03603403e+09
 1.03603406e+09 1.03603409e+09 1.03603412e+09 1.03603415e+09
 1.03603418e+09 1.03603421e+09 1.03603424e+09 1.03603427e+09
 1.03603430e+09 1.03603434e+09 1.03603437e+09 1.03603440e+09
 1.03603443e+09 1.03603446e+09 1.03603449e+09 1.03603452e+09
 1.03603455e+09 1.03603458e+09 1.03603462e+09 1.03603465e+09
 1.03603468e+09 1.03603471e+09 1.03603474e+09 1.03603477e+09
 1.03603480e+09 1.03603483e+09 1.03603486e+09 1.03603489e+09
 1.03603493e+09 1.03603496e+09 1.03603499e+09 1.03603502e+09
 1.03603505e+09 1.03603508e+09 1.03603511e+09 1.03603514e+09
 1.03603517e+09 1.03603521e+09 1.03603524e+09 1.03603527e+09
 1.03603530e+09 1.03603533e+09 1.03603536e+09 1.03603539e+09
 1.03603542e+09 1.03603545e+09 1.03603548e+09 1.03603552e+09
 1.03603555e+09 1.03603558e+09 1.03603561e+09 1.03603564e+09
 1.03603567e+09 1.03603570e+09 1.03603573e+09 1.03603576e+09
 1.03603580e+09 1.03603583e+09 1.03603586e+09 1.03603589e+09
 1.03603592e+09 1.03603595e+09 1.03603598e+09 1.03603601e+09
 1.03603604e+09 1.03603607e+09 1.03603611e+09 1.03603614e+09
 1.03603617e+09 1.03603620e+09 1.03603623e+09 1.03603626e+09
 1.03603629e+09 1.03603632e+09 1.03603635e+09 1.03603639e+09
 1.03603642e+09 1.03603645e+09 1.03603648e+09 1.03603651e+09
 1.03603654e+09 1.03603657e+09 1.03603660e+09 1.03603663e+09
 1.03603666e+09 1.03603670e+09 1.03603673e+09 1.03603676e+09
 1.03603679e+09 1.03603682e+09 1.03603685e+09 1.03603688e+09
 1.03603691e+09 1.03603694e+09 1.03603698e+09 1.03603701e+09
 1.03603704e+09 1.03603707e+09 1.03603710e+09 1.03603713e+09
 1.03603716e+09 1.03603719e+09 1.03603722e+09 1.03603725e+09
 1.03603729e+09 1.03603732e+09 1.03603735e+09 1.03603738e+09
 1.03603741e+09 1.03603744e+09 1.03603747e+09 1.03603750e+09
 1.03603753e+09 1.03603757e+09 1.03603760e+09 1.03603763e+09
 1.03603766e+09 1.03603769e+09 1.03603772e+09 1.03603775e+09
 1.03603778e+09 1.03603781e+09 1.03603784e+09 1.03603788e+09
 1.03603791e+09 1.03603794e+09 1.03603797e+09 1.03603800e+09
 1.03603803e+09 1.03603806e+09 1.03603809e+09 1.03603812e+09
 1.03603816e+09 1.03603819e+09 1.03603822e+09 1.03603825e+09
 1.03603828e+09 1.03603831e+09 1.03603834e+09 1.03603837e+09
 1.03603840e+09 1.03603843e+09 1.03603847e+09 1.03603850e+09
 1.03603853e+09 1.03603856e+09 1.03603859e+09 1.03603862e+09
 1.03603865e+09 1.03603868e+09 1.03603871e+09 1.03603874e+09
 1.03603878e+09 1.03603881e+09 1.03603884e+09 1.03603887e+09
 1.03603890e+09 1.03603893e+09 1.03603896e+09 1.03603899e+09
 1.03603902e+09 1.03603906e+09 1.03603909e+09 1.03603912e+09
 1.03603915e+09 1.03603918e+09 1.03603921e+09 1.03603924e+09
 1.03603927e+09 1.03603930e+09 1.03603933e+09 1.03603937e+09
 1.03603940e+09 1.03603943e+09 1.03603946e+09 1.03603949e+09
 1.03603952e+09 1.03603955e+09 1.03603958e+09 1.03603961e+09
 1.03603965e+09 1.03603968e+09 1.03603971e+09 1.03603974e+09
 1.03603977e+09 1.03603980e+09 1.03603983e+09 1.03603986e+09
 1.03603989e+09 1.03603992e+09 1.03603996e+09 1.03603999e+09
 1.03604002e+09 1.03604005e+09 1.03604008e+09 1.03604011e+09
 1.03604014e+09 1.03604017e+09 1.03604020e+09 1.03604024e+09
 1.03604027e+09 1.03604030e+09 1.03604033e+09 1.03604036e+09
 1.03604039e+09 1.03604042e+09 1.03604045e+09 1.03604048e+09
 1.03604051e+09 1.03604055e+09 1.03604058e+09 1.03604061e+09
 1.03604064e+09 1.03604067e+09 1.03604070e+09 1.03604073e+09
 1.03604076e+09 1.03604079e+09 1.03604083e+09 1.03604086e+09
 1.03604089e+09 1.03604092e+09 1.03604095e+09 1.03604098e+09
 1.03604101e+09 1.03604104e+09 1.03604107e+09 1.03604110e+09
 1.03604114e+09 1.03604117e+09 1.03604120e+09 1.03604123e+09
 1.03604126e+09 1.03604129e+09 1.03604132e+09 1.03604135e+09
 1.03604138e+09 1.03604142e+09 1.03604145e+09 1.03604148e+09
 1.03604151e+09 1.03604154e+09 1.03604157e+09 1.03604160e+09
 1.03604163e+09 1.03604166e+09 1.03604169e+09 1.03604173e+09
 1.03604176e+09 1.03604179e+09 1.03604182e+09 1.03604185e+09
 1.03604188e+09 1.03604191e+09 1.03604194e+09 1.03604197e+09
 1.03604201e+09 1.03604204e+09 1.03604207e+09 1.03604210e+09
 1.03604213e+09 1.03604216e+09 1.03604219e+09 1.03604222e+09
 1.03604225e+09 1.03604228e+09 1.03604232e+09 1.03604235e+09
 1.03604238e+09 1.03604241e+09 1.03604244e+09 1.03604247e+09
 1.03604250e+09 1.03604253e+09 1.03604256e+09 1.03604260e+09
 1.03604263e+09 1.03604266e+09 1.03604269e+09 1.03604272e+09
 1.03604275e+09 1.03604278e+09 1.03604281e+09 1.03604284e+09
 1.03604287e+09 1.03604291e+09 1.03604294e+09 1.03604297e+09
 1.03604300e+09 1.03604303e+09 1.03604306e+09 1.03604309e+09
 1.03604312e+09 1.03604315e+09 1.03604319e+09 1.03604322e+09
 1.03604325e+09 1.03604328e+09 1.03604331e+09 1.03604334e+09
 1.03604337e+09 1.03604340e+09 1.03604343e+09 1.03604346e+09
 1.03604350e+09 1.03604353e+09 1.03604356e+09 1.03604359e+09
 1.03604362e+09 1.03604365e+09 1.03604368e+09 1.03604371e+09
 1.03604374e+09 1.03604378e+09 1.03604381e+09 1.03604384e+09
 1.03604387e+09 1.03604390e+09 1.03604393e+09 1.03604396e+09
 1.03604399e+09 1.03604402e+09 1.03604405e+09 1.03604409e+09
 1.03604412e+09 1.03604415e+09 1.03604418e+09 1.03604421e+09
 1.03604424e+09 1.03604427e+09 1.03604430e+09 1.03604433e+09
 1.03604437e+09 1.03604440e+09 1.03604443e+09 1.03604446e+09
 1.03604449e+09 1.03604452e+09 1.03604455e+09 1.03604458e+09
 1.03604461e+09 1.03604464e+09 1.03604468e+09 1.03604471e+09
 1.03604474e+09 1.03604477e+09 1.03604480e+09 1.03604483e+09
 1.03604486e+09 1.03604489e+09 1.03604492e+09 1.03604496e+09
 1.03604499e+09 1.03604502e+09 1.03604505e+09 1.03604508e+09
 1.03604511e+09 1.03604514e+09 1.03604517e+09 1.03604520e+09
 1.03604523e+09 1.03604527e+09 1.03604530e+09 1.03604533e+09
 1.03604536e+09 1.03604539e+09 1.03604542e+09 1.03604545e+09
 1.03604548e+09 1.03604551e+09 1.03604555e+09 1.03604558e+09
 1.03604561e+09 1.03604564e+09 1.03604567e+09 1.03604570e+09
 1.03604573e+09 1.03604576e+09 1.03604579e+09 1.03604582e+09
 1.03604586e+09 1.03604589e+09 1.03604592e+09 1.03604595e+09
 1.03604598e+09 1.03604601e+09 1.03604604e+09 1.03604607e+09
 1.03604610e+09 1.03604614e+09 1.03604617e+09 1.03604620e+09
 1.03604623e+09 1.03604626e+09 1.03604629e+09 1.03604632e+09
 1.03604635e+09 1.03604638e+09 1.03604641e+09 1.03604645e+09
 1.03604648e+09 1.03604651e+09 1.03604654e+09 1.03604657e+09
 1.03604660e+09 1.03604663e+09 1.03604666e+09 1.03604669e+09
 1.03604673e+09 1.03604676e+09 1.03604679e+09 1.03604682e+09
 1.03604685e+09 1.03604688e+09 1.03604691e+09 1.03604694e+09
 1.03604697e+09 1.03604700e+09 1.03604704e+09 1.03604707e+09
 1.03604710e+09 1.03604713e+09 1.03604716e+09 1.03604719e+09
 1.03604722e+09 1.03604725e+09 1.03604728e+09 1.03604732e+09
 1.03604735e+09 1.03604738e+09 1.03604741e+09 1.03604744e+09
 1.03604747e+09 1.03604750e+09 1.03604753e+09 1.03604756e+09
 1.03604759e+09 1.03604763e+09 1.03604766e+09 1.03604769e+09
 1.03604772e+09 1.03604775e+09 1.03604778e+09 1.03604781e+09
 1.03604784e+09 1.03604787e+09 1.03604791e+09 1.03604794e+09
 1.03604797e+09 1.03604800e+09 1.03604803e+09 1.03604806e+09
 1.03604809e+09 1.03604812e+09 1.03604815e+09 1.03604818e+09
 1.03604822e+09 1.03604825e+09 1.03604828e+09 1.03604831e+09
 1.03604834e+09 1.03604837e+09 1.03604840e+09 1.03604843e+09
 1.03604846e+09 1.03604850e+09 1.03604853e+09 1.03604856e+09
 1.03604859e+09 1.03604862e+09 1.03604865e+09 1.03604868e+09
 1.03604871e+09 1.03604874e+09 1.03604877e+09 1.03604881e+09
 1.03604884e+09 1.03604887e+09 1.03604890e+09 1.03604893e+09
 1.03604896e+09 1.03604899e+09 1.03604902e+09 1.03604905e+09
 1.03604908e+09 1.03604912e+09 1.03604915e+09 1.03604918e+09
 1.03604921e+09 1.03604924e+09 1.03604927e+09 1.03604930e+09
 1.03604933e+09 1.03604936e+09 1.03604940e+09 1.03604943e+09
 1.03604946e+09 1.03604949e+09 1.03604952e+09 1.03604955e+09
 1.03604958e+09 1.03604961e+09 1.03604964e+09 1.03604967e+09
 1.03604971e+09 1.03604974e+09 1.03604977e+09 1.03604980e+09
 1.03604983e+09 1.03604986e+09 1.03604989e+09 1.03604992e+09
 1.03604995e+09 1.03604999e+09 1.03605002e+09 1.03605005e+09
 1.03605008e+09 1.03605011e+09 1.03605014e+09 1.03605017e+09
 1.03605020e+09 1.03605023e+09 1.03605026e+09 1.03605030e+09
 1.03605033e+09 1.03605036e+09 1.03605039e+09 1.03605042e+09
 1.03605045e+09 1.03605048e+09 1.03605051e+09 1.03605054e+09
 1.03605058e+09 1.03605061e+09 1.03605064e+09 1.03605067e+09
 1.03605070e+09 1.03605073e+09 1.03605076e+09 1.03605079e+09
 1.03605082e+09 1.03605085e+09 1.03605089e+09 1.03605092e+09
 1.03605095e+09 1.03605098e+09 1.03605101e+09 1.03605104e+09
 1.03605107e+09 1.03605110e+09 1.03605113e+09 1.03605117e+09
 1.03605120e+09 1.03605123e+09 1.03605126e+09 1.03605129e+09
 1.03605132e+09 1.03605135e+09 1.03605138e+09 1.03605141e+09
 1.03605144e+09 1.03605148e+09 1.03605151e+09 1.03605154e+09
 1.03605157e+09 1.03605160e+09 1.03605163e+09 1.03605166e+09
 1.03605169e+09 1.03605172e+09 1.03605176e+09 1.03605179e+09
 1.03605182e+09 1.03605185e+09 1.03605188e+09 1.03605191e+09
 1.03605194e+09 1.03605197e+09 1.03605200e+09 1.03605203e+09
 1.03605207e+09 1.03605210e+09 1.03605213e+09 1.03605216e+09
 1.03605219e+09 1.03605222e+09 1.03605225e+09 1.03605228e+09
 1.03605231e+09 1.03605235e+09 1.03605238e+09 1.03605241e+09
 1.03605244e+09 1.03605247e+09 1.03605250e+09 1.03605253e+09
 1.03605256e+09 1.03605259e+09 1.03605262e+09 1.03605266e+09
 1.03605269e+09 1.03605272e+09 1.03605275e+09 1.03605278e+09
 1.03605281e+09 1.03605284e+09 1.03605287e+09 1.03605290e+09
 1.03605294e+09 1.03605297e+09 1.03605300e+09 1.03605303e+09
 1.03605306e+09 1.03605309e+09 1.03605312e+09 1.03605315e+09
 1.03605318e+09 1.03605321e+09 1.03605325e+09 1.03605328e+09
 1.03605331e+09 1.03605334e+09 1.03605337e+09 1.03605340e+09
 1.03605343e+09 1.03605346e+09 1.03605349e+09 1.03605353e+09
 1.03605356e+09 1.03605359e+09 1.03605362e+09 1.03605365e+09
 1.03605368e+09 1.03605371e+09 1.03605374e+09 1.03605377e+09
 1.03605380e+09 1.03605384e+09 1.03605387e+09 1.03605390e+09
 1.03605393e+09 1.03605396e+09 1.03605399e+09 1.03605402e+09
 1.03605405e+09 1.03605408e+09 1.03605412e+09 1.03605415e+09
 1.03605418e+09 1.03605421e+09 1.03605424e+09 1.03605427e+09
 1.03605430e+09 1.03605433e+09 1.03605436e+09 1.03605439e+09
 1.03605443e+09 1.03605446e+09 1.03605449e+09 1.03605452e+09
 1.03605455e+09 1.03605458e+09 1.03605461e+09 1.03605464e+09
 1.03605467e+09 1.03605471e+09 1.03605474e+09 1.03605477e+09
 1.03605480e+09 1.03605483e+09 1.03605486e+09 1.03605489e+09
 1.03605492e+09 1.03605495e+09 1.03605498e+09 1.03605502e+09
 1.03605505e+09 1.03605508e+09 1.03605511e+09 1.03605514e+09
 1.03605517e+09 1.03605520e+09 1.03605523e+09 1.03605526e+09
 1.03605530e+09 1.03605533e+09 1.03605536e+09 1.03605539e+09
 1.03605542e+09 1.03605545e+09 1.03605548e+09 1.03605551e+09
 1.03605554e+09 1.03605557e+09 1.03605561e+09 1.03605564e+09
 1.03605567e+09 1.03605570e+09 1.03605573e+09 1.03605576e+09
 1.03605579e+09 1.03605582e+09 1.03605585e+09 1.03605589e+09
 1.03605592e+09 1.03605595e+09 1.03605598e+09 1.03605601e+09
 1.03605604e+09 1.03605607e+09 1.03605610e+09 1.03605613e+09
 1.03605616e+09 1.03605620e+09 1.03605623e+09 1.03605626e+09
 1.03605629e+09 1.03605632e+09 1.03605635e+09 1.03605638e+09
 1.03605641e+09 1.03605644e+09 1.03605648e+09 1.03605651e+09
 1.03605654e+09 1.03605657e+09 1.03605660e+09 1.03605663e+09
 1.03605666e+09 1.03605669e+09 1.03605672e+09 1.03605675e+09
 1.03605679e+09 1.03605682e+09 1.03605685e+09 1.03605688e+09
 1.03605691e+09 1.03605694e+09 1.03605697e+09 1.03605700e+09
 1.03605703e+09 1.03605707e+09 1.03605710e+09 1.03605713e+09
 1.03605716e+09 1.03605719e+09 1.03605722e+09 1.03605725e+09
 1.03605728e+09 1.03605731e+09 1.03605734e+09 1.03605738e+09
 1.03605741e+09 1.03605744e+09 1.03605747e+09 1.03605750e+09
 1.03605753e+09 1.03605756e+09 1.03605759e+09 1.03605762e+09
 1.03605766e+09 1.03605769e+09 1.03605772e+09 1.03605775e+09
 1.03605778e+09 1.03605781e+09 1.03605784e+09 1.03605787e+09
 1.03605790e+09 1.03605793e+09 1.03605797e+09 1.03605800e+09
 1.03605803e+09 1.03605806e+09 1.03605809e+09 1.03605812e+09
 1.03605815e+09 1.03605818e+09 1.03605821e+09 1.03605825e+09
 1.03605828e+09 1.03605831e+09 1.03605834e+09 1.03605837e+09
 1.03605840e+09 1.03605843e+09 1.03605846e+09 1.03605849e+09
 1.03605852e+09 1.03605856e+09 1.03605859e+09 1.03605862e+09
 1.03605865e+09 1.03605868e+09 1.03605871e+09 1.03605874e+09
 1.03605877e+09 1.03605880e+09 1.03605884e+09 1.03605887e+09
 1.03605890e+09 1.03605893e+09 1.03605896e+09 1.03605899e+09
 1.03605902e+09 1.03605905e+09 1.03605908e+09 1.03605911e+09
 1.03605915e+09 1.03605918e+09 1.03605921e+09 1.03605924e+09
 1.03605927e+09 1.03605930e+09 1.03605933e+09 1.03605936e+09
 1.03605939e+09 1.03605942e+09 1.03605946e+09 1.03605949e+09
 1.03605952e+09 1.03605955e+09 1.03605958e+09 1.03605961e+09
 1.03605964e+09 1.03605967e+09 1.03605970e+09 1.03605974e+09
 1.03605977e+09 1.03605980e+09 1.03605983e+09 1.03605986e+09
 1.03605989e+09 1.03605992e+09 1.03605995e+09 1.03605998e+09
 1.03606001e+09 1.03606005e+09 1.03606008e+09 1.03606011e+09
 1.03606014e+09 1.03606017e+09 1.03606020e+09 1.03606023e+09
 1.03606026e+09 1.03606029e+09 1.03606033e+09 1.03606036e+09
 1.03606039e+09 1.03606042e+09 1.03606045e+09 1.03606048e+09
 1.03606051e+09 1.03606054e+09 1.03606057e+09 1.03606060e+09
 1.03606064e+09 1.03606067e+09 1.03606070e+09 1.03606073e+09
 1.03606076e+09 1.03606079e+09 1.03606082e+09 1.03606085e+09
 1.03606088e+09 1.03606092e+09 1.03606095e+09 1.03606098e+09
 1.03606101e+09 1.03606104e+09 1.03606107e+09 1.03606110e+09
 1.03606113e+09 1.03606116e+09 1.03606119e+09 1.03606123e+09
 1.03606126e+09 1.03606129e+09 1.03606132e+09 1.03606135e+09
 1.03606138e+09 1.03606141e+09 1.03606144e+09 1.03606147e+09
 1.03606151e+09 1.03606154e+09 1.03606157e+09 1.03606160e+09
 1.03606163e+09 1.03606166e+09 1.03606169e+09 1.03606172e+09
 1.03606175e+09 1.03606178e+09 1.03606182e+09 1.03606185e+09
 1.03606188e+09 1.03606191e+09 1.03606194e+09 1.03606197e+09]
minRes = 0.9472622643208997
minResTime =  [1.03606197e+09]
