name =JUICE_ROI_CAL_4_7_06
flyby =  ['2032 SEP 27 04:26:36', '2032 SEP 28 04:26:36']
Observation TW =  <SpiceCell dtype = 1, length = 0, size = 3000, card = 10, is_set = 1, adjust = 0, init = 1, base = 2554800175072, data = 2554800175120>
Res(t) =  [5.45525761 5.45182673 5.44839528 5.44496327 5.44153068 5.43809753
 5.43466381 5.43122951 5.42779465 5.42435921 5.4209232  5.41748661
 5.41404945 5.41061171 5.4071734  5.40373451 5.40029504 5.39685499
 5.39341436 5.38997315 5.38653136 5.38308899 5.37964603 5.37620249
 5.37275837 5.36931366 5.36586836 5.36242248 5.358976   5.35552894
 5.35208129 5.34863305 5.34518422 5.3417348  5.33828478 5.33483417
 5.33138297 5.32793117 5.32447877 5.32102578 5.31757219 5.314118
 5.31066321 5.30720782 5.30375183 5.30029524 5.29683805 5.29338025
 5.28992185 5.28646284 5.28300323 5.27954301 5.27608219 5.27262075
 5.26915871 5.26569605 5.26223279 5.25876891 5.25530442 5.25183932
 5.2483736  5.24490727 5.24144032 5.23797276 5.23450458 5.23103578
 5.22756636 5.22409632 5.22062566 5.21715438 5.21368247 5.21020995
 5.20673679 5.20326302 5.19978862 5.19631359 5.19283793 5.18936165
 5.18588473 5.18240719 5.17892902 5.17545021 5.17197077 5.1684907
 5.16501    5.16152866 5.15804668 5.15456407 5.15108082 5.14759693
 5.1441124  5.14062723 5.13714142 5.13365497 5.13016788 5.12668014
 5.12319176 5.11970274 5.11621306 5.11272275 5.10923178 5.10574017
 5.1022479  5.09875499 5.09526142 5.0917672  5.08827233 5.08477681
 5.08128063 5.0777838  5.07428631 5.07078817 5.06728936 5.0637899
 5.06028978 5.05678899 5.05328755 5.04978544 5.04628267 5.04277924
 5.03927514 5.03577038 5.03226495 5.02875885 5.02525209 5.02174465
 5.01823655 5.01472778 5.01121833 5.00770821 5.00419742 5.00068595
 4.99717381 4.99366099 4.9901475  4.98663333 4.98311848 4.97960295
 4.97608674 4.97256985 4.96905228 4.96553402 4.96201508 4.95849546
 4.95497515 4.95145415 4.94793247 4.9444101  4.94088704 4.93736329
 4.93383885 4.93031371 4.92678789 4.92326137 4.91973416 4.91620625
 4.91267765 4.90914835 4.90561835 4.90208765 4.89855625 4.89502416
 4.89149136 4.88795786 4.88442366 4.88088875 4.87735314 4.87381682
 4.87027979 4.86674206 4.86320362 4.85966447 4.85612461 4.85258404
 4.84904276 4.84550077 4.84195806 4.83841463 4.83487049 4.83132564
 4.82778006 4.82423377 4.82068676 4.81713903 4.81359058 4.81004141
 4.80649151 4.8029409  4.79938955 4.79583748 4.79228469 4.78873117
 4.78517692 4.78162194 4.77806623 4.77450979 4.77095262 4.76739471
 4.76383608 4.7602767  4.7567166  4.75315575 4.74959417 4.74603185
 4.7424688  4.738905   4.73534046 4.73177518 4.72820916 4.72464239
 4.72107488 4.71750663 4.71393763 4.71036788 4.70679738 4.70322614
 4.69965414 4.69608139 4.6925079  4.68893365 4.68535864 4.68178288
 4.67820637 4.6746291  4.67105107 4.66747229 4.66389274 4.66031244
 4.65673137 4.65314954 4.64956695 4.6459836  4.64239948 4.63881459
 4.63522894 4.63164253 4.62805534 4.62446738 4.62087866 4.61728916
 4.61369889 4.61010785 4.60651603 4.60292344 4.59933007 4.59573593
 4.59214101 4.58854531 4.58494883 4.58135157 4.57775353 4.5741547
 4.5705551  4.56695471 4.56335353 4.55975157 4.55614882 4.55254528
 4.54894095 4.54533584 4.54172993 4.53812323 4.53451574 4.53090745
 4.52729837 4.5236885  4.52007782 4.51646635 4.51285408 4.50924102
 4.50562715 4.50201248 4.49839701 4.49478073 4.49116365 4.48754577
 4.48392708 4.48030758 4.47668728 4.47306616 4.46944424 4.4658215
 4.46219796 4.4585736  4.45494842 4.45132243 4.44769563 4.44406801
 4.44043957 4.43681032 4.43318024 4.42954934 4.42591762 4.42228508
 4.41865172 4.41501753 4.41138252 4.40774668 4.40411001 4.40047251
 4.39683419 4.39319503 4.38955505 4.38591423 4.38227258 4.37863009
 4.37498677 4.37134261 4.36769762 4.36405178 4.36040511 4.3567576
 4.35310925 4.34946006 4.34581002 4.34215914 4.33850741 4.33485484
 4.33120142 4.32754715 4.32389204 4.32023607 4.31657926 4.31292159
 4.30926307 4.30560369 4.30194346 4.29828238 4.29462043 4.29095763
 4.28729397 4.28362946 4.27996408 4.27629783 4.27263073 4.26896276
 4.26529393 4.26162423 4.25795367 4.25428223 4.25060993 4.24693676
 4.24326272 4.2395878  4.23591201 4.23223535 4.22855782 4.2248794
 4.22120012 4.21751995 4.2138389  4.21015698 4.20647417 4.20279048
 4.19910591 4.19542046 4.19173412 4.18804689 4.18435878 4.18066978
 4.17697989 4.17328911 4.16959744 4.16590487 4.16221142 4.15851707
 4.15482182 4.15112568 4.14742864 4.1437307  4.14003186 4.13633213
 4.13263149 4.12892995 4.1252275  4.12152416 4.1178199  4.11411474
 4.11040867 4.1067017  4.10299381 4.09928501 4.09557531 4.09186469
 4.08815315 4.0844407  4.08072734 4.07701305 4.07329785 4.06958173
 4.0658647  4.06214673 4.05842785 4.05470805 4.05098732 4.04726566
 4.04354308 4.03981957 4.03609514 4.03236977 4.02864348 4.02491625
 4.02118809 4.01745899 4.01372897 4.009998   4.0062661  4.00253326
 3.99879948 3.99506476 3.99132911 3.98759251 3.98385496 3.98011647
 3.97637704 3.97263666 3.96889533 3.96515306 3.96140983 3.95766566
 3.95392053 3.95017445 3.94642741 3.94267943 3.93893048 3.93518058
 3.93142972 3.9276779  3.92392512 3.92017138 3.91641668 3.91266101
 3.90890438 3.90514679 3.90138822 3.89762869 3.89386819 3.89010672
 3.88634428 3.88258087 3.87881648 3.87505112 3.87128479 3.86751748
 3.86374919 3.85997992 3.85620967 3.85243844 3.84866623 3.84489304
 3.84111886 3.8373437  3.83356755 3.82979041 3.82601229 3.82223317
 3.81845307 3.81467197 3.81088988 3.8071068  3.80332272 3.79953765
 3.79575158 3.7919645  3.78817643 3.78438736 3.78059729 3.77680622
 3.77301414 3.76922106 3.76542697 3.76163187 3.75783576 3.75403865
 3.75024052 3.74644138 3.74264123 3.73884007 3.73503789 3.7312347
 3.72743048 3.72362525 3.719819   3.71601173 3.71220344 3.70839412
 3.70458378 3.70077242 3.69696003 3.69314661 3.68933216 3.68551668
 3.68170018 3.67788264 3.67406406 3.67024446 3.66642381 3.66260214
 3.65877942 3.65495566 3.65113087 3.64730503 3.64347816 3.63965023
 3.63582127 3.63199126 3.6281602  3.62432809 3.62049494 3.61666073
 3.61282548 3.60898917 3.60515181 3.60131339 3.59747391 3.59363338
 3.5897918  3.58594915 3.58210544 3.57826067 3.57441484 3.57056794
 3.56671998 3.56287095 3.55902085 3.55516969 3.55131746 3.54746415
 3.54360977 3.53975432 3.5358978  3.5320402  3.52818152 3.52432176
 3.52046093 3.51659901 3.51273602 3.50887194 3.50500678 3.50114053
 3.4972732  3.49340477 3.48953526 3.48566466 3.48179297 3.47792019
 3.47404632 3.47017135 3.46629528 3.46241812 3.45853986 3.4546605
 3.45078004 3.44689848 3.44301581 3.43913204 3.43524717 3.43136119
 3.4274741  3.42358591 3.4196966  3.41580618 3.41191466 3.40802201
 3.40412826 3.40023338 3.39633739 3.39244028 3.38854206 3.38464271
 3.38074224 3.37684064 3.37293792 3.36903408 3.36512911 3.36122301
 3.35731579 3.35340743 3.34949794 3.34558732 3.34167556 3.33776267
 3.33384864 3.32993348 3.32601717 3.32209973 3.31818115 3.31426142
 3.31034055 3.30641853 3.30249537 3.29857106 3.2946456  3.29071899
 3.28679123 3.28286232 3.27893225 3.27500103 3.27106866 3.26713512
 3.26320043 3.25926458 3.25532757 3.25138939 3.24745006 3.24350955
 3.23956789 3.23562505 3.23168105 3.22773587 3.22378953 3.21984201
 3.21589332 3.21194346 3.20799242 3.2040402  3.2000868  3.19613223
 3.19217647 3.18821954 3.18426141 3.18030211 3.17634162 3.17237994
 3.16841707 3.16445301 3.16048777 3.15652133 3.15255369 3.14858487
 3.14461484 3.14064362 3.1366712  3.13269758 3.12872276 3.12474674
 3.12076952 3.11679109 3.11281145 3.10883061 3.10484855 3.10086529
 3.09688082 3.09289513 3.08890823 3.08492012 3.08093079 3.07694024
 3.07294848 3.06895549 3.06496128 3.06096585 3.0569692  3.05297132
 3.04897221 3.04497187 3.04097031 3.03696752 3.03296349 3.02895824
 3.02495174 3.02094402 3.01693505 3.01292485 3.00891341 3.00490072
 3.0008868  2.99687163 2.99285522 2.98883756 2.98481866 2.9807985
 2.9767771  2.97275444 2.96873054 2.96470538 2.96067896 2.95665129
 2.95262236 2.94859217 2.94456072 2.94052801 2.93649404 2.9324588
 2.9284223  2.92438453 2.92034549 2.91630518 2.91226361 2.90822076
 2.90417663 2.90013124 2.89608456 2.89203661 2.88798738 2.88393687
 2.87988508 2.87583201 2.87177765 2.86772201 2.86366508 2.85960686
 2.85554736 2.85148656 2.84742447 2.84336109 2.83929641 2.83523044
 2.83116317 2.8270946  2.82302474 2.81895357 2.8148811  2.81080732
 2.80673224 2.80265585 2.79857816 2.79449915 2.79041884 2.78633721
 2.78225427 2.77817002 2.77408445 2.76999756 2.76590935 2.76181983
 2.75772898 2.75363681 2.74954331 2.74544849 2.74135235 2.73725487
 2.73315607 2.72905593 2.72495447 2.72085167 2.71674753 2.71264206
 2.70853525 2.7044271  2.70031761 2.69620678 2.69209461 2.6879811
 2.68386623 2.67975002 2.67563246 2.67151356 2.6673933  2.66327169
 2.65914872 2.6550244  2.65089872 2.64677169 2.64264329 2.63851354
 2.63438242 2.63024994 2.6261161  2.62198089 2.61784431 2.61370636
 2.60956704 2.60542635 2.60128429 2.59714085 2.59299604 2.58884985
 2.58470228 2.58055333 2.576403   2.57225129 2.5680982  2.56394372
 2.55978785 2.55563059 2.55147195 2.54731191 2.54315048 2.53898766
 2.53482345 2.53065783 2.52649082 2.52232241 2.5181526  2.51398139
 2.50980877 2.50563475 2.50145933 2.49728249 2.49310425 2.4889246
 2.48474354 2.48056106 2.47637717 2.47219186 2.46800514 2.463817
 2.45962744 2.45543645 2.45124405 2.44705022 2.44285496 2.43865828
 2.43446017 2.43026064 2.42605967 2.42185726 2.41765343 2.41344816
 2.40924145 2.40503331 2.40082373 2.3966127  2.39240024 2.38818633
 2.38397097 2.37975418 2.37553593 2.37131623 2.36709509 2.36287249
 2.35864844 2.35442294 2.35019598 2.34596756 2.34173769 2.33750635
 2.33327356 2.3290393  2.32480358 2.32056639 2.31632773 2.31208761
 2.30784602 2.30360296 2.29935842 2.29511242 2.29086493 2.28661598
 2.28236554 2.27811362 2.27386023 2.26960535 2.26534899 2.26109115
 2.25683182 2.252571   2.2483087  2.2440449  2.23977961 2.23551283
 2.23124456 2.22697479 2.22270353 2.21843077 2.2141565  2.20988074
 2.20560348 2.20132471 2.19704444 2.19276266 2.18847937 2.18419458
 2.17990827 2.17562046 2.17133113 2.16704029 2.16274793 2.15845405
 2.15415866 2.14986175 2.14556332 2.14126336 2.13696188 2.13265888
 2.12835435 2.1240483  2.11974071 2.1154316  2.11112096 2.10680878
 2.10249507 2.09817982 2.09386304 2.08954472 2.08522486 2.08090346
 2.07658052 2.07225603 2.06793001 2.06360243 2.05927331 2.05494265
 2.05061043 2.04627666 2.04194134 2.03760447 2.03326605 2.02892607
 2.02458453 2.02024143 2.01589678 2.01155056 2.00720279 2.00285345
 1.99850254 1.99415007 1.98979604 1.98544043 1.98108326 1.97672452
 1.97236421 1.96800232 1.96363886 1.95927383 1.95490722 1.95053903
 1.94616927 1.94179792 1.93742499 1.93305049 1.9286744  1.92429672
 1.91991746 1.91553662 1.91115418 1.90677016 1.90238455 1.89799735
 1.89360855 1.88921816 1.88482618 1.88043261 1.87603743 1.87164066
 1.86724229 1.86284233 1.85844076 1.85403759 1.84963282 1.84522644
 1.84081846 1.83640888 1.83199769 1.82758489 1.82317048 1.81875447
 1.81433684 1.8099176  1.80549675 1.80107429 1.79665021 1.79222452
 1.78779721 1.78336829 1.77893775 1.77450559 1.77007181 1.76563641
 1.76119939 1.75676074 1.75232048 1.74787859 1.74343508 1.73898994
 1.73454318 1.73009479 1.72564478 1.72119313 1.71673986 1.71228496
 1.70782843 1.70337027 1.69891048 1.69444905 1.689986   1.68552131
 1.68105498 1.67658703 1.67211744 1.66764621 1.66317335 1.65869885
 1.65422272 1.64974494 1.64526553 1.64078449 1.6363018  1.63181748
 1.62733152 1.62284391 1.61835467 1.61386379 1.60937127 1.60487711
 1.6003813  1.59588386 1.59138477 1.58688405]
t =  [1.03314407e+09 1.03314410e+09 1.03314413e+09 1.03314416e+09
 1.03314420e+09 1.03314423e+09 1.03314426e+09 1.03314430e+09
 1.03314433e+09 1.03314436e+09 1.03314439e+09 1.03314443e+09
 1.03314446e+09 1.03314449e+09 1.03314453e+09 1.03314456e+09
 1.03314459e+09 1.03314463e+09 1.03314466e+09 1.03314469e+09
 1.03314472e+09 1.03314476e+09 1.03314479e+09 1.03314482e+09
 1.03314486e+09 1.03314489e+09 1.03314492e+09 1.03314496e+09
 1.03314499e+09 1.03314502e+09 1.03314505e+09 1.03314509e+09
 1.03314512e+09 1.03314515e+09 1.03314519e+09 1.03314522e+09
 1.03314525e+09 1.03314529e+09 1.03314532e+09 1.03314535e+09
 1.03314538e+09 1.03314542e+09 1.03314545e+09 1.03314548e+09
 1.03314552e+09 1.03314555e+09 1.03314558e+09 1.03314561e+09
 1.03314565e+09 1.03314568e+09 1.03314571e+09 1.03314575e+09
 1.03314578e+09 1.03314581e+09 1.03314585e+09 1.03314588e+09
 1.03314591e+09 1.03314594e+09 1.03314598e+09 1.03314601e+09
 1.03314604e+09 1.03314608e+09 1.03314611e+09 1.03314614e+09
 1.03314618e+09 1.03314621e+09 1.03314624e+09 1.03314627e+09
 1.03314631e+09 1.03314634e+09 1.03314637e+09 1.03314641e+09
 1.03314644e+09 1.03314647e+09 1.03314651e+09 1.03314654e+09
 1.03314657e+09 1.03314660e+09 1.03314664e+09 1.03314667e+09
 1.03314670e+09 1.03314674e+09 1.03314677e+09 1.03314680e+09
 1.03314683e+09 1.03314687e+09 1.03314690e+09 1.03314693e+09
 1.03314697e+09 1.03314700e+09 1.03314703e+09 1.03314707e+09
 1.03314710e+09 1.03314713e+09 1.03314716e+09 1.03314720e+09
 1.03314723e+09 1.03314726e+09 1.03314730e+09 1.03314733e+09
 1.03314736e+09 1.03314740e+09 1.03314743e+09 1.03314746e+09
 1.03314749e+09 1.03314753e+09 1.03314756e+09 1.03314759e+09
 1.03314763e+09 1.03314766e+09 1.03314769e+09 1.03314773e+09
 1.03314776e+09 1.03314779e+09 1.03314782e+09 1.03314786e+09
 1.03314789e+09 1.03314792e+09 1.03314796e+09 1.03314799e+09
 1.03314802e+09 1.03314805e+09 1.03314809e+09 1.03314812e+09
 1.03314815e+09 1.03314819e+09 1.03314822e+09 1.03314825e+09
 1.03314829e+09 1.03314832e+09 1.03314835e+09 1.03314838e+09
 1.03314842e+09 1.03314845e+09 1.03314848e+09 1.03314852e+09
 1.03314855e+09 1.03314858e+09 1.03314862e+09 1.03314865e+09
 1.03314868e+09 1.03314871e+09 1.03314875e+09 1.03314878e+09
 1.03314881e+09 1.03314885e+09 1.03314888e+09 1.03314891e+09
 1.03314895e+09 1.03314898e+09 1.03314901e+09 1.03314904e+09
 1.03314908e+09 1.03314911e+09 1.03314914e+09 1.03314918e+09
 1.03314921e+09 1.03314924e+09 1.03314927e+09 1.03314931e+09
 1.03314934e+09 1.03314937e+09 1.03314941e+09 1.03314944e+09
 1.03314947e+09 1.03314951e+09 1.03314954e+09 1.03314957e+09
 1.03314960e+09 1.03314964e+09 1.03314967e+09 1.03314970e+09
 1.03314974e+09 1.03314977e+09 1.03314980e+09 1.03314984e+09
 1.03314987e+09 1.03314990e+09 1.03314993e+09 1.03314997e+09
 1.03315000e+09 1.03315003e+09 1.03315007e+09 1.03315010e+09
 1.03315013e+09 1.03315017e+09 1.03315020e+09 1.03315023e+09
 1.03315026e+09 1.03315030e+09 1.03315033e+09 1.03315036e+09
 1.03315040e+09 1.03315043e+09 1.03315046e+09 1.03315049e+09
 1.03315053e+09 1.03315056e+09 1.03315059e+09 1.03315063e+09
 1.03315066e+09 1.03315069e+09 1.03315073e+09 1.03315076e+09
 1.03315079e+09 1.03315082e+09 1.03315086e+09 1.03315089e+09
 1.03315092e+09 1.03315096e+09 1.03315099e+09 1.03315102e+09
 1.03315106e+09 1.03315109e+09 1.03315112e+09 1.03315115e+09
 1.03315119e+09 1.03315122e+09 1.03315125e+09 1.03315129e+09
 1.03315132e+09 1.03315135e+09 1.03315139e+09 1.03315142e+09
 1.03315145e+09 1.03315148e+09 1.03315152e+09 1.03315155e+09
 1.03315158e+09 1.03315162e+09 1.03315165e+09 1.03315168e+09
 1.03315171e+09 1.03315175e+09 1.03315178e+09 1.03315181e+09
 1.03315185e+09 1.03315188e+09 1.03315191e+09 1.03315195e+09
 1.03315198e+09 1.03315201e+09 1.03315204e+09 1.03315208e+09
 1.03315211e+09 1.03315214e+09 1.03315218e+09 1.03315221e+09
 1.03315224e+09 1.03315228e+09 1.03315231e+09 1.03315234e+09
 1.03315237e+09 1.03315241e+09 1.03315244e+09 1.03315247e+09
 1.03315251e+09 1.03315254e+09 1.03315257e+09 1.03315261e+09
 1.03315264e+09 1.03315267e+09 1.03315270e+09 1.03315274e+09
 1.03315277e+09 1.03315280e+09 1.03315284e+09 1.03315287e+09
 1.03315290e+09 1.03315293e+09 1.03315297e+09 1.03315300e+09
 1.03315303e+09 1.03315307e+09 1.03315310e+09 1.03315313e+09
 1.03315317e+09 1.03315320e+09 1.03315323e+09 1.03315326e+09
 1.03315330e+09 1.03315333e+09 1.03315336e+09 1.03315340e+09
 1.03315343e+09 1.03315346e+09 1.03315350e+09 1.03315353e+09
 1.03315356e+09 1.03315359e+09 1.03315363e+09 1.03315366e+09
 1.03315369e+09 1.03315373e+09 1.03315376e+09 1.03315379e+09
 1.03315383e+09 1.03315386e+09 1.03315389e+09 1.03315392e+09
 1.03315396e+09 1.03315399e+09 1.03315402e+09 1.03315406e+09
 1.03315409e+09 1.03315412e+09 1.03315415e+09 1.03315419e+09
 1.03315422e+09 1.03315425e+09 1.03315429e+09 1.03315432e+09
 1.03315435e+09 1.03315439e+09 1.03315442e+09 1.03315445e+09
 1.03315448e+09 1.03315452e+09 1.03315455e+09 1.03315458e+09
 1.03315462e+09 1.03315465e+09 1.03315468e+09 1.03315472e+09
 1.03315475e+09 1.03315478e+09 1.03315481e+09 1.03315485e+09
 1.03315488e+09 1.03315491e+09 1.03315495e+09 1.03315498e+09
 1.03315501e+09 1.03315505e+09 1.03315508e+09 1.03315511e+09
 1.03315514e+09 1.03315518e+09 1.03315521e+09 1.03315524e+09
 1.03315528e+09 1.03315531e+09 1.03315534e+09 1.03315537e+09
 1.03315541e+09 1.03315544e+09 1.03315547e+09 1.03315551e+09
 1.03315554e+09 1.03315557e+09 1.03315561e+09 1.03315564e+09
 1.03315567e+09 1.03315570e+09 1.03315574e+09 1.03315577e+09
 1.03315580e+09 1.03315584e+09 1.03315587e+09 1.03315590e+09
 1.03315594e+09 1.03315597e+09 1.03315600e+09 1.03315603e+09
 1.03315607e+09 1.03315610e+09 1.03315613e+09 1.03315617e+09
 1.03315620e+09 1.03315623e+09 1.03315627e+09 1.03315630e+09
 1.03315633e+09 1.03315636e+09 1.03315640e+09 1.03315643e+09
 1.03315646e+09 1.03315650e+09 1.03315653e+09 1.03315656e+09
 1.03315659e+09 1.03315663e+09 1.03315666e+09 1.03315669e+09
 1.03315673e+09 1.03315676e+09 1.03315679e+09 1.03315683e+09
 1.03315686e+09 1.03315689e+09 1.03315692e+09 1.03315696e+09
 1.03315699e+09 1.03315702e+09 1.03315706e+09 1.03315709e+09
 1.03315712e+09 1.03315716e+09 1.03315719e+09 1.03315722e+09
 1.03315725e+09 1.03315729e+09 1.03315732e+09 1.03315735e+09
 1.03315739e+09 1.03315742e+09 1.03315745e+09 1.03315749e+09
 1.03315752e+09 1.03315755e+09 1.03315758e+09 1.03315762e+09
 1.03315765e+09 1.03315768e+09 1.03315772e+09 1.03315775e+09
 1.03315778e+09 1.03315781e+09 1.03315785e+09 1.03315788e+09
 1.03315791e+09 1.03315795e+09 1.03315798e+09 1.03315801e+09
 1.03315805e+09 1.03315808e+09 1.03315811e+09 1.03315814e+09
 1.03315818e+09 1.03315821e+09 1.03315824e+09 1.03315828e+09
 1.03315831e+09 1.03315834e+09 1.03315838e+09 1.03315841e+09
 1.03315844e+09 1.03315847e+09 1.03315851e+09 1.03315854e+09
 1.03315857e+09 1.03315861e+09 1.03315864e+09 1.03315867e+09
 1.03315871e+09 1.03315874e+09 1.03315877e+09 1.03315880e+09
 1.03315884e+09 1.03315887e+09 1.03315890e+09 1.03315894e+09
 1.03315897e+09 1.03315900e+09 1.03315903e+09 1.03315907e+09
 1.03315910e+09 1.03315913e+09 1.03315917e+09 1.03315920e+09
 1.03315923e+09 1.03315927e+09 1.03315930e+09 1.03315933e+09
 1.03315936e+09 1.03315940e+09 1.03315943e+09 1.03315946e+09
 1.03315950e+09 1.03315953e+09 1.03315956e+09 1.03315960e+09
 1.03315963e+09 1.03315966e+09 1.03315969e+09 1.03315973e+09
 1.03315976e+09 1.03315979e+09 1.03315983e+09 1.03315986e+09
 1.03315989e+09 1.03315993e+09 1.03315996e+09 1.03315999e+09
 1.03316002e+09 1.03316006e+09 1.03316009e+09 1.03316012e+09
 1.03316016e+09 1.03316019e+09 1.03316022e+09 1.03316025e+09
 1.03316029e+09 1.03316032e+09 1.03316035e+09 1.03316039e+09
 1.03316042e+09 1.03316045e+09 1.03316049e+09 1.03316052e+09
 1.03316055e+09 1.03316058e+09 1.03316062e+09 1.03316065e+09
 1.03316068e+09 1.03316072e+09 1.03316075e+09 1.03316078e+09
 1.03316082e+09 1.03316085e+09 1.03316088e+09 1.03316091e+09
 1.03316095e+09 1.03316098e+09 1.03316101e+09 1.03316105e+09
 1.03316108e+09 1.03316111e+09 1.03316115e+09 1.03316118e+09
 1.03316121e+09 1.03316124e+09 1.03316128e+09 1.03316131e+09
 1.03316134e+09 1.03316138e+09 1.03316141e+09 1.03316144e+09
 1.03316147e+09 1.03316151e+09 1.03316154e+09 1.03316157e+09
 1.03316161e+09 1.03316164e+09 1.03316167e+09 1.03316171e+09
 1.03316174e+09 1.03316177e+09 1.03316180e+09 1.03316184e+09
 1.03316187e+09 1.03316190e+09 1.03316194e+09 1.03316197e+09
 1.03316200e+09 1.03316204e+09 1.03316207e+09 1.03316210e+09
 1.03316213e+09 1.03316217e+09 1.03316220e+09 1.03316223e+09
 1.03316227e+09 1.03316230e+09 1.03316233e+09 1.03316237e+09
 1.03316240e+09 1.03316243e+09 1.03316246e+09 1.03316250e+09
 1.03316253e+09 1.03316256e+09 1.03316260e+09 1.03316263e+09
 1.03316266e+09 1.03316269e+09 1.03316273e+09 1.03316276e+09
 1.03316279e+09 1.03316283e+09 1.03316286e+09 1.03316289e+09
 1.03316293e+09 1.03316296e+09 1.03316299e+09 1.03316302e+09
 1.03316306e+09 1.03316309e+09 1.03316312e+09 1.03316316e+09
 1.03316319e+09 1.03316322e+09 1.03316326e+09 1.03316329e+09
 1.03316332e+09 1.03316335e+09 1.03316339e+09 1.03316342e+09
 1.03316345e+09 1.03316349e+09 1.03316352e+09 1.03316355e+09
 1.03316359e+09 1.03316362e+09 1.03316365e+09 1.03316368e+09
 1.03316372e+09 1.03316375e+09 1.03316378e+09 1.03316382e+09
 1.03316385e+09 1.03316388e+09 1.03316391e+09 1.03316395e+09
 1.03316398e+09 1.03316401e+09 1.03316405e+09 1.03316408e+09
 1.03316411e+09 1.03316415e+09 1.03316418e+09 1.03316421e+09
 1.03316424e+09 1.03316428e+09 1.03316431e+09 1.03316434e+09
 1.03316438e+09 1.03316441e+09 1.03316444e+09 1.03316448e+09
 1.03316451e+09 1.03316454e+09 1.03316457e+09 1.03316461e+09
 1.03316464e+09 1.03316467e+09 1.03316471e+09 1.03316474e+09
 1.03316477e+09 1.03316481e+09 1.03316484e+09 1.03316487e+09
 1.03316490e+09 1.03316494e+09 1.03316497e+09 1.03316500e+09
 1.03316504e+09 1.03316507e+09 1.03316510e+09 1.03316513e+09
 1.03316517e+09 1.03316520e+09 1.03316523e+09 1.03316527e+09
 1.03316530e+09 1.03316533e+09 1.03316537e+09 1.03316540e+09
 1.03316543e+09 1.03316546e+09 1.03316550e+09 1.03316553e+09
 1.03316556e+09 1.03316560e+09 1.03316563e+09 1.03316566e+09
 1.03316570e+09 1.03316573e+09 1.03316576e+09 1.03316579e+09
 1.03316583e+09 1.03316586e+09 1.03316589e+09 1.03316593e+09
 1.03316596e+09 1.03316599e+09 1.03316603e+09 1.03316606e+09
 1.03316609e+09 1.03316612e+09 1.03316616e+09 1.03316619e+09
 1.03316622e+09 1.03316626e+09 1.03316629e+09 1.03316632e+09
 1.03316635e+09 1.03316639e+09 1.03316642e+09 1.03316645e+09
 1.03316649e+09 1.03316652e+09 1.03316655e+09 1.03316659e+09
 1.03316662e+09 1.03316665e+09 1.03316668e+09 1.03316672e+09
 1.03316675e+09 1.03316678e+09 1.03316682e+09 1.03316685e+09
 1.03316688e+09 1.03316692e+09 1.03316695e+09 1.03316698e+09
 1.03316701e+09 1.03316705e+09 1.03316708e+09 1.03316711e+09
 1.03316715e+09 1.03316718e+09 1.03316721e+09 1.03316725e+09
 1.03316728e+09 1.03316731e+09 1.03316734e+09 1.03316738e+09
 1.03316741e+09 1.03316744e+09 1.03316748e+09 1.03316751e+09
 1.03316754e+09 1.03316757e+09 1.03316761e+09 1.03316764e+09
 1.03316767e+09 1.03316771e+09 1.03316774e+09 1.03316777e+09
 1.03316781e+09 1.03316784e+09 1.03316787e+09 1.03316790e+09
 1.03316794e+09 1.03316797e+09 1.03316800e+09 1.03316804e+09
 1.03316807e+09 1.03316810e+09 1.03316814e+09 1.03316817e+09
 1.03316820e+09 1.03316823e+09 1.03316827e+09 1.03316830e+09
 1.03316833e+09 1.03316837e+09 1.03316840e+09 1.03316843e+09
 1.03316847e+09 1.03316850e+09 1.03316853e+09 1.03316856e+09
 1.03316860e+09 1.03316863e+09 1.03316866e+09 1.03316870e+09
 1.03316873e+09 1.03316876e+09 1.03316879e+09 1.03316883e+09
 1.03316886e+09 1.03316889e+09 1.03316893e+09 1.03316896e+09
 1.03316899e+09 1.03316903e+09 1.03316906e+09 1.03316909e+09
 1.03316912e+09 1.03316916e+09 1.03316919e+09 1.03316922e+09
 1.03316926e+09 1.03316929e+09 1.03316932e+09 1.03316936e+09
 1.03316939e+09 1.03316942e+09 1.03316945e+09 1.03316949e+09
 1.03316952e+09 1.03316955e+09 1.03316959e+09 1.03316962e+09
 1.03316965e+09 1.03316969e+09 1.03316972e+09 1.03316975e+09
 1.03316978e+09 1.03316982e+09 1.03316985e+09 1.03316988e+09
 1.03316992e+09 1.03316995e+09 1.03316998e+09 1.03317001e+09
 1.03317005e+09 1.03317008e+09 1.03317011e+09 1.03317015e+09
 1.03317018e+09 1.03317021e+09 1.03317025e+09 1.03317028e+09
 1.03317031e+09 1.03317034e+09 1.03317038e+09 1.03317041e+09
 1.03317044e+09 1.03317048e+09 1.03317051e+09 1.03317054e+09
 1.03317058e+09 1.03317061e+09 1.03317064e+09 1.03317067e+09
 1.03317071e+09 1.03317074e+09 1.03317077e+09 1.03317081e+09
 1.03317084e+09 1.03317087e+09 1.03317091e+09 1.03317094e+09
 1.03317097e+09 1.03317100e+09 1.03317104e+09 1.03317107e+09
 1.03317110e+09 1.03317114e+09 1.03317117e+09 1.03317120e+09
 1.03317123e+09 1.03317127e+09 1.03317130e+09 1.03317133e+09
 1.03317137e+09 1.03317140e+09 1.03317143e+09 1.03317147e+09
 1.03317150e+09 1.03317153e+09 1.03317156e+09 1.03317160e+09
 1.03317163e+09 1.03317166e+09 1.03317170e+09 1.03317173e+09
 1.03317176e+09 1.03317180e+09 1.03317183e+09 1.03317186e+09
 1.03317189e+09 1.03317193e+09 1.03317196e+09 1.03317199e+09
 1.03317203e+09 1.03317206e+09 1.03317209e+09 1.03317213e+09
 1.03317216e+09 1.03317219e+09 1.03317222e+09 1.03317226e+09
 1.03317229e+09 1.03317232e+09 1.03317236e+09 1.03317239e+09
 1.03317242e+09 1.03317245e+09 1.03317249e+09 1.03317252e+09
 1.03317255e+09 1.03317259e+09 1.03317262e+09 1.03317265e+09
 1.03317269e+09 1.03317272e+09 1.03317275e+09 1.03317278e+09
 1.03317282e+09 1.03317285e+09 1.03317288e+09 1.03317292e+09
 1.03317295e+09 1.03317298e+09 1.03317302e+09 1.03317305e+09
 1.03317308e+09 1.03317311e+09 1.03317315e+09 1.03317318e+09
 1.03317321e+09 1.03317325e+09 1.03317328e+09 1.03317331e+09
 1.03317335e+09 1.03317338e+09 1.03317341e+09 1.03317344e+09
 1.03317348e+09 1.03317351e+09 1.03317354e+09 1.03317358e+09
 1.03317361e+09 1.03317364e+09 1.03317367e+09 1.03317371e+09
 1.03317374e+09 1.03317377e+09 1.03317381e+09 1.03317384e+09
 1.03317387e+09 1.03317391e+09 1.03317394e+09 1.03317397e+09
 1.03317400e+09 1.03317404e+09 1.03317407e+09 1.03317410e+09
 1.03317414e+09 1.03317417e+09 1.03317420e+09 1.03317424e+09
 1.03317427e+09 1.03317430e+09 1.03317433e+09 1.03317437e+09
 1.03317440e+09 1.03317443e+09 1.03317447e+09 1.03317450e+09
 1.03317453e+09 1.03317457e+09 1.03317460e+09 1.03317463e+09
 1.03317466e+09 1.03317470e+09 1.03317473e+09 1.03317476e+09
 1.03317480e+09 1.03317483e+09 1.03317486e+09 1.03317489e+09
 1.03317493e+09 1.03317496e+09 1.03317499e+09 1.03317503e+09
 1.03317506e+09 1.03317509e+09 1.03317513e+09 1.03317516e+09
 1.03317519e+09 1.03317522e+09 1.03317526e+09 1.03317529e+09
 1.03317532e+09 1.03317536e+09 1.03317539e+09 1.03317542e+09
 1.03317546e+09 1.03317549e+09 1.03317552e+09 1.03317555e+09
 1.03317559e+09 1.03317562e+09 1.03317565e+09 1.03317569e+09
 1.03317572e+09 1.03317575e+09 1.03317579e+09 1.03317582e+09
 1.03317585e+09 1.03317588e+09 1.03317592e+09 1.03317595e+09
 1.03317598e+09 1.03317602e+09 1.03317605e+09 1.03317608e+09
 1.03317611e+09 1.03317615e+09 1.03317618e+09 1.03317621e+09
 1.03317625e+09 1.03317628e+09 1.03317631e+09 1.03317635e+09
 1.03317638e+09 1.03317641e+09 1.03317644e+09 1.03317648e+09
 1.03317651e+09 1.03317654e+09 1.03317658e+09 1.03317661e+09
 1.03317664e+09 1.03317668e+09 1.03317671e+09 1.03317674e+09
 1.03317677e+09 1.03317681e+09 1.03317684e+09 1.03317687e+09
 1.03317691e+09 1.03317694e+09 1.03317697e+09 1.03317701e+09]
minRes = 1.5868840473307635
minResTime =  [1.03317701e+09]
