name =JUICE_ROI_CAL_4_4_02
flyby =  ['2033 MAY 10 08:21:32', '2033 MAY 11 08:21:32']
Observation TW =  <SpiceCell dtype = 1, length = 0, size = 3200, card = 12, is_set = 1, adjust = 0, init = 1, base = 2554799733392, data = 2554799733440>
Res(t) =  [3.40391066 3.40060186 3.3972929  3.39398377 3.39067449 3.38736505
 3.38405544 3.38074568 3.37743575 3.37412566 3.37081541 3.367505
 3.36419443 3.3608837  3.35757281 3.35426175 3.35095054 3.34763917
 3.34432763 3.34101593 3.33770408 3.33439206 3.33107988 3.32776755
 3.32445505 3.32114239 3.31782957 3.31451659 3.31120345 3.30789015
 3.30457669 3.30126307 3.29794929 3.29463535 3.29132125 3.28800699
 3.28469257 3.28137799 3.27806325 3.27474834 3.27143328 3.26811806
 3.26480268 3.26148714 3.25817144 3.25485558 3.25153956 3.24822338
 3.24490705 3.24159055 3.23827389 3.23495707 3.2316401  3.22832296
 3.22500566 3.22168821 3.21837059 3.21505282 3.21173489 3.2084168
 3.20509854 3.20178013 3.19846156 3.19514283 3.19182395 3.1885049
 3.18518569 3.18186633 3.1785468  3.17522712 3.17190728 3.16858728
 3.16526712 3.1619468  3.15862632 3.15530568 3.15198489 3.14866393
 3.14534282 3.14202155 3.13870012 3.13537853 3.13205679 3.12873488
 3.12541282 3.1220906  3.11876822 3.11544568 3.11212298 3.10880013
 3.10547711 3.10215394 3.09883061 3.09550712 3.09218348 3.08885967
 3.08553571 3.08221159 3.07888731 3.07556288 3.07223828 3.06891353
 3.06558862 3.06226355 3.05893833 3.05561294 3.0522874  3.0489617
 3.04563585 3.04230983 3.03898366 3.03565733 3.03233084 3.0290042
 3.0256774  3.02235044 3.01902332 3.01569604 3.01236861 3.00904102
 3.00571328 3.00238537 2.99905731 2.99572909 2.99240072 2.98907219
 2.9857435  2.98241465 2.97908565 2.97575648 2.97242717 2.96909769
 2.96576806 2.96243827 2.95910832 2.95577822 2.95244796 2.94911755
 2.94578697 2.94245624 2.93912536 2.93579431 2.93246311 2.92913176
 2.92580025 2.92246858 2.91913675 2.91580477 2.91247263 2.90914033
 2.90580788 2.90247527 2.89914251 2.89580959 2.89247651 2.88914328
 2.88580989 2.88247634 2.87914264 2.87580878 2.87247477 2.8691406
 2.86580627 2.86247179 2.85913715 2.85580236 2.85246741 2.8491323
 2.84579704 2.84246162 2.83912605 2.83579032 2.83245443 2.82911839
 2.82578219 2.82244584 2.81910933 2.81577267 2.81243585 2.80909888
 2.80576175 2.80242446 2.79908702 2.79574942 2.79241167 2.78907376
 2.7857357  2.78239748 2.77905911 2.77572058 2.7723819  2.76904306
 2.76570407 2.76236492 2.75902561 2.75568615 2.75234654 2.74900677
 2.74566684 2.74232676 2.73898653 2.73564614 2.7323056  2.7289649
 2.72562404 2.72228303 2.71894187 2.71560055 2.71225908 2.70891745
 2.70557567 2.70223373 2.69889164 2.69554939 2.69220699 2.68886444
 2.68552173 2.68217886 2.67883584 2.67549267 2.67214934 2.66880586
 2.66546222 2.66211843 2.65877449 2.65543039 2.65208614 2.64874173
 2.64539717 2.64205245 2.63870758 2.63536256 2.63201738 2.62867205
 2.62532656 2.62198092 2.61863512 2.61528918 2.61194307 2.60859682
 2.60525041 2.60190384 2.59855713 2.59521026 2.59186323 2.58851605
 2.58516872 2.58182123 2.57847359 2.5751258  2.57177785 2.56842975
 2.5650815  2.56173309 2.55838453 2.55503582 2.55168695 2.54833793
 2.54498875 2.54163942 2.53828994 2.53494031 2.53159052 2.52824058
 2.52489048 2.52154024 2.51818983 2.51483928 2.51148857 2.50813771
 2.5047867  2.50143553 2.49808421 2.49473274 2.49138112 2.48802934
 2.48467741 2.48132532 2.47797309 2.4746207  2.47126815 2.46791546
 2.46456261 2.46120961 2.45785646 2.45450315 2.45114969 2.44779608
 2.44444232 2.4410884  2.43773433 2.43438011 2.43102573 2.42767121
 2.42431653 2.42096169 2.41760671 2.41425157 2.41089628 2.40754084
 2.40418525 2.4008295  2.39747361 2.39411755 2.39076135 2.387405
 2.38404849 2.38069183 2.37733502 2.37397806 2.37062094 2.36726367
 2.36390625 2.36054868 2.35719096 2.35383308 2.35047506 2.34711688
 2.34375854 2.34040006 2.33704143 2.33368264 2.3303237  2.32696461
 2.32360537 2.32024598 2.31688643 2.31352673 2.31016688 2.30680688
 2.30344673 2.30008643 2.29672597 2.29336537 2.29000461 2.2866437
 2.28328264 2.27992143 2.27656006 2.27319855 2.26983688 2.26647506
 2.26311309 2.25975097 2.2563887  2.25302628 2.2496637  2.24630098
 2.2429381  2.23957507 2.23621189 2.23284856 2.22948508 2.22612145
 2.22275767 2.21939373 2.21602965 2.21266541 2.20930102 2.20593648
 2.20257179 2.19920695 2.19584196 2.19247682 2.18911153 2.18574609
 2.18238049 2.17901475 2.17564885 2.1722828  2.16891661 2.16555026
 2.16218376 2.15881711 2.15545031 2.15208336 2.14871626 2.14534901
 2.14198161 2.13861406 2.13524635 2.1318785  2.1285105  2.12514234
 2.12177404 2.11840559 2.11503698 2.11166823 2.10829932 2.10493026
 2.10156106 2.0981917  2.0948222  2.09145254 2.08808273 2.08471277
 2.08134267 2.07797241 2.074602   2.07123145 2.06786074 2.06448988
 2.06111887 2.05774772 2.05437641 2.05100495 2.04763335 2.04426159
 2.04088968 2.03751762 2.03414542 2.03077306 2.02740056 2.0240279
 2.02065509 2.01728214 2.01390903 2.01053578 2.00716238 2.00378882
 2.00041512 1.99704127 1.99366726 1.99029311 1.98691881 1.98354436
 1.98016976 1.97679501 1.97342011 1.97004506 1.96666986 1.96329451
 1.95991902 1.95654337 1.95316757 1.94979163 1.94641554 1.94303929
 1.9396629  1.93628636 1.93290967 1.92953283 1.92615584 1.9227787
 1.91940141 1.91602397 1.91264639 1.90926865 1.90589077 1.90251274
 1.89913456 1.89575623 1.89237775 1.88899912 1.88562034 1.88224141
 1.87886234 1.87548312 1.87210374 1.86872422 1.86534455 1.86196473
 1.85858477 1.85520465 1.85182438 1.84844397 1.84506341 1.8416827
 1.83830184 1.83492083 1.83153967 1.82815837 1.82477691 1.82139531
 1.81801356 1.81463166 1.81124962 1.80786742 1.80448508 1.80110258
 1.79771994 1.79433715 1.79095422 1.78757113 1.7841879  1.78080451
 1.77742098 1.77403731 1.77065348 1.7672695  1.76388538 1.76050111
 1.75711669 1.75373212 1.75034741 1.74696255 1.74357753 1.74019238
 1.73680707 1.73342161 1.73003601 1.72665026 1.72326436 1.71987832
 1.71649212 1.71310578 1.70971929 1.70633265 1.70294587 1.69955893
 1.69617185 1.69278463 1.68939725 1.68600973 1.68262206 1.67923424
 1.67584627 1.67245816 1.6690699  1.66568149 1.66229293 1.65890423
 1.65551538 1.65212638 1.64873724 1.64534795 1.64195851 1.63856892
 1.63517918 1.6317893  1.62839927 1.6250091  1.62161878 1.61822831
 1.61483769 1.61144692 1.60805601 1.60466496 1.60127375 1.5978824
 1.5944909  1.59109925 1.58770746 1.58431552 1.58092344 1.5775312
 1.57413882 1.5707463  1.56735362 1.5639608  1.56056784 1.55717472
 1.55378146 1.55038806 1.54699451 1.54360081 1.54020696 1.53681297
 1.53341883 1.53002454 1.52663011 1.52323554 1.51984081 1.51644594
 1.51305092 1.50965576 1.50626045 1.502865   1.4994694  1.49607365
 1.49267776 1.48928172 1.48588553 1.4824892  1.47909272 1.4756961
 1.47229933 1.46890242 1.46550536 1.46210815 1.4587108  1.4553133
 1.45191566 1.44851787 1.44511994 1.44172186 1.43832363 1.43492526
 1.43152675 1.42812809 1.42472928 1.42133033 1.41793123 1.41453199
 1.4111326  1.40773307 1.40433339 1.40093357 1.3975336  1.39413349
 1.39073323 1.38733283 1.38393228 1.38053159 1.37713075 1.37372977
 1.37032864 1.36692737 1.36352596 1.3601244  1.35672269 1.35332085
 1.34991885 1.34651672 1.34311443 1.33971201 1.33630944 1.33290672
 1.32950387 1.32610086 1.32269772 1.31929443 1.315891   1.31248742
 1.3090837  1.30567983 1.30227582 1.29887167 1.29546738 1.29206294
 1.28865835 1.28525363 1.28184876 1.27844375 1.27503859 1.27163329
 1.26822785 1.26482227 1.26141654 1.25801067 1.25460466 1.2511985
 1.24779221 1.24438577 1.24097918 1.23757246 1.23416559 1.23075858
 1.22735143 1.22394414 1.2205367  1.21712912 1.2137214  1.21031354
 1.20690554 1.2034974  1.20008911 1.19668068 1.19327212 1.18986341
 1.18645456 1.18304556 1.17963643 1.17622716 1.17281774 1.16940819
 1.16599849 1.16258866 1.15917868 1.15576856 1.15235831 1.14894791
 1.14553738 1.1421267  1.13871588 1.13530493 1.13189383 1.1284826
 1.12507123 1.12165971 1.11824806 1.11483627 1.11142434 1.10801227
 1.10460007 1.10118772 1.09777524 1.09436262 1.09094986 1.08753697
 1.08412393 1.08071076 1.07729745 1.07388401 1.07047042 1.0670567
 1.06364285 1.06022885 1.05681472 1.05340046 1.04998606 1.04657152
 1.04315685 1.03974204 1.03632709 1.03291201 1.0294968  1.02608145
 1.02266597 1.01925035 1.0158346  1.01241871 1.00900269 1.00558654
 1.00217025 0.99875383 0.99533728 0.99192059 0.98850378 0.98508683
 0.98166975 0.97825253 0.97483519 0.97141771 0.9680001  0.96458237
 0.9611645  0.9577465  0.95432837 0.95091011 0.94749173 0.94407321
 0.94065457 0.93723579 0.93381689 0.93039786 0.92697871 0.92355942
 0.92014001 0.91672047 0.91330081 0.90988102 0.90646111 0.90304107
 0.8996209  0.89620062 0.8927802  0.88935967 0.88593901 0.88251823
 0.87909732 0.8756763  0.87225515 0.86883388 0.86541249 0.86199098
 0.85856935 0.85514761 0.85172574 0.84830375 0.84488165 0.84145943
 0.8380371  0.83461464 0.83119208 0.82776939 0.8243466  0.82092369
 0.81750066 0.81407752 0.81065427 0.80723091 0.80380744 0.80038386
 0.79696017 0.79353637 0.79011246 0.78668845 0.78326433 0.7798401
 0.77641577 0.77299133 0.76956679 0.76614215 0.76271741 0.75929256
 0.75586762 0.75244257 0.74901743 0.74559219 0.74216685 0.73874142
 0.73531589 0.73189027 0.72846456 0.72503875 0.72161286 0.71818687
 0.7147608  0.71133464 0.7079084  0.70448207 0.70105565 0.69762916
 0.69420258 0.69077593 0.68734919 0.68392238 0.6804955  0.67706854
 0.67364151 0.67021441 0.66678723 0.66336    0.65993269 0.65650532
 0.65307789 0.6496504  0.64622284 0.64279524 0.63936757 0.63593985
 0.63251208 0.62908427 0.6256564  0.62222849 0.61880054 0.61537254
 0.61194451 0.60851644 0.60508834 0.60166021 0.59823205 0.59480386
 0.59137565 0.58794742 0.58451918 0.58109091 0.57766264 0.57423436
 0.57080607 0.56737779 0.5639495  0.56052122 0.55709295 0.55366469
 0.55023644 0.54680822 0.54465157 0.54122217 0.53779278 0.53436341
 0.53093407 0.52750475 0.52407547 0.52064622 0.51721702 0.51378786
 0.51035876 0.50692971 0.50350073 0.50007181 0.49664297 0.4932142
 0.48978552 0.48635693 0.48292844 0.47950005 0.47607177 0.47264361
 0.46921557 0.46578767 0.46235991 0.45893229 0.45550483 0.45207753
 0.44865041 0.44522347 0.44179672 0.43837017 0.43494383 0.43151771
 0.42809183 0.42466619 0.4212408  0.41781568 0.41439084 0.4109663
 0.40754205 0.40411813 0.40069454 0.3972713  0.39384842 0.39042592
 0.38700382 0.38358214 0.38016088 0.37674008 0.37331974 0.3698999
 0.36648057 0.36306177 0.35964353 0.35622587 0.35280882 0.34939239
 0.34597663 0.34256155 0.33914719 0.33573357 0.33232074 0.32890872
 0.32549754 0.32208726 0.31867789 0.31526949 0.3118621  0.30845575
 0.30505051 0.30164641 0.29824351 0.29484186 0.29144151 0.28804254
 0.28464499 0.28124895 0.27785446 0.27446161 0.27107048 0.26768115
 0.2642937  0.26090822 0.25752481 0.25414357 0.25076461 0.24738805
 0.24401399 0.24064258 0.23727394 0.23390823 0.23054559 0.22718619
 0.2238302  0.22047782 0.21712924 0.21378466 0.21044433 0.20710848
 0.20377738 0.20045129 0.19713054 0.19381544 0.19050633 0.1872036
 0.18390766 0.18061893 0.17733791 0.1740651  0.17080107 0.16754643
 0.16430184 0.16106803 0.1578458  0.15463602 0.15143964 0.14825771
 0.14509141 0.141942   0.13881091 0.13569972 0.13261018 0.12954426
 0.12650414 0.12349228 0.12051148 0.11756485 0.11465596 0.11178885
 0.10896816 0.1061992  0.1034881  0.10084198 0.09826912 0.09577923
 0.09338378 0.0910964  0.0889334  0.08691453 0.08506385 0.0834111
 0.08199347 0.0808582  0.08006643 0.07969902 0.07986586 0.08072138
 0.08249197 0.08552818 0.09041357 0.09822182]
t =  [1.05259816e+09 1.05259820e+09 1.05259825e+09 1.05259829e+09
 1.05259833e+09 1.05259837e+09 1.05259842e+09 1.05259846e+09
 1.05259850e+09 1.05259854e+09 1.05259859e+09 1.05259863e+09
 1.05259867e+09 1.05259872e+09 1.05259876e+09 1.05259880e+09
 1.05259884e+09 1.05259889e+09 1.05259893e+09 1.05259897e+09
 1.05259901e+09 1.05259906e+09 1.05259910e+09 1.05259914e+09
 1.05259918e+09 1.05259923e+09 1.05259927e+09 1.05259931e+09
 1.05259936e+09 1.05259940e+09 1.05259944e+09 1.05259948e+09
 1.05259953e+09 1.05259957e+09 1.05259961e+09 1.05259965e+09
 1.05259970e+09 1.05259974e+09 1.05259978e+09 1.05259982e+09
 1.05259987e+09 1.05259991e+09 1.05259995e+09 1.05259999e+09
 1.05260004e+09 1.05260008e+09 1.05260012e+09 1.05260017e+09
 1.05260021e+09 1.05260025e+09 1.05260029e+09 1.05260034e+09
 1.05260038e+09 1.05260042e+09 1.05260046e+09 1.05260051e+09
 1.05260055e+09 1.05260059e+09 1.05260063e+09 1.05260068e+09
 1.05260072e+09 1.05260076e+09 1.05260080e+09 1.05260085e+09
 1.05260089e+09 1.05260093e+09 1.05260098e+09 1.05260102e+09
 1.05260106e+09 1.05260110e+09 1.05260115e+09 1.05260119e+09
 1.05260123e+09 1.05260127e+09 1.05260132e+09 1.05260136e+09
 1.05260140e+09 1.05260144e+09 1.05260149e+09 1.05260153e+09
 1.05260157e+09 1.05260161e+09 1.05260166e+09 1.05260170e+09
 1.05260174e+09 1.05260179e+09 1.05260183e+09 1.05260187e+09
 1.05260191e+09 1.05260196e+09 1.05260200e+09 1.05260204e+09
 1.05260208e+09 1.05260213e+09 1.05260217e+09 1.05260221e+09
 1.05260225e+09 1.05260230e+09 1.05260234e+09 1.05260238e+09
 1.05260243e+09 1.05260247e+09 1.05260251e+09 1.05260255e+09
 1.05260260e+09 1.05260264e+09 1.05260268e+09 1.05260272e+09
 1.05260277e+09 1.05260281e+09 1.05260285e+09 1.05260289e+09
 1.05260294e+09 1.05260298e+09 1.05260302e+09 1.05260306e+09
 1.05260311e+09 1.05260315e+09 1.05260319e+09 1.05260324e+09
 1.05260328e+09 1.05260332e+09 1.05260336e+09 1.05260341e+09
 1.05260345e+09 1.05260349e+09 1.05260353e+09 1.05260358e+09
 1.05260362e+09 1.05260366e+09 1.05260370e+09 1.05260375e+09
 1.05260379e+09 1.05260383e+09 1.05260387e+09 1.05260392e+09
 1.05260396e+09 1.05260400e+09 1.05260405e+09 1.05260409e+09
 1.05260413e+09 1.05260417e+09 1.05260422e+09 1.05260426e+09
 1.05260430e+09 1.05260434e+09 1.05260439e+09 1.05260443e+09
 1.05260447e+09 1.05260451e+09 1.05260456e+09 1.05260460e+09
 1.05260464e+09 1.05260468e+09 1.05260473e+09 1.05260477e+09
 1.05260481e+09 1.05260486e+09 1.05260490e+09 1.05260494e+09
 1.05260498e+09 1.05260503e+09 1.05260507e+09 1.05260511e+09
 1.05260515e+09 1.05260520e+09 1.05260524e+09 1.05260528e+09
 1.05260532e+09 1.05260537e+09 1.05260541e+09 1.05260545e+09
 1.05260550e+09 1.05260554e+09 1.05260558e+09 1.05260562e+09
 1.05260567e+09 1.05260571e+09 1.05260575e+09 1.05260579e+09
 1.05260584e+09 1.05260588e+09 1.05260592e+09 1.05260596e+09
 1.05260601e+09 1.05260605e+09 1.05260609e+09 1.05260613e+09
 1.05260618e+09 1.05260622e+09 1.05260626e+09 1.05260631e+09
 1.05260635e+09 1.05260639e+09 1.05260643e+09 1.05260648e+09
 1.05260652e+09 1.05260656e+09 1.05260660e+09 1.05260665e+09
 1.05260669e+09 1.05260673e+09 1.05260677e+09 1.05260682e+09
 1.05260686e+09 1.05260690e+09 1.05260694e+09 1.05260699e+09
 1.05260703e+09 1.05260707e+09 1.05260712e+09 1.05260716e+09
 1.05260720e+09 1.05260724e+09 1.05260729e+09 1.05260733e+09
 1.05260737e+09 1.05260741e+09 1.05260746e+09 1.05260750e+09
 1.05260754e+09 1.05260758e+09 1.05260763e+09 1.05260767e+09
 1.05260771e+09 1.05260775e+09 1.05260780e+09 1.05260784e+09
 1.05260788e+09 1.05260793e+09 1.05260797e+09 1.05260801e+09
 1.05260805e+09 1.05260810e+09 1.05260814e+09 1.05260818e+09
 1.05260822e+09 1.05260827e+09 1.05260831e+09 1.05260835e+09
 1.05260839e+09 1.05260844e+09 1.05260848e+09 1.05260852e+09
 1.05260857e+09 1.05260861e+09 1.05260865e+09 1.05260869e+09
 1.05260874e+09 1.05260878e+09 1.05260882e+09 1.05260886e+09
 1.05260891e+09 1.05260895e+09 1.05260899e+09 1.05260903e+09
 1.05260908e+09 1.05260912e+09 1.05260916e+09 1.05260920e+09
 1.05260925e+09 1.05260929e+09 1.05260933e+09 1.05260938e+09
 1.05260942e+09 1.05260946e+09 1.05260950e+09 1.05260955e+09
 1.05260959e+09 1.05260963e+09 1.05260967e+09 1.05260972e+09
 1.05260976e+09 1.05260980e+09 1.05260984e+09 1.05260989e+09
 1.05260993e+09 1.05260997e+09 1.05261001e+09 1.05261006e+09
 1.05261010e+09 1.05261014e+09 1.05261019e+09 1.05261023e+09
 1.05261027e+09 1.05261031e+09 1.05261036e+09 1.05261040e+09
 1.05261044e+09 1.05261048e+09 1.05261053e+09 1.05261057e+09
 1.05261061e+09 1.05261065e+09 1.05261070e+09 1.05261074e+09
 1.05261078e+09 1.05261082e+09 1.05261087e+09 1.05261091e+09
 1.05261095e+09 1.05261100e+09 1.05261104e+09 1.05261108e+09
 1.05261112e+09 1.05261117e+09 1.05261121e+09 1.05261125e+09
 1.05261129e+09 1.05261134e+09 1.05261138e+09 1.05261142e+09
 1.05261146e+09 1.05261151e+09 1.05261155e+09 1.05261159e+09
 1.05261164e+09 1.05261168e+09 1.05261172e+09 1.05261176e+09
 1.05261181e+09 1.05261185e+09 1.05261189e+09 1.05261193e+09
 1.05261198e+09 1.05261202e+09 1.05261206e+09 1.05261210e+09
 1.05261215e+09 1.05261219e+09 1.05261223e+09 1.05261227e+09
 1.05261232e+09 1.05261236e+09 1.05261240e+09 1.05261245e+09
 1.05261249e+09 1.05261253e+09 1.05261257e+09 1.05261262e+09
 1.05261266e+09 1.05261270e+09 1.05261274e+09 1.05261279e+09
 1.05261283e+09 1.05261287e+09 1.05261291e+09 1.05261296e+09
 1.05261300e+09 1.05261304e+09 1.05261308e+09 1.05261313e+09
 1.05261317e+09 1.05261321e+09 1.05261326e+09 1.05261330e+09
 1.05261334e+09 1.05261338e+09 1.05261343e+09 1.05261347e+09
 1.05261351e+09 1.05261355e+09 1.05261360e+09 1.05261364e+09
 1.05261368e+09 1.05261372e+09 1.05261377e+09 1.05261381e+09
 1.05261385e+09 1.05261389e+09 1.05261394e+09 1.05261398e+09
 1.05261402e+09 1.05261407e+09 1.05261411e+09 1.05261415e+09
 1.05261419e+09 1.05261424e+09 1.05261428e+09 1.05261432e+09
 1.05261436e+09 1.05261441e+09 1.05261445e+09 1.05261449e+09
 1.05261453e+09 1.05261458e+09 1.05261462e+09 1.05261466e+09
 1.05261471e+09 1.05261475e+09 1.05261479e+09 1.05261483e+09
 1.05261488e+09 1.05261492e+09 1.05261496e+09 1.05261500e+09
 1.05261505e+09 1.05261509e+09 1.05261513e+09 1.05261517e+09
 1.05261522e+09 1.05261526e+09 1.05261530e+09 1.05261534e+09
 1.05261539e+09 1.05261543e+09 1.05261547e+09 1.05261552e+09
 1.05261556e+09 1.05261560e+09 1.05261564e+09 1.05261569e+09
 1.05261573e+09 1.05261577e+09 1.05261581e+09 1.05261586e+09
 1.05261590e+09 1.05261594e+09 1.05261598e+09 1.05261603e+09
 1.05261607e+09 1.05261611e+09 1.05261615e+09 1.05261620e+09
 1.05261624e+09 1.05261628e+09 1.05261633e+09 1.05261637e+09
 1.05261641e+09 1.05261645e+09 1.05261650e+09 1.05261654e+09
 1.05261658e+09 1.05261662e+09 1.05261667e+09 1.05261671e+09
 1.05261675e+09 1.05261679e+09 1.05261684e+09 1.05261688e+09
 1.05261692e+09 1.05261696e+09 1.05261701e+09 1.05261705e+09
 1.05261709e+09 1.05261714e+09 1.05261718e+09 1.05261722e+09
 1.05261726e+09 1.05261731e+09 1.05261735e+09 1.05261739e+09
 1.05261743e+09 1.05261748e+09 1.05261752e+09 1.05261756e+09
 1.05261760e+09 1.05261765e+09 1.05261769e+09 1.05261773e+09
 1.05261778e+09 1.05261782e+09 1.05261786e+09 1.05261790e+09
 1.05261795e+09 1.05261799e+09 1.05261803e+09 1.05261807e+09
 1.05261812e+09 1.05261816e+09 1.05261820e+09 1.05261824e+09
 1.05261829e+09 1.05261833e+09 1.05261837e+09 1.05261841e+09
 1.05261846e+09 1.05261850e+09 1.05261854e+09 1.05261859e+09
 1.05261863e+09 1.05261867e+09 1.05261871e+09 1.05261876e+09
 1.05261880e+09 1.05261884e+09 1.05261888e+09 1.05261893e+09
 1.05261897e+09 1.05261901e+09 1.05261905e+09 1.05261910e+09
 1.05261914e+09 1.05261918e+09 1.05261922e+09 1.05261927e+09
 1.05261931e+09 1.05261935e+09 1.05261940e+09 1.05261944e+09
 1.05261948e+09 1.05261952e+09 1.05261957e+09 1.05261961e+09
 1.05261965e+09 1.05261969e+09 1.05261974e+09 1.05261978e+09
 1.05261982e+09 1.05261986e+09 1.05261991e+09 1.05261995e+09
 1.05261999e+09 1.05262003e+09 1.05262008e+09 1.05262012e+09
 1.05262016e+09 1.05262021e+09 1.05262025e+09 1.05262029e+09
 1.05262033e+09 1.05262038e+09 1.05262042e+09 1.05262046e+09
 1.05262050e+09 1.05262055e+09 1.05262059e+09 1.05262063e+09
 1.05262067e+09 1.05262072e+09 1.05262076e+09 1.05262080e+09
 1.05262085e+09 1.05262089e+09 1.05262093e+09 1.05262097e+09
 1.05262102e+09 1.05262106e+09 1.05262110e+09 1.05262114e+09
 1.05262119e+09 1.05262123e+09 1.05262127e+09 1.05262131e+09
 1.05262136e+09 1.05262140e+09 1.05262144e+09 1.05262148e+09
 1.05262153e+09 1.05262157e+09 1.05262161e+09 1.05262166e+09
 1.05262170e+09 1.05262174e+09 1.05262178e+09 1.05262183e+09
 1.05262187e+09 1.05262191e+09 1.05262195e+09 1.05262200e+09
 1.05262204e+09 1.05262208e+09 1.05262212e+09 1.05262217e+09
 1.05262221e+09 1.05262225e+09 1.05262229e+09 1.05262234e+09
 1.05262238e+09 1.05262242e+09 1.05262247e+09 1.05262251e+09
 1.05262255e+09 1.05262259e+09 1.05262264e+09 1.05262268e+09
 1.05262272e+09 1.05262276e+09 1.05262281e+09 1.05262285e+09
 1.05262289e+09 1.05262293e+09 1.05262298e+09 1.05262302e+09
 1.05262306e+09 1.05262310e+09 1.05262315e+09 1.05262319e+09
 1.05262323e+09 1.05262328e+09 1.05262332e+09 1.05262336e+09
 1.05262340e+09 1.05262345e+09 1.05262349e+09 1.05262353e+09
 1.05262357e+09 1.05262362e+09 1.05262366e+09 1.05262370e+09
 1.05262374e+09 1.05262379e+09 1.05262383e+09 1.05262387e+09
 1.05262392e+09 1.05262396e+09 1.05262400e+09 1.05262404e+09
 1.05262409e+09 1.05262413e+09 1.05262417e+09 1.05262421e+09
 1.05262426e+09 1.05262430e+09 1.05262434e+09 1.05262438e+09
 1.05262443e+09 1.05262447e+09 1.05262451e+09 1.05262455e+09
 1.05262460e+09 1.05262464e+09 1.05262468e+09 1.05262473e+09
 1.05262477e+09 1.05262481e+09 1.05262485e+09 1.05262490e+09
 1.05262494e+09 1.05262498e+09 1.05262502e+09 1.05262507e+09
 1.05262511e+09 1.05262515e+09 1.05262519e+09 1.05262524e+09
 1.05262528e+09 1.05262532e+09 1.05262536e+09 1.05262541e+09
 1.05262545e+09 1.05262549e+09 1.05262554e+09 1.05262558e+09
 1.05262562e+09 1.05262566e+09 1.05262571e+09 1.05262575e+09
 1.05262579e+09 1.05262583e+09 1.05262588e+09 1.05262592e+09
 1.05262596e+09 1.05262600e+09 1.05262605e+09 1.05262609e+09
 1.05262613e+09 1.05262617e+09 1.05262622e+09 1.05262626e+09
 1.05262630e+09 1.05262635e+09 1.05262639e+09 1.05262643e+09
 1.05262647e+09 1.05262652e+09 1.05262656e+09 1.05262660e+09
 1.05262664e+09 1.05262669e+09 1.05262673e+09 1.05262677e+09
 1.05262681e+09 1.05262686e+09 1.05262690e+09 1.05262694e+09
 1.05262699e+09 1.05262703e+09 1.05262707e+09 1.05262711e+09
 1.05262716e+09 1.05262720e+09 1.05262724e+09 1.05262728e+09
 1.05262733e+09 1.05262737e+09 1.05262741e+09 1.05262745e+09
 1.05262750e+09 1.05262754e+09 1.05262758e+09 1.05262762e+09
 1.05262767e+09 1.05262771e+09 1.05262775e+09 1.05262780e+09
 1.05262784e+09 1.05262788e+09 1.05262792e+09 1.05262797e+09
 1.05262801e+09 1.05262805e+09 1.05262809e+09 1.05262814e+09
 1.05262818e+09 1.05262822e+09 1.05262826e+09 1.05262831e+09
 1.05262835e+09 1.05262839e+09 1.05262843e+09 1.05262848e+09
 1.05262852e+09 1.05262856e+09 1.05262861e+09 1.05262865e+09
 1.05262869e+09 1.05262873e+09 1.05262878e+09 1.05262882e+09
 1.05262886e+09 1.05262890e+09 1.05262895e+09 1.05262899e+09
 1.05262903e+09 1.05262907e+09 1.05262912e+09 1.05262916e+09
 1.05262920e+09 1.05262924e+09 1.05262929e+09 1.05262933e+09
 1.05262937e+09 1.05262942e+09 1.05262946e+09 1.05262950e+09
 1.05262954e+09 1.05262959e+09 1.05262963e+09 1.05262967e+09
 1.05262971e+09 1.05262976e+09 1.05262980e+09 1.05262984e+09
 1.05262988e+09 1.05262993e+09 1.05262997e+09 1.05263001e+09
 1.05263006e+09 1.05263010e+09 1.05263014e+09 1.05263018e+09
 1.05263023e+09 1.05263027e+09 1.05263031e+09 1.05263035e+09
 1.05263040e+09 1.05263044e+09 1.05263048e+09 1.05263052e+09
 1.05263057e+09 1.05263061e+09 1.05263065e+09 1.05263069e+09
 1.05263074e+09 1.05263078e+09 1.05263082e+09 1.05263087e+09
 1.05263091e+09 1.05263095e+09 1.05263099e+09 1.05263104e+09
 1.05263108e+09 1.05263112e+09 1.05263116e+09 1.05263121e+09
 1.05263125e+09 1.05263129e+09 1.05263133e+09 1.05263138e+09
 1.05263142e+09 1.05263146e+09 1.05263150e+09 1.05263155e+09
 1.05263159e+09 1.05263163e+09 1.05263168e+09 1.05263172e+09
 1.05263176e+09 1.05263180e+09 1.05263185e+09 1.05263189e+09
 1.05263193e+09 1.05263197e+09 1.05263202e+09 1.05263206e+09
 1.05263210e+09 1.05263214e+09 1.05263219e+09 1.05263223e+09
 1.05263227e+09 1.05263231e+09 1.05263236e+09 1.05263240e+09
 1.05263244e+09 1.05263249e+09 1.05263253e+09 1.05263257e+09
 1.05263261e+09 1.05263266e+09 1.05263270e+09 1.05263274e+09
 1.05263278e+09 1.05263283e+09 1.05263287e+09 1.05263291e+09
 1.05263295e+09 1.05263300e+09 1.05263304e+09 1.05263308e+09
 1.05263313e+09 1.05263317e+09 1.05263321e+09 1.05263325e+09
 1.05263330e+09 1.05263334e+09 1.05263338e+09 1.05263342e+09
 1.05263347e+09 1.05263351e+09 1.05263355e+09 1.05263359e+09
 1.05263364e+09 1.05263368e+09 1.05263372e+09 1.05263376e+09
 1.05263381e+09 1.05263385e+09 1.05263389e+09 1.05263394e+09
 1.05263398e+09 1.05263402e+09 1.05263406e+09 1.05263411e+09
 1.05263415e+09 1.05263419e+09 1.05263423e+09 1.05263428e+09
 1.05263432e+09 1.05263436e+09 1.05263440e+09 1.05263445e+09
 1.05263449e+09 1.05263453e+09 1.05263457e+09 1.05263462e+09
 1.05263466e+09 1.05263470e+09 1.05263475e+09 1.05263479e+09
 1.05263483e+09 1.05263487e+09 1.05263492e+09 1.05263496e+09
 1.05263500e+09 1.05263504e+09 1.05263509e+09 1.05263513e+09
 1.05263517e+09 1.05263521e+09 1.05263526e+09 1.05263530e+09
 1.05263534e+09 1.05263538e+09 1.05263543e+09 1.05263547e+09
 1.05263551e+09 1.05263556e+09 1.05263560e+09 1.05263564e+09
 1.05263568e+09 1.05263573e+09 1.05263577e+09 1.05263581e+09
 1.05263585e+09 1.05263590e+09 1.05263594e+09 1.05263598e+09
 1.05263602e+09 1.05263607e+09 1.05263611e+09 1.05263615e+09
 1.05263620e+09 1.05263624e+09 1.05263628e+09 1.05263632e+09
 1.05263637e+09 1.05263641e+09 1.05263645e+09 1.05263649e+09
 1.05263654e+09 1.05263658e+09 1.05263662e+09 1.05263666e+09
 1.05263671e+09 1.05263675e+09 1.05263679e+09 1.05263683e+09
 1.05263688e+09 1.05263692e+09 1.05263696e+09 1.05263701e+09
 1.05263705e+09 1.05263709e+09 1.05263713e+09 1.05263718e+09
 1.05263722e+09 1.05263726e+09 1.05263730e+09 1.05263735e+09
 1.05263739e+09 1.05263743e+09 1.05263747e+09 1.05263752e+09
 1.05263756e+09 1.05263760e+09 1.05263764e+09 1.05263769e+09
 1.05263773e+09 1.05263777e+09 1.05263782e+09 1.05263786e+09
 1.05263790e+09 1.05263794e+09 1.05263799e+09 1.05263803e+09
 1.05263807e+09 1.05263811e+09 1.05263816e+09 1.05263820e+09
 1.05263824e+09 1.05263828e+09 1.05263833e+09 1.05263837e+09
 1.05263841e+09 1.05263845e+09 1.05263850e+09 1.05263854e+09
 1.05263858e+09 1.05263863e+09 1.05263867e+09 1.05263871e+09
 1.05263875e+09 1.05263880e+09 1.05263884e+09 1.05263888e+09
 1.05263892e+09 1.05263897e+09 1.05263901e+09 1.05263905e+09
 1.05263909e+09 1.05263914e+09 1.05263918e+09 1.05263922e+09
 1.05263927e+09 1.05263931e+09 1.05263935e+09 1.05263939e+09
 1.05263944e+09 1.05263948e+09 1.05263952e+09 1.05263956e+09
 1.05263961e+09 1.05263965e+09 1.05263969e+09 1.05263973e+09
 1.05263978e+09 1.05263982e+09 1.05263986e+09 1.05263990e+09
 1.05263995e+09 1.05263999e+09 1.05264003e+09 1.05264008e+09
 1.05264012e+09 1.05264016e+09 1.05264020e+09 1.05264025e+09
 1.05264029e+09 1.05264033e+09 1.05264037e+09 1.05264042e+09
 1.05264046e+09 1.05264050e+09 1.05264054e+09 1.05264059e+09
 1.05264063e+09 1.05264067e+09 1.05264071e+09 1.05264076e+09]
minRes = 0.07969902117860087
minResTime =  [1.0526405e+09]
