name =JUICE_ROI_CAL_5_0_08
flyby =  ['2032 OCT 30 14:21:22', '2032 OCT 31 14:21:22']
Observation TW =  <SpiceCell dtype = 1, length = 0, size = 3000, card = 10, is_set = 1, adjust = 0, init = 1, base = 2554802985616, data = 2554802985664>
Res(t) =  [3.49383634 3.49033561 3.486835   3.48333451 3.47983414 3.47633388
 3.47283375 3.46933373 3.46583382 3.46233404 3.45883437 3.45533482
 3.45183538 3.44833606 3.44483685 3.44133776 3.43783879 3.43433992
 3.43084117 3.42734254 3.42384402 3.42034561 3.41684731 3.41334912
 3.40985105 3.40635309 3.40285524 3.3993575  3.39585987 3.39236235
 3.38886494 3.38536764 3.38187045 3.37837336 3.37487639 3.37137952
 3.36788277 3.36438611 3.36088957 3.35739313 3.3538968  3.35040058
 3.34690446 3.34340844 3.33991253 3.33641673 3.33292103 3.32942543
 3.32592994 3.32243455 3.31893926 3.31544408 3.311949   3.30845402
 3.30495914 3.30146437 3.29796969 3.29447512 3.29098064 3.28748627
 3.28399199 3.28049782 3.27700374 3.27350976 3.27001588 3.2665221
 3.26302841 3.25953483 3.25604134 3.25254794 3.24905465 3.24556145
 3.24206834 3.23857533 3.23508241 3.23158959 3.22809687 3.22460423
 3.22111169 3.21761925 3.2141269  3.21063463 3.20714247 3.20365039
 3.20015841 3.19666651 3.19317471 3.189683   3.18619138 3.18269984
 3.1792084  3.17571705 3.17222579 3.16873461 3.16524352 3.16175252
 3.15826161 3.15477079 3.15128005 3.1477894  3.14429884 3.14080836
 3.13731797 3.13382766 3.13033744 3.1268473  3.12335724 3.11986727
 3.11637739 3.11288759 3.10939787 3.10590823 3.10241867 3.0989292
 3.09543981 3.0919505  3.08846127 3.08497212 3.08148305 3.07799407
 3.07450516 3.07101633 3.06752758 3.06403891 3.06055031 3.0570618
 3.05357336 3.050085   3.04659672 3.04310851 3.03962038 3.03613233
 3.03264435 3.02915645 3.02566862 3.02218087 3.01869319 3.01520559
 3.01171805 3.0082306  3.00474321 3.0012559  2.99776866 2.9942815
 2.9907944  2.98730738 2.98382042 2.98033354 2.97684673 2.97335999
 2.96987332 2.96638672 2.96290018 2.95941372 2.95592732 2.952441
 2.94895474 2.94546855 2.94198242 2.93849636 2.93501037 2.93152445
 2.92803859 2.92455279 2.92106707 2.9175814  2.9140958  2.91061027
 2.9071248  2.90363939 2.90015405 2.89666877 2.89318355 2.88969839
 2.8862133  2.88272827 2.87924329 2.87575838 2.87227354 2.86878875
 2.86530402 2.86181935 2.85833474 2.85485019 2.8513657  2.84788126
 2.84439689 2.84091257 2.83742831 2.83394411 2.83045996 2.82697587
 2.82349184 2.82000786 2.81652393 2.81304007 2.80955625 2.8060725
 2.80258879 2.79910514 2.79562155 2.792138   2.78865451 2.78517108
 2.78168769 2.77820436 2.77472107 2.77123784 2.76775466 2.76427154
 2.76078846 2.75730543 2.75382245 2.75033952 2.74685664 2.74337381
 2.73989102 2.73640829 2.7329256  2.72944296 2.72596037 2.72247782
 2.71899532 2.71551287 2.71203046 2.7085481  2.70506578 2.70158351
 2.69810128 2.69461909 2.69113695 2.68765486 2.68417281 2.6806908
 2.67720883 2.6737269  2.67024502 2.66676318 2.66328138 2.65979962
 2.6563179  2.65283622 2.64935458 2.64587298 2.64239142 2.6389099
 2.63542842 2.63194698 2.62846557 2.62498421 2.62150288 2.61802159
 2.61454033 2.61105911 2.60757793 2.60409678 2.60061567 2.59713459
 2.59365355 2.59017254 2.58669157 2.58321063 2.57972973 2.57624886
 2.57276802 2.56928721 2.56580644 2.5623257  2.55884499 2.55536431
 2.55188366 2.54840305 2.54492246 2.5414419  2.53796138 2.53448088
 2.53100041 2.52751997 2.52403956 2.52055918 2.51707883 2.5135985
 2.5101182  2.50663793 2.50315768 2.49967747 2.49619727 2.4927171
 2.48923696 2.48575684 2.48227675 2.47879668 2.47531664 2.47183662
 2.46835662 2.46487665 2.4613967  2.45791677 2.45443686 2.45095698
 2.44747712 2.44399727 2.44051745 2.43703765 2.43355787 2.43007811
 2.42659837 2.42311865 2.41963895 2.41615927 2.4126796  2.40919995
 2.40572032 2.40224071 2.39876112 2.39528154 2.39180198 2.38832243
 2.3848429  2.38136339 2.37788389 2.37440441 2.37092494 2.36744548
 2.36396604 2.36048661 2.3570072  2.3535278  2.35004841 2.34656903
 2.34308967 2.33961031 2.33613097 2.33265164 2.32917232 2.32569301
 2.32221372 2.31873443 2.31525515 2.31177588 2.30829662 2.30481736
 2.30133812 2.29785888 2.29437965 2.29090043 2.28742121 2.28394201
 2.2804628  2.27698361 2.27350442 2.27002523 2.26654605 2.26306688
 2.25958771 2.25610854 2.25262938 2.24915022 2.24567106 2.24219191
 2.23871276 2.23523361 2.23175446 2.22827532 2.22479617 2.22131703
 2.21783789 2.21435875 2.2108796  2.20740046 2.20392132 2.20044217
 2.19696303 2.19348388 2.19000473 2.18652558 2.18304643 2.17956727
 2.17608811 2.17260895 2.16912979 2.16565061 2.16217144 2.15869226
 2.15521308 2.15173389 2.14825469 2.14477549 2.14129628 2.13781706
 2.13433784 2.13085861 2.12737938 2.12390013 2.12042088 2.11694162
 2.11346235 2.10998307 2.10650378 2.10302448 2.09954517 2.09606586
 2.09258653 2.08910718 2.08562783 2.08214847 2.07866909 2.0751897
 2.0717103  2.06823089 2.06475146 2.06127202 2.05779257 2.0543131
 2.05083362 2.04735412 2.0438746  2.04039508 2.03691553 2.03343597
 2.02995639 2.0264768  2.02299719 2.01951756 2.01603791 2.01255825
 2.00907857 2.00559887 2.00211915 1.99863941 1.99515965 1.99167987
 1.98820007 1.98472025 1.98124041 1.97776055 1.97428067 1.97080076
 1.96732083 1.96384088 1.96036091 1.95688092 1.9534009  1.94992085
 1.94644079 1.9429607  1.93948058 1.93600044 1.93252027 1.92904008
 1.92555986 1.92207962 1.91859935 1.91511905 1.91163873 1.90815838
 1.904678   1.90119759 1.89771715 1.89423668 1.89075619 1.88727567
 1.88379511 1.88031453 1.87683391 1.87335327 1.86987259 1.86639188
 1.86291114 1.85943037 1.85594957 1.85246873 1.84898786 1.84550696
 1.84202603 1.83854505 1.83506405 1.83158301 1.82810194 1.82462083
 1.82113968 1.8176585  1.81417729 1.81069603 1.80721474 1.80373342
 1.80025205 1.79677065 1.79328921 1.78980773 1.78632621 1.78284466
 1.77936306 1.77588143 1.77239975 1.76891803 1.76543628 1.76195448
 1.75847264 1.75499076 1.75150884 1.74802687 1.74454486 1.74106281
 1.73758072 1.73409858 1.7306164  1.72713418 1.72365191 1.72016959
 1.71668723 1.71320483 1.70972237 1.70623988 1.70275733 1.69927474
 1.6957921  1.69230942 1.68882669 1.6853439  1.68186107 1.6783782
 1.67489527 1.67141229 1.66792926 1.66444619 1.66096306 1.65747988
 1.65399665 1.65051337 1.64703004 1.64354666 1.64006322 1.63657973
 1.63309619 1.62961259 1.62612895 1.62264524 1.61916148 1.61567767
 1.61219381 1.60870988 1.60522591 1.60174187 1.59825778 1.59477363
 1.59128943 1.58780517 1.58432085 1.58083647 1.57735204 1.57386755
 1.57038299 1.56689838 1.56341371 1.55992898 1.55644419 1.55295933
 1.54947442 1.54598945 1.54250441 1.53901931 1.53553415 1.53204893
 1.52856364 1.5250783  1.52159288 1.51810741 1.51462187 1.51113626
 1.50765059 1.50416485 1.50067905 1.49719319 1.49370725 1.49022125
 1.48673519 1.48324905 1.47976285 1.47627658 1.47279024 1.46930383
 1.46581736 1.46233081 1.4588442  1.45535751 1.45187076 1.44838393
 1.44489704 1.44141007 1.43792303 1.43443592 1.43094873 1.42746148
 1.42397415 1.42048674 1.41699927 1.41351171 1.41002409 1.40653639
 1.40304861 1.39956076 1.39607284 1.39258483 1.38909675 1.3856086
 1.38212036 1.37863205 1.37514366 1.3716552  1.36816665 1.36467803
 1.36118932 1.35770054 1.35421167 1.35072273 1.34723371 1.3437446
 1.34025541 1.33676614 1.33327679 1.32978736 1.32629784 1.32280824
 1.31931856 1.3158288  1.31233895 1.30884901 1.30535899 1.30186888
 1.29837869 1.29488842 1.29139805 1.2879076  1.28441707 1.28092644
 1.27743573 1.27394493 1.27045404 1.26696306 1.263472   1.25998084
 1.25648959 1.25299826 1.24950683 1.24601531 1.2425237  1.239032
 1.23554021 1.23204832 1.22855634 1.22506427 1.22157211 1.21807985
 1.2145875  1.21109505 1.2076025  1.20410987 1.20061713 1.1971243
 1.19363138 1.19013835 1.18664523 1.18315201 1.1796587  1.17616528
 1.17267177 1.16917816 1.16568444 1.16219063 1.15869672 1.15520271
 1.15170859 1.14821438 1.14472006 1.14122564 1.13773112 1.1342365
 1.13074177 1.12724694 1.12375201 1.12025697 1.11676182 1.11326657
 1.10977122 1.10627576 1.10278019 1.09928452 1.09578874 1.09229285
 1.08879685 1.08530075 1.08180454 1.07830822 1.07481178 1.07131524
 1.06781859 1.06432183 1.06082496 1.05732798 1.05383088 1.05033367
 1.04683635 1.04333892 1.03984137 1.03634371 1.03284594 1.02934805
 1.02585005 1.02235193 1.01885369 1.01535534 1.01185687 1.00835829
 1.00485959 1.00136077 0.99786183 0.99436278 0.9908636  0.98736431
 0.98386489 0.98036536 0.9768657  0.97336593 0.96986603 0.96636601
 0.96286587 0.95936561 0.95586522 0.95236471 0.94886408 0.94536332
 0.94186244 0.93836143 0.93486029 0.93135903 0.92785765 0.92435614
 0.9208545  0.91735273 0.91385083 0.91034881 0.90684666 0.90334437
 0.89984196 0.89633942 0.89283675 0.88933395 0.88583101 0.88232794
 0.87882475 0.87532141 0.87181795 0.86831435 0.86481062 0.86130675
 0.85780275 0.85429861 0.85079434 0.84728993 0.84378539 0.84028071
 0.83677589 0.83327093 0.82976584 0.8262606  0.82275523 0.81924972
 0.81574406 0.81223827 0.80873234 0.80522626 0.80172004 0.79821368
 0.79470718 0.79120054 0.78769375 0.78418682 0.78067974 0.77717252
 0.77366516 0.77015764 0.76664999 0.76314218 0.75963423 0.75612613
 0.75261789 0.74910949 0.74560095 0.74209226 0.73858342 0.73507443
 0.73156529 0.72805599 0.72454655 0.72103696 0.71752721 0.71401731
 0.71050726 0.70699706 0.7034867  0.69997619 0.69646552 0.6929547
 0.68944372 0.68593259 0.6824213  0.67890986 0.67539826 0.6718865
 0.66837458 0.66486251 0.66135028 0.65783789 0.65432534 0.65081263
 0.64729976 0.64378673 0.64027354 0.63676019 0.63324668 0.62973301
 0.62621918 0.62270518 0.61919102 0.6156767  0.61216222 0.60864757
 0.60497823 0.60146256 0.59794671 0.5944307  0.59091452 0.58739816
 0.58388164 0.58036494 0.57684808 0.57333104 0.56981383 0.56629644
 0.56277889 0.55926116 0.55574326 0.55222518 0.54870693 0.54518851
 0.54166992 0.53815115 0.5346322  0.53111308 0.52759379 0.52407432
 0.52055468 0.51703487 0.51351488 0.50999471 0.50647437 0.50295385
 0.49943316 0.4959123  0.49239126 0.48887005 0.48534866 0.4818271
 0.47830537 0.47478346 0.47126139 0.46773913 0.46421671 0.46069412
 0.45717135 0.45364842 0.45012531 0.44660203 0.44307859 0.43955498
 0.43603121 0.43250726 0.42898316 0.42545889 0.42193445 0.41840986
 0.41488511 0.41136019 0.40783513 0.4043099  0.40078453 0.397259
 0.39373332 0.3902075  0.38668153 0.38315542 0.37962917 0.37610278
 0.37257625 0.3690496  0.36552282 0.36199591 0.35846888 0.35494174
 0.35141448 0.34788711 0.34435964 0.34083207 0.33730441 0.33377666
 0.33024883 0.32672092 0.32319294 0.3196649  0.3161368  0.31260866
 0.30908047 0.30555226 0.30202403 0.29849578 0.29496754 0.29143931
 0.2879111  0.28438292 0.2808548  0.27732674 0.27379876 0.27027087
 0.2667431  0.26321546 0.25968797 0.25616065 0.25263353 0.24910662
 0.24557996 0.24205357 0.23852748 0.23500172 0.23147633 0.22795134
 0.22442678 0.22090271 0.21737916 0.21385619 0.21033384 0.20681216
 0.20329123 0.19977109 0.19625183 0.19273351 0.18921622 0.18570004
 0.18218507 0.17867141 0.17515917 0.17164848 0.16813946 0.16463227
 0.16112705 0.15762399 0.15412327 0.1506251  0.14712971 0.14363735
 0.14014831 0.13666288 0.13318141 0.12970428 0.12623192 0.12276479
 0.11930343 0.11584843 0.11240046 0.10896028 0.10552873 0.10210679
 0.09869558 0.09529636 0.09191059 0.08853996 0.08518644 0.0818523
 0.07854022 0.07525337 0.07199547 0.06877102 0.06558537 0.06244505
 0.05935801 0.05633405 0.05338536 0.05052726 0.04777922 0.0451663
 0.04272112 0.04048689 0.03852167 0.03690513 0.03574914 0.03521605
 0.03555259 0.03716178 0.04078136 0.04803746]
t =  [1.03603095e+09 1.03603099e+09 1.03603103e+09 1.03603107e+09
 1.03603111e+09 1.03603115e+09 1.03603119e+09 1.03603123e+09
 1.03603127e+09 1.03603130e+09 1.03603134e+09 1.03603138e+09
 1.03603142e+09 1.03603146e+09 1.03603150e+09 1.03603154e+09
 1.03603158e+09 1.03603162e+09 1.03603166e+09 1.03603170e+09
 1.03603174e+09 1.03603178e+09 1.03603182e+09 1.03603185e+09
 1.03603189e+09 1.03603193e+09 1.03603197e+09 1.03603201e+09
 1.03603205e+09 1.03603209e+09 1.03603213e+09 1.03603217e+09
 1.03603221e+09 1.03603225e+09 1.03603229e+09 1.03603233e+09
 1.03603237e+09 1.03603240e+09 1.03603244e+09 1.03603248e+09
 1.03603252e+09 1.03603256e+09 1.03603260e+09 1.03603264e+09
 1.03603268e+09 1.03603272e+09 1.03603276e+09 1.03603280e+09
 1.03603284e+09 1.03603288e+09 1.03603292e+09 1.03603295e+09
 1.03603299e+09 1.03603303e+09 1.03603307e+09 1.03603311e+09
 1.03603315e+09 1.03603319e+09 1.03603323e+09 1.03603327e+09
 1.03603331e+09 1.03603335e+09 1.03603339e+09 1.03603343e+09
 1.03603347e+09 1.03603351e+09 1.03603354e+09 1.03603358e+09
 1.03603362e+09 1.03603366e+09 1.03603370e+09 1.03603374e+09
 1.03603378e+09 1.03603382e+09 1.03603386e+09 1.03603390e+09
 1.03603394e+09 1.03603398e+09 1.03603402e+09 1.03603406e+09
 1.03603409e+09 1.03603413e+09 1.03603417e+09 1.03603421e+09
 1.03603425e+09 1.03603429e+09 1.03603433e+09 1.03603437e+09
 1.03603441e+09 1.03603445e+09 1.03603449e+09 1.03603453e+09
 1.03603457e+09 1.03603461e+09 1.03603464e+09 1.03603468e+09
 1.03603472e+09 1.03603476e+09 1.03603480e+09 1.03603484e+09
 1.03603488e+09 1.03603492e+09 1.03603496e+09 1.03603500e+09
 1.03603504e+09 1.03603508e+09 1.03603512e+09 1.03603516e+09
 1.03603519e+09 1.03603523e+09 1.03603527e+09 1.03603531e+09
 1.03603535e+09 1.03603539e+09 1.03603543e+09 1.03603547e+09
 1.03603551e+09 1.03603555e+09 1.03603559e+09 1.03603563e+09
 1.03603567e+09 1.03603571e+09 1.03603574e+09 1.03603578e+09
 1.03603582e+09 1.03603586e+09 1.03603590e+09 1.03603594e+09
 1.03603598e+09 1.03603602e+09 1.03603606e+09 1.03603610e+09
 1.03603614e+09 1.03603618e+09 1.03603622e+09 1.03603626e+09
 1.03603629e+09 1.03603633e+09 1.03603637e+09 1.03603641e+09
 1.03603645e+09 1.03603649e+09 1.03603653e+09 1.03603657e+09
 1.03603661e+09 1.03603665e+09 1.03603669e+09 1.03603673e+09
 1.03603677e+09 1.03603681e+09 1.03603684e+09 1.03603688e+09
 1.03603692e+09 1.03603696e+09 1.03603700e+09 1.03603704e+09
 1.03603708e+09 1.03603712e+09 1.03603716e+09 1.03603720e+09
 1.03603724e+09 1.03603728e+09 1.03603732e+09 1.03603736e+09
 1.03603739e+09 1.03603743e+09 1.03603747e+09 1.03603751e+09
 1.03603755e+09 1.03603759e+09 1.03603763e+09 1.03603767e+09
 1.03603771e+09 1.03603775e+09 1.03603779e+09 1.03603783e+09
 1.03603787e+09 1.03603791e+09 1.03603794e+09 1.03603798e+09
 1.03603802e+09 1.03603806e+09 1.03603810e+09 1.03603814e+09
 1.03603818e+09 1.03603822e+09 1.03603826e+09 1.03603830e+09
 1.03603834e+09 1.03603838e+09 1.03603842e+09 1.03603846e+09
 1.03603849e+09 1.03603853e+09 1.03603857e+09 1.03603861e+09
 1.03603865e+09 1.03603869e+09 1.03603873e+09 1.03603877e+09
 1.03603881e+09 1.03603885e+09 1.03603889e+09 1.03603893e+09
 1.03603897e+09 1.03603901e+09 1.03603904e+09 1.03603908e+09
 1.03603912e+09 1.03603916e+09 1.03603920e+09 1.03603924e+09
 1.03603928e+09 1.03603932e+09 1.03603936e+09 1.03603940e+09
 1.03603944e+09 1.03603948e+09 1.03603952e+09 1.03603956e+09
 1.03603959e+09 1.03603963e+09 1.03603967e+09 1.03603971e+09
 1.03603975e+09 1.03603979e+09 1.03603983e+09 1.03603987e+09
 1.03603991e+09 1.03603995e+09 1.03603999e+09 1.03604003e+09
 1.03604007e+09 1.03604011e+09 1.03604014e+09 1.03604018e+09
 1.03604022e+09 1.03604026e+09 1.03604030e+09 1.03604034e+09
 1.03604038e+09 1.03604042e+09 1.03604046e+09 1.03604050e+09
 1.03604054e+09 1.03604058e+09 1.03604062e+09 1.03604066e+09
 1.03604070e+09 1.03604073e+09 1.03604077e+09 1.03604081e+09
 1.03604085e+09 1.03604089e+09 1.03604093e+09 1.03604097e+09
 1.03604101e+09 1.03604105e+09 1.03604109e+09 1.03604113e+09
 1.03604117e+09 1.03604121e+09 1.03604125e+09 1.03604128e+09
 1.03604132e+09 1.03604136e+09 1.03604140e+09 1.03604144e+09
 1.03604148e+09 1.03604152e+09 1.03604156e+09 1.03604160e+09
 1.03604164e+09 1.03604168e+09 1.03604172e+09 1.03604176e+09
 1.03604180e+09 1.03604183e+09 1.03604187e+09 1.03604191e+09
 1.03604195e+09 1.03604199e+09 1.03604203e+09 1.03604207e+09
 1.03604211e+09 1.03604215e+09 1.03604219e+09 1.03604223e+09
 1.03604227e+09 1.03604231e+09 1.03604235e+09 1.03604238e+09
 1.03604242e+09 1.03604246e+09 1.03604250e+09 1.03604254e+09
 1.03604258e+09 1.03604262e+09 1.03604266e+09 1.03604270e+09
 1.03604274e+09 1.03604278e+09 1.03604282e+09 1.03604286e+09
 1.03604290e+09 1.03604293e+09 1.03604297e+09 1.03604301e+09
 1.03604305e+09 1.03604309e+09 1.03604313e+09 1.03604317e+09
 1.03604321e+09 1.03604325e+09 1.03604329e+09 1.03604333e+09
 1.03604337e+09 1.03604341e+09 1.03604345e+09 1.03604348e+09
 1.03604352e+09 1.03604356e+09 1.03604360e+09 1.03604364e+09
 1.03604368e+09 1.03604372e+09 1.03604376e+09 1.03604380e+09
 1.03604384e+09 1.03604388e+09 1.03604392e+09 1.03604396e+09
 1.03604400e+09 1.03604403e+09 1.03604407e+09 1.03604411e+09
 1.03604415e+09 1.03604419e+09 1.03604423e+09 1.03604427e+09
 1.03604431e+09 1.03604435e+09 1.03604439e+09 1.03604443e+09
 1.03604447e+09 1.03604451e+09 1.03604455e+09 1.03604458e+09
 1.03604462e+09 1.03604466e+09 1.03604470e+09 1.03604474e+09
 1.03604478e+09 1.03604482e+09 1.03604486e+09 1.03604490e+09
 1.03604494e+09 1.03604498e+09 1.03604502e+09 1.03604506e+09
 1.03604510e+09 1.03604513e+09 1.03604517e+09 1.03604521e+09
 1.03604525e+09 1.03604529e+09 1.03604533e+09 1.03604537e+09
 1.03604541e+09 1.03604545e+09 1.03604549e+09 1.03604553e+09
 1.03604557e+09 1.03604561e+09 1.03604565e+09 1.03604568e+09
 1.03604572e+09 1.03604576e+09 1.03604580e+09 1.03604584e+09
 1.03604588e+09 1.03604592e+09 1.03604596e+09 1.03604600e+09
 1.03604604e+09 1.03604608e+09 1.03604612e+09 1.03604616e+09
 1.03604620e+09 1.03604623e+09 1.03604627e+09 1.03604631e+09
 1.03604635e+09 1.03604639e+09 1.03604643e+09 1.03604647e+09
 1.03604651e+09 1.03604655e+09 1.03604659e+09 1.03604663e+09
 1.03604667e+09 1.03604671e+09 1.03604675e+09 1.03604678e+09
 1.03604682e+09 1.03604686e+09 1.03604690e+09 1.03604694e+09
 1.03604698e+09 1.03604702e+09 1.03604706e+09 1.03604710e+09
 1.03604714e+09 1.03604718e+09 1.03604722e+09 1.03604726e+09
 1.03604730e+09 1.03604733e+09 1.03604737e+09 1.03604741e+09
 1.03604745e+09 1.03604749e+09 1.03604753e+09 1.03604757e+09
 1.03604761e+09 1.03604765e+09 1.03604769e+09 1.03604773e+09
 1.03604777e+09 1.03604781e+09 1.03604785e+09 1.03604789e+09
 1.03604792e+09 1.03604796e+09 1.03604800e+09 1.03604804e+09
 1.03604808e+09 1.03604812e+09 1.03604816e+09 1.03604820e+09
 1.03604824e+09 1.03604828e+09 1.03604832e+09 1.03604836e+09
 1.03604840e+09 1.03604844e+09 1.03604847e+09 1.03604851e+09
 1.03604855e+09 1.03604859e+09 1.03604863e+09 1.03604867e+09
 1.03604871e+09 1.03604875e+09 1.03604879e+09 1.03604883e+09
 1.03604887e+09 1.03604891e+09 1.03604895e+09 1.03604899e+09
 1.03604902e+09 1.03604906e+09 1.03604910e+09 1.03604914e+09
 1.03604918e+09 1.03604922e+09 1.03604926e+09 1.03604930e+09
 1.03604934e+09 1.03604938e+09 1.03604942e+09 1.03604946e+09
 1.03604950e+09 1.03604954e+09 1.03604957e+09 1.03604961e+09
 1.03604965e+09 1.03604969e+09 1.03604973e+09 1.03604977e+09
 1.03604981e+09 1.03604985e+09 1.03604989e+09 1.03604993e+09
 1.03604997e+09 1.03605001e+09 1.03605005e+09 1.03605009e+09
 1.03605012e+09 1.03605016e+09 1.03605020e+09 1.03605024e+09
 1.03605028e+09 1.03605032e+09 1.03605036e+09 1.03605040e+09
 1.03605044e+09 1.03605048e+09 1.03605052e+09 1.03605056e+09
 1.03605060e+09 1.03605064e+09 1.03605067e+09 1.03605071e+09
 1.03605075e+09 1.03605079e+09 1.03605083e+09 1.03605087e+09
 1.03605091e+09 1.03605095e+09 1.03605099e+09 1.03605103e+09
 1.03605107e+09 1.03605111e+09 1.03605115e+09 1.03605119e+09
 1.03605122e+09 1.03605126e+09 1.03605130e+09 1.03605134e+09
 1.03605138e+09 1.03605142e+09 1.03605146e+09 1.03605150e+09
 1.03605154e+09 1.03605158e+09 1.03605162e+09 1.03605166e+09
 1.03605170e+09 1.03605174e+09 1.03605177e+09 1.03605181e+09
 1.03605185e+09 1.03605189e+09 1.03605193e+09 1.03605197e+09
 1.03605201e+09 1.03605205e+09 1.03605209e+09 1.03605213e+09
 1.03605217e+09 1.03605221e+09 1.03605225e+09 1.03605229e+09
 1.03605232e+09 1.03605236e+09 1.03605240e+09 1.03605244e+09
 1.03605248e+09 1.03605252e+09 1.03605256e+09 1.03605260e+09
 1.03605264e+09 1.03605268e+09 1.03605272e+09 1.03605276e+09
 1.03605280e+09 1.03605284e+09 1.03605287e+09 1.03605291e+09
 1.03605295e+09 1.03605299e+09 1.03605303e+09 1.03605307e+09
 1.03605311e+09 1.03605315e+09 1.03605319e+09 1.03605323e+09
 1.03605327e+09 1.03605331e+09 1.03605335e+09 1.03605339e+09
 1.03605342e+09 1.03605346e+09 1.03605350e+09 1.03605354e+09
 1.03605358e+09 1.03605362e+09 1.03605366e+09 1.03605370e+09
 1.03605374e+09 1.03605378e+09 1.03605382e+09 1.03605386e+09
 1.03605390e+09 1.03605394e+09 1.03605397e+09 1.03605401e+09
 1.03605405e+09 1.03605409e+09 1.03605413e+09 1.03605417e+09
 1.03605421e+09 1.03605425e+09 1.03605429e+09 1.03605433e+09
 1.03605437e+09 1.03605441e+09 1.03605445e+09 1.03605449e+09
 1.03605452e+09 1.03605456e+09 1.03605460e+09 1.03605464e+09
 1.03605468e+09 1.03605472e+09 1.03605476e+09 1.03605480e+09
 1.03605484e+09 1.03605488e+09 1.03605492e+09 1.03605496e+09
 1.03605500e+09 1.03605504e+09 1.03605507e+09 1.03605511e+09
 1.03605515e+09 1.03605519e+09 1.03605523e+09 1.03605527e+09
 1.03605531e+09 1.03605535e+09 1.03605539e+09 1.03605543e+09
 1.03605547e+09 1.03605551e+09 1.03605555e+09 1.03605559e+09
 1.03605563e+09 1.03605566e+09 1.03605570e+09 1.03605574e+09
 1.03605578e+09 1.03605582e+09 1.03605586e+09 1.03605590e+09
 1.03605594e+09 1.03605598e+09 1.03605602e+09 1.03605606e+09
 1.03605610e+09 1.03605614e+09 1.03605618e+09 1.03605621e+09
 1.03605625e+09 1.03605629e+09 1.03605633e+09 1.03605637e+09
 1.03605641e+09 1.03605645e+09 1.03605649e+09 1.03605653e+09
 1.03605657e+09 1.03605661e+09 1.03605665e+09 1.03605669e+09
 1.03605673e+09 1.03605676e+09 1.03605680e+09 1.03605684e+09
 1.03605688e+09 1.03605692e+09 1.03605696e+09 1.03605700e+09
 1.03605704e+09 1.03605708e+09 1.03605712e+09 1.03605716e+09
 1.03605720e+09 1.03605724e+09 1.03605728e+09 1.03605731e+09
 1.03605735e+09 1.03605739e+09 1.03605743e+09 1.03605747e+09
 1.03605751e+09 1.03605755e+09 1.03605759e+09 1.03605763e+09
 1.03605767e+09 1.03605771e+09 1.03605775e+09 1.03605779e+09
 1.03605783e+09 1.03605786e+09 1.03605790e+09 1.03605794e+09
 1.03605798e+09 1.03605802e+09 1.03605806e+09 1.03605810e+09
 1.03605814e+09 1.03605818e+09 1.03605822e+09 1.03605826e+09
 1.03605830e+09 1.03605834e+09 1.03605838e+09 1.03605841e+09
 1.03605845e+09 1.03605849e+09 1.03605853e+09 1.03605857e+09
 1.03605861e+09 1.03605865e+09 1.03605869e+09 1.03605873e+09
 1.03605877e+09 1.03605881e+09 1.03605885e+09 1.03605889e+09
 1.03605893e+09 1.03605896e+09 1.03605900e+09 1.03605904e+09
 1.03605908e+09 1.03605912e+09 1.03605916e+09 1.03605920e+09
 1.03605924e+09 1.03605928e+09 1.03605932e+09 1.03605936e+09
 1.03605940e+09 1.03605944e+09 1.03605948e+09 1.03605951e+09
 1.03605955e+09 1.03605959e+09 1.03605963e+09 1.03605967e+09
 1.03605971e+09 1.03605975e+09 1.03605979e+09 1.03605983e+09
 1.03605987e+09 1.03605991e+09 1.03605995e+09 1.03605999e+09
 1.03606003e+09 1.03606006e+09 1.03606010e+09 1.03606014e+09
 1.03606018e+09 1.03606022e+09 1.03606026e+09 1.03606030e+09
 1.03606034e+09 1.03606038e+09 1.03606042e+09 1.03606046e+09
 1.03606050e+09 1.03606054e+09 1.03606058e+09 1.03606061e+09
 1.03606065e+09 1.03606069e+09 1.03606073e+09 1.03606077e+09
 1.03606081e+09 1.03606085e+09 1.03606089e+09 1.03606093e+09
 1.03606097e+09 1.03606101e+09 1.03606105e+09 1.03606109e+09
 1.03606113e+09 1.03606116e+09 1.03606120e+09 1.03606124e+09
 1.03606128e+09 1.03606132e+09 1.03606136e+09 1.03606140e+09
 1.03606144e+09 1.03606148e+09 1.03606152e+09 1.03606156e+09
 1.03606160e+09 1.03606164e+09 1.03606168e+09 1.03606171e+09
 1.03606175e+09 1.03606179e+09 1.03606183e+09 1.03606187e+09
 1.03606191e+09 1.03606195e+09 1.03606199e+09 1.03606203e+09
 1.03606207e+09 1.03606211e+09 1.03606215e+09 1.03606219e+09
 1.03606223e+09 1.03606226e+09 1.03606230e+09 1.03606234e+09
 1.03606238e+09 1.03606242e+09 1.03606246e+09 1.03606250e+09
 1.03606254e+09 1.03606258e+09 1.03606262e+09 1.03606266e+09
 1.03606270e+09 1.03606274e+09 1.03606278e+09 1.03606282e+09
 1.03606285e+09 1.03606289e+09 1.03606293e+09 1.03606297e+09
 1.03606301e+09 1.03606305e+09 1.03606309e+09 1.03606313e+09
 1.03606317e+09 1.03606321e+09 1.03606325e+09 1.03606329e+09
 1.03606333e+09 1.03606337e+09 1.03606340e+09 1.03606344e+09
 1.03606348e+09 1.03606352e+09 1.03606356e+09 1.03606360e+09
 1.03606364e+09 1.03606368e+09 1.03606372e+09 1.03606376e+09
 1.03606380e+09 1.03606384e+09 1.03606388e+09 1.03606392e+09
 1.03606395e+09 1.03606399e+09 1.03606403e+09 1.03606407e+09
 1.03606411e+09 1.03606415e+09 1.03606419e+09 1.03606423e+09
 1.03606427e+09 1.03606431e+09 1.03606435e+09 1.03606439e+09
 1.03606443e+09 1.03606447e+09 1.03606450e+09 1.03606454e+09
 1.03606458e+09 1.03606462e+09 1.03606466e+09 1.03606470e+09
 1.03606474e+09 1.03606478e+09 1.03606482e+09 1.03606486e+09
 1.03606490e+09 1.03606494e+09 1.03606498e+09 1.03606502e+09
 1.03606505e+09 1.03606509e+09 1.03606513e+09 1.03606517e+09
 1.03606521e+09 1.03606525e+09 1.03606529e+09 1.03606533e+09
 1.03606537e+09 1.03606541e+09 1.03606545e+09 1.03606549e+09
 1.03606553e+09 1.03606557e+09 1.03606560e+09 1.03606564e+09
 1.03606568e+09 1.03606572e+09 1.03606576e+09 1.03606580e+09
 1.03606584e+09 1.03606588e+09 1.03606592e+09 1.03606596e+09
 1.03606600e+09 1.03606604e+09 1.03606608e+09 1.03606612e+09
 1.03606615e+09 1.03606619e+09 1.03606623e+09 1.03606627e+09
 1.03606631e+09 1.03606635e+09 1.03606639e+09 1.03606643e+09
 1.03606647e+09 1.03606651e+09 1.03606655e+09 1.03606659e+09
 1.03606663e+09 1.03606667e+09 1.03606670e+09 1.03606674e+09
 1.03606678e+09 1.03606682e+09 1.03606686e+09 1.03606690e+09
 1.03606694e+09 1.03606698e+09 1.03606702e+09 1.03606706e+09
 1.03606710e+09 1.03606714e+09 1.03606718e+09 1.03606722e+09
 1.03606725e+09 1.03606729e+09 1.03606733e+09 1.03606737e+09
 1.03606741e+09 1.03606745e+09 1.03606749e+09 1.03606753e+09
 1.03606757e+09 1.03606761e+09 1.03606765e+09 1.03606769e+09
 1.03606773e+09 1.03606777e+09 1.03606780e+09 1.03606784e+09
 1.03606788e+09 1.03606792e+09 1.03606796e+09 1.03606800e+09
 1.03606804e+09 1.03606808e+09 1.03606812e+09 1.03606816e+09
 1.03606820e+09 1.03606824e+09 1.03606828e+09 1.03606832e+09
 1.03606835e+09 1.03606839e+09 1.03606843e+09 1.03606847e+09
 1.03606851e+09 1.03606855e+09 1.03606859e+09 1.03606863e+09
 1.03606867e+09 1.03606871e+09 1.03606875e+09 1.03606879e+09
 1.03606883e+09 1.03606887e+09 1.03606890e+09 1.03606894e+09
 1.03606898e+09 1.03606902e+09 1.03606906e+09 1.03606910e+09
 1.03606914e+09 1.03606918e+09 1.03606922e+09 1.03606926e+09
 1.03606930e+09 1.03606934e+09 1.03606938e+09 1.03606942e+09
 1.03606945e+09 1.03606949e+09 1.03606953e+09 1.03606957e+09
 1.03606961e+09 1.03606965e+09 1.03606969e+09 1.03606973e+09
 1.03606977e+09 1.03606981e+09 1.03606985e+09 1.03606989e+09
 1.03606993e+09 1.03606997e+09 1.03607001e+09 1.03607004e+09
 1.03607008e+09 1.03607012e+09 1.03607016e+09 1.03607020e+09]
minRes = 0.03521604552579671
minResTime =  [1.03607004e+09]
