name =JUICE_ROI_CAL_4_3_11
flyby =  ['2033 JUL 16 02:11:44', '2033 JUL 17 02:11:44']
Observation TW =  <SpiceCell dtype = 1, length = 0, size = 3000, card = 10, is_set = 1, adjust = 0, init = 1, base = 2554799128624, data = 2554799128672>
Res(t) =  [6.43289969 6.43167912 6.43045851 6.42923786 6.42801717 6.42679643
 6.42557566 6.42435484 6.42313398 6.42191308 6.42069215 6.41947117
 6.41825014 6.41702908 6.41580798 6.41458684 6.41336565 6.41214443
 6.41092316 6.40970185 6.40848051 6.40725912 6.40603769 6.40481622
 6.4035947  6.40237315 6.40115156 6.39992992 6.39870825 6.39748653
 6.39626477 6.39504297 6.39382113 6.39259925 6.39137733 6.39015537
 6.38893337 6.38771132 6.38648924 6.38526711 6.38404494 6.38282273
 6.38160049 6.38037819 6.37915586 6.37793349 6.37671108 6.37548862
 6.37426613 6.37304359 6.37182101 6.37059839 6.36937574 6.36815303
 6.36693029 6.36570751 6.36448469 6.36326182 6.36203892 6.36081597
 6.35959298 6.35836995 6.35714688 6.35592377 6.35470062 6.35347742
 6.35225419 6.35103091 6.3498076  6.34858424 6.34736084 6.3461374
 6.34491392 6.3436904  6.34246683 6.34124323 6.34001958 6.3387959
 6.33757217 6.3363484  6.33512459 6.33390074 6.33267685 6.33145291
 6.33022894 6.32900492 6.32778087 6.32655677 6.32533263 6.32410845
 6.32288423 6.32165997 6.32043566 6.31921132 6.31798693 6.3167625
 6.31553804 6.31431353 6.31308898 6.31186438 6.31063975 6.30941508
 6.30819036 6.3069656  6.30574081 6.30451597 6.30329109 6.30206616
 6.3008412  6.2996162  6.29839115 6.29716606 6.29594094 6.29471577
 6.29349056 6.29226531 6.29104001 6.28981468 6.2885893  6.28736389
 6.28613843 6.28491293 6.28368739 6.28246181 6.28123619 6.28001052
 6.27878482 6.27755907 6.27633328 6.27510745 6.27388158 6.27265567
 6.27142972 6.27020372 6.26897769 6.26775161 6.26652549 6.26529933
 6.26407313 6.26284689 6.26162061 6.26039428 6.25916791 6.25794151
 6.25671506 6.25548857 6.25426204 6.25303546 6.25180885 6.25058219
 6.2493555  6.24812876 6.24690198 6.24567516 6.24444829 6.24322139
 6.24199445 6.24076746 6.23954043 6.23831336 6.23708625 6.2358591
 6.23463191 6.23340467 6.23217739 6.23095008 6.22972272 6.22849532
 6.22726788 6.22604039 6.22481287 6.2235853  6.22235769 6.22113004
 6.21990235 6.21867462 6.21744685 6.21621903 6.21499118 6.21376328
 6.21253534 6.21130736 6.21007934 6.20885128 6.20762317 6.20639502
 6.20516684 6.20393861 6.20271034 6.20148202 6.20025367 6.19902527
 6.19779684 6.19656836 6.19533984 6.19411128 6.19288268 6.19165403
 6.19042535 6.18919662 6.18796785 6.18673904 6.18551019 6.1842813
 6.18305236 6.18182338 6.18059437 6.17936531 6.17813621 6.17690706
 6.17567788 6.17444865 6.17321939 6.17199008 6.17076073 6.16953134
 6.1683019  6.16707243 6.16584291 6.16461335 6.16338375 6.16215411
 6.16092443 6.1596947  6.15846494 6.15723513 6.15600528 6.15477539
 6.15354546 6.15231549 6.15108547 6.14985541 6.14862531 6.14739517
 6.14616499 6.14493477 6.1437045  6.1424742  6.14124385 6.14001346
 6.13878303 6.13755255 6.13632204 6.13509148 6.13386088 6.13263024
 6.13139956 6.13016884 6.12893807 6.12770727 6.12647642 6.12524553
 6.1240146  6.12278362 6.12155261 6.12032155 6.11909045 6.11785931
 6.11662813 6.11539691 6.11416564 6.11293433 6.11170299 6.1104716
 6.10924016 6.10800869 6.10677717 6.10554562 6.10431402 6.10308238
 6.1018507  6.10061897 6.09938721 6.0981554  6.09692355 6.09569166
 6.09445973 6.09322775 6.09199573 6.09076368 6.08953158 6.08829944
 6.08706725 6.08583503 6.08460276 6.08337045 6.0821381  6.08090571
 6.07967328 6.0784408  6.07720828 6.07597572 6.07474312 6.07351048
 6.07227779 6.07104507 6.0698123  6.06857949 6.06734664 6.06611374
 6.06488081 6.06364783 6.06241481 6.06118175 6.05994865 6.0587155
 6.05748232 6.05624909 6.05501582 6.05378251 6.05254915 6.05131576
 6.05008232 6.04884884 6.04761532 6.04638175 6.04514815 6.0439145
 6.04268081 6.04144708 6.04021331 6.0389795  6.03774564 6.03651174
 6.0352778  6.03404382 6.0328098  6.03157573 6.03034162 6.02910747
 6.02787328 6.02663905 6.02540477 6.02417045 6.0229361  6.02170169
 6.02046725 6.01923277 6.01799824 6.01676367 6.01552906 6.01429441
 6.01305971 6.01182498 6.0105902  6.00935538 6.00812051 6.00688561
 6.00565066 6.00441567 6.00318064 6.00194557 6.00071046 5.9994753
 5.9982401  5.99700486 5.99576958 5.99453426 5.99329889 5.99206348
 5.99082803 5.98959254 5.98835701 5.98712143 5.98588581 5.98465015
 5.98341445 5.98217871 5.98094292 5.97970709 5.97847122 5.97723531
 5.97599935 5.97476336 5.97352732 5.97229124 5.97105512 5.96981895
 5.96858275 5.9673465  5.96611021 5.96487387 5.9636375  5.96240108
 5.96116462 5.95992812 5.95869158 5.95745499 5.95621837 5.9549817
 5.95374499 5.95250823 5.95127144 5.9500346  5.94879772 5.9475608
 5.94632383 5.94508683 5.94384978 5.94261269 5.94137556 5.94013838
 5.93890117 5.93766391 5.93642661 5.93518926 5.93395188 5.93271445
 5.93147698 5.93023947 5.92900192 5.92776432 5.92652668 5.925289
 5.92405128 5.92281352 5.92157571 5.92033786 5.91909997 5.91786204
 5.91662406 5.91538604 5.91414799 5.91290988 5.91167174 5.91043355
 5.90919533 5.90795705 5.90671874 5.90548039 5.90424199 5.90300355
 5.90176507 5.90052655 5.89928798 5.89804937 5.89681072 5.89557203
 5.89433329 5.89309452 5.8918557  5.89061684 5.88937793 5.88813899
 5.8869     5.88566097 5.8844219  5.88318278 5.88194363 5.88070443
 5.87946519 5.8782259  5.87698658 5.87574721 5.8745078  5.87326834
 5.87202885 5.87078931 5.86954973 5.86831011 5.86707045 5.86583074
 5.86459099 5.8633512  5.86211137 5.86087149 5.85963157 5.85839161
 5.85715161 5.85591157 5.85467148 5.85343135 5.85219118 5.85095096
 5.84971071 5.84847041 5.84723007 5.84598968 5.84474926 5.84350879
 5.84226828 5.84102773 5.83978713 5.8385465  5.83730582 5.83606509
 5.83482433 5.83358352 5.83234267 5.83110178 5.82986085 5.82861987
 5.82737885 5.82613779 5.82489669 5.82365554 5.82241436 5.82117313
 5.81993185 5.81869054 5.81744918 5.81620778 5.81496634 5.81372485
 5.81248333 5.81124176 5.81000015 5.80875849 5.8075168  5.80627506
 5.80503327 5.80379145 5.80254958 5.80130768 5.80006572 5.79882373
 5.79758169 5.79633962 5.7950975  5.79385533 5.79261313 5.79137088
 5.79012859 5.78888625 5.78764388 5.78640146 5.785159   5.7839165
 5.78267395 5.78143137 5.78018873 5.77894606 5.77770335 5.77646059
 5.77521779 5.77397495 5.77273206 5.77148913 5.77024616 5.76900315
 5.7677601  5.766517   5.76527386 5.76403068 5.76278745 5.76154418
 5.76030087 5.75905752 5.75781413 5.75657069 5.75532721 5.75408369
 5.75284012 5.75159651 5.75035286 5.74910917 5.74786544 5.74662166
 5.74537784 5.74413398 5.74289007 5.74164612 5.74040213 5.7391581
 5.73791402 5.73666991 5.73542574 5.73418154 5.7329373  5.73169301
 5.73044868 5.7292043  5.72795989 5.72671543 5.72547093 5.72422638
 5.7229818  5.72173717 5.7204925  5.71924778 5.71800303 5.71675823
 5.71551339 5.7142685  5.71302357 5.71177861 5.71053359 5.70928854
 5.70804344 5.7067983  5.70555312 5.70430789 5.70306263 5.70181731
 5.70057196 5.69932657 5.69808113 5.69683565 5.69559012 5.69434456
 5.69309895 5.6918533  5.6906076  5.68936187 5.68811609 5.68687026
 5.6856244  5.68437849 5.68313254 5.68188655 5.68064051 5.67939444
 5.67814831 5.67690215 5.67565595 5.6744097  5.67316341 5.67191707
 5.67067069 5.66942428 5.66817781 5.66693131 5.66568476 5.66443817
 5.66319154 5.66194486 5.66069814 5.65945138 5.65820458 5.65695773
 5.65571084 5.65446391 5.65321694 5.65196992 5.65072286 5.64947576
 5.64822861 5.64698142 5.64573419 5.64448692 5.6432396  5.64199225
 5.64074484 5.6394974  5.63824991 5.63700238 5.63575481 5.63450719
 5.63325954 5.63201183 5.63076409 5.6295163  5.62826848 5.6270206
 5.62577269 5.62452473 5.62327673 5.62202869 5.6207806  5.61953247
 5.6182843  5.61703609 5.61578783 5.61453953 5.61329119 5.6120428
 5.61079438 5.60954591 5.60829739 5.60704884 5.60580024 5.60455159
 5.60330291 5.60205418 5.60080541 5.5995566  5.59830774 5.59705884
 5.5958099  5.59456092 5.59331189 5.59206282 5.59081371 5.58956455
 5.58831535 5.58706611 5.58581683 5.5845675  5.58331813 5.58206872
 5.58081926 5.57956976 5.57832022 5.57707064 5.57582101 5.57457134
 5.57332163 5.57207187 5.57082208 5.56957223 5.56832235 5.56707242
 5.56582245 5.56457244 5.56332238 5.56207229 5.56082215 5.55957196
 5.55832173 5.55707146 5.55582115 5.5545708  5.5533204  5.55206996
 5.55081947 5.54956894 5.54831837 5.54706776 5.54581711 5.54456641
 5.54331566 5.54206488 5.54081405 5.53956318 5.53831227 5.53706131
 5.53581031 5.53455927 5.53330819 5.53205706 5.53080589 5.52955467
 5.52830342 5.52705212 5.52580077 5.52454939 5.52329796 5.52204649
 5.52079498 5.51954342 5.51829182 5.51704018 5.51578849 5.51453676
 5.51328499 5.51203317 5.51078132 5.50952941 5.50827747 5.50702548
 5.50577345 5.50452138 5.50326927 5.50201711 5.50076491 5.49951266
 5.49826037 5.49700804 5.49575567 5.49450325 5.49325079 5.49199829
 5.49074575 5.48949316 5.48824053 5.48698785 5.48573514 5.48448238
 5.48322957 5.48197673 5.48072384 5.4794709  5.47821793 5.47696491
 5.47571185 5.47445875 5.4732056  5.47195241 5.47069917 5.4694459
 5.46819258 5.46693922 5.46568581 5.46443236 5.46317887 5.46192534
 5.46067176 5.45941814 5.45816448 5.45691077 5.45565702 5.45440323
 5.45314939 5.45189551 5.45064159 5.44938763 5.44813362 5.44687957
 5.44562547 5.44437134 5.44311716 5.44186293 5.44060867 5.43935436
 5.4381     5.43684561 5.43559117 5.43433669 5.43308217 5.4318276
 5.43057299 5.42931833 5.42806364 5.4268089  5.42555411 5.42429929
 5.42304442 5.42178951 5.42053455 5.41927955 5.41802451 5.41676943
 5.4155143  5.41425913 5.41300392 5.41174866 5.41049336 5.40923802
 5.40798263 5.4067272  5.40547173 5.40421621 5.40296065 5.40170505
 5.40044941 5.39919372 5.39793799 5.39668221 5.3954264  5.39417054
 5.39291463 5.39165869 5.3904027  5.38914666 5.38789059 5.38663447
 5.38537831 5.3841221  5.38286585 5.38160956 5.38035323 5.37909685
 5.37784043 5.37658396 5.37532746 5.37407091 5.37281431 5.37155768
 5.370301   5.36904427 5.36778751 5.3665307  5.36527385 5.36401695
 5.36276001 5.36150303 5.36024601 5.35898894 5.35773183 5.35647467
 5.35521747 5.35396023 5.35270295 5.35144562 5.35018825 5.34893084
 5.34767338 5.34641588 5.34515834 5.34390075 5.34264312 5.34138545
 5.34012774 5.33886998 5.33761217 5.33635433 5.33509644 5.33383851
 5.33258053 5.33132252 5.33006446 5.32880635 5.3275482  5.32629001
 5.32503178 5.3237735  5.32251518 5.32125682 5.31999841 5.31873996
 5.31748147 5.31622293 5.31496435 5.31370573 5.31244706 5.31118835
 5.3099296  5.30867081 5.30741197 5.30615309 5.30489416 5.30363519
 5.30237618 5.30111713 5.29985803 5.29859889 5.2973397  5.29608048
 5.2948212  5.29356189 5.29230253 5.29104313 5.28978369 5.2885242
 5.28726467 5.2860051  5.28474548 5.28348582 5.28222612 5.28096637
 5.27970658 5.27844675 5.27718687 5.27592695 5.27466699 5.27340698
 5.27214694 5.27088684 5.26962671 5.26836653 5.26710631 5.26584604
 5.26458573 5.26332538 5.26206498 5.26080455 5.25954406 5.25828354
 5.25702297 5.25576236 5.25450171 5.25324101 5.25198027 5.25071948
 5.24945865 5.24819778 5.24693687 5.24567591 5.24441491 5.24315387
 5.24189278 5.24063165 5.23937048 5.23810926 5.236848   5.23558669
 5.23432535 5.23306396 5.23180252 5.23054105 5.22927953 5.22801796
 5.22675636 5.22549471 5.22423301 5.22297128 5.2217095  5.22044767
 5.21918581 5.2179239  5.21666195 5.21539995 5.21413791 5.21287583
 5.2116137  5.21035153 5.20908932 5.20782706 5.20656476 5.20530242
 5.20404004 5.20277761 5.20151513 5.20025262 5.19899006 5.19772746
 5.19646481 5.19520212 5.19393939 5.19267662]
t =  [1.05836477e+09 1.05836478e+09 1.05836479e+09 1.05836480e+09
 1.05836481e+09 1.05836482e+09 1.05836483e+09 1.05836484e+09
 1.05836485e+09 1.05836486e+09 1.05836487e+09 1.05836488e+09
 1.05836489e+09 1.05836490e+09 1.05836491e+09 1.05836492e+09
 1.05836493e+09 1.05836494e+09 1.05836495e+09 1.05836495e+09
 1.05836496e+09 1.05836497e+09 1.05836498e+09 1.05836499e+09
 1.05836500e+09 1.05836501e+09 1.05836502e+09 1.05836503e+09
 1.05836504e+09 1.05836505e+09 1.05836506e+09 1.05836507e+09
 1.05836508e+09 1.05836509e+09 1.05836510e+09 1.05836511e+09
 1.05836512e+09 1.05836513e+09 1.05836514e+09 1.05836515e+09
 1.05836516e+09 1.05836516e+09 1.05836517e+09 1.05836518e+09
 1.05836519e+09 1.05836520e+09 1.05836521e+09 1.05836522e+09
 1.05836523e+09 1.05836524e+09 1.05836525e+09 1.05836526e+09
 1.05836527e+09 1.05836528e+09 1.05836529e+09 1.05836530e+09
 1.05836531e+09 1.05836532e+09 1.05836533e+09 1.05836534e+09
 1.05836535e+09 1.05836536e+09 1.05836537e+09 1.05836537e+09
 1.05836538e+09 1.05836539e+09 1.05836540e+09 1.05836541e+09
 1.05836542e+09 1.05836543e+09 1.05836544e+09 1.05836545e+09
 1.05836546e+09 1.05836547e+09 1.05836548e+09 1.05836549e+09
 1.05836550e+09 1.05836551e+09 1.05836552e+09 1.05836553e+09
 1.05836554e+09 1.05836555e+09 1.05836556e+09 1.05836557e+09
 1.05836558e+09 1.05836558e+09 1.05836559e+09 1.05836560e+09
 1.05836561e+09 1.05836562e+09 1.05836563e+09 1.05836564e+09
 1.05836565e+09 1.05836566e+09 1.05836567e+09 1.05836568e+09
 1.05836569e+09 1.05836570e+09 1.05836571e+09 1.05836572e+09
 1.05836573e+09 1.05836574e+09 1.05836575e+09 1.05836576e+09
 1.05836577e+09 1.05836578e+09 1.05836579e+09 1.05836579e+09
 1.05836580e+09 1.05836581e+09 1.05836582e+09 1.05836583e+09
 1.05836584e+09 1.05836585e+09 1.05836586e+09 1.05836587e+09
 1.05836588e+09 1.05836589e+09 1.05836590e+09 1.05836591e+09
 1.05836592e+09 1.05836593e+09 1.05836594e+09 1.05836595e+09
 1.05836596e+09 1.05836597e+09 1.05836598e+09 1.05836599e+09
 1.05836600e+09 1.05836601e+09 1.05836601e+09 1.05836602e+09
 1.05836603e+09 1.05836604e+09 1.05836605e+09 1.05836606e+09
 1.05836607e+09 1.05836608e+09 1.05836609e+09 1.05836610e+09
 1.05836611e+09 1.05836612e+09 1.05836613e+09 1.05836614e+09
 1.05836615e+09 1.05836616e+09 1.05836617e+09 1.05836618e+09
 1.05836619e+09 1.05836620e+09 1.05836621e+09 1.05836622e+09
 1.05836622e+09 1.05836623e+09 1.05836624e+09 1.05836625e+09
 1.05836626e+09 1.05836627e+09 1.05836628e+09 1.05836629e+09
 1.05836630e+09 1.05836631e+09 1.05836632e+09 1.05836633e+09
 1.05836634e+09 1.05836635e+09 1.05836636e+09 1.05836637e+09
 1.05836638e+09 1.05836639e+09 1.05836640e+09 1.05836641e+09
 1.05836642e+09 1.05836643e+09 1.05836643e+09 1.05836644e+09
 1.05836645e+09 1.05836646e+09 1.05836647e+09 1.05836648e+09
 1.05836649e+09 1.05836650e+09 1.05836651e+09 1.05836652e+09
 1.05836653e+09 1.05836654e+09 1.05836655e+09 1.05836656e+09
 1.05836657e+09 1.05836658e+09 1.05836659e+09 1.05836660e+09
 1.05836661e+09 1.05836662e+09 1.05836663e+09 1.05836664e+09
 1.05836664e+09 1.05836665e+09 1.05836666e+09 1.05836667e+09
 1.05836668e+09 1.05836669e+09 1.05836670e+09 1.05836671e+09
 1.05836672e+09 1.05836673e+09 1.05836674e+09 1.05836675e+09
 1.05836676e+09 1.05836677e+09 1.05836678e+09 1.05836679e+09
 1.05836680e+09 1.05836681e+09 1.05836682e+09 1.05836683e+09
 1.05836684e+09 1.05836685e+09 1.05836685e+09 1.05836686e+09
 1.05836687e+09 1.05836688e+09 1.05836689e+09 1.05836690e+09
 1.05836691e+09 1.05836692e+09 1.05836693e+09 1.05836694e+09
 1.05836695e+09 1.05836696e+09 1.05836697e+09 1.05836698e+09
 1.05836699e+09 1.05836700e+09 1.05836701e+09 1.05836702e+09
 1.05836703e+09 1.05836704e+09 1.05836705e+09 1.05836706e+09
 1.05836707e+09 1.05836707e+09 1.05836708e+09 1.05836709e+09
 1.05836710e+09 1.05836711e+09 1.05836712e+09 1.05836713e+09
 1.05836714e+09 1.05836715e+09 1.05836716e+09 1.05836717e+09
 1.05836718e+09 1.05836719e+09 1.05836720e+09 1.05836721e+09
 1.05836722e+09 1.05836723e+09 1.05836724e+09 1.05836725e+09
 1.05836726e+09 1.05836727e+09 1.05836728e+09 1.05836728e+09
 1.05836729e+09 1.05836730e+09 1.05836731e+09 1.05836732e+09
 1.05836733e+09 1.05836734e+09 1.05836735e+09 1.05836736e+09
 1.05836737e+09 1.05836738e+09 1.05836739e+09 1.05836740e+09
 1.05836741e+09 1.05836742e+09 1.05836743e+09 1.05836744e+09
 1.05836745e+09 1.05836746e+09 1.05836747e+09 1.05836748e+09
 1.05836749e+09 1.05836749e+09 1.05836750e+09 1.05836751e+09
 1.05836752e+09 1.05836753e+09 1.05836754e+09 1.05836755e+09
 1.05836756e+09 1.05836757e+09 1.05836758e+09 1.05836759e+09
 1.05836760e+09 1.05836761e+09 1.05836762e+09 1.05836763e+09
 1.05836764e+09 1.05836765e+09 1.05836766e+09 1.05836767e+09
 1.05836768e+09 1.05836769e+09 1.05836770e+09 1.05836770e+09
 1.05836771e+09 1.05836772e+09 1.05836773e+09 1.05836774e+09
 1.05836775e+09 1.05836776e+09 1.05836777e+09 1.05836778e+09
 1.05836779e+09 1.05836780e+09 1.05836781e+09 1.05836782e+09
 1.05836783e+09 1.05836784e+09 1.05836785e+09 1.05836786e+09
 1.05836787e+09 1.05836788e+09 1.05836789e+09 1.05836790e+09
 1.05836791e+09 1.05836791e+09 1.05836792e+09 1.05836793e+09
 1.05836794e+09 1.05836795e+09 1.05836796e+09 1.05836797e+09
 1.05836798e+09 1.05836799e+09 1.05836800e+09 1.05836801e+09
 1.05836802e+09 1.05836803e+09 1.05836804e+09 1.05836805e+09
 1.05836806e+09 1.05836807e+09 1.05836808e+09 1.05836809e+09
 1.05836810e+09 1.05836811e+09 1.05836812e+09 1.05836813e+09
 1.05836813e+09 1.05836814e+09 1.05836815e+09 1.05836816e+09
 1.05836817e+09 1.05836818e+09 1.05836819e+09 1.05836820e+09
 1.05836821e+09 1.05836822e+09 1.05836823e+09 1.05836824e+09
 1.05836825e+09 1.05836826e+09 1.05836827e+09 1.05836828e+09
 1.05836829e+09 1.05836830e+09 1.05836831e+09 1.05836832e+09
 1.05836833e+09 1.05836834e+09 1.05836834e+09 1.05836835e+09
 1.05836836e+09 1.05836837e+09 1.05836838e+09 1.05836839e+09
 1.05836840e+09 1.05836841e+09 1.05836842e+09 1.05836843e+09
 1.05836844e+09 1.05836845e+09 1.05836846e+09 1.05836847e+09
 1.05836848e+09 1.05836849e+09 1.05836850e+09 1.05836851e+09
 1.05836852e+09 1.05836853e+09 1.05836854e+09 1.05836855e+09
 1.05836855e+09 1.05836856e+09 1.05836857e+09 1.05836858e+09
 1.05836859e+09 1.05836860e+09 1.05836861e+09 1.05836862e+09
 1.05836863e+09 1.05836864e+09 1.05836865e+09 1.05836866e+09
 1.05836867e+09 1.05836868e+09 1.05836869e+09 1.05836870e+09
 1.05836871e+09 1.05836872e+09 1.05836873e+09 1.05836874e+09
 1.05836875e+09 1.05836876e+09 1.05836876e+09 1.05836877e+09
 1.05836878e+09 1.05836879e+09 1.05836880e+09 1.05836881e+09
 1.05836882e+09 1.05836883e+09 1.05836884e+09 1.05836885e+09
 1.05836886e+09 1.05836887e+09 1.05836888e+09 1.05836889e+09
 1.05836890e+09 1.05836891e+09 1.05836892e+09 1.05836893e+09
 1.05836894e+09 1.05836895e+09 1.05836896e+09 1.05836897e+09
 1.05836897e+09 1.05836898e+09 1.05836899e+09 1.05836900e+09
 1.05836901e+09 1.05836902e+09 1.05836903e+09 1.05836904e+09
 1.05836905e+09 1.05836906e+09 1.05836907e+09 1.05836908e+09
 1.05836909e+09 1.05836910e+09 1.05836911e+09 1.05836912e+09
 1.05836913e+09 1.05836914e+09 1.05836915e+09 1.05836916e+09
 1.05836917e+09 1.05836918e+09 1.05836919e+09 1.05836919e+09
 1.05836920e+09 1.05836921e+09 1.05836922e+09 1.05836923e+09
 1.05836924e+09 1.05836925e+09 1.05836926e+09 1.05836927e+09
 1.05836928e+09 1.05836929e+09 1.05836930e+09 1.05836931e+09
 1.05836932e+09 1.05836933e+09 1.05836934e+09 1.05836935e+09
 1.05836936e+09 1.05836937e+09 1.05836938e+09 1.05836939e+09
 1.05836940e+09 1.05836940e+09 1.05836941e+09 1.05836942e+09
 1.05836943e+09 1.05836944e+09 1.05836945e+09 1.05836946e+09
 1.05836947e+09 1.05836948e+09 1.05836949e+09 1.05836950e+09
 1.05836951e+09 1.05836952e+09 1.05836953e+09 1.05836954e+09
 1.05836955e+09 1.05836956e+09 1.05836957e+09 1.05836958e+09
 1.05836959e+09 1.05836960e+09 1.05836961e+09 1.05836961e+09
 1.05836962e+09 1.05836963e+09 1.05836964e+09 1.05836965e+09
 1.05836966e+09 1.05836967e+09 1.05836968e+09 1.05836969e+09
 1.05836970e+09 1.05836971e+09 1.05836972e+09 1.05836973e+09
 1.05836974e+09 1.05836975e+09 1.05836976e+09 1.05836977e+09
 1.05836978e+09 1.05836979e+09 1.05836980e+09 1.05836981e+09
 1.05836982e+09 1.05836982e+09 1.05836983e+09 1.05836984e+09
 1.05836985e+09 1.05836986e+09 1.05836987e+09 1.05836988e+09
 1.05836989e+09 1.05836990e+09 1.05836991e+09 1.05836992e+09
 1.05836993e+09 1.05836994e+09 1.05836995e+09 1.05836996e+09
 1.05836997e+09 1.05836998e+09 1.05836999e+09 1.05837000e+09
 1.05837001e+09 1.05837002e+09 1.05837003e+09 1.05837003e+09
 1.05837004e+09 1.05837005e+09 1.05837006e+09 1.05837007e+09
 1.05837008e+09 1.05837009e+09 1.05837010e+09 1.05837011e+09
 1.05837012e+09 1.05837013e+09 1.05837014e+09 1.05837015e+09
 1.05837016e+09 1.05837017e+09 1.05837018e+09 1.05837019e+09
 1.05837020e+09 1.05837021e+09 1.05837022e+09 1.05837023e+09
 1.05837024e+09 1.05837025e+09 1.05837025e+09 1.05837026e+09
 1.05837027e+09 1.05837028e+09 1.05837029e+09 1.05837030e+09
 1.05837031e+09 1.05837032e+09 1.05837033e+09 1.05837034e+09
 1.05837035e+09 1.05837036e+09 1.05837037e+09 1.05837038e+09
 1.05837039e+09 1.05837040e+09 1.05837041e+09 1.05837042e+09
 1.05837043e+09 1.05837044e+09 1.05837045e+09 1.05837046e+09
 1.05837046e+09 1.05837047e+09 1.05837048e+09 1.05837049e+09
 1.05837050e+09 1.05837051e+09 1.05837052e+09 1.05837053e+09
 1.05837054e+09 1.05837055e+09 1.05837056e+09 1.05837057e+09
 1.05837058e+09 1.05837059e+09 1.05837060e+09 1.05837061e+09
 1.05837062e+09 1.05837063e+09 1.05837064e+09 1.05837065e+09
 1.05837066e+09 1.05837067e+09 1.05837067e+09 1.05837068e+09
 1.05837069e+09 1.05837070e+09 1.05837071e+09 1.05837072e+09
 1.05837073e+09 1.05837074e+09 1.05837075e+09 1.05837076e+09
 1.05837077e+09 1.05837078e+09 1.05837079e+09 1.05837080e+09
 1.05837081e+09 1.05837082e+09 1.05837083e+09 1.05837084e+09
 1.05837085e+09 1.05837086e+09 1.05837087e+09 1.05837088e+09
 1.05837088e+09 1.05837089e+09 1.05837090e+09 1.05837091e+09
 1.05837092e+09 1.05837093e+09 1.05837094e+09 1.05837095e+09
 1.05837096e+09 1.05837097e+09 1.05837098e+09 1.05837099e+09
 1.05837100e+09 1.05837101e+09 1.05837102e+09 1.05837103e+09
 1.05837104e+09 1.05837105e+09 1.05837106e+09 1.05837107e+09
 1.05837108e+09 1.05837109e+09 1.05837109e+09 1.05837110e+09
 1.05837111e+09 1.05837112e+09 1.05837113e+09 1.05837114e+09
 1.05837115e+09 1.05837116e+09 1.05837117e+09 1.05837118e+09
 1.05837119e+09 1.05837120e+09 1.05837121e+09 1.05837122e+09
 1.05837123e+09 1.05837124e+09 1.05837125e+09 1.05837126e+09
 1.05837127e+09 1.05837128e+09 1.05837129e+09 1.05837130e+09
 1.05837131e+09 1.05837131e+09 1.05837132e+09 1.05837133e+09
 1.05837134e+09 1.05837135e+09 1.05837136e+09 1.05837137e+09
 1.05837138e+09 1.05837139e+09 1.05837140e+09 1.05837141e+09
 1.05837142e+09 1.05837143e+09 1.05837144e+09 1.05837145e+09
 1.05837146e+09 1.05837147e+09 1.05837148e+09 1.05837149e+09
 1.05837150e+09 1.05837151e+09 1.05837152e+09 1.05837152e+09
 1.05837153e+09 1.05837154e+09 1.05837155e+09 1.05837156e+09
 1.05837157e+09 1.05837158e+09 1.05837159e+09 1.05837160e+09
 1.05837161e+09 1.05837162e+09 1.05837163e+09 1.05837164e+09
 1.05837165e+09 1.05837166e+09 1.05837167e+09 1.05837168e+09
 1.05837169e+09 1.05837170e+09 1.05837171e+09 1.05837172e+09
 1.05837173e+09 1.05837173e+09 1.05837174e+09 1.05837175e+09
 1.05837176e+09 1.05837177e+09 1.05837178e+09 1.05837179e+09
 1.05837180e+09 1.05837181e+09 1.05837182e+09 1.05837183e+09
 1.05837184e+09 1.05837185e+09 1.05837186e+09 1.05837187e+09
 1.05837188e+09 1.05837189e+09 1.05837190e+09 1.05837191e+09
 1.05837192e+09 1.05837193e+09 1.05837194e+09 1.05837194e+09
 1.05837195e+09 1.05837196e+09 1.05837197e+09 1.05837198e+09
 1.05837199e+09 1.05837200e+09 1.05837201e+09 1.05837202e+09
 1.05837203e+09 1.05837204e+09 1.05837205e+09 1.05837206e+09
 1.05837207e+09 1.05837208e+09 1.05837209e+09 1.05837210e+09
 1.05837211e+09 1.05837212e+09 1.05837213e+09 1.05837214e+09
 1.05837215e+09 1.05837215e+09 1.05837216e+09 1.05837217e+09
 1.05837218e+09 1.05837219e+09 1.05837220e+09 1.05837221e+09
 1.05837222e+09 1.05837223e+09 1.05837224e+09 1.05837225e+09
 1.05837226e+09 1.05837227e+09 1.05837228e+09 1.05837229e+09
 1.05837230e+09 1.05837231e+09 1.05837232e+09 1.05837233e+09
 1.05837234e+09 1.05837235e+09 1.05837236e+09 1.05837237e+09
 1.05837237e+09 1.05837238e+09 1.05837239e+09 1.05837240e+09
 1.05837241e+09 1.05837242e+09 1.05837243e+09 1.05837244e+09
 1.05837245e+09 1.05837246e+09 1.05837247e+09 1.05837248e+09
 1.05837249e+09 1.05837250e+09 1.05837251e+09 1.05837252e+09
 1.05837253e+09 1.05837254e+09 1.05837255e+09 1.05837256e+09
 1.05837257e+09 1.05837258e+09 1.05837258e+09 1.05837259e+09
 1.05837260e+09 1.05837261e+09 1.05837262e+09 1.05837263e+09
 1.05837264e+09 1.05837265e+09 1.05837266e+09 1.05837267e+09
 1.05837268e+09 1.05837269e+09 1.05837270e+09 1.05837271e+09
 1.05837272e+09 1.05837273e+09 1.05837274e+09 1.05837275e+09
 1.05837276e+09 1.05837277e+09 1.05837278e+09 1.05837279e+09
 1.05837279e+09 1.05837280e+09 1.05837281e+09 1.05837282e+09
 1.05837283e+09 1.05837284e+09 1.05837285e+09 1.05837286e+09
 1.05837287e+09 1.05837288e+09 1.05837289e+09 1.05837290e+09
 1.05837291e+09 1.05837292e+09 1.05837293e+09 1.05837294e+09
 1.05837295e+09 1.05837296e+09 1.05837297e+09 1.05837298e+09
 1.05837299e+09 1.05837300e+09 1.05837300e+09 1.05837301e+09
 1.05837302e+09 1.05837303e+09 1.05837304e+09 1.05837305e+09
 1.05837306e+09 1.05837307e+09 1.05837308e+09 1.05837309e+09
 1.05837310e+09 1.05837311e+09 1.05837312e+09 1.05837313e+09
 1.05837314e+09 1.05837315e+09 1.05837316e+09 1.05837317e+09
 1.05837318e+09 1.05837319e+09 1.05837320e+09 1.05837321e+09
 1.05837321e+09 1.05837322e+09 1.05837323e+09 1.05837324e+09
 1.05837325e+09 1.05837326e+09 1.05837327e+09 1.05837328e+09
 1.05837329e+09 1.05837330e+09 1.05837331e+09 1.05837332e+09
 1.05837333e+09 1.05837334e+09 1.05837335e+09 1.05837336e+09
 1.05837337e+09 1.05837338e+09 1.05837339e+09 1.05837340e+09
 1.05837341e+09 1.05837342e+09 1.05837343e+09 1.05837343e+09
 1.05837344e+09 1.05837345e+09 1.05837346e+09 1.05837347e+09
 1.05837348e+09 1.05837349e+09 1.05837350e+09 1.05837351e+09
 1.05837352e+09 1.05837353e+09 1.05837354e+09 1.05837355e+09
 1.05837356e+09 1.05837357e+09 1.05837358e+09 1.05837359e+09
 1.05837360e+09 1.05837361e+09 1.05837362e+09 1.05837363e+09
 1.05837364e+09 1.05837364e+09 1.05837365e+09 1.05837366e+09
 1.05837367e+09 1.05837368e+09 1.05837369e+09 1.05837370e+09
 1.05837371e+09 1.05837372e+09 1.05837373e+09 1.05837374e+09
 1.05837375e+09 1.05837376e+09 1.05837377e+09 1.05837378e+09
 1.05837379e+09 1.05837380e+09 1.05837381e+09 1.05837382e+09
 1.05837383e+09 1.05837384e+09 1.05837385e+09 1.05837385e+09
 1.05837386e+09 1.05837387e+09 1.05837388e+09 1.05837389e+09
 1.05837390e+09 1.05837391e+09 1.05837392e+09 1.05837393e+09
 1.05837394e+09 1.05837395e+09 1.05837396e+09 1.05837397e+09
 1.05837398e+09 1.05837399e+09 1.05837400e+09 1.05837401e+09
 1.05837402e+09 1.05837403e+09 1.05837404e+09 1.05837405e+09
 1.05837406e+09 1.05837406e+09 1.05837407e+09 1.05837408e+09
 1.05837409e+09 1.05837410e+09 1.05837411e+09 1.05837412e+09
 1.05837413e+09 1.05837414e+09 1.05837415e+09 1.05837416e+09
 1.05837417e+09 1.05837418e+09 1.05837419e+09 1.05837420e+09
 1.05837421e+09 1.05837422e+09 1.05837423e+09 1.05837424e+09
 1.05837425e+09 1.05837426e+09 1.05837427e+09 1.05837427e+09
 1.05837428e+09 1.05837429e+09 1.05837430e+09 1.05837431e+09]
minRes = 5.192676615374548
minResTime =  [1.05837431e+09]
