name =JUICE_ROI_CAL_7_0_01
flyby =  ['2033 APR 06 23:29:30', '2033 APR 07 23:29:30']
Observation TW =  <SpiceCell dtype = 1, length = 0, size = 2800, card = 8, is_set = 1, adjust = 0, init = 1, base = 2554804018720, data = 2554804018768>
Res(t) =  [1.27955543 1.27871888 1.27788239 1.27704594 1.27620954 1.2753732
 1.2745369  1.27370065 1.27286446 1.27202831 1.27119222 1.27035617
 1.26952018 1.26868423 1.26784834 1.2670125  1.26617671 1.26534096
 1.26450527 1.26366963 1.26283405 1.26199851 1.26116302 1.26032758
 1.2594922  1.25865686 1.25782158 1.25698635 1.25615117 1.25531604
 1.25448096 1.25364593 1.25281096 1.25197603 1.25114116 1.25030634
 1.24947157 1.24863685 1.24780218 1.24696756 1.246133   1.24529849
 1.24446403 1.24362962 1.24279526 1.24196096 1.2411267  1.2402925
 1.23945835 1.23862425 1.23779021 1.23695622 1.23612228 1.23528839
 1.23445455 1.23362077 1.23278703 1.23195336 1.23111973 1.23028615
 1.22945263 1.22861916 1.22778575 1.22695238 1.22611907 1.22528581
 1.22445261 1.22361945 1.22278636 1.22195331 1.22112031 1.22028737
 1.21945449 1.21862165 1.21778887 1.21695614 1.21612347 1.21529085
 1.21445828 1.21362577 1.2127933  1.2119609  1.21112854 1.21029624
 1.209464   1.20863181 1.20779967 1.20696758 1.20613555 1.20530357
 1.20447165 1.20363978 1.20280797 1.20197621 1.2011445  1.20031285
 1.19948125 1.19864971 1.19781822 1.19698679 1.19615541 1.19532408
 1.19449281 1.19366159 1.19283043 1.19199933 1.19116828 1.19033728
 1.18950634 1.18867545 1.18784462 1.18701384 1.18618312 1.18535246
 1.18452185 1.18369129 1.18286079 1.18203035 1.18119996 1.18036963
 1.17953935 1.17870913 1.17787897 1.17704886 1.1762188  1.1753888
 1.17455886 1.17372898 1.17289915 1.17206937 1.17123966 1.17041
 1.16958039 1.16875084 1.16792135 1.16709192 1.16626254 1.16543322
 1.16460395 1.16377474 1.16294559 1.1621165  1.16128746 1.16045848
 1.15962956 1.15880069 1.15797188 1.15714313 1.15631444 1.1554858
 1.15465722 1.1538287  1.15300024 1.15217183 1.15134348 1.15051519
 1.14968696 1.14885878 1.14803067 1.14720261 1.14637461 1.14554667
 1.14471878 1.14389096 1.14306319 1.14223548 1.14140783 1.14058024
 1.13975271 1.13892524 1.13809782 1.13727046 1.13644317 1.13561593
 1.13478875 1.13396163 1.13313457 1.13230757 1.13148063 1.13065375
 1.12982692 1.12900016 1.12817346 1.12734681 1.12652023 1.12569371
 1.12486724 1.12404084 1.1232145  1.12238821 1.12156199 1.12073583
 1.11990973 1.11908369 1.1182577  1.11743178 1.11660592 1.11578013
 1.11495439 1.11412871 1.1133031  1.11247754 1.11165205 1.11082662
 1.11000125 1.10917594 1.10835069 1.1075255  1.10670038 1.10587532
 1.10505032 1.10422538 1.1034005  1.10257569 1.10175094 1.10092625
 1.10010162 1.09927705 1.09845255 1.09762811 1.09680373 1.09597942
 1.09515517 1.09433098 1.09350685 1.09268279 1.09185879 1.09103486
 1.09021098 1.08938717 1.08856343 1.08773975 1.08691613 1.08609258
 1.08526908 1.08444566 1.0836223  1.082799   1.08197576 1.0811526
 1.08032949 1.07950645 1.07868347 1.07786056 1.07703772 1.07621494
 1.07539222 1.07456957 1.07374698 1.07292446 1.07210201 1.07127962
 1.07045729 1.06963504 1.06881284 1.06799072 1.06716866 1.06634666
 1.06552473 1.06470287 1.06388107 1.06305935 1.06223768 1.06141609
 1.06059456 1.0597731  1.0589517  1.05813037 1.05730911 1.05648792
 1.05566679 1.05484573 1.05402474 1.05320382 1.05238296 1.05156217
 1.05074145 1.0499208  1.04910022 1.0482797  1.04745926 1.04663888
 1.04581857 1.04499833 1.04417816 1.04335805 1.04253802 1.04171806
 1.04089816 1.04007833 1.03925858 1.03843889 1.03761928 1.03679973
 1.03598025 1.03516085 1.03434151 1.03352224 1.03270305 1.03188392
 1.03106487 1.03024588 1.02942697 1.02860813 1.02778936 1.02697066
 1.02615203 1.02533348 1.02451499 1.02369658 1.02287824 1.02205997
 1.02124178 1.02042365 1.0196056  1.01878762 1.01796971 1.01715188
 1.01633412 1.01551643 1.01469882 1.01388128 1.01306381 1.01224641
 1.01142909 1.01061185 1.00979467 1.00897758 1.00816055 1.0073436
 1.00652672 1.00570992 1.0048932  1.00407655 1.00325997 1.00244347
 1.00162704 1.00081069 0.99999442 0.99917822 0.99836209 0.99754605
 0.99673007 0.99591418 0.99509836 0.99428262 0.99346695 0.99265136
 0.99183585 0.99102042 0.99020506 0.98938978 0.98857458 0.98775945
 0.98694441 0.98612944 0.98531455 0.98449973 0.983685   0.98287035
 0.98205577 0.98124127 0.98042685 0.97961251 0.97879825 0.97798407
 0.97716997 0.97635595 0.97554201 0.97472815 0.97391437 0.97310067
 0.97228705 0.97147351 0.97066006 0.96984668 0.96903339 0.96822017
 0.96740704 0.96659399 0.96578102 0.96496814 0.96415533 0.96334261
 0.96252997 0.96171742 0.96090495 0.96009256 0.95928025 0.95846803
 0.95765589 0.95684383 0.95603186 0.95521997 0.95440817 0.95359645
 0.95278482 0.95197327 0.95116181 0.95035043 0.94953914 0.94872793
 0.94791681 0.94710578 0.94629483 0.94548397 0.94467319 0.9438625
 0.9430519  0.94224138 0.94143096 0.94062062 0.93981037 0.9390002
 0.93819013 0.93738014 0.93657024 0.93576043 0.93495071 0.93414107
 0.93333153 0.93252208 0.93171271 0.93090344 0.93009426 0.92928516
 0.92847616 0.92766725 0.92685843 0.9260497  0.92524106 0.92443251
 0.92362406 0.92281569 0.92200742 0.92119924 0.92039116 0.91958316
 0.91877526 0.91796746 0.91715975 0.91635213 0.9155446  0.91473717
 0.91392983 0.91312259 0.91231545 0.91150839 0.91070144 0.90989458
 0.90908781 0.90828114 0.90747457 0.9066681  0.90586172 0.90505543
 0.90424925 0.90344316 0.90263717 0.90183128 0.90102549 0.90021979
 0.8994142  0.8986087  0.8978033  0.896998   0.89619281 0.89808498
 0.89727991 0.89647493 0.89567006 0.89486529 0.89406062 0.89325605
 0.89245158 0.89164721 0.89084295 0.89003879 0.88923473 0.88843078
 0.88762693 0.88682318 0.88601954 0.885216   0.88441256 0.88360923
 0.88280601 0.88200289 0.88119988 0.88039697 0.87959417 0.87879147
 0.87798888 0.8771864  0.87638403 0.87558176 0.8747796  0.87397755
 0.87317561 0.87237378 0.87157205 0.87077044 0.86996893 0.86916754
 0.86836625 0.86756508 0.86676402 0.86596306 0.86516222 0.8643615
 0.86356088 0.86276038 0.86195999 0.86115971 0.86035954 0.85955949
 0.85875956 0.85795974 0.85716003 0.85636044 0.85556096 0.8547616
 0.85396236 0.85316323 0.85236422 0.85156532 0.85076655 0.84996789
 0.84916935 0.84837093 0.84757262 0.84677444 0.84597638 0.84517843
 0.84438061 0.84358291 0.84278532 0.84198786 0.84119052 0.84039331
 0.83959621 0.83879924 0.83800239 0.83720567 0.83640907 0.83561259
 0.83481624 0.83402002 0.83322392 0.83242794 0.83163209 0.83083637
 0.83004078 0.82924531 0.82844997 0.82765476 0.82685968 0.82606473
 0.82526991 0.82447521 0.82368065 0.82288622 0.82209192 0.82129775
 0.82050371 0.81970981 0.81891604 0.8181224  0.8173289  0.81653553
 0.81574229 0.8149492  0.81415623 0.8133634  0.81257071 0.81177816
 0.81098574 0.81019346 0.80940132 0.80860932 0.80781745 0.80702573
 0.80623415 0.80544271 0.80465141 0.80386025 0.80306923 0.80227835
 0.80148762 0.80069703 0.79990659 0.79911629 0.79832614 0.79753613
 0.79674626 0.79595655 0.79516698 0.79437756 0.79358828 0.79279916
 0.79201018 0.79122136 0.79043268 0.78964416 0.78885579 0.78806756
 0.78727949 0.78649158 0.78570382 0.78491621 0.78412875 0.78334145
 0.78255431 0.78176733 0.7809805  0.78019382 0.77940731 0.77862095
 0.77783476 0.77704872 0.77626284 0.77547713 0.77469157 0.77390618
 0.77312095 0.77233589 0.77155099 0.77076625 0.76998168 0.76919727
 0.76841304 0.76762896 0.76684506 0.76606132 0.76527776 0.76449436
 0.76371114 0.76292808 0.7621452  0.76136249 0.76057995 0.75979758
 0.75901539 0.75823338 0.75745154 0.75666988 0.75588839 0.75510708
 0.75432596 0.75354501 0.75276424 0.75198365 0.75120324 0.75042302
 0.74964298 0.74886312 0.74808344 0.74730395 0.74652465 0.74574554
 0.74496661 0.74418787 0.74340932 0.74263095 0.74185278 0.7410748
 0.74029702 0.73951942 0.73874202 0.73796482 0.73718781 0.73641099
 0.73563438 0.73485796 0.73408174 0.73330571 0.73252989 0.73175427
 0.73097886 0.73020364 0.72942863 0.72865383 0.72787923 0.72710484
 0.72633065 0.72555667 0.72478291 0.72400935 0.723236   0.72246287
 0.72168995 0.72091724 0.72014475 0.71937247 0.71860041 0.71782857
 0.71705694 0.71628554 0.71551436 0.7147434  0.71397266 0.71320214
 0.71243185 0.71166179 0.71089195 0.71012234 0.70935296 0.70858381
 0.70781489 0.7070462  0.70627775 0.70550953 0.70474154 0.7039738
 0.70320629 0.70243901 0.70167198 0.70090519 0.70013864 0.69937234
 0.69860628 0.69784046 0.69707489 0.69630957 0.6955445  0.69477968
 0.69401511 0.69325079 0.69248673 0.69172292 0.69095937 0.69019608
 0.68943304 0.68867027 0.68790776 0.68714551 0.68638352 0.6856218
 0.68486035 0.68409916 0.68333825 0.6825776  0.68181723 0.68105713
 0.68029731 0.67953776 0.67877849 0.6780195  0.67726079 0.67650237
 0.67574422 0.67498636 0.67422879 0.67347151 0.67271451 0.67195781
 0.6712014  0.67044528 0.66968946 0.66893394 0.66817871 0.66742378
 0.66666916 0.66591484 0.66516083 0.66440712 0.66365372 0.66290063
 0.66214785 0.66139539 0.66064324 0.65989141 0.65913989 0.6583887
 0.65763783 0.65688728 0.65613706 0.65538717 0.6546376  0.65388837
 0.65313947 0.6523909  0.65164267 0.65089478 0.65014723 0.64940002
 0.64865316 0.64790664 0.64716047 0.64641466 0.64566919 0.64492408
 0.64417932 0.64343492 0.64269089 0.64194721 0.6412039  0.64046096
 0.63971839 0.63897618 0.63823435 0.6374929  0.63675182 0.63601113
 0.63527081 0.63453088 0.63379134 0.63305218 0.63231342 0.63157505
 0.63083708 0.6300995  0.62936233 0.62862556 0.6278892  0.62715324
 0.6264177  0.62568256 0.62494785 0.62421355 0.62347968 0.62274622
 0.6220132  0.6212806  0.62054844 0.6198167  0.61908541 0.61835456
 0.61762415 0.61689418 0.61616467 0.6154356  0.61470699 0.61397884
 0.61325114 0.61252391 0.61179715 0.61107085 0.61034503 0.60961968
 0.60889481 0.60817042 0.60744652 0.6067231  0.60600018 0.60527775
 0.60455582 0.60383439 0.60311346 0.60239304 0.60167313 0.60095374
 0.60023487 0.59951651 0.59879869 0.59808139 0.59736462 0.59664839
 0.5959327  0.59521756 0.59450296 0.59378891 0.59307542 0.59236249
 0.59165012 0.59093832 0.59022709 0.58951643 0.58880635 0.58809686
 0.58738795 0.58667964 0.58597192 0.5852648  0.58455828 0.58385238
 0.58314709 0.58244241 0.58173836 0.58103494 0.58033215 0.57962999
 0.57892848 0.57822761 0.57752739 0.57682783 0.57612892 0.57543069
 0.57473312 0.57403623 0.57334002 0.5726445  0.57194967 0.57125553
 0.5705621  0.56986937 0.56917736 0.56848606 0.56779549 0.56710565
 0.56641654 0.56572818 0.56504056 0.5643537  0.56366759 0.56298225
 0.56229768 0.56161389 0.56093088 0.56024866 0.55956724 0.55888662
 0.55820681 0.55752782 0.55684965 0.55617231 0.5554958  0.55482014
 0.55414533 0.55347138 0.55279829 0.55212607 0.55145474 0.55078429
 0.55011473 0.54944607 0.54877833 0.5481115  0.5474456  0.54678063
 0.5461166  0.54545352 0.5447914  0.54413025 0.54347007 0.54281088
 0.54215267 0.54149547 0.54083928 0.5401841  0.53952996 0.53887685
 0.53822478 0.53757378 0.53692384 0.53627497 0.53562719 0.5349805
 0.53433492 0.53369046 0.53304712 0.53240492 0.53176386 0.53112397
 0.53048524 0.52984769 0.52921133 0.52857617 0.52794223 0.52730952
 0.52667804 0.52604781 0.52541884 0.52479114 0.52416473 0.52353962
 0.52291582 0.52229335 0.52167221 0.52105243 0.52043401 0.51981696
 0.51920131 0.51858707 0.51797424 0.51736285 0.51675292 0.51614444
 0.51553744 0.51493194 0.51432795 0.51372549 0.51312457 0.5125252
 0.51192741 0.51133122 0.51073663 0.51014367 0.50955235 0.50896269
 0.50837471 0.50778842 0.50720386 0.50662102 0.50603994 0.50546064
 0.50488312 0.50430742 0.50373355 0.50316154]
t =  [1.04974786e+09 1.04974787e+09 1.04974787e+09 1.04974788e+09
 1.04974789e+09 1.04974789e+09 1.04974790e+09 1.04974791e+09
 1.04974792e+09 1.04974792e+09 1.04974793e+09 1.04974794e+09
 1.04974794e+09 1.04974795e+09 1.04974796e+09 1.04974797e+09
 1.04974797e+09 1.04974798e+09 1.04974799e+09 1.04974799e+09
 1.04974800e+09 1.04974801e+09 1.04974802e+09 1.04974802e+09
 1.04974803e+09 1.04974804e+09 1.04974804e+09 1.04974805e+09
 1.04974806e+09 1.04974807e+09 1.04974807e+09 1.04974808e+09
 1.04974809e+09 1.04974809e+09 1.04974810e+09 1.04974811e+09
 1.04974812e+09 1.04974812e+09 1.04974813e+09 1.04974814e+09
 1.04974814e+09 1.04974815e+09 1.04974816e+09 1.04974817e+09
 1.04974817e+09 1.04974818e+09 1.04974819e+09 1.04974819e+09
 1.04974820e+09 1.04974821e+09 1.04974822e+09 1.04974822e+09
 1.04974823e+09 1.04974824e+09 1.04974824e+09 1.04974825e+09
 1.04974826e+09 1.04974826e+09 1.04974827e+09 1.04974828e+09
 1.04974829e+09 1.04974829e+09 1.04974830e+09 1.04974831e+09
 1.04974831e+09 1.04974832e+09 1.04974833e+09 1.04974834e+09
 1.04974834e+09 1.04974835e+09 1.04974836e+09 1.04974836e+09
 1.04974837e+09 1.04974838e+09 1.04974839e+09 1.04974839e+09
 1.04974840e+09 1.04974841e+09 1.04974841e+09 1.04974842e+09
 1.04974843e+09 1.04974844e+09 1.04974844e+09 1.04974845e+09
 1.04974846e+09 1.04974846e+09 1.04974847e+09 1.04974848e+09
 1.04974849e+09 1.04974849e+09 1.04974850e+09 1.04974851e+09
 1.04974851e+09 1.04974852e+09 1.04974853e+09 1.04974854e+09
 1.04974854e+09 1.04974855e+09 1.04974856e+09 1.04974856e+09
 1.04974857e+09 1.04974858e+09 1.04974859e+09 1.04974859e+09
 1.04974860e+09 1.04974861e+09 1.04974861e+09 1.04974862e+09
 1.04974863e+09 1.04974863e+09 1.04974864e+09 1.04974865e+09
 1.04974866e+09 1.04974866e+09 1.04974867e+09 1.04974868e+09
 1.04974868e+09 1.04974869e+09 1.04974870e+09 1.04974871e+09
 1.04974871e+09 1.04974872e+09 1.04974873e+09 1.04974873e+09
 1.04974874e+09 1.04974875e+09 1.04974876e+09 1.04974876e+09
 1.04974877e+09 1.04974878e+09 1.04974878e+09 1.04974879e+09
 1.04974880e+09 1.04974881e+09 1.04974881e+09 1.04974882e+09
 1.04974883e+09 1.04974883e+09 1.04974884e+09 1.04974885e+09
 1.04974886e+09 1.04974886e+09 1.04974887e+09 1.04974888e+09
 1.04974888e+09 1.04974889e+09 1.04974890e+09 1.04974891e+09
 1.04974891e+09 1.04974892e+09 1.04974893e+09 1.04974893e+09
 1.04974894e+09 1.04974895e+09 1.04974896e+09 1.04974896e+09
 1.04974897e+09 1.04974898e+09 1.04974898e+09 1.04974899e+09
 1.04974900e+09 1.04974901e+09 1.04974901e+09 1.04974902e+09
 1.04974903e+09 1.04974903e+09 1.04974904e+09 1.04974905e+09
 1.04974905e+09 1.04974906e+09 1.04974907e+09 1.04974908e+09
 1.04974908e+09 1.04974909e+09 1.04974910e+09 1.04974910e+09
 1.04974911e+09 1.04974912e+09 1.04974913e+09 1.04974913e+09
 1.04974914e+09 1.04974915e+09 1.04974915e+09 1.04974916e+09
 1.04974917e+09 1.04974918e+09 1.04974918e+09 1.04974919e+09
 1.04974920e+09 1.04974920e+09 1.04974921e+09 1.04974922e+09
 1.04974923e+09 1.04974923e+09 1.04974924e+09 1.04974925e+09
 1.04974925e+09 1.04974926e+09 1.04974927e+09 1.04974928e+09
 1.04974928e+09 1.04974929e+09 1.04974930e+09 1.04974930e+09
 1.04974931e+09 1.04974932e+09 1.04974933e+09 1.04974933e+09
 1.04974934e+09 1.04974935e+09 1.04974935e+09 1.04974936e+09
 1.04974937e+09 1.04974938e+09 1.04974938e+09 1.04974939e+09
 1.04974940e+09 1.04974940e+09 1.04974941e+09 1.04974942e+09
 1.04974942e+09 1.04974943e+09 1.04974944e+09 1.04974945e+09
 1.04974945e+09 1.04974946e+09 1.04974947e+09 1.04974947e+09
 1.04974948e+09 1.04974949e+09 1.04974950e+09 1.04974950e+09
 1.04974951e+09 1.04974952e+09 1.04974952e+09 1.04974953e+09
 1.04974954e+09 1.04974955e+09 1.04974955e+09 1.04974956e+09
 1.04974957e+09 1.04974957e+09 1.04974958e+09 1.04974959e+09
 1.04974960e+09 1.04974960e+09 1.04974961e+09 1.04974962e+09
 1.04974962e+09 1.04974963e+09 1.04974964e+09 1.04974965e+09
 1.04974965e+09 1.04974966e+09 1.04974967e+09 1.04974967e+09
 1.04974968e+09 1.04974969e+09 1.04974970e+09 1.04974970e+09
 1.04974971e+09 1.04974972e+09 1.04974972e+09 1.04974973e+09
 1.04974974e+09 1.04974975e+09 1.04974975e+09 1.04974976e+09
 1.04974977e+09 1.04974977e+09 1.04974978e+09 1.04974979e+09
 1.04974980e+09 1.04974980e+09 1.04974981e+09 1.04974982e+09
 1.04974982e+09 1.04974983e+09 1.04974984e+09 1.04974984e+09
 1.04974985e+09 1.04974986e+09 1.04974987e+09 1.04974987e+09
 1.04974988e+09 1.04974989e+09 1.04974989e+09 1.04974990e+09
 1.04974991e+09 1.04974992e+09 1.04974992e+09 1.04974993e+09
 1.04974994e+09 1.04974994e+09 1.04974995e+09 1.04974996e+09
 1.04974997e+09 1.04974997e+09 1.04974998e+09 1.04974999e+09
 1.04974999e+09 1.04975000e+09 1.04975001e+09 1.04975002e+09
 1.04975002e+09 1.04975003e+09 1.04975004e+09 1.04975004e+09
 1.04975005e+09 1.04975006e+09 1.04975007e+09 1.04975007e+09
 1.04975008e+09 1.04975009e+09 1.04975009e+09 1.04975010e+09
 1.04975011e+09 1.04975012e+09 1.04975012e+09 1.04975013e+09
 1.04975014e+09 1.04975014e+09 1.04975015e+09 1.04975016e+09
 1.04975017e+09 1.04975017e+09 1.04975018e+09 1.04975019e+09
 1.04975019e+09 1.04975020e+09 1.04975021e+09 1.04975021e+09
 1.04975022e+09 1.04975023e+09 1.04975024e+09 1.04975024e+09
 1.04975025e+09 1.04975026e+09 1.04975026e+09 1.04975027e+09
 1.04975028e+09 1.04975029e+09 1.04975029e+09 1.04975030e+09
 1.04975031e+09 1.04975031e+09 1.04975032e+09 1.04975033e+09
 1.04975034e+09 1.04975034e+09 1.04975035e+09 1.04975036e+09
 1.04975036e+09 1.04975037e+09 1.04975038e+09 1.04975039e+09
 1.04975039e+09 1.04975040e+09 1.04975041e+09 1.04975041e+09
 1.04975042e+09 1.04975043e+09 1.04975044e+09 1.04975044e+09
 1.04975045e+09 1.04975046e+09 1.04975046e+09 1.04975047e+09
 1.04975048e+09 1.04975049e+09 1.04975049e+09 1.04975050e+09
 1.04975051e+09 1.04975051e+09 1.04975052e+09 1.04975053e+09
 1.04975054e+09 1.04975054e+09 1.04975055e+09 1.04975056e+09
 1.04975056e+09 1.04975057e+09 1.04975058e+09 1.04975059e+09
 1.04975059e+09 1.04975060e+09 1.04975061e+09 1.04975061e+09
 1.04975062e+09 1.04975063e+09 1.04975063e+09 1.04975064e+09
 1.04975065e+09 1.04975066e+09 1.04975066e+09 1.04975067e+09
 1.04975068e+09 1.04975068e+09 1.04975069e+09 1.04975070e+09
 1.04975071e+09 1.04975071e+09 1.04975072e+09 1.04975073e+09
 1.04975073e+09 1.04975074e+09 1.04975075e+09 1.04975076e+09
 1.04975076e+09 1.04975077e+09 1.04975078e+09 1.04975078e+09
 1.04975079e+09 1.04975080e+09 1.04975081e+09 1.04975081e+09
 1.04975082e+09 1.04975083e+09 1.04975083e+09 1.04975084e+09
 1.04975085e+09 1.04975086e+09 1.04975086e+09 1.04975087e+09
 1.04975088e+09 1.04975088e+09 1.04975089e+09 1.04975090e+09
 1.04975091e+09 1.04975091e+09 1.04975092e+09 1.04975093e+09
 1.04975093e+09 1.04975094e+09 1.04975095e+09 1.04975096e+09
 1.04975096e+09 1.04975097e+09 1.04975098e+09 1.04975098e+09
 1.04975099e+09 1.04975100e+09 1.04975100e+09 1.04975101e+09
 1.04975102e+09 1.04975103e+09 1.04975103e+09 1.04975104e+09
 1.04975105e+09 1.04975105e+09 1.04975106e+09 1.04975107e+09
 1.04975108e+09 1.04975108e+09 1.04975109e+09 1.04975110e+09
 1.04975110e+09 1.04975111e+09 1.04975112e+09 1.04975113e+09
 1.04975113e+09 1.04975114e+09 1.04975115e+09 1.04975115e+09
 1.04975116e+09 1.04975117e+09 1.04975118e+09 1.04975118e+09
 1.04975119e+09 1.04975120e+09 1.04975120e+09 1.04975121e+09
 1.04975122e+09 1.04975123e+09 1.04975123e+09 1.04975124e+09
 1.04975125e+09 1.04975125e+09 1.04975126e+09 1.04975127e+09
 1.04975128e+09 1.04975128e+09 1.04975129e+09 1.04975130e+09
 1.04975130e+09 1.04975131e+09 1.04975132e+09 1.04975133e+09
 1.04975133e+09 1.04975134e+09 1.04975135e+09 1.04975135e+09
 1.04975136e+09 1.04975137e+09 1.04975138e+09 1.04975138e+09
 1.04975139e+09 1.04975140e+09 1.04975140e+09 1.04975141e+09
 1.04975142e+09 1.04975142e+09 1.04975143e+09 1.04975144e+09
 1.04975145e+09 1.04975145e+09 1.04975146e+09 1.04975147e+09
 1.04975147e+09 1.04975148e+09 1.04975149e+09 1.04975150e+09
 1.04975150e+09 1.04975151e+09 1.04975152e+09 1.04975152e+09
 1.04975153e+09 1.04975154e+09 1.04975155e+09 1.04975155e+09
 1.04975156e+09 1.04975157e+09 1.04975157e+09 1.04975158e+09
 1.04975159e+09 1.04975160e+09 1.04975160e+09 1.04975161e+09
 1.04975162e+09 1.04975162e+09 1.04975163e+09 1.04975164e+09
 1.04975165e+09 1.04975165e+09 1.04975166e+09 1.04975167e+09
 1.04975167e+09 1.04975168e+09 1.04975169e+09 1.04975170e+09
 1.04975170e+09 1.04975171e+09 1.04975172e+09 1.04975172e+09
 1.04975173e+09 1.04975174e+09 1.04975175e+09 1.04975175e+09
 1.04975176e+09 1.04975177e+09 1.04975177e+09 1.04975178e+09
 1.04975179e+09 1.04975179e+09 1.04975180e+09 1.04975181e+09
 1.04975182e+09 1.04975182e+09 1.04975183e+09 1.04975184e+09
 1.04975184e+09 1.04975185e+09 1.04975186e+09 1.04975187e+09
 1.04975187e+09 1.04975188e+09 1.04975189e+09 1.04975189e+09
 1.04975190e+09 1.04975191e+09 1.04975192e+09 1.04975192e+09
 1.04975193e+09 1.04975194e+09 1.04975194e+09 1.04975195e+09
 1.04975196e+09 1.04975197e+09 1.04975197e+09 1.04975198e+09
 1.04975199e+09 1.04975199e+09 1.04975200e+09 1.04975201e+09
 1.04975202e+09 1.04975202e+09 1.04975203e+09 1.04975204e+09
 1.04975204e+09 1.04975205e+09 1.04975206e+09 1.04975207e+09
 1.04975207e+09 1.04975208e+09 1.04975209e+09 1.04975209e+09
 1.04975210e+09 1.04975211e+09 1.04975212e+09 1.04975212e+09
 1.04975213e+09 1.04975214e+09 1.04975214e+09 1.04975215e+09
 1.04975216e+09 1.04975217e+09 1.04975217e+09 1.04975218e+09
 1.04975219e+09 1.04975219e+09 1.04975220e+09 1.04975221e+09
 1.04975221e+09 1.04975222e+09 1.04975223e+09 1.04975224e+09
 1.04975224e+09 1.04975225e+09 1.04975226e+09 1.04975226e+09
 1.04975227e+09 1.04975228e+09 1.04975229e+09 1.04975229e+09
 1.04975230e+09 1.04975231e+09 1.04975231e+09 1.04975232e+09
 1.04975233e+09 1.04975234e+09 1.04975234e+09 1.04975235e+09
 1.04975236e+09 1.04975236e+09 1.04975237e+09 1.04975238e+09
 1.04975239e+09 1.04975239e+09 1.04975240e+09 1.04975241e+09
 1.04975241e+09 1.04975242e+09 1.04975243e+09 1.04975244e+09
 1.04975244e+09 1.04975245e+09 1.04975246e+09 1.04975246e+09
 1.04975247e+09 1.04975248e+09 1.04975249e+09 1.04975249e+09
 1.04975250e+09 1.04975251e+09 1.04975251e+09 1.04975252e+09
 1.04975253e+09 1.04975254e+09 1.04975254e+09 1.04975255e+09
 1.04975256e+09 1.04975256e+09 1.04975257e+09 1.04975258e+09
 1.04975258e+09 1.04975259e+09 1.04975260e+09 1.04975261e+09
 1.04975261e+09 1.04975262e+09 1.04975263e+09 1.04975263e+09
 1.04975264e+09 1.04975265e+09 1.04975266e+09 1.04975266e+09
 1.04975267e+09 1.04975268e+09 1.04975268e+09 1.04975269e+09
 1.04975270e+09 1.04975271e+09 1.04975271e+09 1.04975272e+09
 1.04975273e+09 1.04975273e+09 1.04975274e+09 1.04975275e+09
 1.04975276e+09 1.04975276e+09 1.04975277e+09 1.04975278e+09
 1.04975278e+09 1.04975279e+09 1.04975280e+09 1.04975281e+09
 1.04975281e+09 1.04975282e+09 1.04975283e+09 1.04975283e+09
 1.04975284e+09 1.04975285e+09 1.04975286e+09 1.04975286e+09
 1.04975287e+09 1.04975288e+09 1.04975288e+09 1.04975289e+09
 1.04975290e+09 1.04975291e+09 1.04975291e+09 1.04975292e+09
 1.04975293e+09 1.04975293e+09 1.04975294e+09 1.04975295e+09
 1.04975296e+09 1.04975296e+09 1.04975297e+09 1.04975298e+09
 1.04975298e+09 1.04975299e+09 1.04975300e+09 1.04975300e+09
 1.04975301e+09 1.04975302e+09 1.04975303e+09 1.04975303e+09
 1.04975304e+09 1.04975305e+09 1.04975305e+09 1.04975306e+09
 1.04975307e+09 1.04975308e+09 1.04975308e+09 1.04975309e+09
 1.04975310e+09 1.04975310e+09 1.04975311e+09 1.04975312e+09
 1.04975313e+09 1.04975313e+09 1.04975314e+09 1.04975315e+09
 1.04975315e+09 1.04975316e+09 1.04975317e+09 1.04975318e+09
 1.04975318e+09 1.04975319e+09 1.04975320e+09 1.04975320e+09
 1.04975321e+09 1.04975322e+09 1.04975323e+09 1.04975323e+09
 1.04975324e+09 1.04975325e+09 1.04975325e+09 1.04975326e+09
 1.04975327e+09 1.04975328e+09 1.04975328e+09 1.04975329e+09
 1.04975330e+09 1.04975330e+09 1.04975331e+09 1.04975332e+09
 1.04975333e+09 1.04975333e+09 1.04975334e+09 1.04975335e+09
 1.04975335e+09 1.04975336e+09 1.04975337e+09 1.04975337e+09
 1.04975338e+09 1.04975339e+09 1.04975340e+09 1.04975340e+09
 1.04975341e+09 1.04975342e+09 1.04975342e+09 1.04975343e+09
 1.04975344e+09 1.04975345e+09 1.04975345e+09 1.04975346e+09
 1.04975347e+09 1.04975347e+09 1.04975348e+09 1.04975349e+09
 1.04975350e+09 1.04975350e+09 1.04975351e+09 1.04975352e+09
 1.04975352e+09 1.04975353e+09 1.04975354e+09 1.04975355e+09
 1.04975355e+09 1.04975356e+09 1.04975357e+09 1.04975357e+09
 1.04975358e+09 1.04975359e+09 1.04975360e+09 1.04975360e+09
 1.04975361e+09 1.04975362e+09 1.04975362e+09 1.04975363e+09
 1.04975364e+09 1.04975365e+09 1.04975365e+09 1.04975366e+09
 1.04975367e+09 1.04975367e+09 1.04975368e+09 1.04975369e+09
 1.04975370e+09 1.04975370e+09 1.04975371e+09 1.04975372e+09
 1.04975372e+09 1.04975373e+09 1.04975374e+09 1.04975375e+09
 1.04975375e+09 1.04975376e+09 1.04975377e+09 1.04975377e+09
 1.04975378e+09 1.04975379e+09 1.04975379e+09 1.04975380e+09
 1.04975381e+09 1.04975382e+09 1.04975382e+09 1.04975383e+09
 1.04975384e+09 1.04975384e+09 1.04975385e+09 1.04975386e+09
 1.04975387e+09 1.04975387e+09 1.04975388e+09 1.04975389e+09
 1.04975389e+09 1.04975390e+09 1.04975391e+09 1.04975392e+09
 1.04975392e+09 1.04975393e+09 1.04975394e+09 1.04975394e+09
 1.04975395e+09 1.04975396e+09 1.04975397e+09 1.04975397e+09
 1.04975398e+09 1.04975399e+09 1.04975399e+09 1.04975400e+09
 1.04975401e+09 1.04975402e+09 1.04975402e+09 1.04975403e+09
 1.04975404e+09 1.04975404e+09 1.04975405e+09 1.04975406e+09
 1.04975407e+09 1.04975407e+09 1.04975408e+09 1.04975409e+09
 1.04975409e+09 1.04975410e+09 1.04975411e+09 1.04975412e+09
 1.04975412e+09 1.04975413e+09 1.04975414e+09 1.04975414e+09
 1.04975415e+09 1.04975416e+09 1.04975416e+09 1.04975417e+09
 1.04975418e+09 1.04975419e+09 1.04975419e+09 1.04975420e+09
 1.04975421e+09 1.04975421e+09 1.04975422e+09 1.04975423e+09
 1.04975424e+09 1.04975424e+09 1.04975425e+09 1.04975426e+09
 1.04975426e+09 1.04975427e+09 1.04975428e+09 1.04975429e+09
 1.04975429e+09 1.04975430e+09 1.04975431e+09 1.04975431e+09
 1.04975432e+09 1.04975433e+09 1.04975434e+09 1.04975434e+09
 1.04975435e+09 1.04975436e+09 1.04975436e+09 1.04975437e+09
 1.04975438e+09 1.04975439e+09 1.04975439e+09 1.04975440e+09
 1.04975441e+09 1.04975441e+09 1.04975442e+09 1.04975443e+09
 1.04975444e+09 1.04975444e+09 1.04975445e+09 1.04975446e+09
 1.04975446e+09 1.04975447e+09 1.04975448e+09 1.04975449e+09
 1.04975449e+09 1.04975450e+09 1.04975451e+09 1.04975451e+09
 1.04975452e+09 1.04975453e+09 1.04975454e+09 1.04975454e+09
 1.04975455e+09 1.04975456e+09 1.04975456e+09 1.04975457e+09
 1.04975458e+09 1.04975458e+09 1.04975459e+09 1.04975460e+09
 1.04975461e+09 1.04975461e+09 1.04975462e+09 1.04975463e+09
 1.04975463e+09 1.04975464e+09 1.04975465e+09 1.04975466e+09
 1.04975466e+09 1.04975467e+09 1.04975468e+09 1.04975468e+09
 1.04975469e+09 1.04975470e+09 1.04975471e+09 1.04975471e+09
 1.04975472e+09 1.04975473e+09 1.04975473e+09 1.04975474e+09
 1.04975475e+09 1.04975476e+09 1.04975476e+09 1.04975477e+09
 1.04975478e+09 1.04975478e+09 1.04975479e+09 1.04975480e+09
 1.04975481e+09 1.04975481e+09 1.04975482e+09 1.04975483e+09
 1.04975483e+09 1.04975484e+09 1.04975485e+09 1.04975486e+09
 1.04975486e+09 1.04975487e+09 1.04975488e+09 1.04975488e+09
 1.04975489e+09 1.04975490e+09 1.04975491e+09 1.04975491e+09
 1.04975492e+09 1.04975493e+09 1.04975493e+09 1.04975494e+09
 1.04975495e+09 1.04975495e+09 1.04975496e+09 1.04975497e+09]
minRes = 0.5031615362562952
minResTime =  [1.04975497e+09]
