name =JUICE_ROI_CAL_5_0_08
flyby =  ['2032 OCT 13 20:53:36', '2032 OCT 14 20:53:36']
Observation TW =  <SpiceCell dtype = 1, length = 0, size = 3000, card = 10, is_set = 1, adjust = 0, init = 1, base = 2554802985616, data = 2554802985664>
Res(t) =  [4.15110061 4.1469085  4.14271666 4.13852509 4.13433378 4.13014274
 4.12595196 4.12176145 4.1175712  4.11338122 4.10919149 4.10500203
 4.10081283 4.09662389 4.0924352  4.08824678 4.08405862 4.07987071
 4.07568306 4.07149567 4.06730853 4.06312165 4.05893502 4.05474865
 4.05056253 4.04637666 4.04219105 4.03800569 4.03382057 4.02963571
 4.0254511  4.02126674 4.01708262 4.01289875 4.00871513 4.00453176
 4.00034863 3.99616575 3.99198311 3.98780072 3.98361857 3.97943666
 3.97525499 3.97107357 3.96689238 3.96271144 3.95853074 3.95435027
 3.95017005 3.94599006 3.94181031 3.93763079 3.93345151 3.92927247
 3.92509366 3.92091508 3.91673674 3.91255863 3.90838075 3.90420311
 3.90002569 3.89584851 3.89167155 3.88749483 3.88331833 3.87914206
 3.87496602 3.8707902  3.86661461 3.86243925 3.85826411 3.85408919
 3.8499145  3.84574003 3.84156578 3.83739176 3.83321795 3.82904437
 3.82487101 3.82069786 3.81652493 3.81235222 3.80817973 3.80400746
 3.7998354  3.79566356 3.79149193 3.78732051 3.78314931 3.77897832
 3.77480755 3.77063699 3.76646663 3.76229649 3.75812656 3.75395684
 3.74978732 3.74561802 3.74144892 3.73728003 3.73311134 3.72894286
 3.72477459 3.72060652 3.71643865 3.71227099 3.70810353 3.70393627
 3.69976921 3.69560236 3.6914357  3.68726924 3.68310298 3.67893693
 3.67477106 3.6706054  3.66643993 3.66227466 3.65810958 3.6539447
 3.64978001 3.64561552 3.64145121 3.6372871  3.63312319 3.62895946
 3.62479592 3.62063258 3.61646942 3.61230645 3.60814367 3.60398108
 3.59981867 3.59565645 3.59149441 3.58733256 3.5831709  3.57900942
 3.57484812 3.570687   3.56652607 3.56236532 3.55820474 3.55404435
 3.54988414 3.54572411 3.54156425 3.53740458 3.53324508 3.52908575
 3.5249266  3.52076763 3.51660884 3.51245021 3.50829176 3.50413349
 3.49997538 3.49581745 3.49165969 3.4875021  3.48334468 3.47918742
 3.47503034 3.47087343 3.46671668 3.4625601  3.45840368 3.45424744
 3.45009135 3.44593544 3.44177968 3.43762409 3.43346866 3.4293134
 3.42515829 3.42100335 3.41684856 3.41269394 3.40853948 3.40438517
 3.40023102 3.39607703 3.3919232  3.38776952 3.383616   3.37946264
 3.37530942 3.37115637 3.36700346 3.36285071 3.35869811 3.35454566
 3.35039336 3.34624121 3.34208922 3.33793737 3.33378567 3.32963412
 3.32548271 3.32133145 3.31718034 3.31302937 3.30887855 3.30472788
 3.30057734 3.29642695 3.2922767  3.2881266  3.28397664 3.27982681
 3.27567713 3.27152759 3.26737818 3.26322892 3.25907979 3.2549308
 3.25078194 3.24663323 3.24248464 3.2383362  3.23418788 3.2300397
 3.22589166 3.22174374 3.21759596 3.21344831 3.20930079 3.2051534
 3.20100615 3.19685902 3.19271201 3.18856514 3.18441839 3.18027177
 3.17612528 3.17197891 3.16783267 3.16368655 3.15954056 3.15539468
 3.15124894 3.14710331 3.1429578  3.13881242 3.13466715 3.13052201
 3.12637698 3.12223208 3.11808729 3.11394262 3.10979806 3.10565362
 3.1015093  3.09736509 3.093221   3.08907702 3.08493316 3.0807894
 3.07664576 3.07250223 3.06835881 3.0642155  3.06007231 3.05592922
 3.05178624 3.04764336 3.0435006  3.03935794 3.03521539 3.03107294
 3.0269306  3.02278837 3.01864624 3.01450421 3.01036228 3.00622046
 3.00207874 2.99793712 2.9937956  2.98965418 2.98551286 2.98137163
 2.97723051 2.97308948 2.96894856 2.96480772 2.96066699 2.95652635
 2.9523858  2.94824535 2.94410499 2.93996473 2.93582455 2.93168447
 2.92754448 2.92340458 2.91926478 2.91512506 2.91098543 2.90684589
 2.90270643 2.89856707 2.89442779 2.89028859 2.88614949 2.88201046
 2.87787152 2.87373267 2.8695939  2.86545521 2.8613166  2.85717808
 2.85303964 2.84890127 2.84476299 2.84062478 2.83648666 2.83234861
 2.82821064 2.82407275 2.81993493 2.81579719 2.81165953 2.80752193
 2.80338442 2.79924698 2.79510961 2.79097231 2.78683508 2.78269793
 2.77856084 2.77442383 2.77028689 2.76615001 2.7620132  2.75787646
 2.75373979 2.74960319 2.74546665 2.74133017 2.73719377 2.73305742
 2.72892114 2.72478493 2.72064877 2.71651268 2.71237665 2.70824068
 2.70410477 2.69996892 2.69583313 2.6916974  2.68756173 2.68342611
 2.67929055 2.67515505 2.6710196  2.66688421 2.66274888 2.65861359
 2.65447837 2.65034319 2.64620807 2.642073   2.63793798 2.63380301
 2.62966809 2.62553322 2.6213984  2.61726363 2.61312891 2.60899423
 2.6048596  2.60072502 2.59659048 2.59245599 2.58832154 2.58418713
 2.58005277 2.57591845 2.57178418 2.56764995 2.56351575 2.5593816
 2.55524749 2.55111342 2.54697938 2.54284539 2.53871143 2.53457751
 2.53044362 2.52630977 2.52217596 2.51804218 2.51390844 2.50977473
 2.50564105 2.50150741 2.4973738  2.49324022 2.48910667 2.48497315
 2.48083966 2.4767062  2.47257277 2.46843937 2.46430599 2.46017264
 2.45603932 2.45190602 2.44777275 2.44363951 2.43950629 2.43537309
 2.43123991 2.42710676 2.42297363 2.41884052 2.41470743 2.41057436
 2.40644131 2.40230828 2.39817527 2.39404228 2.3899093  2.38577634
 2.3816434  2.37751047 2.37337756 2.36924466 2.36511178 2.36097891
 2.35684605 2.35271321 2.34858037 2.34444755 2.34031474 2.33618194
 2.33204915 2.32791636 2.32378359 2.31965082 2.31551806 2.31138531
 2.30725256 2.30311982 2.29898709 2.29485435 2.29072163 2.2865889
 2.28245618 2.27832346 2.27419074 2.27005803 2.26592531 2.26179259
 2.25765988 2.25352716 2.24939444 2.24526171 2.24112899 2.23699626
 2.23286353 2.22873079 2.22459805 2.2204653  2.21633254 2.21219978
 2.20806701 2.20393423 2.19980145 2.19566865 2.19153585 2.18740303
 2.18327021 2.17913737 2.17500452 2.17087166 2.16673879 2.1626059
 2.158473   2.15434008 2.15020715 2.1460742  2.14194124 2.13780825
 2.13367525 2.12954224 2.1254092  2.12127615 2.11714307 2.11300997
 2.10887686 2.10474372 2.10061056 2.09647738 2.09234417 2.08821094
 2.08407769 2.07994441 2.0758111  2.07167777 2.06754441 2.06341103
 2.05927761 2.05514417 2.0510107  2.0468772  2.04274367 2.03861011
 2.03447652 2.0303429  2.02620924 2.02207556 2.01794183 2.01380808
 2.00967429 2.00554046 2.0014066  1.9972727  1.99313877 1.9890048
 1.98487079 1.98073674 1.97660265 1.97246852 1.96833436 1.96420015
 1.9600659  1.95593161 1.95179727 1.94766289 1.94352847 1.93939401
 1.9352595  1.93112494 1.92699034 1.92285569 1.91872099 1.91458625
 1.91045146 1.90631662 1.90218173 1.89804679 1.8939118  1.88977676
 1.88564166 1.88150652 1.87737132 1.87323607 1.86910076 1.8649654
 1.86082998 1.85669451 1.85255898 1.8484234  1.84428775 1.84015205
 1.83601629 1.83188048 1.8277446  1.82360866 1.81947266 1.8153366
 1.81120047 1.80706429 1.80292804 1.79879173 1.79465535 1.79051891
 1.7863824  1.78224582 1.77810918 1.77397247 1.7698357  1.76569885
 1.76156194 1.75742496 1.7532879  1.74915078 1.74501358 1.74087631
 1.73673897 1.73260156 1.72846407 1.72432651 1.72018887 1.71605116
 1.71191337 1.7077755  1.70363756 1.69949954 1.69536144 1.69122326
 1.68708501 1.68294667 1.67880825 1.67466975 1.67053117 1.6663925
 1.66225375 1.65811492 1.65397601 1.649837   1.64569792 1.64155875
 1.63741949 1.63328014 1.6291407  1.62500118 1.62086157 1.61672186
 1.61258207 1.60844219 1.60430221 1.60016215 1.59602198 1.59188173
 1.58774138 1.58360094 1.5794604  1.57531977 1.57117904 1.56703822
 1.56289729 1.55875627 1.55461515 1.55047393 1.54633261 1.54219119
 1.53804966 1.53390804 1.52976631 1.52562448 1.52148255 1.51734051
 1.51319837 1.50905612 1.50491377 1.50077131 1.49662874 1.49248606
 1.48834328 1.48420039 1.48005738 1.47591427 1.47177104 1.46762771
 1.46348426 1.45934069 1.45519702 1.45105323 1.44690932 1.4427653
 1.43862117 1.43447691 1.43033254 1.42618805 1.42204345 1.41789872
 1.41375388 1.40960891 1.40546382 1.40131861 1.39717328 1.39302783
 1.38888225 1.38473654 1.38059072 1.37644476 1.37229868 1.36815248
 1.36400614 1.35985968 1.35571309 1.35156637 1.34741952 1.34327254
 1.33912542 1.33497818 1.3308308  1.32668329 1.32253564 1.31838786
 1.31423995 1.3100919  1.30594371 1.30179538 1.29764692 1.29349832
 1.28934958 1.28520069 1.28105167 1.27690251 1.2727532  1.26860375
 1.26445416 1.26030443 1.25615455 1.25200452 1.24785435 1.24370403
 1.23955356 1.23540295 1.23125219 1.22710127 1.22295021 1.218799
 1.21464763 1.21049612 1.20634444 1.20219262 1.19804064 1.19388851
 1.18973622 1.18558377 1.18143117 1.17727841 1.17312549 1.16897241
 1.16481917 1.16066577 1.15651221 1.15235849 1.1482046  1.14405055
 1.13989634 1.13574196 1.13158742 1.1274327  1.12327783 1.11912278
 1.11496756 1.11081218 1.10665662 1.1025009  1.098345   1.09418893
 1.09003269 1.08587627 1.08171968 1.07756291 1.07340597 1.06924885
 1.06509155 1.06093408 1.05677642 1.05261859 1.04846057 1.04430237
 1.04014399 1.03598543 1.03182668 1.02766775 1.02350863 1.01934933
 1.01518984 1.01103016 1.00687029 1.00271024 0.99854999 0.99438955
 0.99022893 0.9860681  0.98190709 0.97774588 0.97358448 0.96942287
 0.96526108 0.96109908 0.95693689 0.9527745  0.94861191 0.94444911
 0.94028612 0.93612292 0.93195952 0.92779591 0.9236321  0.91946809
 0.91530387 0.91113943 0.9069748  0.90280995 0.89864489 0.89447962
 0.89031414 0.88614844 0.88198253 0.87781641 0.87365007 0.86948352
 0.86531674 0.86114975 0.85698254 0.85281511 0.84864746 0.84447959
 0.84031149 0.83614317 0.83197462 0.82780585 0.82363686 0.81946763
 0.81529818 0.8111285  0.80695858 0.80278844 0.79861806 0.79444745
 0.79027661 0.78610553 0.78193422 0.77776266 0.77359087 0.76941884
 0.76524657 0.76107406 0.75690131 0.75272832 0.74855508 0.74438159
 0.74020786 0.73603388 0.73185966 0.72768518 0.72351046 0.71933548
 0.71516025 0.71098477 0.70680904 0.70263305 0.6984568  0.6942803
 0.69010353 0.68592651 0.68174923 0.67757169 0.67339388 0.66921581
 0.66503747 0.66061957 0.65643998 0.65226013 0.64808    0.64389959
 0.63971891 0.63553796 0.63135672 0.6271752  0.62299341 0.61881133
 0.61462897 0.61044632 0.60626339 0.60208017 0.59789667 0.59371287
 0.58952879 0.58534441 0.58115974 0.57697478 0.57278952 0.56860397
 0.56441812 0.56023197 0.55604552 0.55185877 0.54767172 0.54348437
 0.53929672 0.53510875 0.53092049 0.52673191 0.52254303 0.51835384
 0.51416434 0.50997452 0.5057844  0.50159396 0.49740321 0.49321214
 0.48902075 0.48482905 0.48063703 0.4764447  0.47225204 0.46805907
 0.46386577 0.45967215 0.45547821 0.45128395 0.44708937 0.44289446
 0.43869923 0.43450368 0.4303078  0.4261116  0.42191507 0.41771822
 0.41352104 0.40932355 0.40512573 0.40092758 0.39672912 0.39253033
 0.38833122 0.3841318  0.37993206 0.375732   0.37153162 0.36733094
 0.36312994 0.35892864 0.35472703 0.35052512 0.3463229  0.3421204
 0.3379176  0.33371452 0.32951115 0.32530751 0.3211036  0.31689942
 0.31269499 0.30849031 0.30428538 0.30008023 0.29587485 0.29166925
 0.28746346 0.28325748 0.27905133 0.27484501 0.27063856 0.26643198
 0.26222529 0.25801852 0.25381168 0.24960481 0.24539793 0.24119107
 0.23698425 0.23277753 0.22857092 0.22436448 0.22015826 0.21595229
 0.21174664 0.20754136 0.20333652 0.1991322  0.19492847 0.19072541
 0.18652313 0.18232173 0.17812133 0.17392205 0.16972405 0.16552747
 0.16133251 0.15713935 0.15294821 0.14875936 0.14457305 0.14038962
 0.1362094  0.13203281 0.12786029 0.12369235 0.1195296  0.1153727
 0.11122243 0.10707968 0.1029455  0.09882111 0.09470791 0.09060759
 0.08652212 0.08245388 0.0784057  0.074381   0.07038398 0.06641978
 0.0624948  0.05861707 0.05479679 0.0510471  0.04738513 0.04383362
 0.0404232  0.03719599 0.03421101 0.03155278 0.02934519 0.0277747
 0.02713166 0.02789485 0.03094758 0.03833414]
t =  [1.03458569e+09 1.03458573e+09 1.03458577e+09 1.03458581e+09
 1.03458586e+09 1.03458590e+09 1.03458594e+09 1.03458599e+09
 1.03458603e+09 1.03458607e+09 1.03458611e+09 1.03458616e+09
 1.03458620e+09 1.03458624e+09 1.03458629e+09 1.03458633e+09
 1.03458637e+09 1.03458642e+09 1.03458646e+09 1.03458650e+09
 1.03458654e+09 1.03458659e+09 1.03458663e+09 1.03458667e+09
 1.03458672e+09 1.03458676e+09 1.03458680e+09 1.03458685e+09
 1.03458689e+09 1.03458693e+09 1.03458697e+09 1.03458702e+09
 1.03458706e+09 1.03458710e+09 1.03458715e+09 1.03458719e+09
 1.03458723e+09 1.03458727e+09 1.03458732e+09 1.03458736e+09
 1.03458740e+09 1.03458745e+09 1.03458749e+09 1.03458753e+09
 1.03458758e+09 1.03458762e+09 1.03458766e+09 1.03458770e+09
 1.03458775e+09 1.03458779e+09 1.03458783e+09 1.03458788e+09
 1.03458792e+09 1.03458796e+09 1.03458801e+09 1.03458805e+09
 1.03458809e+09 1.03458813e+09 1.03458818e+09 1.03458822e+09
 1.03458826e+09 1.03458831e+09 1.03458835e+09 1.03458839e+09
 1.03458844e+09 1.03458848e+09 1.03458852e+09 1.03458856e+09
 1.03458861e+09 1.03458865e+09 1.03458869e+09 1.03458874e+09
 1.03458878e+09 1.03458882e+09 1.03458886e+09 1.03458891e+09
 1.03458895e+09 1.03458899e+09 1.03458904e+09 1.03458908e+09
 1.03458912e+09 1.03458917e+09 1.03458921e+09 1.03458925e+09
 1.03458929e+09 1.03458934e+09 1.03458938e+09 1.03458942e+09
 1.03458947e+09 1.03458951e+09 1.03458955e+09 1.03458960e+09
 1.03458964e+09 1.03458968e+09 1.03458972e+09 1.03458977e+09
 1.03458981e+09 1.03458985e+09 1.03458990e+09 1.03458994e+09
 1.03458998e+09 1.03459002e+09 1.03459007e+09 1.03459011e+09
 1.03459015e+09 1.03459020e+09 1.03459024e+09 1.03459028e+09
 1.03459033e+09 1.03459037e+09 1.03459041e+09 1.03459045e+09
 1.03459050e+09 1.03459054e+09 1.03459058e+09 1.03459063e+09
 1.03459067e+09 1.03459071e+09 1.03459076e+09 1.03459080e+09
 1.03459084e+09 1.03459088e+09 1.03459093e+09 1.03459097e+09
 1.03459101e+09 1.03459106e+09 1.03459110e+09 1.03459114e+09
 1.03459119e+09 1.03459123e+09 1.03459127e+09 1.03459131e+09
 1.03459136e+09 1.03459140e+09 1.03459144e+09 1.03459149e+09
 1.03459153e+09 1.03459157e+09 1.03459161e+09 1.03459166e+09
 1.03459170e+09 1.03459174e+09 1.03459179e+09 1.03459183e+09
 1.03459187e+09 1.03459192e+09 1.03459196e+09 1.03459200e+09
 1.03459204e+09 1.03459209e+09 1.03459213e+09 1.03459217e+09
 1.03459222e+09 1.03459226e+09 1.03459230e+09 1.03459235e+09
 1.03459239e+09 1.03459243e+09 1.03459247e+09 1.03459252e+09
 1.03459256e+09 1.03459260e+09 1.03459265e+09 1.03459269e+09
 1.03459273e+09 1.03459277e+09 1.03459282e+09 1.03459286e+09
 1.03459290e+09 1.03459295e+09 1.03459299e+09 1.03459303e+09
 1.03459308e+09 1.03459312e+09 1.03459316e+09 1.03459320e+09
 1.03459325e+09 1.03459329e+09 1.03459333e+09 1.03459338e+09
 1.03459342e+09 1.03459346e+09 1.03459351e+09 1.03459355e+09
 1.03459359e+09 1.03459363e+09 1.03459368e+09 1.03459372e+09
 1.03459376e+09 1.03459381e+09 1.03459385e+09 1.03459389e+09
 1.03459393e+09 1.03459398e+09 1.03459402e+09 1.03459406e+09
 1.03459411e+09 1.03459415e+09 1.03459419e+09 1.03459424e+09
 1.03459428e+09 1.03459432e+09 1.03459436e+09 1.03459441e+09
 1.03459445e+09 1.03459449e+09 1.03459454e+09 1.03459458e+09
 1.03459462e+09 1.03459467e+09 1.03459471e+09 1.03459475e+09
 1.03459479e+09 1.03459484e+09 1.03459488e+09 1.03459492e+09
 1.03459497e+09 1.03459501e+09 1.03459505e+09 1.03459510e+09
 1.03459514e+09 1.03459518e+09 1.03459522e+09 1.03459527e+09
 1.03459531e+09 1.03459535e+09 1.03459540e+09 1.03459544e+09
 1.03459548e+09 1.03459552e+09 1.03459557e+09 1.03459561e+09
 1.03459565e+09 1.03459570e+09 1.03459574e+09 1.03459578e+09
 1.03459583e+09 1.03459587e+09 1.03459591e+09 1.03459595e+09
 1.03459600e+09 1.03459604e+09 1.03459608e+09 1.03459613e+09
 1.03459617e+09 1.03459621e+09 1.03459626e+09 1.03459630e+09
 1.03459634e+09 1.03459638e+09 1.03459643e+09 1.03459647e+09
 1.03459651e+09 1.03459656e+09 1.03459660e+09 1.03459664e+09
 1.03459668e+09 1.03459673e+09 1.03459677e+09 1.03459681e+09
 1.03459686e+09 1.03459690e+09 1.03459694e+09 1.03459699e+09
 1.03459703e+09 1.03459707e+09 1.03459711e+09 1.03459716e+09
 1.03459720e+09 1.03459724e+09 1.03459729e+09 1.03459733e+09
 1.03459737e+09 1.03459742e+09 1.03459746e+09 1.03459750e+09
 1.03459754e+09 1.03459759e+09 1.03459763e+09 1.03459767e+09
 1.03459772e+09 1.03459776e+09 1.03459780e+09 1.03459784e+09
 1.03459789e+09 1.03459793e+09 1.03459797e+09 1.03459802e+09
 1.03459806e+09 1.03459810e+09 1.03459815e+09 1.03459819e+09
 1.03459823e+09 1.03459827e+09 1.03459832e+09 1.03459836e+09
 1.03459840e+09 1.03459845e+09 1.03459849e+09 1.03459853e+09
 1.03459858e+09 1.03459862e+09 1.03459866e+09 1.03459870e+09
 1.03459875e+09 1.03459879e+09 1.03459883e+09 1.03459888e+09
 1.03459892e+09 1.03459896e+09 1.03459901e+09 1.03459905e+09
 1.03459909e+09 1.03459913e+09 1.03459918e+09 1.03459922e+09
 1.03459926e+09 1.03459931e+09 1.03459935e+09 1.03459939e+09
 1.03459943e+09 1.03459948e+09 1.03459952e+09 1.03459956e+09
 1.03459961e+09 1.03459965e+09 1.03459969e+09 1.03459974e+09
 1.03459978e+09 1.03459982e+09 1.03459986e+09 1.03459991e+09
 1.03459995e+09 1.03459999e+09 1.03460004e+09 1.03460008e+09
 1.03460012e+09 1.03460017e+09 1.03460021e+09 1.03460025e+09
 1.03460029e+09 1.03460034e+09 1.03460038e+09 1.03460042e+09
 1.03460047e+09 1.03460051e+09 1.03460055e+09 1.03460059e+09
 1.03460064e+09 1.03460068e+09 1.03460072e+09 1.03460077e+09
 1.03460081e+09 1.03460085e+09 1.03460090e+09 1.03460094e+09
 1.03460098e+09 1.03460102e+09 1.03460107e+09 1.03460111e+09
 1.03460115e+09 1.03460120e+09 1.03460124e+09 1.03460128e+09
 1.03460133e+09 1.03460137e+09 1.03460141e+09 1.03460145e+09
 1.03460150e+09 1.03460154e+09 1.03460158e+09 1.03460163e+09
 1.03460167e+09 1.03460171e+09 1.03460175e+09 1.03460180e+09
 1.03460184e+09 1.03460188e+09 1.03460193e+09 1.03460197e+09
 1.03460201e+09 1.03460206e+09 1.03460210e+09 1.03460214e+09
 1.03460218e+09 1.03460223e+09 1.03460227e+09 1.03460231e+09
 1.03460236e+09 1.03460240e+09 1.03460244e+09 1.03460249e+09
 1.03460253e+09 1.03460257e+09 1.03460261e+09 1.03460266e+09
 1.03460270e+09 1.03460274e+09 1.03460279e+09 1.03460283e+09
 1.03460287e+09 1.03460292e+09 1.03460296e+09 1.03460300e+09
 1.03460304e+09 1.03460309e+09 1.03460313e+09 1.03460317e+09
 1.03460322e+09 1.03460326e+09 1.03460330e+09 1.03460334e+09
 1.03460339e+09 1.03460343e+09 1.03460347e+09 1.03460352e+09
 1.03460356e+09 1.03460360e+09 1.03460365e+09 1.03460369e+09
 1.03460373e+09 1.03460377e+09 1.03460382e+09 1.03460386e+09
 1.03460390e+09 1.03460395e+09 1.03460399e+09 1.03460403e+09
 1.03460408e+09 1.03460412e+09 1.03460416e+09 1.03460420e+09
 1.03460425e+09 1.03460429e+09 1.03460433e+09 1.03460438e+09
 1.03460442e+09 1.03460446e+09 1.03460450e+09 1.03460455e+09
 1.03460459e+09 1.03460463e+09 1.03460468e+09 1.03460472e+09
 1.03460476e+09 1.03460481e+09 1.03460485e+09 1.03460489e+09
 1.03460493e+09 1.03460498e+09 1.03460502e+09 1.03460506e+09
 1.03460511e+09 1.03460515e+09 1.03460519e+09 1.03460524e+09
 1.03460528e+09 1.03460532e+09 1.03460536e+09 1.03460541e+09
 1.03460545e+09 1.03460549e+09 1.03460554e+09 1.03460558e+09
 1.03460562e+09 1.03460566e+09 1.03460571e+09 1.03460575e+09
 1.03460579e+09 1.03460584e+09 1.03460588e+09 1.03460592e+09
 1.03460597e+09 1.03460601e+09 1.03460605e+09 1.03460609e+09
 1.03460614e+09 1.03460618e+09 1.03460622e+09 1.03460627e+09
 1.03460631e+09 1.03460635e+09 1.03460640e+09 1.03460644e+09
 1.03460648e+09 1.03460652e+09 1.03460657e+09 1.03460661e+09
 1.03460665e+09 1.03460670e+09 1.03460674e+09 1.03460678e+09
 1.03460683e+09 1.03460687e+09 1.03460691e+09 1.03460695e+09
 1.03460700e+09 1.03460704e+09 1.03460708e+09 1.03460713e+09
 1.03460717e+09 1.03460721e+09 1.03460725e+09 1.03460730e+09
 1.03460734e+09 1.03460738e+09 1.03460743e+09 1.03460747e+09
 1.03460751e+09 1.03460756e+09 1.03460760e+09 1.03460764e+09
 1.03460768e+09 1.03460773e+09 1.03460777e+09 1.03460781e+09
 1.03460786e+09 1.03460790e+09 1.03460794e+09 1.03460799e+09
 1.03460803e+09 1.03460807e+09 1.03460811e+09 1.03460816e+09
 1.03460820e+09 1.03460824e+09 1.03460829e+09 1.03460833e+09
 1.03460837e+09 1.03460841e+09 1.03460846e+09 1.03460850e+09
 1.03460854e+09 1.03460859e+09 1.03460863e+09 1.03460867e+09
 1.03460872e+09 1.03460876e+09 1.03460880e+09 1.03460884e+09
 1.03460889e+09 1.03460893e+09 1.03460897e+09 1.03460902e+09
 1.03460906e+09 1.03460910e+09 1.03460915e+09 1.03460919e+09
 1.03460923e+09 1.03460927e+09 1.03460932e+09 1.03460936e+09
 1.03460940e+09 1.03460945e+09 1.03460949e+09 1.03460953e+09
 1.03460958e+09 1.03460962e+09 1.03460966e+09 1.03460970e+09
 1.03460975e+09 1.03460979e+09 1.03460983e+09 1.03460988e+09
 1.03460992e+09 1.03460996e+09 1.03461000e+09 1.03461005e+09
 1.03461009e+09 1.03461013e+09 1.03461018e+09 1.03461022e+09
 1.03461026e+09 1.03461031e+09 1.03461035e+09 1.03461039e+09
 1.03461043e+09 1.03461048e+09 1.03461052e+09 1.03461056e+09
 1.03461061e+09 1.03461065e+09 1.03461069e+09 1.03461074e+09
 1.03461078e+09 1.03461082e+09 1.03461086e+09 1.03461091e+09
 1.03461095e+09 1.03461099e+09 1.03461104e+09 1.03461108e+09
 1.03461112e+09 1.03461116e+09 1.03461121e+09 1.03461125e+09
 1.03461129e+09 1.03461134e+09 1.03461138e+09 1.03461142e+09
 1.03461147e+09 1.03461151e+09 1.03461155e+09 1.03461159e+09
 1.03461164e+09 1.03461168e+09 1.03461172e+09 1.03461177e+09
 1.03461181e+09 1.03461185e+09 1.03461190e+09 1.03461194e+09
 1.03461198e+09 1.03461202e+09 1.03461207e+09 1.03461211e+09
 1.03461215e+09 1.03461220e+09 1.03461224e+09 1.03461228e+09
 1.03461232e+09 1.03461237e+09 1.03461241e+09 1.03461245e+09
 1.03461250e+09 1.03461254e+09 1.03461258e+09 1.03461263e+09
 1.03461267e+09 1.03461271e+09 1.03461275e+09 1.03461280e+09
 1.03461284e+09 1.03461288e+09 1.03461293e+09 1.03461297e+09
 1.03461301e+09 1.03461306e+09 1.03461310e+09 1.03461314e+09
 1.03461318e+09 1.03461323e+09 1.03461327e+09 1.03461331e+09
 1.03461336e+09 1.03461340e+09 1.03461344e+09 1.03461349e+09
 1.03461353e+09 1.03461357e+09 1.03461361e+09 1.03461366e+09
 1.03461370e+09 1.03461374e+09 1.03461379e+09 1.03461383e+09
 1.03461387e+09 1.03461391e+09 1.03461396e+09 1.03461400e+09
 1.03461404e+09 1.03461409e+09 1.03461413e+09 1.03461417e+09
 1.03461422e+09 1.03461426e+09 1.03461430e+09 1.03461434e+09
 1.03461439e+09 1.03461443e+09 1.03461447e+09 1.03461452e+09
 1.03461456e+09 1.03461460e+09 1.03461465e+09 1.03461469e+09
 1.03461473e+09 1.03461477e+09 1.03461482e+09 1.03461486e+09
 1.03461490e+09 1.03461495e+09 1.03461499e+09 1.03461503e+09
 1.03461507e+09 1.03461512e+09 1.03461516e+09 1.03461520e+09
 1.03461525e+09 1.03461529e+09 1.03461533e+09 1.03461538e+09
 1.03461542e+09 1.03461546e+09 1.03461550e+09 1.03461555e+09
 1.03461559e+09 1.03461563e+09 1.03461568e+09 1.03461572e+09
 1.03461576e+09 1.03461581e+09 1.03461585e+09 1.03461589e+09
 1.03461593e+09 1.03461598e+09 1.03461602e+09 1.03461606e+09
 1.03461611e+09 1.03461615e+09 1.03461619e+09 1.03461623e+09
 1.03461628e+09 1.03461632e+09 1.03461636e+09 1.03461641e+09
 1.03461645e+09 1.03461649e+09 1.03461654e+09 1.03461658e+09
 1.03461662e+09 1.03461666e+09 1.03461671e+09 1.03461675e+09
 1.03461679e+09 1.03461684e+09 1.03461688e+09 1.03461692e+09
 1.03461697e+09 1.03461701e+09 1.03461705e+09 1.03461709e+09
 1.03461714e+09 1.03461718e+09 1.03461722e+09 1.03461727e+09
 1.03461731e+09 1.03461735e+09 1.03461740e+09 1.03461744e+09
 1.03461748e+09 1.03461752e+09 1.03461757e+09 1.03461761e+09
 1.03461765e+09 1.03461770e+09 1.03461774e+09 1.03461778e+09
 1.03461782e+09 1.03461787e+09 1.03461791e+09 1.03461795e+09
 1.03461800e+09 1.03461804e+09 1.03461808e+09 1.03461813e+09
 1.03461817e+09 1.03461821e+09 1.03461825e+09 1.03461830e+09
 1.03461834e+09 1.03461838e+09 1.03461843e+09 1.03461847e+09
 1.03461851e+09 1.03461856e+09 1.03461860e+09 1.03461864e+09
 1.03461868e+09 1.03461873e+09 1.03461877e+09 1.03461881e+09
 1.03461886e+09 1.03461890e+09 1.03461894e+09 1.03461898e+09
 1.03461903e+09 1.03461907e+09 1.03461911e+09 1.03461916e+09
 1.03461920e+09 1.03461924e+09 1.03461929e+09 1.03461933e+09
 1.03461937e+09 1.03461941e+09 1.03461946e+09 1.03461950e+09
 1.03461954e+09 1.03461959e+09 1.03461963e+09 1.03461967e+09
 1.03461972e+09 1.03461976e+09 1.03461980e+09 1.03461984e+09
 1.03461989e+09 1.03461993e+09 1.03461997e+09 1.03462002e+09
 1.03462006e+09 1.03462010e+09 1.03462014e+09 1.03462019e+09
 1.03462023e+09 1.03462027e+09 1.03462032e+09 1.03462036e+09
 1.03462040e+09 1.03462045e+09 1.03462049e+09 1.03462053e+09
 1.03462057e+09 1.03462062e+09 1.03462066e+09 1.03462070e+09
 1.03462075e+09 1.03462079e+09 1.03462083e+09 1.03462088e+09
 1.03462092e+09 1.03462096e+09 1.03462100e+09 1.03462105e+09
 1.03462109e+09 1.03462113e+09 1.03462118e+09 1.03462122e+09
 1.03462126e+09 1.03462131e+09 1.03462135e+09 1.03462139e+09
 1.03462143e+09 1.03462148e+09 1.03462152e+09 1.03462156e+09
 1.03462161e+09 1.03462165e+09 1.03462169e+09 1.03462173e+09
 1.03462178e+09 1.03462182e+09 1.03462186e+09 1.03462191e+09
 1.03462195e+09 1.03462199e+09 1.03462204e+09 1.03462208e+09
 1.03462212e+09 1.03462216e+09 1.03462221e+09 1.03462225e+09
 1.03462229e+09 1.03462234e+09 1.03462238e+09 1.03462242e+09
 1.03462247e+09 1.03462251e+09 1.03462255e+09 1.03462259e+09
 1.03462264e+09 1.03462268e+09 1.03462272e+09 1.03462277e+09
 1.03462281e+09 1.03462285e+09 1.03462289e+09 1.03462294e+09
 1.03462298e+09 1.03462302e+09 1.03462307e+09 1.03462311e+09
 1.03462315e+09 1.03462320e+09 1.03462324e+09 1.03462328e+09
 1.03462332e+09 1.03462337e+09 1.03462341e+09 1.03462345e+09
 1.03462350e+09 1.03462354e+09 1.03462358e+09 1.03462363e+09
 1.03462367e+09 1.03462371e+09 1.03462375e+09 1.03462380e+09
 1.03462384e+09 1.03462388e+09 1.03462393e+09 1.03462397e+09
 1.03462401e+09 1.03462406e+09 1.03462410e+09 1.03462414e+09
 1.03462418e+09 1.03462423e+09 1.03462427e+09 1.03462431e+09
 1.03462436e+09 1.03462440e+09 1.03462444e+09 1.03462448e+09
 1.03462453e+09 1.03462457e+09 1.03462461e+09 1.03462466e+09
 1.03462470e+09 1.03462474e+09 1.03462479e+09 1.03462483e+09
 1.03462487e+09 1.03462491e+09 1.03462496e+09 1.03462500e+09
 1.03462504e+09 1.03462509e+09 1.03462513e+09 1.03462517e+09
 1.03462522e+09 1.03462526e+09 1.03462530e+09 1.03462534e+09
 1.03462539e+09 1.03462543e+09 1.03462547e+09 1.03462552e+09
 1.03462556e+09 1.03462560e+09 1.03462564e+09 1.03462569e+09
 1.03462573e+09 1.03462577e+09 1.03462582e+09 1.03462586e+09
 1.03462590e+09 1.03462595e+09 1.03462599e+09 1.03462603e+09
 1.03462607e+09 1.03462612e+09 1.03462616e+09 1.03462620e+09
 1.03462625e+09 1.03462629e+09 1.03462633e+09 1.03462638e+09
 1.03462642e+09 1.03462646e+09 1.03462650e+09 1.03462655e+09
 1.03462659e+09 1.03462663e+09 1.03462668e+09 1.03462672e+09
 1.03462676e+09 1.03462680e+09 1.03462685e+09 1.03462689e+09
 1.03462693e+09 1.03462698e+09 1.03462702e+09 1.03462706e+09
 1.03462711e+09 1.03462715e+09 1.03462719e+09 1.03462723e+09
 1.03462728e+09 1.03462732e+09 1.03462736e+09 1.03462741e+09
 1.03462745e+09 1.03462749e+09 1.03462754e+09 1.03462758e+09
 1.03462762e+09 1.03462766e+09 1.03462771e+09 1.03462775e+09
 1.03462779e+09 1.03462784e+09 1.03462788e+09 1.03462792e+09
 1.03462797e+09 1.03462801e+09 1.03462805e+09 1.03462809e+09
 1.03462814e+09 1.03462818e+09 1.03462822e+09 1.03462827e+09
 1.03462831e+09 1.03462835e+09 1.03462839e+09 1.03462844e+09
 1.03462848e+09 1.03462852e+09 1.03462857e+09 1.03462861e+09]
minRes = 0.027131664540792435
minResTime =  [1.03462848e+09]
