name =JUICE_ROI_CAL_4_3_10
flyby =  ['2033 APR 06 23:29:30', '2033 APR 07 23:29:30']
Observation TW =  <SpiceCell dtype = 1, length = 0, size = 3400, card = 14, is_set = 1, adjust = 0, init = 1, base = 2554799706128, data = 2554799706176>
Res(t) =  [3.63043741 3.62696848 3.6234993  3.62002987 3.61656018 3.61309023
 3.60962003 3.60614958 3.60267887 3.5992079  3.59573668 3.59226521
 3.58879348 3.58532149 3.58184925 3.57837675 3.574904   3.57143099
 3.56795773 3.56448421 3.56101043 3.5575364  3.55406212 3.55058757
 3.54711277 3.54363772 3.54016241 3.53668684 3.53321101 3.52973493
 3.5262586  3.522782   3.51930515 3.51582804 3.51235068 3.50887306
 3.50539518 3.50191705 3.49843865 3.49496001 3.4914811  3.48800194
 3.48452251 3.48104284 3.4775629  3.47408271 3.47060225 3.46712155
 3.46364058 3.46015935 3.45667787 3.45319613 3.44971413 3.44623187
 3.44274936 3.43926659 3.43578355 3.43230026 3.42881671 3.42533291
 3.42184884 3.41836451 3.41487993 3.41139509 3.40790998 3.40442462
 3.400939   3.39745312 3.39396698 3.39048059 3.38699393 3.38350701
 3.38001984 3.3765324  3.3730447  3.36955675 3.36606853 3.36258005
 3.35909132 3.35560232 3.35211307 3.34862355 3.34513377 3.34164374
 3.33815344 3.33466288 3.33117206 3.32768098 3.32418964 3.32069804
 3.31720618 3.31371405 3.31022167 3.30672902 3.30323612 3.29974295
 3.29624952 3.29275583 3.28926187 3.28576766 3.28227318 3.27877844
 3.27528344 3.27178818 3.26829266 3.26479687 3.26130082 3.25780451
 3.25430794 3.2508111  3.247314   3.24381664 3.24031902 3.23682113
 3.23332298 3.22982457 3.2263259  3.22282696 3.21932776 3.21582829
 3.21232857 3.20882857 3.20532832 3.2018278  3.19832702 3.19482597
 3.19132466 3.18782309 3.18432125 3.18081915 3.17731679 3.17381416
 3.17031126 3.1668081  3.16330468 3.15980099 3.15629704 3.15279282
 3.14928834 3.1457836  3.14227858 3.13877331 3.13526777 3.13176196
 3.12825589 3.12474955 3.12124295 3.11773608 3.11422894 3.11072154
 3.10721388 3.10370595 3.10019775 3.09668928 3.09318056 3.08967156
 3.0861623  3.08265277 3.07914297 3.07563291 3.07212258 3.06861199
 3.06510113 3.06159    3.0580786  3.05456694 3.05105501 3.04754281
 3.04403035 3.04051762 3.03700462 3.03349135 3.02997782 3.02646401
 3.02294994 3.01943561 3.015921   3.01240613 3.00889098 3.00537557
 3.00185989 2.99834395 2.99482773 2.99131125 2.98779449 2.98427747
 2.98076018 2.97724262 2.97372479 2.97020669 2.96668833 2.96316969
 2.95965078 2.95613161 2.95261216 2.94909245 2.94557247 2.94205221
 2.93853169 2.93501089 2.93148983 2.92796849 2.92444689 2.92092501
 2.91740287 2.91388045 2.91035776 2.90683481 2.90331158 2.89978808
 2.89626431 2.89274027 2.88921595 2.88569137 2.88216651 2.87864139
 2.87511599 2.87159032 2.86806438 2.86453816 2.86101168 2.85748492
 2.85395789 2.85043059 2.84690301 2.84337517 2.83984705 2.83631866
 2.83278999 2.82926105 2.82573184 2.82220236 2.8186726  2.81514257
 2.81161227 2.8080817  2.80455085 2.80101972 2.79748833 2.79395666
 2.79042471 2.78689249 2.78336    2.77982724 2.7762942  2.77276088
 2.76922729 2.76569343 2.76215929 2.75862488 2.75509019 2.75155523
 2.74801999 2.74448448 2.74094869 2.73741263 2.73387629 2.73033968
 2.72680279 2.72326563 2.71972818 2.71619047 2.71265248 2.70911421
 2.70557566 2.70203684 2.69849775 2.69495837 2.69141872 2.6878788
 2.6843386  2.68079812 2.67725736 2.67371633 2.67017501 2.66663343
 2.66309156 2.65954942 2.656007   2.6524643  2.64892133 2.64537807
 2.64183454 2.63829073 2.63474664 2.63120228 2.62765764 2.62411271
 2.62056751 2.61702203 2.61347627 2.60993024 2.60638392 2.60283733
 2.59929045 2.5957433  2.59219587 2.58864816 2.58510016 2.58155189
 2.57800334 2.57445451 2.5709054  2.56735601 2.56380634 2.56025639
 2.55670616 2.55315565 2.54960485 2.54605378 2.54250243 2.53895079
 2.53539888 2.53184668 2.5282942  2.52474144 2.5211884  2.51763508
 2.51408148 2.51052759 2.50697342 2.50341897 2.49986424 2.49630923
 2.49275393 2.48919835 2.48564249 2.48208635 2.47852992 2.47497322
 2.47141622 2.46785895 2.46430139 2.46074355 2.45718543 2.45362702
 2.45006833 2.44650935 2.44295009 2.43939055 2.43583072 2.43227061
 2.42871022 2.42514954 2.42158858 2.41802733 2.4144658  2.41090398
 2.40734188 2.40377949 2.40021682 2.39665386 2.39309061 2.38952709
 2.38596327 2.38239917 2.37883479 2.37527012 2.37170516 2.36813992
 2.36457439 2.36100857 2.35744247 2.35387608 2.3503094  2.34674244
 2.34317519 2.33960766 2.33603983 2.33247172 2.32890333 2.32533464
 2.32176567 2.31819641 2.31462686 2.31105702 2.3074869  2.30391649
 2.30034579 2.2967748  2.29320352 2.28963195 2.2860601  2.28248796
 2.27891552 2.2753428  2.27176979 2.26819649 2.2646229  2.26104902
 2.25747485 2.25390039 2.25032565 2.24675061 2.24317528 2.23959966
 2.23602375 2.23244755 2.22887106 2.22529428 2.22171721 2.21813984
 2.21456219 2.21098424 2.20740601 2.20382748 2.20024866 2.19666955
 2.19309015 2.18951045 2.18593046 2.18235018 2.17876961 2.17518875
 2.17160759 2.16802614 2.1644444  2.16086237 2.15728004 2.15369742
 2.1501145  2.1465313  2.14294779 2.139364   2.13577991 2.13219553
 2.12861085 2.12502588 2.12144062 2.11785506 2.1142692  2.11068305
 2.10709661 2.10350987 2.09992284 2.09633551 2.09274789 2.08915997
 2.08557175 2.08198324 2.07839444 2.07480533 2.07121594 2.06762624
 2.06403625 2.06044596 2.05685538 2.0532645  2.04967332 2.04608185
 2.04249008 2.03889801 2.03530564 2.03171298 2.02812002 2.02452676
 2.0209332  2.01733935 2.0137452  2.01015075 2.006556   2.00296095
 1.9993656  1.99576996 1.99217401 1.98857777 1.98498123 1.98138439
 1.97778725 1.97418981 1.97059207 1.96699403 1.96339569 1.95979705
 1.9561981  1.95259886 1.94899932 1.94539948 1.94179934 1.93819889
 1.93459815 1.9309971  1.92739576 1.92379411 1.92019216 1.9165899
 1.91298735 1.9093845  1.90578134 1.90217788 1.89857411 1.89497005
 1.89136568 1.88776101 1.88415603 1.88055076 1.87694518 1.87333929
 1.86973311 1.86612662 1.86251982 1.85891272 1.85530532 1.85169761
 1.8480896  1.84448128 1.84087266 1.83726374 1.83365451 1.83004497
 1.82643513 1.82282498 1.81921453 1.81560377 1.81199271 1.80838134
 1.80476967 1.80115769 1.7975454  1.7939328  1.7903199  1.78670669
 1.78309318 1.77947936 1.77586523 1.77225079 1.76863605 1.76502099
 1.76140563 1.75778997 1.75417399 1.7505577  1.74694111 1.74332421
 1.739707   1.73608948 1.73247165 1.72885352 1.72523507 1.72161631
 1.71799725 1.71437787 1.71075819 1.70713819 1.70351788 1.69989727
 1.69627634 1.6926551  1.68903355 1.68541169 1.68178952 1.67816704
 1.67454425 1.67092114 1.66729773 1.663674   1.66004996 1.6564256
 1.65280094 1.64917596 1.64555067 1.64192507 1.63829915 1.63467292
 1.63104638 1.62741952 1.62379235 1.62016487 1.61653707 1.61290896
 1.60928053 1.60565179 1.60202273 1.59839336 1.59476368 1.59113368
 1.58750336 1.58387273 1.58024179 1.57661053 1.57297895 1.56934705
 1.56571484 1.56208232 1.55844947 1.55481631 1.55118284 1.54754904
 1.54391493 1.54028051 1.53664576 1.5330107  1.52937532 1.52573962
 1.5221036  1.51846727 1.51483061 1.51119364 1.50755635 1.50391874
 1.50028081 1.49664256 1.49300399 1.48936511 1.4857259  1.48208637
 1.47844652 1.47480636 1.47116587 1.46752506 1.46388393 1.46024248
 1.45660071 1.45295861 1.4493162  1.44567346 1.4420304  1.43838702
 1.43474332 1.4310993  1.42745495 1.42381028 1.42016529 1.41651997
 1.41287433 1.40922837 1.40558209 1.40193548 1.39828854 1.39464129
 1.3909937  1.3873458  1.38369757 1.38004901 1.37640013 1.37275093
 1.3691014  1.36545154 1.36180136 1.35815085 1.35450002 1.35084886
 1.34719737 1.34354556 1.33989342 1.33624096 1.33258816 1.32893504
 1.3252816  1.32162782 1.31797372 1.31431929 1.31066453 1.30700944
 1.30335403 1.29969828 1.29604221 1.29238581 1.28872908 1.28507202
 1.28141463 1.27775691 1.27409886 1.27044048 1.26678177 1.26312273
 1.25946336 1.25580366 1.25214363 1.24848327 1.24482257 1.24116155
 1.23750019 1.2338385  1.23017648 1.22651413 1.22285144 1.21918842
 1.21552507 1.21186139 1.20819737 1.20453302 1.20086834 1.19720332
 1.19353797 1.18987229 1.18620627 1.18253991 1.17887323 1.1752062
 1.17153885 1.16787116 1.16420313 1.16053477 1.15686607 1.15319703
 1.14952766 1.14585796 1.14218791 1.13851754 1.13484682 1.13117577
 1.12750438 1.12383265 1.12016059 1.11648819 1.11281545 1.10914237
 1.10546896 1.1017952  1.09812111 1.09444668 1.09077192 1.08709681
 1.08342136 1.07974558 1.07606945 1.07239299 1.06871618 1.06503904
 1.06136156 1.05768373 1.05400557 1.05032706 1.04664822 1.04296903
 1.0392895  1.03560963 1.03192942 1.02824887 1.02456798 1.02088674
 1.01720517 1.01352325 1.00984099 1.00615838 1.00247544 0.99879215
 0.99510852 0.99142454 0.98774022 0.98405556 0.98037056 0.97668521
 0.97299952 0.96931348 0.9656271  0.96194038 0.95825331 0.9545659
 0.95087814 0.94719004 0.94350159 0.9398128  0.93612366 0.93243418
 0.92874436 0.92505419 0.92136367 0.91767281 0.9139816  0.91029004
 0.90659814 0.9029059  0.89921331 0.89552037 0.89182709 0.88813346
 0.88443948 0.88074516 0.87705049 0.87335547 0.86966011 0.8659644
 0.86226834 0.85857194 0.85487519 0.8511781  0.84748065 0.84378286
 0.84008473 0.83638625 0.83268741 0.82898824 0.82528871 0.82158884
 0.81788862 0.81418806 0.81048715 0.80678589 0.80308428 0.79938233
 0.79568003 0.79197739 0.7882744  0.78457106 0.78086737 0.77716334
 0.77345897 0.76975424 0.76604918 0.76234376 0.758638   0.7549319
 0.75122544 0.74751865 0.74381151 0.74010402 0.73639619 0.73268802
 0.7289795  0.72527064 0.72156143 0.71785188 0.71414199 0.71043176
 0.70672118 0.70301026 0.699299   0.6955874  0.69187546 0.68816318
 0.68445056 0.6807376  0.6770243  0.67331066 0.66959668 0.66588237
 0.66216772 0.65845273 0.65473741 0.65102176 0.64730577 0.64358944
 0.63987279 0.6361558  0.63243848 0.62872083 0.62500285 0.62128454
 0.61756591 0.61384695 0.61012766 0.60640805 0.60268812 0.59896786
 0.5964905  0.59276884 0.58904685 0.58532453 0.58160189 0.57787893
 0.57415564 0.57043203 0.5667081  0.56298385 0.55925929 0.55553441
 0.55180922 0.54808372 0.5443579  0.54063178 0.53690535 0.53317862
 0.52945158 0.52572425 0.52199662 0.51826869 0.51454048 0.51081197
 0.50708317 0.50335409 0.49962473 0.49589509 0.49216518 0.48843499
 0.48470454 0.48097382 0.47724284 0.4735116  0.46978011 0.46604838
 0.46231639 0.45858417 0.45485172 0.45111903 0.44738612 0.44365299
 0.43991965 0.4361861  0.43245235 0.4287184  0.42498427 0.42124996
 0.41751547 0.41378082 0.41004601 0.40631105 0.40257595 0.39884072
 0.39510537 0.39136991 0.38763435 0.38389869 0.38016296 0.37642717
 0.37269132 0.36895544 0.36521952 0.3614836  0.35774768 0.35401179
 0.35027593 0.34654013 0.3428044  0.33906877 0.33533325 0.33159788
 0.32786266 0.32412763 0.32039281 0.31665822 0.31292391 0.30918989
 0.3054562  0.30172287 0.29798994 0.29425745 0.29052543 0.28679393
 0.283063   0.27933267 0.27560301 0.27187406 0.26814589 0.26441854
 0.2606921  0.25696662 0.25324217 0.24951885 0.24579673 0.2420759
 0.23835645 0.2346385  0.23092214 0.2272075  0.2234947  0.21978388
 0.21607519 0.21236878 0.20866482 0.2049635  0.20126503 0.1975696
 0.19387746 0.19018886 0.18650408 0.18282343 0.17914722 0.17547582
 0.17180962 0.16814907 0.16449462 0.16084681 0.15720621 0.15357347
 0.1499493  0.14633447 0.14272989 0.13913652 0.13555547 0.13198797
 0.12843544 0.12489944 0.12138177 0.11788448 0.11440991 0.11096075
 0.1075401  0.10415158 0.10079939 0.09748845 0.09422458 0.09101469
 0.08786704 0.0847916  0.08180047 0.07890851 0.07613419 0.07350063
 0.07103731 0.06878231 0.0667858  0.06511534 0.0638644  0.06316695
 0.06322371 0.0643542  0.06711125 0.07257541]
t =  [1.04971504e+09 1.04971508e+09 1.04971512e+09 1.04971517e+09
 1.04971521e+09 1.04971525e+09 1.04971530e+09 1.04971534e+09
 1.04971538e+09 1.04971542e+09 1.04971547e+09 1.04971551e+09
 1.04971555e+09 1.04971559e+09 1.04971564e+09 1.04971568e+09
 1.04971572e+09 1.04971577e+09 1.04971581e+09 1.04971585e+09
 1.04971589e+09 1.04971594e+09 1.04971598e+09 1.04971602e+09
 1.04971606e+09 1.04971611e+09 1.04971615e+09 1.04971619e+09
 1.04971624e+09 1.04971628e+09 1.04971632e+09 1.04971636e+09
 1.04971641e+09 1.04971645e+09 1.04971649e+09 1.04971653e+09
 1.04971658e+09 1.04971662e+09 1.04971666e+09 1.04971671e+09
 1.04971675e+09 1.04971679e+09 1.04971683e+09 1.04971688e+09
 1.04971692e+09 1.04971696e+09 1.04971700e+09 1.04971705e+09
 1.04971709e+09 1.04971713e+09 1.04971718e+09 1.04971722e+09
 1.04971726e+09 1.04971730e+09 1.04971735e+09 1.04971739e+09
 1.04971743e+09 1.04971747e+09 1.04971752e+09 1.04971756e+09
 1.04971760e+09 1.04971765e+09 1.04971769e+09 1.04971773e+09
 1.04971777e+09 1.04971782e+09 1.04971786e+09 1.04971790e+09
 1.04971794e+09 1.04971799e+09 1.04971803e+09 1.04971807e+09
 1.04971812e+09 1.04971816e+09 1.04971820e+09 1.04971824e+09
 1.04971829e+09 1.04971833e+09 1.04971837e+09 1.04971841e+09
 1.04971846e+09 1.04971850e+09 1.04971854e+09 1.04971859e+09
 1.04971863e+09 1.04971867e+09 1.04971871e+09 1.04971876e+09
 1.04971880e+09 1.04971884e+09 1.04971888e+09 1.04971893e+09
 1.04971897e+09 1.04971901e+09 1.04971906e+09 1.04971910e+09
 1.04971914e+09 1.04971918e+09 1.04971923e+09 1.04971927e+09
 1.04971931e+09 1.04971935e+09 1.04971940e+09 1.04971944e+09
 1.04971948e+09 1.04971953e+09 1.04971957e+09 1.04971961e+09
 1.04971965e+09 1.04971970e+09 1.04971974e+09 1.04971978e+09
 1.04971982e+09 1.04971987e+09 1.04971991e+09 1.04971995e+09
 1.04972000e+09 1.04972004e+09 1.04972008e+09 1.04972012e+09
 1.04972017e+09 1.04972021e+09 1.04972025e+09 1.04972029e+09
 1.04972034e+09 1.04972038e+09 1.04972042e+09 1.04972047e+09
 1.04972051e+09 1.04972055e+09 1.04972059e+09 1.04972064e+09
 1.04972068e+09 1.04972072e+09 1.04972076e+09 1.04972081e+09
 1.04972085e+09 1.04972089e+09 1.04972094e+09 1.04972098e+09
 1.04972102e+09 1.04972106e+09 1.04972111e+09 1.04972115e+09
 1.04972119e+09 1.04972123e+09 1.04972128e+09 1.04972132e+09
 1.04972136e+09 1.04972141e+09 1.04972145e+09 1.04972149e+09
 1.04972153e+09 1.04972158e+09 1.04972162e+09 1.04972166e+09
 1.04972170e+09 1.04972175e+09 1.04972179e+09 1.04972183e+09
 1.04972188e+09 1.04972192e+09 1.04972196e+09 1.04972200e+09
 1.04972205e+09 1.04972209e+09 1.04972213e+09 1.04972217e+09
 1.04972222e+09 1.04972226e+09 1.04972230e+09 1.04972235e+09
 1.04972239e+09 1.04972243e+09 1.04972247e+09 1.04972252e+09
 1.04972256e+09 1.04972260e+09 1.04972264e+09 1.04972269e+09
 1.04972273e+09 1.04972277e+09 1.04972282e+09 1.04972286e+09
 1.04972290e+09 1.04972294e+09 1.04972299e+09 1.04972303e+09
 1.04972307e+09 1.04972311e+09 1.04972316e+09 1.04972320e+09
 1.04972324e+09 1.04972329e+09 1.04972333e+09 1.04972337e+09
 1.04972341e+09 1.04972346e+09 1.04972350e+09 1.04972354e+09
 1.04972358e+09 1.04972363e+09 1.04972367e+09 1.04972371e+09
 1.04972376e+09 1.04972380e+09 1.04972384e+09 1.04972388e+09
 1.04972393e+09 1.04972397e+09 1.04972401e+09 1.04972405e+09
 1.04972410e+09 1.04972414e+09 1.04972418e+09 1.04972423e+09
 1.04972427e+09 1.04972431e+09 1.04972435e+09 1.04972440e+09
 1.04972444e+09 1.04972448e+09 1.04972452e+09 1.04972457e+09
 1.04972461e+09 1.04972465e+09 1.04972470e+09 1.04972474e+09
 1.04972478e+09 1.04972482e+09 1.04972487e+09 1.04972491e+09
 1.04972495e+09 1.04972499e+09 1.04972504e+09 1.04972508e+09
 1.04972512e+09 1.04972517e+09 1.04972521e+09 1.04972525e+09
 1.04972529e+09 1.04972534e+09 1.04972538e+09 1.04972542e+09
 1.04972546e+09 1.04972551e+09 1.04972555e+09 1.04972559e+09
 1.04972564e+09 1.04972568e+09 1.04972572e+09 1.04972576e+09
 1.04972581e+09 1.04972585e+09 1.04972589e+09 1.04972593e+09
 1.04972598e+09 1.04972602e+09 1.04972606e+09 1.04972611e+09
 1.04972615e+09 1.04972619e+09 1.04972623e+09 1.04972628e+09
 1.04972632e+09 1.04972636e+09 1.04972640e+09 1.04972645e+09
 1.04972649e+09 1.04972653e+09 1.04972657e+09 1.04972662e+09
 1.04972666e+09 1.04972670e+09 1.04972675e+09 1.04972679e+09
 1.04972683e+09 1.04972687e+09 1.04972692e+09 1.04972696e+09
 1.04972700e+09 1.04972704e+09 1.04972709e+09 1.04972713e+09
 1.04972717e+09 1.04972722e+09 1.04972726e+09 1.04972730e+09
 1.04972734e+09 1.04972739e+09 1.04972743e+09 1.04972747e+09
 1.04972751e+09 1.04972756e+09 1.04972760e+09 1.04972764e+09
 1.04972769e+09 1.04972773e+09 1.04972777e+09 1.04972781e+09
 1.04972786e+09 1.04972790e+09 1.04972794e+09 1.04972798e+09
 1.04972803e+09 1.04972807e+09 1.04972811e+09 1.04972816e+09
 1.04972820e+09 1.04972824e+09 1.04972828e+09 1.04972833e+09
 1.04972837e+09 1.04972841e+09 1.04972845e+09 1.04972850e+09
 1.04972854e+09 1.04972858e+09 1.04972863e+09 1.04972867e+09
 1.04972871e+09 1.04972875e+09 1.04972880e+09 1.04972884e+09
 1.04972888e+09 1.04972892e+09 1.04972897e+09 1.04972901e+09
 1.04972905e+09 1.04972910e+09 1.04972914e+09 1.04972918e+09
 1.04972922e+09 1.04972927e+09 1.04972931e+09 1.04972935e+09
 1.04972939e+09 1.04972944e+09 1.04972948e+09 1.04972952e+09
 1.04972957e+09 1.04972961e+09 1.04972965e+09 1.04972969e+09
 1.04972974e+09 1.04972978e+09 1.04972982e+09 1.04972986e+09
 1.04972991e+09 1.04972995e+09 1.04972999e+09 1.04973004e+09
 1.04973008e+09 1.04973012e+09 1.04973016e+09 1.04973021e+09
 1.04973025e+09 1.04973029e+09 1.04973033e+09 1.04973038e+09
 1.04973042e+09 1.04973046e+09 1.04973051e+09 1.04973055e+09
 1.04973059e+09 1.04973063e+09 1.04973068e+09 1.04973072e+09
 1.04973076e+09 1.04973080e+09 1.04973085e+09 1.04973089e+09
 1.04973093e+09 1.04973098e+09 1.04973102e+09 1.04973106e+09
 1.04973110e+09 1.04973115e+09 1.04973119e+09 1.04973123e+09
 1.04973127e+09 1.04973132e+09 1.04973136e+09 1.04973140e+09
 1.04973145e+09 1.04973149e+09 1.04973153e+09 1.04973157e+09
 1.04973162e+09 1.04973166e+09 1.04973170e+09 1.04973174e+09
 1.04973179e+09 1.04973183e+09 1.04973187e+09 1.04973192e+09
 1.04973196e+09 1.04973200e+09 1.04973204e+09 1.04973209e+09
 1.04973213e+09 1.04973217e+09 1.04973221e+09 1.04973226e+09
 1.04973230e+09 1.04973234e+09 1.04973239e+09 1.04973243e+09
 1.04973247e+09 1.04973251e+09 1.04973256e+09 1.04973260e+09
 1.04973264e+09 1.04973268e+09 1.04973273e+09 1.04973277e+09
 1.04973281e+09 1.04973286e+09 1.04973290e+09 1.04973294e+09
 1.04973298e+09 1.04973303e+09 1.04973307e+09 1.04973311e+09
 1.04973315e+09 1.04973320e+09 1.04973324e+09 1.04973328e+09
 1.04973333e+09 1.04973337e+09 1.04973341e+09 1.04973345e+09
 1.04973350e+09 1.04973354e+09 1.04973358e+09 1.04973362e+09
 1.04973367e+09 1.04973371e+09 1.04973375e+09 1.04973380e+09
 1.04973384e+09 1.04973388e+09 1.04973392e+09 1.04973397e+09
 1.04973401e+09 1.04973405e+09 1.04973409e+09 1.04973414e+09
 1.04973418e+09 1.04973422e+09 1.04973427e+09 1.04973431e+09
 1.04973435e+09 1.04973439e+09 1.04973444e+09 1.04973448e+09
 1.04973452e+09 1.04973456e+09 1.04973461e+09 1.04973465e+09
 1.04973469e+09 1.04973474e+09 1.04973478e+09 1.04973482e+09
 1.04973486e+09 1.04973491e+09 1.04973495e+09 1.04973499e+09
 1.04973503e+09 1.04973508e+09 1.04973512e+09 1.04973516e+09
 1.04973521e+09 1.04973525e+09 1.04973529e+09 1.04973533e+09
 1.04973538e+09 1.04973542e+09 1.04973546e+09 1.04973550e+09
 1.04973555e+09 1.04973559e+09 1.04973563e+09 1.04973568e+09
 1.04973572e+09 1.04973576e+09 1.04973580e+09 1.04973585e+09
 1.04973589e+09 1.04973593e+09 1.04973597e+09 1.04973602e+09
 1.04973606e+09 1.04973610e+09 1.04973615e+09 1.04973619e+09
 1.04973623e+09 1.04973627e+09 1.04973632e+09 1.04973636e+09
 1.04973640e+09 1.04973644e+09 1.04973649e+09 1.04973653e+09
 1.04973657e+09 1.04973662e+09 1.04973666e+09 1.04973670e+09
 1.04973674e+09 1.04973679e+09 1.04973683e+09 1.04973687e+09
 1.04973691e+09 1.04973696e+09 1.04973700e+09 1.04973704e+09
 1.04973709e+09 1.04973713e+09 1.04973717e+09 1.04973721e+09
 1.04973726e+09 1.04973730e+09 1.04973734e+09 1.04973738e+09
 1.04973743e+09 1.04973747e+09 1.04973751e+09 1.04973756e+09
 1.04973760e+09 1.04973764e+09 1.04973768e+09 1.04973773e+09
 1.04973777e+09 1.04973781e+09 1.04973785e+09 1.04973790e+09
 1.04973794e+09 1.04973798e+09 1.04973803e+09 1.04973807e+09
 1.04973811e+09 1.04973815e+09 1.04973820e+09 1.04973824e+09
 1.04973828e+09 1.04973832e+09 1.04973837e+09 1.04973841e+09
 1.04973845e+09 1.04973850e+09 1.04973854e+09 1.04973858e+09
 1.04973862e+09 1.04973867e+09 1.04973871e+09 1.04973875e+09
 1.04973879e+09 1.04973884e+09 1.04973888e+09 1.04973892e+09
 1.04973897e+09 1.04973901e+09 1.04973905e+09 1.04973909e+09
 1.04973914e+09 1.04973918e+09 1.04973922e+09 1.04973926e+09
 1.04973931e+09 1.04973935e+09 1.04973939e+09 1.04973944e+09
 1.04973948e+09 1.04973952e+09 1.04973956e+09 1.04973961e+09
 1.04973965e+09 1.04973969e+09 1.04973973e+09 1.04973978e+09
 1.04973982e+09 1.04973986e+09 1.04973991e+09 1.04973995e+09
 1.04973999e+09 1.04974003e+09 1.04974008e+09 1.04974012e+09
 1.04974016e+09 1.04974020e+09 1.04974025e+09 1.04974029e+09
 1.04974033e+09 1.04974038e+09 1.04974042e+09 1.04974046e+09
 1.04974050e+09 1.04974055e+09 1.04974059e+09 1.04974063e+09
 1.04974067e+09 1.04974072e+09 1.04974076e+09 1.04974080e+09
 1.04974085e+09 1.04974089e+09 1.04974093e+09 1.04974097e+09
 1.04974102e+09 1.04974106e+09 1.04974110e+09 1.04974114e+09
 1.04974119e+09 1.04974123e+09 1.04974127e+09 1.04974132e+09
 1.04974136e+09 1.04974140e+09 1.04974144e+09 1.04974149e+09
 1.04974153e+09 1.04974157e+09 1.04974161e+09 1.04974166e+09
 1.04974170e+09 1.04974174e+09 1.04974179e+09 1.04974183e+09
 1.04974187e+09 1.04974191e+09 1.04974196e+09 1.04974200e+09
 1.04974204e+09 1.04974208e+09 1.04974213e+09 1.04974217e+09
 1.04974221e+09 1.04974226e+09 1.04974230e+09 1.04974234e+09
 1.04974238e+09 1.04974243e+09 1.04974247e+09 1.04974251e+09
 1.04974255e+09 1.04974260e+09 1.04974264e+09 1.04974268e+09
 1.04974273e+09 1.04974277e+09 1.04974281e+09 1.04974285e+09
 1.04974290e+09 1.04974294e+09 1.04974298e+09 1.04974302e+09
 1.04974307e+09 1.04974311e+09 1.04974315e+09 1.04974320e+09
 1.04974324e+09 1.04974328e+09 1.04974332e+09 1.04974337e+09
 1.04974341e+09 1.04974345e+09 1.04974349e+09 1.04974354e+09
 1.04974358e+09 1.04974362e+09 1.04974367e+09 1.04974371e+09
 1.04974375e+09 1.04974379e+09 1.04974384e+09 1.04974388e+09
 1.04974392e+09 1.04974396e+09 1.04974401e+09 1.04974405e+09
 1.04974409e+09 1.04974414e+09 1.04974418e+09 1.04974422e+09
 1.04974426e+09 1.04974431e+09 1.04974435e+09 1.04974439e+09
 1.04974443e+09 1.04974448e+09 1.04974452e+09 1.04974456e+09
 1.04974461e+09 1.04974465e+09 1.04974469e+09 1.04974473e+09
 1.04974478e+09 1.04974482e+09 1.04974486e+09 1.04974490e+09
 1.04974495e+09 1.04974499e+09 1.04974503e+09 1.04974508e+09
 1.04974512e+09 1.04974516e+09 1.04974520e+09 1.04974525e+09
 1.04974529e+09 1.04974533e+09 1.04974537e+09 1.04974542e+09
 1.04974546e+09 1.04974550e+09 1.04974554e+09 1.04974559e+09
 1.04974563e+09 1.04974567e+09 1.04974572e+09 1.04974576e+09
 1.04974580e+09 1.04974584e+09 1.04974589e+09 1.04974593e+09
 1.04974597e+09 1.04974601e+09 1.04974606e+09 1.04974610e+09
 1.04974614e+09 1.04974619e+09 1.04974623e+09 1.04974627e+09
 1.04974631e+09 1.04974636e+09 1.04974640e+09 1.04974644e+09
 1.04974648e+09 1.04974653e+09 1.04974657e+09 1.04974661e+09
 1.04974666e+09 1.04974670e+09 1.04974674e+09 1.04974678e+09
 1.04974683e+09 1.04974687e+09 1.04974691e+09 1.04974695e+09
 1.04974700e+09 1.04974704e+09 1.04974708e+09 1.04974713e+09
 1.04974717e+09 1.04974721e+09 1.04974725e+09 1.04974730e+09
 1.04974734e+09 1.04974738e+09 1.04974742e+09 1.04974747e+09
 1.04974751e+09 1.04974755e+09 1.04974760e+09 1.04974764e+09
 1.04974768e+09 1.04974772e+09 1.04974777e+09 1.04974781e+09
 1.04974785e+09 1.04974789e+09 1.04974794e+09 1.04974798e+09
 1.04974802e+09 1.04974807e+09 1.04974811e+09 1.04974815e+09
 1.04974819e+09 1.04974824e+09 1.04974828e+09 1.04974832e+09
 1.04974836e+09 1.04974841e+09 1.04974845e+09 1.04974849e+09
 1.04974854e+09 1.04974858e+09 1.04974862e+09 1.04974866e+09
 1.04974871e+09 1.04974875e+09 1.04974879e+09 1.04974883e+09
 1.04974888e+09 1.04974892e+09 1.04974896e+09 1.04974901e+09
 1.04974905e+09 1.04974909e+09 1.04974913e+09 1.04974918e+09
 1.04974922e+09 1.04974926e+09 1.04974930e+09 1.04974935e+09
 1.04974939e+09 1.04974943e+09 1.04974948e+09 1.04974952e+09
 1.04974956e+09 1.04974960e+09 1.04974965e+09 1.04974969e+09
 1.04974973e+09 1.04974977e+09 1.04974982e+09 1.04974986e+09
 1.04974990e+09 1.04974995e+09 1.04974999e+09 1.04975003e+09
 1.04975007e+09 1.04975012e+09 1.04975016e+09 1.04975020e+09
 1.04975024e+09 1.04975029e+09 1.04975033e+09 1.04975037e+09
 1.04975042e+09 1.04975046e+09 1.04975050e+09 1.04975054e+09
 1.04975059e+09 1.04975063e+09 1.04975067e+09 1.04975071e+09
 1.04975076e+09 1.04975080e+09 1.04975084e+09 1.04975089e+09
 1.04975093e+09 1.04975097e+09 1.04975101e+09 1.04975106e+09
 1.04975110e+09 1.04975114e+09 1.04975118e+09 1.04975123e+09
 1.04975127e+09 1.04975131e+09 1.04975136e+09 1.04975140e+09
 1.04975144e+09 1.04975148e+09 1.04975153e+09 1.04975157e+09
 1.04975161e+09 1.04975165e+09 1.04975170e+09 1.04975174e+09
 1.04975178e+09 1.04975183e+09 1.04975187e+09 1.04975191e+09
 1.04975195e+09 1.04975200e+09 1.04975204e+09 1.04975208e+09
 1.04975212e+09 1.04975217e+09 1.04975221e+09 1.04975225e+09
 1.04975230e+09 1.04975234e+09 1.04975238e+09 1.04975242e+09
 1.04975247e+09 1.04975251e+09 1.04975255e+09 1.04975259e+09
 1.04975264e+09 1.04975268e+09 1.04975272e+09 1.04975277e+09
 1.04975281e+09 1.04975285e+09 1.04975289e+09 1.04975294e+09
 1.04975298e+09 1.04975302e+09 1.04975306e+09 1.04975311e+09
 1.04975315e+09 1.04975319e+09 1.04975324e+09 1.04975328e+09
 1.04975332e+09 1.04975336e+09 1.04975341e+09 1.04975345e+09
 1.04975349e+09 1.04975353e+09 1.04975358e+09 1.04975362e+09
 1.04975366e+09 1.04975371e+09 1.04975375e+09 1.04975379e+09
 1.04975383e+09 1.04975388e+09 1.04975392e+09 1.04975396e+09
 1.04975400e+09 1.04975405e+09 1.04975409e+09 1.04975413e+09
 1.04975418e+09 1.04975422e+09 1.04975426e+09 1.04975430e+09
 1.04975435e+09 1.04975439e+09 1.04975443e+09 1.04975447e+09
 1.04975452e+09 1.04975456e+09 1.04975460e+09 1.04975465e+09
 1.04975469e+09 1.04975473e+09 1.04975477e+09 1.04975482e+09
 1.04975486e+09 1.04975490e+09 1.04975494e+09 1.04975499e+09
 1.04975503e+09 1.04975507e+09 1.04975512e+09 1.04975516e+09
 1.04975520e+09 1.04975524e+09 1.04975529e+09 1.04975533e+09
 1.04975537e+09 1.04975541e+09 1.04975546e+09 1.04975550e+09
 1.04975554e+09 1.04975559e+09 1.04975563e+09 1.04975567e+09
 1.04975571e+09 1.04975576e+09 1.04975580e+09 1.04975584e+09
 1.04975588e+09 1.04975593e+09 1.04975597e+09 1.04975601e+09
 1.04975606e+09 1.04975610e+09 1.04975614e+09 1.04975618e+09
 1.04975623e+09 1.04975627e+09 1.04975631e+09 1.04975635e+09
 1.04975640e+09 1.04975644e+09 1.04975648e+09 1.04975653e+09
 1.04975657e+09 1.04975661e+09 1.04975665e+09 1.04975670e+09
 1.04975674e+09 1.04975678e+09 1.04975682e+09 1.04975687e+09
 1.04975691e+09 1.04975695e+09 1.04975700e+09 1.04975704e+09
 1.04975708e+09 1.04975712e+09 1.04975717e+09 1.04975721e+09
 1.04975725e+09 1.04975729e+09 1.04975734e+09 1.04975738e+09
 1.04975742e+09 1.04975747e+09 1.04975751e+09 1.04975755e+09
 1.04975759e+09 1.04975764e+09 1.04975768e+09 1.04975772e+09]
minRes = 0.06316694516175886
minResTime =  [1.04975755e+09]
