name =JUICE_ROI_CAL_4_6_02
flyby =  ['2033 JUL 16 02:11:44', '2033 JUL 17 02:11:44']
Observation TW =  <SpiceCell dtype = 1, length = 0, size = 3000, card = 10, is_set = 1, adjust = 0, init = 1, base = 2554797768592, data = 2554797768640>
Res(t) =  [4.63519576 4.63132994 4.62746367 4.62359695 4.6197298  4.6158622
 4.61199415 4.60812566 4.60425673 4.60038735 4.59651753 4.59264726
 4.58877655 4.5849054  4.5810338  4.57716176 4.57328927 4.56941633
 4.56554295 4.56166913 4.55779486 4.55392015 4.55004499 4.54616938
 4.54229333 4.53841684 4.53453989 4.53066251 4.52678467 4.52290639
 4.51902767 4.5151485  4.51126888 4.50738882 4.50350831 4.49962735
 4.49574595 4.4918641  4.48798181 4.48409907 4.48021588 4.47633224
 4.47244816 4.46856363 4.46467865 4.46079323 4.45690736 4.45302104
 4.44913427 4.44524706 4.4413594  4.43747129 4.43358273 4.42969373
 4.42580428 4.42191437 4.41802403 4.41413323 4.41024199 4.40635029
 4.40245815 4.39856556 4.39467252 4.39077903 4.3868851  4.38299071
 4.37909588 4.3752006  4.37130486 4.36740868 4.36351205 4.35961497
 4.35571744 4.35181946 4.34792104 4.34402216 4.34012283 4.33622305
 4.33232283 4.32842215 4.32452102 4.32061944 4.31671742 4.31281494
 4.30891201 4.30500863 4.3011048  4.29720052 4.29329579 4.28939061
 4.28548498 4.28157889 4.27767236 4.27376537 4.26985793 4.26595005
 4.26204171 4.25813292 4.25422367 4.25031398 4.24640383 4.24249323
 4.23858218 4.23467068 4.23075873 4.22684632 4.22293346 4.21902015
 4.21510639 4.21119218 4.20727751 4.20336239 4.19944682 4.19553079
 4.19161431 4.18769738 4.18377999 4.17986216 4.17594387 4.17202512
 4.16810592 4.16418627 4.16026617 4.15634561 4.1524246  4.14850313
 4.14458121 4.14065884 4.13673601 4.13281273 4.128889   4.12496481
 4.12104016 4.11711506 4.11318951 4.1092635  4.10533704 4.10141012
 4.09748275 4.09355493 4.08962664 4.08569791 4.08176872 4.07783907
 4.07390897 4.06997841 4.0660474  4.06211593 4.058184   4.05425162
 4.05031879 4.0463855  4.04245175 4.03851755 4.03458289 4.03064777
 4.0267122  4.02277617 4.01883969 4.01490274 4.01096535 4.00702749
 4.00308918 3.99915041 3.99521119 3.99127151 3.98733137 3.98339077
 3.97944972 3.97550821 3.97156624 3.96762381 3.96368093 3.95973759
 3.95579379 3.95184954 3.94790482 3.94395965 3.94001402 3.93606794
 3.93212139 3.92817439 3.92422692 3.920279   3.91633062 3.91238179
 3.90843249 3.90448274 3.90053252 3.89658185 3.89263072 3.88867913
 3.88472708 3.88077457 3.8768216  3.87286817 3.86891429 3.86495994
 3.86100514 3.85704987 3.85309415 3.84913796 3.84518132 3.84122421
 3.83726665 3.83330863 3.82935014 3.8253912  3.82143179 3.81747193
 3.8135116  3.80955081 3.80558957 3.80162786 3.79766569 3.79370306
 3.78973997 3.78577642 3.78181241 3.77784794 3.773883   3.76991761
 3.76595175 3.76198543 3.75801865 3.75405141 3.75008371 3.74611554
 3.74214692 3.73817783 3.73420828 3.73023827 3.72626779 3.72229686
 3.71832546 3.7143536  3.71038127 3.70640849 3.70243524 3.69846153
 3.69448736 3.69051272 3.68653762 3.68256206 3.67858604 3.67460955
 3.6706326  3.66665519 3.66267731 3.65869897 3.65472017 3.6507409
 3.64676117 3.64278097 3.63880032 3.6348192  3.63083761 3.62685556
 3.62287305 3.61889007 3.61490663 3.61092273 3.60693836 3.60295353
 3.59896823 3.59498247 3.59099624 3.58700955 3.5830224  3.57903478
 3.5750467  3.57105815 3.56706913 3.56307965 3.55908971 3.5550993
 3.55110843 3.54711709 3.54312529 3.53913302 3.53514028 3.53114708
 3.52715342 3.52315929 3.51916469 3.51516963 3.5111741  3.50717811
 3.50318165 3.49918472 3.49518733 3.49118948 3.48719115 3.48319236
 3.47919311 3.47519339 3.4711932  3.46719254 3.46319142 3.45918984
 3.45518778 3.45118526 3.44718228 3.44317882 3.4391749  3.43517052
 3.43116566 3.42716034 3.42315455 3.4191483  3.41514158 3.41113439
 3.40712673 3.40311861 3.39911002 3.39510096 3.39109143 3.38708144
 3.38307098 3.37906005 3.37504865 3.37103679 3.36702446 3.36301166
 3.35899839 3.35498466 3.35097045 3.34695578 3.34294065 3.33892504
 3.33490896 3.33089242 3.32687541 3.32285793 3.31883998 3.31482157
 3.31080268 3.30678333 3.30276351 3.29874322 3.29472246 3.29070123
 3.28667953 3.28265737 3.27863474 3.27461163 3.27058806 3.26656402
 3.26253951 3.25851453 3.25448909 3.25046317 3.24643679 3.24240993
 3.23838261 3.23435482 3.23032655 3.22629782 3.22226862 3.21823895
 3.21420881 3.2101782  3.20614713 3.20211558 3.19808356 3.19405107
 3.19001812 3.18598469 3.1819508  3.17791643 3.1738816  3.16984629
 3.16581052 3.16177427 3.15773756 3.15370037 3.14966272 3.14562459
 3.141586   3.13754694 3.1335074  3.1294674  3.12542692 3.12138598
 3.11734457 3.11330268 3.10926033 3.1052175  3.10117421 3.09713044
 3.09308621 3.0890415  3.08499633 3.08095068 3.07690456 3.07285798
 3.06881092 3.06476339 3.06071539 3.05666693 3.05261799 3.04856858
 3.0445187  3.04046835 3.03641753 3.03236624 3.02831448 3.02426225
 3.02020954 3.01615637 3.01210273 3.00804862 3.00399403 2.99993898
 2.99588345 2.99182746 2.98777099 2.98371406 2.97965665 2.97559877
 2.97154042 2.9674816  2.96342232 2.95936256 2.95530233 2.95124163
 2.94718046 2.94311881 2.9390567  2.93499412 2.93093107 2.92686755
 2.92280355 2.91873909 2.91467416 2.91060875 2.90654288 2.90247653
 2.89840972 2.89434243 2.89027467 2.88620645 2.88213775 2.87806859
 2.87399895 2.86992884 2.86585827 2.86178722 2.8577157  2.85364371
 2.84957126 2.84549833 2.84142493 2.83735107 2.83327673 2.82920192
 2.82512665 2.8210509  2.81697468 2.812898   2.80882084 2.80474322
 2.80066512 2.79658656 2.79250753 2.78842802 2.78434805 2.78026761
 2.7761867  2.77210532 2.76802347 2.76394115 2.75985836 2.75577511
 2.75169138 2.74760719 2.74352252 2.73943739 2.73535179 2.73126572
 2.72717919 2.72309218 2.7190047  2.71491676 2.71082835 2.70673947
 2.70265012 2.69856031 2.69447003 2.69037927 2.68628806 2.68219637
 2.67810421 2.67401159 2.6699185  2.66582495 2.66173092 2.65763643
 2.65354147 2.64944605 2.64535016 2.6412538  2.63715697 2.63305968
 2.62896192 2.6248637  2.62076501 2.61666585 2.61256623 2.60846614
 2.60436558 2.60026456 2.59616308 2.59206113 2.58795871 2.58385583
 2.57975248 2.57564867 2.57154439 2.56743965 2.56333445 2.55922878
 2.55512264 2.55101605 2.54690898 2.54280146 2.53869347 2.53458502
 2.5304761  2.52636672 2.52225688 2.51814657 2.51403581 2.50992458
 2.50581288 2.50170073 2.49758811 2.49347503 2.48936149 2.48524749
 2.48113303 2.47701811 2.47290272 2.46878688 2.46467057 2.4605538
 2.45643658 2.45231889 2.44820075 2.44408214 2.43996308 2.43584355
 2.43172357 2.42760313 2.42348223 2.41936087 2.41523906 2.41111678
 2.40699405 2.40287086 2.39874722 2.39462312 2.39049856 2.38637355
 2.38224808 2.37812215 2.37399577 2.36986893 2.36574164 2.3616139
 2.3574857  2.35335704 2.34922793 2.34509837 2.34096836 2.33683789
 2.33270697 2.32857559 2.32444377 2.32031149 2.31617877 2.31204559
 2.30791196 2.30377788 2.29964335 2.29550837 2.29137294 2.28723706
 2.28310073 2.27896395 2.27482673 2.27068906 2.26655094 2.26241238
 2.25827336 2.2541339  2.249994   2.24585365 2.24171286 2.23757162
 2.23342993 2.22928781 2.22514524 2.22100222 2.21685877 2.21271487
 2.20857053 2.20442575 2.20028052 2.19613486 2.19198876 2.18784222
 2.18369524 2.17954782 2.17539996 2.17125167 2.16710293 2.16295377
 2.15880416 2.15465412 2.15050365 2.14635274 2.14220139 2.13804962
 2.13389741 2.12974477 2.12559169 2.12143819 2.11728425 2.11312988
 2.10897509 2.10481986 2.10066421 2.09650813 2.09235162 2.08819469
 2.08403733 2.07987954 2.07572133 2.0715627  2.06740364 2.06324416
 2.05908426 2.05492394 2.0507632  2.04660203 2.04244045 2.03827845
 2.03411603 2.02995319 2.02578994 2.02162627 2.01746219 2.01329769
 2.00913278 2.00496746 2.00080173 1.99663558 1.99246903 1.98830206
 1.98413469 1.97996691 1.97579873 1.97163013 1.96746114 1.96329174
 1.95912193 1.95495172 1.95078112 1.94661011 1.9424387  1.9382669
 1.93409469 1.92992209 1.9257491  1.92157571 1.91740192 1.91322775
 1.90905318 1.90487822 1.90070288 1.89652714 1.89235102 1.88817451
 1.88399762 1.87982034 1.87564269 1.87146465 1.86728623 1.86310743
 1.85892825 1.8547487  1.85056877 1.84638846 1.84220779 1.83802674
 1.83384532 1.82966354 1.82548139 1.82129887 1.81711598 1.81293273
 1.80874913 1.80456516 1.80038083 1.79619614 1.7920111  1.7878257
 1.78363995 1.77945385 1.7752674  1.7710806  1.76689345 1.76270596
 1.75851813 1.75432995 1.75014143 1.74595258 1.74176339 1.73757386
 1.733384   1.72919381 1.72500329 1.72081244 1.71662127 1.71242977
 1.70823795 1.70404581 1.69985336 1.69566059 1.6914675  1.6872741
 1.6830804  1.67888638 1.67469206 1.67049744 1.66630251 1.66210729
 1.65791177 1.65371596 1.64951985 1.64532346 1.64112678 1.63692981
 1.63273256 1.62853504 1.62433723 1.62013915 1.6159408  1.61174218
 1.6075433  1.60334415 1.59914473 1.59494507 1.59074514 1.58654496
 1.58234454 1.57814386 1.57394295 1.56974179 1.5655404  1.56133877
 1.55713691 1.55293482 1.54873251 1.54452998 1.54032723 1.53612426
 1.53192108 1.5277177  1.52351411 1.51931033 1.51510634 1.51090217
 1.5066978  1.50249325 1.49828852 1.49408361 1.48987853 1.48567328
 1.48146787 1.47726229 1.47305656 1.46885067 1.46464464 1.46043847
 1.45623216 1.45202571 1.44781913 1.44361243 1.43940562 1.43519868
 1.43099164 1.42678449 1.42257725 1.41836991 1.41416248 1.40995496
 1.40574737 1.40153971 1.39733199 1.3931242  1.38891635 1.38470846
 1.38050053 1.37629256 1.37208456 1.36787653 1.36366849 1.35946044
 1.35525239 1.35104433 1.34683629 1.34262826 1.33842026 1.33421229
 1.33000436 1.32579648 1.32158865 1.31738088 1.31317318 1.30896556
 1.30475803 1.30055059 1.29634325 1.29213603 1.28792893 1.28372195
 1.27951512 1.27530844 1.27110191 1.26689555 1.26268937 1.25848337
 1.25427758 1.25007199 1.24586662 1.24166148 1.23745658 1.23325193
 1.22904754 1.22484343 1.22063961 1.21643608 1.21223287 1.20802998
 1.20382743 1.19962522 1.19542338 1.19122192 1.18702085 1.18282018
 1.17861993 1.17442011 1.17022074 1.16602184 1.16182341 1.15762548
 1.15342807 1.14923118 1.14503483 1.14083905 1.13664385 1.13244925
 1.12825526 1.12406191 1.11986921 1.11567719 1.11148586 1.10729524
 1.10310536 1.09891624 1.0947279  1.09054035 1.08635363 1.08216776
 1.07798276 1.07379865 1.06961547 1.06543322 1.06125195 1.05707168
 1.05289244 1.04871424 1.04453713 1.04036113 1.03618627 1.03201259
 1.0278401  1.02366885 1.01949887 1.0153302  1.01116286 1.00699689
 1.00283233 0.99866921 0.99450758 0.99034747 0.98618892 0.98203198
 0.97787668 0.97372308 0.9695712  0.96542111 0.96127284 0.95712645
 0.95298197 0.94883948 0.94469901 0.94056061 0.93642436 0.93229029
 0.92815847 0.92402896 0.91990182 0.91577711 0.9116549  0.90753525
 0.90357641 0.89945595 0.89533816 0.89122312 0.88711089 0.88300155
 0.87889519 0.87479188 0.87069171 0.86659476 0.86250113 0.8584109
 0.85432417 0.85024104 0.8461616  0.84208597 0.83801425 0.83394655
 0.82988298 0.82582367 0.82176874 0.81771831 0.81367252 0.8096315
 0.80559539 0.80156434 0.79753849 0.79351801 0.78950306 0.7854938
 0.78149041 0.77749306 0.77350195 0.76951726 0.76553921 0.761568
 0.75760384 0.75364697 0.74969761 0.74575602 0.74182245 0.73789716
 0.73398043 0.73007254 0.7261738  0.72228452 0.71840503 0.71453566
 0.71067677 0.70682874 0.70299195 0.69916681 0.69535374 0.6915532
 0.68776563 0.68399155 0.68023145 0.67648588 0.6727554  0.66904061
 0.66534213 0.66166061 0.65799676 0.65435129 0.65072498 0.64711864
 0.64353312 0.63996933 0.63642822 0.63291081 0.62941818 0.62595145
 0.62251183 0.61910061 0.61571916 0.61236891 0.60905143 0.60576834
 0.60252143 0.59931257 0.59614376 0.59301719]
t =  [1.05836477e+09 1.05836481e+09 1.05836485e+09 1.05836489e+09
 1.05836493e+09 1.05836497e+09 1.05836501e+09 1.05836505e+09
 1.05836509e+09 1.05836513e+09 1.05836517e+09 1.05836521e+09
 1.05836525e+09 1.05836528e+09 1.05836532e+09 1.05836536e+09
 1.05836540e+09 1.05836544e+09 1.05836548e+09 1.05836552e+09
 1.05836556e+09 1.05836560e+09 1.05836564e+09 1.05836568e+09
 1.05836572e+09 1.05836576e+09 1.05836580e+09 1.05836584e+09
 1.05836588e+09 1.05836591e+09 1.05836595e+09 1.05836599e+09
 1.05836603e+09 1.05836607e+09 1.05836611e+09 1.05836615e+09
 1.05836619e+09 1.05836623e+09 1.05836627e+09 1.05836631e+09
 1.05836635e+09 1.05836639e+09 1.05836643e+09 1.05836647e+09
 1.05836651e+09 1.05836654e+09 1.05836658e+09 1.05836662e+09
 1.05836666e+09 1.05836670e+09 1.05836674e+09 1.05836678e+09
 1.05836682e+09 1.05836686e+09 1.05836690e+09 1.05836694e+09
 1.05836698e+09 1.05836702e+09 1.05836706e+09 1.05836710e+09
 1.05836714e+09 1.05836717e+09 1.05836721e+09 1.05836725e+09
 1.05836729e+09 1.05836733e+09 1.05836737e+09 1.05836741e+09
 1.05836745e+09 1.05836749e+09 1.05836753e+09 1.05836757e+09
 1.05836761e+09 1.05836765e+09 1.05836769e+09 1.05836773e+09
 1.05836777e+09 1.05836780e+09 1.05836784e+09 1.05836788e+09
 1.05836792e+09 1.05836796e+09 1.05836800e+09 1.05836804e+09
 1.05836808e+09 1.05836812e+09 1.05836816e+09 1.05836820e+09
 1.05836824e+09 1.05836828e+09 1.05836832e+09 1.05836836e+09
 1.05836840e+09 1.05836843e+09 1.05836847e+09 1.05836851e+09
 1.05836855e+09 1.05836859e+09 1.05836863e+09 1.05836867e+09
 1.05836871e+09 1.05836875e+09 1.05836879e+09 1.05836883e+09
 1.05836887e+09 1.05836891e+09 1.05836895e+09 1.05836899e+09
 1.05836903e+09 1.05836906e+09 1.05836910e+09 1.05836914e+09
 1.05836918e+09 1.05836922e+09 1.05836926e+09 1.05836930e+09
 1.05836934e+09 1.05836938e+09 1.05836942e+09 1.05836946e+09
 1.05836950e+09 1.05836954e+09 1.05836958e+09 1.05836962e+09
 1.05836965e+09 1.05836969e+09 1.05836973e+09 1.05836977e+09
 1.05836981e+09 1.05836985e+09 1.05836989e+09 1.05836993e+09
 1.05836997e+09 1.05837001e+09 1.05837005e+09 1.05837009e+09
 1.05837013e+09 1.05837017e+09 1.05837021e+09 1.05837025e+09
 1.05837028e+09 1.05837032e+09 1.05837036e+09 1.05837040e+09
 1.05837044e+09 1.05837048e+09 1.05837052e+09 1.05837056e+09
 1.05837060e+09 1.05837064e+09 1.05837068e+09 1.05837072e+09
 1.05837076e+09 1.05837080e+09 1.05837084e+09 1.05837088e+09
 1.05837091e+09 1.05837095e+09 1.05837099e+09 1.05837103e+09
 1.05837107e+09 1.05837111e+09 1.05837115e+09 1.05837119e+09
 1.05837123e+09 1.05837127e+09 1.05837131e+09 1.05837135e+09
 1.05837139e+09 1.05837143e+09 1.05837147e+09 1.05837151e+09
 1.05837154e+09 1.05837158e+09 1.05837162e+09 1.05837166e+09
 1.05837170e+09 1.05837174e+09 1.05837178e+09 1.05837182e+09
 1.05837186e+09 1.05837190e+09 1.05837194e+09 1.05837198e+09
 1.05837202e+09 1.05837206e+09 1.05837210e+09 1.05837214e+09
 1.05837217e+09 1.05837221e+09 1.05837225e+09 1.05837229e+09
 1.05837233e+09 1.05837237e+09 1.05837241e+09 1.05837245e+09
 1.05837249e+09 1.05837253e+09 1.05837257e+09 1.05837261e+09
 1.05837265e+09 1.05837269e+09 1.05837273e+09 1.05837277e+09
 1.05837280e+09 1.05837284e+09 1.05837288e+09 1.05837292e+09
 1.05837296e+09 1.05837300e+09 1.05837304e+09 1.05837308e+09
 1.05837312e+09 1.05837316e+09 1.05837320e+09 1.05837324e+09
 1.05837328e+09 1.05837332e+09 1.05837336e+09 1.05837340e+09
 1.05837343e+09 1.05837347e+09 1.05837351e+09 1.05837355e+09
 1.05837359e+09 1.05837363e+09 1.05837367e+09 1.05837371e+09
 1.05837375e+09 1.05837379e+09 1.05837383e+09 1.05837387e+09
 1.05837391e+09 1.05837395e+09 1.05837399e+09 1.05837402e+09
 1.05837406e+09 1.05837410e+09 1.05837414e+09 1.05837418e+09
 1.05837422e+09 1.05837426e+09 1.05837430e+09 1.05837434e+09
 1.05837438e+09 1.05837442e+09 1.05837446e+09 1.05837450e+09
 1.05837454e+09 1.05837458e+09 1.05837462e+09 1.05837465e+09
 1.05837469e+09 1.05837473e+09 1.05837477e+09 1.05837481e+09
 1.05837485e+09 1.05837489e+09 1.05837493e+09 1.05837497e+09
 1.05837501e+09 1.05837505e+09 1.05837509e+09 1.05837513e+09
 1.05837517e+09 1.05837521e+09 1.05837525e+09 1.05837528e+09
 1.05837532e+09 1.05837536e+09 1.05837540e+09 1.05837544e+09
 1.05837548e+09 1.05837552e+09 1.05837556e+09 1.05837560e+09
 1.05837564e+09 1.05837568e+09 1.05837572e+09 1.05837576e+09
 1.05837580e+09 1.05837584e+09 1.05837588e+09 1.05837591e+09
 1.05837595e+09 1.05837599e+09 1.05837603e+09 1.05837607e+09
 1.05837611e+09 1.05837615e+09 1.05837619e+09 1.05837623e+09
 1.05837627e+09 1.05837631e+09 1.05837635e+09 1.05837639e+09
 1.05837643e+09 1.05837647e+09 1.05837651e+09 1.05837654e+09
 1.05837658e+09 1.05837662e+09 1.05837666e+09 1.05837670e+09
 1.05837674e+09 1.05837678e+09 1.05837682e+09 1.05837686e+09
 1.05837690e+09 1.05837694e+09 1.05837698e+09 1.05837702e+09
 1.05837706e+09 1.05837710e+09 1.05837714e+09 1.05837717e+09
 1.05837721e+09 1.05837725e+09 1.05837729e+09 1.05837733e+09
 1.05837737e+09 1.05837741e+09 1.05837745e+09 1.05837749e+09
 1.05837753e+09 1.05837757e+09 1.05837761e+09 1.05837765e+09
 1.05837769e+09 1.05837773e+09 1.05837777e+09 1.05837780e+09
 1.05837784e+09 1.05837788e+09 1.05837792e+09 1.05837796e+09
 1.05837800e+09 1.05837804e+09 1.05837808e+09 1.05837812e+09
 1.05837816e+09 1.05837820e+09 1.05837824e+09 1.05837828e+09
 1.05837832e+09 1.05837836e+09 1.05837839e+09 1.05837843e+09
 1.05837847e+09 1.05837851e+09 1.05837855e+09 1.05837859e+09
 1.05837863e+09 1.05837867e+09 1.05837871e+09 1.05837875e+09
 1.05837879e+09 1.05837883e+09 1.05837887e+09 1.05837891e+09
 1.05837895e+09 1.05837899e+09 1.05837902e+09 1.05837906e+09
 1.05837910e+09 1.05837914e+09 1.05837918e+09 1.05837922e+09
 1.05837926e+09 1.05837930e+09 1.05837934e+09 1.05837938e+09
 1.05837942e+09 1.05837946e+09 1.05837950e+09 1.05837954e+09
 1.05837958e+09 1.05837962e+09 1.05837965e+09 1.05837969e+09
 1.05837973e+09 1.05837977e+09 1.05837981e+09 1.05837985e+09
 1.05837989e+09 1.05837993e+09 1.05837997e+09 1.05838001e+09
 1.05838005e+09 1.05838009e+09 1.05838013e+09 1.05838017e+09
 1.05838021e+09 1.05838025e+09 1.05838028e+09 1.05838032e+09
 1.05838036e+09 1.05838040e+09 1.05838044e+09 1.05838048e+09
 1.05838052e+09 1.05838056e+09 1.05838060e+09 1.05838064e+09
 1.05838068e+09 1.05838072e+09 1.05838076e+09 1.05838080e+09
 1.05838084e+09 1.05838088e+09 1.05838091e+09 1.05838095e+09
 1.05838099e+09 1.05838103e+09 1.05838107e+09 1.05838111e+09
 1.05838115e+09 1.05838119e+09 1.05838123e+09 1.05838127e+09
 1.05838131e+09 1.05838135e+09 1.05838139e+09 1.05838143e+09
 1.05838147e+09 1.05838151e+09 1.05838154e+09 1.05838158e+09
 1.05838162e+09 1.05838166e+09 1.05838170e+09 1.05838174e+09
 1.05838178e+09 1.05838182e+09 1.05838186e+09 1.05838190e+09
 1.05838194e+09 1.05838198e+09 1.05838202e+09 1.05838206e+09
 1.05838210e+09 1.05838214e+09 1.05838217e+09 1.05838221e+09
 1.05838225e+09 1.05838229e+09 1.05838233e+09 1.05838237e+09
 1.05838241e+09 1.05838245e+09 1.05838249e+09 1.05838253e+09
 1.05838257e+09 1.05838261e+09 1.05838265e+09 1.05838269e+09
 1.05838273e+09 1.05838276e+09 1.05838280e+09 1.05838284e+09
 1.05838288e+09 1.05838292e+09 1.05838296e+09 1.05838300e+09
 1.05838304e+09 1.05838308e+09 1.05838312e+09 1.05838316e+09
 1.05838320e+09 1.05838324e+09 1.05838328e+09 1.05838332e+09
 1.05838336e+09 1.05838339e+09 1.05838343e+09 1.05838347e+09
 1.05838351e+09 1.05838355e+09 1.05838359e+09 1.05838363e+09
 1.05838367e+09 1.05838371e+09 1.05838375e+09 1.05838379e+09
 1.05838383e+09 1.05838387e+09 1.05838391e+09 1.05838395e+09
 1.05838399e+09 1.05838402e+09 1.05838406e+09 1.05838410e+09
 1.05838414e+09 1.05838418e+09 1.05838422e+09 1.05838426e+09
 1.05838430e+09 1.05838434e+09 1.05838438e+09 1.05838442e+09
 1.05838446e+09 1.05838450e+09 1.05838454e+09 1.05838458e+09
 1.05838462e+09 1.05838465e+09 1.05838469e+09 1.05838473e+09
 1.05838477e+09 1.05838481e+09 1.05838485e+09 1.05838489e+09
 1.05838493e+09 1.05838497e+09 1.05838501e+09 1.05838505e+09
 1.05838509e+09 1.05838513e+09 1.05838517e+09 1.05838521e+09
 1.05838525e+09 1.05838528e+09 1.05838532e+09 1.05838536e+09
 1.05838540e+09 1.05838544e+09 1.05838548e+09 1.05838552e+09
 1.05838556e+09 1.05838560e+09 1.05838564e+09 1.05838568e+09
 1.05838572e+09 1.05838576e+09 1.05838580e+09 1.05838584e+09
 1.05838588e+09 1.05838591e+09 1.05838595e+09 1.05838599e+09
 1.05838603e+09 1.05838607e+09 1.05838611e+09 1.05838615e+09
 1.05838619e+09 1.05838623e+09 1.05838627e+09 1.05838631e+09
 1.05838635e+09 1.05838639e+09 1.05838643e+09 1.05838647e+09
 1.05838651e+09 1.05838654e+09 1.05838658e+09 1.05838662e+09
 1.05838666e+09 1.05838670e+09 1.05838674e+09 1.05838678e+09
 1.05838682e+09 1.05838686e+09 1.05838690e+09 1.05838694e+09
 1.05838698e+09 1.05838702e+09 1.05838706e+09 1.05838710e+09
 1.05838713e+09 1.05838717e+09 1.05838721e+09 1.05838725e+09
 1.05838729e+09 1.05838733e+09 1.05838737e+09 1.05838741e+09
 1.05838745e+09 1.05838749e+09 1.05838753e+09 1.05838757e+09
 1.05838761e+09 1.05838765e+09 1.05838769e+09 1.05838773e+09
 1.05838776e+09 1.05838780e+09 1.05838784e+09 1.05838788e+09
 1.05838792e+09 1.05838796e+09 1.05838800e+09 1.05838804e+09
 1.05838808e+09 1.05838812e+09 1.05838816e+09 1.05838820e+09
 1.05838824e+09 1.05838828e+09 1.05838832e+09 1.05838836e+09
 1.05838839e+09 1.05838843e+09 1.05838847e+09 1.05838851e+09
 1.05838855e+09 1.05838859e+09 1.05838863e+09 1.05838867e+09
 1.05838871e+09 1.05838875e+09 1.05838879e+09 1.05838883e+09
 1.05838887e+09 1.05838891e+09 1.05838895e+09 1.05838899e+09
 1.05838902e+09 1.05838906e+09 1.05838910e+09 1.05838914e+09
 1.05838918e+09 1.05838922e+09 1.05838926e+09 1.05838930e+09
 1.05838934e+09 1.05838938e+09 1.05838942e+09 1.05838946e+09
 1.05838950e+09 1.05838954e+09 1.05838958e+09 1.05838962e+09
 1.05838965e+09 1.05838969e+09 1.05838973e+09 1.05838977e+09
 1.05838981e+09 1.05838985e+09 1.05838989e+09 1.05838993e+09
 1.05838997e+09 1.05839001e+09 1.05839005e+09 1.05839009e+09
 1.05839013e+09 1.05839017e+09 1.05839021e+09 1.05839025e+09
 1.05839028e+09 1.05839032e+09 1.05839036e+09 1.05839040e+09
 1.05839044e+09 1.05839048e+09 1.05839052e+09 1.05839056e+09
 1.05839060e+09 1.05839064e+09 1.05839068e+09 1.05839072e+09
 1.05839076e+09 1.05839080e+09 1.05839084e+09 1.05839088e+09
 1.05839091e+09 1.05839095e+09 1.05839099e+09 1.05839103e+09
 1.05839107e+09 1.05839111e+09 1.05839115e+09 1.05839119e+09
 1.05839123e+09 1.05839127e+09 1.05839131e+09 1.05839135e+09
 1.05839139e+09 1.05839143e+09 1.05839147e+09 1.05839150e+09
 1.05839154e+09 1.05839158e+09 1.05839162e+09 1.05839166e+09
 1.05839170e+09 1.05839174e+09 1.05839178e+09 1.05839182e+09
 1.05839186e+09 1.05839190e+09 1.05839194e+09 1.05839198e+09
 1.05839202e+09 1.05839206e+09 1.05839210e+09 1.05839213e+09
 1.05839217e+09 1.05839221e+09 1.05839225e+09 1.05839229e+09
 1.05839233e+09 1.05839237e+09 1.05839241e+09 1.05839245e+09
 1.05839249e+09 1.05839253e+09 1.05839257e+09 1.05839261e+09
 1.05839265e+09 1.05839269e+09 1.05839273e+09 1.05839276e+09
 1.05839280e+09 1.05839284e+09 1.05839288e+09 1.05839292e+09
 1.05839296e+09 1.05839300e+09 1.05839304e+09 1.05839308e+09
 1.05839312e+09 1.05839316e+09 1.05839320e+09 1.05839324e+09
 1.05839328e+09 1.05839332e+09 1.05839336e+09 1.05839339e+09
 1.05839343e+09 1.05839347e+09 1.05839351e+09 1.05839355e+09
 1.05839359e+09 1.05839363e+09 1.05839367e+09 1.05839371e+09
 1.05839375e+09 1.05839379e+09 1.05839383e+09 1.05839387e+09
 1.05839391e+09 1.05839395e+09 1.05839399e+09 1.05839402e+09
 1.05839406e+09 1.05839410e+09 1.05839414e+09 1.05839418e+09
 1.05839422e+09 1.05839426e+09 1.05839430e+09 1.05839434e+09
 1.05839438e+09 1.05839442e+09 1.05839446e+09 1.05839450e+09
 1.05839454e+09 1.05839458e+09 1.05839462e+09 1.05839465e+09
 1.05839469e+09 1.05839473e+09 1.05839477e+09 1.05839481e+09
 1.05839485e+09 1.05839489e+09 1.05839493e+09 1.05839497e+09
 1.05839501e+09 1.05839505e+09 1.05839509e+09 1.05839513e+09
 1.05839517e+09 1.05839521e+09 1.05839525e+09 1.05839528e+09
 1.05839532e+09 1.05839536e+09 1.05839540e+09 1.05839544e+09
 1.05839548e+09 1.05839552e+09 1.05839556e+09 1.05839560e+09
 1.05839564e+09 1.05839568e+09 1.05839572e+09 1.05839576e+09
 1.05839580e+09 1.05839584e+09 1.05839587e+09 1.05839591e+09
 1.05839595e+09 1.05839599e+09 1.05839603e+09 1.05839607e+09
 1.05839611e+09 1.05839615e+09 1.05839619e+09 1.05839623e+09
 1.05839627e+09 1.05839631e+09 1.05839635e+09 1.05839639e+09
 1.05839643e+09 1.05839647e+09 1.05839650e+09 1.05839654e+09
 1.05839658e+09 1.05839662e+09 1.05839666e+09 1.05839670e+09
 1.05839674e+09 1.05839678e+09 1.05839682e+09 1.05839686e+09
 1.05839690e+09 1.05839694e+09 1.05839698e+09 1.05839702e+09
 1.05839706e+09 1.05839710e+09 1.05839713e+09 1.05839717e+09
 1.05839721e+09 1.05839725e+09 1.05839729e+09 1.05839733e+09
 1.05839737e+09 1.05839741e+09 1.05839745e+09 1.05839749e+09
 1.05839753e+09 1.05839757e+09 1.05839761e+09 1.05839765e+09
 1.05839769e+09 1.05839773e+09 1.05839776e+09 1.05839780e+09
 1.05839784e+09 1.05839788e+09 1.05839792e+09 1.05839796e+09
 1.05839800e+09 1.05839804e+09 1.05839808e+09 1.05839812e+09
 1.05839816e+09 1.05839820e+09 1.05839824e+09 1.05839828e+09
 1.05839832e+09 1.05839836e+09 1.05839839e+09 1.05839843e+09
 1.05839847e+09 1.05839851e+09 1.05839855e+09 1.05839859e+09
 1.05839863e+09 1.05839867e+09 1.05839871e+09 1.05839875e+09
 1.05839879e+09 1.05839883e+09 1.05839887e+09 1.05839891e+09
 1.05839895e+09 1.05839899e+09 1.05839902e+09 1.05839906e+09
 1.05839910e+09 1.05839914e+09 1.05839918e+09 1.05839922e+09
 1.05839926e+09 1.05839930e+09 1.05839934e+09 1.05839938e+09
 1.05839942e+09 1.05839946e+09 1.05839950e+09 1.05839954e+09
 1.05839958e+09 1.05839962e+09 1.05839965e+09 1.05839969e+09
 1.05839973e+09 1.05839977e+09 1.05839981e+09 1.05839985e+09
 1.05839989e+09 1.05839993e+09 1.05839997e+09 1.05840001e+09
 1.05840005e+09 1.05840009e+09 1.05840013e+09 1.05840017e+09
 1.05840021e+09 1.05840024e+09 1.05840028e+09 1.05840032e+09
 1.05840036e+09 1.05840040e+09 1.05840044e+09 1.05840048e+09
 1.05840052e+09 1.05840056e+09 1.05840060e+09 1.05840064e+09
 1.05840068e+09 1.05840072e+09 1.05840076e+09 1.05840080e+09
 1.05840084e+09 1.05840087e+09 1.05840091e+09 1.05840095e+09
 1.05840099e+09 1.05840103e+09 1.05840107e+09 1.05840111e+09
 1.05840115e+09 1.05840119e+09 1.05840123e+09 1.05840127e+09
 1.05840131e+09 1.05840135e+09 1.05840139e+09 1.05840143e+09
 1.05840147e+09 1.05840150e+09 1.05840154e+09 1.05840158e+09
 1.05840162e+09 1.05840166e+09 1.05840170e+09 1.05840174e+09
 1.05840178e+09 1.05840182e+09 1.05840186e+09 1.05840190e+09
 1.05840194e+09 1.05840198e+09 1.05840202e+09 1.05840206e+09
 1.05840210e+09 1.05840213e+09 1.05840217e+09 1.05840221e+09
 1.05840225e+09 1.05840229e+09 1.05840233e+09 1.05840237e+09
 1.05840241e+09 1.05840245e+09 1.05840249e+09 1.05840253e+09
 1.05840257e+09 1.05840261e+09 1.05840265e+09 1.05840269e+09
 1.05840273e+09 1.05840276e+09 1.05840280e+09 1.05840284e+09
 1.05840288e+09 1.05840292e+09 1.05840296e+09 1.05840300e+09
 1.05840304e+09 1.05840308e+09 1.05840312e+09 1.05840316e+09
 1.05840320e+09 1.05840324e+09 1.05840328e+09 1.05840332e+09
 1.05840336e+09 1.05840339e+09 1.05840343e+09 1.05840347e+09
 1.05840351e+09 1.05840355e+09 1.05840359e+09 1.05840363e+09
 1.05840367e+09 1.05840371e+09 1.05840375e+09 1.05840379e+09
 1.05840383e+09 1.05840387e+09 1.05840391e+09 1.05840395e+09
 1.05840399e+09 1.05840402e+09 1.05840406e+09 1.05840410e+09]
minRes = 0.5930171859591323
minResTime =  [1.0584041e+09]
