name =JUICE_ROI_CAL_4_1_03
flyby =  ['2032 OCT 30 14:21:22', '2032 OCT 31 14:21:22']
Observation TW =  <SpiceCell dtype = 1, length = 0, size = 3000, card = 10, is_set = 1, adjust = 0, init = 1, base = 2554798467184, data = 2554798467232>
Res(t) =  [3.5151539  3.51187842 3.50860287 3.50532724 3.50205155 3.49877579
 3.49549995 3.49222405 3.48894807 3.48567202 3.48239589 3.4791197
 3.47584343 3.47256709 3.46929068 3.46601419 3.46273763 3.45946099
 3.45618428 3.4529075  3.44963064 3.4463537  3.44307669 3.4397996
 3.43652244 3.4332452  3.42996788 3.42669049 3.42341302 3.42013547
 3.41685784 3.41358013 3.41030235 3.40702449 3.40374654 3.40046852
 3.39719042 3.39391224 3.39063397 3.38735563 3.38407721 3.3807987
 3.37752012 3.37424145 3.3709627  3.36768387 3.36440495 3.36112595
 3.35784687 3.3545677  3.35128846 3.34800912 3.3447297  3.3414502
 3.33817061 3.33489094 3.33161118 3.32833134 3.32505141 3.32177139
 3.31849129 3.3152111  3.31193082 3.30865045 3.30537    3.30208946
 3.29880883 3.29552811 3.2922473  3.2889664  3.28568542 3.28240434
 3.27912317 3.27584192 3.27256057 3.26927913 3.2659976  3.26271597
 3.25943426 3.25615245 3.25287055 3.24958856 3.24630648 3.2430243
 3.23974203 3.23645966 3.2331772  3.22989464 3.22661199 3.22332925
 3.22004641 3.21676347 3.21348044 3.21019731 3.20691409 3.20363076
 3.20034734 3.19706383 3.19378021 3.1904965  3.18721269 3.18392878
 3.18064477 3.17736067 3.17407646 3.17079215 3.16750775 3.16422324
 3.16093863 3.15765393 3.15436912 3.15108421 3.14779919 3.14451408
 3.14122886 3.13794354 3.13465812 3.13137259 3.12808697 3.12480123
 3.1215154  3.11822946 3.11494341 3.11165726 3.108371   3.10508464
 3.10179818 3.0985116  3.09522492 3.09193814 3.08865124 3.08536424
 3.08207714 3.07878992 3.0755026  3.07221517 3.06892763 3.06563998
 3.06235222 3.05906435 3.05577637 3.05248829 3.04920009 3.04591178
 3.04262336 3.03933483 3.03604619 3.03275743 3.02946857 3.02617959
 3.0228905  3.0196013  3.01631198 3.01302255 3.00973301 3.00644335
 3.00315358 2.99986369 2.99657369 2.99328357 2.98999334 2.98670299
 2.98341253 2.98012194 2.97683125 2.97354043 2.9702495  2.96695845
 2.96366729 2.960376   2.9570846  2.95379308 2.95050144 2.94720968
 2.9439178  2.94062581 2.93733369 2.93404145 2.93074909 2.92745661
 2.92416401 2.92087129 2.91757845 2.91428548 2.91099239 2.90769918
 2.90440585 2.90111239 2.89781881 2.89452511 2.89123128 2.88793733
 2.88464326 2.88134905 2.87805473 2.87476028 2.8714657  2.868171
 2.86487617 2.86158122 2.85828613 2.85499092 2.85169559 2.84840012
 2.84510453 2.84180881 2.83851296 2.83521699 2.83192088 2.82862465
 2.82532828 2.82203179 2.81873516 2.81543841 2.81214152 2.80884451
 2.80554736 2.80225008 2.79895267 2.79565512 2.79235745 2.78905964
 2.7857617  2.78246363 2.77916542 2.77586708 2.7725686  2.76926999
 2.76597125 2.76267237 2.75937335 2.75607421 2.75277492 2.7494755
 2.74617594 2.74287625 2.73957642 2.73627645 2.73297634 2.7296761
 2.72637572 2.7230752  2.71977454 2.71647375 2.71317281 2.70987174
 2.70657053 2.70326917 2.69996768 2.69666604 2.69336427 2.69006235
 2.6867603  2.6834581  2.68015576 2.67685328 2.67355065 2.67024788
 2.66694497 2.66364192 2.66033872 2.65703538 2.6537319  2.65042827
 2.6471245  2.64382058 2.64051652 2.63721231 2.63390796 2.63060346
 2.62729881 2.62399402 2.62068908 2.61738399 2.61407876 2.61077338
 2.60746785 2.60416217 2.60085635 2.59755037 2.59424425 2.59093798
 2.58763156 2.58432499 2.58101827 2.5777114  2.57440437 2.5710972
 2.56778988 2.5644824  2.56117478 2.557867   2.55455907 2.55125099
 2.54794275 2.54463436 2.54132582 2.53801712 2.53470827 2.53139927
 2.52809011 2.5247808  2.52147133 2.51816171 2.51485193 2.511542
 2.50823191 2.50492167 2.50161126 2.49830071 2.49498999 2.49167912
 2.48836809 2.4850569  2.48174555 2.47843405 2.47512238 2.47181056
 2.46849858 2.46518644 2.46187414 2.45856168 2.45524906 2.45193628
 2.44862334 2.44531023 2.44199697 2.43868354 2.43536995 2.43205621
 2.42874229 2.42542822 2.42211398 2.41879958 2.41548502 2.41217029
 2.4088554  2.40554034 2.40222512 2.39890973 2.39559418 2.39227847
 2.38896259 2.38564654 2.38233033 2.37901395 2.3756974  2.37238069
 2.36906381 2.36574676 2.36242955 2.35911217 2.35579462 2.3524769
 2.34915901 2.34584095 2.34252273 2.33920433 2.33588577 2.33256703
 2.32924813 2.32592905 2.32260981 2.31929039 2.3159708  2.31265104
 2.30933111 2.306011   2.30269073 2.29937028 2.29604966 2.29272886
 2.28940789 2.28608675 2.28276544 2.27944395 2.27612228 2.27280045
 2.26947843 2.26615624 2.26283388 2.25951134 2.25618863 2.25286573
 2.24954267 2.24621942 2.242896   2.2395724  2.23624863 2.23292467
 2.22960054 2.22627623 2.22295174 2.21962708 2.21630223 2.21297721
 2.209652   2.20632662 2.20300106 2.19967531 2.19634939 2.19302328
 2.189697   2.18637053 2.18304388 2.17971705 2.17639004 2.17306285
 2.16973547 2.16640791 2.16308017 2.15975224 2.15642413 2.15309584
 2.14976737 2.14643871 2.14310986 2.13978083 2.13645162 2.13312222
 2.12979264 2.12646287 2.12313291 2.11980277 2.11647244 2.11314193
 2.10981123 2.10648034 2.10314926 2.099818   2.09648655 2.09315491
 2.08982308 2.08649107 2.08315887 2.07982647 2.07649389 2.07316112
 2.06982816 2.06649501 2.06316167 2.05982814 2.05649441 2.0531605
 2.0498264  2.0464921  2.04315762 2.03982294 2.03648807 2.033153
 2.02981775 2.0264823  2.02314666 2.01981083 2.0164748  2.01313858
 2.00980217 2.00646556 2.00312876 1.99979176 1.99645457 1.99311718
 1.9897796  1.98644182 1.98310385 1.97976568 1.97642732 1.97308876
 1.96975    1.96641104 1.96307189 1.95973255 1.956393   1.95305326
 1.94971332 1.94637318 1.94303284 1.93969231 1.93635157 1.93301064
 1.92966951 1.92632817 1.92298664 1.91964491 1.91630298 1.91296085
 1.90961852 1.90627599 1.90293325 1.89959032 1.89624719 1.89290385
 1.88956031 1.88621657 1.88287263 1.87952849 1.87618414 1.87283959
 1.86949484 1.86614988 1.86280473 1.85945936 1.8561138  1.85276803
 1.84942206 1.84607588 1.8427295  1.83938291 1.83603612 1.83268912
 1.82934192 1.82599451 1.8226469  1.81929908 1.81595106 1.81260283
 1.80925439 1.80590575 1.8025569  1.79920784 1.79585858 1.7925091
 1.78915943 1.78580954 1.78245944 1.77910914 1.77575863 1.77240791
 1.76905699 1.76570585 1.7623545  1.75900295 1.75565119 1.75229921
 1.74894703 1.74559464 1.74224204 1.73888923 1.7355362  1.73218297
 1.72882953 1.72547587 1.72212201 1.71876793 1.71541365 1.71205915
 1.70870444 1.70534952 1.70199438 1.69863904 1.69528348 1.69192771
 1.68857173 1.68521554 1.68185913 1.67850251 1.67514567 1.67178863
 1.66843137 1.6650739  1.66171621 1.65835831 1.65500019 1.65164187
 1.64828332 1.64492457 1.6415656  1.63820641 1.63484701 1.6314874
 1.62812757 1.62476752 1.62140726 1.61804679 1.6146861  1.61132519
 1.60796407 1.60460274 1.60124118 1.59787941 1.59451743 1.59115523
 1.58779281 1.58443018 1.58106733 1.57770427 1.57434098 1.57097749
 1.56761377 1.56424984 1.56088569 1.55752132 1.55415674 1.55079194
 1.54742692 1.54406169 1.54069623 1.53733056 1.53396468 1.53059857
 1.52723225 1.52386571 1.52049895 1.51713197 1.51376478 1.51039737
 1.50702974 1.50366189 1.50029383 1.49692554 1.49355704 1.49018832
 1.48681938 1.48345023 1.48008085 1.47671126 1.47334145 1.46997142
 1.46660117 1.4632307  1.45986002 1.45648912 1.453118   1.44974666
 1.4463751  1.44300332 1.43963133 1.43625912 1.43288668 1.42951403
 1.42614117 1.42276808 1.41939478 1.41602125 1.41264751 1.40927355
 1.40589938 1.40252498 1.39915037 1.39577554 1.39240049 1.38902523
 1.38564974 1.38227404 1.37889812 1.37552199 1.37214563 1.36876906
 1.36539227 1.36201527 1.35863805 1.35526061 1.35188295 1.34850508
 1.34512699 1.34174868 1.33837016 1.33499142 1.33161247 1.3282333
 1.32485391 1.32147431 1.3180945  1.31471447 1.31133422 1.30795376
 1.30457308 1.30119219 1.29781109 1.29442977 1.29104824 1.28766649
 1.28428453 1.28090236 1.27751997 1.27413738 1.27075457 1.26737154
 1.26398831 1.26060486 1.2572212  1.25383733 1.25045326 1.24706896
 1.24368446 1.24029975 1.23691483 1.23352971 1.23014437 1.22675882
 1.22337307 1.2199871  1.21660094 1.21321456 1.20982797 1.20644118
 1.20305419 1.19966699 1.19627958 1.19289197 1.18950416 1.18611614
 1.18272792 1.17933949 1.17595086 1.17256204 1.16917301 1.16578378
 1.16239434 1.15900471 1.15561488 1.15222486 1.14883463 1.14544421
 1.14205359 1.13866277 1.13527176 1.13188055 1.12848915 1.12509756
 1.12170577 1.11831379 1.11492162 1.11152926 1.1081367  1.10474396
 1.10135103 1.09795791 1.09456461 1.09117112 1.08777744 1.08438358
 1.08098954 1.07759531 1.0742009  1.07080631 1.06741154 1.0640166
 1.06062147 1.05722617 1.05383069 1.05043503 1.0470392  1.0436432
 1.04024703 1.03685068 1.03345417 1.03005749 1.02666064 1.02326362
 1.01986644 1.0164691  1.01307159 1.00967393 1.0062761  1.00287812
 0.99947997 0.99608168 0.99268323 0.98928462 0.98588587 0.98248696
 0.97908791 0.97568871 0.97228937 0.96888988 0.96549025 0.96209048
 0.95869058 0.95529053 0.95189036 0.94849005 0.94508961 0.94168904
 0.93828834 0.93488752 0.93148657 0.92808551 0.92468432 0.92128302
 0.91788161 0.91448008 0.91107844 0.9076767  0.90427485 0.9008729
 0.89747085 0.8940687  0.89066645 0.88726412 0.88386169 0.88045918
 0.87705658 0.8736539  0.87025114 0.86684831 0.8634454  0.86004243
 0.85663939 0.85323628 0.84983312 0.8464299  0.84302663 0.83962331
 0.83621994 0.83281653 0.82941308 0.8260096  0.82260609 0.81920255
 0.81579899 0.81239541 0.80899182 0.80558821 0.8021846  0.79878099
 0.79537739 0.79197379 0.78857021 0.78516664 0.7817631  0.77835959
 0.77495611 0.77155266 0.76814927 0.76474592 0.76134263 0.75793941
 0.75453625 0.75113316 0.74773016 0.74432724 0.74092442 0.7375217
 0.73411908 0.73071658 0.7273142  0.72391195 0.72050984 0.71710787
 0.71370606 0.7103044  0.70690292 0.70350161 0.70010048 0.69669956
 0.69329884 0.68989833 0.68649805 0.683098   0.67969819 0.67629864
 0.67289935 0.66950034 0.66552895 0.66212844 0.65872821 0.65532829
 0.65192867 0.64852938 0.64513043 0.64173182 0.63833358 0.63493571
 0.63153824 0.62814116 0.62474451 0.6213483  0.61795253 0.61455723
 0.61116242 0.6077681  0.6043743  0.60098104 0.59758834 0.5941962
 0.59080466 0.58741374 0.58402345 0.58063381 0.57724486 0.5738566
 0.57046907 0.56708228 0.56369627 0.56031106 0.55692667 0.55354314
 0.55016049 0.54677875 0.54339794 0.54001811 0.53663928 0.53326149
 0.52988477 0.52650915 0.52313468 0.51976138 0.51638931 0.51301849
 0.50964897 0.5062808  0.50291401 0.49954866 0.4961848  0.49282246
 0.48946171 0.48610259 0.48274517 0.47938949 0.47603563 0.47268364
 0.46933358 0.46598552 0.46263953 0.45929569 0.45595407 0.45261474
 0.44927778 0.44594329 0.44261134 0.43928204 0.43595547 0.43263173
 0.42931094 0.42599318 0.42267859 0.41936728 0.41605936 0.41275498
 0.40945425 0.40615734 0.40286437 0.39957551 0.39629092 0.39301077
 0.38973523 0.3864645  0.38319877 0.37993825 0.37668315 0.3734337
 0.37019015 0.36695274 0.36372175 0.36049746 0.35728016 0.35407017
 0.35086783 0.34767348 0.3444875  0.34131029 0.33814227 0.33498388
 0.3318356  0.32869793 0.32557142 0.32245663 0.31935418 0.31626472
 0.31318896 0.31012764 0.30708157 0.30405161 0.30103869 0.29804382
 0.29506807 0.2921126  0.28917868 0.28626768 0.28338106 0.28052046
 0.27768761 0.27488443 0.27211303 0.26937569 0.26667494 0.26401355
 0.26139459 0.25882146 0.25629793 0.25382818 0.25141691 0.24906937
 0.24679147 0.24458989 0.2424722  0.24044702 0.23852422 0.23671517
 0.23503302 0.23349308 0.23211328 0.23091483 0.22992295 0.22916795
 0.22868657 0.22852389 0.22873591 0.22939312]
t =  [1.03603095e+09 1.03603099e+09 1.03603103e+09 1.03603107e+09
 1.03603110e+09 1.03603114e+09 1.03603118e+09 1.03603122e+09
 1.03603126e+09 1.03603129e+09 1.03603133e+09 1.03603137e+09
 1.03603141e+09 1.03603145e+09 1.03603148e+09 1.03603152e+09
 1.03603156e+09 1.03603160e+09 1.03603164e+09 1.03603168e+09
 1.03603171e+09 1.03603175e+09 1.03603179e+09 1.03603183e+09
 1.03603187e+09 1.03603190e+09 1.03603194e+09 1.03603198e+09
 1.03603202e+09 1.03603206e+09 1.03603209e+09 1.03603213e+09
 1.03603217e+09 1.03603221e+09 1.03603225e+09 1.03603228e+09
 1.03603232e+09 1.03603236e+09 1.03603240e+09 1.03603244e+09
 1.03603248e+09 1.03603251e+09 1.03603255e+09 1.03603259e+09
 1.03603263e+09 1.03603267e+09 1.03603270e+09 1.03603274e+09
 1.03603278e+09 1.03603282e+09 1.03603286e+09 1.03603289e+09
 1.03603293e+09 1.03603297e+09 1.03603301e+09 1.03603305e+09
 1.03603308e+09 1.03603312e+09 1.03603316e+09 1.03603320e+09
 1.03603324e+09 1.03603328e+09 1.03603331e+09 1.03603335e+09
 1.03603339e+09 1.03603343e+09 1.03603347e+09 1.03603350e+09
 1.03603354e+09 1.03603358e+09 1.03603362e+09 1.03603366e+09
 1.03603369e+09 1.03603373e+09 1.03603377e+09 1.03603381e+09
 1.03603385e+09 1.03603388e+09 1.03603392e+09 1.03603396e+09
 1.03603400e+09 1.03603404e+09 1.03603408e+09 1.03603411e+09
 1.03603415e+09 1.03603419e+09 1.03603423e+09 1.03603427e+09
 1.03603430e+09 1.03603434e+09 1.03603438e+09 1.03603442e+09
 1.03603446e+09 1.03603449e+09 1.03603453e+09 1.03603457e+09
 1.03603461e+09 1.03603465e+09 1.03603469e+09 1.03603472e+09
 1.03603476e+09 1.03603480e+09 1.03603484e+09 1.03603488e+09
 1.03603491e+09 1.03603495e+09 1.03603499e+09 1.03603503e+09
 1.03603507e+09 1.03603510e+09 1.03603514e+09 1.03603518e+09
 1.03603522e+09 1.03603526e+09 1.03603529e+09 1.03603533e+09
 1.03603537e+09 1.03603541e+09 1.03603545e+09 1.03603549e+09
 1.03603552e+09 1.03603556e+09 1.03603560e+09 1.03603564e+09
 1.03603568e+09 1.03603571e+09 1.03603575e+09 1.03603579e+09
 1.03603583e+09 1.03603587e+09 1.03603590e+09 1.03603594e+09
 1.03603598e+09 1.03603602e+09 1.03603606e+09 1.03603609e+09
 1.03603613e+09 1.03603617e+09 1.03603621e+09 1.03603625e+09
 1.03603629e+09 1.03603632e+09 1.03603636e+09 1.03603640e+09
 1.03603644e+09 1.03603648e+09 1.03603651e+09 1.03603655e+09
 1.03603659e+09 1.03603663e+09 1.03603667e+09 1.03603670e+09
 1.03603674e+09 1.03603678e+09 1.03603682e+09 1.03603686e+09
 1.03603689e+09 1.03603693e+09 1.03603697e+09 1.03603701e+09
 1.03603705e+09 1.03603709e+09 1.03603712e+09 1.03603716e+09
 1.03603720e+09 1.03603724e+09 1.03603728e+09 1.03603731e+09
 1.03603735e+09 1.03603739e+09 1.03603743e+09 1.03603747e+09
 1.03603750e+09 1.03603754e+09 1.03603758e+09 1.03603762e+09
 1.03603766e+09 1.03603769e+09 1.03603773e+09 1.03603777e+09
 1.03603781e+09 1.03603785e+09 1.03603789e+09 1.03603792e+09
 1.03603796e+09 1.03603800e+09 1.03603804e+09 1.03603808e+09
 1.03603811e+09 1.03603815e+09 1.03603819e+09 1.03603823e+09
 1.03603827e+09 1.03603830e+09 1.03603834e+09 1.03603838e+09
 1.03603842e+09 1.03603846e+09 1.03603850e+09 1.03603853e+09
 1.03603857e+09 1.03603861e+09 1.03603865e+09 1.03603869e+09
 1.03603872e+09 1.03603876e+09 1.03603880e+09 1.03603884e+09
 1.03603888e+09 1.03603891e+09 1.03603895e+09 1.03603899e+09
 1.03603903e+09 1.03603907e+09 1.03603910e+09 1.03603914e+09
 1.03603918e+09 1.03603922e+09 1.03603926e+09 1.03603930e+09
 1.03603933e+09 1.03603937e+09 1.03603941e+09 1.03603945e+09
 1.03603949e+09 1.03603952e+09 1.03603956e+09 1.03603960e+09
 1.03603964e+09 1.03603968e+09 1.03603971e+09 1.03603975e+09
 1.03603979e+09 1.03603983e+09 1.03603987e+09 1.03603990e+09
 1.03603994e+09 1.03603998e+09 1.03604002e+09 1.03604006e+09
 1.03604010e+09 1.03604013e+09 1.03604017e+09 1.03604021e+09
 1.03604025e+09 1.03604029e+09 1.03604032e+09 1.03604036e+09
 1.03604040e+09 1.03604044e+09 1.03604048e+09 1.03604051e+09
 1.03604055e+09 1.03604059e+09 1.03604063e+09 1.03604067e+09
 1.03604070e+09 1.03604074e+09 1.03604078e+09 1.03604082e+09
 1.03604086e+09 1.03604090e+09 1.03604093e+09 1.03604097e+09
 1.03604101e+09 1.03604105e+09 1.03604109e+09 1.03604112e+09
 1.03604116e+09 1.03604120e+09 1.03604124e+09 1.03604128e+09
 1.03604131e+09 1.03604135e+09 1.03604139e+09 1.03604143e+09
 1.03604147e+09 1.03604151e+09 1.03604154e+09 1.03604158e+09
 1.03604162e+09 1.03604166e+09 1.03604170e+09 1.03604173e+09
 1.03604177e+09 1.03604181e+09 1.03604185e+09 1.03604189e+09
 1.03604192e+09 1.03604196e+09 1.03604200e+09 1.03604204e+09
 1.03604208e+09 1.03604211e+09 1.03604215e+09 1.03604219e+09
 1.03604223e+09 1.03604227e+09 1.03604231e+09 1.03604234e+09
 1.03604238e+09 1.03604242e+09 1.03604246e+09 1.03604250e+09
 1.03604253e+09 1.03604257e+09 1.03604261e+09 1.03604265e+09
 1.03604269e+09 1.03604272e+09 1.03604276e+09 1.03604280e+09
 1.03604284e+09 1.03604288e+09 1.03604291e+09 1.03604295e+09
 1.03604299e+09 1.03604303e+09 1.03604307e+09 1.03604311e+09
 1.03604314e+09 1.03604318e+09 1.03604322e+09 1.03604326e+09
 1.03604330e+09 1.03604333e+09 1.03604337e+09 1.03604341e+09
 1.03604345e+09 1.03604349e+09 1.03604352e+09 1.03604356e+09
 1.03604360e+09 1.03604364e+09 1.03604368e+09 1.03604371e+09
 1.03604375e+09 1.03604379e+09 1.03604383e+09 1.03604387e+09
 1.03604391e+09 1.03604394e+09 1.03604398e+09 1.03604402e+09
 1.03604406e+09 1.03604410e+09 1.03604413e+09 1.03604417e+09
 1.03604421e+09 1.03604425e+09 1.03604429e+09 1.03604432e+09
 1.03604436e+09 1.03604440e+09 1.03604444e+09 1.03604448e+09
 1.03604451e+09 1.03604455e+09 1.03604459e+09 1.03604463e+09
 1.03604467e+09 1.03604471e+09 1.03604474e+09 1.03604478e+09
 1.03604482e+09 1.03604486e+09 1.03604490e+09 1.03604493e+09
 1.03604497e+09 1.03604501e+09 1.03604505e+09 1.03604509e+09
 1.03604512e+09 1.03604516e+09 1.03604520e+09 1.03604524e+09
 1.03604528e+09 1.03604532e+09 1.03604535e+09 1.03604539e+09
 1.03604543e+09 1.03604547e+09 1.03604551e+09 1.03604554e+09
 1.03604558e+09 1.03604562e+09 1.03604566e+09 1.03604570e+09
 1.03604573e+09 1.03604577e+09 1.03604581e+09 1.03604585e+09
 1.03604589e+09 1.03604592e+09 1.03604596e+09 1.03604600e+09
 1.03604604e+09 1.03604608e+09 1.03604612e+09 1.03604615e+09
 1.03604619e+09 1.03604623e+09 1.03604627e+09 1.03604631e+09
 1.03604634e+09 1.03604638e+09 1.03604642e+09 1.03604646e+09
 1.03604650e+09 1.03604653e+09 1.03604657e+09 1.03604661e+09
 1.03604665e+09 1.03604669e+09 1.03604672e+09 1.03604676e+09
 1.03604680e+09 1.03604684e+09 1.03604688e+09 1.03604692e+09
 1.03604695e+09 1.03604699e+09 1.03604703e+09 1.03604707e+09
 1.03604711e+09 1.03604714e+09 1.03604718e+09 1.03604722e+09
 1.03604726e+09 1.03604730e+09 1.03604733e+09 1.03604737e+09
 1.03604741e+09 1.03604745e+09 1.03604749e+09 1.03604752e+09
 1.03604756e+09 1.03604760e+09 1.03604764e+09 1.03604768e+09
 1.03604772e+09 1.03604775e+09 1.03604779e+09 1.03604783e+09
 1.03604787e+09 1.03604791e+09 1.03604794e+09 1.03604798e+09
 1.03604802e+09 1.03604806e+09 1.03604810e+09 1.03604813e+09
 1.03604817e+09 1.03604821e+09 1.03604825e+09 1.03604829e+09
 1.03604833e+09 1.03604836e+09 1.03604840e+09 1.03604844e+09
 1.03604848e+09 1.03604852e+09 1.03604855e+09 1.03604859e+09
 1.03604863e+09 1.03604867e+09 1.03604871e+09 1.03604874e+09
 1.03604878e+09 1.03604882e+09 1.03604886e+09 1.03604890e+09
 1.03604893e+09 1.03604897e+09 1.03604901e+09 1.03604905e+09
 1.03604909e+09 1.03604913e+09 1.03604916e+09 1.03604920e+09
 1.03604924e+09 1.03604928e+09 1.03604932e+09 1.03604935e+09
 1.03604939e+09 1.03604943e+09 1.03604947e+09 1.03604951e+09
 1.03604954e+09 1.03604958e+09 1.03604962e+09 1.03604966e+09
 1.03604970e+09 1.03604973e+09 1.03604977e+09 1.03604981e+09
 1.03604985e+09 1.03604989e+09 1.03604993e+09 1.03604996e+09
 1.03605000e+09 1.03605004e+09 1.03605008e+09 1.03605012e+09
 1.03605015e+09 1.03605019e+09 1.03605023e+09 1.03605027e+09
 1.03605031e+09 1.03605034e+09 1.03605038e+09 1.03605042e+09
 1.03605046e+09 1.03605050e+09 1.03605053e+09 1.03605057e+09
 1.03605061e+09 1.03605065e+09 1.03605069e+09 1.03605073e+09
 1.03605076e+09 1.03605080e+09 1.03605084e+09 1.03605088e+09
 1.03605092e+09 1.03605095e+09 1.03605099e+09 1.03605103e+09
 1.03605107e+09 1.03605111e+09 1.03605114e+09 1.03605118e+09
 1.03605122e+09 1.03605126e+09 1.03605130e+09 1.03605134e+09
 1.03605137e+09 1.03605141e+09 1.03605145e+09 1.03605149e+09
 1.03605153e+09 1.03605156e+09 1.03605160e+09 1.03605164e+09
 1.03605168e+09 1.03605172e+09 1.03605175e+09 1.03605179e+09
 1.03605183e+09 1.03605187e+09 1.03605191e+09 1.03605194e+09
 1.03605198e+09 1.03605202e+09 1.03605206e+09 1.03605210e+09
 1.03605214e+09 1.03605217e+09 1.03605221e+09 1.03605225e+09
 1.03605229e+09 1.03605233e+09 1.03605236e+09 1.03605240e+09
 1.03605244e+09 1.03605248e+09 1.03605252e+09 1.03605255e+09
 1.03605259e+09 1.03605263e+09 1.03605267e+09 1.03605271e+09
 1.03605274e+09 1.03605278e+09 1.03605282e+09 1.03605286e+09
 1.03605290e+09 1.03605294e+09 1.03605297e+09 1.03605301e+09
 1.03605305e+09 1.03605309e+09 1.03605313e+09 1.03605316e+09
 1.03605320e+09 1.03605324e+09 1.03605328e+09 1.03605332e+09
 1.03605335e+09 1.03605339e+09 1.03605343e+09 1.03605347e+09
 1.03605351e+09 1.03605354e+09 1.03605358e+09 1.03605362e+09
 1.03605366e+09 1.03605370e+09 1.03605374e+09 1.03605377e+09
 1.03605381e+09 1.03605385e+09 1.03605389e+09 1.03605393e+09
 1.03605396e+09 1.03605400e+09 1.03605404e+09 1.03605408e+09
 1.03605412e+09 1.03605415e+09 1.03605419e+09 1.03605423e+09
 1.03605427e+09 1.03605431e+09 1.03605434e+09 1.03605438e+09
 1.03605442e+09 1.03605446e+09 1.03605450e+09 1.03605454e+09
 1.03605457e+09 1.03605461e+09 1.03605465e+09 1.03605469e+09
 1.03605473e+09 1.03605476e+09 1.03605480e+09 1.03605484e+09
 1.03605488e+09 1.03605492e+09 1.03605495e+09 1.03605499e+09
 1.03605503e+09 1.03605507e+09 1.03605511e+09 1.03605515e+09
 1.03605518e+09 1.03605522e+09 1.03605526e+09 1.03605530e+09
 1.03605534e+09 1.03605537e+09 1.03605541e+09 1.03605545e+09
 1.03605549e+09 1.03605553e+09 1.03605556e+09 1.03605560e+09
 1.03605564e+09 1.03605568e+09 1.03605572e+09 1.03605575e+09
 1.03605579e+09 1.03605583e+09 1.03605587e+09 1.03605591e+09
 1.03605595e+09 1.03605598e+09 1.03605602e+09 1.03605606e+09
 1.03605610e+09 1.03605614e+09 1.03605617e+09 1.03605621e+09
 1.03605625e+09 1.03605629e+09 1.03605633e+09 1.03605636e+09
 1.03605640e+09 1.03605644e+09 1.03605648e+09 1.03605652e+09
 1.03605655e+09 1.03605659e+09 1.03605663e+09 1.03605667e+09
 1.03605671e+09 1.03605675e+09 1.03605678e+09 1.03605682e+09
 1.03605686e+09 1.03605690e+09 1.03605694e+09 1.03605697e+09
 1.03605701e+09 1.03605705e+09 1.03605709e+09 1.03605713e+09
 1.03605716e+09 1.03605720e+09 1.03605724e+09 1.03605728e+09
 1.03605732e+09 1.03605735e+09 1.03605739e+09 1.03605743e+09
 1.03605747e+09 1.03605751e+09 1.03605755e+09 1.03605758e+09
 1.03605762e+09 1.03605766e+09 1.03605770e+09 1.03605774e+09
 1.03605777e+09 1.03605781e+09 1.03605785e+09 1.03605789e+09
 1.03605793e+09 1.03605796e+09 1.03605800e+09 1.03605804e+09
 1.03605808e+09 1.03605812e+09 1.03605816e+09 1.03605819e+09
 1.03605823e+09 1.03605827e+09 1.03605831e+09 1.03605835e+09
 1.03605838e+09 1.03605842e+09 1.03605846e+09 1.03605850e+09
 1.03605854e+09 1.03605857e+09 1.03605861e+09 1.03605865e+09
 1.03605869e+09 1.03605873e+09 1.03605876e+09 1.03605880e+09
 1.03605884e+09 1.03605888e+09 1.03605892e+09 1.03605896e+09
 1.03605899e+09 1.03605903e+09 1.03605907e+09 1.03605911e+09
 1.03605915e+09 1.03605918e+09 1.03605922e+09 1.03605926e+09
 1.03605930e+09 1.03605934e+09 1.03605937e+09 1.03605941e+09
 1.03605945e+09 1.03605949e+09 1.03605953e+09 1.03605956e+09
 1.03605960e+09 1.03605964e+09 1.03605968e+09 1.03605972e+09
 1.03605976e+09 1.03605979e+09 1.03605983e+09 1.03605987e+09
 1.03605991e+09 1.03605995e+09 1.03605998e+09 1.03606002e+09
 1.03606006e+09 1.03606010e+09 1.03606014e+09 1.03606017e+09
 1.03606021e+09 1.03606025e+09 1.03606029e+09 1.03606033e+09
 1.03606036e+09 1.03606040e+09 1.03606044e+09 1.03606048e+09
 1.03606052e+09 1.03606056e+09 1.03606059e+09 1.03606063e+09
 1.03606067e+09 1.03606071e+09 1.03606075e+09 1.03606078e+09
 1.03606082e+09 1.03606086e+09 1.03606090e+09 1.03606094e+09
 1.03606097e+09 1.03606101e+09 1.03606105e+09 1.03606109e+09
 1.03606113e+09 1.03606116e+09 1.03606120e+09 1.03606124e+09
 1.03606128e+09 1.03606132e+09 1.03606136e+09 1.03606139e+09
 1.03606143e+09 1.03606147e+09 1.03606151e+09 1.03606155e+09
 1.03606158e+09 1.03606162e+09 1.03606166e+09 1.03606170e+09
 1.03606174e+09 1.03606177e+09 1.03606181e+09 1.03606185e+09
 1.03606189e+09 1.03606193e+09 1.03606197e+09 1.03606200e+09
 1.03606204e+09 1.03606208e+09 1.03606212e+09 1.03606216e+09
 1.03606219e+09 1.03606223e+09 1.03606227e+09 1.03606231e+09
 1.03606235e+09 1.03606238e+09 1.03606242e+09 1.03606246e+09
 1.03606250e+09 1.03606254e+09 1.03606257e+09 1.03606261e+09
 1.03606265e+09 1.03606269e+09 1.03606273e+09 1.03606277e+09
 1.03606280e+09 1.03606284e+09 1.03606288e+09 1.03606292e+09
 1.03606296e+09 1.03606299e+09 1.03606303e+09 1.03606307e+09
 1.03606311e+09 1.03606315e+09 1.03606318e+09 1.03606322e+09
 1.03606326e+09 1.03606330e+09 1.03606334e+09 1.03606337e+09
 1.03606341e+09 1.03606345e+09 1.03606349e+09 1.03606353e+09
 1.03606357e+09 1.03606360e+09 1.03606364e+09 1.03606368e+09
 1.03606372e+09 1.03606376e+09 1.03606379e+09 1.03606383e+09
 1.03606387e+09 1.03606391e+09 1.03606395e+09 1.03606398e+09
 1.03606402e+09 1.03606406e+09 1.03606410e+09 1.03606414e+09
 1.03606417e+09 1.03606421e+09 1.03606425e+09 1.03606429e+09
 1.03606433e+09 1.03606437e+09 1.03606440e+09 1.03606444e+09
 1.03606448e+09 1.03606452e+09 1.03606456e+09 1.03606459e+09
 1.03606463e+09 1.03606467e+09 1.03606471e+09 1.03606475e+09
 1.03606478e+09 1.03606482e+09 1.03606486e+09 1.03606490e+09
 1.03606494e+09 1.03606498e+09 1.03606501e+09 1.03606505e+09
 1.03606509e+09 1.03606513e+09 1.03606517e+09 1.03606520e+09
 1.03606524e+09 1.03606528e+09 1.03606532e+09 1.03606536e+09
 1.03606539e+09 1.03606543e+09 1.03606547e+09 1.03606551e+09
 1.03606555e+09 1.03606558e+09 1.03606562e+09 1.03606566e+09
 1.03606570e+09 1.03606574e+09 1.03606578e+09 1.03606581e+09
 1.03606585e+09 1.03606589e+09 1.03606593e+09 1.03606597e+09
 1.03606600e+09 1.03606604e+09 1.03606608e+09 1.03606612e+09
 1.03606616e+09 1.03606619e+09 1.03606623e+09 1.03606627e+09
 1.03606631e+09 1.03606635e+09 1.03606638e+09 1.03606642e+09
 1.03606646e+09 1.03606650e+09 1.03606654e+09 1.03606658e+09
 1.03606661e+09 1.03606665e+09 1.03606669e+09 1.03606673e+09
 1.03606677e+09 1.03606680e+09 1.03606684e+09 1.03606688e+09
 1.03606692e+09 1.03606696e+09 1.03606699e+09 1.03606703e+09
 1.03606707e+09 1.03606711e+09 1.03606715e+09 1.03606718e+09
 1.03606722e+09 1.03606726e+09 1.03606730e+09 1.03606734e+09
 1.03606738e+09 1.03606741e+09 1.03606745e+09 1.03606749e+09
 1.03606753e+09 1.03606757e+09 1.03606760e+09 1.03606764e+09
 1.03606768e+09 1.03606772e+09 1.03606776e+09 1.03606779e+09
 1.03606783e+09 1.03606787e+09 1.03606791e+09 1.03606795e+09
 1.03606798e+09 1.03606802e+09 1.03606806e+09 1.03606810e+09
 1.03606814e+09 1.03606818e+09 1.03606821e+09 1.03606825e+09
 1.03606829e+09 1.03606833e+09 1.03606837e+09 1.03606840e+09
 1.03606844e+09 1.03606848e+09 1.03606852e+09 1.03606856e+09
 1.03606859e+09 1.03606863e+09 1.03606867e+09 1.03606871e+09
 1.03606875e+09 1.03606879e+09 1.03606882e+09 1.03606886e+09
 1.03606890e+09 1.03606894e+09 1.03606898e+09 1.03606901e+09]
minRes = 0.22852389225703673
minResTime =  [1.03606894e+09]
