name =JUICE_ROI_CAL_4_5_01
flyby =  ['2032 SEP 10 11:52:29', '2032 SEP 11 11:52:29']
Observation TW =  <SpiceCell dtype = 1, length = 0, size = 2800, card = 8, is_set = 1, adjust = 0, init = 1, base = 2554799152688, data = 2554799152736>
Res(t) =  [6.42139889 6.42160154 6.4218042  6.42200685 6.4222095  6.42241215
 6.4226148  6.42281744 6.42302008 6.42322271 6.42342535 6.42362798
 6.42383061 6.42403324 6.42423586 6.42443848 6.4246411  6.42484372
 6.42504633 6.42524894 6.42545155 6.42565415 6.42585676 6.42605936
 6.42626195 6.42646455 6.42666714 6.42686973 6.42707232 6.4272749
 6.42747748 6.42768006 6.42788264 6.42808521 6.42828778 6.42849035
 6.42869292 6.42889548 6.42909804 6.4293006  6.42950315 6.42970571
 6.42990826 6.4301108  6.43031335 6.43051589 6.43071843 6.43092096
 6.4311235  6.43132603 6.43152856 6.43173108 6.43193361 6.43213613
 6.43233865 6.43254116 6.43274368 6.43294619 6.43314869 6.4333512
 6.4335537  6.4337562  6.4339587  6.43416119 6.43436368 6.43456617
 6.43476866 6.43497114 6.43517362 6.4353761  6.43557858 6.43578105
 6.43598352 6.43618599 6.43638846 6.43659092 6.43679338 6.43699584
 6.43719829 6.43740074 6.43760319 6.43780564 6.43800809 6.43821053
 6.43841297 6.4386154  6.43881784 6.43902027 6.4392227  6.43942512
 6.43962755 6.43982997 6.44003238 6.4402348  6.44043721 6.44063962
 6.44084203 6.44104443 6.44124684 6.44144924 6.44165163 6.44185403
 6.44205642 6.44225881 6.44246119 6.44266358 6.44286596 6.44306834
 6.44327071 6.44347309 6.44367546 6.44387783 6.44408019 6.44428255
 6.44448491 6.44468727 6.44488963 6.44509198 6.44529433 6.44549667
 6.44569902 6.44590136 6.4461037  6.44630604 6.44650837 6.4467107
 6.44691303 6.44711536 6.44731768 6.44752    6.44772232 6.44792463
 6.44812695 6.44832926 6.44853156 6.44873387 6.44893617 6.44913847
 6.44934077 6.44954306 6.44974535 6.44994764 6.45014993 6.45035221
 6.45055449 6.45075677 6.45095905 6.45116132 6.45136359 6.45156586
 6.45176813 6.45197039 6.45217265 6.45237491 6.45257716 6.45277941
 6.45298166 6.45318391 6.45338615 6.4535884  6.45379064 6.45399287
 6.45419511 6.45439734 6.45459957 6.45480179 6.45500402 6.45520624
 6.45540845 6.45561067 6.45581288 6.45601509 6.4562173  6.45641951
 6.45662171 6.45682391 6.45702611 6.4572283  6.45743049 6.45763268
 6.45783487 6.45803705 6.45823923 6.45844141 6.45864359 6.45884576
 6.45904793 6.4592501  6.45945227 6.45965443 6.45985659 6.46005875
 6.4602609  6.46046306 6.46066521 6.46086735 6.4610695  6.46127164
 6.46147378 6.46167592 6.46187805 6.46208018 6.46228231 6.46248444
 6.46268656 6.46288868 6.4630908  6.46329292 6.46349503 6.46369714
 6.46389925 6.46410136 6.46430346 6.46450556 6.46470766 6.46490975
 6.46511184 6.46531393 6.46551602 6.46571811 6.46592019 6.46612227
 6.46632434 6.46652642 6.46672849 6.46693056 6.46713262 6.46733469
 6.46753675 6.46773881 6.46794086 6.46814292 6.46834497 6.46854702
 6.46874906 6.4689511  6.46915314 6.46935518 6.46955722 6.46975925
 6.46996128 6.4701633  6.47036533 6.47056735 6.47076937 6.47097139
 6.4711734  6.47137541 6.47157742 6.47177943 6.47198143 6.47218343
 6.47238543 6.47258743 6.47278942 6.47299141 6.4731934  6.47339538
 6.47359736 6.47379934 6.47400132 6.4742033  6.47440527 6.47460724
 6.47480921 6.47501117 6.47521313 6.47541509 6.47561705 6.475819
 6.47602095 6.4762229  6.47642485 6.47662679 6.47682873 6.47703067
 6.4772326  6.47743454 6.47763647 6.4778384  6.47804032 6.47824224
 6.47844416 6.47864608 6.478848   6.47904991 6.47925182 6.47945372
 6.47965563 6.47985753 6.48005943 6.48026133 6.48046322 6.48066511
 6.480867   6.48106889 6.48127077 6.48147265 6.48167453 6.4818764
 6.48207828 6.48228015 6.48248202 6.48268388 6.48288574 6.4830876
 6.48328946 6.48349132 6.48369317 6.48389502 6.48409686 6.48429871
 6.48450055 6.48470239 6.48490423 6.48510606 6.48530789 6.48550972
 6.48571155 6.48591337 6.48611519 6.48631701 6.48651882 6.48672064
 6.48692245 6.48712426 6.48732606 6.48752786 6.48772966 6.48793146
 6.48813326 6.48833505 6.48853684 6.48873863 6.48894041 6.48914219
 6.48934397 6.48954575 6.48974752 6.48994929 6.49015106 6.49035283
 6.49055459 6.49075635 6.49095811 6.49115987 6.49136162 6.49156337
 6.49176512 6.49196687 6.49216861 6.49237035 6.49257209 6.49277382
 6.49297555 6.49317728 6.49337901 6.49358074 6.49378246 6.49398418
 6.4941859  6.49438761 6.49458932 6.49479103 6.49499274 6.49519444
 6.49539614 6.49559784 6.49579954 6.49600123 6.49620292 6.49640461
 6.4966063  6.49680798 6.49700966 6.49721134 6.49741301 6.49761469
 6.49781636 6.49801802 6.49821969 6.49842135 6.49862301 6.49882467
 6.49902632 6.49922797 6.49942962 6.49963127 6.49983291 6.50003456
 6.5002362  6.50043783 6.50063947 6.5008411  6.50104273 6.50124435
 6.50144598 6.5016476  6.50184921 6.50205083 6.50225244 6.50245405
 6.50265566 6.50285727 6.50305887 6.50326047 6.50346207 6.50366366
 6.50386525 6.50406684 6.50426843 6.50447002 6.5046716  6.50487318
 6.50507475 6.50527633 6.5054779  6.50567947 6.50588104 6.5060826
 6.50628416 6.50648572 6.50668728 6.50688883 6.50709038 6.50729193
 6.50749347 6.50769502 6.50789656 6.5080981  6.50829963 6.50850116
 6.50870269 6.50890422 6.50910575 6.50930727 6.50950879 6.50971031
 6.50991182 6.51011333 6.51031484 6.51051635 6.51071785 6.51091936
 6.51112085 6.51132235 6.51152385 6.51172534 6.51192683 6.51212831
 6.5123298  6.51253128 6.51273276 6.51293423 6.5131357  6.51333717
 6.51353864 6.51374011 6.51394157 6.51414303 6.51434449 6.51454594
 6.5147474  6.51494885 6.51515029 6.51535174 6.51555318 6.51575462
 6.51595606 6.51615749 6.51635893 6.51656035 6.51676178 6.51696321
 6.51716463 6.51736605 6.51756746 6.51776888 6.51797029 6.5181717
 6.5183731  6.51857451 6.51877591 6.51897731 6.5191787  6.51938009
 6.51958149 6.51978287 6.51998426 6.52018564 6.52038702 6.5205884
 6.52078978 6.52099115 6.52119252 6.52139388 6.52159525 6.52179661
 6.52199797 6.52219933 6.52240068 6.52260204 6.52280338 6.52300473
 6.52320608 6.52340742 6.52360876 6.52381009 6.52401143 6.52421276
 6.52441409 6.52461541 6.52481674 6.52501806 6.52521938 6.52542069
 6.525622   6.52582332 6.52602462 6.52622593 6.52642723 6.52662853
 6.52682983 6.52703113 6.52723242 6.52743371 6.527635   6.52783628
 6.52803756 6.52823884 6.52844012 6.52864139 6.52884267 6.52904394
 6.5292452  6.52944647 6.52964773 6.52984899 6.53005024 6.5302515
 6.53045275 6.530654   6.53085525 6.53105649 6.53125773 6.53145897
 6.53166021 6.53186144 6.53206267 6.5322639  6.53246512 6.53266635
 6.53286757 6.53306879 6.53327    6.53347121 6.53367242 6.53387363
 6.53407484 6.53427604 6.53447724 6.53467844 6.53487963 6.53508082
 6.53528201 6.5354832  6.53568439 6.53588557 6.53608675 6.53628792
 6.5364891  6.53669027 6.53689144 6.53709261 6.53729377 6.53749493
 6.53769609 6.53789725 6.5380984  6.53829955 6.5385007  6.53870185
 6.53890299 6.53910413 6.53930527 6.5395064  6.53970754 6.53990867
 6.5401098  6.54031092 6.54051204 6.54071316 6.54091428 6.5411154
 6.54131651 6.54151762 6.54171873 6.54191983 6.54212094 6.54232204
 6.54252313 6.54272423 6.54292532 6.54312641 6.5433275  6.54352858
 6.54372966 6.54393074 6.54413182 6.54433289 6.54453396 6.54473503
 6.5449361  6.54513716 6.54533822 6.54553928 6.54574034 6.54594139
 6.54614244 6.54634349 6.54654454 6.54674558 6.54694662 6.54714766
 6.5473487  6.54754973 6.54775076 6.54795179 6.54815281 6.54835384
 6.54855486 6.54875588 6.54895689 6.5491579  6.54935891 6.54955992
 6.54976093 6.54996193 6.55016293 6.55036393 6.55056492 6.55076591
 6.5509669  6.55116789 6.55136887 6.55156986 6.55177084 6.55197181
 6.55217279 6.55237376 6.55257473 6.55277569 6.55297666 6.55317762
 6.55337858 6.55357953 6.55378049 6.55398144 6.55418239 6.55438333
 6.55458428 6.55478522 6.55498616 6.55518709 6.55538803 6.55558896
 6.55578989 6.55599081 6.55619173 6.55639265 6.55659357 6.55679449
 6.5569954  6.55719631 6.55739722 6.55759812 6.55779903 6.55799993
 6.55820082 6.55840172 6.55860261 6.5588035  6.55900439 6.55920527
 6.55940616 6.55960704 6.55980791 6.56000879 6.56020966 6.56041053
 6.5606114  6.56081226 6.56101312 6.56121398 6.56141484 6.56161569
 6.56181654 6.56201739 6.56221824 6.56241908 6.56261992 6.56282076
 6.5630216  6.56322243 6.56342326 6.56362409 6.56382492 6.56402574
 6.56422656 6.56442738 6.5646282  6.56482901 6.56502982 6.56523063
 6.56543144 6.56563224 6.56583304 6.56603384 6.56623463 6.56643543
 6.56663622 6.566837   6.56703779 6.56723857 6.56743935 6.56764013
 6.5678409  6.56804168 6.56824245 6.56844321 6.56864398 6.56884474
 6.5690455  6.56924626 6.56944701 6.56964776 6.56984851 6.57004926
 6.57025001 6.57045075 6.57065149 6.57085222 6.57105296 6.57125369
 6.57145442 6.57165515 6.57185587 6.57205659 6.57225731 6.57245803
 6.57265874 6.57285945 6.57306016 6.57326087 6.57346157 6.57366227
 6.57386297 6.57406367 6.57426436 6.57446505 6.57466574 6.57486643
 6.57506711 6.57526779 6.57546847 6.57566914 6.57586982 6.57607049
 6.57627116 6.57647182 6.57667248 6.57687314 6.5770738  6.57727446
 6.57747511 6.57767576 6.57787641 6.57807705 6.5782777  6.57847834
 6.57867897 6.57887961 6.57908024 6.57928087 6.5794815  6.57968212
 6.57988275 6.58008337 6.58028398 6.5804846  6.58068521 6.58088582
 6.58108643 6.58128703 6.58148763 6.58168823 6.58188883 6.58208942
 6.58229002 6.58249061 6.58269119 6.58289178 6.58309236 6.58329294
 6.58349351 6.58369409 6.58389466 6.58409523 6.5842958  6.58449636
 6.58469692 6.58489748 6.58509804 6.58529859 6.58549914 6.58569969
 6.58590024 6.58610078 6.58630132 6.58650186 6.5867024  6.58690293
 6.58710346 6.58730399 6.58750451 6.58770504 6.58790556 6.58810608
 6.58830659 6.58850711 6.58870762 6.58890812 6.58910863 6.58930913
 6.58950963 6.58971013 6.58991063 6.59011112 6.59031161 6.5905121
 6.59071258 6.59091307 6.59111355 6.59131402 6.5915145  6.59171497
 6.59191544 6.59211591 6.59231638 6.59251684 6.5927173  6.59291776
 6.59311821 6.59331866 6.59351911 6.59371956 6.59392    6.59412045
 6.59432089 6.59452132 6.59472176 6.59492219 6.59512262 6.59532305
 6.59552347 6.59572389 6.59592431 6.59612473 6.59632514 6.59652556
 6.59672597 6.59692637 6.59712678 6.59732718 6.59752758 6.59772798
 6.59792837 6.59812876 6.59832915 6.59852954 6.59872992 6.5989303
 6.59913068 6.59933106 6.59953143 6.5997318  6.59993217 6.60013254
 6.6003329  6.60053326 6.60073362 6.60093398 6.60113433 6.60133468
 6.60153503 6.60173538 6.60193572 6.60213606 6.6023364  6.60253674
 6.60273707 6.6029374  6.60313773 6.60333806 6.60353838 6.6037387
 6.60393902 6.60413934 6.60433965 6.60453996 6.60474027 6.60494057
 6.60514088 6.60534118 6.60554148 6.60574177 6.60594207 6.60614236
 6.60634264 6.60654293 6.60674321 6.60694349 6.60714377 6.60734405
 6.60754432 6.60774459 6.60794486 6.60814512 6.60834539 6.60854565
 6.60874591 6.60894616 6.60914641 6.60934666 6.60954691 6.60974716
 6.6099474  6.61014764 6.61034788 6.61054811 6.61074834 6.61094858
 6.6111488  6.61134903 6.61154925 6.61174947 6.61194969 6.6121499
 6.61235012 6.61255033 6.61275053 6.61295074 6.61315094 6.61335114
 6.61355134 6.61375153 6.61395172 6.61415191 6.6143521  6.61455229
 6.61475247 6.61495265 6.61515283 6.615353   6.61555317 6.61575334
 6.61595351 6.61615367 6.61635384 6.616554   6.61675415 6.61695431
 6.61715446 6.61735461 6.61755476 6.6177549  6.61795504 6.61815518
 6.61835532 6.61855545 6.61875559 6.61895571 6.61915584 6.61935597
 6.61955609 6.61975621 6.61995632 6.62015644 6.62035655 6.62055666
 6.62075677 6.62095687 6.62115697 6.62135707 6.62155717 6.62175726
 6.62195735 6.62215744 6.62235753 6.62255761]
t =  [1.03178644e+09 1.03178644e+09 1.03178644e+09 1.03178644e+09
 1.03178645e+09 1.03178645e+09 1.03178645e+09 1.03178645e+09
 1.03178645e+09 1.03178646e+09 1.03178646e+09 1.03178646e+09
 1.03178646e+09 1.03178646e+09 1.03178647e+09 1.03178647e+09
 1.03178647e+09 1.03178647e+09 1.03178647e+09 1.03178648e+09
 1.03178648e+09 1.03178648e+09 1.03178648e+09 1.03178648e+09
 1.03178649e+09 1.03178649e+09 1.03178649e+09 1.03178649e+09
 1.03178649e+09 1.03178650e+09 1.03178650e+09 1.03178650e+09
 1.03178650e+09 1.03178650e+09 1.03178651e+09 1.03178651e+09
 1.03178651e+09 1.03178651e+09 1.03178651e+09 1.03178652e+09
 1.03178652e+09 1.03178652e+09 1.03178652e+09 1.03178652e+09
 1.03178653e+09 1.03178653e+09 1.03178653e+09 1.03178653e+09
 1.03178653e+09 1.03178654e+09 1.03178654e+09 1.03178654e+09
 1.03178654e+09 1.03178654e+09 1.03178655e+09 1.03178655e+09
 1.03178655e+09 1.03178655e+09 1.03178655e+09 1.03178656e+09
 1.03178656e+09 1.03178656e+09 1.03178656e+09 1.03178656e+09
 1.03178657e+09 1.03178657e+09 1.03178657e+09 1.03178657e+09
 1.03178657e+09 1.03178657e+09 1.03178658e+09 1.03178658e+09
 1.03178658e+09 1.03178658e+09 1.03178658e+09 1.03178659e+09
 1.03178659e+09 1.03178659e+09 1.03178659e+09 1.03178659e+09
 1.03178660e+09 1.03178660e+09 1.03178660e+09 1.03178660e+09
 1.03178660e+09 1.03178661e+09 1.03178661e+09 1.03178661e+09
 1.03178661e+09 1.03178661e+09 1.03178662e+09 1.03178662e+09
 1.03178662e+09 1.03178662e+09 1.03178662e+09 1.03178663e+09
 1.03178663e+09 1.03178663e+09 1.03178663e+09 1.03178663e+09
 1.03178664e+09 1.03178664e+09 1.03178664e+09 1.03178664e+09
 1.03178664e+09 1.03178665e+09 1.03178665e+09 1.03178665e+09
 1.03178665e+09 1.03178665e+09 1.03178666e+09 1.03178666e+09
 1.03178666e+09 1.03178666e+09 1.03178666e+09 1.03178667e+09
 1.03178667e+09 1.03178667e+09 1.03178667e+09 1.03178667e+09
 1.03178668e+09 1.03178668e+09 1.03178668e+09 1.03178668e+09
 1.03178668e+09 1.03178669e+09 1.03178669e+09 1.03178669e+09
 1.03178669e+09 1.03178669e+09 1.03178670e+09 1.03178670e+09
 1.03178670e+09 1.03178670e+09 1.03178670e+09 1.03178671e+09
 1.03178671e+09 1.03178671e+09 1.03178671e+09 1.03178671e+09
 1.03178672e+09 1.03178672e+09 1.03178672e+09 1.03178672e+09
 1.03178672e+09 1.03178673e+09 1.03178673e+09 1.03178673e+09
 1.03178673e+09 1.03178673e+09 1.03178674e+09 1.03178674e+09
 1.03178674e+09 1.03178674e+09 1.03178674e+09 1.03178675e+09
 1.03178675e+09 1.03178675e+09 1.03178675e+09 1.03178675e+09
 1.03178676e+09 1.03178676e+09 1.03178676e+09 1.03178676e+09
 1.03178676e+09 1.03178677e+09 1.03178677e+09 1.03178677e+09
 1.03178677e+09 1.03178677e+09 1.03178678e+09 1.03178678e+09
 1.03178678e+09 1.03178678e+09 1.03178678e+09 1.03178679e+09
 1.03178679e+09 1.03178679e+09 1.03178679e+09 1.03178679e+09
 1.03178679e+09 1.03178680e+09 1.03178680e+09 1.03178680e+09
 1.03178680e+09 1.03178680e+09 1.03178681e+09 1.03178681e+09
 1.03178681e+09 1.03178681e+09 1.03178681e+09 1.03178682e+09
 1.03178682e+09 1.03178682e+09 1.03178682e+09 1.03178682e+09
 1.03178683e+09 1.03178683e+09 1.03178683e+09 1.03178683e+09
 1.03178683e+09 1.03178684e+09 1.03178684e+09 1.03178684e+09
 1.03178684e+09 1.03178684e+09 1.03178685e+09 1.03178685e+09
 1.03178685e+09 1.03178685e+09 1.03178685e+09 1.03178686e+09
 1.03178686e+09 1.03178686e+09 1.03178686e+09 1.03178686e+09
 1.03178687e+09 1.03178687e+09 1.03178687e+09 1.03178687e+09
 1.03178687e+09 1.03178688e+09 1.03178688e+09 1.03178688e+09
 1.03178688e+09 1.03178688e+09 1.03178689e+09 1.03178689e+09
 1.03178689e+09 1.03178689e+09 1.03178689e+09 1.03178690e+09
 1.03178690e+09 1.03178690e+09 1.03178690e+09 1.03178690e+09
 1.03178691e+09 1.03178691e+09 1.03178691e+09 1.03178691e+09
 1.03178691e+09 1.03178692e+09 1.03178692e+09 1.03178692e+09
 1.03178692e+09 1.03178692e+09 1.03178693e+09 1.03178693e+09
 1.03178693e+09 1.03178693e+09 1.03178693e+09 1.03178694e+09
 1.03178694e+09 1.03178694e+09 1.03178694e+09 1.03178694e+09
 1.03178695e+09 1.03178695e+09 1.03178695e+09 1.03178695e+09
 1.03178695e+09 1.03178696e+09 1.03178696e+09 1.03178696e+09
 1.03178696e+09 1.03178696e+09 1.03178697e+09 1.03178697e+09
 1.03178697e+09 1.03178697e+09 1.03178697e+09 1.03178698e+09
 1.03178698e+09 1.03178698e+09 1.03178698e+09 1.03178698e+09
 1.03178699e+09 1.03178699e+09 1.03178699e+09 1.03178699e+09
 1.03178699e+09 1.03178700e+09 1.03178700e+09 1.03178700e+09
 1.03178700e+09 1.03178700e+09 1.03178701e+09 1.03178701e+09
 1.03178701e+09 1.03178701e+09 1.03178701e+09 1.03178701e+09
 1.03178702e+09 1.03178702e+09 1.03178702e+09 1.03178702e+09
 1.03178702e+09 1.03178703e+09 1.03178703e+09 1.03178703e+09
 1.03178703e+09 1.03178703e+09 1.03178704e+09 1.03178704e+09
 1.03178704e+09 1.03178704e+09 1.03178704e+09 1.03178705e+09
 1.03178705e+09 1.03178705e+09 1.03178705e+09 1.03178705e+09
 1.03178706e+09 1.03178706e+09 1.03178706e+09 1.03178706e+09
 1.03178706e+09 1.03178707e+09 1.03178707e+09 1.03178707e+09
 1.03178707e+09 1.03178707e+09 1.03178708e+09 1.03178708e+09
 1.03178708e+09 1.03178708e+09 1.03178708e+09 1.03178709e+09
 1.03178709e+09 1.03178709e+09 1.03178709e+09 1.03178709e+09
 1.03178710e+09 1.03178710e+09 1.03178710e+09 1.03178710e+09
 1.03178710e+09 1.03178711e+09 1.03178711e+09 1.03178711e+09
 1.03178711e+09 1.03178711e+09 1.03178712e+09 1.03178712e+09
 1.03178712e+09 1.03178712e+09 1.03178712e+09 1.03178713e+09
 1.03178713e+09 1.03178713e+09 1.03178713e+09 1.03178713e+09
 1.03178714e+09 1.03178714e+09 1.03178714e+09 1.03178714e+09
 1.03178714e+09 1.03178715e+09 1.03178715e+09 1.03178715e+09
 1.03178715e+09 1.03178715e+09 1.03178716e+09 1.03178716e+09
 1.03178716e+09 1.03178716e+09 1.03178716e+09 1.03178717e+09
 1.03178717e+09 1.03178717e+09 1.03178717e+09 1.03178717e+09
 1.03178718e+09 1.03178718e+09 1.03178718e+09 1.03178718e+09
 1.03178718e+09 1.03178719e+09 1.03178719e+09 1.03178719e+09
 1.03178719e+09 1.03178719e+09 1.03178720e+09 1.03178720e+09
 1.03178720e+09 1.03178720e+09 1.03178720e+09 1.03178721e+09
 1.03178721e+09 1.03178721e+09 1.03178721e+09 1.03178721e+09
 1.03178722e+09 1.03178722e+09 1.03178722e+09 1.03178722e+09
 1.03178722e+09 1.03178723e+09 1.03178723e+09 1.03178723e+09
 1.03178723e+09 1.03178723e+09 1.03178723e+09 1.03178724e+09
 1.03178724e+09 1.03178724e+09 1.03178724e+09 1.03178724e+09
 1.03178725e+09 1.03178725e+09 1.03178725e+09 1.03178725e+09
 1.03178725e+09 1.03178726e+09 1.03178726e+09 1.03178726e+09
 1.03178726e+09 1.03178726e+09 1.03178727e+09 1.03178727e+09
 1.03178727e+09 1.03178727e+09 1.03178727e+09 1.03178728e+09
 1.03178728e+09 1.03178728e+09 1.03178728e+09 1.03178728e+09
 1.03178729e+09 1.03178729e+09 1.03178729e+09 1.03178729e+09
 1.03178729e+09 1.03178730e+09 1.03178730e+09 1.03178730e+09
 1.03178730e+09 1.03178730e+09 1.03178731e+09 1.03178731e+09
 1.03178731e+09 1.03178731e+09 1.03178731e+09 1.03178732e+09
 1.03178732e+09 1.03178732e+09 1.03178732e+09 1.03178732e+09
 1.03178733e+09 1.03178733e+09 1.03178733e+09 1.03178733e+09
 1.03178733e+09 1.03178734e+09 1.03178734e+09 1.03178734e+09
 1.03178734e+09 1.03178734e+09 1.03178735e+09 1.03178735e+09
 1.03178735e+09 1.03178735e+09 1.03178735e+09 1.03178736e+09
 1.03178736e+09 1.03178736e+09 1.03178736e+09 1.03178736e+09
 1.03178737e+09 1.03178737e+09 1.03178737e+09 1.03178737e+09
 1.03178737e+09 1.03178738e+09 1.03178738e+09 1.03178738e+09
 1.03178738e+09 1.03178738e+09 1.03178739e+09 1.03178739e+09
 1.03178739e+09 1.03178739e+09 1.03178739e+09 1.03178740e+09
 1.03178740e+09 1.03178740e+09 1.03178740e+09 1.03178740e+09
 1.03178741e+09 1.03178741e+09 1.03178741e+09 1.03178741e+09
 1.03178741e+09 1.03178742e+09 1.03178742e+09 1.03178742e+09
 1.03178742e+09 1.03178742e+09 1.03178743e+09 1.03178743e+09
 1.03178743e+09 1.03178743e+09 1.03178743e+09 1.03178744e+09
 1.03178744e+09 1.03178744e+09 1.03178744e+09 1.03178744e+09
 1.03178745e+09 1.03178745e+09 1.03178745e+09 1.03178745e+09
 1.03178745e+09 1.03178745e+09 1.03178746e+09 1.03178746e+09
 1.03178746e+09 1.03178746e+09 1.03178746e+09 1.03178747e+09
 1.03178747e+09 1.03178747e+09 1.03178747e+09 1.03178747e+09
 1.03178748e+09 1.03178748e+09 1.03178748e+09 1.03178748e+09
 1.03178748e+09 1.03178749e+09 1.03178749e+09 1.03178749e+09
 1.03178749e+09 1.03178749e+09 1.03178750e+09 1.03178750e+09
 1.03178750e+09 1.03178750e+09 1.03178750e+09 1.03178751e+09
 1.03178751e+09 1.03178751e+09 1.03178751e+09 1.03178751e+09
 1.03178752e+09 1.03178752e+09 1.03178752e+09 1.03178752e+09
 1.03178752e+09 1.03178753e+09 1.03178753e+09 1.03178753e+09
 1.03178753e+09 1.03178753e+09 1.03178754e+09 1.03178754e+09
 1.03178754e+09 1.03178754e+09 1.03178754e+09 1.03178755e+09
 1.03178755e+09 1.03178755e+09 1.03178755e+09 1.03178755e+09
 1.03178756e+09 1.03178756e+09 1.03178756e+09 1.03178756e+09
 1.03178756e+09 1.03178757e+09 1.03178757e+09 1.03178757e+09
 1.03178757e+09 1.03178757e+09 1.03178758e+09 1.03178758e+09
 1.03178758e+09 1.03178758e+09 1.03178758e+09 1.03178759e+09
 1.03178759e+09 1.03178759e+09 1.03178759e+09 1.03178759e+09
 1.03178760e+09 1.03178760e+09 1.03178760e+09 1.03178760e+09
 1.03178760e+09 1.03178761e+09 1.03178761e+09 1.03178761e+09
 1.03178761e+09 1.03178761e+09 1.03178762e+09 1.03178762e+09
 1.03178762e+09 1.03178762e+09 1.03178762e+09 1.03178763e+09
 1.03178763e+09 1.03178763e+09 1.03178763e+09 1.03178763e+09
 1.03178764e+09 1.03178764e+09 1.03178764e+09 1.03178764e+09
 1.03178764e+09 1.03178765e+09 1.03178765e+09 1.03178765e+09
 1.03178765e+09 1.03178765e+09 1.03178766e+09 1.03178766e+09
 1.03178766e+09 1.03178766e+09 1.03178766e+09 1.03178767e+09
 1.03178767e+09 1.03178767e+09 1.03178767e+09 1.03178767e+09
 1.03178767e+09 1.03178768e+09 1.03178768e+09 1.03178768e+09
 1.03178768e+09 1.03178768e+09 1.03178769e+09 1.03178769e+09
 1.03178769e+09 1.03178769e+09 1.03178769e+09 1.03178770e+09
 1.03178770e+09 1.03178770e+09 1.03178770e+09 1.03178770e+09
 1.03178771e+09 1.03178771e+09 1.03178771e+09 1.03178771e+09
 1.03178771e+09 1.03178772e+09 1.03178772e+09 1.03178772e+09
 1.03178772e+09 1.03178772e+09 1.03178773e+09 1.03178773e+09
 1.03178773e+09 1.03178773e+09 1.03178773e+09 1.03178774e+09
 1.03178774e+09 1.03178774e+09 1.03178774e+09 1.03178774e+09
 1.03178775e+09 1.03178775e+09 1.03178775e+09 1.03178775e+09
 1.03178775e+09 1.03178776e+09 1.03178776e+09 1.03178776e+09
 1.03178776e+09 1.03178776e+09 1.03178777e+09 1.03178777e+09
 1.03178777e+09 1.03178777e+09 1.03178777e+09 1.03178778e+09
 1.03178778e+09 1.03178778e+09 1.03178778e+09 1.03178778e+09
 1.03178779e+09 1.03178779e+09 1.03178779e+09 1.03178779e+09
 1.03178779e+09 1.03178780e+09 1.03178780e+09 1.03178780e+09
 1.03178780e+09 1.03178780e+09 1.03178781e+09 1.03178781e+09
 1.03178781e+09 1.03178781e+09 1.03178781e+09 1.03178782e+09
 1.03178782e+09 1.03178782e+09 1.03178782e+09 1.03178782e+09
 1.03178783e+09 1.03178783e+09 1.03178783e+09 1.03178783e+09
 1.03178783e+09 1.03178784e+09 1.03178784e+09 1.03178784e+09
 1.03178784e+09 1.03178784e+09 1.03178785e+09 1.03178785e+09
 1.03178785e+09 1.03178785e+09 1.03178785e+09 1.03178786e+09
 1.03178786e+09 1.03178786e+09 1.03178786e+09 1.03178786e+09
 1.03178787e+09 1.03178787e+09 1.03178787e+09 1.03178787e+09
 1.03178787e+09 1.03178788e+09 1.03178788e+09 1.03178788e+09
 1.03178788e+09 1.03178788e+09 1.03178789e+09 1.03178789e+09
 1.03178789e+09 1.03178789e+09 1.03178789e+09 1.03178789e+09
 1.03178790e+09 1.03178790e+09 1.03178790e+09 1.03178790e+09
 1.03178790e+09 1.03178791e+09 1.03178791e+09 1.03178791e+09
 1.03178791e+09 1.03178791e+09 1.03178792e+09 1.03178792e+09
 1.03178792e+09 1.03178792e+09 1.03178792e+09 1.03178793e+09
 1.03178793e+09 1.03178793e+09 1.03178793e+09 1.03178793e+09
 1.03178794e+09 1.03178794e+09 1.03178794e+09 1.03178794e+09
 1.03178794e+09 1.03178795e+09 1.03178795e+09 1.03178795e+09
 1.03178795e+09 1.03178795e+09 1.03178796e+09 1.03178796e+09
 1.03178796e+09 1.03178796e+09 1.03178796e+09 1.03178797e+09
 1.03178797e+09 1.03178797e+09 1.03178797e+09 1.03178797e+09
 1.03178798e+09 1.03178798e+09 1.03178798e+09 1.03178798e+09
 1.03178798e+09 1.03178799e+09 1.03178799e+09 1.03178799e+09
 1.03178799e+09 1.03178799e+09 1.03178800e+09 1.03178800e+09
 1.03178800e+09 1.03178800e+09 1.03178800e+09 1.03178801e+09
 1.03178801e+09 1.03178801e+09 1.03178801e+09 1.03178801e+09
 1.03178802e+09 1.03178802e+09 1.03178802e+09 1.03178802e+09
 1.03178802e+09 1.03178803e+09 1.03178803e+09 1.03178803e+09
 1.03178803e+09 1.03178803e+09 1.03178804e+09 1.03178804e+09
 1.03178804e+09 1.03178804e+09 1.03178804e+09 1.03178805e+09
 1.03178805e+09 1.03178805e+09 1.03178805e+09 1.03178805e+09
 1.03178806e+09 1.03178806e+09 1.03178806e+09 1.03178806e+09
 1.03178806e+09 1.03178807e+09 1.03178807e+09 1.03178807e+09
 1.03178807e+09 1.03178807e+09 1.03178808e+09 1.03178808e+09
 1.03178808e+09 1.03178808e+09 1.03178808e+09 1.03178809e+09
 1.03178809e+09 1.03178809e+09 1.03178809e+09 1.03178809e+09
 1.03178810e+09 1.03178810e+09 1.03178810e+09 1.03178810e+09
 1.03178810e+09 1.03178811e+09 1.03178811e+09 1.03178811e+09
 1.03178811e+09 1.03178811e+09 1.03178811e+09 1.03178812e+09
 1.03178812e+09 1.03178812e+09 1.03178812e+09 1.03178812e+09
 1.03178813e+09 1.03178813e+09 1.03178813e+09 1.03178813e+09
 1.03178813e+09 1.03178814e+09 1.03178814e+09 1.03178814e+09
 1.03178814e+09 1.03178814e+09 1.03178815e+09 1.03178815e+09
 1.03178815e+09 1.03178815e+09 1.03178815e+09 1.03178816e+09
 1.03178816e+09 1.03178816e+09 1.03178816e+09 1.03178816e+09
 1.03178817e+09 1.03178817e+09 1.03178817e+09 1.03178817e+09
 1.03178817e+09 1.03178818e+09 1.03178818e+09 1.03178818e+09
 1.03178818e+09 1.03178818e+09 1.03178819e+09 1.03178819e+09
 1.03178819e+09 1.03178819e+09 1.03178819e+09 1.03178820e+09
 1.03178820e+09 1.03178820e+09 1.03178820e+09 1.03178820e+09
 1.03178821e+09 1.03178821e+09 1.03178821e+09 1.03178821e+09
 1.03178821e+09 1.03178822e+09 1.03178822e+09 1.03178822e+09
 1.03178822e+09 1.03178822e+09 1.03178823e+09 1.03178823e+09
 1.03178823e+09 1.03178823e+09 1.03178823e+09 1.03178824e+09
 1.03178824e+09 1.03178824e+09 1.03178824e+09 1.03178824e+09
 1.03178825e+09 1.03178825e+09 1.03178825e+09 1.03178825e+09
 1.03178825e+09 1.03178826e+09 1.03178826e+09 1.03178826e+09
 1.03178826e+09 1.03178826e+09 1.03178827e+09 1.03178827e+09
 1.03178827e+09 1.03178827e+09 1.03178827e+09 1.03178828e+09
 1.03178828e+09 1.03178828e+09 1.03178828e+09 1.03178828e+09
 1.03178829e+09 1.03178829e+09 1.03178829e+09 1.03178829e+09
 1.03178829e+09 1.03178830e+09 1.03178830e+09 1.03178830e+09
 1.03178830e+09 1.03178830e+09 1.03178831e+09 1.03178831e+09
 1.03178831e+09 1.03178831e+09 1.03178831e+09 1.03178832e+09
 1.03178832e+09 1.03178832e+09 1.03178832e+09 1.03178832e+09
 1.03178833e+09 1.03178833e+09 1.03178833e+09 1.03178833e+09
 1.03178833e+09 1.03178833e+09 1.03178834e+09 1.03178834e+09
 1.03178834e+09 1.03178834e+09 1.03178834e+09 1.03178835e+09
 1.03178835e+09 1.03178835e+09 1.03178835e+09 1.03178835e+09
 1.03178836e+09 1.03178836e+09 1.03178836e+09 1.03178836e+09
 1.03178836e+09 1.03178837e+09 1.03178837e+09 1.03178837e+09
 1.03178837e+09 1.03178837e+09 1.03178838e+09 1.03178838e+09
 1.03178838e+09 1.03178838e+09 1.03178838e+09 1.03178839e+09
 1.03178839e+09 1.03178839e+09 1.03178839e+09 1.03178839e+09
 1.03178840e+09 1.03178840e+09 1.03178840e+09 1.03178840e+09
 1.03178840e+09 1.03178841e+09 1.03178841e+09 1.03178841e+09
 1.03178841e+09 1.03178841e+09 1.03178842e+09 1.03178842e+09]
minRes = 6.421398885972974
minResTime =  [1.03178644e+09]
