name =JUICE_ROI_CAL_5_0_06
flyby =  ['2033 MAY 10 08:21:32', '2033 MAY 11 08:21:32']
Observation TW =  <SpiceCell dtype = 1, length = 0, size = 3000, card = 10, is_set = 1, adjust = 0, init = 1, base = 2554804125744, data = 2554804125792>
Res(t) =  [1.31250208 1.31652886 1.32055946 1.32459382 1.32863187 1.33267354
 1.33671877 1.34076749 1.34481964 1.34887515 1.35293397 1.35699603
 1.36106128 1.36512966 1.36920112 1.37327559 1.37735303 1.38143339
 1.38551661 1.38960264 1.39369144 1.39778295 1.40187713 1.40597394
 1.41007332 1.41417524 1.41827965 1.4223865  1.42649576 1.43060738
 1.43472133 1.43883757 1.44295605 1.44707673 1.4511996  1.45532459
 1.45945169 1.46358084 1.46771203 1.47184522 1.47598037 1.48011744
 1.48425642 1.48839726 1.49253994 1.49668443 1.50083069 1.5049787
 1.50912843 1.51327984 1.51743292 1.52158764 1.52574397 1.52990187
 1.53406134 1.53822233 1.54238483 1.54654882 1.55071426 1.55488114
 1.55904943 1.5632191  1.56739015 1.57156254 1.57573625 1.57991126
 1.58408755 1.5882651  1.59244389 1.59662389 1.6008051  1.60498749
 1.60917104 1.61335573 1.61754154 1.62172846 1.62591647 1.63010555
 1.63429568 1.63848685 1.64267903 1.64687222 1.6510664  1.65526154
 1.65945764 1.66365468 1.66785265 1.67205152 1.67625129 1.68045194
 1.68465345 1.68885581 1.69305901 1.69726303 1.70146787 1.7056735
 1.70987991 1.71408709 1.71829503 1.72250372 1.72671314 1.73092327
 1.73513412 1.73934566 1.74355789 1.74777079 1.75198435 1.75619857
 1.76041342 1.7646289  1.768845   1.77306171 1.77727901 1.7814969
 1.78571536 1.78993439 1.79415398 1.79837412 1.80259479 1.80681599
 1.8110377  1.81525993 1.81948265 1.82370587 1.82792956 1.83215373
 1.83637836 1.84060345 1.84482899 1.84905497 1.85328137 1.8575082
 1.86173544 1.86596309 1.87019114 1.87441958 1.8786484  1.8828776
 1.88710717 1.8913371  1.89556738 1.89979801 1.90402898 1.90826028
 1.9124919  1.91672385 1.92095611 1.92518867 1.92942154 1.93365469
 1.93788814 1.94212186 1.94635586 1.95059012 1.95482465 1.95905943
 1.96329446 1.96752973 1.97176524 1.97600099 1.98023695 1.98447315
 1.98870955 1.99294617 1.99718299 2.00142001 2.00565722 2.00989462
 2.0141322  2.01836996 2.0226079  2.026846   2.03108427 2.03532269
 2.03956127 2.0438     2.04803887 2.05227788 2.05651702 2.0607563
 2.0649957  2.06923522 2.07347485 2.0777146  2.08195446 2.08619442
 2.09043448 2.09467464 2.09891488 2.10315521 2.10739563 2.11163613
 2.1158767  2.12011734 2.12435804 2.12859881 2.13283965 2.13708053
 2.14132147 2.14556246 2.14980349 2.15404456 2.15828567 2.16252681
 2.16676798 2.17100918 2.17525041 2.17949165 2.18373291 2.18797418
 2.19221547 2.19645676 2.20069805 2.20493935 2.20918064 2.21342192
 2.2176632  2.22190446 2.22614571 2.23038694 2.23462815 2.23886934
 2.2431105  2.24735163 2.25159272 2.25583378 2.2600748  2.26431578
 2.26855672 2.27279761 2.27703845 2.28127924 2.28551997 2.28976065
 2.29400126 2.29824182 2.3024823  2.30672272 2.31096307 2.31520335
 2.31944355 2.32368368 2.32792372 2.33216368 2.33640356 2.34064335
 2.34488305 2.34912266 2.35336217 2.35760159 2.36184091 2.36608012
 2.37031924 2.37455825 2.37879715 2.38303594 2.38727462 2.39151319
 2.39575164 2.39998997 2.40422818 2.40846627 2.41270424 2.41694208
 2.42117979 2.42541737 2.42965482 2.43389213 2.43812931 2.44236635
 2.44660326 2.45084002 2.45507663 2.4593131  2.46354943 2.4677856
 2.47202162 2.47625749 2.48049321 2.48472877 2.48896417 2.49319942
 2.4974345  2.50166942 2.50590417 2.51013876 2.51437318 2.51860743
 2.52284151 2.52707541 2.53130914 2.5355427  2.53977608 2.54400928
 2.54824229 2.55247513 2.55670778 2.56094025 2.56517253 2.56940462
 2.57363652 2.57786823 2.58209974 2.58633107 2.59056219 2.59479312
 2.59902386 2.60325439 2.60748472 2.61171485 2.61594477 2.62017449
 2.624404   2.6286333  2.6328624  2.63709128 2.64131995 2.64554841
 2.64977665 2.65400468 2.65823249 2.66246008 2.66668746 2.67091461
 2.67514154 2.67936824 2.68359472 2.68782098 2.69204701 2.69627281
 2.70049838 2.70472372 2.70894883 2.7131737  2.71739835 2.72162275
 2.72584692 2.73007086 2.73429455 2.73851801 2.74274122 2.74696419
 2.75118692 2.75540941 2.75963165 2.76385364 2.76807539 2.77229689
 2.77651814 2.78073914 2.78495988 2.78918038 2.79340062 2.79762061
 2.80184034 2.80605982 2.81027904 2.814498   2.8187167  2.82293514
 2.82715332 2.83137124 2.83558889 2.83980628 2.84402341 2.84824027
 2.85245686 2.85667319 2.86088924 2.86510503 2.86932055 2.87353579
 2.87775076 2.88196546 2.88617989 2.89039404 2.89460792 2.89882151
 2.90303484 2.90724788 2.91146064 2.91567313 2.91988533 2.92409725
 2.92830889 2.93252025 2.93673132 2.94094211 2.94515261 2.94936282
 2.95357275 2.95778239 2.96199174 2.9662008  2.97040957 2.97461805
 2.97882624 2.98303413 2.98724174 2.99144904 2.99565606 2.99986277
 3.00406919 3.00827532 3.01248114 3.01668667 3.0208919  3.02509683
 3.02930145 3.03350578 3.0377098  3.04191352 3.04611694 3.05032005
 3.05452286 3.05872536 3.06292756 3.06712945 3.07133103 3.07553231
 3.07973327 3.08393392 3.08813427 3.0923343  3.09653403 3.10073344
 3.10493253 3.10913132 3.11332979 3.11752794 3.12172578 3.12592331
 3.13012051 3.1343174  3.13851397 3.14271023 3.14690616 3.15110178
 3.15529707 3.15949205 3.1636867  3.16788103 3.17207504 3.17626872
 3.18046208 3.18465512 3.18884783 3.19304022 3.19723228 3.20142401
 3.20561541 3.20980649 3.21399724 3.21818766 3.22237776 3.22656752
 3.23075695 3.23494605 3.23913482 3.24332325 3.24751136 3.25169913
 3.25588656 3.26007367 3.26426043 3.26844687 3.27263296 3.27681872
 3.28100415 3.28518923 3.28937398 3.29355839 3.29774246 3.30192619
 3.30610958 3.31029263 3.31447534 3.31865771 3.32283974 3.32702142
 3.33120276 3.33538376 3.33956442 3.34374473 3.34792469 3.35210431
 3.35628359 3.36046251 3.36464109 3.36881933 3.37299722 3.37717475
 3.38135194 3.38552879 3.38970528 3.39388142 3.39805721 3.40223265
 3.40640774 3.41058248 3.41475686 3.4189309  3.42310458 3.42727791
 3.43145088 3.43562399 3.4397963  3.44396826 3.44813986 3.45231111
 3.456482   3.46065253 3.46482271 3.46899253 3.47316199 3.4773311
 3.48149985 3.48566823 3.48983626 3.49400393 3.49817124 3.50233819
 3.50650478 3.510671   3.51483687 3.51900237 3.52316751 3.52733229
 3.5314967  3.53566075 3.53982444 3.54398776 3.54815072 3.55231332
 3.55647554 3.56063741 3.5647989  3.56896003 3.57312079 3.57728119
 3.58144122 3.58560088 3.58976017 3.59391909 3.59807764 3.60223583
 3.60639364 3.61055109 3.61470816 3.61886486 3.6230212  3.62717716
 3.63133274 3.63548796 3.6396428  3.64379728 3.64795137 3.6521051
 3.65625845 3.66041142 3.66456402 3.66871625 3.6728681  3.67701958
 3.68117068 3.6853214  3.68947175 3.69362172 3.69777131 3.70192052
 3.70606936 3.71021782 3.7143659  3.7185136  3.72266092 3.72680787
 3.73095443 3.73510061 3.73924642 3.74339184 3.74753688 3.75168154
 3.75582582 3.75996971 3.76411323 3.76825636 3.7723991  3.77654147
 3.78068345 3.78482505 3.78896626 3.79310709 3.79724754 3.80138759
 3.80552727 3.80966656 3.81380546 3.81794398 3.82208211 3.82621985
 3.83035721 3.83449418 3.83863076 3.84276695 3.84690276 3.85103817
 3.8551732  3.85930784 3.86344209 3.86757595 3.87170942 3.8758425
 3.87997519 3.88410749 3.8882394  3.89237091 3.89650204 3.90063277
 3.90476311 3.90889306 3.91302262 3.91715178 3.92128055 3.92540893
 3.92953691 3.9336645  3.93779169 3.94191849 3.9460449  3.95017091
 3.95429653 3.95842175 3.96254657 3.966671   3.97079503 3.97491867
 3.9790419  3.98316474 3.98728719 3.99140924 3.99553088 3.99965213
 4.00377299 4.00789344 4.01201349 4.01613315 4.02025241 4.02437126
 4.02848972 4.03260778 4.03672543 4.04084269 4.04495954 4.049076
 4.05319205 4.0573077  4.06142295 4.0655378  4.06965224 4.07376628
 4.07787992 4.08199316 4.08610599 4.09021842 4.09433045 4.09844207
 4.10255329 4.1066641  4.11077451 4.11488452 4.11899412 4.12310331
 4.1272121  4.13132048 4.13542846 4.13953603 4.14364319 4.14774995
 4.1518563  4.15596224 4.16006778 4.16417291 4.16827763 4.17238194
 4.17648584 4.18058934 4.18469243 4.18879511 4.19289737 4.19699923
 4.20110068 4.20520172 4.20930236 4.21340258 4.21750239 4.22160178
 4.22570077 4.22979935 4.23389752 4.23799527 4.24209261 4.24618954
 4.25028606 4.25438217 4.25847786 4.26257314 4.26666801 4.27076247
 4.27485651 4.27895013 4.28304335 4.28713615 4.29122853 4.29532051
 4.29941206 4.3035032  4.30759393 4.31168424 4.31577414 4.31986362
 4.32395268 4.32804133 4.33212956 4.33621738 4.34030478 4.34439176
 4.34847833 4.35256448 4.35665021 4.36073552 4.36482042 4.36890489
 4.37298895 4.37707259 4.38115582 4.38523862 4.389321   4.39340297
 4.39748451 4.40156564 4.40564635 4.40972663 4.4138065  4.41788595
 4.42196497 4.42604358 4.43012176 4.43419952 4.43827687 4.44235379
 4.44643028 4.45050636 4.45458202 4.45865725 4.46273206 4.46680645
 4.47088041 4.47495395 4.47902707 4.48309977 4.48717204 4.49124389
 4.49531531 4.49938631 4.50345689 4.50752704 4.51159677 4.51566607
 4.51973495 4.5238034  4.52787143 4.53193903 4.53600621 4.54007296
 4.54413928 4.54820518 4.55227065 4.5563357  4.56040032 4.56446451
 4.56852828 4.57259161 4.57665452 4.58071701 4.58477906 4.58884069
 4.59290189 4.59696266 4.601023   4.60508291 4.6091424  4.61320146
 4.61726008 4.62131828 4.62537605 4.62943339 4.6334903  4.63754678
 4.64160283 4.64565844 4.64971363 4.65376839 4.65782272 4.66187661
 4.66593008 4.66998311 4.67403571 4.67808788 4.68213962 4.68619093
 4.69024181 4.69429225 4.69834226 4.70239184 4.70644098 4.71048969
 4.71453797 4.71858582 4.72263323 4.72668021 4.73072675 4.73477287
 4.73881854 4.74286379 4.74690859 4.75095297 4.75499691 4.75904041
 4.76308348 4.76712612 4.77116832 4.77521008 4.77925141 4.7832923
 4.78733276 4.79137278 4.79541237 4.79945151 4.80349023 4.8075285
 4.81156634 4.81560374 4.8196407  4.82367723 4.82771332 4.83174897
 4.83578419 4.83981896 4.8438533  4.8478872  4.85192066 4.85595369
 4.85998627 4.86401842 4.86805012 4.87208139 4.87611222 4.88014261
 4.88417256 4.88820207 4.89223114 4.89625977 4.90028796 4.90431571
 4.90834302 4.91236989 4.91639631 4.9204223  4.92444785 4.92847295
 4.93249762 4.93652184 4.94054562 4.94456896 4.94859186 4.95261431
 4.95663632 4.96065789 4.96467902 4.96869971 4.97271995 4.97673975
 4.98075911 4.98477802 4.98879649 4.99281452 4.9968321  5.00084925
 5.00486594 5.00888219 5.012898   5.01691337 5.02092829 5.02494276
 5.02895679 5.03297038 5.03698352 5.04099621 5.04500846 5.04902027
 5.05303163 5.05704254 5.06105301 5.06506303 5.0690726  5.07308173
 5.07709042 5.08109865 5.08510644 5.08911379 5.09312068 5.09712713
 5.10113314 5.10513869 5.1091438  5.11314846 5.11715267 5.12115644
 5.12515975 5.12916262 5.13316504 5.13716702 5.14116854 5.14516961
 5.14917024 5.15317042 5.15717015 5.16116943 5.16516826 5.16916664
 5.17316457 5.17716205 5.18115908 5.18515566 5.18915179 5.19314748
 5.19714271 5.20113749 5.20513182 5.2091257  5.21311913 5.21711211
 5.22110463 5.22509671 5.22908833 5.2330795  5.23707023 5.2410605
 5.24505031 5.24903968 5.25302859 5.25701705 5.26100506 5.26499262
 5.26897972 5.27296637 5.27695257 5.28093832 5.28492361 5.28890845
 5.29289283 5.29687677 5.30086025 5.30484327 5.30882584 5.31280796
 5.31678962 5.32077083 5.32475159 5.32873189 5.33271173 5.33669112
 5.34067006 5.34464854 5.34862657 5.35260414 5.35658125 5.36055791
 5.36453412 5.36850986 5.37248516 5.37646    5.38043438 5.3844083
 5.38838177 5.39235478 5.39632734 5.40029944 5.40427108 5.40824227
 5.41221299 5.41618327 5.42015308 5.42412244 5.42809134 5.43205978
 5.43602776 5.43999529 5.44396236 5.44792897]
t =  [1.05264982e+09 1.05264986e+09 1.05264989e+09 1.05264993e+09
 1.05264996e+09 1.05265000e+09 1.05265003e+09 1.05265006e+09
 1.05265010e+09 1.05265013e+09 1.05265017e+09 1.05265020e+09
 1.05265024e+09 1.05265027e+09 1.05265031e+09 1.05265034e+09
 1.05265038e+09 1.05265041e+09 1.05265045e+09 1.05265048e+09
 1.05265052e+09 1.05265055e+09 1.05265059e+09 1.05265062e+09
 1.05265066e+09 1.05265069e+09 1.05265073e+09 1.05265076e+09
 1.05265079e+09 1.05265083e+09 1.05265086e+09 1.05265090e+09
 1.05265093e+09 1.05265097e+09 1.05265100e+09 1.05265104e+09
 1.05265107e+09 1.05265111e+09 1.05265114e+09 1.05265118e+09
 1.05265121e+09 1.05265125e+09 1.05265128e+09 1.05265132e+09
 1.05265135e+09 1.05265139e+09 1.05265142e+09 1.05265146e+09
 1.05265149e+09 1.05265153e+09 1.05265156e+09 1.05265159e+09
 1.05265163e+09 1.05265166e+09 1.05265170e+09 1.05265173e+09
 1.05265177e+09 1.05265180e+09 1.05265184e+09 1.05265187e+09
 1.05265191e+09 1.05265194e+09 1.05265198e+09 1.05265201e+09
 1.05265205e+09 1.05265208e+09 1.05265212e+09 1.05265215e+09
 1.05265219e+09 1.05265222e+09 1.05265226e+09 1.05265229e+09
 1.05265232e+09 1.05265236e+09 1.05265239e+09 1.05265243e+09
 1.05265246e+09 1.05265250e+09 1.05265253e+09 1.05265257e+09
 1.05265260e+09 1.05265264e+09 1.05265267e+09 1.05265271e+09
 1.05265274e+09 1.05265278e+09 1.05265281e+09 1.05265285e+09
 1.05265288e+09 1.05265292e+09 1.05265295e+09 1.05265299e+09
 1.05265302e+09 1.05265306e+09 1.05265309e+09 1.05265312e+09
 1.05265316e+09 1.05265319e+09 1.05265323e+09 1.05265326e+09
 1.05265330e+09 1.05265333e+09 1.05265337e+09 1.05265340e+09
 1.05265344e+09 1.05265347e+09 1.05265351e+09 1.05265354e+09
 1.05265358e+09 1.05265361e+09 1.05265365e+09 1.05265368e+09
 1.05265372e+09 1.05265375e+09 1.05265379e+09 1.05265382e+09
 1.05265386e+09 1.05265389e+09 1.05265392e+09 1.05265396e+09
 1.05265399e+09 1.05265403e+09 1.05265406e+09 1.05265410e+09
 1.05265413e+09 1.05265417e+09 1.05265420e+09 1.05265424e+09
 1.05265427e+09 1.05265431e+09 1.05265434e+09 1.05265438e+09
 1.05265441e+09 1.05265445e+09 1.05265448e+09 1.05265452e+09
 1.05265455e+09 1.05265459e+09 1.05265462e+09 1.05265465e+09
 1.05265469e+09 1.05265472e+09 1.05265476e+09 1.05265479e+09
 1.05265483e+09 1.05265486e+09 1.05265490e+09 1.05265493e+09
 1.05265497e+09 1.05265500e+09 1.05265504e+09 1.05265507e+09
 1.05265511e+09 1.05265514e+09 1.05265518e+09 1.05265521e+09
 1.05265525e+09 1.05265528e+09 1.05265532e+09 1.05265535e+09
 1.05265539e+09 1.05265542e+09 1.05265545e+09 1.05265549e+09
 1.05265552e+09 1.05265556e+09 1.05265559e+09 1.05265563e+09
 1.05265566e+09 1.05265570e+09 1.05265573e+09 1.05265577e+09
 1.05265580e+09 1.05265584e+09 1.05265587e+09 1.05265591e+09
 1.05265594e+09 1.05265598e+09 1.05265601e+09 1.05265605e+09
 1.05265608e+09 1.05265612e+09 1.05265615e+09 1.05265618e+09
 1.05265622e+09 1.05265625e+09 1.05265629e+09 1.05265632e+09
 1.05265636e+09 1.05265639e+09 1.05265643e+09 1.05265646e+09
 1.05265650e+09 1.05265653e+09 1.05265657e+09 1.05265660e+09
 1.05265664e+09 1.05265667e+09 1.05265671e+09 1.05265674e+09
 1.05265678e+09 1.05265681e+09 1.05265685e+09 1.05265688e+09
 1.05265692e+09 1.05265695e+09 1.05265698e+09 1.05265702e+09
 1.05265705e+09 1.05265709e+09 1.05265712e+09 1.05265716e+09
 1.05265719e+09 1.05265723e+09 1.05265726e+09 1.05265730e+09
 1.05265733e+09 1.05265737e+09 1.05265740e+09 1.05265744e+09
 1.05265747e+09 1.05265751e+09 1.05265754e+09 1.05265758e+09
 1.05265761e+09 1.05265765e+09 1.05265768e+09 1.05265772e+09
 1.05265775e+09 1.05265778e+09 1.05265782e+09 1.05265785e+09
 1.05265789e+09 1.05265792e+09 1.05265796e+09 1.05265799e+09
 1.05265803e+09 1.05265806e+09 1.05265810e+09 1.05265813e+09
 1.05265817e+09 1.05265820e+09 1.05265824e+09 1.05265827e+09
 1.05265831e+09 1.05265834e+09 1.05265838e+09 1.05265841e+09
 1.05265845e+09 1.05265848e+09 1.05265851e+09 1.05265855e+09
 1.05265858e+09 1.05265862e+09 1.05265865e+09 1.05265869e+09
 1.05265872e+09 1.05265876e+09 1.05265879e+09 1.05265883e+09
 1.05265886e+09 1.05265890e+09 1.05265893e+09 1.05265897e+09
 1.05265900e+09 1.05265904e+09 1.05265907e+09 1.05265911e+09
 1.05265914e+09 1.05265918e+09 1.05265921e+09 1.05265925e+09
 1.05265928e+09 1.05265931e+09 1.05265935e+09 1.05265938e+09
 1.05265942e+09 1.05265945e+09 1.05265949e+09 1.05265952e+09
 1.05265956e+09 1.05265959e+09 1.05265963e+09 1.05265966e+09
 1.05265970e+09 1.05265973e+09 1.05265977e+09 1.05265980e+09
 1.05265984e+09 1.05265987e+09 1.05265991e+09 1.05265994e+09
 1.05265998e+09 1.05266001e+09 1.05266004e+09 1.05266008e+09
 1.05266011e+09 1.05266015e+09 1.05266018e+09 1.05266022e+09
 1.05266025e+09 1.05266029e+09 1.05266032e+09 1.05266036e+09
 1.05266039e+09 1.05266043e+09 1.05266046e+09 1.05266050e+09
 1.05266053e+09 1.05266057e+09 1.05266060e+09 1.05266064e+09
 1.05266067e+09 1.05266071e+09 1.05266074e+09 1.05266078e+09
 1.05266081e+09 1.05266084e+09 1.05266088e+09 1.05266091e+09
 1.05266095e+09 1.05266098e+09 1.05266102e+09 1.05266105e+09
 1.05266109e+09 1.05266112e+09 1.05266116e+09 1.05266119e+09
 1.05266123e+09 1.05266126e+09 1.05266130e+09 1.05266133e+09
 1.05266137e+09 1.05266140e+09 1.05266144e+09 1.05266147e+09
 1.05266151e+09 1.05266154e+09 1.05266158e+09 1.05266161e+09
 1.05266164e+09 1.05266168e+09 1.05266171e+09 1.05266175e+09
 1.05266178e+09 1.05266182e+09 1.05266185e+09 1.05266189e+09
 1.05266192e+09 1.05266196e+09 1.05266199e+09 1.05266203e+09
 1.05266206e+09 1.05266210e+09 1.05266213e+09 1.05266217e+09
 1.05266220e+09 1.05266224e+09 1.05266227e+09 1.05266231e+09
 1.05266234e+09 1.05266237e+09 1.05266241e+09 1.05266244e+09
 1.05266248e+09 1.05266251e+09 1.05266255e+09 1.05266258e+09
 1.05266262e+09 1.05266265e+09 1.05266269e+09 1.05266272e+09
 1.05266276e+09 1.05266279e+09 1.05266283e+09 1.05266286e+09
 1.05266290e+09 1.05266293e+09 1.05266297e+09 1.05266300e+09
 1.05266304e+09 1.05266307e+09 1.05266311e+09 1.05266314e+09
 1.05266317e+09 1.05266321e+09 1.05266324e+09 1.05266328e+09
 1.05266331e+09 1.05266335e+09 1.05266338e+09 1.05266342e+09
 1.05266345e+09 1.05266349e+09 1.05266352e+09 1.05266356e+09
 1.05266359e+09 1.05266363e+09 1.05266366e+09 1.05266370e+09
 1.05266373e+09 1.05266377e+09 1.05266380e+09 1.05266384e+09
 1.05266387e+09 1.05266390e+09 1.05266394e+09 1.05266397e+09
 1.05266401e+09 1.05266404e+09 1.05266408e+09 1.05266411e+09
 1.05266415e+09 1.05266418e+09 1.05266422e+09 1.05266425e+09
 1.05266429e+09 1.05266432e+09 1.05266436e+09 1.05266439e+09
 1.05266443e+09 1.05266446e+09 1.05266450e+09 1.05266453e+09
 1.05266457e+09 1.05266460e+09 1.05266464e+09 1.05266467e+09
 1.05266470e+09 1.05266474e+09 1.05266477e+09 1.05266481e+09
 1.05266484e+09 1.05266488e+09 1.05266491e+09 1.05266495e+09
 1.05266498e+09 1.05266502e+09 1.05266505e+09 1.05266509e+09
 1.05266512e+09 1.05266516e+09 1.05266519e+09 1.05266523e+09
 1.05266526e+09 1.05266530e+09 1.05266533e+09 1.05266537e+09
 1.05266540e+09 1.05266544e+09 1.05266547e+09 1.05266550e+09
 1.05266554e+09 1.05266557e+09 1.05266561e+09 1.05266564e+09
 1.05266568e+09 1.05266571e+09 1.05266575e+09 1.05266578e+09
 1.05266582e+09 1.05266585e+09 1.05266589e+09 1.05266592e+09
 1.05266596e+09 1.05266599e+09 1.05266603e+09 1.05266606e+09
 1.05266610e+09 1.05266613e+09 1.05266617e+09 1.05266620e+09
 1.05266623e+09 1.05266627e+09 1.05266630e+09 1.05266634e+09
 1.05266637e+09 1.05266641e+09 1.05266644e+09 1.05266648e+09
 1.05266651e+09 1.05266655e+09 1.05266658e+09 1.05266662e+09
 1.05266665e+09 1.05266669e+09 1.05266672e+09 1.05266676e+09
 1.05266679e+09 1.05266683e+09 1.05266686e+09 1.05266690e+09
 1.05266693e+09 1.05266697e+09 1.05266700e+09 1.05266703e+09
 1.05266707e+09 1.05266710e+09 1.05266714e+09 1.05266717e+09
 1.05266721e+09 1.05266724e+09 1.05266728e+09 1.05266731e+09
 1.05266735e+09 1.05266738e+09 1.05266742e+09 1.05266745e+09
 1.05266749e+09 1.05266752e+09 1.05266756e+09 1.05266759e+09
 1.05266763e+09 1.05266766e+09 1.05266770e+09 1.05266773e+09
 1.05266776e+09 1.05266780e+09 1.05266783e+09 1.05266787e+09
 1.05266790e+09 1.05266794e+09 1.05266797e+09 1.05266801e+09
 1.05266804e+09 1.05266808e+09 1.05266811e+09 1.05266815e+09
 1.05266818e+09 1.05266822e+09 1.05266825e+09 1.05266829e+09
 1.05266832e+09 1.05266836e+09 1.05266839e+09 1.05266843e+09
 1.05266846e+09 1.05266850e+09 1.05266853e+09 1.05266856e+09
 1.05266860e+09 1.05266863e+09 1.05266867e+09 1.05266870e+09
 1.05266874e+09 1.05266877e+09 1.05266881e+09 1.05266884e+09
 1.05266888e+09 1.05266891e+09 1.05266895e+09 1.05266898e+09
 1.05266902e+09 1.05266905e+09 1.05266909e+09 1.05266912e+09
 1.05266916e+09 1.05266919e+09 1.05266923e+09 1.05266926e+09
 1.05266930e+09 1.05266933e+09 1.05266936e+09 1.05266940e+09
 1.05266943e+09 1.05266947e+09 1.05266950e+09 1.05266954e+09
 1.05266957e+09 1.05266961e+09 1.05266964e+09 1.05266968e+09
 1.05266971e+09 1.05266975e+09 1.05266978e+09 1.05266982e+09
 1.05266985e+09 1.05266989e+09 1.05266992e+09 1.05266996e+09
 1.05266999e+09 1.05267003e+09 1.05267006e+09 1.05267009e+09
 1.05267013e+09 1.05267016e+09 1.05267020e+09 1.05267023e+09
 1.05267027e+09 1.05267030e+09 1.05267034e+09 1.05267037e+09
 1.05267041e+09 1.05267044e+09 1.05267048e+09 1.05267051e+09
 1.05267055e+09 1.05267058e+09 1.05267062e+09 1.05267065e+09
 1.05267069e+09 1.05267072e+09 1.05267076e+09 1.05267079e+09
 1.05267083e+09 1.05267086e+09 1.05267089e+09 1.05267093e+09
 1.05267096e+09 1.05267100e+09 1.05267103e+09 1.05267107e+09
 1.05267110e+09 1.05267114e+09 1.05267117e+09 1.05267121e+09
 1.05267124e+09 1.05267128e+09 1.05267131e+09 1.05267135e+09
 1.05267138e+09 1.05267142e+09 1.05267145e+09 1.05267149e+09
 1.05267152e+09 1.05267156e+09 1.05267159e+09 1.05267162e+09
 1.05267166e+09 1.05267169e+09 1.05267173e+09 1.05267176e+09
 1.05267180e+09 1.05267183e+09 1.05267187e+09 1.05267190e+09
 1.05267194e+09 1.05267197e+09 1.05267201e+09 1.05267204e+09
 1.05267208e+09 1.05267211e+09 1.05267215e+09 1.05267218e+09
 1.05267222e+09 1.05267225e+09 1.05267229e+09 1.05267232e+09
 1.05267236e+09 1.05267239e+09 1.05267242e+09 1.05267246e+09
 1.05267249e+09 1.05267253e+09 1.05267256e+09 1.05267260e+09
 1.05267263e+09 1.05267267e+09 1.05267270e+09 1.05267274e+09
 1.05267277e+09 1.05267281e+09 1.05267284e+09 1.05267288e+09
 1.05267291e+09 1.05267295e+09 1.05267298e+09 1.05267302e+09
 1.05267305e+09 1.05267309e+09 1.05267312e+09 1.05267316e+09
 1.05267319e+09 1.05267322e+09 1.05267326e+09 1.05267329e+09
 1.05267333e+09 1.05267336e+09 1.05267340e+09 1.05267343e+09
 1.05267347e+09 1.05267350e+09 1.05267354e+09 1.05267357e+09
 1.05267361e+09 1.05267364e+09 1.05267368e+09 1.05267371e+09
 1.05267375e+09 1.05267378e+09 1.05267382e+09 1.05267385e+09
 1.05267389e+09 1.05267392e+09 1.05267395e+09 1.05267399e+09
 1.05267402e+09 1.05267406e+09 1.05267409e+09 1.05267413e+09
 1.05267416e+09 1.05267420e+09 1.05267423e+09 1.05267427e+09
 1.05267430e+09 1.05267434e+09 1.05267437e+09 1.05267441e+09
 1.05267444e+09 1.05267448e+09 1.05267451e+09 1.05267455e+09
 1.05267458e+09 1.05267462e+09 1.05267465e+09 1.05267469e+09
 1.05267472e+09 1.05267475e+09 1.05267479e+09 1.05267482e+09
 1.05267486e+09 1.05267489e+09 1.05267493e+09 1.05267496e+09
 1.05267500e+09 1.05267503e+09 1.05267507e+09 1.05267510e+09
 1.05267514e+09 1.05267517e+09 1.05267521e+09 1.05267524e+09
 1.05267528e+09 1.05267531e+09 1.05267535e+09 1.05267538e+09
 1.05267542e+09 1.05267545e+09 1.05267548e+09 1.05267552e+09
 1.05267555e+09 1.05267559e+09 1.05267562e+09 1.05267566e+09
 1.05267569e+09 1.05267573e+09 1.05267576e+09 1.05267580e+09
 1.05267583e+09 1.05267587e+09 1.05267590e+09 1.05267594e+09
 1.05267597e+09 1.05267601e+09 1.05267604e+09 1.05267608e+09
 1.05267611e+09 1.05267615e+09 1.05267618e+09 1.05267622e+09
 1.05267625e+09 1.05267628e+09 1.05267632e+09 1.05267635e+09
 1.05267639e+09 1.05267642e+09 1.05267646e+09 1.05267649e+09
 1.05267653e+09 1.05267656e+09 1.05267660e+09 1.05267663e+09
 1.05267667e+09 1.05267670e+09 1.05267674e+09 1.05267677e+09
 1.05267681e+09 1.05267684e+09 1.05267688e+09 1.05267691e+09
 1.05267695e+09 1.05267698e+09 1.05267702e+09 1.05267705e+09
 1.05267708e+09 1.05267712e+09 1.05267715e+09 1.05267719e+09
 1.05267722e+09 1.05267726e+09 1.05267729e+09 1.05267733e+09
 1.05267736e+09 1.05267740e+09 1.05267743e+09 1.05267747e+09
 1.05267750e+09 1.05267754e+09 1.05267757e+09 1.05267761e+09
 1.05267764e+09 1.05267768e+09 1.05267771e+09 1.05267775e+09
 1.05267778e+09 1.05267781e+09 1.05267785e+09 1.05267788e+09
 1.05267792e+09 1.05267795e+09 1.05267799e+09 1.05267802e+09
 1.05267806e+09 1.05267809e+09 1.05267813e+09 1.05267816e+09
 1.05267820e+09 1.05267823e+09 1.05267827e+09 1.05267830e+09
 1.05267834e+09 1.05267837e+09 1.05267841e+09 1.05267844e+09
 1.05267848e+09 1.05267851e+09 1.05267855e+09 1.05267858e+09
 1.05267861e+09 1.05267865e+09 1.05267868e+09 1.05267872e+09
 1.05267875e+09 1.05267879e+09 1.05267882e+09 1.05267886e+09
 1.05267889e+09 1.05267893e+09 1.05267896e+09 1.05267900e+09
 1.05267903e+09 1.05267907e+09 1.05267910e+09 1.05267914e+09
 1.05267917e+09 1.05267921e+09 1.05267924e+09 1.05267928e+09
 1.05267931e+09 1.05267934e+09 1.05267938e+09 1.05267941e+09
 1.05267945e+09 1.05267948e+09 1.05267952e+09 1.05267955e+09
 1.05267959e+09 1.05267962e+09 1.05267966e+09 1.05267969e+09
 1.05267973e+09 1.05267976e+09 1.05267980e+09 1.05267983e+09
 1.05267987e+09 1.05267990e+09 1.05267994e+09 1.05267997e+09
 1.05268001e+09 1.05268004e+09 1.05268008e+09 1.05268011e+09
 1.05268014e+09 1.05268018e+09 1.05268021e+09 1.05268025e+09
 1.05268028e+09 1.05268032e+09 1.05268035e+09 1.05268039e+09
 1.05268042e+09 1.05268046e+09 1.05268049e+09 1.05268053e+09
 1.05268056e+09 1.05268060e+09 1.05268063e+09 1.05268067e+09
 1.05268070e+09 1.05268074e+09 1.05268077e+09 1.05268081e+09
 1.05268084e+09 1.05268088e+09 1.05268091e+09 1.05268094e+09
 1.05268098e+09 1.05268101e+09 1.05268105e+09 1.05268108e+09
 1.05268112e+09 1.05268115e+09 1.05268119e+09 1.05268122e+09
 1.05268126e+09 1.05268129e+09 1.05268133e+09 1.05268136e+09
 1.05268140e+09 1.05268143e+09 1.05268147e+09 1.05268150e+09
 1.05268154e+09 1.05268157e+09 1.05268161e+09 1.05268164e+09
 1.05268167e+09 1.05268171e+09 1.05268174e+09 1.05268178e+09
 1.05268181e+09 1.05268185e+09 1.05268188e+09 1.05268192e+09
 1.05268195e+09 1.05268199e+09 1.05268202e+09 1.05268206e+09
 1.05268209e+09 1.05268213e+09 1.05268216e+09 1.05268220e+09
 1.05268223e+09 1.05268227e+09 1.05268230e+09 1.05268234e+09
 1.05268237e+09 1.05268241e+09 1.05268244e+09 1.05268247e+09
 1.05268251e+09 1.05268254e+09 1.05268258e+09 1.05268261e+09
 1.05268265e+09 1.05268268e+09 1.05268272e+09 1.05268275e+09
 1.05268279e+09 1.05268282e+09 1.05268286e+09 1.05268289e+09
 1.05268293e+09 1.05268296e+09 1.05268300e+09 1.05268303e+09
 1.05268307e+09 1.05268310e+09 1.05268314e+09 1.05268317e+09
 1.05268320e+09 1.05268324e+09 1.05268327e+09 1.05268331e+09
 1.05268334e+09 1.05268338e+09 1.05268341e+09 1.05268345e+09
 1.05268348e+09 1.05268352e+09 1.05268355e+09 1.05268359e+09
 1.05268362e+09 1.05268366e+09 1.05268369e+09 1.05268373e+09
 1.05268376e+09 1.05268380e+09 1.05268383e+09 1.05268387e+09
 1.05268390e+09 1.05268394e+09 1.05268397e+09 1.05268400e+09
 1.05268404e+09 1.05268407e+09 1.05268411e+09 1.05268414e+09
 1.05268418e+09 1.05268421e+09 1.05268425e+09 1.05268428e+09
 1.05268432e+09 1.05268435e+09 1.05268439e+09 1.05268442e+09
 1.05268446e+09 1.05268449e+09 1.05268453e+09 1.05268456e+09]
minRes = 1.3125020817870978
minResTime =  [1.05264982e+09]
