name =JUICE_ROI_CAL_5_0_03
flyby =  ['2033 JAN 13 13:32:12', '2033 JAN 14 13:32:12']
Observation TW =  <SpiceCell dtype = 1, length = 0, size = 3200, card = 12, is_set = 1, adjust = 0, init = 1, base = 2554801769136, data = 2554801769184>
Res(t) =  [3.56359828 3.55998306 3.55636807 3.55275331 3.54913877 3.54552446
 3.54191039 3.53829654 3.53468291 3.53106952 3.52745635 3.52384341
 3.5202307  3.51661822 3.51300596 3.50939393 3.50578213 3.50217056
 3.49855921 3.49494809 3.4913372  3.48772653 3.4841161  3.48050588
 3.4768959  3.47328614 3.46967661 3.4660673  3.46245822 3.45884937
 3.45524074 3.45163234 3.44802417 3.44441622 3.4408085  3.437201
 3.43359373 3.42998668 3.42637986 3.42277327 3.4191669  3.41556075
 3.41195483 3.40834914 3.40474367 3.40113843 3.39753341 3.39392862
 3.39032405 3.3867197  3.38311558 3.37951168 3.37590801 3.37230457
 3.36870134 3.36509834 3.36149557 3.35789302 3.35429069 3.35068859
 3.34708671 3.34348505 3.33988362 3.33628241 3.33268142 3.32908066
 3.32548012 3.32187981 3.31827971 3.31467984 3.31108019 3.30748077
 3.30388157 3.30028259 3.29668383 3.2930853  3.28948698 3.28588889
 3.28229103 3.27869338 3.27509596 3.27149875 3.26790177 3.26430502
 3.26070848 3.25711216 3.25351607 3.2499202  3.24632455 3.24272912
 3.23913391 3.23553892 3.23194415 3.22834961 3.22475528 3.22116118
 3.2175673  3.21397363 3.21038019 3.20678697 3.20319397 3.19960118
 3.19600862 3.19241628 3.18882416 3.18523226 3.18164058 3.17804911
 3.17445787 3.17086685 3.16727604 3.16368546 3.16009509 3.15650495
 3.15291502 3.14932531 3.14573582 3.14214655 3.1385575  3.13496867
 3.13138005 3.12779166 3.12420348 3.12061552 3.11702778 3.11344026
 3.10985295 3.10626587 3.102679   3.09909235 3.09550591 3.0919197
 3.0883337  3.08474792 3.08116236 3.07757701 3.07399188 3.07040697
 3.06682227 3.0632378  3.05965353 3.05606949 3.05248566 3.04890205
 3.04531866 3.04173548 3.03815252 3.03456977 3.03098724 3.02740493
 3.02382283 3.02024095 3.01665928 3.01307783 3.0094966  3.00591558
 3.00233478 2.99875419 2.99517382 2.99159366 2.98801372 2.98443399
 2.98085448 2.97727518 2.9736961  2.97011723 2.96653857 2.96296013
 2.95938191 2.9558039  2.9522261  2.94864852 2.94507115 2.941494
 2.93791706 2.93434033 2.93076382 2.92718752 2.92361143 2.92003556
 2.9164599  2.91288446 2.90930923 2.90573421 2.9021594  2.89858481
 2.89501043 2.89143626 2.8878623  2.88428856 2.88071503 2.87714171
 2.87356861 2.86999571 2.86642303 2.86285056 2.85927831 2.85570626
 2.85213443 2.8485628  2.84499139 2.8414202  2.83784921 2.83427843
 2.83070787 2.82713751 2.82356737 2.81999744 2.81642772 2.81285821
 2.80928891 2.80571982 2.80215094 2.79858227 2.79501382 2.79144557
 2.78787753 2.7843097  2.78074209 2.77717468 2.77360748 2.77004049
 2.76647372 2.76290715 2.75934079 2.75577464 2.7522087  2.74864297
 2.74507745 2.74151213 2.73794703 2.73438213 2.73081745 2.72725297
 2.7236887  2.72012464 2.71656079 2.71299714 2.70943371 2.70587048
 2.70230746 2.69874465 2.69518204 2.69161965 2.68805746 2.68449548
 2.6809337  2.67737214 2.67381078 2.67024963 2.66668868 2.66312794
 2.65956741 2.65600709 2.65244697 2.64888706 2.64532736 2.64176786
 2.63820857 2.63464949 2.63109061 2.62753194 2.62397347 2.62041521
 2.61685716 2.61329931 2.60974167 2.60618423 2.602627   2.59906997
 2.59551315 2.59195654 2.58840012 2.58484392 2.58128792 2.57773212
 2.57417653 2.57062115 2.56706597 2.56351099 2.55995622 2.55640165
 2.55284728 2.54929312 2.54573917 2.54218542 2.53863187 2.53507852
 2.53152538 2.52797245 2.52441971 2.52086718 2.51731486 2.51376273
 2.51021081 2.5066591  2.50310758 2.49955627 2.49600516 2.49245426
 2.48890355 2.48535305 2.48180275 2.47825266 2.47470276 2.47115307
 2.46760358 2.46405429 2.46050521 2.45695632 2.45340764 2.44985916
 2.44631088 2.4427628  2.43921493 2.43566725 2.43211978 2.42857251
 2.42502543 2.42147856 2.41793189 2.41438542 2.41083915 2.40729309
 2.40374722 2.40020155 2.39665608 2.39311081 2.38956575 2.38602088
 2.38247621 2.37893174 2.37538747 2.37184341 2.36829954 2.36475587
 2.3612124  2.35766913 2.35412605 2.35058318 2.34704051 2.34349803
 2.33995575 2.33641368 2.3328718  2.32933012 2.32578863 2.32224735
 2.31870626 2.31516538 2.31162469 2.30808419 2.3045439  2.3010038
 2.29746391 2.2939242  2.2903847  2.28684539 2.28330629 2.27976737
 2.27622866 2.27269014 2.26915182 2.2656137  2.26207577 2.25853804
 2.2550005  2.25146317 2.24792603 2.24438908 2.24085233 2.23731578
 2.23377942 2.23024326 2.2267073  2.22317153 2.21963595 2.21610058
 2.21256539 2.20903041 2.20549561 2.20196102 2.19842662 2.19489241
 2.1913584  2.18782458 2.18429096 2.18075753 2.1772243  2.17369126
 2.17015841 2.16662576 2.16309331 2.15956104 2.15602898 2.1524971
 2.14896542 2.14543393 2.14190264 2.13837154 2.13484063 2.13130992
 2.1277794  2.12424907 2.12071894 2.117189   2.11365925 2.1101297
 2.10660033 2.10307116 2.09954219 2.0960134  2.09248481 2.08895641
 2.0854282  2.08190018 2.07837236 2.07484473 2.07131729 2.06779004
 2.06426298 2.06073611 2.05720944 2.05368296 2.05015666 2.04663056
 2.04310465 2.03957893 2.0360534  2.03252807 2.02900292 2.02547796
 2.0219532  2.01842862 2.01490424 2.01138004 2.00785604 2.00433222
 2.0008086  1.99728516 1.99376191 1.99023886 1.98671599 1.98319331
 1.97967083 1.97614853 1.97262642 1.9691045  1.96558277 1.96206123
 1.95853987 1.95501871 1.95149773 1.94797694 1.94445634 1.94093593
 1.93741571 1.93389568 1.93037583 1.92685617 1.9233367  1.91981742
 1.91629832 1.91277942 1.9092607  1.90574216 1.90222382 1.89870566
 1.89518769 1.89166991 1.88815231 1.8846349  1.88111768 1.87760064
 1.87408379 1.87056713 1.86705066 1.86353437 1.86001826 1.85650234
 1.85298661 1.84947107 1.84595571 1.84244053 1.83892555 1.83541074
 1.83189613 1.8283817  1.82486745 1.82135339 1.81783952 1.81432583
 1.81081232 1.807299   1.80378586 1.80027291 1.79676015 1.79324757
 1.78973517 1.78622296 1.78271093 1.77919909 1.77568743 1.77217595
 1.76866466 1.76515355 1.76164263 1.75813189 1.75462133 1.75111096
 1.74760077 1.74409076 1.74058094 1.7370713  1.73356184 1.73005257
 1.72654348 1.72303457 1.71952584 1.7160173  1.71250894 1.70900077
 1.70549277 1.70198496 1.69847733 1.69496988 1.69146261 1.68795553
 1.68444863 1.68094191 1.67743537 1.67392901 1.67042284 1.66691684
 1.66341103 1.6599054  1.65639995 1.65289468 1.6493896  1.64588469
 1.64237997 1.63887542 1.63537106 1.63186688 1.62836287 1.62485905
 1.62135541 1.61785195 1.61434867 1.61084557 1.60734265 1.60383991
 1.60033735 1.59683497 1.59333277 1.58983075 1.58632891 1.58282725
 1.57932576 1.57582446 1.57232334 1.5688224  1.56532163 1.56182105
 1.55832064 1.55482041 1.55132036 1.5478205  1.54432081 1.54082129
 1.53732196 1.53382281 1.53032383 1.52682503 1.52332641 1.51982797
 1.51632971 1.51283163 1.50933372 1.50583599 1.50233844 1.49884107
 1.49534387 1.49184686 1.48835002 1.48485336 1.48135687 1.47786057
 1.47436444 1.47086848 1.46737271 1.46387711 1.46038169 1.45688645
 1.45339138 1.44989649 1.44640178 1.44290725 1.43941289 1.43591871
 1.4324247  1.42893087 1.42543722 1.42194375 1.41845045 1.41495733
 1.41146438 1.40797161 1.40447902 1.4009866  1.39749436 1.39400229
 1.3905104  1.38701869 1.38352715 1.38003579 1.37654461 1.3730536
 1.36956277 1.36607211 1.36258163 1.35909132 1.35560119 1.35211123
 1.34862145 1.34513185 1.34164242 1.33815317 1.33466409 1.33117519
 1.32768646 1.32419791 1.32070953 1.31722133 1.3137333  1.31024545
 1.30675777 1.30327027 1.29978294 1.29629579 1.29280882 1.28932201
 1.28583539 1.28234894 1.27886266 1.27537656 1.27189063 1.26840488
 1.2649193  1.2614339  1.25794867 1.25446362 1.25097874 1.24749404
 1.24400951 1.24052516 1.23704098 1.23355698 1.23007315 1.2265895
 1.22310602 1.21962271 1.21613958 1.21265663 1.20917385 1.20569124
 1.20220881 1.19872656 1.19524448 1.19176257 1.18828084 1.18479929
 1.18131791 1.1778367  1.17435567 1.17087481 1.16739413 1.16391363
 1.1604333  1.15695315 1.15347317 1.14999336 1.14651373 1.14303428
 1.139555   1.1360759  1.13259697 1.12911822 1.12563965 1.12216125
 1.11868302 1.11520497 1.1117271  1.10824941 1.10477189 1.10129454
 1.09781738 1.09434039 1.09086357 1.08738693 1.08391047 1.08043419
 1.07695808 1.07348215 1.0700064  1.06653082 1.06305542 1.0595802
 1.05610516 1.05263029 1.04915561 1.0456811  1.04220676 1.03873261
 1.03525864 1.03178484 1.02831122 1.02483778 1.02136452 1.01789144
 1.01441854 1.01094582 1.00747328 1.00400092 1.00052874 0.99705674
 0.99358492 0.99011328 0.98664182 0.98317055 0.97969945 0.97622854
 0.97275781 0.96928726 0.96581689 0.96234671 0.95887671 0.95540689
 0.95193726 0.94846781 0.94499854 0.94152946 0.93806057 0.93459186
 0.93112333 0.92765499 0.92418684 0.92071887 0.9172511  0.9137835
 0.9103161  0.90684888 0.90338186 0.89991502 0.89644837 0.89298191
 0.88951564 0.88604956 0.88258368 0.87911798 0.87565248 0.87218717
 0.86872205 0.86525712 0.86179239 0.85832786 0.85486352 0.85139937
 0.84793543 0.84447168 0.84100812 0.83754477 0.83408161 0.83061866
 0.8271559  0.82369334 0.82023099 0.81676884 0.81330689 0.80984515
 0.80638361 0.80292227 0.79946115 0.79600022 0.79253951 0.78907901
 0.78561871 0.78215863 0.77869876 0.7752391  0.77177965 0.76832042
 0.7648614  0.7614026  0.75794402 0.75448565 0.75102751 0.74756959
 0.74411188 0.74065441 0.73719715 0.73374013 0.73028333 0.72682676
 0.72337041 0.7199143  0.71645843 0.71300278 0.70954737 0.7060922
 0.70263727 0.69918258 0.69572813 0.69227392 0.68881996 0.68536625
 0.68191278 0.67845957 0.67500661 0.6715539  0.66810146 0.66464927
 0.66119734 0.65774567 0.65429427 0.65084314 0.64739228 0.64394169
 0.64049137 0.63704133 0.63359158 0.6301421  0.62669291 0.62324401
 0.6197954  0.61634709 0.61289907 0.60945135 0.60600394 0.60255683
 0.59911004 0.59566356 0.59221739 0.58877155 0.58532603 0.58188084
 0.57843598 0.57499146 0.57154728 0.56810345 0.56465997 0.56121684
 0.55777407 0.55596529 0.55252419 0.54908348 0.54564316 0.54220324
 0.53876373 0.53532464 0.53188596 0.5284477  0.52500988 0.5215725
 0.51813557 0.51469908 0.51126306 0.50782751 0.50439244 0.50095785
 0.49752375 0.49409016 0.49065708 0.48722452 0.48379249 0.480361
 0.47693006 0.47349969 0.47006988 0.46664067 0.46321204 0.45978403
 0.45635664 0.45292988 0.44950377 0.44607832 0.44265355 0.43922947
 0.4358061  0.43238345 0.42896154 0.42554038 0.42212    0.41870042
 0.41528165 0.41186371 0.40844662 0.40503041 0.4016151  0.39820071
 0.39478727 0.3913748  0.38796332 0.38455287 0.38114347 0.37773516
 0.37432795 0.3709219  0.36751702 0.36411336 0.36071095 0.35730982
 0.35391003 0.3505116  0.34711459 0.34371903 0.34032498 0.33693249
 0.33354161 0.33015238 0.32676487 0.32337915 0.31999526 0.31661328
 0.31323327 0.30985531 0.30647947 0.30310584 0.2997345  0.29636553
 0.29299903 0.2896351  0.28627384 0.28291537 0.27955979 0.27620722
 0.27285781 0.26951168 0.26616899 0.26282987 0.25949451 0.25616306
 0.25283572 0.24951268 0.24619415 0.24288034 0.23957151 0.23626789
 0.23296976 0.22967741 0.22639115 0.22311131 0.21983824 0.21657233
 0.21331399 0.21006366 0.20682182 0.20358899 0.20036573 0.19715265
 0.19395039 0.19075968 0.1875813  0.18441609 0.18126498 0.17812898
 0.17500922 0.17190692 0.16882342 0.16576023 0.16271898 0.15970152
 0.15670988 0.15374635 0.15081348 0.14791413 0.14505153 0.14222936
 0.13945176 0.13672349 0.13404998 0.13143751 0.12889335 0.12642595
 0.12404527 0.12176302 0.11959321 0.11755261 0.1156616  0.11394519
 0.11243445 0.11116852 0.11019762 0.10958738 0.10942565 0.10983328
 0.11098236 0.11312847 0.11667218 0.12228751]
t =  [1.04250800e+09 1.04250804e+09 1.04250809e+09 1.04250813e+09
 1.04250817e+09 1.04250821e+09 1.04250826e+09 1.04250830e+09
 1.04250834e+09 1.04250838e+09 1.04250843e+09 1.04250847e+09
 1.04250851e+09 1.04250855e+09 1.04250859e+09 1.04250864e+09
 1.04250868e+09 1.04250872e+09 1.04250876e+09 1.04250881e+09
 1.04250885e+09 1.04250889e+09 1.04250893e+09 1.04250898e+09
 1.04250902e+09 1.04250906e+09 1.04250910e+09 1.04250915e+09
 1.04250919e+09 1.04250923e+09 1.04250927e+09 1.04250932e+09
 1.04250936e+09 1.04250940e+09 1.04250944e+09 1.04250949e+09
 1.04250953e+09 1.04250957e+09 1.04250961e+09 1.04250965e+09
 1.04250970e+09 1.04250974e+09 1.04250978e+09 1.04250982e+09
 1.04250987e+09 1.04250991e+09 1.04250995e+09 1.04250999e+09
 1.04251004e+09 1.04251008e+09 1.04251012e+09 1.04251016e+09
 1.04251021e+09 1.04251025e+09 1.04251029e+09 1.04251033e+09
 1.04251038e+09 1.04251042e+09 1.04251046e+09 1.04251050e+09
 1.04251055e+09 1.04251059e+09 1.04251063e+09 1.04251067e+09
 1.04251071e+09 1.04251076e+09 1.04251080e+09 1.04251084e+09
 1.04251088e+09 1.04251093e+09 1.04251097e+09 1.04251101e+09
 1.04251105e+09 1.04251110e+09 1.04251114e+09 1.04251118e+09
 1.04251122e+09 1.04251127e+09 1.04251131e+09 1.04251135e+09
 1.04251139e+09 1.04251144e+09 1.04251148e+09 1.04251152e+09
 1.04251156e+09 1.04251161e+09 1.04251165e+09 1.04251169e+09
 1.04251173e+09 1.04251177e+09 1.04251182e+09 1.04251186e+09
 1.04251190e+09 1.04251194e+09 1.04251199e+09 1.04251203e+09
 1.04251207e+09 1.04251211e+09 1.04251216e+09 1.04251220e+09
 1.04251224e+09 1.04251228e+09 1.04251233e+09 1.04251237e+09
 1.04251241e+09 1.04251245e+09 1.04251250e+09 1.04251254e+09
 1.04251258e+09 1.04251262e+09 1.04251267e+09 1.04251271e+09
 1.04251275e+09 1.04251279e+09 1.04251283e+09 1.04251288e+09
 1.04251292e+09 1.04251296e+09 1.04251300e+09 1.04251305e+09
 1.04251309e+09 1.04251313e+09 1.04251317e+09 1.04251322e+09
 1.04251326e+09 1.04251330e+09 1.04251334e+09 1.04251339e+09
 1.04251343e+09 1.04251347e+09 1.04251351e+09 1.04251356e+09
 1.04251360e+09 1.04251364e+09 1.04251368e+09 1.04251373e+09
 1.04251377e+09 1.04251381e+09 1.04251385e+09 1.04251389e+09
 1.04251394e+09 1.04251398e+09 1.04251402e+09 1.04251406e+09
 1.04251411e+09 1.04251415e+09 1.04251419e+09 1.04251423e+09
 1.04251428e+09 1.04251432e+09 1.04251436e+09 1.04251440e+09
 1.04251445e+09 1.04251449e+09 1.04251453e+09 1.04251457e+09
 1.04251462e+09 1.04251466e+09 1.04251470e+09 1.04251474e+09
 1.04251479e+09 1.04251483e+09 1.04251487e+09 1.04251491e+09
 1.04251496e+09 1.04251500e+09 1.04251504e+09 1.04251508e+09
 1.04251512e+09 1.04251517e+09 1.04251521e+09 1.04251525e+09
 1.04251529e+09 1.04251534e+09 1.04251538e+09 1.04251542e+09
 1.04251546e+09 1.04251551e+09 1.04251555e+09 1.04251559e+09
 1.04251563e+09 1.04251568e+09 1.04251572e+09 1.04251576e+09
 1.04251580e+09 1.04251585e+09 1.04251589e+09 1.04251593e+09
 1.04251597e+09 1.04251602e+09 1.04251606e+09 1.04251610e+09
 1.04251614e+09 1.04251618e+09 1.04251623e+09 1.04251627e+09
 1.04251631e+09 1.04251635e+09 1.04251640e+09 1.04251644e+09
 1.04251648e+09 1.04251652e+09 1.04251657e+09 1.04251661e+09
 1.04251665e+09 1.04251669e+09 1.04251674e+09 1.04251678e+09
 1.04251682e+09 1.04251686e+09 1.04251691e+09 1.04251695e+09
 1.04251699e+09 1.04251703e+09 1.04251708e+09 1.04251712e+09
 1.04251716e+09 1.04251720e+09 1.04251724e+09 1.04251729e+09
 1.04251733e+09 1.04251737e+09 1.04251741e+09 1.04251746e+09
 1.04251750e+09 1.04251754e+09 1.04251758e+09 1.04251763e+09
 1.04251767e+09 1.04251771e+09 1.04251775e+09 1.04251780e+09
 1.04251784e+09 1.04251788e+09 1.04251792e+09 1.04251797e+09
 1.04251801e+09 1.04251805e+09 1.04251809e+09 1.04251814e+09
 1.04251818e+09 1.04251822e+09 1.04251826e+09 1.04251830e+09
 1.04251835e+09 1.04251839e+09 1.04251843e+09 1.04251847e+09
 1.04251852e+09 1.04251856e+09 1.04251860e+09 1.04251864e+09
 1.04251869e+09 1.04251873e+09 1.04251877e+09 1.04251881e+09
 1.04251886e+09 1.04251890e+09 1.04251894e+09 1.04251898e+09
 1.04251903e+09 1.04251907e+09 1.04251911e+09 1.04251915e+09
 1.04251920e+09 1.04251924e+09 1.04251928e+09 1.04251932e+09
 1.04251936e+09 1.04251941e+09 1.04251945e+09 1.04251949e+09
 1.04251953e+09 1.04251958e+09 1.04251962e+09 1.04251966e+09
 1.04251970e+09 1.04251975e+09 1.04251979e+09 1.04251983e+09
 1.04251987e+09 1.04251992e+09 1.04251996e+09 1.04252000e+09
 1.04252004e+09 1.04252009e+09 1.04252013e+09 1.04252017e+09
 1.04252021e+09 1.04252026e+09 1.04252030e+09 1.04252034e+09
 1.04252038e+09 1.04252042e+09 1.04252047e+09 1.04252051e+09
 1.04252055e+09 1.04252059e+09 1.04252064e+09 1.04252068e+09
 1.04252072e+09 1.04252076e+09 1.04252081e+09 1.04252085e+09
 1.04252089e+09 1.04252093e+09 1.04252098e+09 1.04252102e+09
 1.04252106e+09 1.04252110e+09 1.04252115e+09 1.04252119e+09
 1.04252123e+09 1.04252127e+09 1.04252132e+09 1.04252136e+09
 1.04252140e+09 1.04252144e+09 1.04252148e+09 1.04252153e+09
 1.04252157e+09 1.04252161e+09 1.04252165e+09 1.04252170e+09
 1.04252174e+09 1.04252178e+09 1.04252182e+09 1.04252187e+09
 1.04252191e+09 1.04252195e+09 1.04252199e+09 1.04252204e+09
 1.04252208e+09 1.04252212e+09 1.04252216e+09 1.04252221e+09
 1.04252225e+09 1.04252229e+09 1.04252233e+09 1.04252238e+09
 1.04252242e+09 1.04252246e+09 1.04252250e+09 1.04252254e+09
 1.04252259e+09 1.04252263e+09 1.04252267e+09 1.04252271e+09
 1.04252276e+09 1.04252280e+09 1.04252284e+09 1.04252288e+09
 1.04252293e+09 1.04252297e+09 1.04252301e+09 1.04252305e+09
 1.04252310e+09 1.04252314e+09 1.04252318e+09 1.04252322e+09
 1.04252327e+09 1.04252331e+09 1.04252335e+09 1.04252339e+09
 1.04252344e+09 1.04252348e+09 1.04252352e+09 1.04252356e+09
 1.04252360e+09 1.04252365e+09 1.04252369e+09 1.04252373e+09
 1.04252377e+09 1.04252382e+09 1.04252386e+09 1.04252390e+09
 1.04252394e+09 1.04252399e+09 1.04252403e+09 1.04252407e+09
 1.04252411e+09 1.04252416e+09 1.04252420e+09 1.04252424e+09
 1.04252428e+09 1.04252433e+09 1.04252437e+09 1.04252441e+09
 1.04252445e+09 1.04252450e+09 1.04252454e+09 1.04252458e+09
 1.04252462e+09 1.04252466e+09 1.04252471e+09 1.04252475e+09
 1.04252479e+09 1.04252483e+09 1.04252488e+09 1.04252492e+09
 1.04252496e+09 1.04252500e+09 1.04252505e+09 1.04252509e+09
 1.04252513e+09 1.04252517e+09 1.04252522e+09 1.04252526e+09
 1.04252530e+09 1.04252534e+09 1.04252539e+09 1.04252543e+09
 1.04252547e+09 1.04252551e+09 1.04252556e+09 1.04252560e+09
 1.04252564e+09 1.04252568e+09 1.04252572e+09 1.04252577e+09
 1.04252581e+09 1.04252585e+09 1.04252589e+09 1.04252594e+09
 1.04252598e+09 1.04252602e+09 1.04252606e+09 1.04252611e+09
 1.04252615e+09 1.04252619e+09 1.04252623e+09 1.04252628e+09
 1.04252632e+09 1.04252636e+09 1.04252640e+09 1.04252645e+09
 1.04252649e+09 1.04252653e+09 1.04252657e+09 1.04252662e+09
 1.04252666e+09 1.04252670e+09 1.04252674e+09 1.04252679e+09
 1.04252683e+09 1.04252687e+09 1.04252691e+09 1.04252695e+09
 1.04252700e+09 1.04252704e+09 1.04252708e+09 1.04252712e+09
 1.04252717e+09 1.04252721e+09 1.04252725e+09 1.04252729e+09
 1.04252734e+09 1.04252738e+09 1.04252742e+09 1.04252746e+09
 1.04252751e+09 1.04252755e+09 1.04252759e+09 1.04252763e+09
 1.04252768e+09 1.04252772e+09 1.04252776e+09 1.04252780e+09
 1.04252785e+09 1.04252789e+09 1.04252793e+09 1.04252797e+09
 1.04252801e+09 1.04252806e+09 1.04252810e+09 1.04252814e+09
 1.04252818e+09 1.04252823e+09 1.04252827e+09 1.04252831e+09
 1.04252835e+09 1.04252840e+09 1.04252844e+09 1.04252848e+09
 1.04252852e+09 1.04252857e+09 1.04252861e+09 1.04252865e+09
 1.04252869e+09 1.04252874e+09 1.04252878e+09 1.04252882e+09
 1.04252886e+09 1.04252891e+09 1.04252895e+09 1.04252899e+09
 1.04252903e+09 1.04252907e+09 1.04252912e+09 1.04252916e+09
 1.04252920e+09 1.04252924e+09 1.04252929e+09 1.04252933e+09
 1.04252937e+09 1.04252941e+09 1.04252946e+09 1.04252950e+09
 1.04252954e+09 1.04252958e+09 1.04252963e+09 1.04252967e+09
 1.04252971e+09 1.04252975e+09 1.04252980e+09 1.04252984e+09
 1.04252988e+09 1.04252992e+09 1.04252997e+09 1.04253001e+09
 1.04253005e+09 1.04253009e+09 1.04253013e+09 1.04253018e+09
 1.04253022e+09 1.04253026e+09 1.04253030e+09 1.04253035e+09
 1.04253039e+09 1.04253043e+09 1.04253047e+09 1.04253052e+09
 1.04253056e+09 1.04253060e+09 1.04253064e+09 1.04253069e+09
 1.04253073e+09 1.04253077e+09 1.04253081e+09 1.04253086e+09
 1.04253090e+09 1.04253094e+09 1.04253098e+09 1.04253103e+09
 1.04253107e+09 1.04253111e+09 1.04253115e+09 1.04253119e+09
 1.04253124e+09 1.04253128e+09 1.04253132e+09 1.04253136e+09
 1.04253141e+09 1.04253145e+09 1.04253149e+09 1.04253153e+09
 1.04253158e+09 1.04253162e+09 1.04253166e+09 1.04253170e+09
 1.04253175e+09 1.04253179e+09 1.04253183e+09 1.04253187e+09
 1.04253192e+09 1.04253196e+09 1.04253200e+09 1.04253204e+09
 1.04253209e+09 1.04253213e+09 1.04253217e+09 1.04253221e+09
 1.04253225e+09 1.04253230e+09 1.04253234e+09 1.04253238e+09
 1.04253242e+09 1.04253247e+09 1.04253251e+09 1.04253255e+09
 1.04253259e+09 1.04253264e+09 1.04253268e+09 1.04253272e+09
 1.04253276e+09 1.04253281e+09 1.04253285e+09 1.04253289e+09
 1.04253293e+09 1.04253298e+09 1.04253302e+09 1.04253306e+09
 1.04253310e+09 1.04253315e+09 1.04253319e+09 1.04253323e+09
 1.04253327e+09 1.04253331e+09 1.04253336e+09 1.04253340e+09
 1.04253344e+09 1.04253348e+09 1.04253353e+09 1.04253357e+09
 1.04253361e+09 1.04253365e+09 1.04253370e+09 1.04253374e+09
 1.04253378e+09 1.04253382e+09 1.04253387e+09 1.04253391e+09
 1.04253395e+09 1.04253399e+09 1.04253404e+09 1.04253408e+09
 1.04253412e+09 1.04253416e+09 1.04253421e+09 1.04253425e+09
 1.04253429e+09 1.04253433e+09 1.04253437e+09 1.04253442e+09
 1.04253446e+09 1.04253450e+09 1.04253454e+09 1.04253459e+09
 1.04253463e+09 1.04253467e+09 1.04253471e+09 1.04253476e+09
 1.04253480e+09 1.04253484e+09 1.04253488e+09 1.04253493e+09
 1.04253497e+09 1.04253501e+09 1.04253505e+09 1.04253510e+09
 1.04253514e+09 1.04253518e+09 1.04253522e+09 1.04253527e+09
 1.04253531e+09 1.04253535e+09 1.04253539e+09 1.04253543e+09
 1.04253548e+09 1.04253552e+09 1.04253556e+09 1.04253560e+09
 1.04253565e+09 1.04253569e+09 1.04253573e+09 1.04253577e+09
 1.04253582e+09 1.04253586e+09 1.04253590e+09 1.04253594e+09
 1.04253599e+09 1.04253603e+09 1.04253607e+09 1.04253611e+09
 1.04253616e+09 1.04253620e+09 1.04253624e+09 1.04253628e+09
 1.04253633e+09 1.04253637e+09 1.04253641e+09 1.04253645e+09
 1.04253649e+09 1.04253654e+09 1.04253658e+09 1.04253662e+09
 1.04253666e+09 1.04253671e+09 1.04253675e+09 1.04253679e+09
 1.04253683e+09 1.04253688e+09 1.04253692e+09 1.04253696e+09
 1.04253700e+09 1.04253705e+09 1.04253709e+09 1.04253713e+09
 1.04253717e+09 1.04253722e+09 1.04253726e+09 1.04253730e+09
 1.04253734e+09 1.04253739e+09 1.04253743e+09 1.04253747e+09
 1.04253751e+09 1.04253756e+09 1.04253760e+09 1.04253764e+09
 1.04253768e+09 1.04253772e+09 1.04253777e+09 1.04253781e+09
 1.04253785e+09 1.04253789e+09 1.04253794e+09 1.04253798e+09
 1.04253802e+09 1.04253806e+09 1.04253811e+09 1.04253815e+09
 1.04253819e+09 1.04253823e+09 1.04253828e+09 1.04253832e+09
 1.04253836e+09 1.04253840e+09 1.04253845e+09 1.04253849e+09
 1.04253853e+09 1.04253857e+09 1.04253862e+09 1.04253866e+09
 1.04253870e+09 1.04253874e+09 1.04253878e+09 1.04253883e+09
 1.04253887e+09 1.04253891e+09 1.04253895e+09 1.04253900e+09
 1.04253904e+09 1.04253908e+09 1.04253912e+09 1.04253917e+09
 1.04253921e+09 1.04253925e+09 1.04253929e+09 1.04253934e+09
 1.04253938e+09 1.04253942e+09 1.04253946e+09 1.04253951e+09
 1.04253955e+09 1.04253959e+09 1.04253963e+09 1.04253968e+09
 1.04253972e+09 1.04253976e+09 1.04253980e+09 1.04253984e+09
 1.04253989e+09 1.04253993e+09 1.04253997e+09 1.04254001e+09
 1.04254006e+09 1.04254010e+09 1.04254014e+09 1.04254018e+09
 1.04254023e+09 1.04254027e+09 1.04254031e+09 1.04254035e+09
 1.04254040e+09 1.04254044e+09 1.04254048e+09 1.04254052e+09
 1.04254057e+09 1.04254061e+09 1.04254065e+09 1.04254069e+09
 1.04254074e+09 1.04254078e+09 1.04254082e+09 1.04254086e+09
 1.04254090e+09 1.04254095e+09 1.04254099e+09 1.04254103e+09
 1.04254107e+09 1.04254112e+09 1.04254116e+09 1.04254120e+09
 1.04254124e+09 1.04254129e+09 1.04254133e+09 1.04254137e+09
 1.04254141e+09 1.04254146e+09 1.04254150e+09 1.04254154e+09
 1.04254158e+09 1.04254163e+09 1.04254167e+09 1.04254171e+09
 1.04254175e+09 1.04254180e+09 1.04254184e+09 1.04254188e+09
 1.04254192e+09 1.04254196e+09 1.04254201e+09 1.04254205e+09
 1.04254209e+09 1.04254213e+09 1.04254218e+09 1.04254222e+09
 1.04254226e+09 1.04254230e+09 1.04254235e+09 1.04254239e+09
 1.04254243e+09 1.04254247e+09 1.04254252e+09 1.04254256e+09
 1.04254260e+09 1.04254264e+09 1.04254269e+09 1.04254273e+09
 1.04254277e+09 1.04254281e+09 1.04254286e+09 1.04254290e+09
 1.04254294e+09 1.04254298e+09 1.04254302e+09 1.04254307e+09
 1.04254311e+09 1.04254315e+09 1.04254319e+09 1.04254324e+09
 1.04254328e+09 1.04254332e+09 1.04254336e+09 1.04254341e+09
 1.04254345e+09 1.04254349e+09 1.04254353e+09 1.04254358e+09
 1.04254362e+09 1.04254366e+09 1.04254370e+09 1.04254375e+09
 1.04254379e+09 1.04254383e+09 1.04254387e+09 1.04254392e+09
 1.04254396e+09 1.04254400e+09 1.04254404e+09 1.04254408e+09
 1.04254413e+09 1.04254417e+09 1.04254421e+09 1.04254425e+09
 1.04254430e+09 1.04254434e+09 1.04254438e+09 1.04254442e+09
 1.04254447e+09 1.04254451e+09 1.04254455e+09 1.04254459e+09
 1.04254464e+09 1.04254468e+09 1.04254472e+09 1.04254476e+09
 1.04254481e+09 1.04254485e+09 1.04254489e+09 1.04254493e+09
 1.04254498e+09 1.04254502e+09 1.04254506e+09 1.04254510e+09
 1.04254514e+09 1.04254519e+09 1.04254523e+09 1.04254527e+09
 1.04254531e+09 1.04254536e+09 1.04254540e+09 1.04254544e+09
 1.04254548e+09 1.04254553e+09 1.04254557e+09 1.04254561e+09
 1.04254565e+09 1.04254570e+09 1.04254574e+09 1.04254578e+09
 1.04254582e+09 1.04254587e+09 1.04254591e+09 1.04254595e+09
 1.04254599e+09 1.04254604e+09 1.04254608e+09 1.04254612e+09
 1.04254616e+09 1.04254620e+09 1.04254625e+09 1.04254629e+09
 1.04254633e+09 1.04254637e+09 1.04254642e+09 1.04254646e+09
 1.04254650e+09 1.04254654e+09 1.04254659e+09 1.04254663e+09
 1.04254667e+09 1.04254671e+09 1.04254676e+09 1.04254680e+09
 1.04254684e+09 1.04254688e+09 1.04254693e+09 1.04254697e+09
 1.04254701e+09 1.04254705e+09 1.04254710e+09 1.04254714e+09
 1.04254718e+09 1.04254722e+09 1.04254726e+09 1.04254731e+09
 1.04254735e+09 1.04254739e+09 1.04254743e+09 1.04254748e+09
 1.04254752e+09 1.04254756e+09 1.04254760e+09 1.04254765e+09
 1.04254769e+09 1.04254773e+09 1.04254777e+09 1.04254782e+09
 1.04254786e+09 1.04254790e+09 1.04254794e+09 1.04254799e+09
 1.04254803e+09 1.04254807e+09 1.04254811e+09 1.04254816e+09
 1.04254820e+09 1.04254824e+09 1.04254828e+09 1.04254832e+09
 1.04254837e+09 1.04254841e+09 1.04254845e+09 1.04254849e+09
 1.04254854e+09 1.04254858e+09 1.04254862e+09 1.04254866e+09
 1.04254871e+09 1.04254875e+09 1.04254879e+09 1.04254883e+09
 1.04254888e+09 1.04254892e+09 1.04254896e+09 1.04254900e+09
 1.04254905e+09 1.04254909e+09 1.04254913e+09 1.04254917e+09
 1.04254922e+09 1.04254926e+09 1.04254930e+09 1.04254934e+09
 1.04254939e+09 1.04254943e+09 1.04254947e+09 1.04254951e+09
 1.04254955e+09 1.04254960e+09 1.04254964e+09 1.04254968e+09
 1.04254972e+09 1.04254977e+09 1.04254981e+09 1.04254985e+09
 1.04254989e+09 1.04254994e+09 1.04254998e+09 1.04255002e+09
 1.04255006e+09 1.04255011e+09 1.04255015e+09 1.04255019e+09
 1.04255023e+09 1.04255028e+09 1.04255032e+09 1.04255036e+09]
minRes = 0.10942564742595359
minResTime =  [1.04255015e+09]
