name =JUICE_ROI_CAL_7_0_03
flyby =  ['2033 MAR 04 14:44:09', '2033 MAR 05 14:44:09']
Observation TW =  <SpiceCell dtype = 1, length = 0, size = 3000, card = 10, is_set = 1, adjust = 0, init = 1, base = 2554802540560, data = 2554802540608>
Res(t) =  [4.58514411 4.58058524 4.57602688 4.57146903 4.56691169 4.56235487
 4.55779856 4.55324277 4.54868749 4.54413272 4.53957847 4.53502472
 4.53047149 4.52591878 4.52136657 4.51681487 4.51226369 4.50771302
 4.50316286 4.49861321 4.49406407 4.48951545 4.48496733 4.48041972
 4.47587263 4.47132604 4.46677996 4.4622344  4.45768934 4.45314479
 4.44860075 4.44405722 4.4395142  4.43497169 4.43042968 4.42588818
 4.4213472  4.41680672 4.41226674 4.40772728 4.40318832 4.39864987
 4.39411192 4.38957448 4.38503755 4.38050113 4.37596521 4.3714298
 4.36689489 4.36236049 4.35782659 4.3532932  4.34876032 4.34422794
 4.33969606 4.33516469 4.33063382 4.32610346 4.3215736  4.31704425
 4.3125154  4.30798705 4.3034592  4.29893186 4.29440502 4.28987869
 4.28535285 4.28082752 4.2763027  4.27177837 4.26725454 4.26273122
 4.2582084  4.25368608 4.24916426 4.24464294 4.24012213 4.23560181
 4.23108199 4.22656268 4.22204386 4.21752555 4.21300773 4.20849041
 4.2039736  4.19945728 4.19494146 4.19042614 4.18591132 4.18139699
 4.17688317 4.17236984 4.16785701 4.16334468 4.15883285 4.15432151
 4.14981067 4.14530033 4.14079049 4.13628114 4.13177229 4.12726393
 4.12275607 4.11824871 4.11374184 4.10923547 4.10472959 4.10022421
 4.09571933 4.09121493 4.08671104 4.08220764 4.07770473 4.07320232
 4.0687004  4.06419897 4.05969804 4.0551976  4.05069766 4.04619821
 4.04169925 4.03720078 4.03270281 4.02820533 4.02370834 4.01921185
 4.01471584 4.01022033 4.00572531 4.00123078 3.99673674 3.9922432
 3.98775014 3.98325758 3.9787655  3.97427392 3.96978282 3.96529222
 3.9608021  3.95631248 3.95182334 3.9473347  3.94284654 3.93835888
 3.9338717  3.92938501 3.92489881 3.92041309 3.91592787 3.91144313
 3.90695888 3.90247512 3.89799184 3.89350906 3.88902676 3.88454494
 3.88006362 3.87558278 3.87110243 3.86662256 3.86214318 3.85766428
 3.85318587 3.84870795 3.84423051 3.83975356 3.83527709 3.83080111
 3.82632561 3.82185059 3.81737606 3.81290202 3.80842846 3.80395538
 3.79948279 3.79501068 3.79053905 3.7860679  3.78159724 3.77712706
 3.77265737 3.76818816 3.76371943 3.75925118 3.75478341 3.75031613
 3.74584932 3.741383   3.73691716 3.7324518  3.72798692 3.72352253
 3.71905861 3.71459517 3.71013222 3.70566974 3.70120774 3.69674623
 3.69228519 3.68782463 3.68336456 3.67890496 3.67444584 3.6699872
 3.66552903 3.66107135 3.65661414 3.65215742 3.64770117 3.6432454
 3.6387901  3.63433528 3.62988094 3.62542708 3.6209737  3.61652079
 3.61206836 3.6076164  3.60316492 3.59871392 3.59426339 3.58981334
 3.58536376 3.58091466 3.57646604 3.57201789 3.56757021 3.56312301
 3.55867629 3.55423004 3.54978426 3.54533896 3.54089413 3.53644977
 3.53200589 3.52756249 3.52311955 3.51867709 3.5142351  3.50979359
 3.50535254 3.50091197 3.49647188 3.49203225 3.4875931  3.48315442
 3.47871621 3.47427847 3.4698412  3.4654044  3.46096808 3.45653223
 3.45209684 3.44766193 3.44322749 3.43879352 3.43436001 3.42992698
 3.42549442 3.42106233 3.41663071 3.41219955 3.40776887 3.40333865
 3.39890891 3.39447963 3.39005082 3.38562248 3.3811946  3.3767672
 3.37234026 3.36791379 3.36348779 3.35906226 3.35463719 3.35021259
 3.34578846 3.34136479 3.33694159 3.33251886 3.32809659 3.32367479
 3.31925346 3.31483259 3.31041219 3.30599225 3.30157278 3.29715377
 3.29273523 3.28831715 3.28389954 3.27948239 3.27506571 3.27064949
 3.26623373 3.26181844 3.25740362 3.25298925 3.24857535 3.24416192
 3.23974894 3.23533643 3.23092439 3.2265128  3.22210168 3.21769102
 3.21328083 3.20887109 3.20446182 3.20005301 3.19564466 3.19123677
 3.18682934 3.18242238 3.17801588 3.17360983 3.16920425 3.16479913
 3.16039447 3.15599027 3.15158653 3.14718325 3.14278043 3.13837807
 3.13397617 3.12957473 3.12517374 3.12077322 3.11637316 3.11197355
 3.10757441 3.10317572 3.09877749 3.09437972 3.08998241 3.08558555
 3.08118916 3.07679322 3.07239774 3.06800271 3.06360815 3.05921404
 3.05482038 3.05042719 3.04603445 3.04164217 3.03725034 3.03285897
 3.02846806 3.0240776  3.0196876  3.01529806 3.01090897 3.00652033
 3.00213216 2.99774443 2.99335716 2.98897035 2.98458399 2.98019809
 2.97581264 2.97142764 2.9670431  2.96265901 2.95827538 2.9538922
 2.94950948 2.9451272  2.94074538 2.93636402 2.93198311 2.92760265
 2.92322264 2.91884309 2.91446399 2.91008534 2.90570714 2.9013294
 2.89695211 2.89257527 2.88819888 2.88382294 2.87944746 2.87507243
 2.87069785 2.86632371 2.86195003 2.85757681 2.85320403 2.8488317
 2.84445982 2.8400884  2.83571742 2.8313469  2.82697682 2.82260719
 2.81823802 2.81386929 2.80950102 2.80513319 2.80076581 2.79639888
 2.7920324  2.78766637 2.78330079 2.77893565 2.77457097 2.77020673
 2.76584294 2.7614796  2.75711671 2.75275427 2.74839227 2.74403072
 2.73966962 2.73530897 2.73094877 2.72658901 2.7222297  2.71787083
 2.71351241 2.70915444 2.70479692 2.70043984 2.69608321 2.69172703
 2.68737129 2.683016   2.67866115 2.67430675 2.6699528  2.66559929
 2.66124622 2.65689361 2.65254144 2.64818971 2.64383843 2.63948759
 2.6351372  2.63078725 2.62643775 2.62208869 2.61774008 2.61339191
 2.60904419 2.60469691 2.60035007 2.59600368 2.59165773 2.58731223
 2.58296717 2.57862255 2.57427838 2.56993465 2.56559137 2.56124852
 2.55690613 2.55256417 2.54822266 2.54388159 2.53954096 2.53520077
 2.53086103 2.52652173 2.52218288 2.51784446 2.51350649 2.50916896
 2.50483187 2.50049522 2.49615902 2.49182326 2.48748794 2.48315306
 2.47881862 2.47448463 2.47015107 2.46581796 2.46148529 2.45715306
 2.45282127 2.44848993 2.44415902 2.43982855 2.43549853 2.43116895
 2.4268398  2.4225111  2.41818284 2.41385502 2.40952764 2.4052007
 2.4008742  2.39654814 2.39222252 2.38789734 2.3835726  2.3792483
 2.37492444 2.37060102 2.36627804 2.36195551 2.35763341 2.35331175
 2.34899053 2.34466975 2.3403494  2.3360295  2.33171004 2.32739102
 2.32307244 2.31875429 2.31443659 2.31011932 2.3058025  2.30148611
 2.29717016 2.29285465 2.28853958 2.28422495 2.27991076 2.27559701
 2.2712837  2.26697082 2.26265839 2.25834639 2.25403483 2.24972371
 2.24541303 2.24110279 2.23679299 2.23248362 2.2281747  2.22386621
 2.21955816 2.21525055 2.21094338 2.20663665 2.20233036 2.1980245
 2.19371909 2.18941411 2.18510957 2.18080547 2.17650181 2.17219858
 2.1678958  2.16359345 2.15929155 2.15499008 2.15068905 2.14638846
 2.14208831 2.13778859 2.13348932 2.12919048 2.12489208 2.12059412
 2.11629661 2.11199952 2.10770288 2.10340668 2.09911091 2.09481559
 2.0905207  2.08622626 2.08193225 2.07763868 2.07334555 2.06905286
 2.06476061 2.0604688  2.05617743 2.05188649 2.047596   2.04330595
 2.03901633 2.03472716 2.03043842 2.02615013 2.02186227 2.01757486
 2.01328788 2.00900135 2.00471526 2.0004296  1.99614439 1.99185962
 1.98757528 1.98329139 1.97900794 1.97472493 1.97044236 1.96616024
 1.96187855 1.9575973  1.9533165  1.94903614 1.94475622 1.94047674
 1.9361977  1.93191911 1.92764096 1.92336325 1.91908598 1.91480916
 1.91053278 1.90625684 1.90198134 1.89770629 1.89343168 1.88915752
 1.88488379 1.88061052 1.87633768 1.87206529 1.86779335 1.86352185
 1.8592508  1.85498019 1.85071002 1.8464403  1.84217103 1.8379022
 1.83363382 1.82936589 1.8250984  1.82083136 1.81656476 1.81229861
 1.80803291 1.80376766 1.79950286 1.7952385  1.79097459 1.78671114
 1.78244813 1.77818557 1.77392345 1.76966179 1.76540058 1.76113982
 1.75687951 1.75261966 1.74836025 1.74410129 1.73984279 1.73558474
 1.73132714 1.72707    1.7228133  1.71855707 1.71430128 1.71004595
 1.70579108 1.70153666 1.6972827  1.69302919 1.68877614 1.68452354
 1.6802714  1.67601972 1.6717685  1.66751774 1.66326743 1.65901759
 1.6547682  1.65051928 1.64627082 1.64202281 1.63777527 1.63352819
 1.62928157 1.62503542 1.62078973 1.61654451 1.61229975 1.60805545
 1.60381162 1.59956826 1.59532536 1.59108293 1.58684097 1.58259948
 1.57835846 1.5741179  1.56987782 1.56563821 1.56139907 1.55716041
 1.55292221 1.54868449 1.54444725 1.54021048 1.53597419 1.53173837
 1.52750303 1.52326817 1.51903379 1.51479988 1.51056646 1.50633352
 1.50210106 1.49786908 1.49363759 1.48940658 1.48517606 1.48094602
 1.47671647 1.47248741 1.46825884 1.46403076 1.45980317 1.45557607
 1.45134946 1.44712335 1.44289773 1.43867261 1.43444798 1.43022385
 1.42600022 1.42177709 1.41755447 1.41333234 1.40911072 1.4048896
 1.40066899 1.39644888 1.39222929 1.3880102  1.38379162 1.37957356
 1.37535601 1.37113897 1.36692245 1.36270645 1.35849096 1.354276
 1.35006155 1.34584763 1.34163424 1.33742137 1.33320902 1.32899721
 1.32478593 1.32057518 1.31636496 1.31215528 1.30794613 1.30373753
 1.29952946 1.29532194 1.29111496 1.28690853 1.28270265 1.27849731
 1.27429253 1.2700883  1.26588463 1.26168151 1.25747896 1.25327696
 1.24907553 1.24487467 1.24067437 1.23647465 1.2322755  1.22807692
 1.22387892 1.2196815  1.21548467 1.21128841 1.20709275 1.20289768
 1.19870319 1.19450931 1.19031602 1.18612333 1.18193125 1.17773977
 1.17354891 1.16935865 1.16516901 1.16097999 1.15679159 1.15260381
 1.14841667 1.14423015 1.14004427 1.13585903 1.13167443 1.12749047
 1.12330717 1.11912451 1.11494251 1.11076118 1.1065805  1.1024005
 1.09822116 1.0940425  1.08986453 1.08568723 1.08151063 1.07733472
 1.07315951 1.068985   1.0648112  1.06063811 1.05646574 1.05229409
 1.04812316 1.04395297 1.03978352 1.03561481 1.03144685 1.02727964
 1.02311319 1.01894751 1.01478261 1.01061847 1.00645513 1.00229257
 0.99813081 0.99396986 0.98980971 0.98565039 0.98149188 0.97733421
 0.97317738 0.96902139 0.96486626 0.96071199 0.95655859 0.95240607
 0.94825444 0.9441037  0.93995386 0.93580494 0.93165694 0.92750987
 0.92336375 0.91921857 0.91507435 0.9109311  0.90678884 0.90264757
 0.8985073  0.89436804 0.89022981 0.88609262 0.88195647 0.87782139
 0.87368738 0.86955446 0.86542264 0.86129193 0.85716235 0.85303391
 0.84890662 0.84478051 0.84065558 0.83653186 0.83240935 0.82828808
 0.82416806 0.82004931 0.81593184 0.81181568 0.80770084 0.80358734
 0.7994752  0.79536445 0.7912551  0.78714717 0.78304069 0.77893567
 0.77483215 0.77073014 0.76662967 0.76253077 0.75986204 0.75576485
 0.75166928 0.74757536 0.74348312 0.73939258 0.73530378 0.73121674
 0.72713151 0.7230481  0.71896656 0.71488692 0.71080921 0.70673347
 0.70265975 0.69858807 0.69451848 0.69045101 0.68638573 0.68232265
 0.67826184 0.67420334 0.6701472  0.66609347 0.66204219 0.65799343
 0.65394724 0.64990368 0.6458628  0.64182467 0.63778935 0.6337569
 0.62972741 0.62570092 0.62167752 0.61765729 0.6136403  0.60962664
 0.60561638 0.60160962 0.59760644 0.59360695 0.58961123 0.5856194
 0.58163155 0.57764781 0.57366827 0.56969307 0.56572233 0.56175617
 0.55779473 0.55383816 0.54988659 0.54594019 0.5419991  0.53806351
 0.53413358 0.5302095  0.52629145 0.52237964 0.51847428 0.51457558
 0.51068378 0.50679911 0.50292183 0.4990522  0.4951905  0.49133703
 0.48749209 0.48365601 0.47982913 0.47601181 0.47220443 0.46840738
 0.4646211  0.46084604 0.45708265 0.45333146 0.44959298 0.44586778
 0.44215647 0.43845967 0.43477807 0.43111238 0.42746337 0.42383186
 0.42021873 0.41662491 0.4130514  0.40949929 0.40596971 0.40246391
 0.39898323 0.39552909 0.39210306 0.38870681 0.38534214 0.38201104
 0.37871565 0.37545828 0.37224149 0.36906805 0.36594101 0.36286369
 0.35983979 0.35687335 0.35396886 0.35113128 0.34836617 0.34567968
 0.34307874 0.34057112 0.33816559 0.33587206 0.33370185 0.33166784
 0.32978487 0.32807006 0.3265433  0.32522785]
t =  [1.04683232e+09 1.04683236e+09 1.04683240e+09 1.04683244e+09
 1.04683248e+09 1.04683252e+09 1.04683256e+09 1.04683261e+09
 1.04683265e+09 1.04683269e+09 1.04683273e+09 1.04683277e+09
 1.04683281e+09 1.04683285e+09 1.04683289e+09 1.04683293e+09
 1.04683298e+09 1.04683302e+09 1.04683306e+09 1.04683310e+09
 1.04683314e+09 1.04683318e+09 1.04683322e+09 1.04683326e+09
 1.04683330e+09 1.04683335e+09 1.04683339e+09 1.04683343e+09
 1.04683347e+09 1.04683351e+09 1.04683355e+09 1.04683359e+09
 1.04683363e+09 1.04683367e+09 1.04683372e+09 1.04683376e+09
 1.04683380e+09 1.04683384e+09 1.04683388e+09 1.04683392e+09
 1.04683396e+09 1.04683400e+09 1.04683404e+09 1.04683409e+09
 1.04683413e+09 1.04683417e+09 1.04683421e+09 1.04683425e+09
 1.04683429e+09 1.04683433e+09 1.04683437e+09 1.04683441e+09
 1.04683446e+09 1.04683450e+09 1.04683454e+09 1.04683458e+09
 1.04683462e+09 1.04683466e+09 1.04683470e+09 1.04683474e+09
 1.04683478e+09 1.04683483e+09 1.04683487e+09 1.04683491e+09
 1.04683495e+09 1.04683499e+09 1.04683503e+09 1.04683507e+09
 1.04683511e+09 1.04683515e+09 1.04683519e+09 1.04683524e+09
 1.04683528e+09 1.04683532e+09 1.04683536e+09 1.04683540e+09
 1.04683544e+09 1.04683548e+09 1.04683552e+09 1.04683556e+09
 1.04683561e+09 1.04683565e+09 1.04683569e+09 1.04683573e+09
 1.04683577e+09 1.04683581e+09 1.04683585e+09 1.04683589e+09
 1.04683593e+09 1.04683598e+09 1.04683602e+09 1.04683606e+09
 1.04683610e+09 1.04683614e+09 1.04683618e+09 1.04683622e+09
 1.04683626e+09 1.04683630e+09 1.04683635e+09 1.04683639e+09
 1.04683643e+09 1.04683647e+09 1.04683651e+09 1.04683655e+09
 1.04683659e+09 1.04683663e+09 1.04683667e+09 1.04683672e+09
 1.04683676e+09 1.04683680e+09 1.04683684e+09 1.04683688e+09
 1.04683692e+09 1.04683696e+09 1.04683700e+09 1.04683704e+09
 1.04683709e+09 1.04683713e+09 1.04683717e+09 1.04683721e+09
 1.04683725e+09 1.04683729e+09 1.04683733e+09 1.04683737e+09
 1.04683741e+09 1.04683746e+09 1.04683750e+09 1.04683754e+09
 1.04683758e+09 1.04683762e+09 1.04683766e+09 1.04683770e+09
 1.04683774e+09 1.04683778e+09 1.04683783e+09 1.04683787e+09
 1.04683791e+09 1.04683795e+09 1.04683799e+09 1.04683803e+09
 1.04683807e+09 1.04683811e+09 1.04683815e+09 1.04683819e+09
 1.04683824e+09 1.04683828e+09 1.04683832e+09 1.04683836e+09
 1.04683840e+09 1.04683844e+09 1.04683848e+09 1.04683852e+09
 1.04683856e+09 1.04683861e+09 1.04683865e+09 1.04683869e+09
 1.04683873e+09 1.04683877e+09 1.04683881e+09 1.04683885e+09
 1.04683889e+09 1.04683893e+09 1.04683898e+09 1.04683902e+09
 1.04683906e+09 1.04683910e+09 1.04683914e+09 1.04683918e+09
 1.04683922e+09 1.04683926e+09 1.04683930e+09 1.04683935e+09
 1.04683939e+09 1.04683943e+09 1.04683947e+09 1.04683951e+09
 1.04683955e+09 1.04683959e+09 1.04683963e+09 1.04683967e+09
 1.04683972e+09 1.04683976e+09 1.04683980e+09 1.04683984e+09
 1.04683988e+09 1.04683992e+09 1.04683996e+09 1.04684000e+09
 1.04684004e+09 1.04684009e+09 1.04684013e+09 1.04684017e+09
 1.04684021e+09 1.04684025e+09 1.04684029e+09 1.04684033e+09
 1.04684037e+09 1.04684041e+09 1.04684046e+09 1.04684050e+09
 1.04684054e+09 1.04684058e+09 1.04684062e+09 1.04684066e+09
 1.04684070e+09 1.04684074e+09 1.04684078e+09 1.04684083e+09
 1.04684087e+09 1.04684091e+09 1.04684095e+09 1.04684099e+09
 1.04684103e+09 1.04684107e+09 1.04684111e+09 1.04684115e+09
 1.04684119e+09 1.04684124e+09 1.04684128e+09 1.04684132e+09
 1.04684136e+09 1.04684140e+09 1.04684144e+09 1.04684148e+09
 1.04684152e+09 1.04684156e+09 1.04684161e+09 1.04684165e+09
 1.04684169e+09 1.04684173e+09 1.04684177e+09 1.04684181e+09
 1.04684185e+09 1.04684189e+09 1.04684193e+09 1.04684198e+09
 1.04684202e+09 1.04684206e+09 1.04684210e+09 1.04684214e+09
 1.04684218e+09 1.04684222e+09 1.04684226e+09 1.04684230e+09
 1.04684235e+09 1.04684239e+09 1.04684243e+09 1.04684247e+09
 1.04684251e+09 1.04684255e+09 1.04684259e+09 1.04684263e+09
 1.04684267e+09 1.04684272e+09 1.04684276e+09 1.04684280e+09
 1.04684284e+09 1.04684288e+09 1.04684292e+09 1.04684296e+09
 1.04684300e+09 1.04684304e+09 1.04684309e+09 1.04684313e+09
 1.04684317e+09 1.04684321e+09 1.04684325e+09 1.04684329e+09
 1.04684333e+09 1.04684337e+09 1.04684341e+09 1.04684346e+09
 1.04684350e+09 1.04684354e+09 1.04684358e+09 1.04684362e+09
 1.04684366e+09 1.04684370e+09 1.04684374e+09 1.04684378e+09
 1.04684383e+09 1.04684387e+09 1.04684391e+09 1.04684395e+09
 1.04684399e+09 1.04684403e+09 1.04684407e+09 1.04684411e+09
 1.04684415e+09 1.04684419e+09 1.04684424e+09 1.04684428e+09
 1.04684432e+09 1.04684436e+09 1.04684440e+09 1.04684444e+09
 1.04684448e+09 1.04684452e+09 1.04684456e+09 1.04684461e+09
 1.04684465e+09 1.04684469e+09 1.04684473e+09 1.04684477e+09
 1.04684481e+09 1.04684485e+09 1.04684489e+09 1.04684493e+09
 1.04684498e+09 1.04684502e+09 1.04684506e+09 1.04684510e+09
 1.04684514e+09 1.04684518e+09 1.04684522e+09 1.04684526e+09
 1.04684530e+09 1.04684535e+09 1.04684539e+09 1.04684543e+09
 1.04684547e+09 1.04684551e+09 1.04684555e+09 1.04684559e+09
 1.04684563e+09 1.04684567e+09 1.04684572e+09 1.04684576e+09
 1.04684580e+09 1.04684584e+09 1.04684588e+09 1.04684592e+09
 1.04684596e+09 1.04684600e+09 1.04684604e+09 1.04684609e+09
 1.04684613e+09 1.04684617e+09 1.04684621e+09 1.04684625e+09
 1.04684629e+09 1.04684633e+09 1.04684637e+09 1.04684641e+09
 1.04684646e+09 1.04684650e+09 1.04684654e+09 1.04684658e+09
 1.04684662e+09 1.04684666e+09 1.04684670e+09 1.04684674e+09
 1.04684678e+09 1.04684683e+09 1.04684687e+09 1.04684691e+09
 1.04684695e+09 1.04684699e+09 1.04684703e+09 1.04684707e+09
 1.04684711e+09 1.04684715e+09 1.04684719e+09 1.04684724e+09
 1.04684728e+09 1.04684732e+09 1.04684736e+09 1.04684740e+09
 1.04684744e+09 1.04684748e+09 1.04684752e+09 1.04684756e+09
 1.04684761e+09 1.04684765e+09 1.04684769e+09 1.04684773e+09
 1.04684777e+09 1.04684781e+09 1.04684785e+09 1.04684789e+09
 1.04684793e+09 1.04684798e+09 1.04684802e+09 1.04684806e+09
 1.04684810e+09 1.04684814e+09 1.04684818e+09 1.04684822e+09
 1.04684826e+09 1.04684830e+09 1.04684835e+09 1.04684839e+09
 1.04684843e+09 1.04684847e+09 1.04684851e+09 1.04684855e+09
 1.04684859e+09 1.04684863e+09 1.04684867e+09 1.04684872e+09
 1.04684876e+09 1.04684880e+09 1.04684884e+09 1.04684888e+09
 1.04684892e+09 1.04684896e+09 1.04684900e+09 1.04684904e+09
 1.04684909e+09 1.04684913e+09 1.04684917e+09 1.04684921e+09
 1.04684925e+09 1.04684929e+09 1.04684933e+09 1.04684937e+09
 1.04684941e+09 1.04684946e+09 1.04684950e+09 1.04684954e+09
 1.04684958e+09 1.04684962e+09 1.04684966e+09 1.04684970e+09
 1.04684974e+09 1.04684978e+09 1.04684983e+09 1.04684987e+09
 1.04684991e+09 1.04684995e+09 1.04684999e+09 1.04685003e+09
 1.04685007e+09 1.04685011e+09 1.04685015e+09 1.04685019e+09
 1.04685024e+09 1.04685028e+09 1.04685032e+09 1.04685036e+09
 1.04685040e+09 1.04685044e+09 1.04685048e+09 1.04685052e+09
 1.04685056e+09 1.04685061e+09 1.04685065e+09 1.04685069e+09
 1.04685073e+09 1.04685077e+09 1.04685081e+09 1.04685085e+09
 1.04685089e+09 1.04685093e+09 1.04685098e+09 1.04685102e+09
 1.04685106e+09 1.04685110e+09 1.04685114e+09 1.04685118e+09
 1.04685122e+09 1.04685126e+09 1.04685130e+09 1.04685135e+09
 1.04685139e+09 1.04685143e+09 1.04685147e+09 1.04685151e+09
 1.04685155e+09 1.04685159e+09 1.04685163e+09 1.04685167e+09
 1.04685172e+09 1.04685176e+09 1.04685180e+09 1.04685184e+09
 1.04685188e+09 1.04685192e+09 1.04685196e+09 1.04685200e+09
 1.04685204e+09 1.04685209e+09 1.04685213e+09 1.04685217e+09
 1.04685221e+09 1.04685225e+09 1.04685229e+09 1.04685233e+09
 1.04685237e+09 1.04685241e+09 1.04685246e+09 1.04685250e+09
 1.04685254e+09 1.04685258e+09 1.04685262e+09 1.04685266e+09
 1.04685270e+09 1.04685274e+09 1.04685278e+09 1.04685283e+09
 1.04685287e+09 1.04685291e+09 1.04685295e+09 1.04685299e+09
 1.04685303e+09 1.04685307e+09 1.04685311e+09 1.04685315e+09
 1.04685320e+09 1.04685324e+09 1.04685328e+09 1.04685332e+09
 1.04685336e+09 1.04685340e+09 1.04685344e+09 1.04685348e+09
 1.04685352e+09 1.04685356e+09 1.04685361e+09 1.04685365e+09
 1.04685369e+09 1.04685373e+09 1.04685377e+09 1.04685381e+09
 1.04685385e+09 1.04685389e+09 1.04685393e+09 1.04685398e+09
 1.04685402e+09 1.04685406e+09 1.04685410e+09 1.04685414e+09
 1.04685418e+09 1.04685422e+09 1.04685426e+09 1.04685430e+09
 1.04685435e+09 1.04685439e+09 1.04685443e+09 1.04685447e+09
 1.04685451e+09 1.04685455e+09 1.04685459e+09 1.04685463e+09
 1.04685467e+09 1.04685472e+09 1.04685476e+09 1.04685480e+09
 1.04685484e+09 1.04685488e+09 1.04685492e+09 1.04685496e+09
 1.04685500e+09 1.04685504e+09 1.04685509e+09 1.04685513e+09
 1.04685517e+09 1.04685521e+09 1.04685525e+09 1.04685529e+09
 1.04685533e+09 1.04685537e+09 1.04685541e+09 1.04685546e+09
 1.04685550e+09 1.04685554e+09 1.04685558e+09 1.04685562e+09
 1.04685566e+09 1.04685570e+09 1.04685574e+09 1.04685578e+09
 1.04685583e+09 1.04685587e+09 1.04685591e+09 1.04685595e+09
 1.04685599e+09 1.04685603e+09 1.04685607e+09 1.04685611e+09
 1.04685615e+09 1.04685620e+09 1.04685624e+09 1.04685628e+09
 1.04685632e+09 1.04685636e+09 1.04685640e+09 1.04685644e+09
 1.04685648e+09 1.04685652e+09 1.04685656e+09 1.04685661e+09
 1.04685665e+09 1.04685669e+09 1.04685673e+09 1.04685677e+09
 1.04685681e+09 1.04685685e+09 1.04685689e+09 1.04685693e+09
 1.04685698e+09 1.04685702e+09 1.04685706e+09 1.04685710e+09
 1.04685714e+09 1.04685718e+09 1.04685722e+09 1.04685726e+09
 1.04685730e+09 1.04685735e+09 1.04685739e+09 1.04685743e+09
 1.04685747e+09 1.04685751e+09 1.04685755e+09 1.04685759e+09
 1.04685763e+09 1.04685767e+09 1.04685772e+09 1.04685776e+09
 1.04685780e+09 1.04685784e+09 1.04685788e+09 1.04685792e+09
 1.04685796e+09 1.04685800e+09 1.04685804e+09 1.04685809e+09
 1.04685813e+09 1.04685817e+09 1.04685821e+09 1.04685825e+09
 1.04685829e+09 1.04685833e+09 1.04685837e+09 1.04685841e+09
 1.04685846e+09 1.04685850e+09 1.04685854e+09 1.04685858e+09
 1.04685862e+09 1.04685866e+09 1.04685870e+09 1.04685874e+09
 1.04685878e+09 1.04685883e+09 1.04685887e+09 1.04685891e+09
 1.04685895e+09 1.04685899e+09 1.04685903e+09 1.04685907e+09
 1.04685911e+09 1.04685915e+09 1.04685920e+09 1.04685924e+09
 1.04685928e+09 1.04685932e+09 1.04685936e+09 1.04685940e+09
 1.04685944e+09 1.04685948e+09 1.04685952e+09 1.04685956e+09
 1.04685961e+09 1.04685965e+09 1.04685969e+09 1.04685973e+09
 1.04685977e+09 1.04685981e+09 1.04685985e+09 1.04685989e+09
 1.04685993e+09 1.04685998e+09 1.04686002e+09 1.04686006e+09
 1.04686010e+09 1.04686014e+09 1.04686018e+09 1.04686022e+09
 1.04686026e+09 1.04686030e+09 1.04686035e+09 1.04686039e+09
 1.04686043e+09 1.04686047e+09 1.04686051e+09 1.04686055e+09
 1.04686059e+09 1.04686063e+09 1.04686067e+09 1.04686072e+09
 1.04686076e+09 1.04686080e+09 1.04686084e+09 1.04686088e+09
 1.04686092e+09 1.04686096e+09 1.04686100e+09 1.04686104e+09
 1.04686109e+09 1.04686113e+09 1.04686117e+09 1.04686121e+09
 1.04686125e+09 1.04686129e+09 1.04686133e+09 1.04686137e+09
 1.04686141e+09 1.04686146e+09 1.04686150e+09 1.04686154e+09
 1.04686158e+09 1.04686162e+09 1.04686166e+09 1.04686170e+09
 1.04686174e+09 1.04686178e+09 1.04686183e+09 1.04686187e+09
 1.04686191e+09 1.04686195e+09 1.04686199e+09 1.04686203e+09
 1.04686207e+09 1.04686211e+09 1.04686215e+09 1.04686220e+09
 1.04686224e+09 1.04686228e+09 1.04686232e+09 1.04686236e+09
 1.04686240e+09 1.04686244e+09 1.04686248e+09 1.04686252e+09
 1.04686256e+09 1.04686261e+09 1.04686265e+09 1.04686269e+09
 1.04686273e+09 1.04686277e+09 1.04686281e+09 1.04686285e+09
 1.04686289e+09 1.04686293e+09 1.04686298e+09 1.04686302e+09
 1.04686306e+09 1.04686310e+09 1.04686314e+09 1.04686318e+09
 1.04686322e+09 1.04686326e+09 1.04686330e+09 1.04686335e+09
 1.04686339e+09 1.04686343e+09 1.04686347e+09 1.04686351e+09
 1.04686355e+09 1.04686359e+09 1.04686363e+09 1.04686367e+09
 1.04686372e+09 1.04686376e+09 1.04686380e+09 1.04686384e+09
 1.04686388e+09 1.04686392e+09 1.04686396e+09 1.04686400e+09
 1.04686404e+09 1.04686409e+09 1.04686413e+09 1.04686417e+09
 1.04686421e+09 1.04686425e+09 1.04686429e+09 1.04686433e+09
 1.04686437e+09 1.04686441e+09 1.04686446e+09 1.04686450e+09
 1.04686454e+09 1.04686458e+09 1.04686462e+09 1.04686466e+09
 1.04686470e+09 1.04686474e+09 1.04686478e+09 1.04686483e+09
 1.04686487e+09 1.04686491e+09 1.04686495e+09 1.04686499e+09
 1.04686503e+09 1.04686507e+09 1.04686511e+09 1.04686515e+09
 1.04686520e+09 1.04686524e+09 1.04686528e+09 1.04686532e+09
 1.04686536e+09 1.04686540e+09 1.04686544e+09 1.04686548e+09
 1.04686552e+09 1.04686556e+09 1.04686561e+09 1.04686565e+09
 1.04686569e+09 1.04686573e+09 1.04686577e+09 1.04686581e+09
 1.04686585e+09 1.04686589e+09 1.04686593e+09 1.04686598e+09
 1.04686602e+09 1.04686606e+09 1.04686610e+09 1.04686614e+09
 1.04686618e+09 1.04686622e+09 1.04686626e+09 1.04686630e+09
 1.04686635e+09 1.04686639e+09 1.04686643e+09 1.04686647e+09
 1.04686651e+09 1.04686655e+09 1.04686659e+09 1.04686663e+09
 1.04686667e+09 1.04686672e+09 1.04686676e+09 1.04686680e+09
 1.04686684e+09 1.04686688e+09 1.04686692e+09 1.04686696e+09
 1.04686700e+09 1.04686704e+09 1.04686709e+09 1.04686713e+09
 1.04686717e+09 1.04686721e+09 1.04686725e+09 1.04686729e+09
 1.04686733e+09 1.04686737e+09 1.04686741e+09 1.04686746e+09
 1.04686750e+09 1.04686754e+09 1.04686758e+09 1.04686762e+09
 1.04686766e+09 1.04686770e+09 1.04686774e+09 1.04686778e+09
 1.04686783e+09 1.04686787e+09 1.04686791e+09 1.04686795e+09
 1.04686799e+09 1.04686803e+09 1.04686807e+09 1.04686811e+09
 1.04686815e+09 1.04686820e+09 1.04686824e+09 1.04686828e+09
 1.04686832e+09 1.04686836e+09 1.04686840e+09 1.04686844e+09
 1.04686848e+09 1.04686852e+09 1.04686856e+09 1.04686861e+09
 1.04686865e+09 1.04686869e+09 1.04686873e+09 1.04686877e+09
 1.04686881e+09 1.04686885e+09 1.04686889e+09 1.04686893e+09
 1.04686898e+09 1.04686902e+09 1.04686906e+09 1.04686910e+09
 1.04686914e+09 1.04686918e+09 1.04686922e+09 1.04686926e+09
 1.04686930e+09 1.04686935e+09 1.04686939e+09 1.04686943e+09
 1.04686947e+09 1.04686951e+09 1.04686955e+09 1.04686959e+09
 1.04686963e+09 1.04686967e+09 1.04686972e+09 1.04686976e+09
 1.04686980e+09 1.04686984e+09 1.04686988e+09 1.04686992e+09
 1.04686996e+09 1.04687000e+09 1.04687004e+09 1.04687009e+09
 1.04687013e+09 1.04687017e+09 1.04687021e+09 1.04687025e+09
 1.04687029e+09 1.04687033e+09 1.04687037e+09 1.04687041e+09
 1.04687046e+09 1.04687050e+09 1.04687054e+09 1.04687058e+09
 1.04687062e+09 1.04687066e+09 1.04687070e+09 1.04687074e+09
 1.04687078e+09 1.04687083e+09 1.04687087e+09 1.04687091e+09
 1.04687095e+09 1.04687099e+09 1.04687103e+09 1.04687107e+09
 1.04687111e+09 1.04687115e+09 1.04687120e+09 1.04687124e+09
 1.04687128e+09 1.04687132e+09 1.04687136e+09 1.04687140e+09
 1.04687144e+09 1.04687148e+09 1.04687152e+09 1.04687156e+09
 1.04687161e+09 1.04687165e+09 1.04687169e+09 1.04687173e+09
 1.04687177e+09 1.04687181e+09 1.04687185e+09 1.04687189e+09
 1.04687193e+09 1.04687198e+09 1.04687202e+09 1.04687206e+09
 1.04687210e+09 1.04687214e+09 1.04687218e+09 1.04687222e+09
 1.04687226e+09 1.04687230e+09 1.04687235e+09 1.04687239e+09
 1.04687243e+09 1.04687247e+09 1.04687251e+09 1.04687255e+09
 1.04687259e+09 1.04687263e+09 1.04687267e+09 1.04687272e+09
 1.04687276e+09 1.04687280e+09 1.04687284e+09 1.04687288e+09
 1.04687292e+09 1.04687296e+09 1.04687300e+09 1.04687304e+09
 1.04687309e+09 1.04687313e+09 1.04687317e+09 1.04687321e+09
 1.04687325e+09 1.04687329e+09 1.04687333e+09 1.04687337e+09]
minRes = 0.32522785159578643
minResTime =  [1.04687337e+09]
