name =JUICE_ROI_CAL_7_0_02
flyby =  ['2032 SEP 10 11:52:29', '2032 SEP 11 11:52:29']
Observation TW =  <SpiceCell dtype = 1, length = 0, size = 3000, card = 10, is_set = 1, adjust = 0, init = 1, base = 2554805331936, data = 2554805331984>
Res(t) =  [3.58177583 3.57829616 3.57481665 3.57133731 3.56785813 3.56437912
 3.56090027 3.55742158 3.55394305 3.55046469 3.54698648 3.54350844
 3.54003056 3.53655283 3.53307527 3.52959786 3.52612061 3.52264352
 3.51916659 3.51568981 3.51221319 3.50873672 3.50526041 3.50178425
 3.49830825 3.4948324  3.4913567  3.48788115 3.48440576 3.48093051
 3.47745542 3.47398048 3.47050568 3.46703104 3.46355654 3.46008219
 3.45660799 3.45313394 3.44966003 3.44618627 3.44271265 3.43923918
 3.43576585 3.43229267 3.42881962 3.42534672 3.42187397 3.41840135
 3.41492888 3.41145654 3.40798435 3.40451229 3.40104038 3.3975686
 3.39409696 3.39062546 3.38715409 3.38368286 3.38021177 3.37674081
 3.37326999 3.3697993  3.36632874 3.36285832 3.35938803 3.35591787
 3.35244784 3.34897794 3.34550818 3.34203854 3.33856903 3.33509966
 3.33163041 3.32816128 3.32469229 3.32122342 3.31775468 3.31428607
 3.31081757 3.30734921 3.30388097 3.30041285 3.29694485 3.29347698
 3.29000923 3.2865416  3.28307409 3.2796067  3.27613944 3.27267229
 3.26920526 3.26573835 3.26227155 3.25880488 3.25533832 3.25187187
 3.24840555 3.24493933 3.24147324 3.23800725 3.23454138 3.23107562
 3.22760998 3.22414445 3.22067903 3.21721372 3.21374852 3.21028343
 3.20681845 3.20335358 3.19988881 3.19642416 3.19295961 3.18949517
 3.18603084 3.18256661 3.17910248 3.17563846 3.17217455 3.16871074
 3.16524703 3.16178343 3.15831992 3.15485652 3.15139322 3.14793002
 3.14446692 3.14100392 3.13754102 3.13407822 3.13061551 3.1271529
 3.12369039 3.12022798 3.11676566 3.11330344 3.10984131 3.10637928
 3.10291734 3.09945549 3.09599373 3.09253207 3.0890705  3.08560902
 3.08214763 3.07868634 3.07522513 3.07176401 3.06830298 3.06484203
 3.06138118 3.05792041 3.05445973 3.05099913 3.04753862 3.04407819
 3.04061785 3.0371576  3.03369742 3.03023733 3.02677732 3.0233174
 3.01985755 3.01639778 3.0129381  3.0094785  3.00601897 3.00255952
 2.99910015 2.99564086 2.99218165 2.98872251 2.98526345 2.98180447
 2.97834556 2.97488672 2.97142796 2.96796927 2.96451065 2.96105211
 2.95759364 2.95413524 2.95067691 2.94721866 2.94376047 2.94030235
 2.9368443  2.93338632 2.92992841 2.92647056 2.92301278 2.91955507
 2.91609742 2.91263984 2.90918232 2.90572487 2.90226748 2.89881016
 2.89535289 2.89189569 2.88843855 2.88498148 2.88152446 2.8780675
 2.8746106  2.87115377 2.86769699 2.86424026 2.8607836  2.85732699
 2.85387044 2.85041395 2.84695751 2.84350113 2.8400448  2.83658852
 2.8331323  2.82967613 2.82622001 2.82276395 2.81930794 2.81585197
 2.81239606 2.8089402  2.80548439 2.80202862 2.79857291 2.79511724
 2.79166162 2.78820605 2.78475052 2.78129504 2.7778396  2.77438421
 2.77092886 2.76747356 2.7640183  2.76056308 2.75710791 2.75365277
 2.75019768 2.74674263 2.74328762 2.73983265 2.73637771 2.73292282
 2.72946796 2.72601315 2.72255836 2.71910362 2.71564891 2.71219424
 2.7087396  2.705285   2.70183043 2.69837589 2.69492139 2.69146692
 2.68801248 2.68455808 2.6811037  2.67764936 2.67419504 2.67074076
 2.6672865  2.66383227 2.66037807 2.6569239  2.65346975 2.65001564
 2.64656154 2.64310748 2.63965343 2.63619941 2.63274542 2.62929145
 2.6258375  2.62238357 2.61892967 2.61547579 2.61202193 2.60856809
 2.60511426 2.60166046 2.59820668 2.59475291 2.59129917 2.58784544
 2.58439173 2.58093803 2.57748435 2.57403068 2.57057703 2.5671234
 2.56366978 2.56021617 2.55676257 2.55330899 2.54985541 2.54640185
 2.5429483  2.53949476 2.53604123 2.53258771 2.5291342  2.5256807
 2.5222272  2.51877371 2.51532023 2.51186676 2.50841329 2.50495982
 2.50150636 2.49805291 2.49459946 2.49114601 2.48769256 2.48423912
 2.48078568 2.47733224 2.4738788  2.47042536 2.46697192 2.46351848
 2.46006504 2.4566116  2.45315815 2.4497047  2.44625125 2.4427978
 2.43934434 2.43589087 2.43243741 2.42898393 2.42553045 2.42207696
 2.41862347 2.41516996 2.41171645 2.40826293 2.4048094  2.40135587
 2.39790232 2.39444876 2.39099519 2.3875416  2.38408801 2.3806344
 2.37718078 2.37372715 2.3702735  2.36681984 2.36336616 2.35991247
 2.35645876 2.35300503 2.34955129 2.34609753 2.34264375 2.33918995
 2.33573613 2.33228229 2.32882844 2.32537456 2.32192066 2.31846674
 2.3150128  2.31155883 2.30810485 2.30465084 2.3011968  2.29774274
 2.29428866 2.29083455 2.28738041 2.28392625 2.28047206 2.27701784
 2.27356359 2.27010932 2.26665502 2.26320068 2.25974632 2.25629193
 2.25283751 2.24938305 2.24592857 2.24247405 2.23901949 2.23556491
 2.23211029 2.22865564 2.22520095 2.22174622 2.21829146 2.21483667
 2.21138184 2.20792697 2.20447206 2.20101711 2.19756213 2.19410711
 2.19065204 2.18719694 2.1837418  2.18028661 2.17683138 2.17337611
 2.1699208  2.16646545 2.16301005 2.15955461 2.15609912 2.15264359
 2.14918801 2.14573239 2.14227672 2.138821   2.13536524 2.13190943
 2.12845357 2.12499766 2.1215417  2.11808569 2.11462963 2.11117353
 2.10771737 2.10426115 2.10080489 2.09734857 2.0938922  2.09043578
 2.0869793  2.08352277 2.08006618 2.07660954 2.07315284 2.06969608
 2.06623927 2.0627824  2.05932547 2.05586848 2.05241144 2.04895433
 2.04549717 2.04203994 2.03858266 2.03512531 2.0316679  2.02821043
 2.0247529  2.0212953  2.01783764 2.01437992 2.01092213 2.00746427
 2.00400635 2.00054837 1.99709032 1.9936322  1.99017401 1.98671576
 1.98325743 1.97979904 1.97634058 1.97288205 1.96942345 1.96596478
 1.96250604 1.95904722 1.95558834 1.95212938 1.94867035 1.94521124
 1.94175207 1.93829281 1.93483348 1.93137408 1.9279146  1.92445505
 1.92099542 1.91753571 1.91407592 1.91061606 1.90715611 1.90369609
 1.90023599 1.89677581 1.89331555 1.8898552  1.88639478 1.88293427
 1.87947369 1.87601302 1.87255226 1.86909143 1.8656305  1.8621695
 1.85870841 1.85524723 1.85178597 1.84832462 1.84486319 1.84140167
 1.83794006 1.83447836 1.83101657 1.8275547  1.82409274 1.82063068
 1.81716854 1.8137063  1.81024398 1.80678156 1.80331905 1.79985645
 1.79639375 1.79293096 1.78946808 1.7860051  1.78254203 1.77907886
 1.7756156  1.77215224 1.76868879 1.76522523 1.76176158 1.75829784
 1.75483399 1.75137005 1.747906   1.74444186 1.74097762 1.73751328
 1.73404883 1.73058429 1.72711964 1.72365489 1.72019004 1.71672509
 1.71326003 1.70979487 1.7063296  1.70286423 1.69939875 1.69593317
 1.69246748 1.68900169 1.68553579 1.68206978 1.67860367 1.67513744
 1.67167111 1.66820467 1.66473812 1.66127146 1.65780469 1.65433781
 1.65087082 1.64740372 1.6439365  1.64046918 1.63700174 1.63353419
 1.63006652 1.62659874 1.62313085 1.61966284 1.61619472 1.61272648
 1.60925812 1.60578965 1.60232106 1.59885236 1.59538354 1.5919146
 1.58844554 1.58497637 1.58150707 1.57803766 1.57456812 1.57109847
 1.56762869 1.5641588  1.56068878 1.55721864 1.55374838 1.550278
 1.54680749 1.54333686 1.53986611 1.53639523 1.53292423 1.52945311
 1.52598186 1.52251048 1.51903898 1.51556735 1.5120956  1.50862372
 1.50515171 1.50167957 1.49820731 1.49473492 1.4912624  1.48778975
 1.48431697 1.48084406 1.47737102 1.47389785 1.47042455 1.46695112
 1.46347756 1.46000386 1.45653004 1.45305608 1.44958199 1.44610776
 1.44263341 1.43915891 1.43568429 1.43220953 1.42873463 1.42525961
 1.42178444 1.41830914 1.4148337  1.41135813 1.40788242 1.40440657
 1.40093059 1.39745447 1.39397821 1.39050181 1.38702528 1.38354861
 1.38007179 1.37659484 1.37311775 1.36964052 1.36616315 1.36268564
 1.35920798 1.35573019 1.35225226 1.34877418 1.34529596 1.34181761
 1.3383391  1.33486046 1.33138167 1.32790274 1.32442367 1.32094446
 1.3174651  1.31398559 1.31050595 1.30702615 1.30354622 1.30006614
 1.29658591 1.29310554 1.28962502 1.28614436 1.28266355 1.2791826
 1.2757015  1.27222025 1.26873886 1.26525732 1.26177563 1.2582938
 1.25481182 1.25132969 1.24784741 1.24436499 1.24088242 1.2373997
 1.23391683 1.23043382 1.22695065 1.22346734 1.21998388 1.21650027
 1.21301651 1.2095326  1.20604854 1.20256434 1.19907998 1.19559548
 1.19211082 1.18862602 1.18514107 1.18165596 1.17817071 1.17468531
 1.17119976 1.16771405 1.1642282  1.1607422  1.15725605 1.15376975
 1.1502833  1.1467967  1.14330995 1.13982305 1.136336   1.1328488
 1.12936145 1.12587395 1.1223863  1.11889851 1.11541056 1.11192246
 1.10843422 1.10494582 1.10145728 1.09796858 1.09447974 1.09099075
 1.08750162 1.08401233 1.08052289 1.07703331 1.07354358 1.0700537
 1.06656368 1.06307351 1.05958319 1.05609272 1.05260211 1.04911135
 1.04562045 1.0421294  1.0386382  1.03514686 1.03165538 1.02816375
 1.02467198 1.02118007 1.01768801 1.01419581 1.01070346 1.00721098
 1.00371835 1.00022558 0.99673268 0.99323963 0.98974644 0.98625312
 0.98275965 0.97926605 0.97577231 0.97227843 0.96878442 0.96529028
 0.96179599 0.95830158 0.95480703 0.95131235 0.94781753 0.94432259
 0.94082751 0.93733231 0.93383698 0.93034151 0.92684593 0.92335021
 0.91985437 0.91635841 0.91286232 0.90936611 0.90586978 0.90237333
 0.89887676 0.89538007 0.89188327 0.88838635 0.88488931 0.88139217
 0.8778949  0.87439753 0.87090005 0.86740247 0.86390477 0.86040697
 0.85690907 0.85341106 0.84991295 0.84641475 0.84291644 0.83941804
 0.83591955 0.83242096 0.82892229 0.82542352 0.82192467 0.81842574
 0.81492672 0.81142762 0.80792844 0.80442918 0.80092985 0.79743045
 0.79393097 0.79043143 0.78693183 0.78343216 0.77993243 0.77643265
 0.77293281 0.76943292 0.76593298 0.76243299 0.75893296 0.75543289
 0.75193278 0.74843263 0.74493246 0.74143226 0.73793203 0.73443179
 0.73093153 0.72743125 0.72393096 0.72043067 0.71693038 0.71343009
 0.7099298  0.70642953 0.70292928 0.69942904 0.69592883 0.69242864
 0.68892849 0.68542838 0.68192832 0.6784283  0.67492834 0.67142844
 0.66792861 0.66442885 0.66092917 0.65742957 0.65393007 0.65043066
 0.64693135 0.64343216 0.63993309 0.63643414 0.63293532 0.62943665
 0.62593812 0.62243975 0.61894155 0.61544352 0.61194567 0.60844802
 0.60495056 0.60125784 0.59775837 0.59425911 0.59076007 0.58726124
 0.58376265 0.5802643  0.57676621 0.57326838 0.56977083 0.56627357
 0.56277662 0.55927998 0.55578367 0.5522877  0.54879209 0.54529685
 0.54180199 0.53830754 0.53481351 0.53131991 0.52782676 0.52433409
 0.5208419  0.51735022 0.51385906 0.51036846 0.50687842 0.50338896
 0.49990012 0.49641192 0.49292437 0.4894375  0.48595135 0.48246592
 0.47898126 0.47549739 0.47201434 0.46853214 0.46505083 0.46157042
 0.45809097 0.4546125  0.45113505 0.44765866 0.44418336 0.44070921
 0.43723623 0.43376449 0.43029401 0.42682486 0.42335707 0.41989071
 0.41642582 0.41296246 0.4095007  0.40604059 0.40258219 0.39912557
 0.39567081 0.39221797 0.38876714 0.38531838 0.38187179 0.37842744
 0.37498544 0.37154587 0.36810883 0.36467444 0.3612428  0.35781401
 0.35438822 0.35096553 0.34754609 0.34413004 0.34071752 0.33730868
 0.3339037  0.33050274 0.32710599 0.32371364 0.32032589 0.31694296
 0.31356507 0.31019246 0.3068254  0.30346414 0.30010899 0.29676024
 0.29341821 0.29008326 0.28675576 0.28343609 0.28012467 0.27682196
 0.27352844 0.27024461 0.26697103 0.26370829 0.26045704 0.25721795
 0.25399176 0.25077928 0.24758137 0.24439896 0.24123307 0.2380848
 0.23495535 0.23184604 0.22875829 0.22569367 0.22265391 0.21964089
 0.21665672 0.21370368 0.21078435 0.20790157 0.20505851 0.20225872
 0.19950618 0.19680539 0.19416142 0.19158004 0.18906783 0.18663233
 0.18428224 0.18202765 0.17988032 0.17785407 0.17596526 0.17423342
 0.17268205 0.1713398  0.17024191 0.16943236 0.16896683 0.16891706
 0.16937733 0.17047445 0.1723838  0.1753562 ]
t =  [1.03170202e+09 1.03170206e+09 1.03170210e+09 1.03170214e+09
 1.03170219e+09 1.03170223e+09 1.03170227e+09 1.03170231e+09
 1.03170235e+09 1.03170240e+09 1.03170244e+09 1.03170248e+09
 1.03170252e+09 1.03170256e+09 1.03170261e+09 1.03170265e+09
 1.03170269e+09 1.03170273e+09 1.03170278e+09 1.03170282e+09
 1.03170286e+09 1.03170290e+09 1.03170294e+09 1.03170299e+09
 1.03170303e+09 1.03170307e+09 1.03170311e+09 1.03170315e+09
 1.03170320e+09 1.03170324e+09 1.03170328e+09 1.03170332e+09
 1.03170336e+09 1.03170341e+09 1.03170345e+09 1.03170349e+09
 1.03170353e+09 1.03170357e+09 1.03170362e+09 1.03170366e+09
 1.03170370e+09 1.03170374e+09 1.03170378e+09 1.03170383e+09
 1.03170387e+09 1.03170391e+09 1.03170395e+09 1.03170399e+09
 1.03170404e+09 1.03170408e+09 1.03170412e+09 1.03170416e+09
 1.03170420e+09 1.03170425e+09 1.03170429e+09 1.03170433e+09
 1.03170437e+09 1.03170442e+09 1.03170446e+09 1.03170450e+09
 1.03170454e+09 1.03170458e+09 1.03170463e+09 1.03170467e+09
 1.03170471e+09 1.03170475e+09 1.03170479e+09 1.03170484e+09
 1.03170488e+09 1.03170492e+09 1.03170496e+09 1.03170500e+09
 1.03170505e+09 1.03170509e+09 1.03170513e+09 1.03170517e+09
 1.03170521e+09 1.03170526e+09 1.03170530e+09 1.03170534e+09
 1.03170538e+09 1.03170542e+09 1.03170547e+09 1.03170551e+09
 1.03170555e+09 1.03170559e+09 1.03170563e+09 1.03170568e+09
 1.03170572e+09 1.03170576e+09 1.03170580e+09 1.03170584e+09
 1.03170589e+09 1.03170593e+09 1.03170597e+09 1.03170601e+09
 1.03170605e+09 1.03170610e+09 1.03170614e+09 1.03170618e+09
 1.03170622e+09 1.03170627e+09 1.03170631e+09 1.03170635e+09
 1.03170639e+09 1.03170643e+09 1.03170648e+09 1.03170652e+09
 1.03170656e+09 1.03170660e+09 1.03170664e+09 1.03170669e+09
 1.03170673e+09 1.03170677e+09 1.03170681e+09 1.03170685e+09
 1.03170690e+09 1.03170694e+09 1.03170698e+09 1.03170702e+09
 1.03170706e+09 1.03170711e+09 1.03170715e+09 1.03170719e+09
 1.03170723e+09 1.03170727e+09 1.03170732e+09 1.03170736e+09
 1.03170740e+09 1.03170744e+09 1.03170748e+09 1.03170753e+09
 1.03170757e+09 1.03170761e+09 1.03170765e+09 1.03170769e+09
 1.03170774e+09 1.03170778e+09 1.03170782e+09 1.03170786e+09
 1.03170791e+09 1.03170795e+09 1.03170799e+09 1.03170803e+09
 1.03170807e+09 1.03170812e+09 1.03170816e+09 1.03170820e+09
 1.03170824e+09 1.03170828e+09 1.03170833e+09 1.03170837e+09
 1.03170841e+09 1.03170845e+09 1.03170849e+09 1.03170854e+09
 1.03170858e+09 1.03170862e+09 1.03170866e+09 1.03170870e+09
 1.03170875e+09 1.03170879e+09 1.03170883e+09 1.03170887e+09
 1.03170891e+09 1.03170896e+09 1.03170900e+09 1.03170904e+09
 1.03170908e+09 1.03170912e+09 1.03170917e+09 1.03170921e+09
 1.03170925e+09 1.03170929e+09 1.03170933e+09 1.03170938e+09
 1.03170942e+09 1.03170946e+09 1.03170950e+09 1.03170955e+09
 1.03170959e+09 1.03170963e+09 1.03170967e+09 1.03170971e+09
 1.03170976e+09 1.03170980e+09 1.03170984e+09 1.03170988e+09
 1.03170992e+09 1.03170997e+09 1.03171001e+09 1.03171005e+09
 1.03171009e+09 1.03171013e+09 1.03171018e+09 1.03171022e+09
 1.03171026e+09 1.03171030e+09 1.03171034e+09 1.03171039e+09
 1.03171043e+09 1.03171047e+09 1.03171051e+09 1.03171055e+09
 1.03171060e+09 1.03171064e+09 1.03171068e+09 1.03171072e+09
 1.03171076e+09 1.03171081e+09 1.03171085e+09 1.03171089e+09
 1.03171093e+09 1.03171097e+09 1.03171102e+09 1.03171106e+09
 1.03171110e+09 1.03171114e+09 1.03171118e+09 1.03171123e+09
 1.03171127e+09 1.03171131e+09 1.03171135e+09 1.03171140e+09
 1.03171144e+09 1.03171148e+09 1.03171152e+09 1.03171156e+09
 1.03171161e+09 1.03171165e+09 1.03171169e+09 1.03171173e+09
 1.03171177e+09 1.03171182e+09 1.03171186e+09 1.03171190e+09
 1.03171194e+09 1.03171198e+09 1.03171203e+09 1.03171207e+09
 1.03171211e+09 1.03171215e+09 1.03171219e+09 1.03171224e+09
 1.03171228e+09 1.03171232e+09 1.03171236e+09 1.03171240e+09
 1.03171245e+09 1.03171249e+09 1.03171253e+09 1.03171257e+09
 1.03171261e+09 1.03171266e+09 1.03171270e+09 1.03171274e+09
 1.03171278e+09 1.03171282e+09 1.03171287e+09 1.03171291e+09
 1.03171295e+09 1.03171299e+09 1.03171304e+09 1.03171308e+09
 1.03171312e+09 1.03171316e+09 1.03171320e+09 1.03171325e+09
 1.03171329e+09 1.03171333e+09 1.03171337e+09 1.03171341e+09
 1.03171346e+09 1.03171350e+09 1.03171354e+09 1.03171358e+09
 1.03171362e+09 1.03171367e+09 1.03171371e+09 1.03171375e+09
 1.03171379e+09 1.03171383e+09 1.03171388e+09 1.03171392e+09
 1.03171396e+09 1.03171400e+09 1.03171404e+09 1.03171409e+09
 1.03171413e+09 1.03171417e+09 1.03171421e+09 1.03171425e+09
 1.03171430e+09 1.03171434e+09 1.03171438e+09 1.03171442e+09
 1.03171446e+09 1.03171451e+09 1.03171455e+09 1.03171459e+09
 1.03171463e+09 1.03171468e+09 1.03171472e+09 1.03171476e+09
 1.03171480e+09 1.03171484e+09 1.03171489e+09 1.03171493e+09
 1.03171497e+09 1.03171501e+09 1.03171505e+09 1.03171510e+09
 1.03171514e+09 1.03171518e+09 1.03171522e+09 1.03171526e+09
 1.03171531e+09 1.03171535e+09 1.03171539e+09 1.03171543e+09
 1.03171547e+09 1.03171552e+09 1.03171556e+09 1.03171560e+09
 1.03171564e+09 1.03171568e+09 1.03171573e+09 1.03171577e+09
 1.03171581e+09 1.03171585e+09 1.03171589e+09 1.03171594e+09
 1.03171598e+09 1.03171602e+09 1.03171606e+09 1.03171610e+09
 1.03171615e+09 1.03171619e+09 1.03171623e+09 1.03171627e+09
 1.03171632e+09 1.03171636e+09 1.03171640e+09 1.03171644e+09
 1.03171648e+09 1.03171653e+09 1.03171657e+09 1.03171661e+09
 1.03171665e+09 1.03171669e+09 1.03171674e+09 1.03171678e+09
 1.03171682e+09 1.03171686e+09 1.03171690e+09 1.03171695e+09
 1.03171699e+09 1.03171703e+09 1.03171707e+09 1.03171711e+09
 1.03171716e+09 1.03171720e+09 1.03171724e+09 1.03171728e+09
 1.03171732e+09 1.03171737e+09 1.03171741e+09 1.03171745e+09
 1.03171749e+09 1.03171753e+09 1.03171758e+09 1.03171762e+09
 1.03171766e+09 1.03171770e+09 1.03171774e+09 1.03171779e+09
 1.03171783e+09 1.03171787e+09 1.03171791e+09 1.03171795e+09
 1.03171800e+09 1.03171804e+09 1.03171808e+09 1.03171812e+09
 1.03171817e+09 1.03171821e+09 1.03171825e+09 1.03171829e+09
 1.03171833e+09 1.03171838e+09 1.03171842e+09 1.03171846e+09
 1.03171850e+09 1.03171854e+09 1.03171859e+09 1.03171863e+09
 1.03171867e+09 1.03171871e+09 1.03171875e+09 1.03171880e+09
 1.03171884e+09 1.03171888e+09 1.03171892e+09 1.03171896e+09
 1.03171901e+09 1.03171905e+09 1.03171909e+09 1.03171913e+09
 1.03171917e+09 1.03171922e+09 1.03171926e+09 1.03171930e+09
 1.03171934e+09 1.03171938e+09 1.03171943e+09 1.03171947e+09
 1.03171951e+09 1.03171955e+09 1.03171959e+09 1.03171964e+09
 1.03171968e+09 1.03171972e+09 1.03171976e+09 1.03171981e+09
 1.03171985e+09 1.03171989e+09 1.03171993e+09 1.03171997e+09
 1.03172002e+09 1.03172006e+09 1.03172010e+09 1.03172014e+09
 1.03172018e+09 1.03172023e+09 1.03172027e+09 1.03172031e+09
 1.03172035e+09 1.03172039e+09 1.03172044e+09 1.03172048e+09
 1.03172052e+09 1.03172056e+09 1.03172060e+09 1.03172065e+09
 1.03172069e+09 1.03172073e+09 1.03172077e+09 1.03172081e+09
 1.03172086e+09 1.03172090e+09 1.03172094e+09 1.03172098e+09
 1.03172102e+09 1.03172107e+09 1.03172111e+09 1.03172115e+09
 1.03172119e+09 1.03172123e+09 1.03172128e+09 1.03172132e+09
 1.03172136e+09 1.03172140e+09 1.03172145e+09 1.03172149e+09
 1.03172153e+09 1.03172157e+09 1.03172161e+09 1.03172166e+09
 1.03172170e+09 1.03172174e+09 1.03172178e+09 1.03172182e+09
 1.03172187e+09 1.03172191e+09 1.03172195e+09 1.03172199e+09
 1.03172203e+09 1.03172208e+09 1.03172212e+09 1.03172216e+09
 1.03172220e+09 1.03172224e+09 1.03172229e+09 1.03172233e+09
 1.03172237e+09 1.03172241e+09 1.03172245e+09 1.03172250e+09
 1.03172254e+09 1.03172258e+09 1.03172262e+09 1.03172266e+09
 1.03172271e+09 1.03172275e+09 1.03172279e+09 1.03172283e+09
 1.03172287e+09 1.03172292e+09 1.03172296e+09 1.03172300e+09
 1.03172304e+09 1.03172309e+09 1.03172313e+09 1.03172317e+09
 1.03172321e+09 1.03172325e+09 1.03172330e+09 1.03172334e+09
 1.03172338e+09 1.03172342e+09 1.03172346e+09 1.03172351e+09
 1.03172355e+09 1.03172359e+09 1.03172363e+09 1.03172367e+09
 1.03172372e+09 1.03172376e+09 1.03172380e+09 1.03172384e+09
 1.03172388e+09 1.03172393e+09 1.03172397e+09 1.03172401e+09
 1.03172405e+09 1.03172409e+09 1.03172414e+09 1.03172418e+09
 1.03172422e+09 1.03172426e+09 1.03172430e+09 1.03172435e+09
 1.03172439e+09 1.03172443e+09 1.03172447e+09 1.03172451e+09
 1.03172456e+09 1.03172460e+09 1.03172464e+09 1.03172468e+09
 1.03172472e+09 1.03172477e+09 1.03172481e+09 1.03172485e+09
 1.03172489e+09 1.03172494e+09 1.03172498e+09 1.03172502e+09
 1.03172506e+09 1.03172510e+09 1.03172515e+09 1.03172519e+09
 1.03172523e+09 1.03172527e+09 1.03172531e+09 1.03172536e+09
 1.03172540e+09 1.03172544e+09 1.03172548e+09 1.03172552e+09
 1.03172557e+09 1.03172561e+09 1.03172565e+09 1.03172569e+09
 1.03172573e+09 1.03172578e+09 1.03172582e+09 1.03172586e+09
 1.03172590e+09 1.03172594e+09 1.03172599e+09 1.03172603e+09
 1.03172607e+09 1.03172611e+09 1.03172615e+09 1.03172620e+09
 1.03172624e+09 1.03172628e+09 1.03172632e+09 1.03172636e+09
 1.03172641e+09 1.03172645e+09 1.03172649e+09 1.03172653e+09
 1.03172658e+09 1.03172662e+09 1.03172666e+09 1.03172670e+09
 1.03172674e+09 1.03172679e+09 1.03172683e+09 1.03172687e+09
 1.03172691e+09 1.03172695e+09 1.03172700e+09 1.03172704e+09
 1.03172708e+09 1.03172712e+09 1.03172716e+09 1.03172721e+09
 1.03172725e+09 1.03172729e+09 1.03172733e+09 1.03172737e+09
 1.03172742e+09 1.03172746e+09 1.03172750e+09 1.03172754e+09
 1.03172758e+09 1.03172763e+09 1.03172767e+09 1.03172771e+09
 1.03172775e+09 1.03172779e+09 1.03172784e+09 1.03172788e+09
 1.03172792e+09 1.03172796e+09 1.03172800e+09 1.03172805e+09
 1.03172809e+09 1.03172813e+09 1.03172817e+09 1.03172822e+09
 1.03172826e+09 1.03172830e+09 1.03172834e+09 1.03172838e+09
 1.03172843e+09 1.03172847e+09 1.03172851e+09 1.03172855e+09
 1.03172859e+09 1.03172864e+09 1.03172868e+09 1.03172872e+09
 1.03172876e+09 1.03172880e+09 1.03172885e+09 1.03172889e+09
 1.03172893e+09 1.03172897e+09 1.03172901e+09 1.03172906e+09
 1.03172910e+09 1.03172914e+09 1.03172918e+09 1.03172922e+09
 1.03172927e+09 1.03172931e+09 1.03172935e+09 1.03172939e+09
 1.03172943e+09 1.03172948e+09 1.03172952e+09 1.03172956e+09
 1.03172960e+09 1.03172964e+09 1.03172969e+09 1.03172973e+09
 1.03172977e+09 1.03172981e+09 1.03172985e+09 1.03172990e+09
 1.03172994e+09 1.03172998e+09 1.03173002e+09 1.03173007e+09
 1.03173011e+09 1.03173015e+09 1.03173019e+09 1.03173023e+09
 1.03173028e+09 1.03173032e+09 1.03173036e+09 1.03173040e+09
 1.03173044e+09 1.03173049e+09 1.03173053e+09 1.03173057e+09
 1.03173061e+09 1.03173065e+09 1.03173070e+09 1.03173074e+09
 1.03173078e+09 1.03173082e+09 1.03173086e+09 1.03173091e+09
 1.03173095e+09 1.03173099e+09 1.03173103e+09 1.03173107e+09
 1.03173112e+09 1.03173116e+09 1.03173120e+09 1.03173124e+09
 1.03173128e+09 1.03173133e+09 1.03173137e+09 1.03173141e+09
 1.03173145e+09 1.03173149e+09 1.03173154e+09 1.03173158e+09
 1.03173162e+09 1.03173166e+09 1.03173171e+09 1.03173175e+09
 1.03173179e+09 1.03173183e+09 1.03173187e+09 1.03173192e+09
 1.03173196e+09 1.03173200e+09 1.03173204e+09 1.03173208e+09
 1.03173213e+09 1.03173217e+09 1.03173221e+09 1.03173225e+09
 1.03173229e+09 1.03173234e+09 1.03173238e+09 1.03173242e+09
 1.03173246e+09 1.03173250e+09 1.03173255e+09 1.03173259e+09
 1.03173263e+09 1.03173267e+09 1.03173271e+09 1.03173276e+09
 1.03173280e+09 1.03173284e+09 1.03173288e+09 1.03173292e+09
 1.03173297e+09 1.03173301e+09 1.03173305e+09 1.03173309e+09
 1.03173313e+09 1.03173318e+09 1.03173322e+09 1.03173326e+09
 1.03173330e+09 1.03173335e+09 1.03173339e+09 1.03173343e+09
 1.03173347e+09 1.03173351e+09 1.03173356e+09 1.03173360e+09
 1.03173364e+09 1.03173368e+09 1.03173372e+09 1.03173377e+09
 1.03173381e+09 1.03173385e+09 1.03173389e+09 1.03173393e+09
 1.03173398e+09 1.03173402e+09 1.03173406e+09 1.03173410e+09
 1.03173414e+09 1.03173419e+09 1.03173423e+09 1.03173427e+09
 1.03173431e+09 1.03173435e+09 1.03173440e+09 1.03173444e+09
 1.03173448e+09 1.03173452e+09 1.03173456e+09 1.03173461e+09
 1.03173465e+09 1.03173469e+09 1.03173473e+09 1.03173477e+09
 1.03173482e+09 1.03173486e+09 1.03173490e+09 1.03173494e+09
 1.03173499e+09 1.03173503e+09 1.03173507e+09 1.03173511e+09
 1.03173515e+09 1.03173520e+09 1.03173524e+09 1.03173528e+09
 1.03173532e+09 1.03173536e+09 1.03173541e+09 1.03173545e+09
 1.03173549e+09 1.03173553e+09 1.03173557e+09 1.03173562e+09
 1.03173566e+09 1.03173570e+09 1.03173574e+09 1.03173578e+09
 1.03173583e+09 1.03173587e+09 1.03173591e+09 1.03173595e+09
 1.03173599e+09 1.03173604e+09 1.03173608e+09 1.03173612e+09
 1.03173616e+09 1.03173620e+09 1.03173625e+09 1.03173629e+09
 1.03173633e+09 1.03173637e+09 1.03173641e+09 1.03173646e+09
 1.03173650e+09 1.03173654e+09 1.03173658e+09 1.03173662e+09
 1.03173667e+09 1.03173671e+09 1.03173675e+09 1.03173679e+09
 1.03173684e+09 1.03173688e+09 1.03173692e+09 1.03173696e+09
 1.03173700e+09 1.03173705e+09 1.03173709e+09 1.03173713e+09
 1.03173717e+09 1.03173721e+09 1.03173726e+09 1.03173730e+09
 1.03173734e+09 1.03173738e+09 1.03173742e+09 1.03173747e+09
 1.03173751e+09 1.03173755e+09 1.03173759e+09 1.03173763e+09
 1.03173768e+09 1.03173772e+09 1.03173776e+09 1.03173780e+09
 1.03173784e+09 1.03173789e+09 1.03173793e+09 1.03173797e+09
 1.03173801e+09 1.03173805e+09 1.03173810e+09 1.03173814e+09
 1.03173818e+09 1.03173822e+09 1.03173826e+09 1.03173831e+09
 1.03173835e+09 1.03173839e+09 1.03173843e+09 1.03173848e+09
 1.03173852e+09 1.03173856e+09 1.03173860e+09 1.03173864e+09
 1.03173869e+09 1.03173873e+09 1.03173877e+09 1.03173881e+09
 1.03173885e+09 1.03173890e+09 1.03173894e+09 1.03173898e+09
 1.03173902e+09 1.03173906e+09 1.03173911e+09 1.03173915e+09
 1.03173919e+09 1.03173923e+09 1.03173927e+09 1.03173932e+09
 1.03173936e+09 1.03173940e+09 1.03173944e+09 1.03173948e+09
 1.03173953e+09 1.03173957e+09 1.03173961e+09 1.03173965e+09
 1.03173969e+09 1.03173974e+09 1.03173978e+09 1.03173982e+09
 1.03173986e+09 1.03173990e+09 1.03173995e+09 1.03173999e+09
 1.03174003e+09 1.03174007e+09 1.03174012e+09 1.03174016e+09
 1.03174020e+09 1.03174024e+09 1.03174028e+09 1.03174033e+09
 1.03174037e+09 1.03174041e+09 1.03174045e+09 1.03174049e+09
 1.03174054e+09 1.03174058e+09 1.03174062e+09 1.03174066e+09
 1.03174070e+09 1.03174075e+09 1.03174079e+09 1.03174083e+09
 1.03174087e+09 1.03174091e+09 1.03174096e+09 1.03174100e+09
 1.03174104e+09 1.03174108e+09 1.03174112e+09 1.03174117e+09
 1.03174121e+09 1.03174125e+09 1.03174129e+09 1.03174133e+09
 1.03174138e+09 1.03174142e+09 1.03174146e+09 1.03174150e+09
 1.03174154e+09 1.03174159e+09 1.03174163e+09 1.03174167e+09
 1.03174171e+09 1.03174176e+09 1.03174180e+09 1.03174184e+09
 1.03174188e+09 1.03174192e+09 1.03174197e+09 1.03174201e+09
 1.03174205e+09 1.03174209e+09 1.03174213e+09 1.03174218e+09
 1.03174222e+09 1.03174226e+09 1.03174230e+09 1.03174234e+09
 1.03174239e+09 1.03174243e+09 1.03174247e+09 1.03174251e+09
 1.03174255e+09 1.03174260e+09 1.03174264e+09 1.03174268e+09
 1.03174272e+09 1.03174276e+09 1.03174281e+09 1.03174285e+09
 1.03174289e+09 1.03174293e+09 1.03174297e+09 1.03174302e+09
 1.03174306e+09 1.03174310e+09 1.03174314e+09 1.03174318e+09
 1.03174323e+09 1.03174327e+09 1.03174331e+09 1.03174335e+09
 1.03174339e+09 1.03174344e+09 1.03174348e+09 1.03174352e+09
 1.03174356e+09 1.03174361e+09 1.03174365e+09 1.03174369e+09
 1.03174373e+09 1.03174377e+09 1.03174382e+09 1.03174386e+09
 1.03174390e+09 1.03174394e+09 1.03174398e+09 1.03174403e+09]
minRes = 0.16891706141577284
minResTime =  [1.03174386e+09]
