name =JUICE_ROI_CAL_7_0_02
flyby =  ['2032 OCT 30 14:21:22', '2032 OCT 31 14:21:22']
Observation TW =  <SpiceCell dtype = 1, length = 0, size = 3000, card = 10, is_set = 1, adjust = 0, init = 1, base = 2554805331936, data = 2554805331984>
Res(t) =  [4.02160524 4.018124   4.01464253 4.01116085 4.00767893 4.0041968
 4.00071444 3.99723185 3.99374904 3.99026601 3.98678274 3.98329926
 3.97981554 3.9763316  3.97284743 3.96936304 3.96587841 3.96239356
 3.95890848 3.95542317 3.95193763 3.94845187 3.94496587 3.94147964
 3.93799319 3.9345065  3.93101958 3.92753243 3.92404505 3.92055743
 3.91706959 3.91358151 3.91009319 3.90660465 3.90311587 3.89962686
 3.89613761 3.89264813 3.88915841 3.88566846 3.88217827 3.87868785
 3.87519719 3.87170629 3.86821515 3.86472378 3.86123218 3.85774033
 3.85424824 3.85075592 3.84726336 3.84377056 3.84027752 3.83678424
 3.83329072 3.82979696 3.82630295 3.82280871 3.81931423 3.8158195
 3.81232453 3.80882932 3.80533387 3.80183817 3.79834223 3.79484604
 3.79134962 3.78785294 3.78435603 3.78085886 3.77736145 3.7738638
 3.7703659  3.76686776 3.76336936 3.75987072 3.75637184 3.7528727
 3.74937332 3.74587369 3.74237381 3.73887368 3.7353733  3.73187267
 3.7283718  3.72487067 3.72136929 3.71786766 3.71436578 3.71086365
 3.70736126 3.70385863 3.70035574 3.6968526  3.6933492  3.68984555
 3.68634165 3.6828375  3.67933309 3.67582842 3.6723235  3.66881832
 3.66531289 3.6618072  3.65830126 3.65479506 3.6512886  3.64778188
 3.64427491 3.64076768 3.63726019 3.63375244 3.63024443 3.62673617
 3.62322764 3.61971885 3.61620981 3.6127005  3.60919093 3.6056811
 3.60217101 3.59866066 3.59515004 3.59163916 3.58812802 3.58461662
 3.58110495 3.57759302 3.57408082 3.57056836 3.56705564 3.56354265
 3.56002939 3.55651587 3.55300208 3.54948803 3.54597371 3.54245912
 3.53894426 3.53542914 3.53191375 3.52839809 3.52488216 3.52136597
 3.5178495  3.51433276 3.51081576 3.50729848 3.50378093 3.50026312
 3.49674503 3.49322667 3.48970803 3.48618913 3.48266995 3.4791505
 3.47563078 3.47211078 3.46859051 3.46506997 3.46154915 3.45802805
 3.45450669 3.45098504 3.44746312 3.44394092 3.44041845 3.4368957
 3.43337268 3.42984937 3.42632579 3.42280193 3.41927779 3.41575338
 3.41222868 3.40870371 3.40517846 3.40165292 3.39812711 3.39460101
 3.39107464 3.38754798 3.38402104 3.38049382 3.37696632 3.37343854
 3.36991047 3.36638212 3.36285349 3.35932457 3.35579537 3.35226588
 3.34873611 3.34520606 3.34167572 3.33814509 3.33461418 3.33108298
 3.3275515  3.32401973 3.32048767 3.31695532 3.31342269 3.30988977
 3.30635656 3.30282306 3.29928927 3.29575519 3.29222083 3.28868617
 3.28515122 3.28161598 3.27808045 3.27454463 3.27100852 3.26747212
 3.26393542 3.26039843 3.25686115 3.25332358 3.24978571 3.24624755
 3.24270909 3.23917034 3.2356313  3.23209196 3.22855232 3.22501239
 3.22147216 3.21793164 3.21439082 3.2108497  3.20730829 3.20376658
 3.20022457 3.19668226 3.19313966 3.18959675 3.18605355 3.18251004
 3.17896624 3.17542214 3.17187774 3.16833303 3.16478803 3.16124272
 3.15769711 3.1541512  3.15060499 3.14705848 3.14351166 3.13996454
 3.13641712 3.13286939 3.12932136 3.12577303 3.12222439 3.11867544
 3.11512619 3.11157664 3.10802677 3.10447661 3.10092613 3.09737535
 3.09382426 3.09027287 3.08672116 3.08316915 3.07961683 3.07606421
 3.07251127 3.06895802 3.06540447 3.0618506  3.05829643 3.05474194
 3.05118714 3.04763203 3.04407661 3.04052088 3.03696484 3.03340849
 3.02985182 3.02629484 3.02273754 3.01917994 3.01562201 3.01206378
 3.00850523 3.00494637 3.00138719 2.99782769 2.99426788 2.99070776
 2.98714731 2.98358656 2.98002548 2.97646409 2.97290238 2.96934035
 2.96577801 2.96221534 2.95865236 2.95508906 2.95152544 2.9479615
 2.94439724 2.94083266 2.93726776 2.93370254 2.930137   2.92657114
 2.92300495 2.91943844 2.91587162 2.91230447 2.90873699 2.9051692
 2.90160108 2.89803263 2.89446387 2.89089478 2.88732536 2.88375562
 2.88018556 2.87661516 2.87304445 2.86947341 2.86590204 2.86233034
 2.85875832 2.85518597 2.8516133  2.84804029 2.84446696 2.8408933
 2.83731931 2.833745   2.83017035 2.82659537 2.82302007 2.81944443
 2.81586847 2.81229217 2.80871555 2.80513859 2.8015613  2.79798368
 2.79440573 2.79082744 2.78724882 2.78366987 2.78009059 2.77651097
 2.77293102 2.76935074 2.76577012 2.76218917 2.75860788 2.75502626
 2.7514443  2.74786201 2.74427938 2.74069641 2.73711311 2.73352947
 2.7299455  2.72636118 2.72277653 2.71919155 2.71560622 2.71202056
 2.70843455 2.70484821 2.70126153 2.69767451 2.69408715 2.69049945
 2.68691141 2.68332303 2.67973431 2.67614525 2.67255584 2.6689661
 2.66537601 2.66178558 2.65819481 2.6546037  2.65101224 2.64742044
 2.6438283  2.64023581 2.63664298 2.6330498  2.62945628 2.62586242
 2.62226821 2.61867365 2.61507875 2.61148351 2.60788791 2.60429197
 2.60069569 2.59709906 2.59350208 2.58990475 2.58630708 2.58270906
 2.57911069 2.57551197 2.5719129  2.56831349 2.56471372 2.56111361
 2.55751315 2.55391233 2.55031117 2.54670966 2.54310779 2.53950558
 2.53590301 2.53230009 2.52869683 2.5250932  2.52148923 2.51788491
 2.51428023 2.5106752  2.50706982 2.50346408 2.49985799 2.49625155
 2.49264475 2.4890376  2.48543009 2.48182223 2.47821401 2.47460544
 2.47099652 2.46738724 2.4637776  2.46016761 2.45655726 2.45294655
 2.44933549 2.44572407 2.44211229 2.43850015 2.43488766 2.43127481
 2.4276616  2.42404804 2.42043411 2.41681983 2.41320519 2.40959019
 2.40597483 2.40235911 2.39874303 2.39512659 2.39150978 2.38789262
 2.3842751  2.38065722 2.37703898 2.37342037 2.36980141 2.36618208
 2.36256239 2.35894234 2.35532192 2.35170115 2.34808001 2.34445851
 2.34083664 2.33721441 2.33359182 2.32996887 2.32634555 2.32272186
 2.31909782 2.3154734  2.31184863 2.30822349 2.30459798 2.30097211
 2.29734587 2.29371927 2.2900923  2.28646497 2.28283727 2.27920921
 2.27558077 2.27195198 2.26832281 2.26469328 2.26106338 2.25743311
 2.25380248 2.25017148 2.24654011 2.24290837 2.23927627 2.23564379
 2.23201095 2.22837774 2.22474416 2.22111022 2.2174759  2.21384121
 2.21020616 2.20657073 2.20293494 2.19929878 2.19566224 2.19202534
 2.18838807 2.18475043 2.18111241 2.17747403 2.17383527 2.17019615
 2.16655665 2.16291678 2.15927655 2.15563594 2.15199495 2.1483536
 2.14471188 2.14106978 2.13742732 2.13378448 2.13014126 2.12649768
 2.12285373 2.1192094  2.1155647  2.11191962 2.10827418 2.10462836
 2.10098217 2.09733561 2.09368867 2.09004136 2.08639368 2.08274562
 2.07909719 2.07544839 2.07179921 2.06814966 2.06449974 2.06084944
 2.05719877 2.05354773 2.04989631 2.04624452 2.04259235 2.03893982
 2.0352869  2.03163361 2.02797995 2.02432592 2.02067151 2.01701673
 2.01336157 2.00970604 2.00605013 2.00239385 1.9987372  1.99508017
 1.99142276 1.98776499 1.98410683 1.98044831 1.97678941 1.97313013
 1.96947049 1.96581046 1.96215007 1.9584893  1.95482815 1.95116663
 1.94750474 1.94384247 1.94017983 1.93651681 1.93285342 1.92918966
 1.92552552 1.92186101 1.91819612 1.91453087 1.91086523 1.90719923
 1.90353285 1.8998661  1.89619897 1.89253147 1.8888636  1.88519535
 1.88152673 1.87785774 1.87418838 1.87051864 1.86684854 1.86317805
 1.8595072  1.85583598 1.85216438 1.84849241 1.84482007 1.84114736
 1.83747427 1.83380082 1.83012699 1.82645279 1.82277823 1.81910329
 1.81542798 1.8117523  1.80807626 1.80439984 1.80072305 1.79704589
 1.79336837 1.78969047 1.78601221 1.78233358 1.77865458 1.77497521
 1.77129548 1.76761538 1.76393491 1.76025407 1.75657287 1.7528913
 1.74920937 1.74552707 1.7418444  1.73816137 1.73447797 1.73079422
 1.72711009 1.72342561 1.71974076 1.71605554 1.71236997 1.70868403
 1.70499773 1.70131107 1.69762405 1.69393666 1.69024892 1.68656082
 1.68287236 1.67918354 1.67549436 1.67180482 1.66811493 1.66442468
 1.66073407 1.65704311 1.65335179 1.64966011 1.64596808 1.6422757
 1.63858297 1.63488988 1.63119644 1.62750264 1.6238085  1.620114
 1.61641916 1.61272397 1.60902842 1.60533253 1.6016363  1.59793971
 1.59424278 1.59054551 1.58684789 1.58314992 1.57945162 1.57575297
 1.57205398 1.56835464 1.56465497 1.56095496 1.55725461 1.55355392
 1.5498529  1.54615153 1.54244984 1.53874781 1.53504544 1.53134275
 1.52763972 1.52393636 1.52023267 1.51652865 1.51282431 1.50911964
 1.50541464 1.50170932 1.49800367 1.4942977  1.49059141 1.4868848
 1.48317787 1.47947062 1.47576306 1.47205517 1.46834698 1.46463847
 1.46092965 1.45722051 1.45351107 1.44980132 1.44609126 1.4423809
 1.43867023 1.43495926 1.43124799 1.42753641 1.42382454 1.42011237
 1.41639991 1.41268715 1.4089741  1.40526075 1.40154712 1.3978332
 1.394119   1.3904045  1.38668973 1.38297468 1.37925934 1.37554373
 1.37182784 1.36811168 1.36439525 1.36067855 1.35696157 1.35324434
 1.34952683 1.34580907 1.34209105 1.33837276 1.33465423 1.33093544
 1.32721639 1.3234971  1.31977756 1.31605778 1.31233775 1.30861749
 1.30489698 1.30117625 1.29745528 1.29373408 1.29001265 1.286291
 1.28256913 1.27884703 1.27512472 1.2714022  1.26767947 1.26395653
 1.26023338 1.25651004 1.25278649 1.24906275 1.24533882 1.2416147
 1.23789039 1.2341659  1.23044123 1.22671639 1.22299137 1.21926618
 1.21554083 1.21181532 1.20808966 1.20436384 1.20063786 1.19691175
 1.19318549 1.1894591  1.18573257 1.18200591 1.17827913 1.17455223
 1.17082521 1.16709808 1.16337084 1.15964351 1.15591607 1.15218855
 1.14846094 1.14473324 1.14100547 1.13727763 1.13354972 1.12982175
 1.12609372 1.12236565 1.11863753 1.11490938 1.11118119 1.10745298
 1.10372475 1.0999965  1.09626825 1.09254    1.08881176 1.08508352
 1.08135531 1.07762713 1.07389898 1.07017087 1.06644282 1.06271482
 1.05898688 1.05525902 1.05153124 1.04780355 1.04407595 1.04034846
 1.03662109 1.03289384 1.02916673 1.02543975 1.02171293 1.01798627
 1.01425978 1.01053348 1.00680736 1.00308145 0.99935575 0.99563027
 0.99190503 0.98818003 0.9844553  0.98073083 0.97700664 0.97328275
 0.96955917 0.96583591 0.96211297 0.95839039 0.95466817 0.95094632
 0.94722485 0.9435038  0.93978316 0.93606295 0.9323432  0.9286239
 0.9249051  0.92118679 0.91746899 0.91375173 0.91003502 0.90631888
 0.90260333 0.89888839 0.89517407 0.8914604  0.8877474  0.88403509
 0.88032349 0.87661262 0.87290251 0.86919317 0.86548464 0.86177694
 0.85807009 0.85436411 0.85065904 0.8469549  0.84325172 0.83954953
 0.83584835 0.83214821 0.82844915 0.82332658 0.81962448 0.81592349
 0.81222364 0.80852496 0.80482748 0.80113124 0.79743628 0.79374263
 0.79005032 0.78635941 0.78266993 0.77898192 0.77529542 0.77161048
 0.76792714 0.76424545 0.76056545 0.7568872  0.75321075 0.74953614
 0.74586343 0.74219268 0.73852394 0.73485727 0.73119273 0.72753038
 0.72387029 0.72021252 0.71655714 0.71290423 0.70925385 0.70560607
 0.70196098 0.69831866 0.69467919 0.69104264 0.68740912 0.68377872
 0.68015151 0.67652762 0.67290713 0.66929014 0.66567678 0.66206714
 0.65846135 0.65485952 0.65126179 0.64766827 0.64407911 0.64049444
 0.63691441 0.63333917 0.62976886 0.62620367 0.62264374 0.61908927
 0.61554042 0.6119974  0.60846039 0.6049296  0.60140526 0.59788757
 0.59437678 0.59087312 0.58737686 0.58388825 0.58040757 0.57693512
 0.5734712  0.57001611 0.5665702  0.56313382 0.55970732 0.5562911
 0.55288554 0.54949108 0.54610816 0.54273724 0.53937881 0.5360334
 0.53270153 0.5293838  0.52608079 0.52279316 0.51952157 0.51626675
 0.51302944 0.50981045 0.50661062 0.50343086 0.50027213 0.49713544
 0.49402188 0.4909326  0.48786883 0.48483189 0.48182318 0.4788442
 0.47589658 0.47298204 0.47010243 0.46725976 0.46445619 0.46169403
 0.4589758  0.45630423 0.45368226 0.45111309 0.44860022 0.44614745
 0.44375894 0.44143924 0.43919335 0.43702676]
t =  [1.03603095e+09 1.03603099e+09 1.03603102e+09 1.03603106e+09
 1.03603110e+09 1.03603114e+09 1.03603117e+09 1.03603121e+09
 1.03603125e+09 1.03603128e+09 1.03603132e+09 1.03603136e+09
 1.03603139e+09 1.03603143e+09 1.03603147e+09 1.03603150e+09
 1.03603154e+09 1.03603158e+09 1.03603161e+09 1.03603165e+09
 1.03603169e+09 1.03603172e+09 1.03603176e+09 1.03603180e+09
 1.03603183e+09 1.03603187e+09 1.03603191e+09 1.03603194e+09
 1.03603198e+09 1.03603202e+09 1.03603205e+09 1.03603209e+09
 1.03603213e+09 1.03603216e+09 1.03603220e+09 1.03603224e+09
 1.03603227e+09 1.03603231e+09 1.03603235e+09 1.03603239e+09
 1.03603242e+09 1.03603246e+09 1.03603250e+09 1.03603253e+09
 1.03603257e+09 1.03603261e+09 1.03603264e+09 1.03603268e+09
 1.03603272e+09 1.03603275e+09 1.03603279e+09 1.03603283e+09
 1.03603286e+09 1.03603290e+09 1.03603294e+09 1.03603297e+09
 1.03603301e+09 1.03603305e+09 1.03603308e+09 1.03603312e+09
 1.03603316e+09 1.03603319e+09 1.03603323e+09 1.03603327e+09
 1.03603330e+09 1.03603334e+09 1.03603338e+09 1.03603341e+09
 1.03603345e+09 1.03603349e+09 1.03603353e+09 1.03603356e+09
 1.03603360e+09 1.03603364e+09 1.03603367e+09 1.03603371e+09
 1.03603375e+09 1.03603378e+09 1.03603382e+09 1.03603386e+09
 1.03603389e+09 1.03603393e+09 1.03603397e+09 1.03603400e+09
 1.03603404e+09 1.03603408e+09 1.03603411e+09 1.03603415e+09
 1.03603419e+09 1.03603422e+09 1.03603426e+09 1.03603430e+09
 1.03603433e+09 1.03603437e+09 1.03603441e+09 1.03603444e+09
 1.03603448e+09 1.03603452e+09 1.03603455e+09 1.03603459e+09
 1.03603463e+09 1.03603467e+09 1.03603470e+09 1.03603474e+09
 1.03603478e+09 1.03603481e+09 1.03603485e+09 1.03603489e+09
 1.03603492e+09 1.03603496e+09 1.03603500e+09 1.03603503e+09
 1.03603507e+09 1.03603511e+09 1.03603514e+09 1.03603518e+09
 1.03603522e+09 1.03603525e+09 1.03603529e+09 1.03603533e+09
 1.03603536e+09 1.03603540e+09 1.03603544e+09 1.03603547e+09
 1.03603551e+09 1.03603555e+09 1.03603558e+09 1.03603562e+09
 1.03603566e+09 1.03603569e+09 1.03603573e+09 1.03603577e+09
 1.03603581e+09 1.03603584e+09 1.03603588e+09 1.03603592e+09
 1.03603595e+09 1.03603599e+09 1.03603603e+09 1.03603606e+09
 1.03603610e+09 1.03603614e+09 1.03603617e+09 1.03603621e+09
 1.03603625e+09 1.03603628e+09 1.03603632e+09 1.03603636e+09
 1.03603639e+09 1.03603643e+09 1.03603647e+09 1.03603650e+09
 1.03603654e+09 1.03603658e+09 1.03603661e+09 1.03603665e+09
 1.03603669e+09 1.03603672e+09 1.03603676e+09 1.03603680e+09
 1.03603683e+09 1.03603687e+09 1.03603691e+09 1.03603694e+09
 1.03603698e+09 1.03603702e+09 1.03603706e+09 1.03603709e+09
 1.03603713e+09 1.03603717e+09 1.03603720e+09 1.03603724e+09
 1.03603728e+09 1.03603731e+09 1.03603735e+09 1.03603739e+09
 1.03603742e+09 1.03603746e+09 1.03603750e+09 1.03603753e+09
 1.03603757e+09 1.03603761e+09 1.03603764e+09 1.03603768e+09
 1.03603772e+09 1.03603775e+09 1.03603779e+09 1.03603783e+09
 1.03603786e+09 1.03603790e+09 1.03603794e+09 1.03603797e+09
 1.03603801e+09 1.03603805e+09 1.03603808e+09 1.03603812e+09
 1.03603816e+09 1.03603820e+09 1.03603823e+09 1.03603827e+09
 1.03603831e+09 1.03603834e+09 1.03603838e+09 1.03603842e+09
 1.03603845e+09 1.03603849e+09 1.03603853e+09 1.03603856e+09
 1.03603860e+09 1.03603864e+09 1.03603867e+09 1.03603871e+09
 1.03603875e+09 1.03603878e+09 1.03603882e+09 1.03603886e+09
 1.03603889e+09 1.03603893e+09 1.03603897e+09 1.03603900e+09
 1.03603904e+09 1.03603908e+09 1.03603911e+09 1.03603915e+09
 1.03603919e+09 1.03603922e+09 1.03603926e+09 1.03603930e+09
 1.03603934e+09 1.03603937e+09 1.03603941e+09 1.03603945e+09
 1.03603948e+09 1.03603952e+09 1.03603956e+09 1.03603959e+09
 1.03603963e+09 1.03603967e+09 1.03603970e+09 1.03603974e+09
 1.03603978e+09 1.03603981e+09 1.03603985e+09 1.03603989e+09
 1.03603992e+09 1.03603996e+09 1.03604000e+09 1.03604003e+09
 1.03604007e+09 1.03604011e+09 1.03604014e+09 1.03604018e+09
 1.03604022e+09 1.03604025e+09 1.03604029e+09 1.03604033e+09
 1.03604036e+09 1.03604040e+09 1.03604044e+09 1.03604048e+09
 1.03604051e+09 1.03604055e+09 1.03604059e+09 1.03604062e+09
 1.03604066e+09 1.03604070e+09 1.03604073e+09 1.03604077e+09
 1.03604081e+09 1.03604084e+09 1.03604088e+09 1.03604092e+09
 1.03604095e+09 1.03604099e+09 1.03604103e+09 1.03604106e+09
 1.03604110e+09 1.03604114e+09 1.03604117e+09 1.03604121e+09
 1.03604125e+09 1.03604128e+09 1.03604132e+09 1.03604136e+09
 1.03604139e+09 1.03604143e+09 1.03604147e+09 1.03604150e+09
 1.03604154e+09 1.03604158e+09 1.03604161e+09 1.03604165e+09
 1.03604169e+09 1.03604173e+09 1.03604176e+09 1.03604180e+09
 1.03604184e+09 1.03604187e+09 1.03604191e+09 1.03604195e+09
 1.03604198e+09 1.03604202e+09 1.03604206e+09 1.03604209e+09
 1.03604213e+09 1.03604217e+09 1.03604220e+09 1.03604224e+09
 1.03604228e+09 1.03604231e+09 1.03604235e+09 1.03604239e+09
 1.03604242e+09 1.03604246e+09 1.03604250e+09 1.03604253e+09
 1.03604257e+09 1.03604261e+09 1.03604264e+09 1.03604268e+09
 1.03604272e+09 1.03604275e+09 1.03604279e+09 1.03604283e+09
 1.03604287e+09 1.03604290e+09 1.03604294e+09 1.03604298e+09
 1.03604301e+09 1.03604305e+09 1.03604309e+09 1.03604312e+09
 1.03604316e+09 1.03604320e+09 1.03604323e+09 1.03604327e+09
 1.03604331e+09 1.03604334e+09 1.03604338e+09 1.03604342e+09
 1.03604345e+09 1.03604349e+09 1.03604353e+09 1.03604356e+09
 1.03604360e+09 1.03604364e+09 1.03604367e+09 1.03604371e+09
 1.03604375e+09 1.03604378e+09 1.03604382e+09 1.03604386e+09
 1.03604389e+09 1.03604393e+09 1.03604397e+09 1.03604401e+09
 1.03604404e+09 1.03604408e+09 1.03604412e+09 1.03604415e+09
 1.03604419e+09 1.03604423e+09 1.03604426e+09 1.03604430e+09
 1.03604434e+09 1.03604437e+09 1.03604441e+09 1.03604445e+09
 1.03604448e+09 1.03604452e+09 1.03604456e+09 1.03604459e+09
 1.03604463e+09 1.03604467e+09 1.03604470e+09 1.03604474e+09
 1.03604478e+09 1.03604481e+09 1.03604485e+09 1.03604489e+09
 1.03604492e+09 1.03604496e+09 1.03604500e+09 1.03604503e+09
 1.03604507e+09 1.03604511e+09 1.03604515e+09 1.03604518e+09
 1.03604522e+09 1.03604526e+09 1.03604529e+09 1.03604533e+09
 1.03604537e+09 1.03604540e+09 1.03604544e+09 1.03604548e+09
 1.03604551e+09 1.03604555e+09 1.03604559e+09 1.03604562e+09
 1.03604566e+09 1.03604570e+09 1.03604573e+09 1.03604577e+09
 1.03604581e+09 1.03604584e+09 1.03604588e+09 1.03604592e+09
 1.03604595e+09 1.03604599e+09 1.03604603e+09 1.03604606e+09
 1.03604610e+09 1.03604614e+09 1.03604617e+09 1.03604621e+09
 1.03604625e+09 1.03604629e+09 1.03604632e+09 1.03604636e+09
 1.03604640e+09 1.03604643e+09 1.03604647e+09 1.03604651e+09
 1.03604654e+09 1.03604658e+09 1.03604662e+09 1.03604665e+09
 1.03604669e+09 1.03604673e+09 1.03604676e+09 1.03604680e+09
 1.03604684e+09 1.03604687e+09 1.03604691e+09 1.03604695e+09
 1.03604698e+09 1.03604702e+09 1.03604706e+09 1.03604709e+09
 1.03604713e+09 1.03604717e+09 1.03604720e+09 1.03604724e+09
 1.03604728e+09 1.03604731e+09 1.03604735e+09 1.03604739e+09
 1.03604742e+09 1.03604746e+09 1.03604750e+09 1.03604754e+09
 1.03604757e+09 1.03604761e+09 1.03604765e+09 1.03604768e+09
 1.03604772e+09 1.03604776e+09 1.03604779e+09 1.03604783e+09
 1.03604787e+09 1.03604790e+09 1.03604794e+09 1.03604798e+09
 1.03604801e+09 1.03604805e+09 1.03604809e+09 1.03604812e+09
 1.03604816e+09 1.03604820e+09 1.03604823e+09 1.03604827e+09
 1.03604831e+09 1.03604834e+09 1.03604838e+09 1.03604842e+09
 1.03604845e+09 1.03604849e+09 1.03604853e+09 1.03604856e+09
 1.03604860e+09 1.03604864e+09 1.03604868e+09 1.03604871e+09
 1.03604875e+09 1.03604879e+09 1.03604882e+09 1.03604886e+09
 1.03604890e+09 1.03604893e+09 1.03604897e+09 1.03604901e+09
 1.03604904e+09 1.03604908e+09 1.03604912e+09 1.03604915e+09
 1.03604919e+09 1.03604923e+09 1.03604926e+09 1.03604930e+09
 1.03604934e+09 1.03604937e+09 1.03604941e+09 1.03604945e+09
 1.03604948e+09 1.03604952e+09 1.03604956e+09 1.03604959e+09
 1.03604963e+09 1.03604967e+09 1.03604970e+09 1.03604974e+09
 1.03604978e+09 1.03604982e+09 1.03604985e+09 1.03604989e+09
 1.03604993e+09 1.03604996e+09 1.03605000e+09 1.03605004e+09
 1.03605007e+09 1.03605011e+09 1.03605015e+09 1.03605018e+09
 1.03605022e+09 1.03605026e+09 1.03605029e+09 1.03605033e+09
 1.03605037e+09 1.03605040e+09 1.03605044e+09 1.03605048e+09
 1.03605051e+09 1.03605055e+09 1.03605059e+09 1.03605062e+09
 1.03605066e+09 1.03605070e+09 1.03605073e+09 1.03605077e+09
 1.03605081e+09 1.03605084e+09 1.03605088e+09 1.03605092e+09
 1.03605096e+09 1.03605099e+09 1.03605103e+09 1.03605107e+09
 1.03605110e+09 1.03605114e+09 1.03605118e+09 1.03605121e+09
 1.03605125e+09 1.03605129e+09 1.03605132e+09 1.03605136e+09
 1.03605140e+09 1.03605143e+09 1.03605147e+09 1.03605151e+09
 1.03605154e+09 1.03605158e+09 1.03605162e+09 1.03605165e+09
 1.03605169e+09 1.03605173e+09 1.03605176e+09 1.03605180e+09
 1.03605184e+09 1.03605187e+09 1.03605191e+09 1.03605195e+09
 1.03605198e+09 1.03605202e+09 1.03605206e+09 1.03605209e+09
 1.03605213e+09 1.03605217e+09 1.03605221e+09 1.03605224e+09
 1.03605228e+09 1.03605232e+09 1.03605235e+09 1.03605239e+09
 1.03605243e+09 1.03605246e+09 1.03605250e+09 1.03605254e+09
 1.03605257e+09 1.03605261e+09 1.03605265e+09 1.03605268e+09
 1.03605272e+09 1.03605276e+09 1.03605279e+09 1.03605283e+09
 1.03605287e+09 1.03605290e+09 1.03605294e+09 1.03605298e+09
 1.03605301e+09 1.03605305e+09 1.03605309e+09 1.03605312e+09
 1.03605316e+09 1.03605320e+09 1.03605323e+09 1.03605327e+09
 1.03605331e+09 1.03605335e+09 1.03605338e+09 1.03605342e+09
 1.03605346e+09 1.03605349e+09 1.03605353e+09 1.03605357e+09
 1.03605360e+09 1.03605364e+09 1.03605368e+09 1.03605371e+09
 1.03605375e+09 1.03605379e+09 1.03605382e+09 1.03605386e+09
 1.03605390e+09 1.03605393e+09 1.03605397e+09 1.03605401e+09
 1.03605404e+09 1.03605408e+09 1.03605412e+09 1.03605415e+09
 1.03605419e+09 1.03605423e+09 1.03605426e+09 1.03605430e+09
 1.03605434e+09 1.03605437e+09 1.03605441e+09 1.03605445e+09
 1.03605449e+09 1.03605452e+09 1.03605456e+09 1.03605460e+09
 1.03605463e+09 1.03605467e+09 1.03605471e+09 1.03605474e+09
 1.03605478e+09 1.03605482e+09 1.03605485e+09 1.03605489e+09
 1.03605493e+09 1.03605496e+09 1.03605500e+09 1.03605504e+09
 1.03605507e+09 1.03605511e+09 1.03605515e+09 1.03605518e+09
 1.03605522e+09 1.03605526e+09 1.03605529e+09 1.03605533e+09
 1.03605537e+09 1.03605540e+09 1.03605544e+09 1.03605548e+09
 1.03605551e+09 1.03605555e+09 1.03605559e+09 1.03605563e+09
 1.03605566e+09 1.03605570e+09 1.03605574e+09 1.03605577e+09
 1.03605581e+09 1.03605585e+09 1.03605588e+09 1.03605592e+09
 1.03605596e+09 1.03605599e+09 1.03605603e+09 1.03605607e+09
 1.03605610e+09 1.03605614e+09 1.03605618e+09 1.03605621e+09
 1.03605625e+09 1.03605629e+09 1.03605632e+09 1.03605636e+09
 1.03605640e+09 1.03605643e+09 1.03605647e+09 1.03605651e+09
 1.03605654e+09 1.03605658e+09 1.03605662e+09 1.03605665e+09
 1.03605669e+09 1.03605673e+09 1.03605676e+09 1.03605680e+09
 1.03605684e+09 1.03605688e+09 1.03605691e+09 1.03605695e+09
 1.03605699e+09 1.03605702e+09 1.03605706e+09 1.03605710e+09
 1.03605713e+09 1.03605717e+09 1.03605721e+09 1.03605724e+09
 1.03605728e+09 1.03605732e+09 1.03605735e+09 1.03605739e+09
 1.03605743e+09 1.03605746e+09 1.03605750e+09 1.03605754e+09
 1.03605757e+09 1.03605761e+09 1.03605765e+09 1.03605768e+09
 1.03605772e+09 1.03605776e+09 1.03605779e+09 1.03605783e+09
 1.03605787e+09 1.03605790e+09 1.03605794e+09 1.03605798e+09
 1.03605802e+09 1.03605805e+09 1.03605809e+09 1.03605813e+09
 1.03605816e+09 1.03605820e+09 1.03605824e+09 1.03605827e+09
 1.03605831e+09 1.03605835e+09 1.03605838e+09 1.03605842e+09
 1.03605846e+09 1.03605849e+09 1.03605853e+09 1.03605857e+09
 1.03605860e+09 1.03605864e+09 1.03605868e+09 1.03605871e+09
 1.03605875e+09 1.03605879e+09 1.03605882e+09 1.03605886e+09
 1.03605890e+09 1.03605893e+09 1.03605897e+09 1.03605901e+09
 1.03605904e+09 1.03605908e+09 1.03605912e+09 1.03605916e+09
 1.03605919e+09 1.03605923e+09 1.03605927e+09 1.03605930e+09
 1.03605934e+09 1.03605938e+09 1.03605941e+09 1.03605945e+09
 1.03605949e+09 1.03605952e+09 1.03605956e+09 1.03605960e+09
 1.03605963e+09 1.03605967e+09 1.03605971e+09 1.03605974e+09
 1.03605978e+09 1.03605982e+09 1.03605985e+09 1.03605989e+09
 1.03605993e+09 1.03605996e+09 1.03606000e+09 1.03606004e+09
 1.03606007e+09 1.03606011e+09 1.03606015e+09 1.03606018e+09
 1.03606022e+09 1.03606026e+09 1.03606030e+09 1.03606033e+09
 1.03606037e+09 1.03606041e+09 1.03606044e+09 1.03606048e+09
 1.03606052e+09 1.03606055e+09 1.03606059e+09 1.03606063e+09
 1.03606066e+09 1.03606070e+09 1.03606074e+09 1.03606077e+09
 1.03606081e+09 1.03606085e+09 1.03606088e+09 1.03606092e+09
 1.03606096e+09 1.03606099e+09 1.03606103e+09 1.03606107e+09
 1.03606110e+09 1.03606114e+09 1.03606118e+09 1.03606121e+09
 1.03606125e+09 1.03606129e+09 1.03606132e+09 1.03606136e+09
 1.03606140e+09 1.03606143e+09 1.03606147e+09 1.03606151e+09
 1.03606155e+09 1.03606158e+09 1.03606162e+09 1.03606166e+09
 1.03606169e+09 1.03606173e+09 1.03606177e+09 1.03606180e+09
 1.03606184e+09 1.03606188e+09 1.03606191e+09 1.03606195e+09
 1.03606199e+09 1.03606202e+09 1.03606206e+09 1.03606210e+09
 1.03606213e+09 1.03606217e+09 1.03606221e+09 1.03606224e+09
 1.03606228e+09 1.03606232e+09 1.03606235e+09 1.03606239e+09
 1.03606243e+09 1.03606246e+09 1.03606250e+09 1.03606254e+09
 1.03606257e+09 1.03606261e+09 1.03606265e+09 1.03606269e+09
 1.03606272e+09 1.03606276e+09 1.03606280e+09 1.03606283e+09
 1.03606287e+09 1.03606291e+09 1.03606294e+09 1.03606298e+09
 1.03606302e+09 1.03606305e+09 1.03606309e+09 1.03606313e+09
 1.03606316e+09 1.03606320e+09 1.03606324e+09 1.03606327e+09
 1.03606331e+09 1.03606335e+09 1.03606338e+09 1.03606342e+09
 1.03606346e+09 1.03606349e+09 1.03606353e+09 1.03606357e+09
 1.03606360e+09 1.03606364e+09 1.03606368e+09 1.03606371e+09
 1.03606375e+09 1.03606379e+09 1.03606383e+09 1.03606386e+09
 1.03606390e+09 1.03606394e+09 1.03606397e+09 1.03606401e+09
 1.03606405e+09 1.03606408e+09 1.03606412e+09 1.03606416e+09
 1.03606419e+09 1.03606423e+09 1.03606427e+09 1.03606430e+09
 1.03606434e+09 1.03606438e+09 1.03606441e+09 1.03606445e+09
 1.03606449e+09 1.03606452e+09 1.03606456e+09 1.03606460e+09
 1.03606463e+09 1.03606467e+09 1.03606471e+09 1.03606474e+09
 1.03606478e+09 1.03606482e+09 1.03606485e+09 1.03606489e+09
 1.03606493e+09 1.03606497e+09 1.03606500e+09 1.03606504e+09
 1.03606508e+09 1.03606511e+09 1.03606515e+09 1.03606519e+09
 1.03606522e+09 1.03606526e+09 1.03606530e+09 1.03606533e+09
 1.03606537e+09 1.03606541e+09 1.03606544e+09 1.03606548e+09
 1.03606552e+09 1.03606555e+09 1.03606559e+09 1.03606563e+09
 1.03606566e+09 1.03606570e+09 1.03606574e+09 1.03606577e+09
 1.03606581e+09 1.03606585e+09 1.03606588e+09 1.03606592e+09
 1.03606596e+09 1.03606599e+09 1.03606603e+09 1.03606607e+09
 1.03606610e+09 1.03606614e+09 1.03606618e+09 1.03606622e+09
 1.03606625e+09 1.03606629e+09 1.03606633e+09 1.03606636e+09
 1.03606640e+09 1.03606644e+09 1.03606647e+09 1.03606651e+09
 1.03606655e+09 1.03606658e+09 1.03606662e+09 1.03606666e+09
 1.03606669e+09 1.03606673e+09 1.03606677e+09 1.03606680e+09
 1.03606684e+09 1.03606688e+09 1.03606691e+09 1.03606695e+09
 1.03606699e+09 1.03606702e+09 1.03606706e+09 1.03606710e+09
 1.03606713e+09 1.03606717e+09 1.03606721e+09 1.03606724e+09
 1.03606728e+09 1.03606732e+09 1.03606736e+09 1.03606739e+09
 1.03606743e+09 1.03606747e+09 1.03606750e+09 1.03606754e+09
 1.03606758e+09 1.03606761e+09 1.03606765e+09 1.03606769e+09]
minRes = 0.43702676206981206
minResTime =  [1.03606769e+09]
