name =JUICE_ROI_CAL_3_0_03
flyby =  ['2033 APR 06 23:29:30', '2033 APR 07 23:29:30']
Observation TW =  <SpiceCell dtype = 1, length = 0, size = 2600, card = 6, is_set = 1, adjust = 0, init = 1, base = 2554795575104, data = 2554795575152>
Res(t) =  [0.86108868 0.86144768 0.86180672 0.86216577 0.86252485 0.86288396
 0.86324309 0.86360225 0.86396143 0.86432064 0.86467986 0.86503912
 0.8653984  0.8657577  0.86611703 0.86647638 0.86683576 0.86719516
 0.86755458 0.86791403 0.8682735  0.86863299 0.86899251 0.86935206
 0.86971163 0.87007122 0.87043083 0.87079047 0.87115013 0.87150982
 0.87186952 0.87222926 0.87258901 0.87294879 0.87330859 0.87366841
 0.87402826 0.87438813 0.87474803 0.87510794 0.87546788 0.87582785
 0.87618783 0.87654784 0.87690787 0.87726792 0.877628   0.8779881
 0.87834822 0.87870836 0.87906852 0.87942871 0.87978892 0.88014915
 0.88050941 0.88086968 0.88122998 0.8815903  0.88195065 0.88231101
 0.8826714  0.8830318  0.88339223 0.88375268 0.88411316 0.88447365
 0.88483417 0.88519471 0.88555526 0.88591584 0.88627645 0.88663707
 0.88699771 0.88735838 0.88771907 0.88807977 0.8884405  0.88880125
 0.88916202 0.88952281 0.88988363 0.89024446 0.89060531 0.89096619
 0.89132708 0.891688   0.89204894 0.89240989 0.89277087 0.89313187
 0.89349289 0.89385393 0.89421499 0.89457607 0.89493717 0.89529829
 0.89565943 0.89602059 0.89638177 0.89674297 0.89710419 0.89746543
 0.89782669 0.89818797 0.89854927 0.89891058 0.89927192 0.89963328
 0.89999466 0.90035606 0.90071747 0.90107891 0.90144037 0.90180184
 0.90216334 0.90252485 0.90288638 0.90324794 0.90360951 0.9039711
 0.90433271 0.90469433 0.90505598 0.90541765 0.90577933 0.90614104
 0.90650276 0.9068645  0.90722626 0.90758804 0.90794984 0.90831166
 0.90867349 0.90903534 0.90939722 0.90975911 0.91012102 0.91048294
 0.91084489 0.91120685 0.91156883 0.91193083 0.91229285 0.91265489
 0.91301694 0.91337901 0.9137411  0.91410321 0.91446534 0.91482748
 0.91518964 0.91555182 0.91591402 0.91627624 0.91663847 0.91700072
 0.91736299 0.91772527 0.91808757 0.9184499  0.91881223 0.91917459
 0.91953696 0.91989935 0.92026176 0.92062418 0.92098662 0.92134908
 0.92171156 0.92207405 0.92243656 0.92279909 0.92316163 0.92352419
 0.92388677 0.92424936 0.92461198 0.9249746  0.92533725 0.92569991
 0.92606259 0.92642528 0.92678799 0.92715072 0.92751347 0.92787623
 0.928239   0.9286018  0.92896461 0.92932744 0.92969028 0.93005314
 0.93041601 0.9307789  0.93114181 0.93150474 0.93186768 0.93223063
 0.9325936  0.93295659 0.93331959 0.93368261 0.93404565 0.9344087
 0.93477177 0.93513485 0.93549795 0.93586106 0.93622419 0.93658734
 0.9369505  0.93731368 0.93767687 0.93804008 0.9384033  0.93876654
 0.93912979 0.93949306 0.93985635 0.94021965 0.94058296 0.94094629
 0.94130964 0.941673   0.94203638 0.94239977 0.94276317 0.9431266
 0.94349003 0.94385348 0.94421695 0.94458043 0.94494393 0.94530744
 0.94567096 0.9460345  0.94639806 0.94676163 0.94712521 0.94748881
 0.94785242 0.94821605 0.94857969 0.94894335 0.94930702 0.94967071
 0.95003441 0.95039812 0.95076185 0.95112559 0.95148935 0.95185312
 0.95221691 0.95258071 0.95294452 0.95330835 0.95367219 0.95403605
 0.95439992 0.95476381 0.9551277  0.95549162 0.95585554 0.95621948
 0.95658344 0.95694741 0.95731139 0.95767538 0.95803939 0.95840342
 0.95876745 0.9591315  0.95949557 0.95985964 0.96022373 0.96058784
 0.96095196 0.96131609 0.96168023 0.96204439 0.96240856 0.96277275
 0.96313695 0.96350116 0.96386538 0.96422962 0.96459387 0.96495813
 0.96532241 0.9656867  0.96605101 0.96641532 0.96677965 0.967144
 0.96750835 0.96787272 0.9682371  0.9686015  0.9689659  0.96933032
 0.96969476 0.9700592  0.97042366 0.97078813 0.97115261 0.97151711
 0.97188162 0.97224614 0.97261068 0.97297522 0.97333978 0.97370435
 0.97406894 0.97443353 0.97479814 0.97516276 0.9755274  0.97589204
 0.9762567  0.97662137 0.97698606 0.97735075 0.97771546 0.97808018
 0.97844491 0.97880965 0.97917441 0.97953918 0.97990396 0.98026875
 0.98063355 0.98099837 0.9813632  0.98172803 0.98209289 0.98245775
 0.98282262 0.98318751 0.98355241 0.98391732 0.98428224 0.98464718
 0.98501212 0.98537708 0.98574205 0.98610703 0.98647202 0.98683703
 0.98720204 0.98756707 0.9879321  0.98829715 0.98866222 0.98902729
 0.98939237 0.98975747 0.99012257 0.99048769 0.99085282 0.99121796
 0.99158311 0.99194827 0.99231345 0.99267863 0.99304383 0.99340903
 0.99377425 0.99413948 0.99450472 0.99486997 0.99523524 0.99560051
 0.99596579 0.99633109 0.99669639 0.99706171 0.99742704 0.99779238
 0.99815773 0.99852309 0.99888846 0.99925384 0.99961923 0.99998463
 1.00035005 1.00071547 1.00108091 1.00144635 1.00181181 1.00217727
 1.00254275 1.00290824 1.00327374 1.00363924 1.00400476 1.00437029
 1.00473583 1.00510138 1.00546694 1.00583251 1.00619809 1.00656368
 1.00692928 1.00729489 1.00766052 1.00802615 1.00839179 1.00875744
 1.0091231  1.00948878 1.00985446 1.01022015 1.01058585 1.01095157
 1.01131729 1.01168302 1.01204876 1.01241451 1.01278028 1.01314605
 1.01351183 1.01387762 1.01424342 1.01460923 1.01497505 1.01534089
 1.01570673 1.01607258 1.01643844 1.0168043  1.01717018 1.01753607
 1.01790197 1.01826788 1.0186338  1.01899972 1.01936566 1.0197316
 1.02009756 1.02046352 1.0208295  1.02119548 1.02156147 1.02192748
 1.02229349 1.02265951 1.02302554 1.02339158 1.02375763 1.02412368
 1.02448975 1.02485583 1.02522191 1.02558801 1.02595411 1.02632022
 1.02668635 1.02705248 1.02741862 1.02778477 1.02815093 1.02851709
 1.02888327 1.02924945 1.02961565 1.02998185 1.03034806 1.03071428
 1.03108051 1.03144675 1.031813   1.03217925 1.03254552 1.03291179
 1.03327808 1.03364437 1.03401067 1.03437697 1.03474329 1.03510962
 1.03547595 1.03584229 1.03620865 1.03657501 1.03694138 1.03730775
 1.03767414 1.03804053 1.03840693 1.03877335 1.03913977 1.03950619
 1.03987263 1.04023908 1.04060553 1.04097199 1.04133846 1.04170494
 1.04207142 1.04243792 1.04280442 1.04317093 1.04353745 1.04390398
 1.04427052 1.04463706 1.04500361 1.04537017 1.04573674 1.04610332
 1.0464699  1.04683649 1.0472031  1.0475697  1.05372124 1.05408713
 1.05445302 1.05481893 1.05518484 1.05555076 1.05591669 1.05628263
 1.05664857 1.05701453 1.05738049 1.05774646 1.05811244 1.05847843
 1.05884443 1.05921044 1.05957645 1.05994247 1.0603085  1.06067454
 1.06104059 1.06140665 1.06177271 1.06213878 1.06250486 1.06287095
 1.06323705 1.06360315 1.06396927 1.06433539 1.06470152 1.06506765
 1.0654338  1.06579995 1.06616612 1.06653228 1.06689846 1.06726465
 1.06763084 1.06799704 1.06836325 1.06872947 1.0690957  1.06946193
 1.06982817 1.07019442 1.07056068 1.07092695 1.07129322 1.0716595
 1.07202579 1.07239208 1.07275839 1.0731247  1.07349102 1.07385735
 1.07422368 1.07459002 1.07495637 1.07532273 1.0756891  1.07605547
 1.07642185 1.07678824 1.07715463 1.07752104 1.07788745 1.07825387
 1.07862029 1.07898673 1.07935317 1.07971962 1.08008607 1.08045253
 1.080819   1.08118548 1.08155197 1.08191846 1.08228496 1.08265147
 1.08301798 1.0833845  1.08375103 1.08411757 1.08448411 1.08485066
 1.08521722 1.08558379 1.08595036 1.08631694 1.08668352 1.08705012
 1.08741672 1.08778333 1.08814994 1.08851656 1.08888319 1.08924983
 1.08961647 1.08998312 1.09034978 1.09071644 1.09108311 1.09144979
 1.09181647 1.09218317 1.09254986 1.09291657 1.09328328 1.09365
 1.09401673 1.09438346 1.0947502  1.09511694 1.0954837  1.09585046
 1.09621722 1.096584   1.09695078 1.09731756 1.09768436 1.09805116
 1.09841796 1.09878478 1.0991516  1.09951842 1.09988526 1.1002521
 1.10061894 1.10098579 1.10135265 1.10171952 1.10208639 1.10245327
 1.10282016 1.10318705 1.10355395 1.10392085 1.10428776 1.10465468
 1.1050216  1.10538853 1.10575547 1.10612241 1.10648936 1.10685632
 1.10722328 1.10759025 1.10795722 1.1083242  1.10869119 1.10905818
 1.10942518 1.10979218 1.1101592  1.11052621 1.11089324 1.11126027
 1.1116273  1.11199435 1.1123614  1.11272845 1.11309551 1.11346258
 1.11382965 1.11419673 1.11456381 1.1149309  1.115298   1.1156651
 1.11603221 1.11639933 1.11676645 1.11713357 1.11750071 1.11786784
 1.11823499 1.11860214 1.11896929 1.11933646 1.11970362 1.1200708
 1.12043798 1.12080516 1.12117235 1.12153955 1.12190675 1.12227396
 1.12264117 1.12300839 1.12337562 1.12374285 1.12411008 1.12447733
 1.12484457 1.12521183 1.12557909 1.12594635 1.12631362 1.1266809
 1.12704818 1.12741547 1.12778276 1.12815006 1.12851736 1.12888467
 1.12925199 1.12961931 1.12998663 1.13035396 1.1307213  1.13108864
 1.13145599 1.13182334 1.1321907  1.13255806 1.13292543 1.13329281
 1.13366018 1.13402757 1.13439496 1.13476236 1.13512976 1.13549716
 1.13586457 1.13623199 1.13659941 1.13696684 1.13733427 1.13770171
 1.13806915 1.1384366  1.13880405 1.13917151 1.13953898 1.13990644
 1.14027392 1.1406414  1.14100888 1.14137637 1.14174386 1.14211136
 1.14247887 1.14284638 1.14321389 1.14358141 1.14394893 1.14431646
 1.144684   1.14505154 1.14541908 1.14578663 1.14615418 1.14652174
 1.14688931 1.14725688 1.14762445 1.14799203 1.14835961 1.1487272
 1.14909479 1.14946239 1.14982999 1.1501976  1.15056521 1.15093283
 1.15130045 1.15166808 1.15203571 1.15240335 1.15277099 1.15313863
 1.15350628 1.15387394 1.1542416  1.15460926 1.15497693 1.15534461
 1.15571229 1.15607997 1.15644766 1.15681535 1.15718305 1.15755075
 1.15791845 1.15828616 1.15865388 1.1590216  1.15938932 1.15975705
 1.16012478 1.16049252 1.16086026 1.16122801 1.16159576 1.16196352
 1.16233128 1.16269904 1.16306681 1.16343458 1.16380236 1.16417014
 1.16453793 1.16490572 1.16527352 1.16564132 1.16600912 1.16637693
 1.16674474 1.16711256 1.16748038 1.1678482  1.16821603 1.16858387
 1.16895171 1.16931955 1.1696874  1.17005525 1.1704231  1.17079096
 1.17115882 1.17152669 1.17189456 1.17226244 1.17263032 1.1729982
 1.17336609 1.17373399 1.17410188 1.17446978 1.17483769 1.1752056
 1.17557351 1.17594143 1.17630935 1.17667727 1.1770452  1.17741314
 1.17778107 1.17814901 1.17851696 1.17888491 1.17925286 1.17962082
 1.17998878 1.18035674 1.18072471 1.18109269 1.18146066 1.18182864
 1.18219663 1.18256462 1.18293261 1.18330061 1.1836686  1.18403661
 1.18440462 1.18477263 1.18514064 1.18550866 1.18587669 1.18624471
 1.18661274 1.18698078 1.18734881 1.18771686 1.1880849  1.18845295
 1.188821   1.18918906 1.18955712 1.18992518 1.19029325 1.19066132
 1.1910294  1.19139748 1.19176556 1.19213364 1.19250173 1.19286983
 1.19323792 1.19360602 1.19397413 1.19434224 1.19471035 1.19507846
 1.19544658 1.1958147  1.19618283 1.19655095 1.19691909 1.19728722
 1.19765536 1.1980235  1.19839165 1.1987598  1.19912795 1.19949611
 1.19986427 1.20023243 1.2006006  1.20096877 1.20133694 1.20170512
 1.2020733  1.20244148 1.20280967 1.20317786 1.20354606 1.20391425
 1.20428245 1.20465066 1.20501886 1.20538707 1.20575529 1.20612351
 1.20649173 1.20685995 1.20722818 1.20759641 1.20796464 1.20833288
 1.20870112 1.20906936 1.2094376  1.20980585 1.21017411 1.21054236
 1.21091062 1.21127888 1.21164715 1.21201542 1.21238369 1.21275196
 1.21312024 1.21348852 1.21385681 1.21422509 1.21459338 1.21496168
 1.21532997 1.21569827 1.21606657 1.21643488 1.21680319 1.2171715
 1.21753981 1.21790813 1.21827645 1.21864478 1.2190131  1.21938143
 1.21974976 1.2201181  1.22048644 1.22085478 1.22122312 1.22159147
 1.22195982 1.22232817 1.22269653 1.22306489 1.22343325 1.22380162
 1.22416998 1.22453835 1.22490673 1.2252751  1.22564348 1.22601186
 1.22638025 1.22674863 1.22711702 1.22748542 1.22785381 1.22822221
 1.22859061 1.22895902 1.22932742 1.22969583 1.23006425 1.23043266
 1.23080108 1.2311695  1.23153792 1.23190635]
t =  [1.04976382e+09 1.04976382e+09 1.04976382e+09 1.04976383e+09
 1.04976383e+09 1.04976383e+09 1.04976384e+09 1.04976384e+09
 1.04976384e+09 1.04976385e+09 1.04976385e+09 1.04976385e+09
 1.04976385e+09 1.04976386e+09 1.04976386e+09 1.04976386e+09
 1.04976387e+09 1.04976387e+09 1.04976387e+09 1.04976387e+09
 1.04976388e+09 1.04976388e+09 1.04976388e+09 1.04976389e+09
 1.04976389e+09 1.04976389e+09 1.04976389e+09 1.04976390e+09
 1.04976390e+09 1.04976390e+09 1.04976391e+09 1.04976391e+09
 1.04976391e+09 1.04976391e+09 1.04976392e+09 1.04976392e+09
 1.04976392e+09 1.04976393e+09 1.04976393e+09 1.04976393e+09
 1.04976393e+09 1.04976394e+09 1.04976394e+09 1.04976394e+09
 1.04976395e+09 1.04976395e+09 1.04976395e+09 1.04976395e+09
 1.04976396e+09 1.04976396e+09 1.04976396e+09 1.04976397e+09
 1.04976397e+09 1.04976397e+09 1.04976397e+09 1.04976398e+09
 1.04976398e+09 1.04976398e+09 1.04976399e+09 1.04976399e+09
 1.04976399e+09 1.04976400e+09 1.04976400e+09 1.04976400e+09
 1.04976400e+09 1.04976401e+09 1.04976401e+09 1.04976401e+09
 1.04976402e+09 1.04976402e+09 1.04976402e+09 1.04976402e+09
 1.04976403e+09 1.04976403e+09 1.04976403e+09 1.04976404e+09
 1.04976404e+09 1.04976404e+09 1.04976404e+09 1.04976405e+09
 1.04976405e+09 1.04976405e+09 1.04976406e+09 1.04976406e+09
 1.04976406e+09 1.04976406e+09 1.04976407e+09 1.04976407e+09
 1.04976407e+09 1.04976408e+09 1.04976408e+09 1.04976408e+09
 1.04976408e+09 1.04976409e+09 1.04976409e+09 1.04976409e+09
 1.04976410e+09 1.04976410e+09 1.04976410e+09 1.04976410e+09
 1.04976411e+09 1.04976411e+09 1.04976411e+09 1.04976412e+09
 1.04976412e+09 1.04976412e+09 1.04976412e+09 1.04976413e+09
 1.04976413e+09 1.04976413e+09 1.04976414e+09 1.04976414e+09
 1.04976414e+09 1.04976414e+09 1.04976415e+09 1.04976415e+09
 1.04976415e+09 1.04976416e+09 1.04976416e+09 1.04976416e+09
 1.04976417e+09 1.04976417e+09 1.04976417e+09 1.04976417e+09
 1.04976418e+09 1.04976418e+09 1.04976418e+09 1.04976419e+09
 1.04976419e+09 1.04976419e+09 1.04976419e+09 1.04976420e+09
 1.04976420e+09 1.04976420e+09 1.04976421e+09 1.04976421e+09
 1.04976421e+09 1.04976421e+09 1.04976422e+09 1.04976422e+09
 1.04976422e+09 1.04976423e+09 1.04976423e+09 1.04976423e+09
 1.04976423e+09 1.04976424e+09 1.04976424e+09 1.04976424e+09
 1.04976425e+09 1.04976425e+09 1.04976425e+09 1.04976425e+09
 1.04976426e+09 1.04976426e+09 1.04976426e+09 1.04976427e+09
 1.04976427e+09 1.04976427e+09 1.04976427e+09 1.04976428e+09
 1.04976428e+09 1.04976428e+09 1.04976429e+09 1.04976429e+09
 1.04976429e+09 1.04976429e+09 1.04976430e+09 1.04976430e+09
 1.04976430e+09 1.04976431e+09 1.04976431e+09 1.04976431e+09
 1.04976432e+09 1.04976432e+09 1.04976432e+09 1.04976432e+09
 1.04976433e+09 1.04976433e+09 1.04976433e+09 1.04976434e+09
 1.04976434e+09 1.04976434e+09 1.04976434e+09 1.04976435e+09
 1.04976435e+09 1.04976435e+09 1.04976436e+09 1.04976436e+09
 1.04976436e+09 1.04976436e+09 1.04976437e+09 1.04976437e+09
 1.04976437e+09 1.04976438e+09 1.04976438e+09 1.04976438e+09
 1.04976438e+09 1.04976439e+09 1.04976439e+09 1.04976439e+09
 1.04976440e+09 1.04976440e+09 1.04976440e+09 1.04976440e+09
 1.04976441e+09 1.04976441e+09 1.04976441e+09 1.04976442e+09
 1.04976442e+09 1.04976442e+09 1.04976442e+09 1.04976443e+09
 1.04976443e+09 1.04976443e+09 1.04976444e+09 1.04976444e+09
 1.04976444e+09 1.04976444e+09 1.04976445e+09 1.04976445e+09
 1.04976445e+09 1.04976446e+09 1.04976446e+09 1.04976446e+09
 1.04976446e+09 1.04976447e+09 1.04976447e+09 1.04976447e+09
 1.04976448e+09 1.04976448e+09 1.04976448e+09 1.04976449e+09
 1.04976449e+09 1.04976449e+09 1.04976449e+09 1.04976450e+09
 1.04976450e+09 1.04976450e+09 1.04976451e+09 1.04976451e+09
 1.04976451e+09 1.04976451e+09 1.04976452e+09 1.04976452e+09
 1.04976452e+09 1.04976453e+09 1.04976453e+09 1.04976453e+09
 1.04976453e+09 1.04976454e+09 1.04976454e+09 1.04976454e+09
 1.04976455e+09 1.04976455e+09 1.04976455e+09 1.04976455e+09
 1.04976456e+09 1.04976456e+09 1.04976456e+09 1.04976457e+09
 1.04976457e+09 1.04976457e+09 1.04976457e+09 1.04976458e+09
 1.04976458e+09 1.04976458e+09 1.04976459e+09 1.04976459e+09
 1.04976459e+09 1.04976459e+09 1.04976460e+09 1.04976460e+09
 1.04976460e+09 1.04976461e+09 1.04976461e+09 1.04976461e+09
 1.04976461e+09 1.04976462e+09 1.04976462e+09 1.04976462e+09
 1.04976463e+09 1.04976463e+09 1.04976463e+09 1.04976464e+09
 1.04976464e+09 1.04976464e+09 1.04976464e+09 1.04976465e+09
 1.04976465e+09 1.04976465e+09 1.04976466e+09 1.04976466e+09
 1.04976466e+09 1.04976466e+09 1.04976467e+09 1.04976467e+09
 1.04976467e+09 1.04976468e+09 1.04976468e+09 1.04976468e+09
 1.04976468e+09 1.04976469e+09 1.04976469e+09 1.04976469e+09
 1.04976470e+09 1.04976470e+09 1.04976470e+09 1.04976470e+09
 1.04976471e+09 1.04976471e+09 1.04976471e+09 1.04976472e+09
 1.04976472e+09 1.04976472e+09 1.04976472e+09 1.04976473e+09
 1.04976473e+09 1.04976473e+09 1.04976474e+09 1.04976474e+09
 1.04976474e+09 1.04976474e+09 1.04976475e+09 1.04976475e+09
 1.04976475e+09 1.04976476e+09 1.04976476e+09 1.04976476e+09
 1.04976476e+09 1.04976477e+09 1.04976477e+09 1.04976477e+09
 1.04976478e+09 1.04976478e+09 1.04976478e+09 1.04976478e+09
 1.04976479e+09 1.04976479e+09 1.04976479e+09 1.04976480e+09
 1.04976480e+09 1.04976480e+09 1.04976481e+09 1.04976481e+09
 1.04976481e+09 1.04976481e+09 1.04976482e+09 1.04976482e+09
 1.04976482e+09 1.04976483e+09 1.04976483e+09 1.04976483e+09
 1.04976483e+09 1.04976484e+09 1.04976484e+09 1.04976484e+09
 1.04976485e+09 1.04976485e+09 1.04976485e+09 1.04976485e+09
 1.04976486e+09 1.04976486e+09 1.04976486e+09 1.04976487e+09
 1.04976487e+09 1.04976487e+09 1.04976487e+09 1.04976488e+09
 1.04976488e+09 1.04976488e+09 1.04976489e+09 1.04976489e+09
 1.04976489e+09 1.04976489e+09 1.04976490e+09 1.04976490e+09
 1.04976490e+09 1.04976491e+09 1.04976491e+09 1.04976491e+09
 1.04976491e+09 1.04976492e+09 1.04976492e+09 1.04976492e+09
 1.04976493e+09 1.04976493e+09 1.04976493e+09 1.04976493e+09
 1.04976494e+09 1.04976494e+09 1.04976494e+09 1.04976495e+09
 1.04976495e+09 1.04976495e+09 1.04976496e+09 1.04976496e+09
 1.04976496e+09 1.04976496e+09 1.04976497e+09 1.04976497e+09
 1.04976497e+09 1.04976498e+09 1.04976498e+09 1.04976498e+09
 1.04976498e+09 1.04976499e+09 1.04976499e+09 1.04976499e+09
 1.04976500e+09 1.04976500e+09 1.04976500e+09 1.04976500e+09
 1.04976501e+09 1.04976501e+09 1.04976501e+09 1.04976502e+09
 1.04976502e+09 1.04976502e+09 1.04976502e+09 1.04976503e+09
 1.04976503e+09 1.04976503e+09 1.04976504e+09 1.04976504e+09
 1.04976504e+09 1.04976504e+09 1.04976505e+09 1.04976505e+09
 1.04976505e+09 1.04976506e+09 1.04976506e+09 1.04976506e+09
 1.04976506e+09 1.04976507e+09 1.04976507e+09 1.04976507e+09
 1.04976508e+09 1.04976508e+09 1.04976508e+09 1.04976508e+09
 1.04976509e+09 1.04976509e+09 1.04976509e+09 1.04976510e+09
 1.04976510e+09 1.04976510e+09 1.04976510e+09 1.04976511e+09
 1.04976511e+09 1.04976511e+09 1.04976512e+09 1.04976512e+09
 1.04976512e+09 1.04976513e+09 1.04976513e+09 1.04976513e+09
 1.04976513e+09 1.04976514e+09 1.04976514e+09 1.04976514e+09
 1.04976515e+09 1.04976515e+09 1.04976515e+09 1.04976515e+09
 1.04976516e+09 1.04976516e+09 1.04976516e+09 1.04976517e+09
 1.04976517e+09 1.04976517e+09 1.04976517e+09 1.04976518e+09
 1.04976518e+09 1.04976518e+09 1.04976519e+09 1.04976519e+09
 1.04976519e+09 1.04976519e+09 1.04976520e+09 1.04976520e+09
 1.04976520e+09 1.04976521e+09 1.04976521e+09 1.04976521e+09
 1.04976521e+09 1.04976522e+09 1.04976522e+09 1.04976522e+09
 1.04976523e+09 1.04976523e+09 1.04976523e+09 1.04976523e+09
 1.04976524e+09 1.04976524e+09 1.04976524e+09 1.04976525e+09
 1.04976525e+09 1.04976525e+09 1.04976525e+09 1.04976526e+09
 1.04976526e+09 1.04976526e+09 1.04976527e+09 1.04976527e+09
 1.04976527e+09 1.04976528e+09 1.04976528e+09 1.04976528e+09
 1.04976528e+09 1.04976529e+09 1.04976529e+09 1.04976529e+09
 1.04976530e+09 1.04976530e+09 1.04976530e+09 1.04976530e+09
 1.04976531e+09 1.04976531e+09 1.04976531e+09 1.04976532e+09
 1.04976532e+09 1.04976532e+09 1.04976532e+09 1.04976533e+09
 1.04976533e+09 1.04976533e+09 1.04976534e+09 1.04976534e+09
 1.04976534e+09 1.04976534e+09 1.04976535e+09 1.04976535e+09
 1.04976535e+09 1.04976536e+09 1.04976536e+09 1.04976536e+09
 1.04976536e+09 1.04976537e+09 1.04976537e+09 1.04976537e+09
 1.04976538e+09 1.04976538e+09 1.04976538e+09 1.04976538e+09
 1.04976539e+09 1.04976539e+09 1.04976539e+09 1.04976540e+09
 1.04976540e+09 1.04976540e+09 1.04976540e+09 1.04976541e+09
 1.04976541e+09 1.04976541e+09 1.04976542e+09 1.04976542e+09
 1.04976542e+09 1.04976542e+09 1.04976543e+09 1.04976543e+09
 1.04976543e+09 1.04976544e+09 1.04976544e+09 1.04976544e+09
 1.04976545e+09 1.04976545e+09 1.04976545e+09 1.04976545e+09
 1.04976546e+09 1.04976546e+09 1.04976546e+09 1.04976547e+09
 1.04976547e+09 1.04976547e+09 1.04976547e+09 1.04976548e+09
 1.04976548e+09 1.04976548e+09 1.04976549e+09 1.04976549e+09
 1.04976549e+09 1.04976549e+09 1.04976550e+09 1.04976550e+09
 1.04976550e+09 1.04976551e+09 1.04976551e+09 1.04976551e+09
 1.04976551e+09 1.04976552e+09 1.04976552e+09 1.04976552e+09
 1.04976553e+09 1.04976553e+09 1.04976553e+09 1.04976553e+09
 1.04976554e+09 1.04976554e+09 1.04976554e+09 1.04976555e+09
 1.04976555e+09 1.04976555e+09 1.04976555e+09 1.04976556e+09
 1.04976556e+09 1.04976556e+09 1.04976557e+09 1.04976557e+09
 1.04976557e+09 1.04976557e+09 1.04976558e+09 1.04976558e+09
 1.04976558e+09 1.04976559e+09 1.04976559e+09 1.04976559e+09
 1.04976560e+09 1.04976560e+09 1.04976560e+09 1.04976560e+09
 1.04976561e+09 1.04976561e+09 1.04976561e+09 1.04976562e+09
 1.04976562e+09 1.04976562e+09 1.04976562e+09 1.04976563e+09
 1.04976563e+09 1.04976563e+09 1.04976564e+09 1.04976564e+09
 1.04976564e+09 1.04976564e+09 1.04976565e+09 1.04976565e+09
 1.04976565e+09 1.04976566e+09 1.04976566e+09 1.04976566e+09
 1.04976566e+09 1.04976567e+09 1.04976567e+09 1.04976567e+09
 1.04976568e+09 1.04976568e+09 1.04976568e+09 1.04976568e+09
 1.04976569e+09 1.04976569e+09 1.04976569e+09 1.04976570e+09
 1.04976570e+09 1.04976570e+09 1.04976570e+09 1.04976571e+09
 1.04976571e+09 1.04976571e+09 1.04976572e+09 1.04976572e+09
 1.04976572e+09 1.04976572e+09 1.04976573e+09 1.04976573e+09
 1.04976573e+09 1.04976574e+09 1.04976574e+09 1.04976574e+09
 1.04976574e+09 1.04976575e+09 1.04976575e+09 1.04976575e+09
 1.04976576e+09 1.04976576e+09 1.04976576e+09 1.04976577e+09
 1.04976577e+09 1.04976577e+09 1.04976577e+09 1.04976578e+09
 1.04976578e+09 1.04976578e+09 1.04976579e+09 1.04976579e+09
 1.04976579e+09 1.04976579e+09 1.04976580e+09 1.04976580e+09
 1.04976580e+09 1.04976581e+09 1.04976581e+09 1.04976581e+09
 1.04976581e+09 1.04976582e+09 1.04976582e+09 1.04976582e+09
 1.04976583e+09 1.04976583e+09 1.04976583e+09 1.04976583e+09
 1.04976584e+09 1.04976584e+09 1.04976584e+09 1.04976585e+09
 1.04976585e+09 1.04976585e+09 1.04976585e+09 1.04976586e+09
 1.04976586e+09 1.04976586e+09 1.04976587e+09 1.04976587e+09
 1.04976587e+09 1.04976587e+09 1.04976588e+09 1.04976588e+09
 1.04976588e+09 1.04976589e+09 1.04976589e+09 1.04976589e+09
 1.04976589e+09 1.04976590e+09 1.04976590e+09 1.04976590e+09
 1.04976591e+09 1.04976591e+09 1.04976591e+09 1.04976592e+09
 1.04976592e+09 1.04976592e+09 1.04976592e+09 1.04976593e+09
 1.04976593e+09 1.04976593e+09 1.04976594e+09 1.04976594e+09
 1.04976594e+09 1.04976594e+09 1.04976595e+09 1.04976595e+09
 1.04976595e+09 1.04976596e+09 1.04976596e+09 1.04976596e+09
 1.04976596e+09 1.04976597e+09 1.04976597e+09 1.04976597e+09
 1.04976598e+09 1.04976598e+09 1.04976598e+09 1.04976598e+09
 1.04976599e+09 1.04976599e+09 1.04976599e+09 1.04976600e+09
 1.04976600e+09 1.04976600e+09 1.04976600e+09 1.04976601e+09
 1.04976601e+09 1.04976601e+09 1.04976602e+09 1.04976602e+09
 1.04976602e+09 1.04976602e+09 1.04976603e+09 1.04976603e+09
 1.04976603e+09 1.04976604e+09 1.04976604e+09 1.04976604e+09
 1.04976604e+09 1.04976605e+09 1.04976605e+09 1.04976605e+09
 1.04976606e+09 1.04976606e+09 1.04976606e+09 1.04976606e+09
 1.04976607e+09 1.04976607e+09 1.04976607e+09 1.04976608e+09
 1.04976608e+09 1.04976608e+09 1.04976609e+09 1.04976609e+09
 1.04976609e+09 1.04976609e+09 1.04976610e+09 1.04976610e+09
 1.04976610e+09 1.04976611e+09 1.04976611e+09 1.04976611e+09
 1.04976611e+09 1.04976612e+09 1.04976612e+09 1.04976612e+09
 1.04976613e+09 1.04976613e+09 1.04976613e+09 1.04976613e+09
 1.04976614e+09 1.04976614e+09 1.04976614e+09 1.04976615e+09
 1.04976615e+09 1.04976615e+09 1.04976615e+09 1.04976616e+09
 1.04976616e+09 1.04976616e+09 1.04976617e+09 1.04976617e+09
 1.04976617e+09 1.04976617e+09 1.04976618e+09 1.04976618e+09
 1.04976618e+09 1.04976619e+09 1.04976619e+09 1.04976619e+09
 1.04976619e+09 1.04976620e+09 1.04976620e+09 1.04976620e+09
 1.04976621e+09 1.04976621e+09 1.04976621e+09 1.04976621e+09
 1.04976622e+09 1.04976622e+09 1.04976622e+09 1.04976623e+09
 1.04976623e+09 1.04976623e+09 1.04976624e+09 1.04976624e+09
 1.04976624e+09 1.04976624e+09 1.04976625e+09 1.04976625e+09
 1.04976625e+09 1.04976626e+09 1.04976626e+09 1.04976626e+09
 1.04976626e+09 1.04976627e+09 1.04976627e+09 1.04976627e+09
 1.04976628e+09 1.04976628e+09 1.04976628e+09 1.04976628e+09
 1.04976629e+09 1.04976629e+09 1.04976629e+09 1.04976630e+09
 1.04976630e+09 1.04976630e+09 1.04976630e+09 1.04976631e+09
 1.04976631e+09 1.04976631e+09 1.04976632e+09 1.04976632e+09
 1.04976632e+09 1.04976632e+09 1.04976633e+09 1.04976633e+09
 1.04976633e+09 1.04976634e+09 1.04976634e+09 1.04976634e+09
 1.04976634e+09 1.04976635e+09 1.04976635e+09 1.04976635e+09
 1.04976636e+09 1.04976636e+09 1.04976636e+09 1.04976636e+09
 1.04976637e+09 1.04976637e+09 1.04976637e+09 1.04976638e+09
 1.04976638e+09 1.04976638e+09 1.04976638e+09 1.04976639e+09
 1.04976639e+09 1.04976639e+09 1.04976640e+09 1.04976640e+09
 1.04976640e+09 1.04976641e+09 1.04976641e+09 1.04976641e+09
 1.04976641e+09 1.04976642e+09 1.04976642e+09 1.04976642e+09
 1.04976643e+09 1.04976643e+09 1.04976643e+09 1.04976643e+09
 1.04976644e+09 1.04976644e+09 1.04976644e+09 1.04976645e+09
 1.04976645e+09 1.04976645e+09 1.04976645e+09 1.04976646e+09
 1.04976646e+09 1.04976646e+09 1.04976647e+09 1.04976647e+09
 1.04976647e+09 1.04976647e+09 1.04976648e+09 1.04976648e+09
 1.04976648e+09 1.04976649e+09 1.04976649e+09 1.04976649e+09
 1.04976649e+09 1.04976650e+09 1.04976650e+09 1.04976650e+09
 1.04976651e+09 1.04976651e+09 1.04976651e+09 1.04976651e+09
 1.04976652e+09 1.04976652e+09 1.04976652e+09 1.04976653e+09
 1.04976653e+09 1.04976653e+09 1.04976653e+09 1.04976654e+09
 1.04976654e+09 1.04976654e+09 1.04976655e+09 1.04976655e+09
 1.04976655e+09 1.04976656e+09 1.04976656e+09 1.04976656e+09
 1.04976656e+09 1.04976657e+09 1.04976657e+09 1.04976657e+09
 1.04976658e+09 1.04976658e+09 1.04976658e+09 1.04976658e+09
 1.04976659e+09 1.04976659e+09 1.04976659e+09 1.04976660e+09
 1.04976660e+09 1.04976660e+09 1.04976660e+09 1.04976661e+09
 1.04976661e+09 1.04976661e+09 1.04976662e+09 1.04976662e+09
 1.04976662e+09 1.04976662e+09 1.04976663e+09 1.04976663e+09
 1.04976663e+09 1.04976664e+09 1.04976664e+09 1.04976664e+09
 1.04976664e+09 1.04976665e+09 1.04976665e+09 1.04976665e+09
 1.04976666e+09 1.04976666e+09 1.04976666e+09 1.04976666e+09
 1.04976667e+09 1.04976667e+09 1.04976667e+09 1.04976668e+09
 1.04976668e+09 1.04976668e+09 1.04976668e+09 1.04976669e+09
 1.04976669e+09 1.04976669e+09 1.04976670e+09 1.04976670e+09]
minRes = 0.8610886768258081
minResTime =  [1.04976382e+09]
