name =JUICE_ROI_CAL_5_0_05
flyby =  ['2033 MAR 04 14:44:09', '2033 MAR 05 14:44:09']
Observation TW =  <SpiceCell dtype = 1, length = 0, size = 3400, card = 14, is_set = 1, adjust = 0, init = 1, base = 2554801041456, data = 2554801041504>
Res(t) =  [3.41153515 3.40815567 3.40477618 3.40139669 3.3980172  3.3946377
 3.39125819 3.38787868 3.38449917 3.38111965 3.37774012 3.37436059
 3.37098106 3.36760151 3.36422197 3.36084241 3.35746285 3.35408329
 3.35070372 3.34732414 3.34394456 3.34056497 3.33718538 3.33380578
 3.33042617 3.32704656 3.32366694 3.32028731 3.31690768 3.31352804
 3.3101484  3.30676875 3.30338909 3.30000942 3.29662975 3.29325007
 3.28987038 3.28649069 3.28311099 3.27973129 3.27635157 3.27297185
 3.26959212 3.26621238 3.26283264 3.25945289 3.25607313 3.25269336
 3.24931359 3.24593381 3.24255402 3.23917422 3.23579442 3.2324146
 3.22903478 3.22565495 3.22227511 3.21889527 3.21551541 3.21213555
 3.20875568 3.2053758  3.20199591 3.19861601 3.1952361  3.19185619
 3.18847626 3.18509633 3.18171639 3.17833644 3.17495648 3.17157651
 3.16819653 3.16481654 3.16143655 3.15805654 3.15467653 3.1512965
 3.14791646 3.14453642 3.14115636 3.1377763  3.13439623 3.13101614
 3.12763605 3.12425594 3.12087583 3.1174957  3.11411557 3.11073542
 3.10735527 3.1039751  3.10059492 3.09721473 3.09383453 3.09045433
 3.08707411 3.08369387 3.08031363 3.07693338 3.07355311 3.07017284
 3.06679255 3.06341225 3.06003195 3.05665162 3.05327129 3.04989095
 3.04651059 3.04313023 3.03974985 3.03636946 3.03298905 3.02960864
 3.02622821 3.02284777 3.01946732 3.01608686 3.01270638 3.00932589
 3.00594539 3.00256488 2.99918435 2.99580381 2.99242326 2.9890427
 2.98566212 2.98228153 2.97890093 2.97552031 2.97213968 2.96875904
 2.96537839 2.96199772 2.95861703 2.95523634 2.95185563 2.9484749
 2.94509417 2.94171342 2.93833265 2.93495187 2.93157108 2.92819027
 2.92480945 2.92142862 2.91804777 2.9146669  2.91128602 2.90790513
 2.90452422 2.9011433  2.89776237 2.89438141 2.89100045 2.88761947
 2.88423847 2.88085746 2.87747643 2.87409539 2.87071433 2.86733326
 2.86395217 2.86057107 2.85718995 2.85380882 2.85042767 2.8470465
 2.84366532 2.84028412 2.83690291 2.83352168 2.83014043 2.82675917
 2.82337789 2.81999659 2.81661528 2.81323395 2.80985261 2.80647125
 2.80308987 2.79970847 2.79632706 2.79294563 2.78956419 2.78618272
 2.78280124 2.77941975 2.77603823 2.7726567  2.76927515 2.76589358
 2.762512   2.7591304  2.75574878 2.75236714 2.74898548 2.74560381
 2.74222211 2.7388404  2.73545868 2.73207693 2.72869516 2.72531338
 2.72193158 2.71854976 2.71516792 2.71178606 2.70840418 2.70502228
 2.70164037 2.69825843 2.69487648 2.69149451 2.68811252 2.68473051
 2.68134847 2.67796642 2.67458435 2.67120227 2.66782016 2.66443803
 2.66105588 2.65767371 2.65429152 2.65090931 2.64752708 2.64414483
 2.64076256 2.63738027 2.63399796 2.63061563 2.62723327 2.6238509
 2.62046851 2.61708609 2.61370366 2.6103212  2.60693872 2.60355622
 2.6001737  2.59679116 2.59340859 2.59002601 2.5866434  2.58326077
 2.57987812 2.57649545 2.57311276 2.56973004 2.5663473  2.56296454
 2.55958176 2.55619895 2.55281612 2.54943327 2.5460504  2.54266751
 2.53928459 2.53590165 2.53251868 2.5291357  2.52575269 2.52236965
 2.5189866  2.51560352 2.51222041 2.50883729 2.50545414 2.50207096
 2.49868777 2.49530454 2.4919213  2.48853803 2.48515474 2.48177142
 2.47838808 2.47500471 2.47162132 2.46823791 2.46485447 2.461471
 2.45808752 2.454704   2.45132046 2.4479369  2.44455331 2.4411697
 2.43778606 2.4344024  2.43101871 2.42763499 2.42425125 2.42086749
 2.4174837  2.41409988 2.41071604 2.40733217 2.40394827 2.40056435
 2.3971804  2.39379643 2.39041243 2.3870284  2.38364435 2.38026027
 2.37687616 2.37349203 2.37010787 2.36672368 2.36333947 2.35995522
 2.35657096 2.35318666 2.34980234 2.34641799 2.34303361 2.3396492
 2.33626477 2.3328803  2.32949582 2.3261113  2.32272675 2.31934218
 2.31595758 2.31257294 2.30918829 2.3058036  2.30241888 2.29903414
 2.29564936 2.29226456 2.28887973 2.28549487 2.28210998 2.27872506
 2.27534011 2.27195513 2.26857013 2.26518509 2.26180002 2.25841493
 2.2550298  2.25164465 2.24825946 2.24487424 2.241489   2.23810372
 2.23471841 2.23133308 2.22794771 2.22456231 2.22117688 2.21779142
 2.21440593 2.21102041 2.20763485 2.20424927 2.20086365 2.19747801
 2.19409233 2.19070662 2.18732087 2.1839351  2.1805493  2.17716346
 2.17377759 2.17039169 2.16700575 2.16361979 2.16023379 2.15684776
 2.1534617  2.1500756  2.14668947 2.14330331 2.13991711 2.13653089
 2.13314463 2.12975833 2.126372   2.12298564 2.11959925 2.11621282
 2.11282636 2.10943987 2.10605334 2.10266677 2.09928018 2.09589355
 2.09250688 2.08912018 2.08573345 2.08234668 2.07895988 2.07557304
 2.07218617 2.06879926 2.06541231 2.06202534 2.05863832 2.05525128
 2.05186419 2.04847707 2.04508992 2.04170273 2.0383155  2.03492824
 2.03154094 2.02815361 2.02476624 2.02137883 2.01799139 2.01460391
 2.0112164  2.00782884 2.00444126 2.00105363 1.99766597 1.99427827
 1.99089053 1.98750276 1.98411495 1.9807271  1.97733921 1.97395129
 1.97056333 1.96717533 1.96378729 1.96039921 1.9570111  1.95362295
 1.95023476 1.94684653 1.94345827 1.94006996 1.93668162 1.93329323
 1.92990481 1.92651635 1.92312785 1.91973931 1.91635074 1.91296212
 1.90957346 1.90618477 1.90279603 1.89940725 1.89601844 1.89262958
 1.88924069 1.88585175 1.88246277 1.87907376 1.8756847  1.8722956
 1.86890646 1.86551729 1.86212806 1.8587388  1.8553495  1.85196016
 1.84857077 1.84518135 1.84179188 1.83840237 1.83501282 1.83162323
 1.82823359 1.82484391 1.82145419 1.81806443 1.81467463 1.81128478
 1.80789489 1.80450496 1.80111499 1.79772497 1.79433491 1.79094481
 1.78755466 1.78416447 1.78077424 1.77738396 1.77399364 1.77060328
 1.76721287 1.76382242 1.76043193 1.75704139 1.7536508  1.75026017
 1.7468695  1.74347879 1.74008802 1.73669722 1.73330637 1.72991547
 1.72652453 1.72313354 1.71974251 1.71635143 1.71296031 1.70956914
 1.70617793 1.70278667 1.69939536 1.69600401 1.69261261 1.68922116
 1.68582967 1.68243814 1.67904655 1.67565492 1.67226324 1.66887152
 1.66547975 1.66208793 1.65869606 1.65530415 1.65191219 1.64852018
 1.64512813 1.64173602 1.63834387 1.63495167 1.63155942 1.62816713
 1.62477478 1.62138239 1.61798995 1.61459746 1.61120492 1.60781233
 1.6044197  1.60102701 1.59763427 1.59424149 1.59084866 1.58745577
 1.58406284 1.58066986 1.57727682 1.57388374 1.57049061 1.56709742
 1.56370419 1.56031091 1.55691757 1.55352419 1.55013075 1.54673726
 1.54334372 1.53995014 1.53655649 1.5331628  1.52976906 1.52637526
 1.52298142 1.51958752 1.51619357 1.51279957 1.50940551 1.5060114
 1.50261724 1.49922303 1.49582877 1.49243445 1.48904008 1.48564566
 1.48225118 1.47885665 1.47546207 1.47206743 1.46867274 1.465278
 1.4618832  1.45848835 1.45509345 1.45169849 1.44830348 1.44490841
 1.44151329 1.43811811 1.43472288 1.43132759 1.42793225 1.42453685
 1.4211414  1.4177459  1.41435033 1.41095472 1.40755904 1.40416332
 1.40076753 1.39737169 1.39397579 1.39057984 1.38718383 1.38378777
 1.38039164 1.37699547 1.37359923 1.37020294 1.36680659 1.36341018
 1.36001372 1.3566172  1.35322062 1.34982398 1.34642729 1.34303054
 1.33963373 1.33623686 1.33283993 1.32944295 1.32604591 1.32264881
 1.31925165 1.31585443 1.31245715 1.30905982 1.30566242 1.30226497
 1.29886745 1.29546988 1.29207225 1.28867456 1.2852768  1.28187899
 1.27848112 1.27508319 1.27168519 1.26828714 1.26488903 1.26149085
 1.25809262 1.25469433 1.25129597 1.24789755 1.24449907 1.24110053
 1.23770193 1.23430327 1.23090455 1.22750576 1.22410691 1.220708
 1.21730903 1.21391    1.2105109  1.20711175 1.20371253 1.20031324
 1.1969139  1.19351449 1.19011502 1.18671548 1.18331588 1.17991622
 1.1765165  1.17311671 1.16971686 1.16631694 1.16291696 1.15951692
 1.15611681 1.15271664 1.14931641 1.14591611 1.14251575 1.13911532
 1.13571482 1.13231427 1.12891364 1.12551296 1.12211221 1.11871139
 1.11531051 1.11190956 1.10850854 1.10510746 1.10170632 1.09830511
 1.09490383 1.09150249 1.08810108 1.08469961 1.08129807 1.07789646
 1.07449479 1.07109305 1.06769125 1.06428937 1.06088743 1.05748543
 1.05408336 1.05068122 1.04727901 1.04387674 1.04047439 1.03707199
 1.03366951 1.03026697 1.02686436 1.02346168 1.02005893 1.01665612
 1.01325324 1.00985029 1.00644727 1.00304418 0.99964103 0.99623781
 0.99283452 0.98943116 0.98602773 0.98262424 0.97922067 0.97581704
 0.97241334 0.96900957 0.96560574 0.96220183 0.95879785 0.95539381
 0.9519897  0.94858551 0.94518126 0.94177694 0.93837255 0.9349681
 0.93156357 0.92815897 0.92475431 0.92134957 0.91794477 0.9145399
 0.91113496 0.90772994 0.90432486 0.90091972 0.8975145  0.89410921
 0.89070385 0.88729843 0.88389293 0.88048737 0.87708173 0.87367603
 0.87027026 0.86686442 0.86345851 0.86005253 0.85664648 0.85324036
 0.84983418 0.84642792 0.8430216  0.83961521 0.83620875 0.83280222
 0.82939562 0.82598896 0.82258222 0.81917542 0.81576855 0.81236161
 0.80895461 0.80554753 0.80214039 0.79873318 0.79532591 0.79191856
 0.78851115 0.78510368 0.78169613 0.77828852 0.77488084 0.7714731
 0.76806529 0.76465742 0.76124948 0.75784147 0.7544334  0.75102527
 0.74761707 0.7442088  0.74080048 0.73739208 0.73398363 0.73057511
 0.72716653 0.72375788 0.72034918 0.71694041 0.71353158 0.71012269
 0.70671374 0.70330473 0.69989566 0.69648653 0.69307734 0.68966809
 0.68625879 0.68284943 0.67944001 0.67603053 0.672621   0.66921141
 0.66580177 0.66239207 0.65898232 0.65557252 0.65216267 0.64875276
 0.6453428  0.6419328  0.63852274 0.63511264 0.63170249 0.62829229
 0.62488205 0.62147176 0.61806143 0.61465105 0.61124063 0.60783017
 0.60441968 0.60100914 0.59759856 0.59418795 0.59077731 0.58736663
 0.58395591 0.58054517 0.57713439 0.57372359 0.57031276 0.56690191
 0.56349103 0.56008012 0.5566692  0.55325826 0.5498473  0.54643633
 0.54302534 0.53961434 0.53750028 0.53408903 0.53067776 0.52726649
 0.52385522 0.52044395 0.51703268 0.51362141 0.51021016 0.50679891
 0.50338768 0.49997646 0.49656526 0.49315409 0.48974294 0.48633182
 0.48292073 0.47950967 0.47609866 0.47268768 0.46927676 0.46586589
 0.46245507 0.45904431 0.45563361 0.45222299 0.44881244 0.44540197
 0.44199158 0.43858128 0.43517108 0.43176098 0.42835098 0.4249411
 0.42153134 0.41812171 0.41471221 0.41130285 0.40789365 0.4044846
 0.40107571 0.397667   0.39425847 0.39085014 0.38744201 0.38403409
 0.38062639 0.37721893 0.37381171 0.37040475 0.36699806 0.36359165
 0.36018554 0.35677974 0.35337427 0.34996913 0.34656435 0.34315995
 0.33975594 0.33635233 0.33294916 0.32954644 0.32614418 0.32274242
 0.31934117 0.31594047 0.31254033 0.30914078 0.30574185 0.30234358
 0.29894598 0.2955491  0.29215296 0.28875761 0.28536308 0.28196942
 0.27857666 0.27518485 0.27179403 0.26840426 0.2650156  0.26162808
 0.25824178 0.25485675 0.25147306 0.24809079 0.24471    0.24133078
 0.2379532  0.23457736 0.23120335 0.22783128 0.22446124 0.22109336
 0.21772776 0.21436457 0.21100393 0.20764599 0.20429091 0.20093887
 0.19759005 0.19424465 0.19090289 0.187565   0.18423123 0.18090186
 0.17757718 0.17425751 0.17094319 0.16763461 0.16433218 0.16103634
 0.1577476  0.15446648 0.15119358 0.14792955 0.1446751  0.14143104
 0.13819822 0.13497764 0.13177036 0.1285776  0.12540071 0.1222412
 0.11910078 0.11598137 0.11288515 0.10981461 0.10677258 0.1037623
 0.10078752 0.09785255 0.09496243 0.09212304 0.0893413  0.0866254
 0.0839851  0.08143214 0.07898072 0.07664825 0.0744562  0.07243151
 0.07060832 0.06903071 0.0677567  0.06686452 0.06646276 0.06670803
 0.06783744 0.07023408 0.07457496 0.0822227 ]
t =  [1.04683232e+09 1.04683236e+09 1.04683240e+09 1.04683245e+09
 1.04683249e+09 1.04683253e+09 1.04683257e+09 1.04683262e+09
 1.04683266e+09 1.04683270e+09 1.04683274e+09 1.04683279e+09
 1.04683283e+09 1.04683287e+09 1.04683292e+09 1.04683296e+09
 1.04683300e+09 1.04683304e+09 1.04683309e+09 1.04683313e+09
 1.04683317e+09 1.04683321e+09 1.04683326e+09 1.04683330e+09
 1.04683334e+09 1.04683338e+09 1.04683343e+09 1.04683347e+09
 1.04683351e+09 1.04683356e+09 1.04683360e+09 1.04683364e+09
 1.04683368e+09 1.04683373e+09 1.04683377e+09 1.04683381e+09
 1.04683385e+09 1.04683390e+09 1.04683394e+09 1.04683398e+09
 1.04683402e+09 1.04683407e+09 1.04683411e+09 1.04683415e+09
 1.04683420e+09 1.04683424e+09 1.04683428e+09 1.04683432e+09
 1.04683437e+09 1.04683441e+09 1.04683445e+09 1.04683449e+09
 1.04683454e+09 1.04683458e+09 1.04683462e+09 1.04683466e+09
 1.04683471e+09 1.04683475e+09 1.04683479e+09 1.04683484e+09
 1.04683488e+09 1.04683492e+09 1.04683496e+09 1.04683501e+09
 1.04683505e+09 1.04683509e+09 1.04683513e+09 1.04683518e+09
 1.04683522e+09 1.04683526e+09 1.04683530e+09 1.04683535e+09
 1.04683539e+09 1.04683543e+09 1.04683547e+09 1.04683552e+09
 1.04683556e+09 1.04683560e+09 1.04683565e+09 1.04683569e+09
 1.04683573e+09 1.04683577e+09 1.04683582e+09 1.04683586e+09
 1.04683590e+09 1.04683594e+09 1.04683599e+09 1.04683603e+09
 1.04683607e+09 1.04683611e+09 1.04683616e+09 1.04683620e+09
 1.04683624e+09 1.04683629e+09 1.04683633e+09 1.04683637e+09
 1.04683641e+09 1.04683646e+09 1.04683650e+09 1.04683654e+09
 1.04683658e+09 1.04683663e+09 1.04683667e+09 1.04683671e+09
 1.04683675e+09 1.04683680e+09 1.04683684e+09 1.04683688e+09
 1.04683693e+09 1.04683697e+09 1.04683701e+09 1.04683705e+09
 1.04683710e+09 1.04683714e+09 1.04683718e+09 1.04683722e+09
 1.04683727e+09 1.04683731e+09 1.04683735e+09 1.04683739e+09
 1.04683744e+09 1.04683748e+09 1.04683752e+09 1.04683757e+09
 1.04683761e+09 1.04683765e+09 1.04683769e+09 1.04683774e+09
 1.04683778e+09 1.04683782e+09 1.04683786e+09 1.04683791e+09
 1.04683795e+09 1.04683799e+09 1.04683803e+09 1.04683808e+09
 1.04683812e+09 1.04683816e+09 1.04683821e+09 1.04683825e+09
 1.04683829e+09 1.04683833e+09 1.04683838e+09 1.04683842e+09
 1.04683846e+09 1.04683850e+09 1.04683855e+09 1.04683859e+09
 1.04683863e+09 1.04683867e+09 1.04683872e+09 1.04683876e+09
 1.04683880e+09 1.04683885e+09 1.04683889e+09 1.04683893e+09
 1.04683897e+09 1.04683902e+09 1.04683906e+09 1.04683910e+09
 1.04683914e+09 1.04683919e+09 1.04683923e+09 1.04683927e+09
 1.04683931e+09 1.04683936e+09 1.04683940e+09 1.04683944e+09
 1.04683948e+09 1.04683953e+09 1.04683957e+09 1.04683961e+09
 1.04683966e+09 1.04683970e+09 1.04683974e+09 1.04683978e+09
 1.04683983e+09 1.04683987e+09 1.04683991e+09 1.04683995e+09
 1.04684000e+09 1.04684004e+09 1.04684008e+09 1.04684012e+09
 1.04684017e+09 1.04684021e+09 1.04684025e+09 1.04684030e+09
 1.04684034e+09 1.04684038e+09 1.04684042e+09 1.04684047e+09
 1.04684051e+09 1.04684055e+09 1.04684059e+09 1.04684064e+09
 1.04684068e+09 1.04684072e+09 1.04684076e+09 1.04684081e+09
 1.04684085e+09 1.04684089e+09 1.04684094e+09 1.04684098e+09
 1.04684102e+09 1.04684106e+09 1.04684111e+09 1.04684115e+09
 1.04684119e+09 1.04684123e+09 1.04684128e+09 1.04684132e+09
 1.04684136e+09 1.04684140e+09 1.04684145e+09 1.04684149e+09
 1.04684153e+09 1.04684158e+09 1.04684162e+09 1.04684166e+09
 1.04684170e+09 1.04684175e+09 1.04684179e+09 1.04684183e+09
 1.04684187e+09 1.04684192e+09 1.04684196e+09 1.04684200e+09
 1.04684204e+09 1.04684209e+09 1.04684213e+09 1.04684217e+09
 1.04684222e+09 1.04684226e+09 1.04684230e+09 1.04684234e+09
 1.04684239e+09 1.04684243e+09 1.04684247e+09 1.04684251e+09
 1.04684256e+09 1.04684260e+09 1.04684264e+09 1.04684268e+09
 1.04684273e+09 1.04684277e+09 1.04684281e+09 1.04684286e+09
 1.04684290e+09 1.04684294e+09 1.04684298e+09 1.04684303e+09
 1.04684307e+09 1.04684311e+09 1.04684315e+09 1.04684320e+09
 1.04684324e+09 1.04684328e+09 1.04684332e+09 1.04684337e+09
 1.04684341e+09 1.04684345e+09 1.04684349e+09 1.04684354e+09
 1.04684358e+09 1.04684362e+09 1.04684367e+09 1.04684371e+09
 1.04684375e+09 1.04684379e+09 1.04684384e+09 1.04684388e+09
 1.04684392e+09 1.04684396e+09 1.04684401e+09 1.04684405e+09
 1.04684409e+09 1.04684413e+09 1.04684418e+09 1.04684422e+09
 1.04684426e+09 1.04684431e+09 1.04684435e+09 1.04684439e+09
 1.04684443e+09 1.04684448e+09 1.04684452e+09 1.04684456e+09
 1.04684460e+09 1.04684465e+09 1.04684469e+09 1.04684473e+09
 1.04684477e+09 1.04684482e+09 1.04684486e+09 1.04684490e+09
 1.04684495e+09 1.04684499e+09 1.04684503e+09 1.04684507e+09
 1.04684512e+09 1.04684516e+09 1.04684520e+09 1.04684524e+09
 1.04684529e+09 1.04684533e+09 1.04684537e+09 1.04684541e+09
 1.04684546e+09 1.04684550e+09 1.04684554e+09 1.04684559e+09
 1.04684563e+09 1.04684567e+09 1.04684571e+09 1.04684576e+09
 1.04684580e+09 1.04684584e+09 1.04684588e+09 1.04684593e+09
 1.04684597e+09 1.04684601e+09 1.04684605e+09 1.04684610e+09
 1.04684614e+09 1.04684618e+09 1.04684623e+09 1.04684627e+09
 1.04684631e+09 1.04684635e+09 1.04684640e+09 1.04684644e+09
 1.04684648e+09 1.04684652e+09 1.04684657e+09 1.04684661e+09
 1.04684665e+09 1.04684669e+09 1.04684674e+09 1.04684678e+09
 1.04684682e+09 1.04684687e+09 1.04684691e+09 1.04684695e+09
 1.04684699e+09 1.04684704e+09 1.04684708e+09 1.04684712e+09
 1.04684716e+09 1.04684721e+09 1.04684725e+09 1.04684729e+09
 1.04684733e+09 1.04684738e+09 1.04684742e+09 1.04684746e+09
 1.04684750e+09 1.04684755e+09 1.04684759e+09 1.04684763e+09
 1.04684768e+09 1.04684772e+09 1.04684776e+09 1.04684780e+09
 1.04684785e+09 1.04684789e+09 1.04684793e+09 1.04684797e+09
 1.04684802e+09 1.04684806e+09 1.04684810e+09 1.04684814e+09
 1.04684819e+09 1.04684823e+09 1.04684827e+09 1.04684832e+09
 1.04684836e+09 1.04684840e+09 1.04684844e+09 1.04684849e+09
 1.04684853e+09 1.04684857e+09 1.04684861e+09 1.04684866e+09
 1.04684870e+09 1.04684874e+09 1.04684878e+09 1.04684883e+09
 1.04684887e+09 1.04684891e+09 1.04684896e+09 1.04684900e+09
 1.04684904e+09 1.04684908e+09 1.04684913e+09 1.04684917e+09
 1.04684921e+09 1.04684925e+09 1.04684930e+09 1.04684934e+09
 1.04684938e+09 1.04684942e+09 1.04684947e+09 1.04684951e+09
 1.04684955e+09 1.04684960e+09 1.04684964e+09 1.04684968e+09
 1.04684972e+09 1.04684977e+09 1.04684981e+09 1.04684985e+09
 1.04684989e+09 1.04684994e+09 1.04684998e+09 1.04685002e+09
 1.04685006e+09 1.04685011e+09 1.04685015e+09 1.04685019e+09
 1.04685024e+09 1.04685028e+09 1.04685032e+09 1.04685036e+09
 1.04685041e+09 1.04685045e+09 1.04685049e+09 1.04685053e+09
 1.04685058e+09 1.04685062e+09 1.04685066e+09 1.04685070e+09
 1.04685075e+09 1.04685079e+09 1.04685083e+09 1.04685088e+09
 1.04685092e+09 1.04685096e+09 1.04685100e+09 1.04685105e+09
 1.04685109e+09 1.04685113e+09 1.04685117e+09 1.04685122e+09
 1.04685126e+09 1.04685130e+09 1.04685134e+09 1.04685139e+09
 1.04685143e+09 1.04685147e+09 1.04685151e+09 1.04685156e+09
 1.04685160e+09 1.04685164e+09 1.04685169e+09 1.04685173e+09
 1.04685177e+09 1.04685181e+09 1.04685186e+09 1.04685190e+09
 1.04685194e+09 1.04685198e+09 1.04685203e+09 1.04685207e+09
 1.04685211e+09 1.04685215e+09 1.04685220e+09 1.04685224e+09
 1.04685228e+09 1.04685233e+09 1.04685237e+09 1.04685241e+09
 1.04685245e+09 1.04685250e+09 1.04685254e+09 1.04685258e+09
 1.04685262e+09 1.04685267e+09 1.04685271e+09 1.04685275e+09
 1.04685279e+09 1.04685284e+09 1.04685288e+09 1.04685292e+09
 1.04685297e+09 1.04685301e+09 1.04685305e+09 1.04685309e+09
 1.04685314e+09 1.04685318e+09 1.04685322e+09 1.04685326e+09
 1.04685331e+09 1.04685335e+09 1.04685339e+09 1.04685343e+09
 1.04685348e+09 1.04685352e+09 1.04685356e+09 1.04685361e+09
 1.04685365e+09 1.04685369e+09 1.04685373e+09 1.04685378e+09
 1.04685382e+09 1.04685386e+09 1.04685390e+09 1.04685395e+09
 1.04685399e+09 1.04685403e+09 1.04685407e+09 1.04685412e+09
 1.04685416e+09 1.04685420e+09 1.04685425e+09 1.04685429e+09
 1.04685433e+09 1.04685437e+09 1.04685442e+09 1.04685446e+09
 1.04685450e+09 1.04685454e+09 1.04685459e+09 1.04685463e+09
 1.04685467e+09 1.04685471e+09 1.04685476e+09 1.04685480e+09
 1.04685484e+09 1.04685489e+09 1.04685493e+09 1.04685497e+09
 1.04685501e+09 1.04685506e+09 1.04685510e+09 1.04685514e+09
 1.04685518e+09 1.04685523e+09 1.04685527e+09 1.04685531e+09
 1.04685535e+09 1.04685540e+09 1.04685544e+09 1.04685548e+09
 1.04685552e+09 1.04685557e+09 1.04685561e+09 1.04685565e+09
 1.04685570e+09 1.04685574e+09 1.04685578e+09 1.04685582e+09
 1.04685587e+09 1.04685591e+09 1.04685595e+09 1.04685599e+09
 1.04685604e+09 1.04685608e+09 1.04685612e+09 1.04685616e+09
 1.04685621e+09 1.04685625e+09 1.04685629e+09 1.04685634e+09
 1.04685638e+09 1.04685642e+09 1.04685646e+09 1.04685651e+09
 1.04685655e+09 1.04685659e+09 1.04685663e+09 1.04685668e+09
 1.04685672e+09 1.04685676e+09 1.04685680e+09 1.04685685e+09
 1.04685689e+09 1.04685693e+09 1.04685698e+09 1.04685702e+09
 1.04685706e+09 1.04685710e+09 1.04685715e+09 1.04685719e+09
 1.04685723e+09 1.04685727e+09 1.04685732e+09 1.04685736e+09
 1.04685740e+09 1.04685744e+09 1.04685749e+09 1.04685753e+09
 1.04685757e+09 1.04685762e+09 1.04685766e+09 1.04685770e+09
 1.04685774e+09 1.04685779e+09 1.04685783e+09 1.04685787e+09
 1.04685791e+09 1.04685796e+09 1.04685800e+09 1.04685804e+09
 1.04685808e+09 1.04685813e+09 1.04685817e+09 1.04685821e+09
 1.04685826e+09 1.04685830e+09 1.04685834e+09 1.04685838e+09
 1.04685843e+09 1.04685847e+09 1.04685851e+09 1.04685855e+09
 1.04685860e+09 1.04685864e+09 1.04685868e+09 1.04685872e+09
 1.04685877e+09 1.04685881e+09 1.04685885e+09 1.04685890e+09
 1.04685894e+09 1.04685898e+09 1.04685902e+09 1.04685907e+09
 1.04685911e+09 1.04685915e+09 1.04685919e+09 1.04685924e+09
 1.04685928e+09 1.04685932e+09 1.04685936e+09 1.04685941e+09
 1.04685945e+09 1.04685949e+09 1.04685953e+09 1.04685958e+09
 1.04685962e+09 1.04685966e+09 1.04685971e+09 1.04685975e+09
 1.04685979e+09 1.04685983e+09 1.04685988e+09 1.04685992e+09
 1.04685996e+09 1.04686000e+09 1.04686005e+09 1.04686009e+09
 1.04686013e+09 1.04686017e+09 1.04686022e+09 1.04686026e+09
 1.04686030e+09 1.04686035e+09 1.04686039e+09 1.04686043e+09
 1.04686047e+09 1.04686052e+09 1.04686056e+09 1.04686060e+09
 1.04686064e+09 1.04686069e+09 1.04686073e+09 1.04686077e+09
 1.04686081e+09 1.04686086e+09 1.04686090e+09 1.04686094e+09
 1.04686099e+09 1.04686103e+09 1.04686107e+09 1.04686111e+09
 1.04686116e+09 1.04686120e+09 1.04686124e+09 1.04686128e+09
 1.04686133e+09 1.04686137e+09 1.04686141e+09 1.04686145e+09
 1.04686150e+09 1.04686154e+09 1.04686158e+09 1.04686163e+09
 1.04686167e+09 1.04686171e+09 1.04686175e+09 1.04686180e+09
 1.04686184e+09 1.04686188e+09 1.04686192e+09 1.04686197e+09
 1.04686201e+09 1.04686205e+09 1.04686209e+09 1.04686214e+09
 1.04686218e+09 1.04686222e+09 1.04686227e+09 1.04686231e+09
 1.04686235e+09 1.04686239e+09 1.04686244e+09 1.04686248e+09
 1.04686252e+09 1.04686256e+09 1.04686261e+09 1.04686265e+09
 1.04686269e+09 1.04686273e+09 1.04686278e+09 1.04686282e+09
 1.04686286e+09 1.04686291e+09 1.04686295e+09 1.04686299e+09
 1.04686303e+09 1.04686308e+09 1.04686312e+09 1.04686316e+09
 1.04686320e+09 1.04686325e+09 1.04686329e+09 1.04686333e+09
 1.04686337e+09 1.04686342e+09 1.04686346e+09 1.04686350e+09
 1.04686354e+09 1.04686359e+09 1.04686363e+09 1.04686367e+09
 1.04686372e+09 1.04686376e+09 1.04686380e+09 1.04686384e+09
 1.04686389e+09 1.04686393e+09 1.04686397e+09 1.04686401e+09
 1.04686406e+09 1.04686410e+09 1.04686414e+09 1.04686418e+09
 1.04686423e+09 1.04686427e+09 1.04686431e+09 1.04686436e+09
 1.04686440e+09 1.04686444e+09 1.04686448e+09 1.04686453e+09
 1.04686457e+09 1.04686461e+09 1.04686465e+09 1.04686470e+09
 1.04686474e+09 1.04686478e+09 1.04686482e+09 1.04686487e+09
 1.04686491e+09 1.04686495e+09 1.04686500e+09 1.04686504e+09
 1.04686508e+09 1.04686512e+09 1.04686517e+09 1.04686521e+09
 1.04686525e+09 1.04686529e+09 1.04686534e+09 1.04686538e+09
 1.04686542e+09 1.04686546e+09 1.04686551e+09 1.04686555e+09
 1.04686559e+09 1.04686564e+09 1.04686568e+09 1.04686572e+09
 1.04686576e+09 1.04686581e+09 1.04686585e+09 1.04686589e+09
 1.04686593e+09 1.04686598e+09 1.04686602e+09 1.04686606e+09
 1.04686610e+09 1.04686615e+09 1.04686619e+09 1.04686623e+09
 1.04686628e+09 1.04686632e+09 1.04686636e+09 1.04686640e+09
 1.04686645e+09 1.04686649e+09 1.04686653e+09 1.04686657e+09
 1.04686662e+09 1.04686666e+09 1.04686670e+09 1.04686674e+09
 1.04686679e+09 1.04686683e+09 1.04686687e+09 1.04686692e+09
 1.04686696e+09 1.04686700e+09 1.04686704e+09 1.04686709e+09
 1.04686713e+09 1.04686717e+09 1.04686721e+09 1.04686726e+09
 1.04686730e+09 1.04686734e+09 1.04686738e+09 1.04686743e+09
 1.04686747e+09 1.04686751e+09 1.04686755e+09 1.04686760e+09
 1.04686764e+09 1.04686768e+09 1.04686773e+09 1.04686777e+09
 1.04686781e+09 1.04686785e+09 1.04686790e+09 1.04686794e+09
 1.04686798e+09 1.04686802e+09 1.04686807e+09 1.04686811e+09
 1.04686815e+09 1.04686819e+09 1.04686824e+09 1.04686828e+09
 1.04686832e+09 1.04686837e+09 1.04686841e+09 1.04686845e+09
 1.04686849e+09 1.04686854e+09 1.04686858e+09 1.04686862e+09
 1.04686866e+09 1.04686871e+09 1.04686875e+09 1.04686879e+09
 1.04686883e+09 1.04686888e+09 1.04686892e+09 1.04686896e+09
 1.04686901e+09 1.04686905e+09 1.04686909e+09 1.04686913e+09
 1.04686918e+09 1.04686922e+09 1.04686926e+09 1.04686930e+09
 1.04686935e+09 1.04686939e+09 1.04686943e+09 1.04686947e+09
 1.04686952e+09 1.04686956e+09 1.04686960e+09 1.04686965e+09
 1.04686969e+09 1.04686973e+09 1.04686977e+09 1.04686982e+09
 1.04686986e+09 1.04686990e+09 1.04686994e+09 1.04686999e+09
 1.04687003e+09 1.04687007e+09 1.04687011e+09 1.04687016e+09
 1.04687020e+09 1.04687024e+09 1.04687029e+09 1.04687033e+09
 1.04687037e+09 1.04687041e+09 1.04687046e+09 1.04687050e+09
 1.04687054e+09 1.04687058e+09 1.04687063e+09 1.04687067e+09
 1.04687071e+09 1.04687075e+09 1.04687080e+09 1.04687084e+09
 1.04687088e+09 1.04687093e+09 1.04687097e+09 1.04687101e+09
 1.04687105e+09 1.04687110e+09 1.04687114e+09 1.04687118e+09
 1.04687122e+09 1.04687127e+09 1.04687131e+09 1.04687135e+09
 1.04687139e+09 1.04687144e+09 1.04687148e+09 1.04687152e+09
 1.04687156e+09 1.04687161e+09 1.04687165e+09 1.04687169e+09
 1.04687174e+09 1.04687178e+09 1.04687182e+09 1.04687186e+09
 1.04687191e+09 1.04687195e+09 1.04687199e+09 1.04687203e+09
 1.04687208e+09 1.04687212e+09 1.04687216e+09 1.04687220e+09
 1.04687225e+09 1.04687229e+09 1.04687233e+09 1.04687238e+09
 1.04687242e+09 1.04687246e+09 1.04687250e+09 1.04687255e+09
 1.04687259e+09 1.04687263e+09 1.04687267e+09 1.04687272e+09
 1.04687276e+09 1.04687280e+09 1.04687284e+09 1.04687289e+09
 1.04687293e+09 1.04687297e+09 1.04687302e+09 1.04687306e+09
 1.04687310e+09 1.04687314e+09 1.04687319e+09 1.04687323e+09
 1.04687327e+09 1.04687331e+09 1.04687336e+09 1.04687340e+09
 1.04687344e+09 1.04687348e+09 1.04687353e+09 1.04687357e+09
 1.04687361e+09 1.04687366e+09 1.04687370e+09 1.04687374e+09
 1.04687378e+09 1.04687383e+09 1.04687387e+09 1.04687391e+09
 1.04687395e+09 1.04687400e+09 1.04687404e+09 1.04687408e+09
 1.04687412e+09 1.04687417e+09 1.04687421e+09 1.04687425e+09
 1.04687430e+09 1.04687434e+09 1.04687438e+09 1.04687442e+09
 1.04687447e+09 1.04687451e+09 1.04687455e+09 1.04687459e+09
 1.04687464e+09 1.04687468e+09 1.04687472e+09 1.04687476e+09
 1.04687481e+09 1.04687485e+09 1.04687489e+09 1.04687494e+09]
minRes = 0.06646275835611021
minResTime =  [1.04687472e+09]
