name =JUICE_ROI_CAL_4_3_02
flyby =  ['2032 DEC 27 21:06:34', '2032 DEC 28 21:06:34']
Observation TW =  <SpiceCell dtype = 1, length = 0, size = 3400, card = 14, is_set = 1, adjust = 0, init = 1, base = 2554764751648, data = 2554764751696>
Res(t) =  [3.71315761 3.70956494 3.70597212 3.70237917 3.69878608 3.69519284
 3.69159946 3.68800594 3.68441228 3.68081847 3.67722452 3.67363043
 3.67003619 3.66644181 3.66284729 3.65925262 3.65565781 3.65206286
 3.64846776 3.64487251 3.64127712 3.63768159 3.63408591 3.63049009
 3.62689412 3.623298   3.61970174 3.61610533 3.61250877 3.60891207
 3.60531522 3.60171823 3.59812109 3.5945238  3.59092636 3.58732877
 3.58373104 3.58013316 3.57653513 3.57293695 3.56933862 3.56574015
 3.56214152 3.55854275 3.55494382 3.55134475 3.54774552 3.54414615
 3.54054662 3.53694695 3.53334712 3.52974714 3.52614702 3.52254674
 3.51894631 3.51534572 3.51174499 3.5081441  3.50454306 3.50094187
 3.49734052 3.49373903 3.49013738 3.48653557 3.48293361 3.4793315
 3.47572924 3.47212682 3.46852424 3.46492151 3.46131863 3.45771559
 3.4541124  3.45050905 3.44690555 3.44330189 3.43969807 3.4360941
 3.43248997 3.42888568 3.42528124 3.42167664 3.41807189 3.41446697
 3.4108619  3.40725667 3.40365129 3.40004574 3.39644004 3.39283417
 3.38922815 3.38562197 3.38201563 3.37840914 3.37480248 3.37119566
 3.36758868 3.36398154 3.36037424 3.35676679 3.35315917 3.34955138
 3.34594344 3.34233534 3.33872707 3.33511864 3.33151006 3.3279013
 3.32429239 3.32068331 3.31707407 3.31346467 3.3098551  3.30624537
 3.30263548 3.29902542 3.2954152  3.29180482 3.28819427 3.28458355
 3.28097267 3.27736163 3.27375042 3.27013904 3.2665275  3.26291579
 3.25930392 3.25569188 3.25207967 3.2484673  3.24485476 3.24124205
 3.23762917 3.23401613 3.23040292 3.22678954 3.22317599 3.21956228
 3.21594839 3.21233434 3.20872012 3.20510573 3.20149117 3.19787644
 3.19426154 3.19064646 3.18703122 3.18341581 3.17980023 3.17618448
 3.17256855 3.16895246 3.16533619 3.16171975 3.15810314 3.15448636
 3.1508694  3.14725227 3.14363497 3.1400175  3.13639985 3.13278203
 3.12916403 3.12554586 3.12192752 3.118309   3.11469031 3.11107144
 3.1074524  3.10383319 3.10021379 3.09659423 3.09297448 3.08935456
 3.08573447 3.0821142  3.07849375 3.07487312 3.07125232 3.06763134
 3.06401018 3.06038885 3.05676733 3.05314564 3.04952377 3.04590172
 3.0422795  3.03865709 3.03503451 3.03141174 3.0277888  3.02416567
 3.02054237 3.01691888 3.01329522 3.00967137 3.00604735 3.00242314
 2.99879875 2.99517418 2.99154943 2.98792449 2.98429938 2.98067408
 2.97704859 2.97342293 2.96979708 2.96617105 2.96254484 2.95891844
 2.95529185 2.95166509 2.94803814 2.944411   2.94078368 2.93715618
 2.93352848 2.92990061 2.92627255 2.9226443  2.91901587 2.91538724
 2.91175844 2.90812944 2.90450026 2.9008709  2.89724134 2.8936116
 2.88998167 2.88635155 2.88272124 2.87909074 2.87546006 2.87182919
 2.86819812 2.86456687 2.86093543 2.8573038  2.85367198 2.85003996
 2.84640776 2.84277537 2.83914278 2.83551001 2.83187704 2.82824388
 2.82461053 2.82097699 2.81734326 2.81370933 2.81007521 2.8064409
 2.80280639 2.79917169 2.7955368  2.79190171 2.78826643 2.78463095
 2.78099528 2.77735942 2.77372336 2.7700871  2.76645065 2.76281401
 2.75917717 2.75554013 2.7519029  2.74826546 2.74462784 2.74099001
 2.73735199 2.73371377 2.73007536 2.72643674 2.72279793 2.71915892
 2.71551971 2.7118803  2.70824069 2.70460089 2.70096088 2.69732067
 2.69368027 2.69003966 2.68639886 2.68275785 2.67911664 2.67547523
 2.67183362 2.66819181 2.6645498  2.66090758 2.65726517 2.65362255
 2.64997972 2.6463367  2.64269347 2.63905004 2.6354064  2.63176257
 2.62811852 2.62447428 2.62082982 2.61718517 2.61354031 2.60989524
 2.60624997 2.60260449 2.59895881 2.59531292 2.59166682 2.58802052
 2.58437401 2.58072729 2.57708037 2.57343324 2.5697859  2.56613835
 2.5624906  2.55884263 2.55519446 2.55154608 2.54789749 2.54424869
 2.54059968 2.53695047 2.53330104 2.5296514  2.52600155 2.52235149
 2.51870122 2.51505073 2.51140004 2.50774914 2.50409802 2.50044669
 2.49679515 2.49314339 2.48949143 2.48583924 2.48218685 2.47853424
 2.47488142 2.47122839 2.46757514 2.46392167 2.460268   2.4566141
 2.45295999 2.44930567 2.44565113 2.44199637 2.4383414  2.43468621
 2.43103081 2.42737519 2.42371935 2.42006329 2.41640702 2.41275052
 2.40909381 2.40543689 2.40177974 2.39812237 2.39446479 2.39080699
 2.38714896 2.38349072 2.37983226 2.37617357 2.37251467 2.36885554
 2.3651962  2.36153663 2.35787684 2.35421683 2.3505566  2.34689615
 2.34323547 2.33957457 2.33591345 2.3322521  2.32859054 2.32492874
 2.32126673 2.31760449 2.31394202 2.31027933 2.30661642 2.30295328
 2.29928992 2.29562633 2.29196251 2.28829847 2.2846342  2.28096971
 2.27730498 2.27364004 2.26997486 2.26630946 2.26264383 2.25897797
 2.25531188 2.25164556 2.24797902 2.24431224 2.24064524 2.23697801
 2.23331054 2.22964285 2.22597493 2.22230678 2.21863839 2.21496978
 2.21130093 2.20763185 2.20396254 2.200293   2.19662323 2.19295322
 2.18928298 2.18561251 2.1819418  2.17827086 2.17459969 2.17092828
 2.16725664 2.16358477 2.15991266 2.15624031 2.15256773 2.14889491
 2.14522186 2.14154857 2.13787505 2.13420129 2.13052729 2.12685305
 2.12317858 2.11950387 2.11582892 2.11215374 2.10847831 2.10480265
 2.10112675 2.09745061 2.09377423 2.09009761 2.08642075 2.08274365
 2.07906631 2.07538872 2.0717109  2.06803284 2.06435454 2.06067599
 2.0569972  2.05331817 2.0496389  2.04595938 2.04227962 2.03859962
 2.03491938 2.03123889 2.02755815 2.02387718 2.02019595 2.01651449
 2.01283277 2.00915082 2.00546861 2.00178617 1.99810347 1.99442053
 1.99073734 1.98705391 1.98337022 1.97968629 1.97600212 1.97231769
 1.96863302 1.9649481  1.96126293 1.95757751 1.95389184 1.95020592
 1.94651975 1.94283333 1.93914666 1.93545974 1.93177257 1.92808515
 1.92439748 1.92070955 1.91702137 1.91333294 1.90964426 1.90595533
 1.90226614 1.8985767  1.894887   1.89119706 1.88750685 1.8838164
 1.88012569 1.87643472 1.8727435  1.86905202 1.86536029 1.8616683
 1.85797605 1.85428355 1.85059079 1.84689777 1.8432045  1.83951097
 1.83581718 1.83212313 1.82842883 1.82473426 1.82103944 1.81734435
 1.81364901 1.80995341 1.80625755 1.80256142 1.79886504 1.79516839
 1.79147149 1.78777432 1.78407689 1.7803792  1.77668124 1.77298303
 1.76928455 1.7655858  1.76188679 1.75818752 1.75448799 1.75078819
 1.74708813 1.7433878  1.7396872  1.73598634 1.73228522 1.72858383
 1.72488217 1.72118024 1.71747805 1.71377559 1.71007287 1.70636987
 1.70266661 1.69896308 1.69525928 1.69155521 1.68785088 1.68414627
 1.68044139 1.67673625 1.67303083 1.66932514 1.66561918 1.66191295
 1.65820645 1.65449968 1.65079263 1.64708531 1.64337772 1.63966986
 1.63596172 1.63225331 1.62854463 1.62483567 1.62112643 1.61741693
 1.61370714 1.60999708 1.60628675 1.60257614 1.59886525 1.59515409
 1.59144265 1.58773093 1.58401894 1.58030667 1.57659412 1.57288129
 1.56916818 1.56545479 1.56174113 1.55802718 1.55431296 1.55059845
 1.54688367 1.5431686  1.53945326 1.53573763 1.53202172 1.52830552
 1.52458905 1.52087229 1.51715525 1.51343793 1.50972032 1.50600243
 1.50228426 1.4985658  1.49484705 1.49112803 1.48740871 1.48368911
 1.47996923 1.47624905 1.47252859 1.46880785 1.46508682 1.4613655
 1.45764389 1.45392199 1.45019981 1.44647733 1.44275457 1.43903152
 1.43530818 1.43158454 1.42786062 1.42413641 1.4204119  1.41668711
 1.41296202 1.40923664 1.40551097 1.40178501 1.39805875 1.3943322
 1.39060536 1.38687822 1.38315079 1.37942306 1.37569504 1.37196673
 1.36823811 1.36450921 1.36078    1.3570505  1.35332071 1.34959061
 1.34586022 1.34212953 1.33839854 1.33466726 1.33093567 1.32720379
 1.32347161 1.31973913 1.31600634 1.31227326 1.30853988 1.30480619
 1.30107221 1.29733792 1.29360333 1.28986844 1.28613324 1.28239774
 1.27866194 1.27492584 1.27118943 1.26745271 1.26371569 1.25997837
 1.25624074 1.25250281 1.24876457 1.24502602 1.24128716 1.237548
 1.23380853 1.23006876 1.22632867 1.22258828 1.21884758 1.21510657
 1.21136525 1.20762362 1.20388168 1.20013942 1.19639686 1.19265399
 1.1889108  1.18516731 1.1814235  1.17767938 1.17393494 1.17019019
 1.16644513 1.16269976 1.15895407 1.15520806 1.15146174 1.14771511
 1.14396815 1.14022089 1.1364733  1.1327254  1.12897719 1.12522865
 1.1214798  1.11773063 1.11398114 1.11023133 1.1064812  1.10273075
 1.09897998 1.09522889 1.09147749 1.08772576 1.0839737  1.08022133
 1.07646863 1.07271562 1.06896228 1.06520861 1.06145462 1.05770031
 1.05394568 1.05019072 1.04643543 1.04267982 1.03892388 1.03516762
 1.03141103 1.02765411 1.02389687 1.0201393  1.0163814  1.01262317
 1.00886462 1.00510573 1.00134652 0.99758698 0.9938271  0.9900669
 0.98630636 0.9825455  0.9787843  0.97502277 0.97126091 0.96749871
 0.96373619 0.95997333 0.95621013 0.95244661 0.94868274 0.94491855
 0.94115401 0.93738915 0.93362394 0.9298584  0.92609253 0.92232632
 0.91855977 0.91479288 0.91102565 0.90725809 0.90349019 0.89972195
 0.89595337 0.89218445 0.88841519 0.88464559 0.88087565 0.87710537
 0.87333475 0.86956378 0.86579248 0.86202083 0.85824884 0.8544765
 0.85070383 0.84693081 0.84315744 0.83938373 0.83560968 0.83183528
 0.82806054 0.82428545 0.82051002 0.81673424 0.81295811 0.80918164
 0.80540482 0.80162765 0.79785014 0.79407227 0.79029406 0.7865155
 0.7827366  0.77895734 0.77517774 0.77139778 0.76761748 0.76383682
 0.76005582 0.75627447 0.75249276 0.74871071 0.7449283  0.74114554
 0.73736244 0.73357898 0.72979516 0.726011   0.72222649 0.71844162
 0.7146564  0.71087083 0.7070849  0.70329862 0.69951199 0.69572501
 0.69193768 0.68814999 0.68436194 0.68057355 0.6767848  0.6729957
 0.66920625 0.66541644 0.66162628 0.65783576 0.6540449  0.65025368
 0.64646211 0.64267018 0.6388779  0.63508527 0.63129229 0.62749896
 0.62370527 0.61991123 0.61611684 0.6123221  0.60852701 0.60529527
 0.60149956 0.5977035  0.59390709 0.59011034 0.58631325 0.58251581
 0.57871802 0.5749199  0.57112143 0.56732262 0.56352347 0.55972398
 0.55592415 0.55212399 0.54832348 0.54452265 0.54072148 0.53691997
 0.53311813 0.52931596 0.52551347 0.52171064 0.51790749 0.51410401
 0.51030022 0.5064961  0.50269166 0.4988869  0.49508183 0.49127644
 0.48747075 0.48366474 0.47985843 0.47605182 0.47224491 0.4684377
 0.46463019 0.46082239 0.45701431 0.45320594 0.44939729 0.44558836
 0.44177916 0.43796969 0.43415996 0.43034997 0.42653972 0.42272922
 0.41891848 0.4151075  0.41129629 0.40748485 0.4036732  0.39986133
 0.39604925 0.39223698 0.38842451 0.38461187 0.38079905 0.37698607
 0.37317293 0.36935966 0.36554625 0.36173271 0.35791907 0.35410533
 0.35029151 0.34647762 0.34266367 0.33884969 0.33503568 0.33122167
 0.32740767 0.3235937  0.31977978 0.31596594 0.3121522  0.30833858
 0.3045251  0.3007118  0.29689871 0.29308584 0.28927325 0.28546095
 0.28164899 0.27783741 0.27402624 0.27021554 0.26640535 0.26259571
 0.25878669 0.25497833 0.25117071 0.24736388 0.24355791 0.23975289
 0.23594889 0.23214599 0.22834429 0.22454389 0.2207449  0.21694743
 0.2131516  0.20935755 0.20556543 0.20177539 0.19798761 0.19420227
 0.19041957 0.18663973 0.182863   0.17908962 0.1753199  0.17155415
 0.16779271 0.16403595 0.16028431 0.15653824 0.15279825 0.14906492
 0.14533888 0.14162082 0.13791155 0.13421194 0.130523   0.12684584
 0.12318173 0.11953213 0.11589866 0.11228323 0.108688   0.10511546
 0.10156851 0.09805055 0.09456554 0.09111814 0.08771393 0.08435952
 0.0810629  0.07783378 0.074684   0.07162825 0.06868488 0.06587707
 0.06323459 0.06079623 0.05861346 0.05675614 0.05532174 0.05445106
 0.05435728 0.05538448 0.0581417  0.06386794]
t =  [1.04106646e+09 1.04106651e+09 1.04106655e+09 1.04106659e+09
 1.04106663e+09 1.04106668e+09 1.04106672e+09 1.04106676e+09
 1.04106681e+09 1.04106685e+09 1.04106689e+09 1.04106693e+09
 1.04106698e+09 1.04106702e+09 1.04106706e+09 1.04106710e+09
 1.04106715e+09 1.04106719e+09 1.04106723e+09 1.04106728e+09
 1.04106732e+09 1.04106736e+09 1.04106740e+09 1.04106745e+09
 1.04106749e+09 1.04106753e+09 1.04106758e+09 1.04106762e+09
 1.04106766e+09 1.04106770e+09 1.04106775e+09 1.04106779e+09
 1.04106783e+09 1.04106788e+09 1.04106792e+09 1.04106796e+09
 1.04106800e+09 1.04106805e+09 1.04106809e+09 1.04106813e+09
 1.04106817e+09 1.04106822e+09 1.04106826e+09 1.04106830e+09
 1.04106835e+09 1.04106839e+09 1.04106843e+09 1.04106847e+09
 1.04106852e+09 1.04106856e+09 1.04106860e+09 1.04106865e+09
 1.04106869e+09 1.04106873e+09 1.04106877e+09 1.04106882e+09
 1.04106886e+09 1.04106890e+09 1.04106894e+09 1.04106899e+09
 1.04106903e+09 1.04106907e+09 1.04106912e+09 1.04106916e+09
 1.04106920e+09 1.04106924e+09 1.04106929e+09 1.04106933e+09
 1.04106937e+09 1.04106942e+09 1.04106946e+09 1.04106950e+09
 1.04106954e+09 1.04106959e+09 1.04106963e+09 1.04106967e+09
 1.04106971e+09 1.04106976e+09 1.04106980e+09 1.04106984e+09
 1.04106989e+09 1.04106993e+09 1.04106997e+09 1.04107001e+09
 1.04107006e+09 1.04107010e+09 1.04107014e+09 1.04107019e+09
 1.04107023e+09 1.04107027e+09 1.04107031e+09 1.04107036e+09
 1.04107040e+09 1.04107044e+09 1.04107048e+09 1.04107053e+09
 1.04107057e+09 1.04107061e+09 1.04107066e+09 1.04107070e+09
 1.04107074e+09 1.04107078e+09 1.04107083e+09 1.04107087e+09
 1.04107091e+09 1.04107096e+09 1.04107100e+09 1.04107104e+09
 1.04107108e+09 1.04107113e+09 1.04107117e+09 1.04107121e+09
 1.04107125e+09 1.04107130e+09 1.04107134e+09 1.04107138e+09
 1.04107143e+09 1.04107147e+09 1.04107151e+09 1.04107155e+09
 1.04107160e+09 1.04107164e+09 1.04107168e+09 1.04107173e+09
 1.04107177e+09 1.04107181e+09 1.04107185e+09 1.04107190e+09
 1.04107194e+09 1.04107198e+09 1.04107203e+09 1.04107207e+09
 1.04107211e+09 1.04107215e+09 1.04107220e+09 1.04107224e+09
 1.04107228e+09 1.04107232e+09 1.04107237e+09 1.04107241e+09
 1.04107245e+09 1.04107250e+09 1.04107254e+09 1.04107258e+09
 1.04107262e+09 1.04107267e+09 1.04107271e+09 1.04107275e+09
 1.04107280e+09 1.04107284e+09 1.04107288e+09 1.04107292e+09
 1.04107297e+09 1.04107301e+09 1.04107305e+09 1.04107309e+09
 1.04107314e+09 1.04107318e+09 1.04107322e+09 1.04107327e+09
 1.04107331e+09 1.04107335e+09 1.04107339e+09 1.04107344e+09
 1.04107348e+09 1.04107352e+09 1.04107357e+09 1.04107361e+09
 1.04107365e+09 1.04107369e+09 1.04107374e+09 1.04107378e+09
 1.04107382e+09 1.04107386e+09 1.04107391e+09 1.04107395e+09
 1.04107399e+09 1.04107404e+09 1.04107408e+09 1.04107412e+09
 1.04107416e+09 1.04107421e+09 1.04107425e+09 1.04107429e+09
 1.04107434e+09 1.04107438e+09 1.04107442e+09 1.04107446e+09
 1.04107451e+09 1.04107455e+09 1.04107459e+09 1.04107463e+09
 1.04107468e+09 1.04107472e+09 1.04107476e+09 1.04107481e+09
 1.04107485e+09 1.04107489e+09 1.04107493e+09 1.04107498e+09
 1.04107502e+09 1.04107506e+09 1.04107511e+09 1.04107515e+09
 1.04107519e+09 1.04107523e+09 1.04107528e+09 1.04107532e+09
 1.04107536e+09 1.04107540e+09 1.04107545e+09 1.04107549e+09
 1.04107553e+09 1.04107558e+09 1.04107562e+09 1.04107566e+09
 1.04107570e+09 1.04107575e+09 1.04107579e+09 1.04107583e+09
 1.04107588e+09 1.04107592e+09 1.04107596e+09 1.04107600e+09
 1.04107605e+09 1.04107609e+09 1.04107613e+09 1.04107618e+09
 1.04107622e+09 1.04107626e+09 1.04107630e+09 1.04107635e+09
 1.04107639e+09 1.04107643e+09 1.04107647e+09 1.04107652e+09
 1.04107656e+09 1.04107660e+09 1.04107665e+09 1.04107669e+09
 1.04107673e+09 1.04107677e+09 1.04107682e+09 1.04107686e+09
 1.04107690e+09 1.04107695e+09 1.04107699e+09 1.04107703e+09
 1.04107707e+09 1.04107712e+09 1.04107716e+09 1.04107720e+09
 1.04107724e+09 1.04107729e+09 1.04107733e+09 1.04107737e+09
 1.04107742e+09 1.04107746e+09 1.04107750e+09 1.04107754e+09
 1.04107759e+09 1.04107763e+09 1.04107767e+09 1.04107772e+09
 1.04107776e+09 1.04107780e+09 1.04107784e+09 1.04107789e+09
 1.04107793e+09 1.04107797e+09 1.04107801e+09 1.04107806e+09
 1.04107810e+09 1.04107814e+09 1.04107819e+09 1.04107823e+09
 1.04107827e+09 1.04107831e+09 1.04107836e+09 1.04107840e+09
 1.04107844e+09 1.04107849e+09 1.04107853e+09 1.04107857e+09
 1.04107861e+09 1.04107866e+09 1.04107870e+09 1.04107874e+09
 1.04107878e+09 1.04107883e+09 1.04107887e+09 1.04107891e+09
 1.04107896e+09 1.04107900e+09 1.04107904e+09 1.04107908e+09
 1.04107913e+09 1.04107917e+09 1.04107921e+09 1.04107926e+09
 1.04107930e+09 1.04107934e+09 1.04107938e+09 1.04107943e+09
 1.04107947e+09 1.04107951e+09 1.04107955e+09 1.04107960e+09
 1.04107964e+09 1.04107968e+09 1.04107973e+09 1.04107977e+09
 1.04107981e+09 1.04107985e+09 1.04107990e+09 1.04107994e+09
 1.04107998e+09 1.04108003e+09 1.04108007e+09 1.04108011e+09
 1.04108015e+09 1.04108020e+09 1.04108024e+09 1.04108028e+09
 1.04108033e+09 1.04108037e+09 1.04108041e+09 1.04108045e+09
 1.04108050e+09 1.04108054e+09 1.04108058e+09 1.04108062e+09
 1.04108067e+09 1.04108071e+09 1.04108075e+09 1.04108080e+09
 1.04108084e+09 1.04108088e+09 1.04108092e+09 1.04108097e+09
 1.04108101e+09 1.04108105e+09 1.04108110e+09 1.04108114e+09
 1.04108118e+09 1.04108122e+09 1.04108127e+09 1.04108131e+09
 1.04108135e+09 1.04108139e+09 1.04108144e+09 1.04108148e+09
 1.04108152e+09 1.04108157e+09 1.04108161e+09 1.04108165e+09
 1.04108169e+09 1.04108174e+09 1.04108178e+09 1.04108182e+09
 1.04108187e+09 1.04108191e+09 1.04108195e+09 1.04108199e+09
 1.04108204e+09 1.04108208e+09 1.04108212e+09 1.04108216e+09
 1.04108221e+09 1.04108225e+09 1.04108229e+09 1.04108234e+09
 1.04108238e+09 1.04108242e+09 1.04108246e+09 1.04108251e+09
 1.04108255e+09 1.04108259e+09 1.04108264e+09 1.04108268e+09
 1.04108272e+09 1.04108276e+09 1.04108281e+09 1.04108285e+09
 1.04108289e+09 1.04108293e+09 1.04108298e+09 1.04108302e+09
 1.04108306e+09 1.04108311e+09 1.04108315e+09 1.04108319e+09
 1.04108323e+09 1.04108328e+09 1.04108332e+09 1.04108336e+09
 1.04108341e+09 1.04108345e+09 1.04108349e+09 1.04108353e+09
 1.04108358e+09 1.04108362e+09 1.04108366e+09 1.04108370e+09
 1.04108375e+09 1.04108379e+09 1.04108383e+09 1.04108388e+09
 1.04108392e+09 1.04108396e+09 1.04108400e+09 1.04108405e+09
 1.04108409e+09 1.04108413e+09 1.04108418e+09 1.04108422e+09
 1.04108426e+09 1.04108430e+09 1.04108435e+09 1.04108439e+09
 1.04108443e+09 1.04108447e+09 1.04108452e+09 1.04108456e+09
 1.04108460e+09 1.04108465e+09 1.04108469e+09 1.04108473e+09
 1.04108477e+09 1.04108482e+09 1.04108486e+09 1.04108490e+09
 1.04108495e+09 1.04108499e+09 1.04108503e+09 1.04108507e+09
 1.04108512e+09 1.04108516e+09 1.04108520e+09 1.04108525e+09
 1.04108529e+09 1.04108533e+09 1.04108537e+09 1.04108542e+09
 1.04108546e+09 1.04108550e+09 1.04108554e+09 1.04108559e+09
 1.04108563e+09 1.04108567e+09 1.04108572e+09 1.04108576e+09
 1.04108580e+09 1.04108584e+09 1.04108589e+09 1.04108593e+09
 1.04108597e+09 1.04108602e+09 1.04108606e+09 1.04108610e+09
 1.04108614e+09 1.04108619e+09 1.04108623e+09 1.04108627e+09
 1.04108631e+09 1.04108636e+09 1.04108640e+09 1.04108644e+09
 1.04108649e+09 1.04108653e+09 1.04108657e+09 1.04108661e+09
 1.04108666e+09 1.04108670e+09 1.04108674e+09 1.04108679e+09
 1.04108683e+09 1.04108687e+09 1.04108691e+09 1.04108696e+09
 1.04108700e+09 1.04108704e+09 1.04108708e+09 1.04108713e+09
 1.04108717e+09 1.04108721e+09 1.04108726e+09 1.04108730e+09
 1.04108734e+09 1.04108738e+09 1.04108743e+09 1.04108747e+09
 1.04108751e+09 1.04108756e+09 1.04108760e+09 1.04108764e+09
 1.04108768e+09 1.04108773e+09 1.04108777e+09 1.04108781e+09
 1.04108785e+09 1.04108790e+09 1.04108794e+09 1.04108798e+09
 1.04108803e+09 1.04108807e+09 1.04108811e+09 1.04108815e+09
 1.04108820e+09 1.04108824e+09 1.04108828e+09 1.04108833e+09
 1.04108837e+09 1.04108841e+09 1.04108845e+09 1.04108850e+09
 1.04108854e+09 1.04108858e+09 1.04108862e+09 1.04108867e+09
 1.04108871e+09 1.04108875e+09 1.04108880e+09 1.04108884e+09
 1.04108888e+09 1.04108892e+09 1.04108897e+09 1.04108901e+09
 1.04108905e+09 1.04108910e+09 1.04108914e+09 1.04108918e+09
 1.04108922e+09 1.04108927e+09 1.04108931e+09 1.04108935e+09
 1.04108940e+09 1.04108944e+09 1.04108948e+09 1.04108952e+09
 1.04108957e+09 1.04108961e+09 1.04108965e+09 1.04108969e+09
 1.04108974e+09 1.04108978e+09 1.04108982e+09 1.04108987e+09
 1.04108991e+09 1.04108995e+09 1.04108999e+09 1.04109004e+09
 1.04109008e+09 1.04109012e+09 1.04109017e+09 1.04109021e+09
 1.04109025e+09 1.04109029e+09 1.04109034e+09 1.04109038e+09
 1.04109042e+09 1.04109046e+09 1.04109051e+09 1.04109055e+09
 1.04109059e+09 1.04109064e+09 1.04109068e+09 1.04109072e+09
 1.04109076e+09 1.04109081e+09 1.04109085e+09 1.04109089e+09
 1.04109094e+09 1.04109098e+09 1.04109102e+09 1.04109106e+09
 1.04109111e+09 1.04109115e+09 1.04109119e+09 1.04109123e+09
 1.04109128e+09 1.04109132e+09 1.04109136e+09 1.04109141e+09
 1.04109145e+09 1.04109149e+09 1.04109153e+09 1.04109158e+09
 1.04109162e+09 1.04109166e+09 1.04109171e+09 1.04109175e+09
 1.04109179e+09 1.04109183e+09 1.04109188e+09 1.04109192e+09
 1.04109196e+09 1.04109200e+09 1.04109205e+09 1.04109209e+09
 1.04109213e+09 1.04109218e+09 1.04109222e+09 1.04109226e+09
 1.04109230e+09 1.04109235e+09 1.04109239e+09 1.04109243e+09
 1.04109248e+09 1.04109252e+09 1.04109256e+09 1.04109260e+09
 1.04109265e+09 1.04109269e+09 1.04109273e+09 1.04109277e+09
 1.04109282e+09 1.04109286e+09 1.04109290e+09 1.04109295e+09
 1.04109299e+09 1.04109303e+09 1.04109307e+09 1.04109312e+09
 1.04109316e+09 1.04109320e+09 1.04109325e+09 1.04109329e+09
 1.04109333e+09 1.04109337e+09 1.04109342e+09 1.04109346e+09
 1.04109350e+09 1.04109355e+09 1.04109359e+09 1.04109363e+09
 1.04109367e+09 1.04109372e+09 1.04109376e+09 1.04109380e+09
 1.04109384e+09 1.04109389e+09 1.04109393e+09 1.04109397e+09
 1.04109402e+09 1.04109406e+09 1.04109410e+09 1.04109414e+09
 1.04109419e+09 1.04109423e+09 1.04109427e+09 1.04109432e+09
 1.04109436e+09 1.04109440e+09 1.04109444e+09 1.04109449e+09
 1.04109453e+09 1.04109457e+09 1.04109461e+09 1.04109466e+09
 1.04109470e+09 1.04109474e+09 1.04109479e+09 1.04109483e+09
 1.04109487e+09 1.04109491e+09 1.04109496e+09 1.04109500e+09
 1.04109504e+09 1.04109509e+09 1.04109513e+09 1.04109517e+09
 1.04109521e+09 1.04109526e+09 1.04109530e+09 1.04109534e+09
 1.04109538e+09 1.04109543e+09 1.04109547e+09 1.04109551e+09
 1.04109556e+09 1.04109560e+09 1.04109564e+09 1.04109568e+09
 1.04109573e+09 1.04109577e+09 1.04109581e+09 1.04109586e+09
 1.04109590e+09 1.04109594e+09 1.04109598e+09 1.04109603e+09
 1.04109607e+09 1.04109611e+09 1.04109615e+09 1.04109620e+09
 1.04109624e+09 1.04109628e+09 1.04109633e+09 1.04109637e+09
 1.04109641e+09 1.04109645e+09 1.04109650e+09 1.04109654e+09
 1.04109658e+09 1.04109663e+09 1.04109667e+09 1.04109671e+09
 1.04109675e+09 1.04109680e+09 1.04109684e+09 1.04109688e+09
 1.04109692e+09 1.04109697e+09 1.04109701e+09 1.04109705e+09
 1.04109710e+09 1.04109714e+09 1.04109718e+09 1.04109722e+09
 1.04109727e+09 1.04109731e+09 1.04109735e+09 1.04109740e+09
 1.04109744e+09 1.04109748e+09 1.04109752e+09 1.04109757e+09
 1.04109761e+09 1.04109765e+09 1.04109770e+09 1.04109774e+09
 1.04109778e+09 1.04109782e+09 1.04109787e+09 1.04109791e+09
 1.04109795e+09 1.04109799e+09 1.04109804e+09 1.04109808e+09
 1.04109812e+09 1.04109817e+09 1.04109821e+09 1.04109825e+09
 1.04109829e+09 1.04109834e+09 1.04109838e+09 1.04109842e+09
 1.04109847e+09 1.04109851e+09 1.04109855e+09 1.04109859e+09
 1.04109864e+09 1.04109868e+09 1.04109872e+09 1.04109876e+09
 1.04109881e+09 1.04109885e+09 1.04109889e+09 1.04109894e+09
 1.04109898e+09 1.04109902e+09 1.04109906e+09 1.04109911e+09
 1.04109915e+09 1.04109919e+09 1.04109924e+09 1.04109928e+09
 1.04109932e+09 1.04109936e+09 1.04109941e+09 1.04109945e+09
 1.04109949e+09 1.04109953e+09 1.04109958e+09 1.04109962e+09
 1.04109966e+09 1.04109971e+09 1.04109975e+09 1.04109979e+09
 1.04109983e+09 1.04109988e+09 1.04109992e+09 1.04109996e+09
 1.04110001e+09 1.04110005e+09 1.04110009e+09 1.04110013e+09
 1.04110018e+09 1.04110022e+09 1.04110026e+09 1.04110030e+09
 1.04110035e+09 1.04110039e+09 1.04110043e+09 1.04110048e+09
 1.04110052e+09 1.04110056e+09 1.04110060e+09 1.04110065e+09
 1.04110069e+09 1.04110073e+09 1.04110078e+09 1.04110082e+09
 1.04110086e+09 1.04110090e+09 1.04110095e+09 1.04110099e+09
 1.04110103e+09 1.04110107e+09 1.04110112e+09 1.04110116e+09
 1.04110120e+09 1.04110125e+09 1.04110129e+09 1.04110133e+09
 1.04110137e+09 1.04110142e+09 1.04110146e+09 1.04110150e+09
 1.04110155e+09 1.04110159e+09 1.04110163e+09 1.04110167e+09
 1.04110172e+09 1.04110176e+09 1.04110180e+09 1.04110185e+09
 1.04110189e+09 1.04110193e+09 1.04110197e+09 1.04110202e+09
 1.04110206e+09 1.04110210e+09 1.04110214e+09 1.04110219e+09
 1.04110223e+09 1.04110227e+09 1.04110232e+09 1.04110236e+09
 1.04110240e+09 1.04110244e+09 1.04110249e+09 1.04110253e+09
 1.04110257e+09 1.04110262e+09 1.04110266e+09 1.04110270e+09
 1.04110274e+09 1.04110279e+09 1.04110283e+09 1.04110287e+09
 1.04110291e+09 1.04110296e+09 1.04110300e+09 1.04110304e+09
 1.04110309e+09 1.04110313e+09 1.04110317e+09 1.04110321e+09
 1.04110326e+09 1.04110330e+09 1.04110334e+09 1.04110339e+09
 1.04110343e+09 1.04110347e+09 1.04110351e+09 1.04110356e+09
 1.04110360e+09 1.04110364e+09 1.04110368e+09 1.04110373e+09
 1.04110377e+09 1.04110381e+09 1.04110386e+09 1.04110390e+09
 1.04110394e+09 1.04110398e+09 1.04110403e+09 1.04110407e+09
 1.04110411e+09 1.04110416e+09 1.04110420e+09 1.04110424e+09
 1.04110428e+09 1.04110433e+09 1.04110437e+09 1.04110441e+09
 1.04110445e+09 1.04110450e+09 1.04110454e+09 1.04110458e+09
 1.04110463e+09 1.04110467e+09 1.04110471e+09 1.04110475e+09
 1.04110480e+09 1.04110484e+09 1.04110488e+09 1.04110493e+09
 1.04110497e+09 1.04110501e+09 1.04110505e+09 1.04110510e+09
 1.04110514e+09 1.04110518e+09 1.04110522e+09 1.04110527e+09
 1.04110531e+09 1.04110535e+09 1.04110540e+09 1.04110544e+09
 1.04110548e+09 1.04110552e+09 1.04110557e+09 1.04110561e+09
 1.04110565e+09 1.04110570e+09 1.04110574e+09 1.04110578e+09
 1.04110582e+09 1.04110587e+09 1.04110591e+09 1.04110595e+09
 1.04110600e+09 1.04110604e+09 1.04110608e+09 1.04110612e+09
 1.04110617e+09 1.04110621e+09 1.04110625e+09 1.04110629e+09
 1.04110634e+09 1.04110638e+09 1.04110642e+09 1.04110647e+09
 1.04110651e+09 1.04110655e+09 1.04110659e+09 1.04110664e+09
 1.04110668e+09 1.04110672e+09 1.04110677e+09 1.04110681e+09
 1.04110685e+09 1.04110689e+09 1.04110694e+09 1.04110698e+09
 1.04110702e+09 1.04110706e+09 1.04110711e+09 1.04110715e+09
 1.04110719e+09 1.04110724e+09 1.04110728e+09 1.04110732e+09
 1.04110736e+09 1.04110741e+09 1.04110745e+09 1.04110749e+09
 1.04110754e+09 1.04110758e+09 1.04110762e+09 1.04110766e+09
 1.04110771e+09 1.04110775e+09 1.04110779e+09 1.04110783e+09
 1.04110788e+09 1.04110792e+09 1.04110796e+09 1.04110801e+09
 1.04110805e+09 1.04110809e+09 1.04110813e+09 1.04110818e+09
 1.04110822e+09 1.04110826e+09 1.04110831e+09 1.04110835e+09
 1.04110839e+09 1.04110843e+09 1.04110848e+09 1.04110852e+09
 1.04110856e+09 1.04110860e+09 1.04110865e+09 1.04110869e+09
 1.04110873e+09 1.04110878e+09 1.04110882e+09 1.04110886e+09
 1.04110890e+09 1.04110895e+09 1.04110899e+09 1.04110903e+09
 1.04110908e+09 1.04110912e+09 1.04110916e+09 1.04110920e+09]
minRes = 0.0543572836740899
minResTime =  [1.04110908e+09]
