name =JUICE_ROI_CAL_1_0_02
flyby =  ['2033 JUL 16 02:11:44', '2033 JUL 17 02:11:44']
Observation TW =  <SpiceCell dtype = 1, length = 0, size = 3200, card = 12, is_set = 1, adjust = 0, init = 1, base = 2554797171840, data = 2554797171888>
Res(t) =  [3.3776168  3.37427778 3.37093868 3.3675995  3.36426025 3.36092092
 3.35758151 3.35424202 3.35090246 3.34756282 3.34422311 3.34088332
 3.33754345 3.33420351 3.33086349 3.32752339 3.32418322 3.32084297
 3.31750265 3.31416225 3.31082177 3.30748122 3.3041406  3.30079989
 3.29745912 3.29411826 3.29077734 3.28743633 3.28409525 3.2807541
 3.27741287 3.27407157 3.27073019 3.26738874 3.26404721 3.2607056
 3.25736393 3.25402218 3.25068035 3.24733845 3.24399647 3.24065442
 3.2373123  3.2339701  3.23062783 3.22728549 3.22394307 3.22060058
 3.21725801 3.21391537 3.21057265 3.20722987 3.20388701 3.20054407
 3.19720107 3.19385798 3.19051483 3.1871716  3.1838283  3.18048493
 3.17714149 3.17379797 3.17045438 3.16711071 3.16376698 3.16042317
 3.15707929 3.15373534 3.15039131 3.14704721 3.14370304 3.1403588
 3.13701449 3.1336701  3.13032564 3.12698111 3.12363651 3.12029184
 3.1169471  3.11360228 3.11025739 3.10691244 3.10356741 3.10022231
 3.09687713 3.09353189 3.09018658 3.08684119 3.08349574 3.08015021
 3.07680461 3.07345895 3.07011321 3.0667674  3.06342152 3.06007557
 3.05672955 3.05338346 3.0500373  3.04669107 3.04334477 3.0399984
 3.03665197 3.03330546 3.02995888 3.02661223 3.02326551 3.01991872
 3.01657187 3.01322494 3.00987795 3.00653088 3.00318375 2.99983654
 2.99648927 2.99314193 2.98979452 2.98644705 2.9830995  2.97975188
 2.9764042  2.97305645 2.96970863 2.96636074 2.96301278 2.95966475
 2.95631666 2.9529685  2.94962027 2.94627197 2.94292361 2.93957517
 2.93622667 2.9328781  2.92952947 2.92618077 2.92283199 2.91948316
 2.91613425 2.91278528 2.90943624 2.90608713 2.90273796 2.89938872
 2.89603941 2.89269004 2.8893406  2.88599109 2.88264151 2.87929187
 2.87594217 2.87259239 2.86924255 2.86589265 2.86254267 2.85919264
 2.85584253 2.85249236 2.84914213 2.84579182 2.84244146 2.83909102
 2.83574053 2.83238996 2.82903933 2.82568864 2.82233788 2.81898705
 2.81563616 2.8122852  2.80893418 2.8055831  2.80223195 2.79888073
 2.79552945 2.79217811 2.7888267  2.78547522 2.78212368 2.77877208
 2.77542041 2.77206868 2.76871689 2.76536503 2.7620131  2.75866111
 2.75530906 2.75195695 2.74860477 2.74525252 2.74190022 2.73854785
 2.73519541 2.73184292 2.72849035 2.72513773 2.72178504 2.71843229
 2.71507948 2.7117266  2.70837366 2.70502066 2.7016676  2.69831447
 2.69496128 2.69160802 2.68825471 2.68490133 2.68154789 2.67819438
 2.67484082 2.67148719 2.6681335  2.66477975 2.66142594 2.65807206
 2.65471812 2.65136412 2.64801006 2.64465594 2.64130175 2.63794751
 2.6345932  2.63123883 2.6278844  2.62452991 2.62117536 2.61782074
 2.61446607 2.61111133 2.60775653 2.60440168 2.60104676 2.59769178
 2.59433674 2.59098164 2.58762648 2.58427125 2.58091597 2.57756063
 2.57420523 2.57084977 2.56749424 2.56413866 2.56078302 2.55742731
 2.55407155 2.55071573 2.54735985 2.5440039  2.5406479  2.53729184
 2.53393572 2.53057954 2.5272233  2.523867   2.52051065 2.51715423
 2.51379775 2.51044122 2.50708462 2.50372797 2.50037126 2.49701449
 2.49365766 2.49030077 2.48694383 2.48358682 2.48022976 2.47687264
 2.47351546 2.47015822 2.46680093 2.46344357 2.46008616 2.45672869
 2.45337116 2.45001358 2.44665593 2.44329823 2.43994047 2.43658266
 2.43322478 2.42986685 2.42650886 2.42315082 2.41979271 2.41643455
 2.41307634 2.40971806 2.40635973 2.40300134 2.3996429  2.3962844
 2.39292584 2.38956722 2.38620855 2.38284982 2.37949104 2.37613219
 2.3727733  2.36941434 2.36605533 2.36269627 2.35933715 2.35597797
 2.35261873 2.34925944 2.3459001  2.3425407  2.33918124 2.33582172
 2.33246216 2.32910253 2.32574285 2.32238312 2.31902333 2.31566348
 2.31230358 2.30894363 2.30558362 2.30222355 2.29886343 2.29550325
 2.29214302 2.28878274 2.2854224  2.282062   2.27870156 2.27534105
 2.27198049 2.26861988 2.26525922 2.2618985  2.25853772 2.25517689
 2.25181601 2.24845507 2.24509408 2.24173304 2.23837194 2.23501078
 2.23164958 2.22828832 2.22492701 2.22156564 2.21820422 2.21484275
 2.21148122 2.20811964 2.20475801 2.20139632 2.19803458 2.19467279
 2.19131094 2.18794904 2.18458709 2.18122509 2.17786303 2.17450092
 2.17113876 2.16777655 2.16441428 2.16105196 2.15768959 2.15432717
 2.15096469 2.14760216 2.14423958 2.14087695 2.13751427 2.13415153
 2.13078874 2.1274259  2.12406301 2.12070007 2.11733708 2.11397403
 2.11061093 2.10724778 2.10388458 2.10052133 2.09715803 2.09379467
 2.09043127 2.08706781 2.08370431 2.08034075 2.07697714 2.07361348
 2.07024977 2.06688601 2.0635222  2.06015833 2.05679442 2.05343046
 2.05006644 2.04670238 2.04333826 2.0399741  2.03660988 2.03324562
 2.0298813  2.02651694 2.02315252 2.01978806 2.01642354 2.01305898
 2.00969437 2.0063297  2.00296499 1.99960023 1.99623541 1.99287055
 1.98950564 1.98614068 1.98277567 1.97941061 1.9760455  1.97268035
 1.96931514 1.96594988 1.96258458 1.95921923 1.95585383 1.95248838
 1.94912288 1.94575733 1.94239173 1.93902609 1.9356604  1.93229465
 1.92892886 1.92556303 1.92219714 1.91883121 1.91546522 1.91209919
 1.90873311 1.90536699 1.90200081 1.89863459 1.89526832 1.891902
 1.88853564 1.88516922 1.88180276 1.87843626 1.8750697  1.8717031
 1.86833645 1.86496975 1.86160301 1.85823621 1.85486938 1.85150249
 1.84813556 1.84476858 1.84140155 1.83803448 1.83466736 1.83130019
 1.82793298 1.82456572 1.82119841 1.81783106 1.81446366 1.81109621
 1.80772872 1.80436118 1.80099359 1.79762596 1.79425829 1.79089056
 1.78752279 1.78415498 1.78078712 1.77741921 1.77405126 1.77068326
 1.76731521 1.76394712 1.76057899 1.75721081 1.75384258 1.75047431
 1.74710599 1.74373763 1.74036922 1.73700077 1.73363227 1.73026373
 1.72689514 1.72352651 1.72015783 1.7167891  1.71342034 1.71005152
 1.70668267 1.70331376 1.69994482 1.69657583 1.69320679 1.68983771
 1.68646858 1.68309941 1.6797302  1.67636094 1.67299164 1.66962229
 1.6662529  1.66288347 1.65951399 1.65614447 1.6527749  1.64940529
 1.64603564 1.64266594 1.6392962  1.63592641 1.63255658 1.62918671
 1.6258168  1.62244684 1.61907683 1.61570679 1.6123367  1.60896656
 1.60559639 1.60222617 1.59885591 1.5954856  1.59211525 1.58874486
 1.58537443 1.58200395 1.57863343 1.57526287 1.57189226 1.56852161
 1.56515092 1.56178019 1.55840941 1.5550386  1.55166774 1.54829683
 1.54492589 1.5415549  1.53818387 1.5348128  1.53144168 1.52807053
 1.52469933 1.52132809 1.51795681 1.51458548 1.51121412 1.50784271
 1.50447126 1.50109977 1.49772823 1.49435666 1.49098504 1.48761339
 1.48424169 1.48086995 1.47749816 1.47412634 1.47075448 1.46738257
 1.46401063 1.46063864 1.45726661 1.45389454 1.45052243 1.44715028
 1.44377808 1.44040585 1.43703358 1.43366126 1.4302889  1.42691651
 1.42354407 1.42017159 1.41679908 1.41342652 1.41005392 1.40668128
 1.4033086  1.39993588 1.39656312 1.39319032 1.38981748 1.3864446
 1.38307168 1.37969872 1.37632572 1.37295268 1.3695796  1.36620648
 1.36283332 1.35946012 1.35608688 1.3527136  1.34934028 1.34596693
 1.34259353 1.33922009 1.33584662 1.3324731  1.32909955 1.32572595
 1.32235232 1.31897865 1.31560494 1.31223119 1.3088574  1.30548357
 1.3021097  1.2987358  1.29536185 1.29198787 1.28861385 1.28523979
 1.28186569 1.27849155 1.27511737 1.27174316 1.26836891 1.26499462
 1.26162029 1.25824592 1.25487151 1.25149707 1.24812259 1.24474807
 1.24137351 1.23799891 1.23462428 1.2312496  1.22787489 1.22450015
 1.22112536 1.21775054 1.21437568 1.21100078 1.20762585 1.20425087
 1.20087586 1.19750081 1.19412573 1.19075061 1.18737545 1.18400025
 1.18062502 1.17724975 1.17387444 1.1704991  1.16712372 1.1637483
 1.16037284 1.15699735 1.15362182 1.15024626 1.14687066 1.14349502
 1.14011935 1.13674364 1.13336789 1.12999211 1.12661629 1.12324043
 1.11986454 1.11648862 1.11311265 1.10973666 1.10636062 1.10298455
 1.09960845 1.09623231 1.09285613 1.08947992 1.08610367 1.08272739
 1.07935107 1.07597471 1.07259833 1.0692219  1.06584544 1.06246895
 1.05909242 1.05571586 1.05233926 1.04896263 1.04558596 1.04220926
 1.03883253 1.03545576 1.03207895 1.02870212 1.02532524 1.02194834
 1.0185714  1.01519442 1.01181742 1.00844037 1.0050633  1.00168619
 0.99830905 0.99493188 0.99155467 0.98817743 0.98480015 0.98142285
 0.97804551 0.97466813 0.97129073 0.96791329 0.96453582 0.96115832
 0.95778078 0.95440322 0.95102562 0.94764799 0.94427033 0.94089263
 0.93751491 0.93413715 0.93075936 0.92738154 0.92400369 0.92062581
 0.9172479  0.91386996 0.91049198 0.90711398 0.90373595 0.90035788
 0.89697979 0.89360166 0.89022351 0.88684533 0.88346712 0.88008887
 0.8767106  0.87333231 0.86995398 0.86657562 0.86319724 0.85981882
 0.85644038 0.85306191 0.84968342 0.84630489 0.84292634 0.83954777
 0.83616916 0.83279053 0.82941187 0.82603319 0.82265448 0.81927574
 0.81589698 0.81251819 0.80913938 0.80576055 0.80238168 0.7990028
 0.79562389 0.79224496 0.788866   0.78548702 0.78210802 0.77872899
 0.77534994 0.77197087 0.76859178 0.76521267 0.76183353 0.75845438
 0.7550752  0.75169601 0.74831679 0.74493756 0.74155831 0.73817903
 0.73479974 0.73142043 0.72804111 0.72466177 0.72128241 0.71790303
 0.71452364 0.71114424 0.70776482 0.70438538 0.70100593 0.69762647
 0.694247   0.69086751 0.68748801 0.6841085  0.68072898 0.67734945
 0.67396991 0.67059037 0.66721081 0.66383125 0.66045168 0.6570721
 0.65369252 0.65031294 0.64693335 0.64355375 0.64017416 0.63679456
 0.63341496 0.63003537 0.62665577 0.62327618 0.61989659 0.616517
 0.61313742 0.60975784 0.60637827 0.60299871 0.59961916 0.59623962
 0.59286008 0.58948057 0.58610106 0.58272157 0.5793421  0.57596264
 0.5725832  0.56920379 0.56582439 0.56244502 0.55906567 0.55568635
 0.55230706 0.54892779 0.54554856 0.54216936 0.5387902  0.53541107
 0.53203198 0.52983832 0.52645865 0.52307902 0.51969943 0.51631988
 0.51294037 0.50956091 0.5061815  0.50280213 0.49942282 0.49604357
 0.49266437 0.48928523 0.48590616 0.48252715 0.47914821 0.47576935
 0.47239056 0.46901185 0.46563322 0.46225468 0.45887623 0.45549787
 0.45211961 0.44874145 0.44536339 0.44198545 0.43860762 0.43522991
 0.43185232 0.42847487 0.42509755 0.42172036 0.41834333 0.41496644
 0.41158971 0.40821315 0.40483676 0.40146054 0.39808451 0.39470867
 0.39133303 0.3879576  0.38458238 0.38120739 0.37783263 0.37445811
 0.37108384 0.36770984 0.36433611 0.36096267 0.35758951 0.35421667
 0.35084415 0.34747196 0.34410012 0.34072863 0.33735753 0.33398681
 0.3306165  0.32724662 0.32387718 0.3205082  0.3171397  0.31377171
 0.31040423 0.3070373  0.30367094 0.30030518 0.29694003 0.29357553
 0.2902117  0.28684859 0.28348621 0.2801246  0.2767638  0.27340384
 0.27004477 0.26668662 0.26332944 0.25997328 0.25661818 0.2532642
 0.24991138 0.2465598  0.24320951 0.23986057 0.23651306 0.23316705
 0.22982262 0.22647985 0.22313883 0.21979966 0.21646243 0.21312726
 0.20979426 0.20646355 0.20313527 0.19980956 0.19648657 0.19316647
 0.18984942 0.18653563 0.1832253  0.17991865 0.17661591 0.17331736
 0.17002326 0.16673392 0.16344969 0.16017091 0.15689798 0.15363133
 0.15037145 0.14711884 0.14387407 0.14063778 0.13741066 0.13419346
 0.13098706 0.12779238 0.12461049 0.12144256 0.11828991 0.11515403
 0.1120366  0.1089395  0.10586489 0.10281522 0.0997933  0.09680236
 0.09384613 0.09092892 0.08805579 0.08523263 0.08246644 0.0797655
 0.07713972 0.07460103 0.07216396 0.06984633 0.06767024 0.06566344
 0.06386126 0.06230945 0.06106842 0.06021987 0.05987778 0.0602075
 0.06146153 0.06405355 0.06873092 0.07705454]
t =  [1.05836477e+09 1.05836482e+09 1.05836486e+09 1.05836490e+09
 1.05836494e+09 1.05836499e+09 1.05836503e+09 1.05836507e+09
 1.05836511e+09 1.05836516e+09 1.05836520e+09 1.05836524e+09
 1.05836529e+09 1.05836533e+09 1.05836537e+09 1.05836541e+09
 1.05836546e+09 1.05836550e+09 1.05836554e+09 1.05836558e+09
 1.05836563e+09 1.05836567e+09 1.05836571e+09 1.05836576e+09
 1.05836580e+09 1.05836584e+09 1.05836588e+09 1.05836593e+09
 1.05836597e+09 1.05836601e+09 1.05836605e+09 1.05836610e+09
 1.05836614e+09 1.05836618e+09 1.05836622e+09 1.05836627e+09
 1.05836631e+09 1.05836635e+09 1.05836640e+09 1.05836644e+09
 1.05836648e+09 1.05836652e+09 1.05836657e+09 1.05836661e+09
 1.05836665e+09 1.05836669e+09 1.05836674e+09 1.05836678e+09
 1.05836682e+09 1.05836687e+09 1.05836691e+09 1.05836695e+09
 1.05836699e+09 1.05836704e+09 1.05836708e+09 1.05836712e+09
 1.05836716e+09 1.05836721e+09 1.05836725e+09 1.05836729e+09
 1.05836733e+09 1.05836738e+09 1.05836742e+09 1.05836746e+09
 1.05836751e+09 1.05836755e+09 1.05836759e+09 1.05836763e+09
 1.05836768e+09 1.05836772e+09 1.05836776e+09 1.05836780e+09
 1.05836785e+09 1.05836789e+09 1.05836793e+09 1.05836798e+09
 1.05836802e+09 1.05836806e+09 1.05836810e+09 1.05836815e+09
 1.05836819e+09 1.05836823e+09 1.05836827e+09 1.05836832e+09
 1.05836836e+09 1.05836840e+09 1.05836844e+09 1.05836849e+09
 1.05836853e+09 1.05836857e+09 1.05836862e+09 1.05836866e+09
 1.05836870e+09 1.05836874e+09 1.05836879e+09 1.05836883e+09
 1.05836887e+09 1.05836891e+09 1.05836896e+09 1.05836900e+09
 1.05836904e+09 1.05836909e+09 1.05836913e+09 1.05836917e+09
 1.05836921e+09 1.05836926e+09 1.05836930e+09 1.05836934e+09
 1.05836938e+09 1.05836943e+09 1.05836947e+09 1.05836951e+09
 1.05836955e+09 1.05836960e+09 1.05836964e+09 1.05836968e+09
 1.05836973e+09 1.05836977e+09 1.05836981e+09 1.05836985e+09
 1.05836990e+09 1.05836994e+09 1.05836998e+09 1.05837002e+09
 1.05837007e+09 1.05837011e+09 1.05837015e+09 1.05837019e+09
 1.05837024e+09 1.05837028e+09 1.05837032e+09 1.05837037e+09
 1.05837041e+09 1.05837045e+09 1.05837049e+09 1.05837054e+09
 1.05837058e+09 1.05837062e+09 1.05837066e+09 1.05837071e+09
 1.05837075e+09 1.05837079e+09 1.05837084e+09 1.05837088e+09
 1.05837092e+09 1.05837096e+09 1.05837101e+09 1.05837105e+09
 1.05837109e+09 1.05837113e+09 1.05837118e+09 1.05837122e+09
 1.05837126e+09 1.05837130e+09 1.05837135e+09 1.05837139e+09
 1.05837143e+09 1.05837148e+09 1.05837152e+09 1.05837156e+09
 1.05837160e+09 1.05837165e+09 1.05837169e+09 1.05837173e+09
 1.05837177e+09 1.05837182e+09 1.05837186e+09 1.05837190e+09
 1.05837195e+09 1.05837199e+09 1.05837203e+09 1.05837207e+09
 1.05837212e+09 1.05837216e+09 1.05837220e+09 1.05837224e+09
 1.05837229e+09 1.05837233e+09 1.05837237e+09 1.05837241e+09
 1.05837246e+09 1.05837250e+09 1.05837254e+09 1.05837259e+09
 1.05837263e+09 1.05837267e+09 1.05837271e+09 1.05837276e+09
 1.05837280e+09 1.05837284e+09 1.05837288e+09 1.05837293e+09
 1.05837297e+09 1.05837301e+09 1.05837306e+09 1.05837310e+09
 1.05837314e+09 1.05837318e+09 1.05837323e+09 1.05837327e+09
 1.05837331e+09 1.05837335e+09 1.05837340e+09 1.05837344e+09
 1.05837348e+09 1.05837352e+09 1.05837357e+09 1.05837361e+09
 1.05837365e+09 1.05837370e+09 1.05837374e+09 1.05837378e+09
 1.05837382e+09 1.05837387e+09 1.05837391e+09 1.05837395e+09
 1.05837399e+09 1.05837404e+09 1.05837408e+09 1.05837412e+09
 1.05837417e+09 1.05837421e+09 1.05837425e+09 1.05837429e+09
 1.05837434e+09 1.05837438e+09 1.05837442e+09 1.05837446e+09
 1.05837451e+09 1.05837455e+09 1.05837459e+09 1.05837463e+09
 1.05837468e+09 1.05837472e+09 1.05837476e+09 1.05837481e+09
 1.05837485e+09 1.05837489e+09 1.05837493e+09 1.05837498e+09
 1.05837502e+09 1.05837506e+09 1.05837510e+09 1.05837515e+09
 1.05837519e+09 1.05837523e+09 1.05837528e+09 1.05837532e+09
 1.05837536e+09 1.05837540e+09 1.05837545e+09 1.05837549e+09
 1.05837553e+09 1.05837557e+09 1.05837562e+09 1.05837566e+09
 1.05837570e+09 1.05837574e+09 1.05837579e+09 1.05837583e+09
 1.05837587e+09 1.05837592e+09 1.05837596e+09 1.05837600e+09
 1.05837604e+09 1.05837609e+09 1.05837613e+09 1.05837617e+09
 1.05837621e+09 1.05837626e+09 1.05837630e+09 1.05837634e+09
 1.05837639e+09 1.05837643e+09 1.05837647e+09 1.05837651e+09
 1.05837656e+09 1.05837660e+09 1.05837664e+09 1.05837668e+09
 1.05837673e+09 1.05837677e+09 1.05837681e+09 1.05837685e+09
 1.05837690e+09 1.05837694e+09 1.05837698e+09 1.05837703e+09
 1.05837707e+09 1.05837711e+09 1.05837715e+09 1.05837720e+09
 1.05837724e+09 1.05837728e+09 1.05837732e+09 1.05837737e+09
 1.05837741e+09 1.05837745e+09 1.05837750e+09 1.05837754e+09
 1.05837758e+09 1.05837762e+09 1.05837767e+09 1.05837771e+09
 1.05837775e+09 1.05837779e+09 1.05837784e+09 1.05837788e+09
 1.05837792e+09 1.05837796e+09 1.05837801e+09 1.05837805e+09
 1.05837809e+09 1.05837814e+09 1.05837818e+09 1.05837822e+09
 1.05837826e+09 1.05837831e+09 1.05837835e+09 1.05837839e+09
 1.05837843e+09 1.05837848e+09 1.05837852e+09 1.05837856e+09
 1.05837861e+09 1.05837865e+09 1.05837869e+09 1.05837873e+09
 1.05837878e+09 1.05837882e+09 1.05837886e+09 1.05837890e+09
 1.05837895e+09 1.05837899e+09 1.05837903e+09 1.05837907e+09
 1.05837912e+09 1.05837916e+09 1.05837920e+09 1.05837925e+09
 1.05837929e+09 1.05837933e+09 1.05837937e+09 1.05837942e+09
 1.05837946e+09 1.05837950e+09 1.05837954e+09 1.05837959e+09
 1.05837963e+09 1.05837967e+09 1.05837972e+09 1.05837976e+09
 1.05837980e+09 1.05837984e+09 1.05837989e+09 1.05837993e+09
 1.05837997e+09 1.05838001e+09 1.05838006e+09 1.05838010e+09
 1.05838014e+09 1.05838018e+09 1.05838023e+09 1.05838027e+09
 1.05838031e+09 1.05838036e+09 1.05838040e+09 1.05838044e+09
 1.05838048e+09 1.05838053e+09 1.05838057e+09 1.05838061e+09
 1.05838065e+09 1.05838070e+09 1.05838074e+09 1.05838078e+09
 1.05838083e+09 1.05838087e+09 1.05838091e+09 1.05838095e+09
 1.05838100e+09 1.05838104e+09 1.05838108e+09 1.05838112e+09
 1.05838117e+09 1.05838121e+09 1.05838125e+09 1.05838129e+09
 1.05838134e+09 1.05838138e+09 1.05838142e+09 1.05838147e+09
 1.05838151e+09 1.05838155e+09 1.05838159e+09 1.05838164e+09
 1.05838168e+09 1.05838172e+09 1.05838176e+09 1.05838181e+09
 1.05838185e+09 1.05838189e+09 1.05838194e+09 1.05838198e+09
 1.05838202e+09 1.05838206e+09 1.05838211e+09 1.05838215e+09
 1.05838219e+09 1.05838223e+09 1.05838228e+09 1.05838232e+09
 1.05838236e+09 1.05838240e+09 1.05838245e+09 1.05838249e+09
 1.05838253e+09 1.05838258e+09 1.05838262e+09 1.05838266e+09
 1.05838270e+09 1.05838275e+09 1.05838279e+09 1.05838283e+09
 1.05838287e+09 1.05838292e+09 1.05838296e+09 1.05838300e+09
 1.05838305e+09 1.05838309e+09 1.05838313e+09 1.05838317e+09
 1.05838322e+09 1.05838326e+09 1.05838330e+09 1.05838334e+09
 1.05838339e+09 1.05838343e+09 1.05838347e+09 1.05838351e+09
 1.05838356e+09 1.05838360e+09 1.05838364e+09 1.05838369e+09
 1.05838373e+09 1.05838377e+09 1.05838381e+09 1.05838386e+09
 1.05838390e+09 1.05838394e+09 1.05838398e+09 1.05838403e+09
 1.05838407e+09 1.05838411e+09 1.05838416e+09 1.05838420e+09
 1.05838424e+09 1.05838428e+09 1.05838433e+09 1.05838437e+09
 1.05838441e+09 1.05838445e+09 1.05838450e+09 1.05838454e+09
 1.05838458e+09 1.05838462e+09 1.05838467e+09 1.05838471e+09
 1.05838475e+09 1.05838480e+09 1.05838484e+09 1.05838488e+09
 1.05838492e+09 1.05838497e+09 1.05838501e+09 1.05838505e+09
 1.05838509e+09 1.05838514e+09 1.05838518e+09 1.05838522e+09
 1.05838527e+09 1.05838531e+09 1.05838535e+09 1.05838539e+09
 1.05838544e+09 1.05838548e+09 1.05838552e+09 1.05838556e+09
 1.05838561e+09 1.05838565e+09 1.05838569e+09 1.05838573e+09
 1.05838578e+09 1.05838582e+09 1.05838586e+09 1.05838591e+09
 1.05838595e+09 1.05838599e+09 1.05838603e+09 1.05838608e+09
 1.05838612e+09 1.05838616e+09 1.05838620e+09 1.05838625e+09
 1.05838629e+09 1.05838633e+09 1.05838638e+09 1.05838642e+09
 1.05838646e+09 1.05838650e+09 1.05838655e+09 1.05838659e+09
 1.05838663e+09 1.05838667e+09 1.05838672e+09 1.05838676e+09
 1.05838680e+09 1.05838684e+09 1.05838689e+09 1.05838693e+09
 1.05838697e+09 1.05838702e+09 1.05838706e+09 1.05838710e+09
 1.05838714e+09 1.05838719e+09 1.05838723e+09 1.05838727e+09
 1.05838731e+09 1.05838736e+09 1.05838740e+09 1.05838744e+09
 1.05838749e+09 1.05838753e+09 1.05838757e+09 1.05838761e+09
 1.05838766e+09 1.05838770e+09 1.05838774e+09 1.05838778e+09
 1.05838783e+09 1.05838787e+09 1.05838791e+09 1.05838795e+09
 1.05838800e+09 1.05838804e+09 1.05838808e+09 1.05838813e+09
 1.05838817e+09 1.05838821e+09 1.05838825e+09 1.05838830e+09
 1.05838834e+09 1.05838838e+09 1.05838842e+09 1.05838847e+09
 1.05838851e+09 1.05838855e+09 1.05838860e+09 1.05838864e+09
 1.05838868e+09 1.05838872e+09 1.05838877e+09 1.05838881e+09
 1.05838885e+09 1.05838889e+09 1.05838894e+09 1.05838898e+09
 1.05838902e+09 1.05838906e+09 1.05838911e+09 1.05838915e+09
 1.05838919e+09 1.05838924e+09 1.05838928e+09 1.05838932e+09
 1.05838936e+09 1.05838941e+09 1.05838945e+09 1.05838949e+09
 1.05838953e+09 1.05838958e+09 1.05838962e+09 1.05838966e+09
 1.05838970e+09 1.05838975e+09 1.05838979e+09 1.05838983e+09
 1.05838988e+09 1.05838992e+09 1.05838996e+09 1.05839000e+09
 1.05839005e+09 1.05839009e+09 1.05839013e+09 1.05839017e+09
 1.05839022e+09 1.05839026e+09 1.05839030e+09 1.05839035e+09
 1.05839039e+09 1.05839043e+09 1.05839047e+09 1.05839052e+09
 1.05839056e+09 1.05839060e+09 1.05839064e+09 1.05839069e+09
 1.05839073e+09 1.05839077e+09 1.05839081e+09 1.05839086e+09
 1.05839090e+09 1.05839094e+09 1.05839099e+09 1.05839103e+09
 1.05839107e+09 1.05839111e+09 1.05839116e+09 1.05839120e+09
 1.05839124e+09 1.05839128e+09 1.05839133e+09 1.05839137e+09
 1.05839141e+09 1.05839146e+09 1.05839150e+09 1.05839154e+09
 1.05839158e+09 1.05839163e+09 1.05839167e+09 1.05839171e+09
 1.05839175e+09 1.05839180e+09 1.05839184e+09 1.05839188e+09
 1.05839192e+09 1.05839197e+09 1.05839201e+09 1.05839205e+09
 1.05839210e+09 1.05839214e+09 1.05839218e+09 1.05839222e+09
 1.05839227e+09 1.05839231e+09 1.05839235e+09 1.05839239e+09
 1.05839244e+09 1.05839248e+09 1.05839252e+09 1.05839257e+09
 1.05839261e+09 1.05839265e+09 1.05839269e+09 1.05839274e+09
 1.05839278e+09 1.05839282e+09 1.05839286e+09 1.05839291e+09
 1.05839295e+09 1.05839299e+09 1.05839303e+09 1.05839308e+09
 1.05839312e+09 1.05839316e+09 1.05839321e+09 1.05839325e+09
 1.05839329e+09 1.05839333e+09 1.05839338e+09 1.05839342e+09
 1.05839346e+09 1.05839350e+09 1.05839355e+09 1.05839359e+09
 1.05839363e+09 1.05839368e+09 1.05839372e+09 1.05839376e+09
 1.05839380e+09 1.05839385e+09 1.05839389e+09 1.05839393e+09
 1.05839397e+09 1.05839402e+09 1.05839406e+09 1.05839410e+09
 1.05839414e+09 1.05839419e+09 1.05839423e+09 1.05839427e+09
 1.05839432e+09 1.05839436e+09 1.05839440e+09 1.05839444e+09
 1.05839449e+09 1.05839453e+09 1.05839457e+09 1.05839461e+09
 1.05839466e+09 1.05839470e+09 1.05839474e+09 1.05839479e+09
 1.05839483e+09 1.05839487e+09 1.05839491e+09 1.05839496e+09
 1.05839500e+09 1.05839504e+09 1.05839508e+09 1.05839513e+09
 1.05839517e+09 1.05839521e+09 1.05839525e+09 1.05839530e+09
 1.05839534e+09 1.05839538e+09 1.05839543e+09 1.05839547e+09
 1.05839551e+09 1.05839555e+09 1.05839560e+09 1.05839564e+09
 1.05839568e+09 1.05839572e+09 1.05839577e+09 1.05839581e+09
 1.05839585e+09 1.05839590e+09 1.05839594e+09 1.05839598e+09
 1.05839602e+09 1.05839607e+09 1.05839611e+09 1.05839615e+09
 1.05839619e+09 1.05839624e+09 1.05839628e+09 1.05839632e+09
 1.05839636e+09 1.05839641e+09 1.05839645e+09 1.05839649e+09
 1.05839654e+09 1.05839658e+09 1.05839662e+09 1.05839666e+09
 1.05839671e+09 1.05839675e+09 1.05839679e+09 1.05839683e+09
 1.05839688e+09 1.05839692e+09 1.05839696e+09 1.05839701e+09
 1.05839705e+09 1.05839709e+09 1.05839713e+09 1.05839718e+09
 1.05839722e+09 1.05839726e+09 1.05839730e+09 1.05839735e+09
 1.05839739e+09 1.05839743e+09 1.05839747e+09 1.05839752e+09
 1.05839756e+09 1.05839760e+09 1.05839765e+09 1.05839769e+09
 1.05839773e+09 1.05839777e+09 1.05839782e+09 1.05839786e+09
 1.05839790e+09 1.05839794e+09 1.05839799e+09 1.05839803e+09
 1.05839807e+09 1.05839812e+09 1.05839816e+09 1.05839820e+09
 1.05839824e+09 1.05839829e+09 1.05839833e+09 1.05839837e+09
 1.05839841e+09 1.05839846e+09 1.05839850e+09 1.05839854e+09
 1.05839858e+09 1.05839863e+09 1.05839867e+09 1.05839871e+09
 1.05839876e+09 1.05839880e+09 1.05839884e+09 1.05839888e+09
 1.05839893e+09 1.05839897e+09 1.05839901e+09 1.05839905e+09
 1.05839910e+09 1.05839914e+09 1.05839918e+09 1.05839923e+09
 1.05839927e+09 1.05839931e+09 1.05839935e+09 1.05839940e+09
 1.05839944e+09 1.05839948e+09 1.05839952e+09 1.05839957e+09
 1.05839961e+09 1.05839965e+09 1.05839969e+09 1.05839974e+09
 1.05839978e+09 1.05839982e+09 1.05839987e+09 1.05839991e+09
 1.05839995e+09 1.05839999e+09 1.05840004e+09 1.05840008e+09
 1.05840012e+09 1.05840016e+09 1.05840021e+09 1.05840025e+09
 1.05840029e+09 1.05840034e+09 1.05840038e+09 1.05840042e+09
 1.05840046e+09 1.05840051e+09 1.05840055e+09 1.05840059e+09
 1.05840063e+09 1.05840068e+09 1.05840072e+09 1.05840076e+09
 1.05840080e+09 1.05840085e+09 1.05840089e+09 1.05840093e+09
 1.05840098e+09 1.05840102e+09 1.05840106e+09 1.05840110e+09
 1.05840115e+09 1.05840119e+09 1.05840123e+09 1.05840127e+09
 1.05840132e+09 1.05840136e+09 1.05840140e+09 1.05840145e+09
 1.05840149e+09 1.05840153e+09 1.05840157e+09 1.05840162e+09
 1.05840166e+09 1.05840170e+09 1.05840174e+09 1.05840179e+09
 1.05840183e+09 1.05840187e+09 1.05840191e+09 1.05840196e+09
 1.05840200e+09 1.05840204e+09 1.05840209e+09 1.05840213e+09
 1.05840217e+09 1.05840221e+09 1.05840226e+09 1.05840230e+09
 1.05840234e+09 1.05840238e+09 1.05840243e+09 1.05840247e+09
 1.05840251e+09 1.05840256e+09 1.05840260e+09 1.05840264e+09
 1.05840268e+09 1.05840273e+09 1.05840277e+09 1.05840281e+09
 1.05840285e+09 1.05840290e+09 1.05840294e+09 1.05840298e+09
 1.05840302e+09 1.05840307e+09 1.05840311e+09 1.05840315e+09
 1.05840320e+09 1.05840324e+09 1.05840328e+09 1.05840332e+09
 1.05840337e+09 1.05840341e+09 1.05840345e+09 1.05840349e+09
 1.05840354e+09 1.05840358e+09 1.05840362e+09 1.05840367e+09
 1.05840371e+09 1.05840375e+09 1.05840379e+09 1.05840384e+09
 1.05840388e+09 1.05840392e+09 1.05840396e+09 1.05840401e+09
 1.05840405e+09 1.05840409e+09 1.05840413e+09 1.05840418e+09
 1.05840422e+09 1.05840426e+09 1.05840431e+09 1.05840435e+09
 1.05840439e+09 1.05840443e+09 1.05840448e+09 1.05840452e+09
 1.05840456e+09 1.05840460e+09 1.05840465e+09 1.05840469e+09
 1.05840473e+09 1.05840478e+09 1.05840482e+09 1.05840486e+09
 1.05840490e+09 1.05840495e+09 1.05840499e+09 1.05840503e+09
 1.05840507e+09 1.05840512e+09 1.05840516e+09 1.05840520e+09
 1.05840524e+09 1.05840529e+09 1.05840533e+09 1.05840537e+09
 1.05840542e+09 1.05840546e+09 1.05840550e+09 1.05840554e+09
 1.05840559e+09 1.05840563e+09 1.05840567e+09 1.05840571e+09
 1.05840576e+09 1.05840580e+09 1.05840584e+09 1.05840589e+09
 1.05840593e+09 1.05840597e+09 1.05840601e+09 1.05840606e+09
 1.05840610e+09 1.05840614e+09 1.05840618e+09 1.05840623e+09
 1.05840627e+09 1.05840631e+09 1.05840635e+09 1.05840640e+09
 1.05840644e+09 1.05840648e+09 1.05840653e+09 1.05840657e+09
 1.05840661e+09 1.05840665e+09 1.05840670e+09 1.05840674e+09
 1.05840678e+09 1.05840682e+09 1.05840687e+09 1.05840691e+09
 1.05840695e+09 1.05840700e+09 1.05840704e+09 1.05840708e+09
 1.05840712e+09 1.05840717e+09 1.05840721e+09 1.05840725e+09
 1.05840729e+09 1.05840734e+09 1.05840738e+09 1.05840742e+09]
minRes = 0.05987778354581907
minResTime =  [1.05840721e+09]
