name =JUICE_ROI_CAL_7_0_06
flyby =  ['2032 OCT 13 20:53:36', '2032 OCT 14 20:53:36']
Observation TW =  <SpiceCell dtype = 1, length = 0, size = 3000, card = 10, is_set = 1, adjust = 0, init = 1, base = 2554800087056, data = 2554800087104>
Res(t) =  [3.78556981 3.78191546 3.77826126 3.77460721 3.77095332 3.76729959
 3.76364601 3.75999259 3.75633932 3.7526862  3.74903323 3.74538042
 3.74172776 3.73807525 3.73442289 3.73077068 3.72711862 3.72346671
 3.71981495 3.71616334 3.71251187 3.70886056 3.70520939 3.70155836
 3.69790748 3.69425675 3.69060616 3.68695572 3.68330542 3.67965527
 3.67600526 3.67235539 3.66870566 3.66505608 3.66140663 3.65775733
 3.65410816 3.65045914 3.64681026 3.64316151 3.63951291 3.63586444
 3.6322161  3.62856791 3.62491985 3.62127193 3.61762414 3.61397649
 3.61032897 3.60668159 3.60303434 3.59938722 3.59574024 3.59209339
 3.58844667 3.58480008 3.58115362 3.57750729 3.5738611  3.57021503
 3.56656909 3.56292328 3.55927759 3.55563204 3.55198661 3.5483413
 3.54469613 3.54105108 3.53740615 3.53376135 3.53011667 3.52647212
 3.52282768 3.51918338 3.51553919 3.51189513 3.50825118 3.50460736
 3.50096366 3.49732008 3.49367662 3.49003327 3.48639005 3.48274694
 3.47910395 3.47546108 3.47181832 3.46817568 3.46453316 3.46089075
 3.45724845 3.45360627 3.4499642  3.44632225 3.44268041 3.43903868
 3.43539707 3.43175556 3.42811417 3.42447288 3.42083171 3.41719064
 3.41354969 3.40990884 3.4062681  3.40262747 3.39898695 3.39534653
 3.39170622 3.38806602 3.38442592 3.38078592 3.37714603 3.37350625
 3.36986656 3.36622698 3.36258751 3.35894813 3.35530886 3.35166968
 3.34803061 3.34439164 3.34075277 3.33711399 3.33347532 3.32983674
 3.32619826 3.32255988 3.3189216  3.31528341 3.31164532 3.30800733
 3.30436942 3.30073162 3.29709391 3.29345629 3.28981876 3.28618133
 3.28254399 3.27890674 3.27526959 3.27163252 3.26799554 3.26435866
 3.26072186 3.25708515 3.25344854 3.24981201 3.24617556 3.24253921
 3.23890294 3.23526676 3.23163066 3.22799465 3.22435872 3.22072288
 3.21708712 3.21345145 3.20981586 3.20618035 3.20254492 3.19890958
 3.19527431 3.19163913 3.18800403 3.184369   3.18073406 3.17709919
 3.17346441 3.1698297  3.16619507 3.16256052 3.15892604 3.15529164
 3.15165731 3.14802306 3.14438889 3.14075479 3.13712076 3.13348681
 3.12985293 3.12621912 3.12258538 3.11895172 3.11531813 3.1116846
 3.10805115 3.10441777 3.10078446 3.09715121 3.09351804 3.08988493
 3.08625189 3.08261892 3.07898601 3.07535317 3.07172039 3.06808768
 3.06445504 3.06082246 3.05718994 3.05355749 3.0499251  3.04629277
 3.04266051 3.0390283  3.03539616 3.03176408 3.02813205 3.02450009
 3.02086819 3.01723635 3.01360456 3.00997283 3.00634116 3.00270955
 2.99907799 2.99544649 2.99181505 2.98818366 2.98455233 2.98092105
 2.97728982 2.97365865 2.97002753 2.96639646 2.96276545 2.95913448
 2.95550357 2.95187271 2.9482419  2.94461114 2.94098043 2.93734977
 2.93371915 2.93008859 2.92645807 2.9228276  2.91919717 2.9155668
 2.91193646 2.90830618 2.90467594 2.90104574 2.89741559 2.89378548
 2.89015541 2.88652539 2.88289541 2.87926547 2.87563557 2.87200571
 2.8683759  2.86474612 2.86111638 2.85748668 2.85385703 2.85022741
 2.84659782 2.84296828 2.83933877 2.8357093  2.83207986 2.82845046
 2.8248211  2.82119177 2.81756247 2.81393321 2.81030398 2.80667478
 2.80304562 2.79941649 2.79578739 2.79215832 2.78852928 2.78490028
 2.7812713  2.77764235 2.77401343 2.77038454 2.76675568 2.76312685
 2.75949804 2.75586926 2.7522405  2.74861178 2.74498307 2.74135439
 2.73772574 2.73409711 2.73046851 2.72683993 2.72321137 2.71958283
 2.71595432 2.71232582 2.70869735 2.7050689  2.70144047 2.69781206
 2.69418367 2.69055529 2.68692694 2.6832986  2.67967028 2.67604198
 2.6724137  2.66878543 2.66515717 2.66152894 2.65790072 2.65427251
 2.65064431 2.64701613 2.64338797 2.63975981 2.63613167 2.63250354
 2.62887543 2.62524732 2.62161922 2.61799114 2.61436306 2.610735
 2.60710694 2.60347889 2.59985085 2.59622282 2.59259479 2.58896677
 2.58533876 2.58171075 2.57808275 2.57445475 2.57082676 2.56719877
 2.56357079 2.55994281 2.55631483 2.55268686 2.54905889 2.54543091
 2.54180294 2.53817498 2.53454701 2.53091904 2.52729107 2.5236631
 2.52003513 2.51640716 2.51277918 2.5091512  2.50552322 2.50189524
 2.49826725 2.49463926 2.49101126 2.48738326 2.48375525 2.48012724
 2.47649922 2.47287119 2.46924315 2.46561511 2.46198706 2.458359
 2.45473094 2.45110286 2.44747477 2.44384668 2.44021857 2.43659045
 2.43296232 2.42933418 2.42570602 2.42207786 2.41844968 2.41482148
 2.41119328 2.40756505 2.40393682 2.40030856 2.3966803  2.39305201
 2.38942371 2.3857954  2.38216706 2.37853871 2.37491034 2.37128195
 2.36765354 2.36402512 2.36039667 2.3567682  2.35313971 2.34951121
 2.34588268 2.34225412 2.33862555 2.33499695 2.33136833 2.32773969
 2.32411102 2.32048233 2.31685361 2.31322487 2.3095961  2.30596731
 2.30233849 2.29870965 2.29508077 2.29145187 2.28782294 2.28419398
 2.280565   2.27693598 2.27330694 2.26967786 2.26604876 2.26241962
 2.25879045 2.25516125 2.25153202 2.24790276 2.24427346 2.24064413
 2.23701477 2.23338537 2.22975594 2.22612647 2.22249697 2.21886743
 2.21523786 2.21160825 2.2079786  2.20434891 2.20071919 2.19708943
 2.19345963 2.1898298  2.18619992 2.18257    2.17894005 2.17531005
 2.17168001 2.16804993 2.16441981 2.16078965 2.15715944 2.15352919
 2.1498989  2.14626857 2.14263819 2.13900777 2.1353773  2.13174679
 2.12811623 2.12448562 2.12085497 2.11722427 2.11359353 2.10996274
 2.1063319  2.10270101 2.09907007 2.09543909 2.09180805 2.08817696
 2.08454583 2.08091464 2.07728341 2.07365212 2.07002078 2.06638939
 2.06275794 2.05912644 2.05549489 2.05186329 2.04823163 2.04459992
 2.04096815 2.03733633 2.03370445 2.03007251 2.02644052 2.02280848
 2.01917637 2.01554421 2.01191199 2.00827972 2.00464738 2.00101499
 1.99738253 1.99375002 1.99011745 1.98648481 1.98285212 1.97921936
 1.97558655 1.97195367 1.96832073 1.96468772 1.96105466 1.95742153
 1.95378833 1.95015508 1.94652175 1.94288837 1.93925492 1.9356214
 1.93198782 1.92835417 1.92472045 1.92108667 1.91745282 1.9138189
 1.91018492 1.90655087 1.90291674 1.89928255 1.89564829 1.89201396
 1.88837956 1.88474509 1.88111055 1.87747594 1.87384126 1.8702065
 1.86657168 1.86293678 1.8593018  1.85566676 1.85203164 1.84839645
 1.84476118 1.84112584 1.83749042 1.83385493 1.83021936 1.82658372
 1.822948   1.8193122  1.81567633 1.81204038 1.80840436 1.80476825
 1.80113207 1.79749581 1.79385947 1.79022305 1.78658655 1.78294997
 1.77931331 1.77567657 1.77203975 1.76840285 1.76476587 1.76112881
 1.75749166 1.75385444 1.75021713 1.74657973 1.74294226 1.7393047
 1.73566705 1.73202933 1.72839151 1.72475362 1.72111563 1.71747757
 1.71383941 1.71020118 1.70656285 1.70292444 1.69928594 1.69564736
 1.69200868 1.68836992 1.68473107 1.68109214 1.67745311 1.673814
 1.6701748  1.6665355  1.66289612 1.65925665 1.65561709 1.65197744
 1.64833769 1.64469786 1.64105794 1.63741792 1.63377781 1.63013761
 1.62649732 1.62285693 1.61921645 1.61557588 1.61193522 1.60829446
 1.60465361 1.60101266 1.59737162 1.59373049 1.59008926 1.58644794
 1.58280652 1.579165   1.57552339 1.57188168 1.56823988 1.56459798
 1.56095599 1.55731389 1.5536717  1.55002942 1.54638703 1.54274455
 1.53910197 1.53545929 1.53181652 1.52817364 1.52453067 1.5208876
 1.51724442 1.51360115 1.50995778 1.50631431 1.50267074 1.49902707
 1.4953833  1.49173943 1.48809546 1.48445139 1.48080722 1.47716295
 1.47351857 1.4698741  1.46622952 1.46258484 1.45894006 1.45529518
 1.45165019 1.4480051  1.44435992 1.44071462 1.43706923 1.43342373
 1.42977813 1.42613243 1.42248663 1.41884072 1.4151947  1.41154859
 1.40790237 1.40425605 1.40060962 1.39696309 1.39331646 1.38966972
 1.38602288 1.38237594 1.37872889 1.37508174 1.37143448 1.36778712
 1.36413965 1.36049208 1.35684441 1.35319663 1.34954875 1.34590076
 1.34225267 1.33860448 1.33495618 1.33130777 1.32765926 1.32401065
 1.32036194 1.31671311 1.31306419 1.30941516 1.30576603 1.30211679
 1.29846745 1.294818   1.29116845 1.2875188  1.28386904 1.28021918
 1.27656922 1.27291915 1.26926898 1.2656187  1.26196833 1.25831785
 1.25466726 1.25101658 1.24736579 1.2437149  1.24006391 1.23641282
 1.23276162 1.22911032 1.22545892 1.22180743 1.21815582 1.21450412
 1.21085232 1.20720042 1.20354842 1.19989632 1.19624412 1.19259182
 1.18893942 1.18528692 1.18163433 1.17798164 1.17432885 1.17067596
 1.16702298 1.1633699  1.15971672 1.15606345 1.15241009 1.14875663
 1.14510307 1.14144943 1.13779569 1.13414185 1.13048793 1.12683391
 1.1231798  1.1195256  1.11587131 1.11221693 1.10856246 1.1049079
 1.10125326 1.09759853 1.09394371 1.09028881 1.08663382 1.08297875
 1.07932359 1.07566835 1.07201303 1.06835762 1.06470214 1.06104658
 1.05739093 1.05373521 1.05007942 1.04642354 1.04276759 1.03911157
 1.03545547 1.0317993  1.02814306 1.02448675 1.02083037 1.01717392
 1.0135174  1.00986082 1.00620417 1.00254746 0.99889068 0.99523385
 0.99157695 0.98792    0.98426299 0.98060592 0.9769488  0.97329162
 0.9696344  0.96597712 0.96231979 0.95866242 0.955005   0.95134754
 0.94769003 0.94403249 0.9403749  0.93671728 0.93305962 0.92940193
 0.92574421 0.92208646 0.91842868 0.91477088 0.91111305 0.9074552
 0.90379734 0.90013945 0.89648155 0.89282364 0.88916572 0.88550779
 0.88184986 0.87819192 0.87453399 0.87087606 0.86721813 0.86356021
 0.8599023  0.85624441 0.85258654 0.84892868 0.84527085 0.84161304
 0.83795527 0.83429753 0.83063982 0.82698216 0.82332454 0.81966697
 0.81600945 0.81235198 0.80869457 0.80503723 0.80137995 0.79772275
 0.79406562 0.79040857 0.78675161 0.78309473 0.77943795 0.77578127
 0.77212469 0.76846823 0.76481187 0.76115564 0.75749954 0.75384356
 0.75018772 0.74653202 0.74287648 0.73922109 0.73556586 0.73191079
 0.72825591 0.7246012  0.72094669 0.71729237 0.71363825 0.70998435
 0.70633066 0.7026772  0.69902398 0.695371   0.69171827 0.6880658
 0.68441361 0.68076169 0.67711007 0.67345874 0.66980772 0.66615702
 0.66250666 0.65885663 0.65520696 0.65155766 0.64790873 0.64426019
 0.64049523 0.63684626 0.63319771 0.62954958 0.6259019  0.62225468
 0.61860793 0.61496166 0.6113159  0.60767065 0.60402594 0.60038179
 0.5967382  0.5930952  0.5894528  0.58581103 0.58216991 0.57852945
 0.57488968 0.57125062 0.56761229 0.56397471 0.56033792 0.55670192
 0.55306676 0.54943245 0.54579902 0.54216651 0.53853493 0.53490432
 0.53127472 0.52764615 0.52401864 0.52039224 0.51676697 0.51314288
 0.50952    0.50589837 0.50227804 0.49865905 0.49504143 0.49142524
 0.48781053 0.48419734 0.48058573 0.47697574 0.47336745 0.46976089
 0.46615614 0.46255325 0.45895229 0.45535333 0.45175644 0.44816169
 0.44456916 0.44097893 0.43739108 0.4338057  0.43022288 0.42664271
 0.4230653  0.41949074 0.41591915 0.41235063 0.40878532 0.40522332
 0.40166478 0.39810982 0.39455859 0.39101125 0.38746794 0.38392884
 0.38039412 0.37686396 0.37333856 0.36981811 0.36630285 0.36279298
 0.35928875 0.35579041 0.35229824 0.3488125  0.34533351 0.34186157
 0.33839703 0.33494024 0.33149158 0.32805145 0.32462029 0.32119855
 0.31778671 0.31438531 0.3109949  0.30761607 0.30424946 0.30089576
 0.29755571 0.2942301  0.29091977 0.28762566 0.28434876 0.28109013
 0.27785096 0.27463249 0.27143612 0.26826333 0.26511577 0.26199522
 0.25890365 0.25584322 0.25281629 0.24982549 0.24687372 0.2439642
 0.24110051 0.23828667 0.23552716 0.23282704 0.230192   0.2276285
 0.22514391 0.22274665 0.22044641 0.21825438 0.2161836  0.21424935
 0.21246963 0.21086587 0.20946377 0.20829448 0.20739614 0.20681607
 0.20661373 0.20686514 0.20766916 0.20915723]
t =  [1.03458569e+09 1.03458573e+09 1.03458577e+09 1.03458581e+09
 1.03458585e+09 1.03458589e+09 1.03458594e+09 1.03458598e+09
 1.03458602e+09 1.03458606e+09 1.03458610e+09 1.03458615e+09
 1.03458619e+09 1.03458623e+09 1.03458627e+09 1.03458631e+09
 1.03458635e+09 1.03458640e+09 1.03458644e+09 1.03458648e+09
 1.03458652e+09 1.03458656e+09 1.03458661e+09 1.03458665e+09
 1.03458669e+09 1.03458673e+09 1.03458677e+09 1.03458681e+09
 1.03458686e+09 1.03458690e+09 1.03458694e+09 1.03458698e+09
 1.03458702e+09 1.03458707e+09 1.03458711e+09 1.03458715e+09
 1.03458719e+09 1.03458723e+09 1.03458727e+09 1.03458732e+09
 1.03458736e+09 1.03458740e+09 1.03458744e+09 1.03458748e+09
 1.03458753e+09 1.03458757e+09 1.03458761e+09 1.03458765e+09
 1.03458769e+09 1.03458773e+09 1.03458778e+09 1.03458782e+09
 1.03458786e+09 1.03458790e+09 1.03458794e+09 1.03458799e+09
 1.03458803e+09 1.03458807e+09 1.03458811e+09 1.03458815e+09
 1.03458820e+09 1.03458824e+09 1.03458828e+09 1.03458832e+09
 1.03458836e+09 1.03458840e+09 1.03458845e+09 1.03458849e+09
 1.03458853e+09 1.03458857e+09 1.03458861e+09 1.03458866e+09
 1.03458870e+09 1.03458874e+09 1.03458878e+09 1.03458882e+09
 1.03458886e+09 1.03458891e+09 1.03458895e+09 1.03458899e+09
 1.03458903e+09 1.03458907e+09 1.03458912e+09 1.03458916e+09
 1.03458920e+09 1.03458924e+09 1.03458928e+09 1.03458932e+09
 1.03458937e+09 1.03458941e+09 1.03458945e+09 1.03458949e+09
 1.03458953e+09 1.03458958e+09 1.03458962e+09 1.03458966e+09
 1.03458970e+09 1.03458974e+09 1.03458978e+09 1.03458983e+09
 1.03458987e+09 1.03458991e+09 1.03458995e+09 1.03458999e+09
 1.03459004e+09 1.03459008e+09 1.03459012e+09 1.03459016e+09
 1.03459020e+09 1.03459024e+09 1.03459029e+09 1.03459033e+09
 1.03459037e+09 1.03459041e+09 1.03459045e+09 1.03459050e+09
 1.03459054e+09 1.03459058e+09 1.03459062e+09 1.03459066e+09
 1.03459071e+09 1.03459075e+09 1.03459079e+09 1.03459083e+09
 1.03459087e+09 1.03459091e+09 1.03459096e+09 1.03459100e+09
 1.03459104e+09 1.03459108e+09 1.03459112e+09 1.03459117e+09
 1.03459121e+09 1.03459125e+09 1.03459129e+09 1.03459133e+09
 1.03459137e+09 1.03459142e+09 1.03459146e+09 1.03459150e+09
 1.03459154e+09 1.03459158e+09 1.03459163e+09 1.03459167e+09
 1.03459171e+09 1.03459175e+09 1.03459179e+09 1.03459183e+09
 1.03459188e+09 1.03459192e+09 1.03459196e+09 1.03459200e+09
 1.03459204e+09 1.03459209e+09 1.03459213e+09 1.03459217e+09
 1.03459221e+09 1.03459225e+09 1.03459229e+09 1.03459234e+09
 1.03459238e+09 1.03459242e+09 1.03459246e+09 1.03459250e+09
 1.03459255e+09 1.03459259e+09 1.03459263e+09 1.03459267e+09
 1.03459271e+09 1.03459275e+09 1.03459280e+09 1.03459284e+09
 1.03459288e+09 1.03459292e+09 1.03459296e+09 1.03459301e+09
 1.03459305e+09 1.03459309e+09 1.03459313e+09 1.03459317e+09
 1.03459321e+09 1.03459326e+09 1.03459330e+09 1.03459334e+09
 1.03459338e+09 1.03459342e+09 1.03459347e+09 1.03459351e+09
 1.03459355e+09 1.03459359e+09 1.03459363e+09 1.03459368e+09
 1.03459372e+09 1.03459376e+09 1.03459380e+09 1.03459384e+09
 1.03459388e+09 1.03459393e+09 1.03459397e+09 1.03459401e+09
 1.03459405e+09 1.03459409e+09 1.03459414e+09 1.03459418e+09
 1.03459422e+09 1.03459426e+09 1.03459430e+09 1.03459434e+09
 1.03459439e+09 1.03459443e+09 1.03459447e+09 1.03459451e+09
 1.03459455e+09 1.03459460e+09 1.03459464e+09 1.03459468e+09
 1.03459472e+09 1.03459476e+09 1.03459480e+09 1.03459485e+09
 1.03459489e+09 1.03459493e+09 1.03459497e+09 1.03459501e+09
 1.03459506e+09 1.03459510e+09 1.03459514e+09 1.03459518e+09
 1.03459522e+09 1.03459526e+09 1.03459531e+09 1.03459535e+09
 1.03459539e+09 1.03459543e+09 1.03459547e+09 1.03459552e+09
 1.03459556e+09 1.03459560e+09 1.03459564e+09 1.03459568e+09
 1.03459572e+09 1.03459577e+09 1.03459581e+09 1.03459585e+09
 1.03459589e+09 1.03459593e+09 1.03459598e+09 1.03459602e+09
 1.03459606e+09 1.03459610e+09 1.03459614e+09 1.03459618e+09
 1.03459623e+09 1.03459627e+09 1.03459631e+09 1.03459635e+09
 1.03459639e+09 1.03459644e+09 1.03459648e+09 1.03459652e+09
 1.03459656e+09 1.03459660e+09 1.03459665e+09 1.03459669e+09
 1.03459673e+09 1.03459677e+09 1.03459681e+09 1.03459685e+09
 1.03459690e+09 1.03459694e+09 1.03459698e+09 1.03459702e+09
 1.03459706e+09 1.03459711e+09 1.03459715e+09 1.03459719e+09
 1.03459723e+09 1.03459727e+09 1.03459731e+09 1.03459736e+09
 1.03459740e+09 1.03459744e+09 1.03459748e+09 1.03459752e+09
 1.03459757e+09 1.03459761e+09 1.03459765e+09 1.03459769e+09
 1.03459773e+09 1.03459777e+09 1.03459782e+09 1.03459786e+09
 1.03459790e+09 1.03459794e+09 1.03459798e+09 1.03459803e+09
 1.03459807e+09 1.03459811e+09 1.03459815e+09 1.03459819e+09
 1.03459823e+09 1.03459828e+09 1.03459832e+09 1.03459836e+09
 1.03459840e+09 1.03459844e+09 1.03459849e+09 1.03459853e+09
 1.03459857e+09 1.03459861e+09 1.03459865e+09 1.03459869e+09
 1.03459874e+09 1.03459878e+09 1.03459882e+09 1.03459886e+09
 1.03459890e+09 1.03459895e+09 1.03459899e+09 1.03459903e+09
 1.03459907e+09 1.03459911e+09 1.03459916e+09 1.03459920e+09
 1.03459924e+09 1.03459928e+09 1.03459932e+09 1.03459936e+09
 1.03459941e+09 1.03459945e+09 1.03459949e+09 1.03459953e+09
 1.03459957e+09 1.03459962e+09 1.03459966e+09 1.03459970e+09
 1.03459974e+09 1.03459978e+09 1.03459982e+09 1.03459987e+09
 1.03459991e+09 1.03459995e+09 1.03459999e+09 1.03460003e+09
 1.03460008e+09 1.03460012e+09 1.03460016e+09 1.03460020e+09
 1.03460024e+09 1.03460028e+09 1.03460033e+09 1.03460037e+09
 1.03460041e+09 1.03460045e+09 1.03460049e+09 1.03460054e+09
 1.03460058e+09 1.03460062e+09 1.03460066e+09 1.03460070e+09
 1.03460074e+09 1.03460079e+09 1.03460083e+09 1.03460087e+09
 1.03460091e+09 1.03460095e+09 1.03460100e+09 1.03460104e+09
 1.03460108e+09 1.03460112e+09 1.03460116e+09 1.03460120e+09
 1.03460125e+09 1.03460129e+09 1.03460133e+09 1.03460137e+09
 1.03460141e+09 1.03460146e+09 1.03460150e+09 1.03460154e+09
 1.03460158e+09 1.03460162e+09 1.03460166e+09 1.03460171e+09
 1.03460175e+09 1.03460179e+09 1.03460183e+09 1.03460187e+09
 1.03460192e+09 1.03460196e+09 1.03460200e+09 1.03460204e+09
 1.03460208e+09 1.03460213e+09 1.03460217e+09 1.03460221e+09
 1.03460225e+09 1.03460229e+09 1.03460233e+09 1.03460238e+09
 1.03460242e+09 1.03460246e+09 1.03460250e+09 1.03460254e+09
 1.03460259e+09 1.03460263e+09 1.03460267e+09 1.03460271e+09
 1.03460275e+09 1.03460279e+09 1.03460284e+09 1.03460288e+09
 1.03460292e+09 1.03460296e+09 1.03460300e+09 1.03460305e+09
 1.03460309e+09 1.03460313e+09 1.03460317e+09 1.03460321e+09
 1.03460325e+09 1.03460330e+09 1.03460334e+09 1.03460338e+09
 1.03460342e+09 1.03460346e+09 1.03460351e+09 1.03460355e+09
 1.03460359e+09 1.03460363e+09 1.03460367e+09 1.03460371e+09
 1.03460376e+09 1.03460380e+09 1.03460384e+09 1.03460388e+09
 1.03460392e+09 1.03460397e+09 1.03460401e+09 1.03460405e+09
 1.03460409e+09 1.03460413e+09 1.03460417e+09 1.03460422e+09
 1.03460426e+09 1.03460430e+09 1.03460434e+09 1.03460438e+09
 1.03460443e+09 1.03460447e+09 1.03460451e+09 1.03460455e+09
 1.03460459e+09 1.03460464e+09 1.03460468e+09 1.03460472e+09
 1.03460476e+09 1.03460480e+09 1.03460484e+09 1.03460489e+09
 1.03460493e+09 1.03460497e+09 1.03460501e+09 1.03460505e+09
 1.03460510e+09 1.03460514e+09 1.03460518e+09 1.03460522e+09
 1.03460526e+09 1.03460530e+09 1.03460535e+09 1.03460539e+09
 1.03460543e+09 1.03460547e+09 1.03460551e+09 1.03460556e+09
 1.03460560e+09 1.03460564e+09 1.03460568e+09 1.03460572e+09
 1.03460576e+09 1.03460581e+09 1.03460585e+09 1.03460589e+09
 1.03460593e+09 1.03460597e+09 1.03460602e+09 1.03460606e+09
 1.03460610e+09 1.03460614e+09 1.03460618e+09 1.03460622e+09
 1.03460627e+09 1.03460631e+09 1.03460635e+09 1.03460639e+09
 1.03460643e+09 1.03460648e+09 1.03460652e+09 1.03460656e+09
 1.03460660e+09 1.03460664e+09 1.03460668e+09 1.03460673e+09
 1.03460677e+09 1.03460681e+09 1.03460685e+09 1.03460689e+09
 1.03460694e+09 1.03460698e+09 1.03460702e+09 1.03460706e+09
 1.03460710e+09 1.03460714e+09 1.03460719e+09 1.03460723e+09
 1.03460727e+09 1.03460731e+09 1.03460735e+09 1.03460740e+09
 1.03460744e+09 1.03460748e+09 1.03460752e+09 1.03460756e+09
 1.03460761e+09 1.03460765e+09 1.03460769e+09 1.03460773e+09
 1.03460777e+09 1.03460781e+09 1.03460786e+09 1.03460790e+09
 1.03460794e+09 1.03460798e+09 1.03460802e+09 1.03460807e+09
 1.03460811e+09 1.03460815e+09 1.03460819e+09 1.03460823e+09
 1.03460827e+09 1.03460832e+09 1.03460836e+09 1.03460840e+09
 1.03460844e+09 1.03460848e+09 1.03460853e+09 1.03460857e+09
 1.03460861e+09 1.03460865e+09 1.03460869e+09 1.03460873e+09
 1.03460878e+09 1.03460882e+09 1.03460886e+09 1.03460890e+09
 1.03460894e+09 1.03460899e+09 1.03460903e+09 1.03460907e+09
 1.03460911e+09 1.03460915e+09 1.03460919e+09 1.03460924e+09
 1.03460928e+09 1.03460932e+09 1.03460936e+09 1.03460940e+09
 1.03460945e+09 1.03460949e+09 1.03460953e+09 1.03460957e+09
 1.03460961e+09 1.03460965e+09 1.03460970e+09 1.03460974e+09
 1.03460978e+09 1.03460982e+09 1.03460986e+09 1.03460991e+09
 1.03460995e+09 1.03460999e+09 1.03461003e+09 1.03461007e+09
 1.03461011e+09 1.03461016e+09 1.03461020e+09 1.03461024e+09
 1.03461028e+09 1.03461032e+09 1.03461037e+09 1.03461041e+09
 1.03461045e+09 1.03461049e+09 1.03461053e+09 1.03461058e+09
 1.03461062e+09 1.03461066e+09 1.03461070e+09 1.03461074e+09
 1.03461078e+09 1.03461083e+09 1.03461087e+09 1.03461091e+09
 1.03461095e+09 1.03461099e+09 1.03461104e+09 1.03461108e+09
 1.03461112e+09 1.03461116e+09 1.03461120e+09 1.03461124e+09
 1.03461129e+09 1.03461133e+09 1.03461137e+09 1.03461141e+09
 1.03461145e+09 1.03461150e+09 1.03461154e+09 1.03461158e+09
 1.03461162e+09 1.03461166e+09 1.03461170e+09 1.03461175e+09
 1.03461179e+09 1.03461183e+09 1.03461187e+09 1.03461191e+09
 1.03461196e+09 1.03461200e+09 1.03461204e+09 1.03461208e+09
 1.03461212e+09 1.03461216e+09 1.03461221e+09 1.03461225e+09
 1.03461229e+09 1.03461233e+09 1.03461237e+09 1.03461242e+09
 1.03461246e+09 1.03461250e+09 1.03461254e+09 1.03461258e+09
 1.03461262e+09 1.03461267e+09 1.03461271e+09 1.03461275e+09
 1.03461279e+09 1.03461283e+09 1.03461288e+09 1.03461292e+09
 1.03461296e+09 1.03461300e+09 1.03461304e+09 1.03461309e+09
 1.03461313e+09 1.03461317e+09 1.03461321e+09 1.03461325e+09
 1.03461329e+09 1.03461334e+09 1.03461338e+09 1.03461342e+09
 1.03461346e+09 1.03461350e+09 1.03461355e+09 1.03461359e+09
 1.03461363e+09 1.03461367e+09 1.03461371e+09 1.03461375e+09
 1.03461380e+09 1.03461384e+09 1.03461388e+09 1.03461392e+09
 1.03461396e+09 1.03461401e+09 1.03461405e+09 1.03461409e+09
 1.03461413e+09 1.03461417e+09 1.03461421e+09 1.03461426e+09
 1.03461430e+09 1.03461434e+09 1.03461438e+09 1.03461442e+09
 1.03461447e+09 1.03461451e+09 1.03461455e+09 1.03461459e+09
 1.03461463e+09 1.03461467e+09 1.03461472e+09 1.03461476e+09
 1.03461480e+09 1.03461484e+09 1.03461488e+09 1.03461493e+09
 1.03461497e+09 1.03461501e+09 1.03461505e+09 1.03461509e+09
 1.03461513e+09 1.03461518e+09 1.03461522e+09 1.03461526e+09
 1.03461530e+09 1.03461534e+09 1.03461539e+09 1.03461543e+09
 1.03461547e+09 1.03461551e+09 1.03461555e+09 1.03461559e+09
 1.03461564e+09 1.03461568e+09 1.03461572e+09 1.03461576e+09
 1.03461580e+09 1.03461585e+09 1.03461589e+09 1.03461593e+09
 1.03461597e+09 1.03461601e+09 1.03461606e+09 1.03461610e+09
 1.03461614e+09 1.03461618e+09 1.03461622e+09 1.03461626e+09
 1.03461631e+09 1.03461635e+09 1.03461639e+09 1.03461643e+09
 1.03461647e+09 1.03461652e+09 1.03461656e+09 1.03461660e+09
 1.03461664e+09 1.03461668e+09 1.03461672e+09 1.03461677e+09
 1.03461681e+09 1.03461685e+09 1.03461689e+09 1.03461693e+09
 1.03461698e+09 1.03461702e+09 1.03461706e+09 1.03461710e+09
 1.03461714e+09 1.03461718e+09 1.03461723e+09 1.03461727e+09
 1.03461731e+09 1.03461735e+09 1.03461739e+09 1.03461744e+09
 1.03461748e+09 1.03461752e+09 1.03461756e+09 1.03461760e+09
 1.03461764e+09 1.03461769e+09 1.03461773e+09 1.03461777e+09
 1.03461781e+09 1.03461785e+09 1.03461790e+09 1.03461794e+09
 1.03461798e+09 1.03461802e+09 1.03461806e+09 1.03461810e+09
 1.03461815e+09 1.03461819e+09 1.03461823e+09 1.03461827e+09
 1.03461831e+09 1.03461836e+09 1.03461840e+09 1.03461844e+09
 1.03461848e+09 1.03461852e+09 1.03461857e+09 1.03461861e+09
 1.03461865e+09 1.03461869e+09 1.03461873e+09 1.03461877e+09
 1.03461882e+09 1.03461886e+09 1.03461890e+09 1.03461894e+09
 1.03461898e+09 1.03461903e+09 1.03461907e+09 1.03461911e+09
 1.03461915e+09 1.03461919e+09 1.03461923e+09 1.03461928e+09
 1.03461932e+09 1.03461936e+09 1.03461940e+09 1.03461944e+09
 1.03461949e+09 1.03461953e+09 1.03461957e+09 1.03461961e+09
 1.03461965e+09 1.03461969e+09 1.03461974e+09 1.03461978e+09
 1.03461982e+09 1.03461986e+09 1.03461990e+09 1.03461995e+09
 1.03461999e+09 1.03462003e+09 1.03462007e+09 1.03462011e+09
 1.03462015e+09 1.03462020e+09 1.03462024e+09 1.03462028e+09
 1.03462032e+09 1.03462036e+09 1.03462041e+09 1.03462045e+09
 1.03462049e+09 1.03462053e+09 1.03462057e+09 1.03462061e+09
 1.03462066e+09 1.03462070e+09 1.03462074e+09 1.03462078e+09
 1.03462082e+09 1.03462087e+09 1.03462091e+09 1.03462095e+09
 1.03462099e+09 1.03462103e+09 1.03462107e+09 1.03462112e+09
 1.03462116e+09 1.03462120e+09 1.03462124e+09 1.03462128e+09
 1.03462133e+09 1.03462137e+09 1.03462141e+09 1.03462145e+09
 1.03462149e+09 1.03462154e+09 1.03462158e+09 1.03462162e+09
 1.03462166e+09 1.03462170e+09 1.03462174e+09 1.03462179e+09
 1.03462183e+09 1.03462187e+09 1.03462191e+09 1.03462195e+09
 1.03462200e+09 1.03462204e+09 1.03462208e+09 1.03462212e+09
 1.03462216e+09 1.03462220e+09 1.03462225e+09 1.03462229e+09
 1.03462233e+09 1.03462237e+09 1.03462241e+09 1.03462246e+09
 1.03462250e+09 1.03462254e+09 1.03462258e+09 1.03462262e+09
 1.03462266e+09 1.03462271e+09 1.03462275e+09 1.03462279e+09
 1.03462283e+09 1.03462287e+09 1.03462292e+09 1.03462296e+09
 1.03462300e+09 1.03462304e+09 1.03462308e+09 1.03462312e+09
 1.03462317e+09 1.03462321e+09 1.03462325e+09 1.03462329e+09
 1.03462333e+09 1.03462338e+09 1.03462342e+09 1.03462346e+09
 1.03462350e+09 1.03462354e+09 1.03462358e+09 1.03462363e+09
 1.03462367e+09 1.03462371e+09 1.03462375e+09 1.03462379e+09
 1.03462384e+09 1.03462388e+09 1.03462392e+09 1.03462396e+09
 1.03462400e+09 1.03462404e+09 1.03462409e+09 1.03462413e+09
 1.03462417e+09 1.03462421e+09 1.03462425e+09 1.03462430e+09
 1.03462434e+09 1.03462438e+09 1.03462442e+09 1.03462446e+09
 1.03462451e+09 1.03462455e+09 1.03462459e+09 1.03462463e+09
 1.03462467e+09 1.03462471e+09 1.03462476e+09 1.03462480e+09
 1.03462484e+09 1.03462488e+09 1.03462492e+09 1.03462497e+09
 1.03462501e+09 1.03462505e+09 1.03462509e+09 1.03462513e+09
 1.03462517e+09 1.03462522e+09 1.03462526e+09 1.03462530e+09
 1.03462534e+09 1.03462538e+09 1.03462543e+09 1.03462547e+09
 1.03462551e+09 1.03462555e+09 1.03462559e+09 1.03462563e+09
 1.03462568e+09 1.03462572e+09 1.03462576e+09 1.03462580e+09
 1.03462584e+09 1.03462589e+09 1.03462593e+09 1.03462597e+09
 1.03462601e+09 1.03462605e+09 1.03462609e+09 1.03462614e+09
 1.03462618e+09 1.03462622e+09 1.03462626e+09 1.03462630e+09
 1.03462635e+09 1.03462639e+09 1.03462643e+09 1.03462647e+09
 1.03462651e+09 1.03462655e+09 1.03462660e+09 1.03462664e+09
 1.03462668e+09 1.03462672e+09 1.03462676e+09 1.03462681e+09
 1.03462685e+09 1.03462689e+09 1.03462693e+09 1.03462697e+09
 1.03462702e+09 1.03462706e+09 1.03462710e+09 1.03462714e+09
 1.03462718e+09 1.03462722e+09 1.03462727e+09 1.03462731e+09
 1.03462735e+09 1.03462739e+09 1.03462743e+09 1.03462748e+09]
minRes = 0.2066137323220657
minResTime =  [1.03462735e+09]
