name =JUICE_ROI_CAL_6_1_07
flyby =  ['2032 OCT 13 20:53:36', '2032 OCT 14 20:53:36']
Observation TW =  <SpiceCell dtype = 1, length = 0, size = 3000, card = 10, is_set = 1, adjust = 0, init = 1, base = 2554803994656, data = 2554803994704>
Res(t) =  [4.06903374 4.06519451 4.06135514 4.05751563 4.05367598 4.04983619
 4.04599626 4.04215619 4.03831598 4.03447562 4.03063512 4.02679448
 4.02295369 4.01911276 4.01527168 4.01143045 4.00758908 4.00374756
 3.99990589 3.99606407 3.9922221  3.98837998 3.98453771 3.98069529
 3.97685272 3.97300999 3.96916711 3.96532407 3.96148088 3.95763754
 3.95379403 3.94995037 3.94610656 3.94226258 3.93841845 3.93457415
 3.9307297  3.92688508 3.9230403  3.91919536 3.91535026 3.911505
 3.90765957 3.90381397 3.89996821 3.89612228 3.89227619 3.88842993
 3.8845835  3.8807369  3.87689013 3.8730432  3.86919609 3.86534881
 3.86150136 3.85765373 3.85380594 3.84995796 3.84610982 3.8422615
 3.838413   3.83456433 3.83071547 3.82686645 3.82301724 3.81916785
 3.81531828 3.81146854 3.80761861 3.8037685  3.79991821 3.79606773
 3.79221707 3.78836623 3.7845152  3.78066398 3.77681258 3.77296099
 3.76910922 3.76525725 3.7614051  3.75755276 3.75370023 3.7498475
 3.74599459 3.74214148 3.73828818 3.73443468 3.730581   3.72672711
 3.72287304 3.71901876 3.71516429 3.71130962 3.70745475 3.70359969
 3.69974442 3.69588896 3.69203329 3.68817743 3.68432136 3.68046509
 3.67660861 3.67275193 3.66889505 3.66503796 3.66118067 3.65732317
 3.65346546 3.64960754 3.64574942 3.64189109 3.63803254 3.63417379
 3.63031482 3.62645565 3.62259626 3.61873666 3.61487684 3.61101681
 3.60715657 3.60329611 3.59943543 3.59557454 3.59171343 3.5878521
 3.58399055 3.58012878 3.5762668  3.57240459 3.56854216 3.5646795
 3.56081663 3.55695353 3.55309021 3.54922666 3.54536289 3.54149889
 3.53763467 3.53377021 3.52990553 3.52604063 3.52217549 3.51831012
 3.51444452 3.51057869 3.50671263 3.50284634 3.49897981 3.49511305
 3.49124605 3.48737882 3.48351135 3.47964365 3.47577571 3.47190753
 3.46803912 3.46417046 3.46030157 3.45643244 3.45256306 3.44869344
 3.44482358 3.44095348 3.43708314 3.43321255 3.42934171 3.42547063
 3.4215993  3.41772773 3.41385591 3.40998384 3.40611152 3.40223896
 3.39836614 3.39449307 3.39061975 3.38674618 3.38287236 3.37899828
 3.37512395 3.37124937 3.36737453 3.36349943 3.35962408 3.35574847
 3.3518726  3.34799648 3.34412009 3.34024345 3.33636654 3.33248937
 3.32861195 3.32473426 3.3208563  3.31697809 3.3130996  3.30922086
 3.30534185 3.30146257 3.29758302 3.29370321 3.28982313 3.28594278
 3.28206216 3.27818127 3.27430011 3.27041868 3.26653698 3.262655
 3.25877275 3.25489023 3.25100743 3.24712436 3.24324101 3.23935738
 3.23547348 3.2315893  3.22770484 3.2238201  3.21993508 3.21604978
 3.2121642  3.20827834 3.2043922  3.20050577 3.19661906 3.19273206
 3.18884478 3.18495721 3.18106936 3.17718122 3.17329279 3.16940408
 3.16551507 3.16162578 3.15773619 3.15384632 3.14995615 3.14606569
 3.14217494 3.13828389 3.13439255 3.13050092 3.12660899 3.12271676
 3.11882424 3.11493142 3.1110383  3.10714489 3.10325117 3.09935715
 3.09546284 3.09156822 3.0876733  3.08377808 3.07988255 3.07598672
 3.07209059 3.06819415 3.0642974  3.06040035 3.05650299 3.05260533
 3.04870735 3.04480907 3.04091048 3.03701157 3.03311236 3.02921283
 3.02531299 3.02141284 3.01751237 3.0136116  3.0097105  3.00580909
 3.00190736 2.99800532 2.99410296 2.99020028 2.98629728 2.98239397
 2.97849033 2.97458637 2.97068209 2.96677749 2.96287257 2.95896732
 2.95506175 2.95115585 2.94724963 2.94334308 2.93943621 2.93552901
 2.93162148 2.92771362 2.92380544 2.91989692 2.91598807 2.91207889
 2.90816938 2.90425954 2.90034937 2.89643886 2.89252801 2.88861683
 2.88470532 2.88079347 2.87688128 2.87296876 2.86905589 2.86514269
 2.86122915 2.85731526 2.85340104 2.84948648 2.84557157 2.84165632
 2.83774072 2.83382479 2.8299085  2.82599188 2.8220749  2.81815758
 2.81423991 2.8103219  2.80640353 2.80248482 2.79856575 2.79464634
 2.79072657 2.78680645 2.78288598 2.77896516 2.77504398 2.77112245
 2.76720056 2.76327831 2.75935571 2.75543275 2.75150944 2.74758576
 2.74366173 2.73973734 2.73581259 2.73188747 2.72796199 2.72403616
 2.72010995 2.71618339 2.71225646 2.70832916 2.7044015  2.70047348
 2.69654508 2.69261632 2.68868719 2.68475769 2.68082782 2.67689758
 2.67296697 2.66903599 2.66510464 2.66117291 2.65724081 2.65330834
 2.64937549 2.64544227 2.64150867 2.63757469 2.63364034 2.6297056
 2.62577049 2.621835   2.61789913 2.61396288 2.61002625 2.60608923
 2.60215184 2.59821405 2.59427589 2.59033734 2.58639841 2.58245909
 2.57851938 2.57457928 2.5706388  2.56669793 2.56275667 2.55881502
 2.55487298 2.55093055 2.54698773 2.54304451 2.5391009  2.5351569
 2.5312125  2.52726771 2.52332252 2.51937694 2.51543095 2.51148457
 2.5075378  2.50359062 2.49964304 2.49569507 2.49174669 2.48779791
 2.48384873 2.47989914 2.47594916 2.47199876 2.46804797 2.46409676
 2.46014515 2.45619314 2.45224071 2.44828788 2.44433464 2.44038099
 2.43642693 2.43247246 2.42851757 2.42456228 2.42060657 2.41665045
 2.41269391 2.40873696 2.40477959 2.40082181 2.39686361 2.392905
 2.38894596 2.38498651 2.38102664 2.37706634 2.37310563 2.3691445
 2.36518294 2.36122096 2.35725856 2.35329573 2.34933248 2.3453688
 2.3414047  2.33744017 2.33347521 2.32950982 2.32554401 2.32157777
 2.31761109 2.31364399 2.30967645 2.30570849 2.30174009 2.29777125
 2.29380199 2.28983229 2.28586215 2.28189158 2.27792057 2.27394912
 2.26997724 2.26600491 2.26203215 2.25805895 2.25408531 2.25011122
 2.2461367  2.24216173 2.23818632 2.23421046 2.23023416 2.22625742
 2.22228023 2.21830259 2.2143245  2.21034597 2.20636699 2.20238756
 2.19840768 2.19442735 2.19044657 2.18646534 2.18248365 2.17850151
 2.17451892 2.17053587 2.16655237 2.16256841 2.158584   2.15459912
 2.15061379 2.14662801 2.14264176 2.13865505 2.13466788 2.13068026
 2.12669217 2.12270361 2.1187146  2.11472512 2.11073517 2.10674476
 2.10275389 2.09876255 2.09477074 2.09077846 2.08678572 2.0827925
 2.07879882 2.07480466 2.07081004 2.06681494 2.06281937 2.05882333
 2.05482681 2.05082982 2.04683235 2.04283441 2.03883599 2.0348371
 2.03083772 2.02683787 2.02283754 2.01883673 2.01483544 2.01083366
 2.00683141 2.00282867 1.99882545 1.99482175 1.99081756 1.98681289
 1.98280773 1.97880208 1.97479595 1.97078933 1.96678222 1.96277462
 1.95876653 1.95475795 1.95074888 1.94673932 1.94272926 1.93871872
 1.93470767 1.93069614 1.92668411 1.92267158 1.91865855 1.91464503
 1.91063101 1.90661649 1.90260148 1.89858596 1.89456994 1.89055342
 1.8865364  1.88251888 1.87850085 1.87448232 1.87046328 1.86644374
 1.86242369 1.85840314 1.85438208 1.85036051 1.84633843 1.84231585
 1.83829275 1.83426914 1.83024502 1.82622039 1.82219524 1.81816959
 1.81414341 1.81011673 1.80608952 1.80206181 1.79803357 1.79400482
 1.78997555 1.78594576 1.78191545 1.77788462 1.77385327 1.7698214
 1.765789   1.76175609 1.75772265 1.75368868 1.74965419 1.74561918
 1.74158363 1.73754757 1.73351097 1.72947385 1.72543619 1.72139801
 1.71735929 1.71332005 1.70928027 1.70523996 1.70119912 1.69715775
 1.69311584 1.68907339 1.68503041 1.68098689 1.67694284 1.67289825
 1.66885311 1.66480744 1.66076123 1.65671448 1.65266719 1.64861936
 1.64457098 1.64052206 1.6364726  1.63242259 1.62837204 1.62432094
 1.62026929 1.6162171  1.61216436 1.60811107 1.60405723 1.60000284
 1.5959479  1.59189241 1.58783636 1.58377977 1.57972262 1.57566491
 1.57160665 1.56754784 1.56348847 1.55942854 1.55536805 1.55130701
 1.54724541 1.54318325 1.53912053 1.53505724 1.5309934  1.52692899
 1.52286402 1.51879849 1.51473239 1.51066573 1.5065985  1.5025307
 1.49846234 1.49439341 1.49032392 1.48625385 1.48218321 1.478112
 1.47404023 1.46996788 1.46589495 1.46182146 1.45774739 1.45367274
 1.44959752 1.44552173 1.44144536 1.43736841 1.43329088 1.42921278
 1.42513409 1.42105483 1.41697499 1.41289456 1.40881355 1.40473196
 1.40064979 1.39656703 1.39248369 1.38839976 1.38431525 1.38023015
 1.37614446 1.37205818 1.36797132 1.36388387 1.35979582 1.35570719
 1.35161797 1.34752815 1.34343774 1.33934674 1.33525514 1.33116295
 1.32707016 1.32297678 1.3188828  1.31478822 1.31069305 1.30659728
 1.30250091 1.29840393 1.29430636 1.29020819 1.28610941 1.28201003
 1.27791005 1.27380947 1.26970828 1.26560648 1.26150408 1.25740108
 1.25329746 1.24919324 1.24508841 1.24098298 1.23687693 1.23277027
 1.228663   1.22455512 1.22044663 1.21633752 1.2122278  1.20811747
 1.20400652 1.19989496 1.19578278 1.19166998 1.18755657 1.18344254
 1.17932789 1.17521262 1.17109674 1.16698023 1.1628631  1.15874535
 1.15462698 1.15050798 1.14638837 1.14226812 1.13814726 1.13402577
 1.12990365 1.12578091 1.12165754 1.11753354 1.11340891 1.10928366
 1.10515778 1.10103127 1.09690412 1.09277635 1.08864795 1.08451891
 1.08038924 1.07625894 1.072128   1.06799643 1.06386423 1.05973139
 1.05559792 1.05146381 1.04732906 1.04319367 1.03905765 1.03492099
 1.03078369 1.02664575 1.02250718 1.01836796 1.0142281  1.0100876
 1.00594646 1.00180468 0.99766225 0.99351919 0.98937547 0.98523112
 0.98108612 0.97694048 0.97279419 0.96864726 0.96449968 0.96035145
 0.95620258 0.95205306 0.9479029  0.94375208 0.93960062 0.93544851
 0.93129576 0.92714235 0.9229883  0.91883359 0.91467824 0.91052224
 0.90636559 0.90220828 0.89805033 0.89389173 0.88973247 0.88557257
 0.88141201 0.8772508  0.87308894 0.86892643 0.86476327 0.86059946
 0.85643499 0.85226988 0.84810411 0.84393769 0.83977062 0.83560289
 0.83143452 0.82726549 0.82309581 0.81892549 0.81475451 0.81058288
 0.80641059 0.80223766 0.79806408 0.79388985 0.78971497 0.78553944
 0.78136326 0.77718644 0.77300896 0.76883084 0.76465207 0.76047266
 0.7562926  0.75211189 0.74793054 0.74374855 0.73956591 0.73538263
 0.73119872 0.72701416 0.72282896 0.71864312 0.71445665 0.71026954
 0.7060818  0.70189342 0.69770441 0.69235811 0.68816585 0.68397295
 0.6797794  0.6755852  0.67139036 0.66719488 0.66299876 0.658802
 0.6546046  0.65040657 0.6462079  0.6420086  0.63780868 0.63360812
 0.62940694 0.62520514 0.62100271 0.61679967 0.61259601 0.60839174
 0.60418685 0.59998136 0.59577527 0.59156858 0.58736128 0.5831534
 0.57894492 0.57473586 0.57052621 0.56631599 0.56210519 0.55789382
 0.55368189 0.5494694  0.54525636 0.54104276 0.53682863 0.53261396
 0.52839875 0.52418302 0.51996678 0.51575002 0.51153276 0.50731501
 0.50309677 0.49887805 0.49465886 0.49043922 0.48621912 0.48199858
 0.47777761 0.47355622 0.46933443 0.46511224 0.46088966 0.45666672
 0.45244343 0.44821979 0.44399583 0.43977157 0.43554701 0.43132217
 0.42709709 0.42287176 0.41864623 0.41442049 0.41019459 0.40596854
 0.40174237 0.3975161  0.39328977 0.3890634  0.38483702 0.38061066
 0.37638437 0.37215817 0.3679321  0.36370621 0.35948053 0.35525511
 0.35103001 0.34680526 0.34258092 0.33835706 0.33413372 0.32991098
 0.32568889 0.32146754 0.31724699 0.31302734 0.30880866 0.30459104
 0.3003746  0.29615942 0.29194562 0.28773333 0.28352267 0.27931377
 0.27510679 0.27090188 0.26669921 0.26249897 0.25830135 0.25410656
 0.24991483 0.24572642 0.24154158 0.23736061 0.23318383 0.22901158
 0.22484422 0.22068217 0.21652588 0.21237583 0.20823255 0.20409664
 0.19996873 0.19584954 0.19173986 0.18764057 0.18355262 0.17947712
 0.17541525 0.17136839 0.16733804 0.16332592 0.15933398 0.15536442
 0.15141974 0.14750283 0.14361699 0.13976604 0.13595442 0.13218731
 0.12847082 0.12481215 0.12121988 0.11770435 0.11427807 0.11095635
 0.10775815 0.10470724 0.10183385 0.09917706 0.09678842 0.0947375
 0.0931209  0.09207748 0.09181585 0.09266792]
t =  [1.03458569e+09 1.03458573e+09 1.03458577e+09 1.03458581e+09
 1.03458586e+09 1.03458590e+09 1.03458594e+09 1.03458598e+09
 1.03458603e+09 1.03458607e+09 1.03458611e+09 1.03458615e+09
 1.03458620e+09 1.03458624e+09 1.03458628e+09 1.03458632e+09
 1.03458637e+09 1.03458641e+09 1.03458645e+09 1.03458649e+09
 1.03458654e+09 1.03458658e+09 1.03458662e+09 1.03458666e+09
 1.03458671e+09 1.03458675e+09 1.03458679e+09 1.03458684e+09
 1.03458688e+09 1.03458692e+09 1.03458696e+09 1.03458701e+09
 1.03458705e+09 1.03458709e+09 1.03458713e+09 1.03458718e+09
 1.03458722e+09 1.03458726e+09 1.03458730e+09 1.03458735e+09
 1.03458739e+09 1.03458743e+09 1.03458747e+09 1.03458752e+09
 1.03458756e+09 1.03458760e+09 1.03458764e+09 1.03458769e+09
 1.03458773e+09 1.03458777e+09 1.03458781e+09 1.03458786e+09
 1.03458790e+09 1.03458794e+09 1.03458799e+09 1.03458803e+09
 1.03458807e+09 1.03458811e+09 1.03458816e+09 1.03458820e+09
 1.03458824e+09 1.03458828e+09 1.03458833e+09 1.03458837e+09
 1.03458841e+09 1.03458845e+09 1.03458850e+09 1.03458854e+09
 1.03458858e+09 1.03458862e+09 1.03458867e+09 1.03458871e+09
 1.03458875e+09 1.03458879e+09 1.03458884e+09 1.03458888e+09
 1.03458892e+09 1.03458896e+09 1.03458901e+09 1.03458905e+09
 1.03458909e+09 1.03458913e+09 1.03458918e+09 1.03458922e+09
 1.03458926e+09 1.03458931e+09 1.03458935e+09 1.03458939e+09
 1.03458943e+09 1.03458948e+09 1.03458952e+09 1.03458956e+09
 1.03458960e+09 1.03458965e+09 1.03458969e+09 1.03458973e+09
 1.03458977e+09 1.03458982e+09 1.03458986e+09 1.03458990e+09
 1.03458994e+09 1.03458999e+09 1.03459003e+09 1.03459007e+09
 1.03459011e+09 1.03459016e+09 1.03459020e+09 1.03459024e+09
 1.03459028e+09 1.03459033e+09 1.03459037e+09 1.03459041e+09
 1.03459046e+09 1.03459050e+09 1.03459054e+09 1.03459058e+09
 1.03459063e+09 1.03459067e+09 1.03459071e+09 1.03459075e+09
 1.03459080e+09 1.03459084e+09 1.03459088e+09 1.03459092e+09
 1.03459097e+09 1.03459101e+09 1.03459105e+09 1.03459109e+09
 1.03459114e+09 1.03459118e+09 1.03459122e+09 1.03459126e+09
 1.03459131e+09 1.03459135e+09 1.03459139e+09 1.03459143e+09
 1.03459148e+09 1.03459152e+09 1.03459156e+09 1.03459161e+09
 1.03459165e+09 1.03459169e+09 1.03459173e+09 1.03459178e+09
 1.03459182e+09 1.03459186e+09 1.03459190e+09 1.03459195e+09
 1.03459199e+09 1.03459203e+09 1.03459207e+09 1.03459212e+09
 1.03459216e+09 1.03459220e+09 1.03459224e+09 1.03459229e+09
 1.03459233e+09 1.03459237e+09 1.03459241e+09 1.03459246e+09
 1.03459250e+09 1.03459254e+09 1.03459258e+09 1.03459263e+09
 1.03459267e+09 1.03459271e+09 1.03459276e+09 1.03459280e+09
 1.03459284e+09 1.03459288e+09 1.03459293e+09 1.03459297e+09
 1.03459301e+09 1.03459305e+09 1.03459310e+09 1.03459314e+09
 1.03459318e+09 1.03459322e+09 1.03459327e+09 1.03459331e+09
 1.03459335e+09 1.03459339e+09 1.03459344e+09 1.03459348e+09
 1.03459352e+09 1.03459356e+09 1.03459361e+09 1.03459365e+09
 1.03459369e+09 1.03459373e+09 1.03459378e+09 1.03459382e+09
 1.03459386e+09 1.03459391e+09 1.03459395e+09 1.03459399e+09
 1.03459403e+09 1.03459408e+09 1.03459412e+09 1.03459416e+09
 1.03459420e+09 1.03459425e+09 1.03459429e+09 1.03459433e+09
 1.03459437e+09 1.03459442e+09 1.03459446e+09 1.03459450e+09
 1.03459454e+09 1.03459459e+09 1.03459463e+09 1.03459467e+09
 1.03459471e+09 1.03459476e+09 1.03459480e+09 1.03459484e+09
 1.03459488e+09 1.03459493e+09 1.03459497e+09 1.03459501e+09
 1.03459506e+09 1.03459510e+09 1.03459514e+09 1.03459518e+09
 1.03459523e+09 1.03459527e+09 1.03459531e+09 1.03459535e+09
 1.03459540e+09 1.03459544e+09 1.03459548e+09 1.03459552e+09
 1.03459557e+09 1.03459561e+09 1.03459565e+09 1.03459569e+09
 1.03459574e+09 1.03459578e+09 1.03459582e+09 1.03459586e+09
 1.03459591e+09 1.03459595e+09 1.03459599e+09 1.03459603e+09
 1.03459608e+09 1.03459612e+09 1.03459616e+09 1.03459620e+09
 1.03459625e+09 1.03459629e+09 1.03459633e+09 1.03459638e+09
 1.03459642e+09 1.03459646e+09 1.03459650e+09 1.03459655e+09
 1.03459659e+09 1.03459663e+09 1.03459667e+09 1.03459672e+09
 1.03459676e+09 1.03459680e+09 1.03459684e+09 1.03459689e+09
 1.03459693e+09 1.03459697e+09 1.03459701e+09 1.03459706e+09
 1.03459710e+09 1.03459714e+09 1.03459718e+09 1.03459723e+09
 1.03459727e+09 1.03459731e+09 1.03459735e+09 1.03459740e+09
 1.03459744e+09 1.03459748e+09 1.03459753e+09 1.03459757e+09
 1.03459761e+09 1.03459765e+09 1.03459770e+09 1.03459774e+09
 1.03459778e+09 1.03459782e+09 1.03459787e+09 1.03459791e+09
 1.03459795e+09 1.03459799e+09 1.03459804e+09 1.03459808e+09
 1.03459812e+09 1.03459816e+09 1.03459821e+09 1.03459825e+09
 1.03459829e+09 1.03459833e+09 1.03459838e+09 1.03459842e+09
 1.03459846e+09 1.03459850e+09 1.03459855e+09 1.03459859e+09
 1.03459863e+09 1.03459868e+09 1.03459872e+09 1.03459876e+09
 1.03459880e+09 1.03459885e+09 1.03459889e+09 1.03459893e+09
 1.03459897e+09 1.03459902e+09 1.03459906e+09 1.03459910e+09
 1.03459914e+09 1.03459919e+09 1.03459923e+09 1.03459927e+09
 1.03459931e+09 1.03459936e+09 1.03459940e+09 1.03459944e+09
 1.03459948e+09 1.03459953e+09 1.03459957e+09 1.03459961e+09
 1.03459965e+09 1.03459970e+09 1.03459974e+09 1.03459978e+09
 1.03459983e+09 1.03459987e+09 1.03459991e+09 1.03459995e+09
 1.03460000e+09 1.03460004e+09 1.03460008e+09 1.03460012e+09
 1.03460017e+09 1.03460021e+09 1.03460025e+09 1.03460029e+09
 1.03460034e+09 1.03460038e+09 1.03460042e+09 1.03460046e+09
 1.03460051e+09 1.03460055e+09 1.03460059e+09 1.03460063e+09
 1.03460068e+09 1.03460072e+09 1.03460076e+09 1.03460080e+09
 1.03460085e+09 1.03460089e+09 1.03460093e+09 1.03460098e+09
 1.03460102e+09 1.03460106e+09 1.03460110e+09 1.03460115e+09
 1.03460119e+09 1.03460123e+09 1.03460127e+09 1.03460132e+09
 1.03460136e+09 1.03460140e+09 1.03460144e+09 1.03460149e+09
 1.03460153e+09 1.03460157e+09 1.03460161e+09 1.03460166e+09
 1.03460170e+09 1.03460174e+09 1.03460178e+09 1.03460183e+09
 1.03460187e+09 1.03460191e+09 1.03460195e+09 1.03460200e+09
 1.03460204e+09 1.03460208e+09 1.03460212e+09 1.03460217e+09
 1.03460221e+09 1.03460225e+09 1.03460230e+09 1.03460234e+09
 1.03460238e+09 1.03460242e+09 1.03460247e+09 1.03460251e+09
 1.03460255e+09 1.03460259e+09 1.03460264e+09 1.03460268e+09
 1.03460272e+09 1.03460276e+09 1.03460281e+09 1.03460285e+09
 1.03460289e+09 1.03460293e+09 1.03460298e+09 1.03460302e+09
 1.03460306e+09 1.03460310e+09 1.03460315e+09 1.03460319e+09
 1.03460323e+09 1.03460327e+09 1.03460332e+09 1.03460336e+09
 1.03460340e+09 1.03460345e+09 1.03460349e+09 1.03460353e+09
 1.03460357e+09 1.03460362e+09 1.03460366e+09 1.03460370e+09
 1.03460374e+09 1.03460379e+09 1.03460383e+09 1.03460387e+09
 1.03460391e+09 1.03460396e+09 1.03460400e+09 1.03460404e+09
 1.03460408e+09 1.03460413e+09 1.03460417e+09 1.03460421e+09
 1.03460425e+09 1.03460430e+09 1.03460434e+09 1.03460438e+09
 1.03460442e+09 1.03460447e+09 1.03460451e+09 1.03460455e+09
 1.03460460e+09 1.03460464e+09 1.03460468e+09 1.03460472e+09
 1.03460477e+09 1.03460481e+09 1.03460485e+09 1.03460489e+09
 1.03460494e+09 1.03460498e+09 1.03460502e+09 1.03460506e+09
 1.03460511e+09 1.03460515e+09 1.03460519e+09 1.03460523e+09
 1.03460528e+09 1.03460532e+09 1.03460536e+09 1.03460540e+09
 1.03460545e+09 1.03460549e+09 1.03460553e+09 1.03460557e+09
 1.03460562e+09 1.03460566e+09 1.03460570e+09 1.03460575e+09
 1.03460579e+09 1.03460583e+09 1.03460587e+09 1.03460592e+09
 1.03460596e+09 1.03460600e+09 1.03460604e+09 1.03460609e+09
 1.03460613e+09 1.03460617e+09 1.03460621e+09 1.03460626e+09
 1.03460630e+09 1.03460634e+09 1.03460638e+09 1.03460643e+09
 1.03460647e+09 1.03460651e+09 1.03460655e+09 1.03460660e+09
 1.03460664e+09 1.03460668e+09 1.03460672e+09 1.03460677e+09
 1.03460681e+09 1.03460685e+09 1.03460690e+09 1.03460694e+09
 1.03460698e+09 1.03460702e+09 1.03460707e+09 1.03460711e+09
 1.03460715e+09 1.03460719e+09 1.03460724e+09 1.03460728e+09
 1.03460732e+09 1.03460736e+09 1.03460741e+09 1.03460745e+09
 1.03460749e+09 1.03460753e+09 1.03460758e+09 1.03460762e+09
 1.03460766e+09 1.03460770e+09 1.03460775e+09 1.03460779e+09
 1.03460783e+09 1.03460787e+09 1.03460792e+09 1.03460796e+09
 1.03460800e+09 1.03460804e+09 1.03460809e+09 1.03460813e+09
 1.03460817e+09 1.03460822e+09 1.03460826e+09 1.03460830e+09
 1.03460834e+09 1.03460839e+09 1.03460843e+09 1.03460847e+09
 1.03460851e+09 1.03460856e+09 1.03460860e+09 1.03460864e+09
 1.03460868e+09 1.03460873e+09 1.03460877e+09 1.03460881e+09
 1.03460885e+09 1.03460890e+09 1.03460894e+09 1.03460898e+09
 1.03460902e+09 1.03460907e+09 1.03460911e+09 1.03460915e+09
 1.03460919e+09 1.03460924e+09 1.03460928e+09 1.03460932e+09
 1.03460937e+09 1.03460941e+09 1.03460945e+09 1.03460949e+09
 1.03460954e+09 1.03460958e+09 1.03460962e+09 1.03460966e+09
 1.03460971e+09 1.03460975e+09 1.03460979e+09 1.03460983e+09
 1.03460988e+09 1.03460992e+09 1.03460996e+09 1.03461000e+09
 1.03461005e+09 1.03461009e+09 1.03461013e+09 1.03461017e+09
 1.03461022e+09 1.03461026e+09 1.03461030e+09 1.03461034e+09
 1.03461039e+09 1.03461043e+09 1.03461047e+09 1.03461052e+09
 1.03461056e+09 1.03461060e+09 1.03461064e+09 1.03461069e+09
 1.03461073e+09 1.03461077e+09 1.03461081e+09 1.03461086e+09
 1.03461090e+09 1.03461094e+09 1.03461098e+09 1.03461103e+09
 1.03461107e+09 1.03461111e+09 1.03461115e+09 1.03461120e+09
 1.03461124e+09 1.03461128e+09 1.03461132e+09 1.03461137e+09
 1.03461141e+09 1.03461145e+09 1.03461149e+09 1.03461154e+09
 1.03461158e+09 1.03461162e+09 1.03461167e+09 1.03461171e+09
 1.03461175e+09 1.03461179e+09 1.03461184e+09 1.03461188e+09
 1.03461192e+09 1.03461196e+09 1.03461201e+09 1.03461205e+09
 1.03461209e+09 1.03461213e+09 1.03461218e+09 1.03461222e+09
 1.03461226e+09 1.03461230e+09 1.03461235e+09 1.03461239e+09
 1.03461243e+09 1.03461247e+09 1.03461252e+09 1.03461256e+09
 1.03461260e+09 1.03461264e+09 1.03461269e+09 1.03461273e+09
 1.03461277e+09 1.03461282e+09 1.03461286e+09 1.03461290e+09
 1.03461294e+09 1.03461299e+09 1.03461303e+09 1.03461307e+09
 1.03461311e+09 1.03461316e+09 1.03461320e+09 1.03461324e+09
 1.03461328e+09 1.03461333e+09 1.03461337e+09 1.03461341e+09
 1.03461345e+09 1.03461350e+09 1.03461354e+09 1.03461358e+09
 1.03461362e+09 1.03461367e+09 1.03461371e+09 1.03461375e+09
 1.03461379e+09 1.03461384e+09 1.03461388e+09 1.03461392e+09
 1.03461397e+09 1.03461401e+09 1.03461405e+09 1.03461409e+09
 1.03461414e+09 1.03461418e+09 1.03461422e+09 1.03461426e+09
 1.03461431e+09 1.03461435e+09 1.03461439e+09 1.03461443e+09
 1.03461448e+09 1.03461452e+09 1.03461456e+09 1.03461460e+09
 1.03461465e+09 1.03461469e+09 1.03461473e+09 1.03461477e+09
 1.03461482e+09 1.03461486e+09 1.03461490e+09 1.03461494e+09
 1.03461499e+09 1.03461503e+09 1.03461507e+09 1.03461511e+09
 1.03461516e+09 1.03461520e+09 1.03461524e+09 1.03461529e+09
 1.03461533e+09 1.03461537e+09 1.03461541e+09 1.03461546e+09
 1.03461550e+09 1.03461554e+09 1.03461558e+09 1.03461563e+09
 1.03461567e+09 1.03461571e+09 1.03461575e+09 1.03461580e+09
 1.03461584e+09 1.03461588e+09 1.03461592e+09 1.03461597e+09
 1.03461601e+09 1.03461605e+09 1.03461609e+09 1.03461614e+09
 1.03461618e+09 1.03461622e+09 1.03461626e+09 1.03461631e+09
 1.03461635e+09 1.03461639e+09 1.03461644e+09 1.03461648e+09
 1.03461652e+09 1.03461656e+09 1.03461661e+09 1.03461665e+09
 1.03461669e+09 1.03461673e+09 1.03461678e+09 1.03461682e+09
 1.03461686e+09 1.03461690e+09 1.03461695e+09 1.03461699e+09
 1.03461703e+09 1.03461707e+09 1.03461712e+09 1.03461716e+09
 1.03461720e+09 1.03461724e+09 1.03461729e+09 1.03461733e+09
 1.03461737e+09 1.03461741e+09 1.03461746e+09 1.03461750e+09
 1.03461754e+09 1.03461759e+09 1.03461763e+09 1.03461767e+09
 1.03461771e+09 1.03461776e+09 1.03461780e+09 1.03461784e+09
 1.03461788e+09 1.03461793e+09 1.03461797e+09 1.03461801e+09
 1.03461805e+09 1.03461810e+09 1.03461814e+09 1.03461818e+09
 1.03461822e+09 1.03461827e+09 1.03461831e+09 1.03461835e+09
 1.03461839e+09 1.03461844e+09 1.03461848e+09 1.03461852e+09
 1.03461856e+09 1.03461861e+09 1.03461865e+09 1.03461869e+09
 1.03461874e+09 1.03461878e+09 1.03461882e+09 1.03461886e+09
 1.03461891e+09 1.03461895e+09 1.03461899e+09 1.03461903e+09
 1.03461908e+09 1.03461912e+09 1.03461916e+09 1.03461920e+09
 1.03461925e+09 1.03461929e+09 1.03461933e+09 1.03461937e+09
 1.03461942e+09 1.03461946e+09 1.03461950e+09 1.03461954e+09
 1.03461959e+09 1.03461963e+09 1.03461967e+09 1.03461971e+09
 1.03461976e+09 1.03461980e+09 1.03461984e+09 1.03461989e+09
 1.03461993e+09 1.03461997e+09 1.03462001e+09 1.03462006e+09
 1.03462010e+09 1.03462014e+09 1.03462018e+09 1.03462023e+09
 1.03462027e+09 1.03462031e+09 1.03462035e+09 1.03462040e+09
 1.03462044e+09 1.03462048e+09 1.03462052e+09 1.03462057e+09
 1.03462061e+09 1.03462065e+09 1.03462069e+09 1.03462074e+09
 1.03462078e+09 1.03462082e+09 1.03462086e+09 1.03462091e+09
 1.03462095e+09 1.03462099e+09 1.03462103e+09 1.03462108e+09
 1.03462112e+09 1.03462116e+09 1.03462121e+09 1.03462125e+09
 1.03462129e+09 1.03462133e+09 1.03462138e+09 1.03462142e+09
 1.03462146e+09 1.03462150e+09 1.03462155e+09 1.03462159e+09
 1.03462163e+09 1.03462167e+09 1.03462172e+09 1.03462176e+09
 1.03462180e+09 1.03462184e+09 1.03462189e+09 1.03462193e+09
 1.03462197e+09 1.03462201e+09 1.03462206e+09 1.03462210e+09
 1.03462214e+09 1.03462218e+09 1.03462223e+09 1.03462227e+09
 1.03462231e+09 1.03462236e+09 1.03462240e+09 1.03462244e+09
 1.03462248e+09 1.03462253e+09 1.03462257e+09 1.03462261e+09
 1.03462265e+09 1.03462270e+09 1.03462274e+09 1.03462278e+09
 1.03462282e+09 1.03462287e+09 1.03462291e+09 1.03462295e+09
 1.03462299e+09 1.03462304e+09 1.03462308e+09 1.03462312e+09
 1.03462316e+09 1.03462321e+09 1.03462325e+09 1.03462329e+09
 1.03462333e+09 1.03462338e+09 1.03462342e+09 1.03462346e+09
 1.03462351e+09 1.03462355e+09 1.03462359e+09 1.03462363e+09
 1.03462368e+09 1.03462372e+09 1.03462376e+09 1.03462380e+09
 1.03462385e+09 1.03462389e+09 1.03462393e+09 1.03462397e+09
 1.03462402e+09 1.03462406e+09 1.03462410e+09 1.03462414e+09
 1.03462419e+09 1.03462423e+09 1.03462427e+09 1.03462431e+09
 1.03462436e+09 1.03462440e+09 1.03462444e+09 1.03462448e+09
 1.03462453e+09 1.03462457e+09 1.03462461e+09 1.03462466e+09
 1.03462470e+09 1.03462474e+09 1.03462478e+09 1.03462483e+09
 1.03462487e+09 1.03462491e+09 1.03462495e+09 1.03462500e+09
 1.03462504e+09 1.03462508e+09 1.03462512e+09 1.03462517e+09
 1.03462521e+09 1.03462525e+09 1.03462529e+09 1.03462534e+09
 1.03462538e+09 1.03462542e+09 1.03462546e+09 1.03462551e+09
 1.03462555e+09 1.03462559e+09 1.03462563e+09 1.03462568e+09
 1.03462572e+09 1.03462576e+09 1.03462581e+09 1.03462585e+09
 1.03462589e+09 1.03462593e+09 1.03462598e+09 1.03462602e+09
 1.03462606e+09 1.03462610e+09 1.03462615e+09 1.03462619e+09
 1.03462623e+09 1.03462627e+09 1.03462632e+09 1.03462636e+09
 1.03462640e+09 1.03462644e+09 1.03462649e+09 1.03462653e+09
 1.03462657e+09 1.03462661e+09 1.03462666e+09 1.03462670e+09
 1.03462674e+09 1.03462678e+09 1.03462683e+09 1.03462687e+09
 1.03462691e+09 1.03462695e+09 1.03462700e+09 1.03462704e+09
 1.03462708e+09 1.03462713e+09 1.03462717e+09 1.03462721e+09
 1.03462725e+09 1.03462730e+09 1.03462734e+09 1.03462738e+09
 1.03462742e+09 1.03462747e+09 1.03462751e+09 1.03462755e+09
 1.03462759e+09 1.03462764e+09 1.03462768e+09 1.03462772e+09
 1.03462776e+09 1.03462781e+09 1.03462785e+09 1.03462789e+09
 1.03462793e+09 1.03462798e+09 1.03462802e+09 1.03462806e+09
 1.03462810e+09 1.03462815e+09 1.03462819e+09 1.03462823e+09]
minRes = 0.09181585430843252
minResTime =  [1.03462819e+09]
