name =JUICE_ROI_CAL_4_4_04
flyby =  ['2032 SEP 10 11:52:29', '2032 SEP 11 11:52:29']
Observation TW =  <SpiceCell dtype = 1, length = 0, size = 3000, card = 10, is_set = 1, adjust = 0, init = 1, base = 2554799759056, data = 2554799759104>
Res(t) =  [3.64794668 3.64402229 3.64009867 3.63617581 3.63225371 3.62833237
 3.62441179 3.62049197 3.61657291 3.61265461 3.60873706 3.60482028
 3.60090425 3.59698897 3.59307445 3.58916069 3.58524767 3.58133541
 3.57742391 3.57351315 3.56960315 3.56569389 3.56178538 3.55787763
 3.55397062 3.55006436 3.54615884 3.54225407 3.53835005 3.53444677
 3.53054423 3.52664243 3.52274138 3.51884107 3.5149415  3.51104268
 3.50714459 3.50324724 3.49935062 3.49545475 3.49155961 3.48766521
 3.48377154 3.47987861 3.47598641 3.47209494 3.46820421 3.46431421
 3.46042494 3.4565364  3.45264859 3.44876151 3.44487516 3.44098953
 3.43710464 3.43322046 3.42933702 3.4254543  3.4215723  3.41769103
 3.41381048 3.40993065 3.40605154 3.40217316 3.39829549 3.39441854
 3.39054231 3.3866668  3.38279201 3.37891793 3.37504457 3.37117193
 3.3673     3.36342878 3.35955828 3.35568849 3.35181941 3.34795104
 3.34408338 3.34021643 3.33635019 3.33248466 3.32861984 3.32475572
 3.32089231 3.31702961 3.31316761 3.30930631 3.30544572 3.30158583
 3.29772664 3.29386816 3.29001037 3.28615329 3.2822969  3.27844122
 3.27458623 3.27073194 3.26687834 3.26302544 3.25917324 3.25532173
 3.25147092 3.2476208  3.24377137 3.23992263 3.23607458 3.23222723
 3.22838056 3.22453459 3.2206893  3.2168447  3.21300079 3.20915756
 3.20531502 3.20147317 3.197632   3.19379151 3.18995171 3.18611259
 3.18227415 3.17843639 3.17459931 3.17076291 3.16692719 3.16309215
 3.15925779 3.1554241  3.15159109 3.14775876 3.1439271  3.14009612
 3.1362658  3.13243617 3.1286072  3.12477891 3.12095128 3.11712433
 3.11329805 3.10947243 3.10564748 3.10182321 3.09799959 3.09417665
 3.09035437 3.08653275 3.0827118  3.07889151 3.07507189 3.07125293
 3.06743463 3.06361699 3.05980001 3.05598369 3.05216803 3.04835302
 3.04453868 3.04072499 3.03691196 3.03309958 3.02928786 3.02547679
 3.02166638 3.01785662 3.01404751 3.01023905 3.00643124 3.00262409
 2.99881758 2.99501172 2.99120651 2.98740195 2.98359804 2.97979477
 2.97599214 2.97219017 2.96838883 2.96458814 2.96078809 2.95698869
 2.95318992 2.9493918  2.94559432 2.94179747 2.93800127 2.9342057
 2.93041078 2.92661649 2.92282283 2.91902981 2.91523743 2.91144568
 2.90765456 2.90386408 2.90007423 2.89628501 2.89249642 2.88870846
 2.88492113 2.88113443 2.87734836 2.87356292 2.8697781  2.86599392
 2.86221035 2.85842741 2.8546451  2.85086341 2.84708234 2.8433019
 2.83952208 2.83574287 2.83196429 2.82818633 2.82440899 2.82063227
 2.81685616 2.81308067 2.8093058  2.80553155 2.80175791 2.79798488
 2.79421247 2.79044067 2.78666949 2.78289891 2.77912895 2.7753596
 2.77159086 2.76782273 2.76405521 2.76028829 2.75652199 2.75275629
 2.74899119 2.7452267  2.74146282 2.73769954 2.73393687 2.73017479
 2.72641332 2.72265246 2.71889219 2.71513252 2.71137345 2.70761499
 2.70385712 2.70009984 2.69634317 2.69258709 2.68883161 2.68507672
 2.68132243 2.67756873 2.67381563 2.67006311 2.66631119 2.66255986
 2.65880912 2.65505898 2.65130942 2.64756045 2.64381206 2.64006427
 2.63631706 2.63257044 2.6288244  2.62507895 2.62133409 2.6175898
 2.6138461  2.61010299 2.60636045 2.6026185  2.59887712 2.59513633
 2.59139611 2.58765647 2.58391742 2.58017893 2.57644103 2.5727037
 2.56896695 2.56523077 2.56149516 2.55776013 2.55402567 2.55029179
 2.54655847 2.54282573 2.53909355 2.53536195 2.53163091 2.52790045
 2.52417055 2.52044121 2.51671245 2.51298425 2.50925661 2.50552954
 2.50180304 2.49807709 2.49435171 2.49062689 2.48690264 2.48317894
 2.4794558  2.47573323 2.47201121 2.46828975 2.46456885 2.4608485
 2.45712871 2.45340948 2.4496908  2.44597268 2.44225511 2.43853809
 2.43482163 2.43110572 2.42739035 2.42367554 2.41996128 2.41624757
 2.41253441 2.4088218  2.40510973 2.40139821 2.39768723 2.39397681
 2.39026692 2.38655758 2.38284879 2.37914054 2.37543283 2.37172566
 2.36801903 2.36431295 2.3606074  2.3569024  2.35319793 2.349494
 2.34579061 2.34208775 2.33838543 2.33468365 2.3309824  2.32728169
 2.32358151 2.31988186 2.31618274 2.31248416 2.30878611 2.30508859
 2.3013916  2.29769513 2.2939992  2.29030379 2.28660892 2.28291457
 2.27922074 2.27552744 2.27183467 2.26814242 2.26445069 2.26075949
 2.25706881 2.25337865 2.24968902 2.2459999  2.2423113  2.23862323
 2.23493567 2.23124863 2.22756211 2.2238761  2.22019061 2.21650564
 2.21282118 2.20913723 2.2054538  2.20177089 2.19808848 2.19440659
 2.19072521 2.18704434 2.18336398 2.17968413 2.17600479 2.17232596
 2.16864763 2.16496981 2.1612925  2.15761569 2.15393939 2.1502636
 2.1465883  2.14291351 2.13923923 2.13556544 2.13189216 2.12821938
 2.1245471  2.12087532 2.11720403 2.11353325 2.10986296 2.10619317
 2.10252388 2.09885508 2.09518678 2.09151898 2.08785166 2.08418484
 2.08051852 2.07685269 2.07318734 2.06952249 2.06585813 2.06219426
 2.05853088 2.05486799 2.05120559 2.04754367 2.04388224 2.04022129
 2.03656084 2.03290086 2.02924137 2.02558237 2.02192385 2.01826581
 2.01460825 2.01095117 2.00729458 2.00363846 1.99998283 1.99632767
 1.99267299 1.98901879 1.98536507 1.98171182 1.97805905 1.97440675
 1.97075493 1.96710358 1.96345271 1.95980231 1.95615238 1.95250292
 1.94885393 1.94520542 1.94155737 1.9379098  1.93426269 1.93061605
 1.92696987 1.92332417 1.91967893 1.91603415 1.91238984 1.908746
 1.90510261 1.9014597  1.89781724 1.89417524 1.89053371 1.88689264
 1.88325203 1.87961187 1.87597218 1.87233295 1.86869417 1.86505585
 1.86141798 1.85778057 1.85414362 1.85050712 1.84687108 1.84323549
 1.83960035 1.83596566 1.83233143 1.82869765 1.82506431 1.82143143
 1.817799   1.81416701 1.81053548 1.80690439 1.80327374 1.79964355
 1.7960138  1.79238449 1.78875563 1.78512721 1.78149924 1.77787171
 1.77424462 1.77061797 1.76699176 1.76336599 1.75974067 1.75611578
 1.75249133 1.74886732 1.74524374 1.7416206  1.7379979  1.73437563
 1.7307538  1.7271324  1.72351144 1.71989091 1.71627081 1.71265114
 1.70903191 1.7054131  1.70179472 1.69817678 1.69455926 1.69094217
 1.68732551 1.68370928 1.68009347 1.67647809 1.67286313 1.6692486
 1.66563449 1.66202081 1.65840755 1.65479471 1.65118229 1.64757029
 1.64395871 1.64034756 1.63673682 1.6331265  1.6295166  1.62590712
 1.62229805 1.6186894  1.61508117 1.61147335 1.60786594 1.60425895
 1.60065237 1.59704621 1.59344046 1.58983511 1.58623018 1.58262566
 1.57902155 1.57541785 1.57181456 1.56821167 1.56460919 1.56100712
 1.55740546 1.5538042  1.55020334 1.54660289 1.54300285 1.5394032
 1.53580396 1.53220512 1.52860668 1.52500865 1.52141101 1.51781377
 1.51421693 1.51062049 1.50702445 1.5034288  1.49983356 1.4962387
 1.49264425 1.48905018 1.48545651 1.48186324 1.47827036 1.47467787
 1.47108577 1.46749406 1.46390275 1.46031182 1.45672128 1.45313114
 1.44954138 1.445952   1.44236302 1.43877442 1.43518621 1.43159838
 1.42801093 1.42442388 1.4208372  1.41725091 1.413665   1.41007947
 1.40649432 1.40290955 1.39932516 1.39574115 1.39215752 1.38857427
 1.3849914  1.3814089  1.37782678 1.37424503 1.37066366 1.36708267
 1.36350204 1.35992179 1.35634192 1.35276241 1.34918328 1.34560452
 1.34202613 1.3384481  1.33487045 1.33129317 1.32771625 1.3241397
 1.32056352 1.3169877  1.31341225 1.30983716 1.30626244 1.30268808
 1.29911409 1.29554046 1.29196719 1.28839428 1.28482173 1.28124954
 1.27767771 1.27410624 1.27053513 1.26696437 1.26339398 1.25982394
 1.25625425 1.25268492 1.24911595 1.24554733 1.24197906 1.23841115
 1.23484358 1.23127637 1.22770952 1.22414301 1.22057685 1.21701104
 1.21344558 1.20988047 1.2063157  1.20275129 1.19918721 1.19562349
 1.19206011 1.18849707 1.18493438 1.18137203 1.17781002 1.17424836
 1.17068704 1.16712606 1.16356542 1.16000511 1.15644515 1.15288553
 1.14932624 1.14576729 1.14220868 1.13865041 1.13509247 1.13153486
 1.12797759 1.12442065 1.12086405 1.11730778 1.11375184 1.11019623
 1.10664095 1.10308601 1.09953139 1.0959771  1.09242314 1.0888695
 1.0853162  1.08176322 1.07821056 1.07465824 1.07110623 1.06755455
 1.0640032  1.06045216 1.05690145 1.05335106 1.049801   1.04625125
 1.04270182 1.03915271 1.03560392 1.03205545 1.0285073  1.02495946
 1.02141194 1.01786473 1.01431784 1.01077127 1.007225   1.00367906
 1.00013342 0.99658809 0.99304308 0.98949838 0.98595399 0.98240991
 0.97886613 0.97532267 0.97177951 0.96823667 0.96469412 0.96115189
 0.95760996 0.95406833 0.95052701 0.94698599 0.94344527 0.93990486
 0.93636475 0.93282494 0.92928543 0.92574623 0.92220732 0.91866871
 0.91513039 0.91159238 0.90805466 0.90451724 0.90098012 0.89744329
 0.89390676 0.89037052 0.88683457 0.88329892 0.87976356 0.87622849
 0.87269371 0.86915922 0.86562502 0.86209112 0.8585575  0.85502417
 0.85149113 0.84795837 0.8444259  0.84089372 0.83736182 0.83383021
 0.83029888 0.82676784 0.82323707 0.8197066  0.8161764  0.81264648
 0.80911685 0.8055875  0.80205842 0.79852963 0.79500111 0.79147287
 0.78794491 0.78441723 0.78088982 0.77736269 0.77383584 0.77030925
 0.76678295 0.76325691 0.75973116 0.75620567 0.75268045 0.74915551
 0.74563084 0.74210644 0.73858231 0.73505844 0.73153485 0.72801153
 0.72448847 0.72096568 0.71744316 0.71392091 0.71039892 0.7068772
 0.70335574 0.69983455 0.69631362 0.69279295 0.68927255 0.68575241
 0.68223254 0.67871292 0.67519357 0.67167448 0.66815565 0.66463708
 0.66111877 0.65760072 0.65408293 0.6505654  0.64704812 0.64353111
 0.64001435 0.63649785 0.63298161 0.62946562 0.62594989 0.62243442
 0.6189192  0.61540424 0.61188953 0.60837508 0.60486088 0.60134694
 0.59783326 0.59431982 0.59080665 0.58729372 0.58378105 0.58026864
 0.57675647 0.57324456 0.56973291 0.56622151 0.56271036 0.55919946
 0.55568882 0.55217844 0.5486683  0.54515842 0.54233601 0.53882552
 0.53531528 0.53180528 0.52829552 0.52478601 0.52127675 0.51776773
 0.51425896 0.51075044 0.50724216 0.50373413 0.50022634 0.4967188
 0.49321151 0.48970447 0.48619768 0.48269114 0.47918485 0.47567881
 0.47217302 0.46866748 0.4651622  0.46165717 0.45815239 0.45464787
 0.45114361 0.4476396  0.44413586 0.44063237 0.43712915 0.43362619
 0.4301235  0.42662107 0.42311892 0.41961703 0.41611541 0.41261407
 0.40911301 0.40561223 0.40211173 0.39861151 0.39511158 0.39161194
 0.38811259 0.38461354 0.38111479 0.37761634 0.3741182  0.37062037
 0.36712286 0.36362566 0.3601288  0.35663226 0.35313606 0.3496402
 0.34614468 0.34264952 0.33915472 0.33566029 0.33216623 0.32867255
 0.32517926 0.32168637 0.31819388 0.31470181 0.31121018 0.30771897
 0.30422822 0.30073793 0.29724811 0.29375878 0.29026995 0.28678164
 0.28329385 0.27980662 0.27631995 0.27283387 0.2693484  0.26586355
 0.26237935 0.25889582 0.25541299 0.25193089 0.24844954 0.24496898
 0.24148924 0.23801034 0.23453234 0.23105527 0.22757916 0.22410408
 0.22063006 0.21715716 0.21368543 0.21021493 0.20674573 0.20327789
 0.19981149 0.19634661 0.19288333 0.18942175 0.18596196 0.18250408
 0.17904821 0.17559449 0.17214306 0.16869405 0.16524764 0.161804
 0.15836332 0.15492582 0.15149172 0.14806128 0.14463477 0.1412125
 0.13779481 0.13438206 0.13097468 0.12757312 0.12417788 0.12078955
 0.11740874 0.11403618 0.11067266 0.10731909 0.10397649 0.10064603
 0.09732902 0.09402699 0.09074167 0.08747506 0.08422951 0.08100771
 0.07781284 0.07464865 0.07151955 0.06843083 0.06538883 0.0624012
 0.05947729 0.05662858 0.05386931 0.05121733 0.04869524 0.04633202
 0.04416531 0.0422447  0.04063676 0.03943268 0.03876095 0.03880973
 0.03987036 0.04243366 0.04744098 0.05711482]
t =  [1.03170208e+09 1.03170212e+09 1.03170216e+09 1.03170221e+09
 1.03170225e+09 1.03170229e+09 1.03170233e+09 1.03170238e+09
 1.03170242e+09 1.03170246e+09 1.03170251e+09 1.03170255e+09
 1.03170259e+09 1.03170263e+09 1.03170268e+09 1.03170272e+09
 1.03170276e+09 1.03170281e+09 1.03170285e+09 1.03170289e+09
 1.03170293e+09 1.03170298e+09 1.03170302e+09 1.03170306e+09
 1.03170310e+09 1.03170315e+09 1.03170319e+09 1.03170323e+09
 1.03170328e+09 1.03170332e+09 1.03170336e+09 1.03170340e+09
 1.03170345e+09 1.03170349e+09 1.03170353e+09 1.03170358e+09
 1.03170362e+09 1.03170366e+09 1.03170370e+09 1.03170375e+09
 1.03170379e+09 1.03170383e+09 1.03170387e+09 1.03170392e+09
 1.03170396e+09 1.03170400e+09 1.03170405e+09 1.03170409e+09
 1.03170413e+09 1.03170417e+09 1.03170422e+09 1.03170426e+09
 1.03170430e+09 1.03170434e+09 1.03170439e+09 1.03170443e+09
 1.03170447e+09 1.03170452e+09 1.03170456e+09 1.03170460e+09
 1.03170464e+09 1.03170469e+09 1.03170473e+09 1.03170477e+09
 1.03170482e+09 1.03170486e+09 1.03170490e+09 1.03170494e+09
 1.03170499e+09 1.03170503e+09 1.03170507e+09 1.03170511e+09
 1.03170516e+09 1.03170520e+09 1.03170524e+09 1.03170529e+09
 1.03170533e+09 1.03170537e+09 1.03170541e+09 1.03170546e+09
 1.03170550e+09 1.03170554e+09 1.03170559e+09 1.03170563e+09
 1.03170567e+09 1.03170571e+09 1.03170576e+09 1.03170580e+09
 1.03170584e+09 1.03170588e+09 1.03170593e+09 1.03170597e+09
 1.03170601e+09 1.03170606e+09 1.03170610e+09 1.03170614e+09
 1.03170618e+09 1.03170623e+09 1.03170627e+09 1.03170631e+09
 1.03170635e+09 1.03170640e+09 1.03170644e+09 1.03170648e+09
 1.03170653e+09 1.03170657e+09 1.03170661e+09 1.03170665e+09
 1.03170670e+09 1.03170674e+09 1.03170678e+09 1.03170683e+09
 1.03170687e+09 1.03170691e+09 1.03170695e+09 1.03170700e+09
 1.03170704e+09 1.03170708e+09 1.03170712e+09 1.03170717e+09
 1.03170721e+09 1.03170725e+09 1.03170730e+09 1.03170734e+09
 1.03170738e+09 1.03170742e+09 1.03170747e+09 1.03170751e+09
 1.03170755e+09 1.03170760e+09 1.03170764e+09 1.03170768e+09
 1.03170772e+09 1.03170777e+09 1.03170781e+09 1.03170785e+09
 1.03170789e+09 1.03170794e+09 1.03170798e+09 1.03170802e+09
 1.03170807e+09 1.03170811e+09 1.03170815e+09 1.03170819e+09
 1.03170824e+09 1.03170828e+09 1.03170832e+09 1.03170836e+09
 1.03170841e+09 1.03170845e+09 1.03170849e+09 1.03170854e+09
 1.03170858e+09 1.03170862e+09 1.03170866e+09 1.03170871e+09
 1.03170875e+09 1.03170879e+09 1.03170884e+09 1.03170888e+09
 1.03170892e+09 1.03170896e+09 1.03170901e+09 1.03170905e+09
 1.03170909e+09 1.03170913e+09 1.03170918e+09 1.03170922e+09
 1.03170926e+09 1.03170931e+09 1.03170935e+09 1.03170939e+09
 1.03170943e+09 1.03170948e+09 1.03170952e+09 1.03170956e+09
 1.03170961e+09 1.03170965e+09 1.03170969e+09 1.03170973e+09
 1.03170978e+09 1.03170982e+09 1.03170986e+09 1.03170990e+09
 1.03170995e+09 1.03170999e+09 1.03171003e+09 1.03171008e+09
 1.03171012e+09 1.03171016e+09 1.03171020e+09 1.03171025e+09
 1.03171029e+09 1.03171033e+09 1.03171038e+09 1.03171042e+09
 1.03171046e+09 1.03171050e+09 1.03171055e+09 1.03171059e+09
 1.03171063e+09 1.03171067e+09 1.03171072e+09 1.03171076e+09
 1.03171080e+09 1.03171085e+09 1.03171089e+09 1.03171093e+09
 1.03171097e+09 1.03171102e+09 1.03171106e+09 1.03171110e+09
 1.03171114e+09 1.03171119e+09 1.03171123e+09 1.03171127e+09
 1.03171132e+09 1.03171136e+09 1.03171140e+09 1.03171144e+09
 1.03171149e+09 1.03171153e+09 1.03171157e+09 1.03171162e+09
 1.03171166e+09 1.03171170e+09 1.03171174e+09 1.03171179e+09
 1.03171183e+09 1.03171187e+09 1.03171191e+09 1.03171196e+09
 1.03171200e+09 1.03171204e+09 1.03171209e+09 1.03171213e+09
 1.03171217e+09 1.03171221e+09 1.03171226e+09 1.03171230e+09
 1.03171234e+09 1.03171239e+09 1.03171243e+09 1.03171247e+09
 1.03171251e+09 1.03171256e+09 1.03171260e+09 1.03171264e+09
 1.03171268e+09 1.03171273e+09 1.03171277e+09 1.03171281e+09
 1.03171286e+09 1.03171290e+09 1.03171294e+09 1.03171298e+09
 1.03171303e+09 1.03171307e+09 1.03171311e+09 1.03171315e+09
 1.03171320e+09 1.03171324e+09 1.03171328e+09 1.03171333e+09
 1.03171337e+09 1.03171341e+09 1.03171345e+09 1.03171350e+09
 1.03171354e+09 1.03171358e+09 1.03171363e+09 1.03171367e+09
 1.03171371e+09 1.03171375e+09 1.03171380e+09 1.03171384e+09
 1.03171388e+09 1.03171392e+09 1.03171397e+09 1.03171401e+09
 1.03171405e+09 1.03171410e+09 1.03171414e+09 1.03171418e+09
 1.03171422e+09 1.03171427e+09 1.03171431e+09 1.03171435e+09
 1.03171440e+09 1.03171444e+09 1.03171448e+09 1.03171452e+09
 1.03171457e+09 1.03171461e+09 1.03171465e+09 1.03171469e+09
 1.03171474e+09 1.03171478e+09 1.03171482e+09 1.03171487e+09
 1.03171491e+09 1.03171495e+09 1.03171499e+09 1.03171504e+09
 1.03171508e+09 1.03171512e+09 1.03171517e+09 1.03171521e+09
 1.03171525e+09 1.03171529e+09 1.03171534e+09 1.03171538e+09
 1.03171542e+09 1.03171546e+09 1.03171551e+09 1.03171555e+09
 1.03171559e+09 1.03171564e+09 1.03171568e+09 1.03171572e+09
 1.03171576e+09 1.03171581e+09 1.03171585e+09 1.03171589e+09
 1.03171593e+09 1.03171598e+09 1.03171602e+09 1.03171606e+09
 1.03171611e+09 1.03171615e+09 1.03171619e+09 1.03171623e+09
 1.03171628e+09 1.03171632e+09 1.03171636e+09 1.03171641e+09
 1.03171645e+09 1.03171649e+09 1.03171653e+09 1.03171658e+09
 1.03171662e+09 1.03171666e+09 1.03171670e+09 1.03171675e+09
 1.03171679e+09 1.03171683e+09 1.03171688e+09 1.03171692e+09
 1.03171696e+09 1.03171700e+09 1.03171705e+09 1.03171709e+09
 1.03171713e+09 1.03171718e+09 1.03171722e+09 1.03171726e+09
 1.03171730e+09 1.03171735e+09 1.03171739e+09 1.03171743e+09
 1.03171747e+09 1.03171752e+09 1.03171756e+09 1.03171760e+09
 1.03171765e+09 1.03171769e+09 1.03171773e+09 1.03171777e+09
 1.03171782e+09 1.03171786e+09 1.03171790e+09 1.03171794e+09
 1.03171799e+09 1.03171803e+09 1.03171807e+09 1.03171812e+09
 1.03171816e+09 1.03171820e+09 1.03171824e+09 1.03171829e+09
 1.03171833e+09 1.03171837e+09 1.03171842e+09 1.03171846e+09
 1.03171850e+09 1.03171854e+09 1.03171859e+09 1.03171863e+09
 1.03171867e+09 1.03171871e+09 1.03171876e+09 1.03171880e+09
 1.03171884e+09 1.03171889e+09 1.03171893e+09 1.03171897e+09
 1.03171901e+09 1.03171906e+09 1.03171910e+09 1.03171914e+09
 1.03171919e+09 1.03171923e+09 1.03171927e+09 1.03171931e+09
 1.03171936e+09 1.03171940e+09 1.03171944e+09 1.03171948e+09
 1.03171953e+09 1.03171957e+09 1.03171961e+09 1.03171966e+09
 1.03171970e+09 1.03171974e+09 1.03171978e+09 1.03171983e+09
 1.03171987e+09 1.03171991e+09 1.03171995e+09 1.03172000e+09
 1.03172004e+09 1.03172008e+09 1.03172013e+09 1.03172017e+09
 1.03172021e+09 1.03172025e+09 1.03172030e+09 1.03172034e+09
 1.03172038e+09 1.03172043e+09 1.03172047e+09 1.03172051e+09
 1.03172055e+09 1.03172060e+09 1.03172064e+09 1.03172068e+09
 1.03172072e+09 1.03172077e+09 1.03172081e+09 1.03172085e+09
 1.03172090e+09 1.03172094e+09 1.03172098e+09 1.03172102e+09
 1.03172107e+09 1.03172111e+09 1.03172115e+09 1.03172120e+09
 1.03172124e+09 1.03172128e+09 1.03172132e+09 1.03172137e+09
 1.03172141e+09 1.03172145e+09 1.03172149e+09 1.03172154e+09
 1.03172158e+09 1.03172162e+09 1.03172167e+09 1.03172171e+09
 1.03172175e+09 1.03172179e+09 1.03172184e+09 1.03172188e+09
 1.03172192e+09 1.03172197e+09 1.03172201e+09 1.03172205e+09
 1.03172209e+09 1.03172214e+09 1.03172218e+09 1.03172222e+09
 1.03172226e+09 1.03172231e+09 1.03172235e+09 1.03172239e+09
 1.03172244e+09 1.03172248e+09 1.03172252e+09 1.03172256e+09
 1.03172261e+09 1.03172265e+09 1.03172269e+09 1.03172273e+09
 1.03172278e+09 1.03172282e+09 1.03172286e+09 1.03172291e+09
 1.03172295e+09 1.03172299e+09 1.03172303e+09 1.03172308e+09
 1.03172312e+09 1.03172316e+09 1.03172321e+09 1.03172325e+09
 1.03172329e+09 1.03172333e+09 1.03172338e+09 1.03172342e+09
 1.03172346e+09 1.03172350e+09 1.03172355e+09 1.03172359e+09
 1.03172363e+09 1.03172368e+09 1.03172372e+09 1.03172376e+09
 1.03172380e+09 1.03172385e+09 1.03172389e+09 1.03172393e+09
 1.03172398e+09 1.03172402e+09 1.03172406e+09 1.03172410e+09
 1.03172415e+09 1.03172419e+09 1.03172423e+09 1.03172427e+09
 1.03172432e+09 1.03172436e+09 1.03172440e+09 1.03172445e+09
 1.03172449e+09 1.03172453e+09 1.03172457e+09 1.03172462e+09
 1.03172466e+09 1.03172470e+09 1.03172474e+09 1.03172479e+09
 1.03172483e+09 1.03172487e+09 1.03172492e+09 1.03172496e+09
 1.03172500e+09 1.03172504e+09 1.03172509e+09 1.03172513e+09
 1.03172517e+09 1.03172522e+09 1.03172526e+09 1.03172530e+09
 1.03172534e+09 1.03172539e+09 1.03172543e+09 1.03172547e+09
 1.03172551e+09 1.03172556e+09 1.03172560e+09 1.03172564e+09
 1.03172569e+09 1.03172573e+09 1.03172577e+09 1.03172581e+09
 1.03172586e+09 1.03172590e+09 1.03172594e+09 1.03172599e+09
 1.03172603e+09 1.03172607e+09 1.03172611e+09 1.03172616e+09
 1.03172620e+09 1.03172624e+09 1.03172628e+09 1.03172633e+09
 1.03172637e+09 1.03172641e+09 1.03172646e+09 1.03172650e+09
 1.03172654e+09 1.03172658e+09 1.03172663e+09 1.03172667e+09
 1.03172671e+09 1.03172676e+09 1.03172680e+09 1.03172684e+09
 1.03172688e+09 1.03172693e+09 1.03172697e+09 1.03172701e+09
 1.03172705e+09 1.03172710e+09 1.03172714e+09 1.03172718e+09
 1.03172723e+09 1.03172727e+09 1.03172731e+09 1.03172735e+09
 1.03172740e+09 1.03172744e+09 1.03172748e+09 1.03172752e+09
 1.03172757e+09 1.03172761e+09 1.03172765e+09 1.03172770e+09
 1.03172774e+09 1.03172778e+09 1.03172782e+09 1.03172787e+09
 1.03172791e+09 1.03172795e+09 1.03172800e+09 1.03172804e+09
 1.03172808e+09 1.03172812e+09 1.03172817e+09 1.03172821e+09
 1.03172825e+09 1.03172829e+09 1.03172834e+09 1.03172838e+09
 1.03172842e+09 1.03172847e+09 1.03172851e+09 1.03172855e+09
 1.03172859e+09 1.03172864e+09 1.03172868e+09 1.03172872e+09
 1.03172877e+09 1.03172881e+09 1.03172885e+09 1.03172889e+09
 1.03172894e+09 1.03172898e+09 1.03172902e+09 1.03172906e+09
 1.03172911e+09 1.03172915e+09 1.03172919e+09 1.03172924e+09
 1.03172928e+09 1.03172932e+09 1.03172936e+09 1.03172941e+09
 1.03172945e+09 1.03172949e+09 1.03172953e+09 1.03172958e+09
 1.03172962e+09 1.03172966e+09 1.03172971e+09 1.03172975e+09
 1.03172979e+09 1.03172983e+09 1.03172988e+09 1.03172992e+09
 1.03172996e+09 1.03173001e+09 1.03173005e+09 1.03173009e+09
 1.03173013e+09 1.03173018e+09 1.03173022e+09 1.03173026e+09
 1.03173030e+09 1.03173035e+09 1.03173039e+09 1.03173043e+09
 1.03173048e+09 1.03173052e+09 1.03173056e+09 1.03173060e+09
 1.03173065e+09 1.03173069e+09 1.03173073e+09 1.03173078e+09
 1.03173082e+09 1.03173086e+09 1.03173090e+09 1.03173095e+09
 1.03173099e+09 1.03173103e+09 1.03173107e+09 1.03173112e+09
 1.03173116e+09 1.03173120e+09 1.03173125e+09 1.03173129e+09
 1.03173133e+09 1.03173137e+09 1.03173142e+09 1.03173146e+09
 1.03173150e+09 1.03173154e+09 1.03173159e+09 1.03173163e+09
 1.03173167e+09 1.03173172e+09 1.03173176e+09 1.03173180e+09
 1.03173184e+09 1.03173189e+09 1.03173193e+09 1.03173197e+09
 1.03173202e+09 1.03173206e+09 1.03173210e+09 1.03173214e+09
 1.03173219e+09 1.03173223e+09 1.03173227e+09 1.03173231e+09
 1.03173236e+09 1.03173240e+09 1.03173244e+09 1.03173249e+09
 1.03173253e+09 1.03173257e+09 1.03173261e+09 1.03173266e+09
 1.03173270e+09 1.03173274e+09 1.03173279e+09 1.03173283e+09
 1.03173287e+09 1.03173291e+09 1.03173296e+09 1.03173300e+09
 1.03173304e+09 1.03173308e+09 1.03173313e+09 1.03173317e+09
 1.03173321e+09 1.03173326e+09 1.03173330e+09 1.03173334e+09
 1.03173338e+09 1.03173343e+09 1.03173347e+09 1.03173351e+09
 1.03173356e+09 1.03173360e+09 1.03173364e+09 1.03173368e+09
 1.03173373e+09 1.03173377e+09 1.03173381e+09 1.03173385e+09
 1.03173390e+09 1.03173394e+09 1.03173398e+09 1.03173403e+09
 1.03173407e+09 1.03173411e+09 1.03173415e+09 1.03173420e+09
 1.03173424e+09 1.03173428e+09 1.03173432e+09 1.03173437e+09
 1.03173441e+09 1.03173445e+09 1.03173450e+09 1.03173454e+09
 1.03173458e+09 1.03173462e+09 1.03173467e+09 1.03173471e+09
 1.03173475e+09 1.03173480e+09 1.03173484e+09 1.03173488e+09
 1.03173492e+09 1.03173497e+09 1.03173501e+09 1.03173505e+09
 1.03173509e+09 1.03173514e+09 1.03173518e+09 1.03173522e+09
 1.03173527e+09 1.03173531e+09 1.03173535e+09 1.03173539e+09
 1.03173544e+09 1.03173548e+09 1.03173552e+09 1.03173557e+09
 1.03173561e+09 1.03173565e+09 1.03173569e+09 1.03173574e+09
 1.03173578e+09 1.03173582e+09 1.03173586e+09 1.03173591e+09
 1.03173595e+09 1.03173599e+09 1.03173604e+09 1.03173608e+09
 1.03173612e+09 1.03173616e+09 1.03173621e+09 1.03173625e+09
 1.03173629e+09 1.03173633e+09 1.03173638e+09 1.03173642e+09
 1.03173646e+09 1.03173651e+09 1.03173655e+09 1.03173659e+09
 1.03173663e+09 1.03173668e+09 1.03173672e+09 1.03173676e+09
 1.03173681e+09 1.03173685e+09 1.03173689e+09 1.03173693e+09
 1.03173698e+09 1.03173702e+09 1.03173706e+09 1.03173710e+09
 1.03173715e+09 1.03173719e+09 1.03173723e+09 1.03173728e+09
 1.03173732e+09 1.03173736e+09 1.03173740e+09 1.03173745e+09
 1.03173749e+09 1.03173753e+09 1.03173758e+09 1.03173762e+09
 1.03173766e+09 1.03173770e+09 1.03173775e+09 1.03173779e+09
 1.03173783e+09 1.03173787e+09 1.03173792e+09 1.03173796e+09
 1.03173800e+09 1.03173805e+09 1.03173809e+09 1.03173813e+09
 1.03173817e+09 1.03173822e+09 1.03173826e+09 1.03173830e+09
 1.03173834e+09 1.03173839e+09 1.03173843e+09 1.03173847e+09
 1.03173852e+09 1.03173856e+09 1.03173860e+09 1.03173864e+09
 1.03173869e+09 1.03173873e+09 1.03173877e+09 1.03173882e+09
 1.03173886e+09 1.03173890e+09 1.03173894e+09 1.03173899e+09
 1.03173903e+09 1.03173907e+09 1.03173911e+09 1.03173916e+09
 1.03173920e+09 1.03173924e+09 1.03173929e+09 1.03173933e+09
 1.03173937e+09 1.03173941e+09 1.03173946e+09 1.03173950e+09
 1.03173954e+09 1.03173959e+09 1.03173963e+09 1.03173967e+09
 1.03173971e+09 1.03173976e+09 1.03173980e+09 1.03173984e+09
 1.03173988e+09 1.03173993e+09 1.03173997e+09 1.03174001e+09
 1.03174006e+09 1.03174010e+09 1.03174014e+09 1.03174018e+09
 1.03174023e+09 1.03174027e+09 1.03174031e+09 1.03174036e+09
 1.03174040e+09 1.03174044e+09 1.03174048e+09 1.03174053e+09
 1.03174057e+09 1.03174061e+09 1.03174065e+09 1.03174070e+09
 1.03174074e+09 1.03174078e+09 1.03174083e+09 1.03174087e+09
 1.03174091e+09 1.03174095e+09 1.03174100e+09 1.03174104e+09
 1.03174108e+09 1.03174112e+09 1.03174117e+09 1.03174121e+09
 1.03174125e+09 1.03174130e+09 1.03174134e+09 1.03174138e+09
 1.03174142e+09 1.03174147e+09 1.03174151e+09 1.03174155e+09
 1.03174160e+09 1.03174164e+09 1.03174168e+09 1.03174172e+09
 1.03174177e+09 1.03174181e+09 1.03174185e+09 1.03174189e+09
 1.03174194e+09 1.03174198e+09 1.03174202e+09 1.03174207e+09
 1.03174211e+09 1.03174215e+09 1.03174219e+09 1.03174224e+09
 1.03174228e+09 1.03174232e+09 1.03174237e+09 1.03174241e+09
 1.03174245e+09 1.03174249e+09 1.03174254e+09 1.03174258e+09
 1.03174262e+09 1.03174266e+09 1.03174271e+09 1.03174275e+09
 1.03174279e+09 1.03174284e+09 1.03174288e+09 1.03174292e+09
 1.03174296e+09 1.03174301e+09 1.03174305e+09 1.03174309e+09
 1.03174313e+09 1.03174318e+09 1.03174322e+09 1.03174326e+09
 1.03174331e+09 1.03174335e+09 1.03174339e+09 1.03174343e+09
 1.03174348e+09 1.03174352e+09 1.03174356e+09 1.03174361e+09
 1.03174365e+09 1.03174369e+09 1.03174373e+09 1.03174378e+09
 1.03174382e+09 1.03174386e+09 1.03174390e+09 1.03174395e+09
 1.03174399e+09 1.03174403e+09 1.03174408e+09 1.03174412e+09
 1.03174416e+09 1.03174420e+09 1.03174425e+09 1.03174429e+09
 1.03174433e+09 1.03174438e+09 1.03174442e+09 1.03174446e+09
 1.03174450e+09 1.03174455e+09 1.03174459e+09 1.03174463e+09
 1.03174467e+09 1.03174472e+09 1.03174476e+09 1.03174480e+09]
minRes = 0.03876095058950428
minResTime =  [1.03174459e+09]
