name =JUICE_ROI_CAL_4_7_06
flyby =  ['2032 OCT 30 14:21:22', '2032 OCT 31 14:21:22']
Observation TW =  <SpiceCell dtype = 1, length = 0, size = 3000, card = 10, is_set = 1, adjust = 0, init = 1, base = 2554800175072, data = 2554800175120>
Res(t) =  [4.47541818 4.47178543 4.46815207 4.4645181  4.46088353 4.45724835
 4.45361255 4.44997615 4.44633913 4.4427015  4.43906326 4.43542441
 4.43178494 4.42814486 4.42450417 4.42086285 4.41722092 4.41357838
 4.40993521 4.40629143 4.40264703 4.39900201 4.39535636 4.3917101
 4.38806321 4.38441571 4.38076758 4.37711882 4.37346944 4.36981944
 4.36616881 4.36251755 4.35886567 4.35521316 4.35156002 4.34790626
 4.34425186 4.34059683 4.33694117 4.33328488 4.32962796 4.3259704
 4.32231222 4.31865339 4.31499393 4.31133384 4.30767311 4.30401174
 4.30034974 4.2966871  4.29302382 4.28935989 4.28569533 4.28203013
 4.27836429 4.2746978  4.27103067 4.2673629  4.26369448 4.26002542
 4.25635572 4.25268536 4.24901436 4.24534271 4.24167042 4.23799747
 4.23432388 4.23064964 4.22697474 4.22329919 4.219623   4.21594614
 4.21226864 4.20859048 4.20491166 4.20123219 4.19755207 4.19387128
 4.19018984 4.18650774 4.18282499 4.17914157 4.17545749 4.17177275
 4.16808735 4.16440129 4.16071456 4.15702718 4.15333912 4.1496504
 4.14596102 4.14227097 4.13858025 4.13488887 4.13119681 4.12750409
 4.1238107  4.12011664 4.1164219  4.1127265  4.10903042 4.10533367
 4.10163624 4.09793814 4.09423937 4.09053992 4.08683979 4.08313899
 4.07943751 4.07573535 4.07203251 4.06832899 4.06462479 4.06091991
 4.05721435 4.0535081  4.04980117 4.04609356 4.04238526 4.03867628
 4.03496661 4.03125625 4.02754521 4.02383348 4.02012106 4.01640795
 4.01269415 4.00897966 4.00526448 4.0015486  3.99783204 3.99411477
 3.99039682 3.98667817 3.98295882 3.97923878 3.97551804 3.97179661
 3.96807447 3.96435164 3.9606281  3.95690387 3.95317893 3.9494533
 3.94572696 3.94199991 3.93827216 3.93454371 3.93081456 3.92708469
 3.92335412 3.91962284 3.91589086 3.91215817 3.90842476 3.90469065
 3.90095582 3.89722029 3.89348404 3.88974708 3.8860094  3.88227101
 3.87853191 3.87479209 3.87105155 3.86731029 3.86356832 3.85982563
 3.85608222 3.85233809 3.84859324 3.84484767 3.84110138 3.83735436
 3.83360662 3.82985815 3.82610897 3.82235905 3.81860841 3.81485704
 3.81110495 3.80735212 3.80359857 3.79984429 3.79608927 3.79233353
 3.78857705 3.78481984 3.7810619  3.77730322 3.77354381 3.76978366
 3.76602278 3.76226116 3.7584988  3.75473571 3.75097187 3.7472073
 3.74344198 3.73967593 3.73590913 3.73214159 3.72837331 3.72460428
 3.72083451 3.71706399 3.71329273 3.70952072 3.70574796 3.70197445
 3.6982002  3.69442519 3.69064944 3.68687293 3.68309567 3.67931766
 3.6755389  3.67175938 3.66797911 3.66419808 3.6604163  3.65663376
 3.65285046 3.6490664  3.64528159 3.64149601 3.63770968 3.63392258
 3.63013472 3.6263461  3.62255672 3.61876657 3.61497565 3.61118398
 3.60739153 3.60359832 3.59980434 3.59600959 3.59221408 3.58841779
 3.58462073 3.5808229  3.5770243  3.57322493 3.56942479 3.56562387
 3.56182217 3.5580197  3.55421645 3.55041243 3.54660763 3.54280205
 3.53899569 3.53518855 3.53138063 3.52757192 3.52376244 3.51995217
 3.51614112 3.51232929 3.50851667 3.50470326 3.50088907 3.49707409
 3.49325833 3.48944177 3.48562442 3.48180629 3.47798736 3.47416764
 3.47034713 3.46652583 3.46270373 3.45888084 3.45505715 3.45123267
 3.44740739 3.44358131 3.43975444 3.43592676 3.43209829 3.42826901
 3.42443894 3.42060806 3.41677638 3.41294389 3.4091106  3.40527651
 3.40144161 3.39760591 3.39376939 3.38993207 3.38609394 3.38225501
 3.37841526 3.3745747  3.37073333 3.36689114 3.36304815 3.35920434
 3.35535971 3.35151427 3.34766802 3.34382094 3.33997305 3.33612435
 3.33227482 3.32842447 3.3245733  3.32072131 3.3168685  3.31301487
 3.30916041 3.30530513 3.30144902 3.29759209 3.29373433 3.28987575
 3.28601633 3.28215609 3.27829502 3.27443311 3.27057038 3.26670681
 3.26284242 3.25897719 3.25511112 3.25124422 3.24737649 3.24350791
 3.2396385  3.23576826 3.23189717 3.22802525 3.22415248 3.22027888
 3.21640443 3.21252914 3.20865301 3.20477604 3.20089822 3.19701955
 3.19314004 3.18925968 3.18537847 3.18149642 3.17761351 3.17372976
 3.16984516 3.1659597  3.16207339 3.15818623 3.15429822 3.15040935
 3.14651962 3.14262904 3.13873761 3.13484531 3.13095216 3.12705815
 3.12316328 3.11926754 3.11537095 3.11147349 3.10757518 3.10367599
 3.09977595 3.09587504 3.09197326 3.08807061 3.0841671  3.08026272
 3.07635747 3.07245136 3.06854437 3.06463651 3.06072777 3.05681817
 3.05290769 3.04899634 3.04508411 3.04117101 3.03725702 3.03334217
 3.02942643 3.02550981 3.02159232 3.01767394 3.01375469 3.00983455
 3.00591353 3.00199162 2.99806883 2.99414516 2.9902206  2.98629515
 2.98236881 2.97844159 2.97451348 2.97058448 2.96665458 2.9627238
 2.95879212 2.95485955 2.95092609 2.94699173 2.94305648 2.93912033
 2.93518329 2.93124535 2.92730651 2.92336677 2.91942613 2.91548458
 2.91154214 2.9075988  2.90365455 2.8997094  2.89576334 2.89181638
 2.88786852 2.88391974 2.87997006 2.87601947 2.87206797 2.86811556
 2.86416224 2.86020801 2.85625286 2.85229681 2.84833984 2.84438195
 2.84042315 2.83646343 2.8325028  2.82854124 2.82457877 2.82061538
 2.81665107 2.81268584 2.80871968 2.80475261 2.80078461 2.79681568
 2.79284583 2.78887506 2.78490336 2.78093073 2.77695718 2.77298269
 2.76900728 2.76503093 2.76105365 2.75707545 2.7530963  2.74911623
 2.74513522 2.74115328 2.7371704  2.73318658 2.72920182 2.72521613
 2.7212295  2.71724193 2.71325342 2.70926396 2.70527357 2.70128223
 2.69728994 2.69329672 2.68930254 2.68530742 2.68131136 2.67731434
 2.67331638 2.66931747 2.66531761 2.6613168  2.65731503 2.65331231
 2.64930864 2.64530402 2.64129844 2.6372919  2.63328441 2.62927596
 2.62526656 2.62125619 2.61724487 2.61323258 2.60921934 2.60520513
 2.60118995 2.59717382 2.59315672 2.58913866 2.58511963 2.58109963
 2.57707866 2.57305673 2.56903383 2.56500996 2.56098511 2.5569593
 2.55293251 2.54890475 2.54487602 2.54084631 2.53681563 2.53278397
 2.52875133 2.52471772 2.52068312 2.51664755 2.512611   2.50857346
 2.50453495 2.50049545 2.49645497 2.4924135  2.48837105 2.48432762
 2.48028319 2.47623778 2.47219139 2.468144   2.46409562 2.46004626
 2.4559959  2.45194455 2.4478922  2.44383887 2.43978454 2.43572921
 2.43167289 2.42761557 2.42355725 2.41949794 2.41543762 2.41137631
 2.40731399 2.40325068 2.39918636 2.39512104 2.39105471 2.38698738
 2.38291905 2.37884971 2.37477936 2.370708   2.36663564 2.36256227
 2.35848788 2.35441249 2.35033608 2.34625866 2.34218023 2.33810078
 2.33402032 2.32993885 2.32585636 2.32177285 2.31768832 2.31360277
 2.30951621 2.30542862 2.30134001 2.29725039 2.29315973 2.28906806
 2.28497536 2.28088164 2.27678689 2.27269111 2.26859431 2.26449648
 2.26039762 2.25629773 2.25219681 2.24809486 2.24399188 2.23988787
 2.23578282 2.23167674 2.22756962 2.22346147 2.21935228 2.21524206
 2.2111308  2.20701849 2.20290515 2.19879077 2.19467535 2.19055888
 2.18644138 2.18232283 2.17820323 2.1740826  2.16996091 2.16583818
 2.16171441 2.15758958 2.15346371 2.14933679 2.14520882 2.14107979
 2.13694972 2.13281859 2.12868641 2.12455318 2.12041889 2.11628355
 2.11214715 2.1080097  2.10387119 2.09973162 2.09559099 2.0914493
 2.08730656 2.08316275 2.07901788 2.07487194 2.07072495 2.06657689
 2.06242776 2.05827757 2.05412632 2.049974   2.04582061 2.04166615
 2.03751062 2.03335403 2.02919636 2.02503763 2.02087782 2.01671694
 2.01255498 2.00839196 2.00422785 2.00006268 1.99589643 1.9917291
 1.98756069 1.98339121 1.97922065 1.975049   1.97087628 1.96670248
 1.9625276  1.95835164 1.95417459 1.94999646 1.94581724 1.94163695
 1.93745556 1.93327309 1.92908954 1.9249049  1.92071917 1.91653235
 1.91234444 1.90815544 1.90396536 1.89977418 1.89558191 1.89138855
 1.8871941  1.88299855 1.87880191 1.87460417 1.87040534 1.86620541
 1.86200439 1.85780227 1.85359905 1.84939474 1.84518932 1.84098281
 1.8367752  1.83256648 1.82835667 1.82414575 1.81993374 1.81572062
 1.81150639 1.80729106 1.80307463 1.7988571  1.79463845 1.79041871
 1.78619785 1.78197589 1.77775283 1.77352865 1.76930337 1.76507697
 1.76084947 1.75662086 1.75239113 1.7481603  1.74392836 1.7396953
 1.73546113 1.73122585 1.72698946 1.72275195 1.71851333 1.71427359
 1.71003274 1.70579078 1.7015477  1.6973035  1.69305818 1.68881175
 1.68456421 1.68031554 1.67606576 1.67181486 1.66756284 1.6633097
 1.65905544 1.65480007 1.65054357 1.64628595 1.64202722 1.63776736
 1.63350638 1.62924428 1.62498106 1.62071671 1.61645125 1.61218466
 1.60791695 1.60364812 1.59937816 1.59510708 1.59083488 1.58656155
 1.58228711 1.57801153 1.57373484 1.56945702 1.56517807 1.560898
 1.55661681 1.55233449 1.54805105 1.54376648 1.53948079 1.53519398
 1.53090604 1.52661697 1.52232679 1.51803547 1.51374303 1.50944947
 1.50515479 1.50085898 1.49656204 1.49226398 1.4879648  1.48366449
 1.47936307 1.47506051 1.47075684 1.46645204 1.46214612 1.45783907
 1.45353091 1.44922162 1.44491121 1.44059968 1.43628703 1.43197326
 1.42765837 1.42334236 1.41902523 1.41470698 1.41038762 1.40606713
 1.40174553 1.39742281 1.39309898 1.38877403 1.38444797 1.38012079
 1.3757925  1.3714631  1.36713258 1.36280096 1.35846822 1.35413438
 1.34979942 1.34546336 1.34112619 1.33678792 1.33244854 1.32810806
 1.32376648 1.31942379 1.31508    1.31073512 1.30638913 1.30204205
 1.29769387 1.2933446  1.28899424 1.28464279 1.28029024 1.27593661
 1.27158189 1.26722608 1.26286919 1.25851122 1.25415217 1.24979204
 1.24543083 1.24106855 1.23670519 1.23234077 1.22797527 1.22360871
 1.21924108 1.2148724  1.21050265 1.20613184 1.20175997 1.19738706
 1.19301309 1.18863808 1.18426202 1.17988491 1.17550677 1.17112759
 1.16674737 1.16236613 1.15798386 1.15360056 1.14921624 1.1448309
 1.14044455 1.13605718 1.13166881 1.12727944 1.12288906 1.11849769
 1.11410532 1.10971197 1.10531764 1.10092232 1.09652603 1.09212877
 1.08773054 1.08333135 1.0789312  1.07453011 1.07012806 1.06572508
 1.06132116 1.05691631 1.05251054 1.04810384 1.04369624 1.03928773
 1.03487832 1.03046801 1.02605682 1.02164475 1.01723181 1.012818
 1.00840333 1.00398781 0.99957145 0.99515425 0.99073623 0.98631738
 0.98189773 0.97747728 0.97305603 0.968634   0.9642112  0.95978764
 0.95536332 0.95093826 0.94234982 0.93791442 0.93347822 0.92904122
 0.92460344 0.92016489 0.91572558 0.91128551 0.90684471 0.90240318
 0.89796094 0.89351799 0.88907435 0.88463003 0.88018504 0.87573941
 0.87129314 0.86684624 0.86239874 0.85795065 0.85350198 0.84905275
 0.84460298 0.84015268 0.83570187 0.83125057 0.8267988  0.82234658
 0.81789393 0.81344086 0.80898741 0.80453359 0.80007942 0.79562494
 0.79117015 0.78671509 0.78225979 0.77780426 0.77334854 0.76889266
 0.76443663 0.75998051 0.7555243  0.75106806 0.7466118  0.74215557
 0.7376994  0.73324333 0.72878739 0.72433162 0.71987607 0.71542078
 0.71096578 0.70651113 0.70205687 0.69760306 0.69314973 0.68869694
 0.68424475 0.67979321 0.67534238 0.67089233 0.6664431  0.66199477
 0.65754741 0.65310108 0.64865586 0.64421182 0.63976905 0.63532762
 0.63088762 0.62644913 0.62201226 0.61757709 0.61314374 0.60871229
 0.60428287 0.59985558 0.59543055 0.5910079  0.58658775 0.58217025
 0.57775555 0.57334377 0.56893509 0.56452967 0.56012767 0.55572928
 0.55133469 0.54694409 0.54255769 0.53817571 0.53379837 0.52942593
 0.52505863 0.52069675 0.51634055 0.51199036 0.50764647 0.50330922
 0.49897897 0.49465608 0.49034094 0.48603399 0.48173566 0.47744641
 0.47316676 0.46889723 0.46463838 0.46039083 0.45615522 0.45193223
 0.4477226  0.44352712 0.43934662 0.43518202]
t =  [1.03603095e+09 1.03603099e+09 1.03603102e+09 1.03603106e+09
 1.03603110e+09 1.03603114e+09 1.03603117e+09 1.03603121e+09
 1.03603125e+09 1.03603128e+09 1.03603132e+09 1.03603136e+09
 1.03603139e+09 1.03603143e+09 1.03603147e+09 1.03603150e+09
 1.03603154e+09 1.03603158e+09 1.03603161e+09 1.03603165e+09
 1.03603169e+09 1.03603172e+09 1.03603176e+09 1.03603180e+09
 1.03603183e+09 1.03603187e+09 1.03603191e+09 1.03603194e+09
 1.03603198e+09 1.03603202e+09 1.03603205e+09 1.03603209e+09
 1.03603213e+09 1.03603217e+09 1.03603220e+09 1.03603224e+09
 1.03603228e+09 1.03603231e+09 1.03603235e+09 1.03603239e+09
 1.03603242e+09 1.03603246e+09 1.03603250e+09 1.03603253e+09
 1.03603257e+09 1.03603261e+09 1.03603264e+09 1.03603268e+09
 1.03603272e+09 1.03603275e+09 1.03603279e+09 1.03603283e+09
 1.03603286e+09 1.03603290e+09 1.03603294e+09 1.03603297e+09
 1.03603301e+09 1.03603305e+09 1.03603308e+09 1.03603312e+09
 1.03603316e+09 1.03603320e+09 1.03603323e+09 1.03603327e+09
 1.03603331e+09 1.03603334e+09 1.03603338e+09 1.03603342e+09
 1.03603345e+09 1.03603349e+09 1.03603353e+09 1.03603356e+09
 1.03603360e+09 1.03603364e+09 1.03603367e+09 1.03603371e+09
 1.03603375e+09 1.03603378e+09 1.03603382e+09 1.03603386e+09
 1.03603389e+09 1.03603393e+09 1.03603397e+09 1.03603400e+09
 1.03603404e+09 1.03603408e+09 1.03603411e+09 1.03603415e+09
 1.03603419e+09 1.03603423e+09 1.03603426e+09 1.03603430e+09
 1.03603434e+09 1.03603437e+09 1.03603441e+09 1.03603445e+09
 1.03603448e+09 1.03603452e+09 1.03603456e+09 1.03603459e+09
 1.03603463e+09 1.03603467e+09 1.03603470e+09 1.03603474e+09
 1.03603478e+09 1.03603481e+09 1.03603485e+09 1.03603489e+09
 1.03603492e+09 1.03603496e+09 1.03603500e+09 1.03603503e+09
 1.03603507e+09 1.03603511e+09 1.03603514e+09 1.03603518e+09
 1.03603522e+09 1.03603526e+09 1.03603529e+09 1.03603533e+09
 1.03603537e+09 1.03603540e+09 1.03603544e+09 1.03603548e+09
 1.03603551e+09 1.03603555e+09 1.03603559e+09 1.03603562e+09
 1.03603566e+09 1.03603570e+09 1.03603573e+09 1.03603577e+09
 1.03603581e+09 1.03603584e+09 1.03603588e+09 1.03603592e+09
 1.03603595e+09 1.03603599e+09 1.03603603e+09 1.03603606e+09
 1.03603610e+09 1.03603614e+09 1.03603617e+09 1.03603621e+09
 1.03603625e+09 1.03603629e+09 1.03603632e+09 1.03603636e+09
 1.03603640e+09 1.03603643e+09 1.03603647e+09 1.03603651e+09
 1.03603654e+09 1.03603658e+09 1.03603662e+09 1.03603665e+09
 1.03603669e+09 1.03603673e+09 1.03603676e+09 1.03603680e+09
 1.03603684e+09 1.03603687e+09 1.03603691e+09 1.03603695e+09
 1.03603698e+09 1.03603702e+09 1.03603706e+09 1.03603709e+09
 1.03603713e+09 1.03603717e+09 1.03603720e+09 1.03603724e+09
 1.03603728e+09 1.03603732e+09 1.03603735e+09 1.03603739e+09
 1.03603743e+09 1.03603746e+09 1.03603750e+09 1.03603754e+09
 1.03603757e+09 1.03603761e+09 1.03603765e+09 1.03603768e+09
 1.03603772e+09 1.03603776e+09 1.03603779e+09 1.03603783e+09
 1.03603787e+09 1.03603790e+09 1.03603794e+09 1.03603798e+09
 1.03603801e+09 1.03603805e+09 1.03603809e+09 1.03603812e+09
 1.03603816e+09 1.03603820e+09 1.03603823e+09 1.03603827e+09
 1.03603831e+09 1.03603835e+09 1.03603838e+09 1.03603842e+09
 1.03603846e+09 1.03603849e+09 1.03603853e+09 1.03603857e+09
 1.03603860e+09 1.03603864e+09 1.03603868e+09 1.03603871e+09
 1.03603875e+09 1.03603879e+09 1.03603882e+09 1.03603886e+09
 1.03603890e+09 1.03603893e+09 1.03603897e+09 1.03603901e+09
 1.03603904e+09 1.03603908e+09 1.03603912e+09 1.03603915e+09
 1.03603919e+09 1.03603923e+09 1.03603926e+09 1.03603930e+09
 1.03603934e+09 1.03603938e+09 1.03603941e+09 1.03603945e+09
 1.03603949e+09 1.03603952e+09 1.03603956e+09 1.03603960e+09
 1.03603963e+09 1.03603967e+09 1.03603971e+09 1.03603974e+09
 1.03603978e+09 1.03603982e+09 1.03603985e+09 1.03603989e+09
 1.03603993e+09 1.03603996e+09 1.03604000e+09 1.03604004e+09
 1.03604007e+09 1.03604011e+09 1.03604015e+09 1.03604018e+09
 1.03604022e+09 1.03604026e+09 1.03604030e+09 1.03604033e+09
 1.03604037e+09 1.03604041e+09 1.03604044e+09 1.03604048e+09
 1.03604052e+09 1.03604055e+09 1.03604059e+09 1.03604063e+09
 1.03604066e+09 1.03604070e+09 1.03604074e+09 1.03604077e+09
 1.03604081e+09 1.03604085e+09 1.03604088e+09 1.03604092e+09
 1.03604096e+09 1.03604099e+09 1.03604103e+09 1.03604107e+09
 1.03604110e+09 1.03604114e+09 1.03604118e+09 1.03604121e+09
 1.03604125e+09 1.03604129e+09 1.03604133e+09 1.03604136e+09
 1.03604140e+09 1.03604144e+09 1.03604147e+09 1.03604151e+09
 1.03604155e+09 1.03604158e+09 1.03604162e+09 1.03604166e+09
 1.03604169e+09 1.03604173e+09 1.03604177e+09 1.03604180e+09
 1.03604184e+09 1.03604188e+09 1.03604191e+09 1.03604195e+09
 1.03604199e+09 1.03604202e+09 1.03604206e+09 1.03604210e+09
 1.03604213e+09 1.03604217e+09 1.03604221e+09 1.03604224e+09
 1.03604228e+09 1.03604232e+09 1.03604236e+09 1.03604239e+09
 1.03604243e+09 1.03604247e+09 1.03604250e+09 1.03604254e+09
 1.03604258e+09 1.03604261e+09 1.03604265e+09 1.03604269e+09
 1.03604272e+09 1.03604276e+09 1.03604280e+09 1.03604283e+09
 1.03604287e+09 1.03604291e+09 1.03604294e+09 1.03604298e+09
 1.03604302e+09 1.03604305e+09 1.03604309e+09 1.03604313e+09
 1.03604316e+09 1.03604320e+09 1.03604324e+09 1.03604327e+09
 1.03604331e+09 1.03604335e+09 1.03604339e+09 1.03604342e+09
 1.03604346e+09 1.03604350e+09 1.03604353e+09 1.03604357e+09
 1.03604361e+09 1.03604364e+09 1.03604368e+09 1.03604372e+09
 1.03604375e+09 1.03604379e+09 1.03604383e+09 1.03604386e+09
 1.03604390e+09 1.03604394e+09 1.03604397e+09 1.03604401e+09
 1.03604405e+09 1.03604408e+09 1.03604412e+09 1.03604416e+09
 1.03604419e+09 1.03604423e+09 1.03604427e+09 1.03604430e+09
 1.03604434e+09 1.03604438e+09 1.03604442e+09 1.03604445e+09
 1.03604449e+09 1.03604453e+09 1.03604456e+09 1.03604460e+09
 1.03604464e+09 1.03604467e+09 1.03604471e+09 1.03604475e+09
 1.03604478e+09 1.03604482e+09 1.03604486e+09 1.03604489e+09
 1.03604493e+09 1.03604497e+09 1.03604500e+09 1.03604504e+09
 1.03604508e+09 1.03604511e+09 1.03604515e+09 1.03604519e+09
 1.03604522e+09 1.03604526e+09 1.03604530e+09 1.03604533e+09
 1.03604537e+09 1.03604541e+09 1.03604545e+09 1.03604548e+09
 1.03604552e+09 1.03604556e+09 1.03604559e+09 1.03604563e+09
 1.03604567e+09 1.03604570e+09 1.03604574e+09 1.03604578e+09
 1.03604581e+09 1.03604585e+09 1.03604589e+09 1.03604592e+09
 1.03604596e+09 1.03604600e+09 1.03604603e+09 1.03604607e+09
 1.03604611e+09 1.03604614e+09 1.03604618e+09 1.03604622e+09
 1.03604625e+09 1.03604629e+09 1.03604633e+09 1.03604636e+09
 1.03604640e+09 1.03604644e+09 1.03604648e+09 1.03604651e+09
 1.03604655e+09 1.03604659e+09 1.03604662e+09 1.03604666e+09
 1.03604670e+09 1.03604673e+09 1.03604677e+09 1.03604681e+09
 1.03604684e+09 1.03604688e+09 1.03604692e+09 1.03604695e+09
 1.03604699e+09 1.03604703e+09 1.03604706e+09 1.03604710e+09
 1.03604714e+09 1.03604717e+09 1.03604721e+09 1.03604725e+09
 1.03604728e+09 1.03604732e+09 1.03604736e+09 1.03604739e+09
 1.03604743e+09 1.03604747e+09 1.03604751e+09 1.03604754e+09
 1.03604758e+09 1.03604762e+09 1.03604765e+09 1.03604769e+09
 1.03604773e+09 1.03604776e+09 1.03604780e+09 1.03604784e+09
 1.03604787e+09 1.03604791e+09 1.03604795e+09 1.03604798e+09
 1.03604802e+09 1.03604806e+09 1.03604809e+09 1.03604813e+09
 1.03604817e+09 1.03604820e+09 1.03604824e+09 1.03604828e+09
 1.03604831e+09 1.03604835e+09 1.03604839e+09 1.03604842e+09
 1.03604846e+09 1.03604850e+09 1.03604854e+09 1.03604857e+09
 1.03604861e+09 1.03604865e+09 1.03604868e+09 1.03604872e+09
 1.03604876e+09 1.03604879e+09 1.03604883e+09 1.03604887e+09
 1.03604890e+09 1.03604894e+09 1.03604898e+09 1.03604901e+09
 1.03604905e+09 1.03604909e+09 1.03604912e+09 1.03604916e+09
 1.03604920e+09 1.03604923e+09 1.03604927e+09 1.03604931e+09
 1.03604934e+09 1.03604938e+09 1.03604942e+09 1.03604945e+09
 1.03604949e+09 1.03604953e+09 1.03604957e+09 1.03604960e+09
 1.03604964e+09 1.03604968e+09 1.03604971e+09 1.03604975e+09
 1.03604979e+09 1.03604982e+09 1.03604986e+09 1.03604990e+09
 1.03604993e+09 1.03604997e+09 1.03605001e+09 1.03605004e+09
 1.03605008e+09 1.03605012e+09 1.03605015e+09 1.03605019e+09
 1.03605023e+09 1.03605026e+09 1.03605030e+09 1.03605034e+09
 1.03605037e+09 1.03605041e+09 1.03605045e+09 1.03605048e+09
 1.03605052e+09 1.03605056e+09 1.03605060e+09 1.03605063e+09
 1.03605067e+09 1.03605071e+09 1.03605074e+09 1.03605078e+09
 1.03605082e+09 1.03605085e+09 1.03605089e+09 1.03605093e+09
 1.03605096e+09 1.03605100e+09 1.03605104e+09 1.03605107e+09
 1.03605111e+09 1.03605115e+09 1.03605118e+09 1.03605122e+09
 1.03605126e+09 1.03605129e+09 1.03605133e+09 1.03605137e+09
 1.03605140e+09 1.03605144e+09 1.03605148e+09 1.03605151e+09
 1.03605155e+09 1.03605159e+09 1.03605163e+09 1.03605166e+09
 1.03605170e+09 1.03605174e+09 1.03605177e+09 1.03605181e+09
 1.03605185e+09 1.03605188e+09 1.03605192e+09 1.03605196e+09
 1.03605199e+09 1.03605203e+09 1.03605207e+09 1.03605210e+09
 1.03605214e+09 1.03605218e+09 1.03605221e+09 1.03605225e+09
 1.03605229e+09 1.03605232e+09 1.03605236e+09 1.03605240e+09
 1.03605243e+09 1.03605247e+09 1.03605251e+09 1.03605255e+09
 1.03605258e+09 1.03605262e+09 1.03605266e+09 1.03605269e+09
 1.03605273e+09 1.03605277e+09 1.03605280e+09 1.03605284e+09
 1.03605288e+09 1.03605291e+09 1.03605295e+09 1.03605299e+09
 1.03605302e+09 1.03605306e+09 1.03605310e+09 1.03605313e+09
 1.03605317e+09 1.03605321e+09 1.03605324e+09 1.03605328e+09
 1.03605332e+09 1.03605335e+09 1.03605339e+09 1.03605343e+09
 1.03605346e+09 1.03605350e+09 1.03605354e+09 1.03605358e+09
 1.03605361e+09 1.03605365e+09 1.03605369e+09 1.03605372e+09
 1.03605376e+09 1.03605380e+09 1.03605383e+09 1.03605387e+09
 1.03605391e+09 1.03605394e+09 1.03605398e+09 1.03605402e+09
 1.03605405e+09 1.03605409e+09 1.03605413e+09 1.03605416e+09
 1.03605420e+09 1.03605424e+09 1.03605427e+09 1.03605431e+09
 1.03605435e+09 1.03605438e+09 1.03605442e+09 1.03605446e+09
 1.03605449e+09 1.03605453e+09 1.03605457e+09 1.03605461e+09
 1.03605464e+09 1.03605468e+09 1.03605472e+09 1.03605475e+09
 1.03605479e+09 1.03605483e+09 1.03605486e+09 1.03605490e+09
 1.03605494e+09 1.03605497e+09 1.03605501e+09 1.03605505e+09
 1.03605508e+09 1.03605512e+09 1.03605516e+09 1.03605519e+09
 1.03605523e+09 1.03605527e+09 1.03605530e+09 1.03605534e+09
 1.03605538e+09 1.03605541e+09 1.03605545e+09 1.03605549e+09
 1.03605552e+09 1.03605556e+09 1.03605560e+09 1.03605564e+09
 1.03605567e+09 1.03605571e+09 1.03605575e+09 1.03605578e+09
 1.03605582e+09 1.03605586e+09 1.03605589e+09 1.03605593e+09
 1.03605597e+09 1.03605600e+09 1.03605604e+09 1.03605608e+09
 1.03605611e+09 1.03605615e+09 1.03605619e+09 1.03605622e+09
 1.03605626e+09 1.03605630e+09 1.03605633e+09 1.03605637e+09
 1.03605641e+09 1.03605644e+09 1.03605648e+09 1.03605652e+09
 1.03605655e+09 1.03605659e+09 1.03605663e+09 1.03605667e+09
 1.03605670e+09 1.03605674e+09 1.03605678e+09 1.03605681e+09
 1.03605685e+09 1.03605689e+09 1.03605692e+09 1.03605696e+09
 1.03605700e+09 1.03605703e+09 1.03605707e+09 1.03605711e+09
 1.03605714e+09 1.03605718e+09 1.03605722e+09 1.03605725e+09
 1.03605729e+09 1.03605733e+09 1.03605736e+09 1.03605740e+09
 1.03605744e+09 1.03605747e+09 1.03605751e+09 1.03605755e+09
 1.03605758e+09 1.03605762e+09 1.03605766e+09 1.03605770e+09
 1.03605773e+09 1.03605777e+09 1.03605781e+09 1.03605784e+09
 1.03605788e+09 1.03605792e+09 1.03605795e+09 1.03605799e+09
 1.03605803e+09 1.03605806e+09 1.03605810e+09 1.03605814e+09
 1.03605817e+09 1.03605821e+09 1.03605825e+09 1.03605828e+09
 1.03605832e+09 1.03605836e+09 1.03605839e+09 1.03605843e+09
 1.03605847e+09 1.03605850e+09 1.03605854e+09 1.03605858e+09
 1.03605861e+09 1.03605865e+09 1.03605869e+09 1.03605873e+09
 1.03605876e+09 1.03605880e+09 1.03605884e+09 1.03605887e+09
 1.03605891e+09 1.03605895e+09 1.03605898e+09 1.03605902e+09
 1.03605906e+09 1.03605909e+09 1.03605913e+09 1.03605917e+09
 1.03605920e+09 1.03605924e+09 1.03605928e+09 1.03605931e+09
 1.03605935e+09 1.03605939e+09 1.03605942e+09 1.03605946e+09
 1.03605950e+09 1.03605953e+09 1.03605957e+09 1.03605961e+09
 1.03605964e+09 1.03605968e+09 1.03605972e+09 1.03605976e+09
 1.03605979e+09 1.03605983e+09 1.03605987e+09 1.03605990e+09
 1.03605994e+09 1.03605998e+09 1.03606001e+09 1.03606005e+09
 1.03606009e+09 1.03606012e+09 1.03606016e+09 1.03606020e+09
 1.03606023e+09 1.03606027e+09 1.03606031e+09 1.03606034e+09
 1.03606038e+09 1.03606042e+09 1.03606045e+09 1.03606049e+09
 1.03606053e+09 1.03606056e+09 1.03606060e+09 1.03606064e+09
 1.03606067e+09 1.03606071e+09 1.03606075e+09 1.03606079e+09
 1.03606082e+09 1.03606086e+09 1.03606090e+09 1.03606093e+09
 1.03606097e+09 1.03606101e+09 1.03606104e+09 1.03606108e+09
 1.03606112e+09 1.03606115e+09 1.03606119e+09 1.03606123e+09
 1.03606126e+09 1.03606130e+09 1.03606134e+09 1.03606137e+09
 1.03606141e+09 1.03606145e+09 1.03606148e+09 1.03606152e+09
 1.03606156e+09 1.03606159e+09 1.03606163e+09 1.03606167e+09
 1.03606170e+09 1.03606174e+09 1.03606178e+09 1.03606182e+09
 1.03606185e+09 1.03606189e+09 1.03606193e+09 1.03606196e+09
 1.03606200e+09 1.03606204e+09 1.03606207e+09 1.03606211e+09
 1.03606215e+09 1.03606218e+09 1.03606222e+09 1.03606226e+09
 1.03606229e+09 1.03606233e+09 1.03606237e+09 1.03606240e+09
 1.03606244e+09 1.03606248e+09 1.03606251e+09 1.03606255e+09
 1.03606259e+09 1.03606262e+09 1.03606266e+09 1.03606270e+09
 1.03606273e+09 1.03606277e+09 1.03606281e+09 1.03606285e+09
 1.03606288e+09 1.03606292e+09 1.03606296e+09 1.03606299e+09
 1.03606303e+09 1.03606307e+09 1.03606310e+09 1.03606314e+09
 1.03606318e+09 1.03606321e+09 1.03606325e+09 1.03606329e+09
 1.03606332e+09 1.03606336e+09 1.03606340e+09 1.03606343e+09
 1.03606347e+09 1.03606351e+09 1.03606354e+09 1.03606358e+09
 1.03606362e+09 1.03606365e+09 1.03606369e+09 1.03606373e+09
 1.03606376e+09 1.03606380e+09 1.03606384e+09 1.03606388e+09
 1.03606391e+09 1.03606395e+09 1.03606399e+09 1.03606402e+09
 1.03606406e+09 1.03606410e+09 1.03606413e+09 1.03606417e+09
 1.03606421e+09 1.03606424e+09 1.03606428e+09 1.03606432e+09
 1.03606435e+09 1.03606439e+09 1.03606443e+09 1.03606446e+09
 1.03606450e+09 1.03606454e+09 1.03606457e+09 1.03606461e+09
 1.03606465e+09 1.03606468e+09 1.03606472e+09 1.03606476e+09
 1.03606480e+09 1.03606483e+09 1.03606487e+09 1.03606491e+09
 1.03606494e+09 1.03606498e+09 1.03606502e+09 1.03606505e+09
 1.03606509e+09 1.03606513e+09 1.03606516e+09 1.03606520e+09
 1.03606524e+09 1.03606527e+09 1.03606531e+09 1.03606535e+09
 1.03606538e+09 1.03606542e+09 1.03606546e+09 1.03606549e+09
 1.03606553e+09 1.03606557e+09 1.03606560e+09 1.03606564e+09
 1.03606568e+09 1.03606571e+09 1.03606575e+09 1.03606579e+09
 1.03606583e+09 1.03606586e+09 1.03606590e+09 1.03606594e+09
 1.03606597e+09 1.03606601e+09 1.03606605e+09 1.03606608e+09
 1.03606612e+09 1.03606616e+09 1.03606619e+09 1.03606623e+09
 1.03606627e+09 1.03606630e+09 1.03606634e+09 1.03606638e+09
 1.03606641e+09 1.03606645e+09 1.03606649e+09 1.03606652e+09
 1.03606656e+09 1.03606660e+09 1.03606663e+09 1.03606667e+09
 1.03606671e+09 1.03606674e+09 1.03606678e+09 1.03606682e+09
 1.03606686e+09 1.03606689e+09 1.03606693e+09 1.03606697e+09
 1.03606700e+09 1.03606704e+09 1.03606708e+09 1.03606711e+09
 1.03606715e+09 1.03606719e+09 1.03606722e+09 1.03606726e+09
 1.03606730e+09 1.03606733e+09 1.03606737e+09 1.03606741e+09
 1.03606744e+09 1.03606748e+09 1.03606752e+09 1.03606755e+09
 1.03606759e+09 1.03606763e+09 1.03606766e+09 1.03606770e+09]
minRes = 0.43518201893707553
minResTime =  [1.0360677e+09]
