name =JUICE_ROI_CAL_5_0_01
flyby =  ['2033 JUL 16 02:11:44', '2033 JUL 17 02:11:44']
Observation TW =  <SpiceCell dtype = 1, length = 0, size = 3400, card = 14, is_set = 1, adjust = 0, init = 1, base = 2554802142736, data = 2554802142784>
Res(t) =  [3.68473148 3.68098326 3.67723516 3.67348715 3.66973926 3.66599147
 3.66224378 3.65849621 3.65474873 3.65100137 3.64725411 3.64350695
 3.63975991 3.63601297 3.63226613 3.6285194  3.62477278 3.62102627
 3.61727986 3.61353356 3.60978737 3.60604128 3.6022953  3.59854943
 3.59480366 3.591058   3.58731245 3.58356701 3.57982167 3.57607644
 3.57233132 3.56858631 3.56484141 3.56109661 3.55735192 3.55360734
 3.54986287 3.5461185  3.54237424 3.5386301  3.53488606 3.53114213
 3.5273983  3.52365459 3.51991098 3.51616749 3.5124241  3.50868082
 3.50493765 3.50119459 3.49745164 3.4937088  3.48996606 3.48622344
 3.48248092 3.47873852 3.47499622 3.47125404 3.46751196 3.46377
 3.46002814 3.45628639 3.45254476 3.44880323 3.44506182 3.44132051
 3.43757931 3.43383823 3.43009725 3.42635639 3.42261564 3.41887499
 3.41513446 3.41139404 3.40765373 3.40391353 3.40017344 3.39643346
 3.3926936  3.38895384 3.3852142  3.38147467 3.37773525 3.37399594
 3.37025674 3.36651765 3.36277868 3.35903982 3.35530107 3.35156243
 3.3478239  3.34408549 3.34034718 3.33660899 3.33287092 3.32913295
 3.3253951  3.32165736 3.31791973 3.31418221 3.31044481 3.30670752
 3.30297034 3.29923328 3.29549633 3.29175949 3.28802277 3.28428616
 3.28054966 3.27681327 3.273077   3.26934084 3.2656048  3.26186887
 3.25813305 3.25439735 3.25066176 3.24692628 3.24319092 3.23945568
 3.23572054 3.23198552 3.22825062 3.22451583 3.22078115 3.21704659
 3.21331215 3.20957781 3.2058436  3.20210949 3.19837551 3.19464163
 3.19090788 3.18717423 3.1834407  3.17970729 3.175974   3.17224081
 3.16850775 3.1647748  3.16104196 3.15730924 3.15357664 3.14984415
 3.14611177 3.14237952 3.13864738 3.13491535 3.13118344 3.12745165
 3.12371997 3.11998841 3.11625697 3.11252564 3.10879443 3.10506334
 3.10133236 3.0976015  3.09387075 3.09014013 3.08640962 3.08267922
 3.07894895 3.07521879 3.07148874 3.06775882 3.06402901 3.06029932
 3.05656975 3.05284029 3.04911095 3.04538173 3.04165263 3.03792365
 3.03419478 3.03046603 3.0267374  3.02300889 3.01928049 3.01555222
 3.01182406 3.00809602 3.0043681  3.00064029 2.99691261 2.99318504
 2.98945759 2.98573027 2.98200306 2.97827596 2.97454899 2.97082214
 2.9670954  2.96336879 2.95964229 2.95591592 2.95218966 2.94846352
 2.9447375  2.9410116  2.93728582 2.93356016 2.92983462 2.9261092
 2.9223839  2.91865872 2.91493366 2.91120872 2.9074839  2.9037592
 2.90003462 2.89631016 2.89258582 2.8888616  2.8851375  2.88141353
 2.87768967 2.87396593 2.87024232 2.86651882 2.86279545 2.85907219
 2.85534906 2.85162605 2.84790316 2.84418039 2.84045774 2.83673522
 2.83301281 2.82929053 2.82556837 2.82184633 2.81812441 2.81440261
 2.81068094 2.80695938 2.80323795 2.79951664 2.79579546 2.79207439
 2.78835345 2.78463263 2.78091193 2.77719135 2.7734709  2.76975057
 2.76603036 2.76231027 2.75859031 2.75487047 2.75115075 2.74743115
 2.74371168 2.73999233 2.73627311 2.732554   2.72883502 2.72511617
 2.72139743 2.71767882 2.71396034 2.71024197 2.70652373 2.70280562
 2.69908762 2.69536976 2.69165201 2.68793439 2.68421689 2.68049952
 2.67678227 2.67306515 2.66934814 2.66563127 2.66191452 2.65819789
 2.65448138 2.650765   2.64704875 2.64333262 2.63961661 2.63590073
 2.63218498 2.62846935 2.62475384 2.62103846 2.6173232  2.61360807
 2.60989306 2.60617818 2.60246343 2.5987488  2.59503429 2.59131991
 2.58760566 2.58389153 2.58017753 2.57646365 2.5727499  2.56903627
 2.56532277 2.5616094  2.55789615 2.55418303 2.55047003 2.54675716
 2.54304442 2.5393318  2.53561931 2.53190694 2.5281947  2.52448259
 2.52077061 2.51705875 2.51334702 2.50963541 2.50592393 2.50221258
 2.49850136 2.49479026 2.49107929 2.48736844 2.48365773 2.47994714
 2.47623667 2.47252634 2.46881613 2.46510605 2.4613961  2.45768627
 2.45397657 2.450267   2.44655756 2.44284825 2.43913906 2.43543
 2.43172107 2.42801227 2.42430359 2.42059504 2.41688662 2.41317833
 2.40947017 2.40576214 2.40205423 2.39834645 2.3946388  2.39093128
 2.38722389 2.38351663 2.37980949 2.37610249 2.37239561 2.36868886
 2.36498224 2.36127575 2.35756939 2.35386316 2.35015706 2.34645108
 2.34274524 2.33903952 2.33533394 2.33162848 2.32792315 2.32421795
 2.32051289 2.31680795 2.31310314 2.30939846 2.30569391 2.30198949
 2.2982852  2.29458104 2.29087701 2.28717311 2.28346934 2.2797657
 2.27606219 2.27235881 2.26865556 2.26495244 2.26124945 2.2575466
 2.25384387 2.25014127 2.24643881 2.24273647 2.23903426 2.23533219
 2.23163025 2.22792843 2.22422675 2.2205252  2.21682378 2.21312249
 2.20942134 2.20572031 2.20201941 2.19831865 2.19461802 2.19091751
 2.18721714 2.18351691 2.1798168  2.17611682 2.17241698 2.16871727
 2.16501769 2.16131824 2.15761892 2.15391973 2.15022068 2.14652176
 2.14282297 2.13912431 2.13542579 2.13172739 2.12802913 2.124331
 2.12063301 2.11693514 2.11323741 2.10953981 2.10584234 2.10214501
 2.0984478  2.09475073 2.0910538  2.08735699 2.08366032 2.07996378
 2.07626738 2.0725711  2.06887496 2.06517895 2.06148308 2.05778734
 2.05409173 2.05039625 2.04670091 2.0430057  2.03931063 2.03561569
 2.03192088 2.0282262  2.02453166 2.02083725 2.01714297 2.01344883
 2.00975482 2.00606095 2.00236721 1.9986736  1.99498013 1.99128679
 1.98759358 1.98390051 1.98020757 1.97651477 1.9728221  1.96912956
 1.96543716 1.96174489 1.95805276 1.95436076 1.9506689  1.94697716
 1.94328557 1.93959411 1.93590278 1.93221159 1.92852053 1.9248296
 1.92113881 1.91744816 1.91375764 1.91006725 1.906377   1.90268688
 1.8989969  1.89530706 1.89161734 1.88792777 1.88423833 1.88054902
 1.87685985 1.87317081 1.86948191 1.86579314 1.86210451 1.85841602
 1.85472765 1.85103943 1.84735134 1.84366338 1.83997556 1.83628788
 1.83260033 1.82891292 1.82522564 1.8215385  1.81785149 1.81416462
 1.81047788 1.80679128 1.80310482 1.79941849 1.7957323  1.79204624
 1.78836032 1.78467454 1.78098889 1.77730338 1.773618   1.76993276
 1.76624765 1.76256268 1.75887785 1.75519315 1.75150859 1.74782417
 1.74413988 1.74045573 1.73677171 1.73308783 1.72940409 1.72572048
 1.72203701 1.71835368 1.71467048 1.71098742 1.7073045  1.70362171
 1.69993906 1.69625654 1.69257417 1.68889192 1.68520982 1.68152785
 1.67784602 1.67416432 1.67048277 1.66680134 1.66312006 1.65943891
 1.6557579  1.65207703 1.64839629 1.64471569 1.64103523 1.6373549
 1.63367471 1.62999466 1.62631475 1.62263497 1.61895533 1.61527582
 1.61159646 1.60791723 1.60423813 1.60055918 1.59688036 1.59320168
 1.58952314 1.58584473 1.58216646 1.57848833 1.57481034 1.57113248
 1.56745476 1.56377718 1.56009973 1.55642242 1.55274525 1.54906822
 1.54539133 1.54171457 1.53803795 1.53436147 1.53068512 1.52700891
 1.52333284 1.51965691 1.51598112 1.51230546 1.50862994 1.50495456
 1.50127931 1.49760421 1.49392924 1.49025441 1.48657971 1.48290516
 1.47923074 1.47555646 1.47188231 1.46820831 1.46453444 1.46086071
 1.45718712 1.45351366 1.44984035 1.44616717 1.44249413 1.43882123
 1.43514846 1.43147583 1.42780334 1.42413099 1.42045878 1.4167867
 1.41311476 1.40944296 1.4057713  1.40209977 1.39842839 1.39475714
 1.39108603 1.38741505 1.38374422 1.38007352 1.37640296 1.37273254
 1.36906225 1.36539211 1.3617221  1.35805223 1.3543825  1.3507129
 1.34704344 1.34337413 1.33970494 1.3360359  1.332367   1.32869823
 1.3250296  1.32136111 1.31769275 1.31402454 1.31035646 1.30668852
 1.30302071 1.29935305 1.29568552 1.29201813 1.28835088 1.28468377
 1.28101679 1.27734995 1.27368325 1.27001669 1.26635026 1.26268398
 1.25901783 1.25535182 1.25168594 1.24802021 1.24435461 1.24068915
 1.23702382 1.23335864 1.22969359 1.22602868 1.2223639  1.21869927
 1.21503477 1.21137041 1.20770619 1.2040421  1.20037816 1.19671435
 1.19305067 1.18938714 1.18572374 1.18206048 1.17839736 1.17473437
 1.17107152 1.16740881 1.16374624 1.1600838  1.1564215  1.15275934
 1.14909732 1.14543543 1.14177368 1.13811206 1.13445059 1.13078925
 1.12712805 1.12346698 1.11980606 1.11614526 1.11248461 1.10882409
 1.10516371 1.10150347 1.09784337 1.0941834  1.09052356 1.08686387
 1.08320431 1.07954489 1.0758856  1.07222645 1.06856744 1.06490857
 1.06124983 1.05759123 1.05393276 1.05027443 1.04661624 1.04295818
 1.03930026 1.03564248 1.03198483 1.02832732 1.02466995 1.02101271
 1.01735561 1.01369864 1.01004181 1.00638512 1.00272856 0.99907214
 0.99541585 0.99175971 0.98810369 0.98444781 0.98079207 0.97713647
 0.973481   0.96982566 0.96617046 0.9625154  0.95886047 0.95520568
 0.95155103 0.94789651 0.94424212 0.94058787 0.93693376 0.93327978
 0.92962594 0.92597223 0.92231866 0.91866522 0.91501192 0.91135875
 0.90770572 0.90405283 0.90040007 0.89674744 0.89309495 0.8894426
 0.88579037 0.88213829 0.87848634 0.87483452 0.87118284 0.8675313
 0.86387989 0.86022861 0.85657747 0.85292646 0.84927559 0.84562485
 0.84197425 0.83832379 0.83467345 0.83102326 0.82737319 0.82372326
 0.82007347 0.81642381 0.81277429 0.8091249  0.80547564 0.80182652
 0.79817754 0.79452868 0.79087997 0.78723139 0.78358294 0.77993463
 0.77628645 0.77263841 0.7689905  0.76534272 0.76169509 0.75804758
 0.75440021 0.75075298 0.74710588 0.74345892 0.73981209 0.73616539
 0.73251883 0.72887241 0.72522612 0.72157997 0.71793395 0.71428807
 0.71064232 0.70699671 0.70335124 0.6997059  0.69606069 0.69241563
 0.68877069 0.6851259  0.68148124 0.67783672 0.67419233 0.67054809
 0.66690398 0.66326    0.65961617 0.65597247 0.65232891 0.64868548
 0.6450422  0.64139906 0.63775605 0.63411318 0.63047045 0.62682786
 0.62318542 0.61954311 0.61590094 0.61225891 0.60861703 0.60497528
 0.60133368 0.59769222 0.5940509  0.59040973 0.5867687  0.58312782
 0.57948708 0.57584648 0.57220603 0.56856573 0.56607634 0.56243547
 0.55879474 0.55515415 0.55151371 0.5478734  0.54423323 0.54059321
 0.53695333 0.53331359 0.52967399 0.52603455 0.52239524 0.51875608
 0.51511707 0.51147821 0.5078395  0.50420094 0.50056252 0.49692426
 0.49328616 0.4896482  0.48601041 0.48237277 0.47873529 0.47509796
 0.4714608  0.46782381 0.46418697 0.46055031 0.45691381 0.45327748
 0.44964132 0.44600533 0.44236953 0.4387339  0.43509845 0.43146318
 0.4278281  0.42419321 0.4205585  0.41692399 0.41328968 0.40965557
 0.40602167 0.40238797 0.39875448 0.3951212  0.39148815 0.38785532
 0.38422271 0.38059034 0.37695821 0.37332632 0.36969468 0.36606329
 0.36243216 0.3588013  0.35517071 0.3515404  0.34791038 0.34428066
 0.34065124 0.33702213 0.33339334 0.32976489 0.32613677 0.32250901
 0.31888161 0.31525459 0.31162795 0.30800171 0.30437589 0.3007505
 0.29712555 0.29350107 0.28987706 0.28625355 0.28263056 0.27900811
 0.27538621 0.2717649  0.2681442  0.26452413 0.26090473 0.25728602
 0.25366803 0.2500508  0.24643436 0.24281876 0.23920403 0.23559022
 0.23197737 0.22836554 0.22475477 0.22114513 0.21753668 0.21392949
 0.21032361 0.20671914 0.20311616 0.19951475 0.19591501 0.19231704
 0.18872095 0.18512688 0.18153494 0.17794529 0.17435808 0.17077347
 0.16719166 0.16361285 0.16003725 0.15646511 0.1528967  0.14933231
 0.14577227 0.14221692 0.13866667 0.13512195 0.13158326 0.12805113
 0.12452617 0.12100907 0.11750059 0.11400159 0.11051304 0.10703606
 0.10357191 0.10012202 0.09668805 0.09327192 0.08987582 0.08650234
 0.08315447 0.07983575 0.07655038 0.07330333 0.07010058 0.06694935
 0.06385844 0.06083863 0.05790332 0.05506925 0.05235764 0.04979568
 0.04741871 0.04527332 0.0434221  0.04195099 0.04098118 0.04069016
 0.04135192 0.0434242  0.04777039 0.0563691 ]
t =  [1.05836477e+09 1.05836482e+09 1.05836486e+09 1.05836490e+09
 1.05836494e+09 1.05836499e+09 1.05836503e+09 1.05836507e+09
 1.05836512e+09 1.05836516e+09 1.05836520e+09 1.05836524e+09
 1.05836529e+09 1.05836533e+09 1.05836537e+09 1.05836542e+09
 1.05836546e+09 1.05836550e+09 1.05836554e+09 1.05836559e+09
 1.05836563e+09 1.05836567e+09 1.05836572e+09 1.05836576e+09
 1.05836580e+09 1.05836584e+09 1.05836589e+09 1.05836593e+09
 1.05836597e+09 1.05836602e+09 1.05836606e+09 1.05836610e+09
 1.05836614e+09 1.05836619e+09 1.05836623e+09 1.05836627e+09
 1.05836632e+09 1.05836636e+09 1.05836640e+09 1.05836644e+09
 1.05836649e+09 1.05836653e+09 1.05836657e+09 1.05836662e+09
 1.05836666e+09 1.05836670e+09 1.05836674e+09 1.05836679e+09
 1.05836683e+09 1.05836687e+09 1.05836691e+09 1.05836696e+09
 1.05836700e+09 1.05836704e+09 1.05836709e+09 1.05836713e+09
 1.05836717e+09 1.05836721e+09 1.05836726e+09 1.05836730e+09
 1.05836734e+09 1.05836739e+09 1.05836743e+09 1.05836747e+09
 1.05836751e+09 1.05836756e+09 1.05836760e+09 1.05836764e+09
 1.05836769e+09 1.05836773e+09 1.05836777e+09 1.05836781e+09
 1.05836786e+09 1.05836790e+09 1.05836794e+09 1.05836799e+09
 1.05836803e+09 1.05836807e+09 1.05836811e+09 1.05836816e+09
 1.05836820e+09 1.05836824e+09 1.05836829e+09 1.05836833e+09
 1.05836837e+09 1.05836841e+09 1.05836846e+09 1.05836850e+09
 1.05836854e+09 1.05836859e+09 1.05836863e+09 1.05836867e+09
 1.05836871e+09 1.05836876e+09 1.05836880e+09 1.05836884e+09
 1.05836889e+09 1.05836893e+09 1.05836897e+09 1.05836901e+09
 1.05836906e+09 1.05836910e+09 1.05836914e+09 1.05836919e+09
 1.05836923e+09 1.05836927e+09 1.05836931e+09 1.05836936e+09
 1.05836940e+09 1.05836944e+09 1.05836949e+09 1.05836953e+09
 1.05836957e+09 1.05836961e+09 1.05836966e+09 1.05836970e+09
 1.05836974e+09 1.05836978e+09 1.05836983e+09 1.05836987e+09
 1.05836991e+09 1.05836996e+09 1.05837000e+09 1.05837004e+09
 1.05837008e+09 1.05837013e+09 1.05837017e+09 1.05837021e+09
 1.05837026e+09 1.05837030e+09 1.05837034e+09 1.05837038e+09
 1.05837043e+09 1.05837047e+09 1.05837051e+09 1.05837056e+09
 1.05837060e+09 1.05837064e+09 1.05837068e+09 1.05837073e+09
 1.05837077e+09 1.05837081e+09 1.05837086e+09 1.05837090e+09
 1.05837094e+09 1.05837098e+09 1.05837103e+09 1.05837107e+09
 1.05837111e+09 1.05837116e+09 1.05837120e+09 1.05837124e+09
 1.05837128e+09 1.05837133e+09 1.05837137e+09 1.05837141e+09
 1.05837146e+09 1.05837150e+09 1.05837154e+09 1.05837158e+09
 1.05837163e+09 1.05837167e+09 1.05837171e+09 1.05837176e+09
 1.05837180e+09 1.05837184e+09 1.05837188e+09 1.05837193e+09
 1.05837197e+09 1.05837201e+09 1.05837206e+09 1.05837210e+09
 1.05837214e+09 1.05837218e+09 1.05837223e+09 1.05837227e+09
 1.05837231e+09 1.05837235e+09 1.05837240e+09 1.05837244e+09
 1.05837248e+09 1.05837253e+09 1.05837257e+09 1.05837261e+09
 1.05837265e+09 1.05837270e+09 1.05837274e+09 1.05837278e+09
 1.05837283e+09 1.05837287e+09 1.05837291e+09 1.05837295e+09
 1.05837300e+09 1.05837304e+09 1.05837308e+09 1.05837313e+09
 1.05837317e+09 1.05837321e+09 1.05837325e+09 1.05837330e+09
 1.05837334e+09 1.05837338e+09 1.05837343e+09 1.05837347e+09
 1.05837351e+09 1.05837355e+09 1.05837360e+09 1.05837364e+09
 1.05837368e+09 1.05837373e+09 1.05837377e+09 1.05837381e+09
 1.05837385e+09 1.05837390e+09 1.05837394e+09 1.05837398e+09
 1.05837403e+09 1.05837407e+09 1.05837411e+09 1.05837415e+09
 1.05837420e+09 1.05837424e+09 1.05837428e+09 1.05837433e+09
 1.05837437e+09 1.05837441e+09 1.05837445e+09 1.05837450e+09
 1.05837454e+09 1.05837458e+09 1.05837463e+09 1.05837467e+09
 1.05837471e+09 1.05837475e+09 1.05837480e+09 1.05837484e+09
 1.05837488e+09 1.05837493e+09 1.05837497e+09 1.05837501e+09
 1.05837505e+09 1.05837510e+09 1.05837514e+09 1.05837518e+09
 1.05837522e+09 1.05837527e+09 1.05837531e+09 1.05837535e+09
 1.05837540e+09 1.05837544e+09 1.05837548e+09 1.05837552e+09
 1.05837557e+09 1.05837561e+09 1.05837565e+09 1.05837570e+09
 1.05837574e+09 1.05837578e+09 1.05837582e+09 1.05837587e+09
 1.05837591e+09 1.05837595e+09 1.05837600e+09 1.05837604e+09
 1.05837608e+09 1.05837612e+09 1.05837617e+09 1.05837621e+09
 1.05837625e+09 1.05837630e+09 1.05837634e+09 1.05837638e+09
 1.05837642e+09 1.05837647e+09 1.05837651e+09 1.05837655e+09
 1.05837660e+09 1.05837664e+09 1.05837668e+09 1.05837672e+09
 1.05837677e+09 1.05837681e+09 1.05837685e+09 1.05837690e+09
 1.05837694e+09 1.05837698e+09 1.05837702e+09 1.05837707e+09
 1.05837711e+09 1.05837715e+09 1.05837720e+09 1.05837724e+09
 1.05837728e+09 1.05837732e+09 1.05837737e+09 1.05837741e+09
 1.05837745e+09 1.05837750e+09 1.05837754e+09 1.05837758e+09
 1.05837762e+09 1.05837767e+09 1.05837771e+09 1.05837775e+09
 1.05837780e+09 1.05837784e+09 1.05837788e+09 1.05837792e+09
 1.05837797e+09 1.05837801e+09 1.05837805e+09 1.05837809e+09
 1.05837814e+09 1.05837818e+09 1.05837822e+09 1.05837827e+09
 1.05837831e+09 1.05837835e+09 1.05837839e+09 1.05837844e+09
 1.05837848e+09 1.05837852e+09 1.05837857e+09 1.05837861e+09
 1.05837865e+09 1.05837869e+09 1.05837874e+09 1.05837878e+09
 1.05837882e+09 1.05837887e+09 1.05837891e+09 1.05837895e+09
 1.05837899e+09 1.05837904e+09 1.05837908e+09 1.05837912e+09
 1.05837917e+09 1.05837921e+09 1.05837925e+09 1.05837929e+09
 1.05837934e+09 1.05837938e+09 1.05837942e+09 1.05837947e+09
 1.05837951e+09 1.05837955e+09 1.05837959e+09 1.05837964e+09
 1.05837968e+09 1.05837972e+09 1.05837977e+09 1.05837981e+09
 1.05837985e+09 1.05837989e+09 1.05837994e+09 1.05837998e+09
 1.05838002e+09 1.05838007e+09 1.05838011e+09 1.05838015e+09
 1.05838019e+09 1.05838024e+09 1.05838028e+09 1.05838032e+09
 1.05838037e+09 1.05838041e+09 1.05838045e+09 1.05838049e+09
 1.05838054e+09 1.05838058e+09 1.05838062e+09 1.05838066e+09
 1.05838071e+09 1.05838075e+09 1.05838079e+09 1.05838084e+09
 1.05838088e+09 1.05838092e+09 1.05838096e+09 1.05838101e+09
 1.05838105e+09 1.05838109e+09 1.05838114e+09 1.05838118e+09
 1.05838122e+09 1.05838126e+09 1.05838131e+09 1.05838135e+09
 1.05838139e+09 1.05838144e+09 1.05838148e+09 1.05838152e+09
 1.05838156e+09 1.05838161e+09 1.05838165e+09 1.05838169e+09
 1.05838174e+09 1.05838178e+09 1.05838182e+09 1.05838186e+09
 1.05838191e+09 1.05838195e+09 1.05838199e+09 1.05838204e+09
 1.05838208e+09 1.05838212e+09 1.05838216e+09 1.05838221e+09
 1.05838225e+09 1.05838229e+09 1.05838234e+09 1.05838238e+09
 1.05838242e+09 1.05838246e+09 1.05838251e+09 1.05838255e+09
 1.05838259e+09 1.05838264e+09 1.05838268e+09 1.05838272e+09
 1.05838276e+09 1.05838281e+09 1.05838285e+09 1.05838289e+09
 1.05838294e+09 1.05838298e+09 1.05838302e+09 1.05838306e+09
 1.05838311e+09 1.05838315e+09 1.05838319e+09 1.05838324e+09
 1.05838328e+09 1.05838332e+09 1.05838336e+09 1.05838341e+09
 1.05838345e+09 1.05838349e+09 1.05838353e+09 1.05838358e+09
 1.05838362e+09 1.05838366e+09 1.05838371e+09 1.05838375e+09
 1.05838379e+09 1.05838383e+09 1.05838388e+09 1.05838392e+09
 1.05838396e+09 1.05838401e+09 1.05838405e+09 1.05838409e+09
 1.05838413e+09 1.05838418e+09 1.05838422e+09 1.05838426e+09
 1.05838431e+09 1.05838435e+09 1.05838439e+09 1.05838443e+09
 1.05838448e+09 1.05838452e+09 1.05838456e+09 1.05838461e+09
 1.05838465e+09 1.05838469e+09 1.05838473e+09 1.05838478e+09
 1.05838482e+09 1.05838486e+09 1.05838491e+09 1.05838495e+09
 1.05838499e+09 1.05838503e+09 1.05838508e+09 1.05838512e+09
 1.05838516e+09 1.05838521e+09 1.05838525e+09 1.05838529e+09
 1.05838533e+09 1.05838538e+09 1.05838542e+09 1.05838546e+09
 1.05838551e+09 1.05838555e+09 1.05838559e+09 1.05838563e+09
 1.05838568e+09 1.05838572e+09 1.05838576e+09 1.05838581e+09
 1.05838585e+09 1.05838589e+09 1.05838593e+09 1.05838598e+09
 1.05838602e+09 1.05838606e+09 1.05838611e+09 1.05838615e+09
 1.05838619e+09 1.05838623e+09 1.05838628e+09 1.05838632e+09
 1.05838636e+09 1.05838640e+09 1.05838645e+09 1.05838649e+09
 1.05838653e+09 1.05838658e+09 1.05838662e+09 1.05838666e+09
 1.05838670e+09 1.05838675e+09 1.05838679e+09 1.05838683e+09
 1.05838688e+09 1.05838692e+09 1.05838696e+09 1.05838700e+09
 1.05838705e+09 1.05838709e+09 1.05838713e+09 1.05838718e+09
 1.05838722e+09 1.05838726e+09 1.05838730e+09 1.05838735e+09
 1.05838739e+09 1.05838743e+09 1.05838748e+09 1.05838752e+09
 1.05838756e+09 1.05838760e+09 1.05838765e+09 1.05838769e+09
 1.05838773e+09 1.05838778e+09 1.05838782e+09 1.05838786e+09
 1.05838790e+09 1.05838795e+09 1.05838799e+09 1.05838803e+09
 1.05838808e+09 1.05838812e+09 1.05838816e+09 1.05838820e+09
 1.05838825e+09 1.05838829e+09 1.05838833e+09 1.05838838e+09
 1.05838842e+09 1.05838846e+09 1.05838850e+09 1.05838855e+09
 1.05838859e+09 1.05838863e+09 1.05838868e+09 1.05838872e+09
 1.05838876e+09 1.05838880e+09 1.05838885e+09 1.05838889e+09
 1.05838893e+09 1.05838897e+09 1.05838902e+09 1.05838906e+09
 1.05838910e+09 1.05838915e+09 1.05838919e+09 1.05838923e+09
 1.05838927e+09 1.05838932e+09 1.05838936e+09 1.05838940e+09
 1.05838945e+09 1.05838949e+09 1.05838953e+09 1.05838957e+09
 1.05838962e+09 1.05838966e+09 1.05838970e+09 1.05838975e+09
 1.05838979e+09 1.05838983e+09 1.05838987e+09 1.05838992e+09
 1.05838996e+09 1.05839000e+09 1.05839005e+09 1.05839009e+09
 1.05839013e+09 1.05839017e+09 1.05839022e+09 1.05839026e+09
 1.05839030e+09 1.05839035e+09 1.05839039e+09 1.05839043e+09
 1.05839047e+09 1.05839052e+09 1.05839056e+09 1.05839060e+09
 1.05839065e+09 1.05839069e+09 1.05839073e+09 1.05839077e+09
 1.05839082e+09 1.05839086e+09 1.05839090e+09 1.05839095e+09
 1.05839099e+09 1.05839103e+09 1.05839107e+09 1.05839112e+09
 1.05839116e+09 1.05839120e+09 1.05839125e+09 1.05839129e+09
 1.05839133e+09 1.05839137e+09 1.05839142e+09 1.05839146e+09
 1.05839150e+09 1.05839155e+09 1.05839159e+09 1.05839163e+09
 1.05839167e+09 1.05839172e+09 1.05839176e+09 1.05839180e+09
 1.05839184e+09 1.05839189e+09 1.05839193e+09 1.05839197e+09
 1.05839202e+09 1.05839206e+09 1.05839210e+09 1.05839214e+09
 1.05839219e+09 1.05839223e+09 1.05839227e+09 1.05839232e+09
 1.05839236e+09 1.05839240e+09 1.05839244e+09 1.05839249e+09
 1.05839253e+09 1.05839257e+09 1.05839262e+09 1.05839266e+09
 1.05839270e+09 1.05839274e+09 1.05839279e+09 1.05839283e+09
 1.05839287e+09 1.05839292e+09 1.05839296e+09 1.05839300e+09
 1.05839304e+09 1.05839309e+09 1.05839313e+09 1.05839317e+09
 1.05839322e+09 1.05839326e+09 1.05839330e+09 1.05839334e+09
 1.05839339e+09 1.05839343e+09 1.05839347e+09 1.05839352e+09
 1.05839356e+09 1.05839360e+09 1.05839364e+09 1.05839369e+09
 1.05839373e+09 1.05839377e+09 1.05839382e+09 1.05839386e+09
 1.05839390e+09 1.05839394e+09 1.05839399e+09 1.05839403e+09
 1.05839407e+09 1.05839412e+09 1.05839416e+09 1.05839420e+09
 1.05839424e+09 1.05839429e+09 1.05839433e+09 1.05839437e+09
 1.05839442e+09 1.05839446e+09 1.05839450e+09 1.05839454e+09
 1.05839459e+09 1.05839463e+09 1.05839467e+09 1.05839471e+09
 1.05839476e+09 1.05839480e+09 1.05839484e+09 1.05839489e+09
 1.05839493e+09 1.05839497e+09 1.05839501e+09 1.05839506e+09
 1.05839510e+09 1.05839514e+09 1.05839519e+09 1.05839523e+09
 1.05839527e+09 1.05839531e+09 1.05839536e+09 1.05839540e+09
 1.05839544e+09 1.05839549e+09 1.05839553e+09 1.05839557e+09
 1.05839561e+09 1.05839566e+09 1.05839570e+09 1.05839574e+09
 1.05839579e+09 1.05839583e+09 1.05839587e+09 1.05839591e+09
 1.05839596e+09 1.05839600e+09 1.05839604e+09 1.05839609e+09
 1.05839613e+09 1.05839617e+09 1.05839621e+09 1.05839626e+09
 1.05839630e+09 1.05839634e+09 1.05839639e+09 1.05839643e+09
 1.05839647e+09 1.05839651e+09 1.05839656e+09 1.05839660e+09
 1.05839664e+09 1.05839669e+09 1.05839673e+09 1.05839677e+09
 1.05839681e+09 1.05839686e+09 1.05839690e+09 1.05839694e+09
 1.05839699e+09 1.05839703e+09 1.05839707e+09 1.05839711e+09
 1.05839716e+09 1.05839720e+09 1.05839724e+09 1.05839728e+09
 1.05839733e+09 1.05839737e+09 1.05839741e+09 1.05839746e+09
 1.05839750e+09 1.05839754e+09 1.05839758e+09 1.05839763e+09
 1.05839767e+09 1.05839771e+09 1.05839776e+09 1.05839780e+09
 1.05839784e+09 1.05839788e+09 1.05839793e+09 1.05839797e+09
 1.05839801e+09 1.05839806e+09 1.05839810e+09 1.05839814e+09
 1.05839818e+09 1.05839823e+09 1.05839827e+09 1.05839831e+09
 1.05839836e+09 1.05839840e+09 1.05839844e+09 1.05839848e+09
 1.05839853e+09 1.05839857e+09 1.05839861e+09 1.05839866e+09
 1.05839870e+09 1.05839874e+09 1.05839878e+09 1.05839883e+09
 1.05839887e+09 1.05839891e+09 1.05839896e+09 1.05839900e+09
 1.05839904e+09 1.05839908e+09 1.05839913e+09 1.05839917e+09
 1.05839921e+09 1.05839926e+09 1.05839930e+09 1.05839934e+09
 1.05839938e+09 1.05839943e+09 1.05839947e+09 1.05839951e+09
 1.05839956e+09 1.05839960e+09 1.05839964e+09 1.05839968e+09
 1.05839973e+09 1.05839977e+09 1.05839981e+09 1.05839986e+09
 1.05839990e+09 1.05839994e+09 1.05839998e+09 1.05840003e+09
 1.05840007e+09 1.05840011e+09 1.05840015e+09 1.05840020e+09
 1.05840024e+09 1.05840028e+09 1.05840033e+09 1.05840037e+09
 1.05840041e+09 1.05840045e+09 1.05840050e+09 1.05840054e+09
 1.05840058e+09 1.05840063e+09 1.05840067e+09 1.05840071e+09
 1.05840075e+09 1.05840080e+09 1.05840084e+09 1.05840088e+09
 1.05840093e+09 1.05840097e+09 1.05840101e+09 1.05840105e+09
 1.05840110e+09 1.05840114e+09 1.05840118e+09 1.05840123e+09
 1.05840127e+09 1.05840131e+09 1.05840135e+09 1.05840140e+09
 1.05840144e+09 1.05840148e+09 1.05840153e+09 1.05840157e+09
 1.05840161e+09 1.05840165e+09 1.05840170e+09 1.05840174e+09
 1.05840178e+09 1.05840183e+09 1.05840187e+09 1.05840191e+09
 1.05840195e+09 1.05840200e+09 1.05840204e+09 1.05840208e+09
 1.05840213e+09 1.05840217e+09 1.05840221e+09 1.05840225e+09
 1.05840230e+09 1.05840234e+09 1.05840238e+09 1.05840243e+09
 1.05840247e+09 1.05840251e+09 1.05840255e+09 1.05840260e+09
 1.05840264e+09 1.05840268e+09 1.05840273e+09 1.05840277e+09
 1.05840281e+09 1.05840285e+09 1.05840290e+09 1.05840294e+09
 1.05840298e+09 1.05840302e+09 1.05840307e+09 1.05840311e+09
 1.05840315e+09 1.05840320e+09 1.05840324e+09 1.05840328e+09
 1.05840332e+09 1.05840337e+09 1.05840341e+09 1.05840345e+09
 1.05840350e+09 1.05840354e+09 1.05840358e+09 1.05840362e+09
 1.05840367e+09 1.05840371e+09 1.05840375e+09 1.05840380e+09
 1.05840384e+09 1.05840388e+09 1.05840392e+09 1.05840397e+09
 1.05840401e+09 1.05840405e+09 1.05840410e+09 1.05840414e+09
 1.05840418e+09 1.05840422e+09 1.05840427e+09 1.05840431e+09
 1.05840435e+09 1.05840440e+09 1.05840444e+09 1.05840448e+09
 1.05840452e+09 1.05840457e+09 1.05840461e+09 1.05840465e+09
 1.05840470e+09 1.05840474e+09 1.05840478e+09 1.05840482e+09
 1.05840487e+09 1.05840491e+09 1.05840495e+09 1.05840500e+09
 1.05840504e+09 1.05840508e+09 1.05840512e+09 1.05840517e+09
 1.05840521e+09 1.05840525e+09 1.05840530e+09 1.05840534e+09
 1.05840538e+09 1.05840542e+09 1.05840547e+09 1.05840551e+09
 1.05840555e+09 1.05840559e+09 1.05840564e+09 1.05840568e+09
 1.05840572e+09 1.05840577e+09 1.05840581e+09 1.05840585e+09
 1.05840589e+09 1.05840594e+09 1.05840598e+09 1.05840602e+09
 1.05840607e+09 1.05840611e+09 1.05840615e+09 1.05840619e+09
 1.05840624e+09 1.05840628e+09 1.05840632e+09 1.05840637e+09
 1.05840641e+09 1.05840645e+09 1.05840649e+09 1.05840654e+09
 1.05840658e+09 1.05840662e+09 1.05840667e+09 1.05840671e+09
 1.05840675e+09 1.05840679e+09 1.05840684e+09 1.05840688e+09
 1.05840692e+09 1.05840697e+09 1.05840701e+09 1.05840705e+09
 1.05840709e+09 1.05840714e+09 1.05840718e+09 1.05840722e+09
 1.05840727e+09 1.05840731e+09 1.05840735e+09 1.05840739e+09
 1.05840744e+09 1.05840748e+09 1.05840752e+09 1.05840757e+09]
minRes = 0.04069016208988109
minResTime =  [1.05840739e+09]
