name =JUICE_ROI_CAL_4_1_03
flyby =  ['2032 SEP 10 11:52:29', '2032 SEP 11 11:52:29']
Observation TW =  <SpiceCell dtype = 1, length = 0, size = 3000, card = 10, is_set = 1, adjust = 0, init = 1, base = 2554798467184, data = 2554798467232>
Res(t) =  [3.44463624 3.44120748 3.43777897 3.4343507  3.43092267 3.42749489
 3.42406734 3.42064003 3.41721297 3.41378614 3.41035955 3.4069332
 3.40350709 3.40008121 3.39665557 3.39323017 3.389805   3.38638007
 3.38295537 3.3795309  3.37610667 3.37268267 3.3692589  3.36583537
 3.36241206 3.35898899 3.35556615 3.35214353 3.34872115 3.34529899
 3.34187707 3.33845537 3.3350339  3.33161265 3.32819163 3.32477084
 3.32135027 3.31792992 3.3145098  3.3110899  3.30767023 3.30425078
 3.30083155 3.29741254 3.29399375 3.29057518 3.28715684 3.28373871
 3.2803208  3.27690311 3.27348564 3.27006838 3.26665134 3.26323452
 3.25981791 3.25640152 3.25298534 3.24956938 3.24615363 3.24273809
 3.23932277 3.23590766 3.23249276 3.22907807 3.22566359 3.22224932
 3.21883527 3.21542142 3.21200778 3.20859434 3.20518112 3.2017681
 3.19835529 3.19494268 3.19153028 3.18811808 3.18470609 3.18129431
 3.17788272 3.17447134 3.17106016 3.16764918 3.16423841 3.16082783
 3.15741746 3.15400728 3.15059731 3.14718753 3.14377795 3.14036857
 3.13695939 3.1335504  3.13014161 3.12673302 3.12332462 3.11991641
 3.1165084  3.11310058 3.10969296 3.10628553 3.10287829 3.09947124
 3.09606438 3.09265771 3.08925124 3.08584495 3.08243885 3.07903294
 3.07562722 3.07222169 3.06881634 3.06541118 3.06200621 3.05860142
 3.05519681 3.05179239 3.04838816 3.04498411 3.04158024 3.03817655
 3.03477305 3.03136972 3.02796658 3.02456362 3.02116083 3.01775823
 3.01435581 3.01095356 3.00755149 3.0041496  3.00074789 2.99734635
 2.99394499 2.9905438  2.98714279 2.98374195 2.98034129 2.9769408
 2.97354048 2.97014033 2.96674036 2.96334055 2.95994092 2.95654146
 2.95314217 2.94974304 2.94634409 2.9429453  2.93954669 2.93614823
 2.93274995 2.92935183 2.92595388 2.92255609 2.91915847 2.91576101
 2.91236371 2.90896658 2.90556961 2.9021728  2.89877616 2.89537967
 2.89198335 2.88858718 2.88519118 2.88179533 2.87839964 2.87500412
 2.87160874 2.86821353 2.86481847 2.86142357 2.85802882 2.85463423
 2.8512398  2.84784551 2.84445138 2.84105741 2.83766358 2.83426991
 2.83087639 2.82748302 2.8240898  2.82069674 2.81730382 2.81391105
 2.81051842 2.80712595 2.80373362 2.80034145 2.79694941 2.79355753
 2.79016578 2.78677419 2.78338274 2.77999143 2.77660026 2.77320924
 2.76981836 2.76642763 2.76303703 2.75964658 2.75625626 2.75286609
 2.74947605 2.74608616 2.7426964  2.73930678 2.7359173  2.73252795
 2.72913875 2.72574967 2.72236074 2.71897193 2.71558327 2.71219473
 2.70880633 2.70541807 2.70202993 2.69864193 2.69525406 2.69186632
 2.68847871 2.68509123 2.68170387 2.67831665 2.67492956 2.67154259
 2.66815576 2.66476905 2.66138246 2.657996   2.65460967 2.65122346
 2.64783738 2.64445142 2.64106558 2.63767987 2.63429428 2.63090881
 2.62752347 2.62413824 2.62075314 2.61736815 2.61398328 2.61059854
 2.60721391 2.6038294  2.60044501 2.59706073 2.59367657 2.59029253
 2.5869086  2.58352479 2.58014109 2.57675751 2.57337404 2.56999068
 2.56660743 2.5632243  2.55984128 2.55645837 2.55307557 2.54969288
 2.5463103  2.54292783 2.53954547 2.53616322 2.53278107 2.52939903
 2.5260171  2.52263527 2.51925355 2.51587194 2.51249042 2.50910902
 2.50572771 2.50234652 2.49896542 2.49558442 2.49220353 2.48882274
 2.48544205 2.48206146 2.47868096 2.47530057 2.47192028 2.46854008
 2.46515999 2.46177999 2.45840008 2.45502028 2.45164057 2.44826095
 2.44488143 2.441502   2.43812267 2.43474343 2.43136428 2.42798523
 2.42460627 2.4212274  2.41784862 2.41446993 2.41109133 2.40771282
 2.4043344  2.40095606 2.39757782 2.39419966 2.39082159 2.38744361
 2.38406571 2.3806879  2.37731017 2.37393253 2.37055497 2.36717749
 2.3638001  2.36042279 2.35704556 2.35366842 2.35029135 2.34691437
 2.34353747 2.34016064 2.3367839  2.33340723 2.33003064 2.32665413
 2.3232777  2.31990134 2.31652506 2.31314886 2.30977273 2.30639667
 2.30302069 2.29964479 2.29626895 2.29289319 2.2895175  2.28614189
 2.28276634 2.27939087 2.27601547 2.27264013 2.26926487 2.26588967
 2.26251455 2.25913949 2.2557645  2.25238958 2.24901472 2.24563993
 2.2422652  2.23889054 2.23551594 2.23214141 2.22876694 2.22539254
 2.2220182  2.21864392 2.2152697  2.21189554 2.20852144 2.20514741
 2.20177343 2.19839951 2.19502566 2.19165186 2.18827811 2.18490443
 2.1815308  2.17815723 2.17478371 2.17141025 2.16803685 2.1646635
 2.1612902  2.15791696 2.15454377 2.15117063 2.14779755 2.14442451
 2.14105153 2.1376786  2.13430572 2.13093288 2.1275601  2.12418737
 2.12081468 2.11744204 2.11406945 2.11069691 2.10732441 2.10395196
 2.10057955 2.09720719 2.09383487 2.0904626  2.08709037 2.08371818
 2.08034604 2.07697393 2.07360187 2.07022985 2.06685787 2.06348594
 2.06011404 2.05674218 2.05337035 2.04999857 2.04662683 2.04325512
 2.03988345 2.03651181 2.03314021 2.02976865 2.02639712 2.02302563
 2.01965417 2.01628274 2.01291134 2.00953998 2.00616865 2.00279736
 1.99942609 1.99605485 1.99268365 1.98931247 1.98594132 1.98257021
 1.97919912 1.97582805 1.97245702 1.96908601 1.96571503 1.96234408
 1.95897315 1.95560224 1.95223136 1.9488605  1.94548967 1.94211886
 1.93874807 1.93537731 1.93200656 1.92863584 1.92526514 1.92189446
 1.9185238  1.91515316 1.91178253 1.90841193 1.90504134 1.90167077
 1.89830022 1.89492968 1.89155917 1.88818866 1.88481817 1.8814477
 1.87807724 1.87470679 1.87133636 1.86796594 1.86459553 1.86122514
 1.85785475 1.85448438 1.85111401 1.84774366 1.84437332 1.84100298
 1.83763266 1.83426234 1.83089203 1.82752173 1.82415143 1.82078114
 1.81741086 1.81404058 1.81067031 1.80730004 1.80392977 1.80055951
 1.79718926 1.793819   1.79044875 1.7870785  1.78370824 1.780338
 1.77696775 1.7735975  1.77022725 1.766857   1.76348674 1.76011649
 1.75674623 1.75337597 1.75000571 1.74663544 1.74326517 1.7398949
 1.73652462 1.73315433 1.72978404 1.72641374 1.72304343 1.71967312
 1.7163028  1.71293247 1.70956213 1.70619179 1.70282143 1.69945106
 1.69608068 1.6927103  1.6893399  1.68596948 1.68259906 1.67922862
 1.67585817 1.67248771 1.66911723 1.66574674 1.66237623 1.6590057
 1.65563517 1.65226461 1.64889404 1.64552345 1.64215284 1.63878221
 1.63541157 1.63204091 1.62867022 1.62529952 1.6219288  1.61855805
 1.61518729 1.6118165  1.60844569 1.60507486 1.601704   1.59833312
 1.59496222 1.59159129 1.58822034 1.58484937 1.58147836 1.57810733
 1.57473628 1.5713652  1.56799409 1.56462295 1.56125178 1.55788059
 1.55450937 1.55113811 1.54776683 1.54439552 1.54102417 1.5376528
 1.53428139 1.53090995 1.52753848 1.52416697 1.52079543 1.51742386
 1.51405225 1.51068061 1.50730893 1.50393722 1.50056547 1.49719369
 1.49382187 1.49045001 1.48707811 1.48370618 1.4803342  1.47696219
 1.47359014 1.47021805 1.46684592 1.46347375 1.46010153 1.45672928
 1.45335698 1.44998464 1.44661226 1.44323984 1.43986737 1.43649486
 1.4331223  1.4297497  1.42637706 1.42300437 1.41963163 1.41625884
 1.41288601 1.40951314 1.40614021 1.40276724 1.39939422 1.39602115
 1.39264803 1.38927486 1.38590164 1.38252837 1.37915505 1.37578168
 1.37240826 1.36903478 1.36566126 1.36228768 1.35891405 1.35554036
 1.35216662 1.34879283 1.34541898 1.34204508 1.33867112 1.3352971
 1.33192303 1.32854891 1.32517472 1.32180048 1.31842618 1.31505182
 1.31167741 1.30830294 1.3049284  1.30155381 1.29817916 1.29480445
 1.29142967 1.28805484 1.28467994 1.28130499 1.27792997 1.27455489
 1.27117974 1.26780454 1.26442927 1.26105393 1.25767854 1.25430307
 1.25092755 1.24755195 1.2441763  1.24080057 1.23742478 1.23404893
 1.23067301 1.22729702 1.22392096 1.22054483 1.21716864 1.21379238
 1.21041605 1.20703965 1.20366318 1.20028665 1.19691004 1.19353336
 1.19015661 1.18677979 1.1834029  1.18002594 1.17664891 1.1732718
 1.16989462 1.16651737 1.16314005 1.15976265 1.15638518 1.15300764
 1.14963002 1.14625233 1.14287456 1.13949672 1.1361188  1.13274081
 1.12936274 1.1259846  1.12260638 1.11922808 1.11584971 1.11247126
 1.10909273 1.10571413 1.10233545 1.09895669 1.09557785 1.09219894
 1.08881995 1.08544087 1.08206172 1.07868249 1.07530319 1.0719238
 1.06854433 1.06516478 1.06178516 1.05840545 1.05502566 1.05164579
 1.04826584 1.04488582 1.04150571 1.03812551 1.03474524 1.03136489
 1.02798445 1.02460394 1.02122334 1.01784266 1.0144619  1.01108105
 1.00770013 1.00431912 1.00093803 0.99755686 0.9941756  0.99079427
 0.98741285 0.98403134 0.98064976 0.97726809 0.97388634 0.97050451
 0.96712259 0.9637406  0.96035851 0.95697635 0.95359411 0.95021178
 0.94682937 0.94344687 0.9400643  0.93668164 0.9332989  0.92991607
 0.92653317 0.92315018 0.91976711 0.91638396 0.91300073 0.90961741
 0.90623402 0.90285054 0.89946698 0.89608334 0.89269962 0.88931582
 0.88593194 0.88254798 0.87916394 0.87577982 0.87239562 0.86901135
 0.86562699 0.86224256 0.85885804 0.85547345 0.85208879 0.84870404
 0.84531922 0.84193433 0.83854936 0.83516431 0.83177919 0.82839399
 0.82500872 0.82162338 0.81823797 0.81485248 0.81146692 0.80808129
 0.80469559 0.80130982 0.79792398 0.79453808 0.7911521  0.78776606
 0.78437995 0.78099378 0.77760755 0.77422125 0.77083488 0.76744846
 0.76406197 0.76067543 0.75728882 0.75390216 0.75051544 0.74712867
 0.74374184 0.74035495 0.73696802 0.73358103 0.73019399 0.7268069
 0.72341977 0.72003259 0.71664537 0.7132581  0.70987079 0.70648344
 0.70309606 0.69970863 0.69632117 0.69293368 0.68954615 0.6861586
 0.68277101 0.6793834  0.67599577 0.67260811 0.66922044 0.66583274
 0.66244503 0.65905731 0.65566958 0.65228183 0.64889408 0.64550633
 0.64211858 0.63873082 0.63534308 0.63195534 0.62856761 0.62517989
 0.62179219 0.61840451 0.61501685 0.61162922 0.60824161 0.60485405
 0.60146651 0.59807902 0.59469158 0.59130418 0.58791684 0.58452955
 0.58114233 0.57775517 0.57436808 0.57098107 0.56759414 0.56420729
 0.56082054 0.55739613 0.55400763 0.55061922 0.5472309  0.54384268
 0.54045456 0.53706654 0.53367865 0.53029087 0.52690323 0.52351572
 0.52012835 0.51674113 0.51335407 0.50996717 0.50658045 0.50319391
 0.49980755 0.4964214  0.49303545 0.48964972 0.48626422 0.48287895
 0.47949394 0.47610917 0.47272468 0.46934047 0.46595655 0.46257294
 0.45918964 0.45580668 0.45242406 0.4490418  0.44565991 0.44227841
 0.43889731 0.43551664 0.4321364  0.42875662 0.42537731 0.42199849
 0.41862019 0.41524241 0.41186519 0.40848855 0.40511251 0.40173708
 0.39836231 0.3949882  0.3916148  0.38824212 0.3848702  0.38149906
 0.37812874 0.37475928 0.37139069 0.36802303 0.36465632 0.36129061
 0.35792594 0.35456234 0.35119987 0.34783857 0.34447848 0.34111966
 0.33776216 0.33440604 0.33105135 0.32769815 0.32434652 0.32099651
 0.31764819 0.31430164 0.31095694 0.30761417 0.30427341 0.30093475
 0.2975983  0.29426414 0.29093239 0.28760315 0.28427654 0.2809527
 0.27763174 0.27431381 0.27099905 0.26768763 0.2643797  0.26107544
 0.25777504 0.2544787  0.25118663 0.24789905 0.2446162  0.24133834
 0.23806574 0.2347987  0.23153751 0.22828253 0.22503411 0.22179264
 0.21855852 0.21533221 0.21211419 0.20890498 0.20570514 0.20251529
 0.19933607 0.19616821 0.19301249 0.18986976 0.18674095 0.18362708
 0.18052926 0.17744871 0.17438678 0.17134496 0.16832489 0.1653284
 0.16235752 0.15941451 0.15650191 0.15362255 0.15077963 0.14797679
 0.14521811 0.14250829 0.13985268 0.13725746 0.13472976 0.13227789
 0.12991156 0.12764227 0.12548364 0.12345203 0.12156723 0.11985347
 0.11834077 0.11706686 0.11607989 0.11544257 0.11523833 0.11558121
 0.11663211 0.11862737 0.12193189 0.12714713]
t =  [1.03170202e+09 1.03170206e+09 1.03170210e+09 1.03170215e+09
 1.03170219e+09 1.03170223e+09 1.03170227e+09 1.03170231e+09
 1.03170236e+09 1.03170240e+09 1.03170244e+09 1.03170248e+09
 1.03170253e+09 1.03170257e+09 1.03170261e+09 1.03170265e+09
 1.03170270e+09 1.03170274e+09 1.03170278e+09 1.03170282e+09
 1.03170287e+09 1.03170291e+09 1.03170295e+09 1.03170299e+09
 1.03170303e+09 1.03170308e+09 1.03170312e+09 1.03170316e+09
 1.03170320e+09 1.03170325e+09 1.03170329e+09 1.03170333e+09
 1.03170337e+09 1.03170342e+09 1.03170346e+09 1.03170350e+09
 1.03170354e+09 1.03170359e+09 1.03170363e+09 1.03170367e+09
 1.03170371e+09 1.03170375e+09 1.03170380e+09 1.03170384e+09
 1.03170388e+09 1.03170392e+09 1.03170397e+09 1.03170401e+09
 1.03170405e+09 1.03170409e+09 1.03170414e+09 1.03170418e+09
 1.03170422e+09 1.03170426e+09 1.03170431e+09 1.03170435e+09
 1.03170439e+09 1.03170443e+09 1.03170448e+09 1.03170452e+09
 1.03170456e+09 1.03170460e+09 1.03170464e+09 1.03170469e+09
 1.03170473e+09 1.03170477e+09 1.03170481e+09 1.03170486e+09
 1.03170490e+09 1.03170494e+09 1.03170498e+09 1.03170503e+09
 1.03170507e+09 1.03170511e+09 1.03170515e+09 1.03170520e+09
 1.03170524e+09 1.03170528e+09 1.03170532e+09 1.03170536e+09
 1.03170541e+09 1.03170545e+09 1.03170549e+09 1.03170553e+09
 1.03170558e+09 1.03170562e+09 1.03170566e+09 1.03170570e+09
 1.03170575e+09 1.03170579e+09 1.03170583e+09 1.03170587e+09
 1.03170592e+09 1.03170596e+09 1.03170600e+09 1.03170604e+09
 1.03170608e+09 1.03170613e+09 1.03170617e+09 1.03170621e+09
 1.03170625e+09 1.03170630e+09 1.03170634e+09 1.03170638e+09
 1.03170642e+09 1.03170647e+09 1.03170651e+09 1.03170655e+09
 1.03170659e+09 1.03170664e+09 1.03170668e+09 1.03170672e+09
 1.03170676e+09 1.03170680e+09 1.03170685e+09 1.03170689e+09
 1.03170693e+09 1.03170697e+09 1.03170702e+09 1.03170706e+09
 1.03170710e+09 1.03170714e+09 1.03170719e+09 1.03170723e+09
 1.03170727e+09 1.03170731e+09 1.03170736e+09 1.03170740e+09
 1.03170744e+09 1.03170748e+09 1.03170753e+09 1.03170757e+09
 1.03170761e+09 1.03170765e+09 1.03170769e+09 1.03170774e+09
 1.03170778e+09 1.03170782e+09 1.03170786e+09 1.03170791e+09
 1.03170795e+09 1.03170799e+09 1.03170803e+09 1.03170808e+09
 1.03170812e+09 1.03170816e+09 1.03170820e+09 1.03170825e+09
 1.03170829e+09 1.03170833e+09 1.03170837e+09 1.03170841e+09
 1.03170846e+09 1.03170850e+09 1.03170854e+09 1.03170858e+09
 1.03170863e+09 1.03170867e+09 1.03170871e+09 1.03170875e+09
 1.03170880e+09 1.03170884e+09 1.03170888e+09 1.03170892e+09
 1.03170897e+09 1.03170901e+09 1.03170905e+09 1.03170909e+09
 1.03170913e+09 1.03170918e+09 1.03170922e+09 1.03170926e+09
 1.03170930e+09 1.03170935e+09 1.03170939e+09 1.03170943e+09
 1.03170947e+09 1.03170952e+09 1.03170956e+09 1.03170960e+09
 1.03170964e+09 1.03170969e+09 1.03170973e+09 1.03170977e+09
 1.03170981e+09 1.03170985e+09 1.03170990e+09 1.03170994e+09
 1.03170998e+09 1.03171002e+09 1.03171007e+09 1.03171011e+09
 1.03171015e+09 1.03171019e+09 1.03171024e+09 1.03171028e+09
 1.03171032e+09 1.03171036e+09 1.03171041e+09 1.03171045e+09
 1.03171049e+09 1.03171053e+09 1.03171058e+09 1.03171062e+09
 1.03171066e+09 1.03171070e+09 1.03171074e+09 1.03171079e+09
 1.03171083e+09 1.03171087e+09 1.03171091e+09 1.03171096e+09
 1.03171100e+09 1.03171104e+09 1.03171108e+09 1.03171113e+09
 1.03171117e+09 1.03171121e+09 1.03171125e+09 1.03171130e+09
 1.03171134e+09 1.03171138e+09 1.03171142e+09 1.03171146e+09
 1.03171151e+09 1.03171155e+09 1.03171159e+09 1.03171163e+09
 1.03171168e+09 1.03171172e+09 1.03171176e+09 1.03171180e+09
 1.03171185e+09 1.03171189e+09 1.03171193e+09 1.03171197e+09
 1.03171202e+09 1.03171206e+09 1.03171210e+09 1.03171214e+09
 1.03171218e+09 1.03171223e+09 1.03171227e+09 1.03171231e+09
 1.03171235e+09 1.03171240e+09 1.03171244e+09 1.03171248e+09
 1.03171252e+09 1.03171257e+09 1.03171261e+09 1.03171265e+09
 1.03171269e+09 1.03171274e+09 1.03171278e+09 1.03171282e+09
 1.03171286e+09 1.03171290e+09 1.03171295e+09 1.03171299e+09
 1.03171303e+09 1.03171307e+09 1.03171312e+09 1.03171316e+09
 1.03171320e+09 1.03171324e+09 1.03171329e+09 1.03171333e+09
 1.03171337e+09 1.03171341e+09 1.03171346e+09 1.03171350e+09
 1.03171354e+09 1.03171358e+09 1.03171363e+09 1.03171367e+09
 1.03171371e+09 1.03171375e+09 1.03171379e+09 1.03171384e+09
 1.03171388e+09 1.03171392e+09 1.03171396e+09 1.03171401e+09
 1.03171405e+09 1.03171409e+09 1.03171413e+09 1.03171418e+09
 1.03171422e+09 1.03171426e+09 1.03171430e+09 1.03171435e+09
 1.03171439e+09 1.03171443e+09 1.03171447e+09 1.03171451e+09
 1.03171456e+09 1.03171460e+09 1.03171464e+09 1.03171468e+09
 1.03171473e+09 1.03171477e+09 1.03171481e+09 1.03171485e+09
 1.03171490e+09 1.03171494e+09 1.03171498e+09 1.03171502e+09
 1.03171507e+09 1.03171511e+09 1.03171515e+09 1.03171519e+09
 1.03171523e+09 1.03171528e+09 1.03171532e+09 1.03171536e+09
 1.03171540e+09 1.03171545e+09 1.03171549e+09 1.03171553e+09
 1.03171557e+09 1.03171562e+09 1.03171566e+09 1.03171570e+09
 1.03171574e+09 1.03171579e+09 1.03171583e+09 1.03171587e+09
 1.03171591e+09 1.03171595e+09 1.03171600e+09 1.03171604e+09
 1.03171608e+09 1.03171612e+09 1.03171617e+09 1.03171621e+09
 1.03171625e+09 1.03171629e+09 1.03171634e+09 1.03171638e+09
 1.03171642e+09 1.03171646e+09 1.03171651e+09 1.03171655e+09
 1.03171659e+09 1.03171663e+09 1.03171668e+09 1.03171672e+09
 1.03171676e+09 1.03171680e+09 1.03171684e+09 1.03171689e+09
 1.03171693e+09 1.03171697e+09 1.03171701e+09 1.03171706e+09
 1.03171710e+09 1.03171714e+09 1.03171718e+09 1.03171723e+09
 1.03171727e+09 1.03171731e+09 1.03171735e+09 1.03171740e+09
 1.03171744e+09 1.03171748e+09 1.03171752e+09 1.03171756e+09
 1.03171761e+09 1.03171765e+09 1.03171769e+09 1.03171773e+09
 1.03171778e+09 1.03171782e+09 1.03171786e+09 1.03171790e+09
 1.03171795e+09 1.03171799e+09 1.03171803e+09 1.03171807e+09
 1.03171812e+09 1.03171816e+09 1.03171820e+09 1.03171824e+09
 1.03171828e+09 1.03171833e+09 1.03171837e+09 1.03171841e+09
 1.03171845e+09 1.03171850e+09 1.03171854e+09 1.03171858e+09
 1.03171862e+09 1.03171867e+09 1.03171871e+09 1.03171875e+09
 1.03171879e+09 1.03171884e+09 1.03171888e+09 1.03171892e+09
 1.03171896e+09 1.03171900e+09 1.03171905e+09 1.03171909e+09
 1.03171913e+09 1.03171917e+09 1.03171922e+09 1.03171926e+09
 1.03171930e+09 1.03171934e+09 1.03171939e+09 1.03171943e+09
 1.03171947e+09 1.03171951e+09 1.03171956e+09 1.03171960e+09
 1.03171964e+09 1.03171968e+09 1.03171973e+09 1.03171977e+09
 1.03171981e+09 1.03171985e+09 1.03171989e+09 1.03171994e+09
 1.03171998e+09 1.03172002e+09 1.03172006e+09 1.03172011e+09
 1.03172015e+09 1.03172019e+09 1.03172023e+09 1.03172028e+09
 1.03172032e+09 1.03172036e+09 1.03172040e+09 1.03172045e+09
 1.03172049e+09 1.03172053e+09 1.03172057e+09 1.03172061e+09
 1.03172066e+09 1.03172070e+09 1.03172074e+09 1.03172078e+09
 1.03172083e+09 1.03172087e+09 1.03172091e+09 1.03172095e+09
 1.03172100e+09 1.03172104e+09 1.03172108e+09 1.03172112e+09
 1.03172117e+09 1.03172121e+09 1.03172125e+09 1.03172129e+09
 1.03172133e+09 1.03172138e+09 1.03172142e+09 1.03172146e+09
 1.03172150e+09 1.03172155e+09 1.03172159e+09 1.03172163e+09
 1.03172167e+09 1.03172172e+09 1.03172176e+09 1.03172180e+09
 1.03172184e+09 1.03172189e+09 1.03172193e+09 1.03172197e+09
 1.03172201e+09 1.03172205e+09 1.03172210e+09 1.03172214e+09
 1.03172218e+09 1.03172222e+09 1.03172227e+09 1.03172231e+09
 1.03172235e+09 1.03172239e+09 1.03172244e+09 1.03172248e+09
 1.03172252e+09 1.03172256e+09 1.03172261e+09 1.03172265e+09
 1.03172269e+09 1.03172273e+09 1.03172278e+09 1.03172282e+09
 1.03172286e+09 1.03172290e+09 1.03172294e+09 1.03172299e+09
 1.03172303e+09 1.03172307e+09 1.03172311e+09 1.03172316e+09
 1.03172320e+09 1.03172324e+09 1.03172328e+09 1.03172333e+09
 1.03172337e+09 1.03172341e+09 1.03172345e+09 1.03172350e+09
 1.03172354e+09 1.03172358e+09 1.03172362e+09 1.03172366e+09
 1.03172371e+09 1.03172375e+09 1.03172379e+09 1.03172383e+09
 1.03172388e+09 1.03172392e+09 1.03172396e+09 1.03172400e+09
 1.03172405e+09 1.03172409e+09 1.03172413e+09 1.03172417e+09
 1.03172422e+09 1.03172426e+09 1.03172430e+09 1.03172434e+09
 1.03172438e+09 1.03172443e+09 1.03172447e+09 1.03172451e+09
 1.03172455e+09 1.03172460e+09 1.03172464e+09 1.03172468e+09
 1.03172472e+09 1.03172477e+09 1.03172481e+09 1.03172485e+09
 1.03172489e+09 1.03172494e+09 1.03172498e+09 1.03172502e+09
 1.03172506e+09 1.03172510e+09 1.03172515e+09 1.03172519e+09
 1.03172523e+09 1.03172527e+09 1.03172532e+09 1.03172536e+09
 1.03172540e+09 1.03172544e+09 1.03172549e+09 1.03172553e+09
 1.03172557e+09 1.03172561e+09 1.03172566e+09 1.03172570e+09
 1.03172574e+09 1.03172578e+09 1.03172583e+09 1.03172587e+09
 1.03172591e+09 1.03172595e+09 1.03172599e+09 1.03172604e+09
 1.03172608e+09 1.03172612e+09 1.03172616e+09 1.03172621e+09
 1.03172625e+09 1.03172629e+09 1.03172633e+09 1.03172638e+09
 1.03172642e+09 1.03172646e+09 1.03172650e+09 1.03172655e+09
 1.03172659e+09 1.03172663e+09 1.03172667e+09 1.03172671e+09
 1.03172676e+09 1.03172680e+09 1.03172684e+09 1.03172688e+09
 1.03172693e+09 1.03172697e+09 1.03172701e+09 1.03172705e+09
 1.03172710e+09 1.03172714e+09 1.03172718e+09 1.03172722e+09
 1.03172727e+09 1.03172731e+09 1.03172735e+09 1.03172739e+09
 1.03172743e+09 1.03172748e+09 1.03172752e+09 1.03172756e+09
 1.03172760e+09 1.03172765e+09 1.03172769e+09 1.03172773e+09
 1.03172777e+09 1.03172782e+09 1.03172786e+09 1.03172790e+09
 1.03172794e+09 1.03172799e+09 1.03172803e+09 1.03172807e+09
 1.03172811e+09 1.03172815e+09 1.03172820e+09 1.03172824e+09
 1.03172828e+09 1.03172832e+09 1.03172837e+09 1.03172841e+09
 1.03172845e+09 1.03172849e+09 1.03172854e+09 1.03172858e+09
 1.03172862e+09 1.03172866e+09 1.03172871e+09 1.03172875e+09
 1.03172879e+09 1.03172883e+09 1.03172888e+09 1.03172892e+09
 1.03172896e+09 1.03172900e+09 1.03172904e+09 1.03172909e+09
 1.03172913e+09 1.03172917e+09 1.03172921e+09 1.03172926e+09
 1.03172930e+09 1.03172934e+09 1.03172938e+09 1.03172943e+09
 1.03172947e+09 1.03172951e+09 1.03172955e+09 1.03172960e+09
 1.03172964e+09 1.03172968e+09 1.03172972e+09 1.03172976e+09
 1.03172981e+09 1.03172985e+09 1.03172989e+09 1.03172993e+09
 1.03172998e+09 1.03173002e+09 1.03173006e+09 1.03173010e+09
 1.03173015e+09 1.03173019e+09 1.03173023e+09 1.03173027e+09
 1.03173032e+09 1.03173036e+09 1.03173040e+09 1.03173044e+09
 1.03173048e+09 1.03173053e+09 1.03173057e+09 1.03173061e+09
 1.03173065e+09 1.03173070e+09 1.03173074e+09 1.03173078e+09
 1.03173082e+09 1.03173087e+09 1.03173091e+09 1.03173095e+09
 1.03173099e+09 1.03173104e+09 1.03173108e+09 1.03173112e+09
 1.03173116e+09 1.03173120e+09 1.03173125e+09 1.03173129e+09
 1.03173133e+09 1.03173137e+09 1.03173142e+09 1.03173146e+09
 1.03173150e+09 1.03173154e+09 1.03173159e+09 1.03173163e+09
 1.03173167e+09 1.03173171e+09 1.03173176e+09 1.03173180e+09
 1.03173184e+09 1.03173188e+09 1.03173193e+09 1.03173197e+09
 1.03173201e+09 1.03173205e+09 1.03173209e+09 1.03173214e+09
 1.03173218e+09 1.03173222e+09 1.03173226e+09 1.03173231e+09
 1.03173235e+09 1.03173239e+09 1.03173243e+09 1.03173248e+09
 1.03173252e+09 1.03173256e+09 1.03173260e+09 1.03173265e+09
 1.03173269e+09 1.03173273e+09 1.03173277e+09 1.03173281e+09
 1.03173286e+09 1.03173290e+09 1.03173294e+09 1.03173298e+09
 1.03173303e+09 1.03173307e+09 1.03173311e+09 1.03173315e+09
 1.03173320e+09 1.03173324e+09 1.03173328e+09 1.03173332e+09
 1.03173337e+09 1.03173341e+09 1.03173345e+09 1.03173349e+09
 1.03173353e+09 1.03173358e+09 1.03173362e+09 1.03173366e+09
 1.03173370e+09 1.03173375e+09 1.03173379e+09 1.03173383e+09
 1.03173387e+09 1.03173392e+09 1.03173396e+09 1.03173400e+09
 1.03173404e+09 1.03173409e+09 1.03173413e+09 1.03173417e+09
 1.03173421e+09 1.03173425e+09 1.03173430e+09 1.03173434e+09
 1.03173438e+09 1.03173442e+09 1.03173447e+09 1.03173451e+09
 1.03173455e+09 1.03173459e+09 1.03173464e+09 1.03173468e+09
 1.03173472e+09 1.03173476e+09 1.03173481e+09 1.03173485e+09
 1.03173489e+09 1.03173493e+09 1.03173498e+09 1.03173502e+09
 1.03173506e+09 1.03173510e+09 1.03173514e+09 1.03173519e+09
 1.03173523e+09 1.03173527e+09 1.03173531e+09 1.03173536e+09
 1.03173540e+09 1.03173544e+09 1.03173548e+09 1.03173553e+09
 1.03173557e+09 1.03173561e+09 1.03173565e+09 1.03173570e+09
 1.03173574e+09 1.03173578e+09 1.03173582e+09 1.03173586e+09
 1.03173591e+09 1.03173595e+09 1.03173599e+09 1.03173603e+09
 1.03173608e+09 1.03173612e+09 1.03173616e+09 1.03173620e+09
 1.03173625e+09 1.03173629e+09 1.03173633e+09 1.03173637e+09
 1.03173642e+09 1.03173646e+09 1.03173650e+09 1.03173654e+09
 1.03173658e+09 1.03173663e+09 1.03173667e+09 1.03173671e+09
 1.03173675e+09 1.03173680e+09 1.03173684e+09 1.03173688e+09
 1.03173692e+09 1.03173697e+09 1.03173701e+09 1.03173705e+09
 1.03173709e+09 1.03173714e+09 1.03173718e+09 1.03173722e+09
 1.03173726e+09 1.03173730e+09 1.03173735e+09 1.03173739e+09
 1.03173743e+09 1.03173747e+09 1.03173752e+09 1.03173756e+09
 1.03173760e+09 1.03173764e+09 1.03173769e+09 1.03173773e+09
 1.03173777e+09 1.03173781e+09 1.03173786e+09 1.03173790e+09
 1.03173794e+09 1.03173798e+09 1.03173803e+09 1.03173807e+09
 1.03173811e+09 1.03173815e+09 1.03173819e+09 1.03173824e+09
 1.03173828e+09 1.03173832e+09 1.03173836e+09 1.03173841e+09
 1.03173845e+09 1.03173849e+09 1.03173853e+09 1.03173858e+09
 1.03173862e+09 1.03173866e+09 1.03173870e+09 1.03173875e+09
 1.03173879e+09 1.03173883e+09 1.03173887e+09 1.03173891e+09
 1.03173896e+09 1.03173900e+09 1.03173904e+09 1.03173908e+09
 1.03173913e+09 1.03173917e+09 1.03173921e+09 1.03173925e+09
 1.03173930e+09 1.03173934e+09 1.03173938e+09 1.03173942e+09
 1.03173947e+09 1.03173951e+09 1.03173955e+09 1.03173959e+09
 1.03173963e+09 1.03173968e+09 1.03173972e+09 1.03173976e+09
 1.03173980e+09 1.03173985e+09 1.03173989e+09 1.03173993e+09
 1.03173997e+09 1.03174002e+09 1.03174006e+09 1.03174010e+09
 1.03174014e+09 1.03174019e+09 1.03174023e+09 1.03174027e+09
 1.03174031e+09 1.03174035e+09 1.03174040e+09 1.03174044e+09
 1.03174048e+09 1.03174052e+09 1.03174057e+09 1.03174061e+09
 1.03174065e+09 1.03174069e+09 1.03174074e+09 1.03174078e+09
 1.03174082e+09 1.03174086e+09 1.03174091e+09 1.03174095e+09
 1.03174099e+09 1.03174103e+09 1.03174108e+09 1.03174112e+09
 1.03174116e+09 1.03174120e+09 1.03174124e+09 1.03174129e+09
 1.03174133e+09 1.03174137e+09 1.03174141e+09 1.03174146e+09
 1.03174150e+09 1.03174154e+09 1.03174158e+09 1.03174163e+09
 1.03174167e+09 1.03174171e+09 1.03174175e+09 1.03174180e+09
 1.03174184e+09 1.03174188e+09 1.03174192e+09 1.03174196e+09
 1.03174201e+09 1.03174205e+09 1.03174209e+09 1.03174213e+09
 1.03174218e+09 1.03174222e+09 1.03174226e+09 1.03174230e+09
 1.03174235e+09 1.03174239e+09 1.03174243e+09 1.03174247e+09
 1.03174252e+09 1.03174256e+09 1.03174260e+09 1.03174264e+09
 1.03174268e+09 1.03174273e+09 1.03174277e+09 1.03174281e+09
 1.03174285e+09 1.03174290e+09 1.03174294e+09 1.03174298e+09
 1.03174302e+09 1.03174307e+09 1.03174311e+09 1.03174315e+09
 1.03174319e+09 1.03174324e+09 1.03174328e+09 1.03174332e+09
 1.03174336e+09 1.03174340e+09 1.03174345e+09 1.03174349e+09
 1.03174353e+09 1.03174357e+09 1.03174362e+09 1.03174366e+09
 1.03174370e+09 1.03174374e+09 1.03174379e+09 1.03174383e+09
 1.03174387e+09 1.03174391e+09 1.03174396e+09 1.03174400e+09
 1.03174404e+09 1.03174408e+09 1.03174413e+09 1.03174417e+09
 1.03174421e+09 1.03174425e+09 1.03174429e+09 1.03174434e+09]
minRes = 0.11523833395982375
minResTime =  [1.03174413e+09]
