name =JUICE_ROI_CAL_5_0_04
flyby =  ['2033 MAR 04 14:44:09', '2033 MAR 05 14:44:09']
Observation TW =  <SpiceCell dtype = 1, length = 0, size = 3400, card = 14, is_set = 1, adjust = 0, init = 1, base = 2554802958352, data = 2554802958400>
Res(t) =  [3.38393958 3.38055828 3.37717701 3.37379578 3.37041458 3.36703342
 3.36365229 3.3602712  3.35689015 3.35350913 3.35012815 3.34674721
 3.3433663  3.33998542 3.33660458 3.33322378 3.32984301 3.32646227
 3.32308158 3.31970091 3.31632029 3.31293969 3.30955914 3.30617861
 3.30279813 3.29941768 3.29603726 3.29265688 3.28927653 3.28589622
 3.28251594 3.2791357  3.27575549 3.27237531 3.26899517 3.26561507
 3.262235   3.25885496 3.25547496 3.25209499 3.24871506 3.24533516
 3.2419553  3.23857547 3.23519567 3.23181591 3.22843618 3.22505649
 3.22167683 3.2182972  3.21491761 3.21153805 3.20815852 3.20477903
 3.20139957 3.19802015 3.19464076 3.1912614  3.18788207 3.18450278
 3.18112353 3.1777443  3.17436511 3.17098595 3.16760683 3.16422774
 3.16084868 3.15746965 3.15409066 3.1507117  3.14733277 3.14395388
 3.14057502 3.13719619 3.13381739 3.13043863 3.1270599  3.1236812
 3.12030253 3.1169239  3.1135453  3.11016673 3.10678819 3.10340969
 3.10003121 3.09665277 3.09327436 3.08989599 3.08651764 3.08313933
 3.07976105 3.0763828  3.07300458 3.06962639 3.06624824 3.06287012
 3.05949203 3.05611397 3.05273594 3.04935794 3.04597997 3.04260204
 3.03922414 3.03584626 3.03246842 3.02909061 3.02571283 3.02233508
 3.01895737 3.01557968 3.01220202 3.0088244  3.0054468  3.00206924
 2.99869171 2.99531421 2.99193673 2.98855929 2.98518188 2.9818045
 2.97842715 2.97504983 2.97167254 2.96829528 2.96491805 2.96154084
 2.95816367 2.95478653 2.95140942 2.94803234 2.94465529 2.94127827
 2.93790128 2.93452431 2.93114738 2.92777048 2.9243936  2.92101676
 2.91763994 2.91426316 2.9108864  2.90750967 2.90413297 2.9007563
 2.89737966 2.89400305 2.89062647 2.88724991 2.88387338 2.88049689
 2.87712042 2.87374398 2.87036757 2.86699118 2.86361483 2.8602385
 2.85686221 2.85348594 2.85010969 2.84673348 2.8433573  2.83998114
 2.83660501 2.83322891 2.82985283 2.82647679 2.82310077 2.81972478
 2.81634882 2.81297288 2.80959697 2.80622109 2.80284524 2.79946941
 2.79609362 2.79271785 2.7893421  2.78596638 2.78259069 2.77921503
 2.7758394  2.77246379 2.7690882  2.76571265 2.76233712 2.75896162
 2.75558614 2.75221069 2.74883527 2.74545987 2.74208451 2.73870916
 2.73533384 2.73195855 2.72858329 2.72520805 2.72183284 2.71845765
 2.71508249 2.71170735 2.70833224 2.70495716 2.7015821  2.69820707
 2.69483206 2.69145708 2.68808212 2.68470719 2.68133229 2.67795741
 2.67458255 2.67120772 2.66783292 2.66445814 2.66108338 2.65770865
 2.65433395 2.65095927 2.64758461 2.64420998 2.64083537 2.63746079
 2.63408623 2.6307117  2.62733719 2.6239627  2.62058824 2.61721381
 2.61383939 2.610465   2.60709064 2.6037163  2.60034198 2.59696769
 2.59359342 2.59021917 2.58684495 2.58347075 2.58009658 2.57672243
 2.5733483  2.56997419 2.56660011 2.56322605 2.55985201 2.556478
 2.55310401 2.54973004 2.5463561  2.54298218 2.53960828 2.5362344
 2.53286055 2.52948672 2.52611291 2.52273912 2.51936536 2.51599162
 2.5126179  2.5092442  2.50587053 2.50249687 2.49912324 2.49574963
 2.49237604 2.48900248 2.48562893 2.48225541 2.47888191 2.47550843
 2.47213497 2.46876154 2.46538812 2.46201473 2.45864135 2.455268
 2.45189467 2.44852136 2.44514807 2.4417748  2.43840155 2.43502832
 2.43165512 2.42828193 2.42490877 2.42153562 2.4181625  2.41478939
 2.41141631 2.40804324 2.4046702  2.40129718 2.39792417 2.39455119
 2.39117822 2.38780528 2.38443235 2.38105945 2.37768656 2.3743137
 2.37094085 2.36756802 2.36419521 2.36082243 2.35744966 2.3540769
 2.35070417 2.34733146 2.34395877 2.34058609 2.33721343 2.3338408
 2.33046818 2.32709558 2.32372299 2.32035043 2.31697788 2.31360536
 2.31023285 2.30686036 2.30348788 2.30011543 2.29674299 2.29337057
 2.28999817 2.28662579 2.28325342 2.27988107 2.27650874 2.27313642
 2.26976413 2.26639185 2.26301959 2.25964734 2.25627511 2.2529029
 2.24953071 2.24615853 2.24278637 2.23941423 2.2360421  2.23266999
 2.22929789 2.22592581 2.22255375 2.21918171 2.21580968 2.21243767
 2.20906567 2.20569369 2.20232172 2.19894977 2.19557784 2.19220592
 2.18883402 2.18546213 2.18209026 2.1787184  2.17534656 2.17197474
 2.16860293 2.16523113 2.16185935 2.15848758 2.15511583 2.1517441
 2.14837238 2.14500067 2.14162898 2.1382573  2.13488564 2.13151399
 2.12814235 2.12477073 2.12139913 2.11802753 2.11465595 2.11128439
 2.10791284 2.1045413  2.10116978 2.09779827 2.09442677 2.09105529
 2.08768382 2.08431236 2.08094092 2.07756949 2.07419807 2.07082667
 2.06745528 2.0640839  2.06071253 2.05734118 2.05396984 2.05059851
 2.04722719 2.04385589 2.0404846  2.03711332 2.03374205 2.0303708
 2.02699955 2.02362832 2.0202571  2.01688589 2.0135147  2.01014351
 2.00677234 2.00340118 2.00003003 1.99665889 1.99328776 1.98991664
 1.98654554 1.98317444 1.97980336 1.97643228 1.97306122 1.96969017
 1.96631912 1.96294809 1.95957707 1.95620606 1.95283506 1.94946407
 1.94609309 1.94272212 1.93935115 1.9359802  1.93260926 1.92923833
 1.92586741 1.92249649 1.91912559 1.91575469 1.91238381 1.90901293
 1.90564206 1.90227121 1.89890036 1.89552951 1.89215868 1.88878786
 1.88541704 1.88204624 1.87867544 1.87530465 1.87193386 1.86856309
 1.86519232 1.86182157 1.85845082 1.85508007 1.85170934 1.84833861
 1.84496789 1.84159718 1.83822647 1.83485577 1.83148508 1.8281144
 1.82474372 1.82137305 1.81800239 1.81463173 1.81126108 1.80789044
 1.8045198  1.80114917 1.79777855 1.79440793 1.79103731 1.78766671
 1.78429611 1.78092551 1.77755492 1.77418434 1.77081376 1.76744319
 1.76407262 1.76070206 1.75733151 1.75396096 1.75059041 1.74721987
 1.74384933 1.7404788  1.73710827 1.73373775 1.73036723 1.72699672
 1.72362621 1.7202557  1.7168852  1.71351471 1.71014421 1.70677372
 1.70340324 1.70003276 1.69666228 1.6932918  1.68992133 1.68655086
 1.6831804  1.67980994 1.67643948 1.67306902 1.66969857 1.66632812
 1.66295767 1.65958723 1.65621678 1.65284634 1.6494759  1.64610547
 1.64273503 1.6393646  1.63599417 1.63262374 1.62925332 1.62588289
 1.62251247 1.61914205 1.61577163 1.61240121 1.60903079 1.60566037
 1.60228996 1.59891954 1.59554913 1.59217871 1.5888083  1.58543788
 1.58206747 1.57869706 1.57532665 1.57195623 1.56858582 1.56521541
 1.561845   1.55847458 1.55510417 1.55173376 1.54836334 1.54499293
 1.54162251 1.53825209 1.53488168 1.53151126 1.52814084 1.52477042
 1.52139999 1.51802957 1.51465914 1.51128872 1.50791829 1.50454785
 1.50117742 1.49780699 1.49443655 1.49106611 1.48769567 1.48432522
 1.48095477 1.47758432 1.47421387 1.47084341 1.46747295 1.46410249
 1.46073203 1.45736156 1.45399109 1.45062061 1.44725013 1.44387965
 1.44050916 1.43713867 1.43376818 1.43039768 1.42702718 1.42365667
 1.42028616 1.41691564 1.41354512 1.4101746  1.40680407 1.40343353
 1.40006299 1.39669244 1.39332189 1.38995134 1.38658078 1.38321021
 1.37983964 1.37646906 1.37309847 1.36972788 1.36635729 1.36298668
 1.35961608 1.35624546 1.35287484 1.34950421 1.34613358 1.34276293
 1.33939228 1.33602163 1.33265097 1.3292803  1.32590962 1.32253893
 1.31916824 1.31579754 1.31242683 1.30905612 1.30568539 1.30231466
 1.29894392 1.29557317 1.29220242 1.28883165 1.28546088 1.28209009
 1.2787193  1.2753485  1.27197769 1.26860687 1.26523605 1.26186521
 1.25849436 1.25512351 1.25175264 1.24838177 1.24501088 1.24163998
 1.23826908 1.23489816 1.23152724 1.2281563  1.22478535 1.2214144
 1.21804343 1.21467245 1.21130146 1.20793046 1.20455945 1.20118842
 1.19781739 1.19444634 1.19107528 1.18770422 1.18433313 1.18096204
 1.17759094 1.17421982 1.17084869 1.16747755 1.16410639 1.16073523
 1.15736405 1.15399286 1.15062165 1.14725044 1.14387921 1.14050796
 1.1371367  1.13376543 1.13039415 1.12702285 1.12365154 1.12028022
 1.11690888 1.11353753 1.11016616 1.10679478 1.10342339 1.10005198
 1.09668056 1.09330912 1.08993767 1.0865662  1.08319472 1.07982322
 1.07645171 1.07308018 1.06970864 1.06633708 1.06296551 1.05959392
 1.05622232 1.0528507  1.04947906 1.04610741 1.04273575 1.03936406
 1.03599236 1.03262065 1.02924892 1.02587717 1.0225054  1.01913362
 1.01576183 1.01239001 1.00901818 1.00564633 1.00227447 0.99890258
 0.99553069 0.99215877 0.98878684 0.98541488 0.98204292 0.97867093
 0.97529893 0.97192691 0.96855487 0.96518281 0.96181073 0.95843864
 0.95506653 0.9516944  0.94832226 0.94495009 0.94157791 0.93820571
 0.93483349 0.93146125 0.92808899 0.92471672 0.92134442 0.91797211
 0.91459978 0.91122743 0.90785506 0.90448267 0.90111026 0.89773784
 0.89436539 0.89099293 0.88762045 0.88424795 0.88087543 0.87750289
 0.87413033 0.87075775 0.86738515 0.86401254 0.8606399  0.85726725
 0.85389457 0.85052188 0.84714917 0.84377643 0.84040368 0.83703091
 0.83365813 0.83028532 0.82691249 0.82353964 0.82016678 0.81679389
 0.81342099 0.81004807 0.80667513 0.80330217 0.79992919 0.79655619
 0.79318317 0.78981014 0.78643709 0.78306401 0.77969092 0.77631782
 0.77294469 0.76957154 0.76619838 0.7628252  0.759452   0.75607879
 0.75270555 0.7493323  0.74595903 0.74258575 0.73921245 0.73583913
 0.73246579 0.72909244 0.72571907 0.72234569 0.71897229 0.71559887
 0.71222544 0.708852   0.70547854 0.70210506 0.69873157 0.69535807
 0.69198455 0.68861102 0.68523748 0.68186392 0.67849036 0.67511678
 0.67174318 0.66836958 0.66499597 0.66162234 0.65824871 0.65487506
 0.65150141 0.64812775 0.64475408 0.6413804  0.63800672 0.63463303
 0.63125933 0.62788563 0.62451192 0.62113821 0.61776449 0.61439077
 0.61101705 0.60764333 0.60426961 0.60089589 0.59752217 0.59414845
 0.59077473 0.58740102 0.58402731 0.58065361 0.57727991 0.57390622
 0.57053254 0.56715887 0.56378521 0.56041156 0.55703792 0.5536643
 0.5502907  0.54691711 0.54354354 0.54016999 0.53679646 0.53342295
 0.53004947 0.52813986 0.52476638 0.52139293 0.51801952 0.51464614
 0.51127279 0.50789948 0.50452622 0.50115299 0.49777982 0.49440668
 0.4910336  0.48766057 0.4842876  0.48091468 0.47754182 0.47416903
 0.4707963  0.46742364 0.46405106 0.46067855 0.45730612 0.45393377
 0.45056151 0.44718934 0.44381726 0.44044528 0.43707341 0.43370164
 0.43032998 0.42695844 0.42358702 0.42021573 0.41684457 0.41347355
 0.41010268 0.40673195 0.40336138 0.39999097 0.39662073 0.39325067
 0.38988079 0.3865111  0.38314161 0.37977233 0.37640327 0.37303443
 0.36966583 0.36629747 0.36292937 0.35956153 0.35619398 0.3528267
 0.34945973 0.34609308 0.34272675 0.33936076 0.33599513 0.33262986
 0.32926499 0.32590051 0.32253646 0.31917285 0.31580969 0.31244701
 0.30908483 0.30572317 0.30236206 0.29900151 0.29564156 0.29228223
 0.28892355 0.28556554 0.28220825 0.2788517  0.27549593 0.27214098
 0.26878688 0.26543367 0.26208141 0.25873012 0.25537987 0.2520307
 0.24868267 0.24533583 0.24199025 0.23864599 0.23530312 0.23196171
 0.22862184 0.22528359 0.22194706 0.21861232 0.21527949 0.21194868
 0.20861999 0.20529354 0.20196948 0.19864794 0.19532907 0.19201304
 0.18870002 0.18539019 0.18208377 0.17878097 0.17548203 0.17218721
 0.16889679 0.16561107 0.16233038 0.15905508 0.15578556 0.15252226
 0.14926564 0.14601622 0.14277457 0.13954132 0.13631715 0.13310283
 0.12989921 0.12670724 0.12352796 0.12036255 0.11721234 0.1140788
 0.11096362 0.10786869 0.10479616 0.10174849 0.0987285  0.09573942
 0.092785   0.08986957 0.08699821 0.08417685 0.08141253 0.07871357
 0.07608998 0.07355379 0.07111966 0.06880559 0.06663393 0.06463276
 0.06283787 0.06129566 0.06006744 0.05923627 0.0589182  0.05928194
 0.06058595 0.06325553 0.06806441 0.07664686]
t =  [1.04683232e+09 1.04683236e+09 1.04683240e+09 1.04683245e+09
 1.04683249e+09 1.04683253e+09 1.04683257e+09 1.04683262e+09
 1.04683266e+09 1.04683270e+09 1.04683275e+09 1.04683279e+09
 1.04683283e+09 1.04683287e+09 1.04683292e+09 1.04683296e+09
 1.04683300e+09 1.04683304e+09 1.04683309e+09 1.04683313e+09
 1.04683317e+09 1.04683321e+09 1.04683326e+09 1.04683330e+09
 1.04683334e+09 1.04683339e+09 1.04683343e+09 1.04683347e+09
 1.04683351e+09 1.04683356e+09 1.04683360e+09 1.04683364e+09
 1.04683368e+09 1.04683373e+09 1.04683377e+09 1.04683381e+09
 1.04683386e+09 1.04683390e+09 1.04683394e+09 1.04683398e+09
 1.04683403e+09 1.04683407e+09 1.04683411e+09 1.04683415e+09
 1.04683420e+09 1.04683424e+09 1.04683428e+09 1.04683432e+09
 1.04683437e+09 1.04683441e+09 1.04683445e+09 1.04683450e+09
 1.04683454e+09 1.04683458e+09 1.04683462e+09 1.04683467e+09
 1.04683471e+09 1.04683475e+09 1.04683479e+09 1.04683484e+09
 1.04683488e+09 1.04683492e+09 1.04683497e+09 1.04683501e+09
 1.04683505e+09 1.04683509e+09 1.04683514e+09 1.04683518e+09
 1.04683522e+09 1.04683526e+09 1.04683531e+09 1.04683535e+09
 1.04683539e+09 1.04683544e+09 1.04683548e+09 1.04683552e+09
 1.04683556e+09 1.04683561e+09 1.04683565e+09 1.04683569e+09
 1.04683573e+09 1.04683578e+09 1.04683582e+09 1.04683586e+09
 1.04683590e+09 1.04683595e+09 1.04683599e+09 1.04683603e+09
 1.04683608e+09 1.04683612e+09 1.04683616e+09 1.04683620e+09
 1.04683625e+09 1.04683629e+09 1.04683633e+09 1.04683637e+09
 1.04683642e+09 1.04683646e+09 1.04683650e+09 1.04683655e+09
 1.04683659e+09 1.04683663e+09 1.04683667e+09 1.04683672e+09
 1.04683676e+09 1.04683680e+09 1.04683684e+09 1.04683689e+09
 1.04683693e+09 1.04683697e+09 1.04683701e+09 1.04683706e+09
 1.04683710e+09 1.04683714e+09 1.04683719e+09 1.04683723e+09
 1.04683727e+09 1.04683731e+09 1.04683736e+09 1.04683740e+09
 1.04683744e+09 1.04683748e+09 1.04683753e+09 1.04683757e+09
 1.04683761e+09 1.04683766e+09 1.04683770e+09 1.04683774e+09
 1.04683778e+09 1.04683783e+09 1.04683787e+09 1.04683791e+09
 1.04683795e+09 1.04683800e+09 1.04683804e+09 1.04683808e+09
 1.04683812e+09 1.04683817e+09 1.04683821e+09 1.04683825e+09
 1.04683830e+09 1.04683834e+09 1.04683838e+09 1.04683842e+09
 1.04683847e+09 1.04683851e+09 1.04683855e+09 1.04683859e+09
 1.04683864e+09 1.04683868e+09 1.04683872e+09 1.04683877e+09
 1.04683881e+09 1.04683885e+09 1.04683889e+09 1.04683894e+09
 1.04683898e+09 1.04683902e+09 1.04683906e+09 1.04683911e+09
 1.04683915e+09 1.04683919e+09 1.04683924e+09 1.04683928e+09
 1.04683932e+09 1.04683936e+09 1.04683941e+09 1.04683945e+09
 1.04683949e+09 1.04683953e+09 1.04683958e+09 1.04683962e+09
 1.04683966e+09 1.04683970e+09 1.04683975e+09 1.04683979e+09
 1.04683983e+09 1.04683988e+09 1.04683992e+09 1.04683996e+09
 1.04684000e+09 1.04684005e+09 1.04684009e+09 1.04684013e+09
 1.04684017e+09 1.04684022e+09 1.04684026e+09 1.04684030e+09
 1.04684035e+09 1.04684039e+09 1.04684043e+09 1.04684047e+09
 1.04684052e+09 1.04684056e+09 1.04684060e+09 1.04684064e+09
 1.04684069e+09 1.04684073e+09 1.04684077e+09 1.04684081e+09
 1.04684086e+09 1.04684090e+09 1.04684094e+09 1.04684099e+09
 1.04684103e+09 1.04684107e+09 1.04684111e+09 1.04684116e+09
 1.04684120e+09 1.04684124e+09 1.04684128e+09 1.04684133e+09
 1.04684137e+09 1.04684141e+09 1.04684146e+09 1.04684150e+09
 1.04684154e+09 1.04684158e+09 1.04684163e+09 1.04684167e+09
 1.04684171e+09 1.04684175e+09 1.04684180e+09 1.04684184e+09
 1.04684188e+09 1.04684193e+09 1.04684197e+09 1.04684201e+09
 1.04684205e+09 1.04684210e+09 1.04684214e+09 1.04684218e+09
 1.04684222e+09 1.04684227e+09 1.04684231e+09 1.04684235e+09
 1.04684239e+09 1.04684244e+09 1.04684248e+09 1.04684252e+09
 1.04684257e+09 1.04684261e+09 1.04684265e+09 1.04684269e+09
 1.04684274e+09 1.04684278e+09 1.04684282e+09 1.04684286e+09
 1.04684291e+09 1.04684295e+09 1.04684299e+09 1.04684304e+09
 1.04684308e+09 1.04684312e+09 1.04684316e+09 1.04684321e+09
 1.04684325e+09 1.04684329e+09 1.04684333e+09 1.04684338e+09
 1.04684342e+09 1.04684346e+09 1.04684350e+09 1.04684355e+09
 1.04684359e+09 1.04684363e+09 1.04684368e+09 1.04684372e+09
 1.04684376e+09 1.04684380e+09 1.04684385e+09 1.04684389e+09
 1.04684393e+09 1.04684397e+09 1.04684402e+09 1.04684406e+09
 1.04684410e+09 1.04684415e+09 1.04684419e+09 1.04684423e+09
 1.04684427e+09 1.04684432e+09 1.04684436e+09 1.04684440e+09
 1.04684444e+09 1.04684449e+09 1.04684453e+09 1.04684457e+09
 1.04684461e+09 1.04684466e+09 1.04684470e+09 1.04684474e+09
 1.04684479e+09 1.04684483e+09 1.04684487e+09 1.04684491e+09
 1.04684496e+09 1.04684500e+09 1.04684504e+09 1.04684508e+09
 1.04684513e+09 1.04684517e+09 1.04684521e+09 1.04684526e+09
 1.04684530e+09 1.04684534e+09 1.04684538e+09 1.04684543e+09
 1.04684547e+09 1.04684551e+09 1.04684555e+09 1.04684560e+09
 1.04684564e+09 1.04684568e+09 1.04684573e+09 1.04684577e+09
 1.04684581e+09 1.04684585e+09 1.04684590e+09 1.04684594e+09
 1.04684598e+09 1.04684602e+09 1.04684607e+09 1.04684611e+09
 1.04684615e+09 1.04684619e+09 1.04684624e+09 1.04684628e+09
 1.04684632e+09 1.04684637e+09 1.04684641e+09 1.04684645e+09
 1.04684649e+09 1.04684654e+09 1.04684658e+09 1.04684662e+09
 1.04684666e+09 1.04684671e+09 1.04684675e+09 1.04684679e+09
 1.04684684e+09 1.04684688e+09 1.04684692e+09 1.04684696e+09
 1.04684701e+09 1.04684705e+09 1.04684709e+09 1.04684713e+09
 1.04684718e+09 1.04684722e+09 1.04684726e+09 1.04684730e+09
 1.04684735e+09 1.04684739e+09 1.04684743e+09 1.04684748e+09
 1.04684752e+09 1.04684756e+09 1.04684760e+09 1.04684765e+09
 1.04684769e+09 1.04684773e+09 1.04684777e+09 1.04684782e+09
 1.04684786e+09 1.04684790e+09 1.04684795e+09 1.04684799e+09
 1.04684803e+09 1.04684807e+09 1.04684812e+09 1.04684816e+09
 1.04684820e+09 1.04684824e+09 1.04684829e+09 1.04684833e+09
 1.04684837e+09 1.04684841e+09 1.04684846e+09 1.04684850e+09
 1.04684854e+09 1.04684859e+09 1.04684863e+09 1.04684867e+09
 1.04684871e+09 1.04684876e+09 1.04684880e+09 1.04684884e+09
 1.04684888e+09 1.04684893e+09 1.04684897e+09 1.04684901e+09
 1.04684906e+09 1.04684910e+09 1.04684914e+09 1.04684918e+09
 1.04684923e+09 1.04684927e+09 1.04684931e+09 1.04684935e+09
 1.04684940e+09 1.04684944e+09 1.04684948e+09 1.04684953e+09
 1.04684957e+09 1.04684961e+09 1.04684965e+09 1.04684970e+09
 1.04684974e+09 1.04684978e+09 1.04684982e+09 1.04684987e+09
 1.04684991e+09 1.04684995e+09 1.04684999e+09 1.04685004e+09
 1.04685008e+09 1.04685012e+09 1.04685017e+09 1.04685021e+09
 1.04685025e+09 1.04685029e+09 1.04685034e+09 1.04685038e+09
 1.04685042e+09 1.04685046e+09 1.04685051e+09 1.04685055e+09
 1.04685059e+09 1.04685064e+09 1.04685068e+09 1.04685072e+09
 1.04685076e+09 1.04685081e+09 1.04685085e+09 1.04685089e+09
 1.04685093e+09 1.04685098e+09 1.04685102e+09 1.04685106e+09
 1.04685110e+09 1.04685115e+09 1.04685119e+09 1.04685123e+09
 1.04685128e+09 1.04685132e+09 1.04685136e+09 1.04685140e+09
 1.04685145e+09 1.04685149e+09 1.04685153e+09 1.04685157e+09
 1.04685162e+09 1.04685166e+09 1.04685170e+09 1.04685175e+09
 1.04685179e+09 1.04685183e+09 1.04685187e+09 1.04685192e+09
 1.04685196e+09 1.04685200e+09 1.04685204e+09 1.04685209e+09
 1.04685213e+09 1.04685217e+09 1.04685222e+09 1.04685226e+09
 1.04685230e+09 1.04685234e+09 1.04685239e+09 1.04685243e+09
 1.04685247e+09 1.04685251e+09 1.04685256e+09 1.04685260e+09
 1.04685264e+09 1.04685268e+09 1.04685273e+09 1.04685277e+09
 1.04685281e+09 1.04685286e+09 1.04685290e+09 1.04685294e+09
 1.04685298e+09 1.04685303e+09 1.04685307e+09 1.04685311e+09
 1.04685315e+09 1.04685320e+09 1.04685324e+09 1.04685328e+09
 1.04685333e+09 1.04685337e+09 1.04685341e+09 1.04685345e+09
 1.04685350e+09 1.04685354e+09 1.04685358e+09 1.04685362e+09
 1.04685367e+09 1.04685371e+09 1.04685375e+09 1.04685379e+09
 1.04685384e+09 1.04685388e+09 1.04685392e+09 1.04685397e+09
 1.04685401e+09 1.04685405e+09 1.04685409e+09 1.04685414e+09
 1.04685418e+09 1.04685422e+09 1.04685426e+09 1.04685431e+09
 1.04685435e+09 1.04685439e+09 1.04685444e+09 1.04685448e+09
 1.04685452e+09 1.04685456e+09 1.04685461e+09 1.04685465e+09
 1.04685469e+09 1.04685473e+09 1.04685478e+09 1.04685482e+09
 1.04685486e+09 1.04685490e+09 1.04685495e+09 1.04685499e+09
 1.04685503e+09 1.04685508e+09 1.04685512e+09 1.04685516e+09
 1.04685520e+09 1.04685525e+09 1.04685529e+09 1.04685533e+09
 1.04685537e+09 1.04685542e+09 1.04685546e+09 1.04685550e+09
 1.04685555e+09 1.04685559e+09 1.04685563e+09 1.04685567e+09
 1.04685572e+09 1.04685576e+09 1.04685580e+09 1.04685584e+09
 1.04685589e+09 1.04685593e+09 1.04685597e+09 1.04685602e+09
 1.04685606e+09 1.04685610e+09 1.04685614e+09 1.04685619e+09
 1.04685623e+09 1.04685627e+09 1.04685631e+09 1.04685636e+09
 1.04685640e+09 1.04685644e+09 1.04685648e+09 1.04685653e+09
 1.04685657e+09 1.04685661e+09 1.04685666e+09 1.04685670e+09
 1.04685674e+09 1.04685678e+09 1.04685683e+09 1.04685687e+09
 1.04685691e+09 1.04685695e+09 1.04685700e+09 1.04685704e+09
 1.04685708e+09 1.04685713e+09 1.04685717e+09 1.04685721e+09
 1.04685725e+09 1.04685730e+09 1.04685734e+09 1.04685738e+09
 1.04685742e+09 1.04685747e+09 1.04685751e+09 1.04685755e+09
 1.04685759e+09 1.04685764e+09 1.04685768e+09 1.04685772e+09
 1.04685777e+09 1.04685781e+09 1.04685785e+09 1.04685789e+09
 1.04685794e+09 1.04685798e+09 1.04685802e+09 1.04685806e+09
 1.04685811e+09 1.04685815e+09 1.04685819e+09 1.04685824e+09
 1.04685828e+09 1.04685832e+09 1.04685836e+09 1.04685841e+09
 1.04685845e+09 1.04685849e+09 1.04685853e+09 1.04685858e+09
 1.04685862e+09 1.04685866e+09 1.04685870e+09 1.04685875e+09
 1.04685879e+09 1.04685883e+09 1.04685888e+09 1.04685892e+09
 1.04685896e+09 1.04685900e+09 1.04685905e+09 1.04685909e+09
 1.04685913e+09 1.04685917e+09 1.04685922e+09 1.04685926e+09
 1.04685930e+09 1.04685935e+09 1.04685939e+09 1.04685943e+09
 1.04685947e+09 1.04685952e+09 1.04685956e+09 1.04685960e+09
 1.04685964e+09 1.04685969e+09 1.04685973e+09 1.04685977e+09
 1.04685982e+09 1.04685986e+09 1.04685990e+09 1.04685994e+09
 1.04685999e+09 1.04686003e+09 1.04686007e+09 1.04686011e+09
 1.04686016e+09 1.04686020e+09 1.04686024e+09 1.04686028e+09
 1.04686033e+09 1.04686037e+09 1.04686041e+09 1.04686046e+09
 1.04686050e+09 1.04686054e+09 1.04686058e+09 1.04686063e+09
 1.04686067e+09 1.04686071e+09 1.04686075e+09 1.04686080e+09
 1.04686084e+09 1.04686088e+09 1.04686093e+09 1.04686097e+09
 1.04686101e+09 1.04686105e+09 1.04686110e+09 1.04686114e+09
 1.04686118e+09 1.04686122e+09 1.04686127e+09 1.04686131e+09
 1.04686135e+09 1.04686139e+09 1.04686144e+09 1.04686148e+09
 1.04686152e+09 1.04686157e+09 1.04686161e+09 1.04686165e+09
 1.04686169e+09 1.04686174e+09 1.04686178e+09 1.04686182e+09
 1.04686186e+09 1.04686191e+09 1.04686195e+09 1.04686199e+09
 1.04686204e+09 1.04686208e+09 1.04686212e+09 1.04686216e+09
 1.04686221e+09 1.04686225e+09 1.04686229e+09 1.04686233e+09
 1.04686238e+09 1.04686242e+09 1.04686246e+09 1.04686251e+09
 1.04686255e+09 1.04686259e+09 1.04686263e+09 1.04686268e+09
 1.04686272e+09 1.04686276e+09 1.04686280e+09 1.04686285e+09
 1.04686289e+09 1.04686293e+09 1.04686297e+09 1.04686302e+09
 1.04686306e+09 1.04686310e+09 1.04686315e+09 1.04686319e+09
 1.04686323e+09 1.04686327e+09 1.04686332e+09 1.04686336e+09
 1.04686340e+09 1.04686344e+09 1.04686349e+09 1.04686353e+09
 1.04686357e+09 1.04686362e+09 1.04686366e+09 1.04686370e+09
 1.04686374e+09 1.04686379e+09 1.04686383e+09 1.04686387e+09
 1.04686391e+09 1.04686396e+09 1.04686400e+09 1.04686404e+09
 1.04686408e+09 1.04686413e+09 1.04686417e+09 1.04686421e+09
 1.04686426e+09 1.04686430e+09 1.04686434e+09 1.04686438e+09
 1.04686443e+09 1.04686447e+09 1.04686451e+09 1.04686455e+09
 1.04686460e+09 1.04686464e+09 1.04686468e+09 1.04686473e+09
 1.04686477e+09 1.04686481e+09 1.04686485e+09 1.04686490e+09
 1.04686494e+09 1.04686498e+09 1.04686502e+09 1.04686507e+09
 1.04686511e+09 1.04686515e+09 1.04686519e+09 1.04686524e+09
 1.04686528e+09 1.04686532e+09 1.04686537e+09 1.04686541e+09
 1.04686545e+09 1.04686549e+09 1.04686554e+09 1.04686558e+09
 1.04686562e+09 1.04686566e+09 1.04686571e+09 1.04686575e+09
 1.04686579e+09 1.04686584e+09 1.04686588e+09 1.04686592e+09
 1.04686596e+09 1.04686601e+09 1.04686605e+09 1.04686609e+09
 1.04686613e+09 1.04686618e+09 1.04686622e+09 1.04686626e+09
 1.04686631e+09 1.04686635e+09 1.04686639e+09 1.04686643e+09
 1.04686648e+09 1.04686652e+09 1.04686656e+09 1.04686660e+09
 1.04686665e+09 1.04686669e+09 1.04686673e+09 1.04686677e+09
 1.04686682e+09 1.04686686e+09 1.04686690e+09 1.04686695e+09
 1.04686699e+09 1.04686703e+09 1.04686707e+09 1.04686712e+09
 1.04686716e+09 1.04686720e+09 1.04686724e+09 1.04686729e+09
 1.04686733e+09 1.04686737e+09 1.04686742e+09 1.04686746e+09
 1.04686750e+09 1.04686754e+09 1.04686759e+09 1.04686763e+09
 1.04686767e+09 1.04686771e+09 1.04686776e+09 1.04686780e+09
 1.04686784e+09 1.04686788e+09 1.04686793e+09 1.04686797e+09
 1.04686801e+09 1.04686806e+09 1.04686810e+09 1.04686814e+09
 1.04686818e+09 1.04686823e+09 1.04686827e+09 1.04686831e+09
 1.04686835e+09 1.04686840e+09 1.04686844e+09 1.04686848e+09
 1.04686853e+09 1.04686857e+09 1.04686861e+09 1.04686865e+09
 1.04686870e+09 1.04686874e+09 1.04686878e+09 1.04686882e+09
 1.04686887e+09 1.04686891e+09 1.04686895e+09 1.04686899e+09
 1.04686904e+09 1.04686908e+09 1.04686912e+09 1.04686917e+09
 1.04686921e+09 1.04686925e+09 1.04686929e+09 1.04686934e+09
 1.04686938e+09 1.04686942e+09 1.04686946e+09 1.04686951e+09
 1.04686955e+09 1.04686959e+09 1.04686964e+09 1.04686968e+09
 1.04686972e+09 1.04686976e+09 1.04686981e+09 1.04686985e+09
 1.04686989e+09 1.04686993e+09 1.04686998e+09 1.04687002e+09
 1.04687006e+09 1.04687011e+09 1.04687015e+09 1.04687019e+09
 1.04687023e+09 1.04687028e+09 1.04687032e+09 1.04687036e+09
 1.04687040e+09 1.04687045e+09 1.04687049e+09 1.04687053e+09
 1.04687057e+09 1.04687062e+09 1.04687066e+09 1.04687070e+09
 1.04687075e+09 1.04687079e+09 1.04687083e+09 1.04687087e+09
 1.04687092e+09 1.04687096e+09 1.04687100e+09 1.04687104e+09
 1.04687109e+09 1.04687113e+09 1.04687117e+09 1.04687122e+09
 1.04687126e+09 1.04687130e+09 1.04687134e+09 1.04687139e+09
 1.04687143e+09 1.04687147e+09 1.04687151e+09 1.04687156e+09
 1.04687160e+09 1.04687164e+09 1.04687168e+09 1.04687173e+09
 1.04687177e+09 1.04687181e+09 1.04687186e+09 1.04687190e+09
 1.04687194e+09 1.04687198e+09 1.04687203e+09 1.04687207e+09
 1.04687211e+09 1.04687215e+09 1.04687220e+09 1.04687224e+09
 1.04687228e+09 1.04687233e+09 1.04687237e+09 1.04687241e+09
 1.04687245e+09 1.04687250e+09 1.04687254e+09 1.04687258e+09
 1.04687262e+09 1.04687267e+09 1.04687271e+09 1.04687275e+09
 1.04687280e+09 1.04687284e+09 1.04687288e+09 1.04687292e+09
 1.04687297e+09 1.04687301e+09 1.04687305e+09 1.04687309e+09
 1.04687314e+09 1.04687318e+09 1.04687322e+09 1.04687326e+09
 1.04687331e+09 1.04687335e+09 1.04687339e+09 1.04687344e+09
 1.04687348e+09 1.04687352e+09 1.04687356e+09 1.04687361e+09
 1.04687365e+09 1.04687369e+09 1.04687373e+09 1.04687378e+09
 1.04687382e+09 1.04687386e+09 1.04687391e+09 1.04687395e+09
 1.04687399e+09 1.04687403e+09 1.04687408e+09 1.04687412e+09
 1.04687416e+09 1.04687420e+09 1.04687425e+09 1.04687429e+09
 1.04687433e+09 1.04687437e+09 1.04687442e+09 1.04687446e+09
 1.04687450e+09 1.04687455e+09 1.04687459e+09 1.04687463e+09
 1.04687467e+09 1.04687472e+09 1.04687476e+09 1.04687480e+09
 1.04687484e+09 1.04687489e+09 1.04687493e+09 1.04687497e+09]
minRes = 0.05891820322959372
minResTime =  [1.04687476e+09]
