name =JUICE_ROI_CAL_J_01
flyby =  ['2033 APR 06 23:29:30', '2033 APR 07 23:29:30']
Observation TW =  <SpiceCell dtype = 1, length = 0, size = 4200, card = 22, is_set = 1, adjust = 0, init = 1, base = 3143837095872, data = 3143837095920>
Cov(t) =  [3030693.21576808 3018986.69554628 3007303.7257584  2995644.33829608
 2984008.56498127 2972396.43756517 2960807.98945146 2949243.24879467
 2937702.24885527 2926185.02109102 2914691.59688367 2903222.00753787
 2891776.28427898 2880354.45825253 2868956.56052556 2857582.62208368
 2846232.67383008 2834906.74658435 2823604.87276293 2812327.07964824
 2801073.39948759 2789843.86275509 2778638.49983571 2767457.34102406
 2756300.4165233  2745167.75644399 2734059.39080293 2722975.34952198
 2711915.66242693 2700880.35924629 2689869.47124833 2678883.02468352
 2667921.05062334 2656983.57839546 2646070.63722434 2635182.25623006
 2624318.46442706 2613479.290723   2602664.76391746 2591874.91270076
 2581109.76565273 2570369.35124145 2559653.69941621 2548962.83522586
 2538296.78839365 2527655.58692829 2517039.25872045 2506447.83154155
 2495881.3330425  2485339.79075237 2474823.23207717 2464331.68429849
 2453865.17457228 2443423.72992753 2433007.3788145  2422616.14490144
 2412250.0563819  2401909.13976395 2391593.42142208 2381302.92759597
 2371037.68438912 2360797.71776752 2350583.05355831 2340393.71744839
 2330229.73497917 2320091.13155004 2309977.93392372 2299890.16420043
 2289827.84885422 2279791.01270272 2269779.68041386 2259793.87650458
 2249833.62533939 2239898.95112899 2229989.87792892 2220106.42963812
 2210248.62999756 2200416.50258881 2190610.07229133 2180829.35944253
 2171074.38859987 2161345.18269332 2151641.76448634 2141964.15657453
 2132312.38138422 2122686.46117094 2113086.41801809 2103512.27383543
 2093964.05035769 2084441.76914307 2074945.45298434 2065475.12025353
 2056030.79338702 2046612.49322251 2037220.24041395 2027854.05543006
 2018513.95855286 2009199.96987623 1999912.10930438 1990650.39655047
 1981414.85113503 1972205.49238461 1963022.34079598 1953865.4125676
 1944734.72780468 1935630.30504274 1926552.16261584 1917500.31865511
 1908474.79108727 1899475.59763307 1890502.75580589 1881556.28291022
 1872636.19604014 1863742.51340055 1854875.24901097 1846034.42065185
 1837220.04455754 1828432.13674638 1819670.71301882 1810935.78895447
 1802227.37991067 1793545.50102096 1784890.16719357 1776261.39310997
 1767659.19322332 1759083.5830323  1750534.57397449 1742012.1810885
 1733516.41789942 1725047.29769659 1716604.83353212 1708189.03821937
 1699799.92433149 1691437.5041999  1683101.78991285 1674792.7933139
 1666510.52600045 1658255.00054985 1650026.22560355 1641824.21324317
 1633648.97406669 1625500.51841854 1617378.85638815 1609283.99780847
 1601215.95225453 1593174.72904195 1585160.33722553 1577172.78559775
 1569212.08268737 1561278.23793762 1553371.25698207 1545491.14873329
 1537637.92065064 1529811.57992262 1522012.13346533 1514239.58792118
 1506493.94965738 1498775.22476458 1491083.41905548 1483418.53806342
 1475780.58704097 1468169.57209022 1460585.4956309  1453028.36320075
 1445498.17891562 1437994.94660383 1430518.66980473 1423069.35176722
 1415646.9954469  1408251.60350788 1400883.17832054 1393541.72195974
 1386227.23620355 1378939.72361537 1371679.18320494 1364445.61693968
 1357239.02539766 1350059.40885378 1342906.76727855 1335781.10033687
 1328682.40738678 1321610.68747825 1314565.93935197 1307548.1614382
 1300557.35185555 1293593.50944504 1286656.62962408 1279746.71060861
 1272863.74925914 1266007.74211877 1259178.68541218 1252376.57504443
 1245601.40659995 1238853.17534144 1232131.87620881 1225437.50381818
 1218770.05246077 1212129.51708902 1205515.88936331 1198929.16358535
 1192369.33273697 1185836.38947021 1179330.32610639 1172851.13463521
 1166398.80671378 1159973.33366578 1153574.70648061 1147202.91581244
 1140857.95197948 1134539.80590211 1128248.46534414 1121983.92056008
 1115746.16051613 1109535.17383803 1103350.94881076 1097193.47337781
 1091062.73514051 1084958.72135737 1078881.41894341 1072830.8144696
 1066806.89416221 1060809.6447935  1054839.05011217 1048895.09620232
 1042977.76790593 1037087.04971767 1031222.9257844  1025385.37990474
 1019574.39552866 1013789.9557571  1008032.04334158 1002300.64068389
  996595.73068346  990917.29334226  985265.31086274  979639.76424478
  974040.63413722  968467.90083766  962921.54429228  957401.54409573
  951907.87949104  946440.5293695   940999.47227065  935584.68638226
  930196.15034096  924833.84002588  919497.73337416  914187.80716687
  908904.03783365  903646.4014529   898414.87375189  893209.43010709
  888030.04554436  882876.69474178  877749.3520276   872647.99137784
  867572.58717319  862523.11117952  857499.53708398  852501.83746785
  847529.98456493  842583.95026208  837663.70609982  832769.22327295
  827900.47263124  823057.42468005  818240.04958116  813448.31715345
  808682.19758176  803941.658582    799226.66966128  794537.19927558
  789873.21554243  785234.68624195  780621.57881791  776033.86037878
  771471.49769888  766934.45721953  762422.7050503   757936.20697021
  753474.92909166  749038.83520762  744627.89077983  740242.0602786
  735881.30785063  731545.59732049  727234.89219222  722949.15565091
  718688.35056432  714452.43948465  710241.38465019  706055.14798715
  701893.69172948  697756.97594512  693644.96225688  689557.61136128
  685494.88365063  681456.73921808  677443.13785918  673454.03907347
  669489.40206658  665549.18575259  661633.34875627  657741.84941549
  653874.64635781  650031.69620257  646212.95701937  642418.38602303
  638647.94015404  634901.5760812   631179.2502043   627480.91865699
  623806.53730949  620156.06177153  616529.44739526  612926.6492782
  609347.6227976   605792.32148479  602260.70022668  598752.7131332
  595268.31407533  591807.4566884   588370.09437549  584956.18031076
  581565.66744296  578198.50849893  574854.65598715  571534.06220137
  568236.67971371  564962.45941729  561711.35347681  558483.31336442
  555278.29035646  552096.23553741  548937.09980389  545800.83386875
  542687.38826515  539596.71335076  536528.75931254  533483.47662428
  530460.81423562  527460.72230002  524483.15036178  521528.04781583
  518595.36391232  515685.04776119  512797.04833685  509931.3144829
  507087.79491693  504266.43823532  501467.19291816  498690.00774615
  495934.83015435  493201.60871906  490490.29150504  487800.826486
  485133.16154975  482487.2445035   479863.02307917  477260.44493869
  474679.4576795   472120.00883994  469582.04590481  467065.5166841
  464570.36782261  462096.54705443  459644.00170622  457212.67907939
  454802.5264559   452413.49110411  450045.52028466  447698.56125646
  445372.56128263  443067.46763656  440783.22760798  438519.78884467
  436277.09801321  434055.10282792  431853.75070551  429672.98910451
  427512.76553858  425373.02758595  423253.72289146  421154.79917296
  419076.20422781  417017.88593931  414979.79228333  412961.87163384
  410964.07157037  408986.34068789  407028.62739831  405090.88023918
  403173.04788041  401275.07913105  399396.922946    397538.52843283
  395699.84485859  393880.82165663  392081.40843348  390301.55523934
  388541.21151752  386800.32770191  385078.85416061  383376.74146944
  381693.94041886  380030.40202097  378386.07751647  376760.91838162
  375154.87633527  373567.90334584  371999.9516383   370450.97393053
  368920.92252024  367409.75067627  365917.41171992  364443.8592641
  362989.04722028  361552.9298055   360135.46154936  358736.59729966
  357356.29222511  355994.50183374  354651.18197502  353326.28904182
  352019.77919065  350731.60953259  349461.73734804  348210.12029222
  346976.71640203  345761.48410274  344564.3822148   343385.36996049
  342224.4069706   341081.45329109  339956.46938963  338849.41632575
  337760.25510044  336688.94765197  335635.45620003  334599.74341838
  333581.77244112  332581.506869    331598.9107756   330633.94871349
  329686.58572033  328756.7873249   327844.51968764  326949.74906569
  326072.44263395  325212.56794477  324370.09307081  323544.9866107
  322737.21769457  321946.75598955  321173.57170517  320417.63559866
  319678.91898026  318957.39371829  318253.03234794  317565.80765911
  316895.6933308   316242.66351373  315606.6929412   314987.75693377
  314385.83140375  313800.89285965  313232.91841047  312681.88576999
  312147.77326085  311630.5598186   311130.22506886  310646.7490356
  310180.11259193  309730.29716311  309297.28480582  308881.05821153
  308481.60070975  308098.89627119  307732.92951077  307383.68569051
  307051.15072239  306735.31117096  306436.15429923  306153.66789535
  305887.84054228  305638.66143921  305406.12044952  305190.20810259
  304990.9155957   304808.2347957   304642.15824052  304492.67914067
  304359.79138046  304243.48951924  304143.76880603  304060.62512348
  303994.05507779  303944.05593746  303910.62564994  303893.76284195
  303893.46681945  303909.73756928  303942.57576465  303991.98275844
  304057.96058222  304140.51194586  304239.64022119  304355.34950285
  304487.64451902  304636.53068718  304802.01409956  304984.10152205
  305182.80039293  305398.11882149  305630.06558652  305878.65013469
  306143.88257874  306425.77369558  306724.33487857  307039.57831574
  307371.51672063  307720.16350532  308085.53273468  308467.63912369
  308866.49803464  309282.1254743   309714.53809084  310163.75317072
  310629.78863544  311112.66303817  311612.39548458  312129.00592946
  312662.51472647  313212.94291952  313780.31216567  314364.64473107
  314965.9634869   315584.29190505  316219.65405384  316872.07459356
  317541.57877194  318228.1924195   318931.94183874  319652.85422116
  320390.95701342  321146.27832907  321918.84683994  322708.69177093
  323515.84289478  324340.33052676  325182.1855192   326041.43925604
  326918.12364728  327812.2711233   328723.91449184  329653.08747674
  330599.8239002   331564.15821649  332546.12537116  333545.76079499
  334563.10039791  335598.18056286  336651.03813955  337721.71043826
  338810.23522347  339916.65054143  341040.99537552  342183.3086511
  343343.6298855   344521.99901799  345718.45640324  346933.04280466
  348165.79938777  349416.76771349  350685.98973143  351973.50777311
  353279.3645452   354603.60292408  355946.2667407   357307.39959029
  358687.04561167  360085.24928471  361502.05542456  362937.50917209
  364391.65598777  365864.54164502  367356.21222324  368866.71410081
  370396.09394809  371944.39848841  373511.6754163   375097.97200682
  376703.33602819  378327.81550555  379971.45871395  381634.3141714
  383316.43063178  385017.8570779   386738.64271455  388478.83696142
  390238.48944625  392017.64973135  393816.36836959  395634.6953075
  397472.68093544  399330.37581716  401207.83068296  403105.09642281
  405022.22407956  406959.26484209  408916.27003858  410893.29112976
  412890.37970216  414907.58715947  416944.96592068  419002.56761072
  421080.4442527   423178.64796232  425297.23094141  427436.24547134
  429595.74390657  431775.77866826  433976.4022378   436197.6671505
  438439.62598922  440702.33103958  442985.83563478  445290.19212741
  447615.45322818  449961.67166435  452328.90017365  454717.19149827
  457126.59837884  459557.17354847  462008.96972691  464482.03961465
  466976.43588711  469492.21081261  472029.41774866  474588.10888804
  477168.33674887  479770.15379588  482393.61243494  485038.76500756
  487705.66378551  490394.36096544  493104.90866355  495837.3589104
  498591.7636456   501368.17429667  504166.64343167  506987.22227483
  509829.9623512   512694.91506971  515582.1317183   518491.66345914
  521423.56132382  524377.87620862  527354.65886984  530353.95991924
  533375.82981939  536420.31842413  539487.47679123  542577.3544573
  545690.00124391  548825.46680152  551983.80060526  555165.05195075
  558369.26994998  561596.50352726  564846.8014152   568120.21215076
  571416.78357861  574736.56481476  578079.60329678  581445.94674058
  584835.6426475   588248.73830062  591685.28076128  595145.31686548
  598628.89322046  602136.05620129  605666.85194752  609221.32635988
  612799.52456227  616401.49303396  620027.27640877  623676.91960017
  627350.46726711  631047.96381139  634769.45337773  638514.97984476
  642284.58682387  646078.31765746  649896.21541625  653738.3228966
  657604.68204025  661495.33623881  665410.32687605  669349.69562534
  673313.48387313  677301.73271662  681314.48296146  685351.77511946
  689413.64940642  693500.14573993  697611.30373731  701747.16271349
  705907.76105752  710093.13871302  714303.33345811  718538.38337866
  722798.32624855  727083.19952795  731393.04036157  735727.88557696
  740087.77168287  744472.73486768  748882.81099782  753318.03561625
  757778.44327481  762264.07019391  766774.95027509  771311.11775328
  775872.60653311  780459.45018756  785071.68195684  789709.33474713
  794372.44112955  799061.03333898  803775.14327926  808514.80252127
  813280.04157343  818070.89273458  822887.38583494  827729.55107038
  832597.41829378  837491.01701426  842410.37639643  847355.52525972
  852326.49207771  857323.3049775   862345.99173913  867394.57979502
  872469.09547176  877569.56701667  882696.02006256  887848.48064666
  893026.9744564   898231.52682904  903462.16275138  908718.9068595
  914001.78343851  919310.81642232  924646.02939351  930007.44558316
  935395.08706633  940808.97797568  946249.13968675  951715.5940238
  957208.36245933  962727.4661141   968272.92575723  973844.76180625
  979442.99432725  985067.64303501  990718.72729318  996396.26611445
 1002100.27730931 1007830.78088841 1013587.79396648 1019371.33416991
 1025181.41876581 1031018.06466677 1036881.28843626 1042771.106289
 1048687.53409142 1054630.58736207 1060600.2812721  1066596.62975069
 1072619.64906192 1078669.35244669 1084745.75369173 1090848.86623909
 1096978.7031867  1103135.27728906 1109318.60095783 1115528.68626254
 1121765.54493125 1128029.1883513  1134319.62757003 1140636.87235259
 1146980.9349504  1153351.82445645 1159749.55056574 1166174.12263723
 1172625.54969465 1179103.84042741 1185609.00319141 1192141.04600999
 1198699.97657484 1205285.80224689 1211898.53005732 1218538.16571752
 1225204.71757981 1231898.19070489 1238618.59081452 1245365.92330563
 1252140.19325133 1258941.40540199 1265769.56418628 1272624.67371223
 1279506.73776837 1286415.75982474 1293351.74303478 1300314.68921005
 1307304.60295169 1314321.48543188 1321365.33854477 1328436.16387269
 1335533.96268731 1342658.73595077 1349810.48431695 1356989.20813267
 1364194.9074389  1371427.58197201 1378687.23116502 1385973.85306156
 1393287.44866233 1400628.01541458 1407995.55155064 1415390.05500584
 1422811.52341989 1430259.95413813 1437735.34421293 1445237.69040496
 1452766.98918455 1460323.23673307 1467906.42894421 1475516.56028995
 1483153.62835981 1490817.62706135 1498508.55115146 1506226.39510632
 1513971.15312272 1521742.81911953 1529541.38673908 1537366.84934858
 1545219.20004153 1553098.43163913 1561004.53669177 1568937.50629683
 1576897.33483039 1584884.01285931 1592897.53186492 1600937.88306489
 1609005.05741471 1617099.04560909 1625219.83808378 1633367.42502461
 1641541.79635671 1649742.94174644 1657970.85060654 1666225.5108662
 1674506.91389433 1682815.04712425 1691149.89896907 1699511.45759563
 1707899.71092605 1716314.64663919 1724756.25217208 1733224.51472149
 1741719.42124536 1750240.95846431 1758789.11286311 1767363.86941305
 1775965.21668602 1784593.13919304 1793247.62249046 1801928.65190625
 1810636.21254146 1819370.2892718  1828130.86674906 1836917.92940264
 1845731.46144104 1854571.44685335 1863437.86941073 1872330.71134147
 1881249.95863444 1890195.59309349 1899167.59763308 1908165.95495724
 1917190.64756102 1926241.65773205 1935318.96755193 1944422.55889781
 1953552.41344383 1962708.51266262 1971890.83645719 1981099.36863684
 1990334.08871289 1999594.97736673 2008882.01508556 2018195.1821612
 2027534.45869563 2036899.82460274 2046291.25960824 2055708.74325115
 2065152.25488524 2074621.77368049 2084117.27720834 2093638.74710417
 2103186.16058299 2112759.49609419 2122358.73191064 2131983.84613012
 2141634.81667675 2151311.62130246 2161014.23758835 2170742.64294621
 2180496.81461985 2190276.72968661 2200082.36359632 2209913.69601845
 2219770.70208071 2229653.3582085  2239561.64066774 2249495.52556626
 2259454.98885523 2269440.00633056 2279450.55363419 2289486.6062556
 2299548.1395331  2309635.12865522 2319747.54715403 2329885.37293499
 2340048.57924123 2350237.14067587 2360451.03169903 2370690.22662922
 2380954.6996447  2391244.42478475 2401559.37595108 2411899.52690911
 2422264.85128932 2432655.32258856 2443070.91261809 2453511.59770632
 2463977.34940244 2474468.14068163 2484983.94439211 2495524.73325643
 2506090.47987281 2516681.15671636 2527296.7361404  2537937.19037774
 2548602.49154195 2559292.61162859 2570007.52091881 2580747.1943678
 2591511.6020307  2602300.71544375 2613114.50603145 2623952.9451078
 2634816.00387757 2645703.65343745 2656615.86477733 2667552.60878149
 2678513.85622982 2689499.57779897 2700509.74242193 2711544.3238523
 2722603.29082625 2733686.61361955 2744794.26241067 2755926.207282
 2767082.41822096 2778262.8651212  2789467.51778368 2800696.34591792
 2811949.31914303 2823226.40698893 2834527.57721242 2845852.8025348
 2857202.05054361 2868575.29042309 2879972.49127384 2891393.62211394
 2902838.65187997 2914307.54942822 2925800.28353568 2937316.82290112
 2948857.13614622 2960421.19181661 2972008.95665521 2983620.40251054
 2995255.49598223 3006914.20532222 3018596.49871166 3030302.3442619 ]
t =  [1.04975784e+09 1.04975784e+09 1.04975784e+09 1.04975784e+09
 1.04975784e+09 1.04975784e+09 1.04975784e+09 1.04975785e+09
 1.04975785e+09 1.04975785e+09 1.04975785e+09 1.04975785e+09
 1.04975785e+09 1.04975785e+09 1.04975785e+09 1.04975785e+09
 1.04975785e+09 1.04975785e+09 1.04975785e+09 1.04975786e+09
 1.04975786e+09 1.04975786e+09 1.04975786e+09 1.04975786e+09
 1.04975786e+09 1.04975786e+09 1.04975786e+09 1.04975786e+09
 1.04975786e+09 1.04975786e+09 1.04975786e+09 1.04975786e+09
 1.04975787e+09 1.04975787e+09 1.04975787e+09 1.04975787e+09
 1.04975787e+09 1.04975787e+09 1.04975787e+09 1.04975787e+09
 1.04975787e+09 1.04975787e+09 1.04975787e+09 1.04975787e+09
 1.04975788e+09 1.04975788e+09 1.04975788e+09 1.04975788e+09
 1.04975788e+09 1.04975788e+09 1.04975788e+09 1.04975788e+09
 1.04975788e+09 1.04975788e+09 1.04975788e+09 1.04975788e+09
 1.04975788e+09 1.04975789e+09 1.04975789e+09 1.04975789e+09
 1.04975789e+09 1.04975789e+09 1.04975789e+09 1.04975789e+09
 1.04975789e+09 1.04975789e+09 1.04975789e+09 1.04975789e+09
 1.04975789e+09 1.04975790e+09 1.04975790e+09 1.04975790e+09
 1.04975790e+09 1.04975790e+09 1.04975790e+09 1.04975790e+09
 1.04975790e+09 1.04975790e+09 1.04975790e+09 1.04975790e+09
 1.04975790e+09 1.04975790e+09 1.04975791e+09 1.04975791e+09
 1.04975791e+09 1.04975791e+09 1.04975791e+09 1.04975791e+09
 1.04975791e+09 1.04975791e+09 1.04975791e+09 1.04975791e+09
 1.04975791e+09 1.04975791e+09 1.04975792e+09 1.04975792e+09
 1.04975792e+09 1.04975792e+09 1.04975792e+09 1.04975792e+09
 1.04975792e+09 1.04975792e+09 1.04975792e+09 1.04975792e+09
 1.04975792e+09 1.04975792e+09 1.04975792e+09 1.04975793e+09
 1.04975793e+09 1.04975793e+09 1.04975793e+09 1.04975793e+09
 1.04975793e+09 1.04975793e+09 1.04975793e+09 1.04975793e+09
 1.04975793e+09 1.04975793e+09 1.04975793e+09 1.04975794e+09
 1.04975794e+09 1.04975794e+09 1.04975794e+09 1.04975794e+09
 1.04975794e+09 1.04975794e+09 1.04975794e+09 1.04975794e+09
 1.04975794e+09 1.04975794e+09 1.04975794e+09 1.04975794e+09
 1.04975795e+09 1.04975795e+09 1.04975795e+09 1.04975795e+09
 1.04975795e+09 1.04975795e+09 1.04975795e+09 1.04975795e+09
 1.04975795e+09 1.04975795e+09 1.04975795e+09 1.04975795e+09
 1.04975796e+09 1.04975796e+09 1.04975796e+09 1.04975796e+09
 1.04975796e+09 1.04975796e+09 1.04975796e+09 1.04975796e+09
 1.04975796e+09 1.04975796e+09 1.04975796e+09 1.04975796e+09
 1.04975796e+09 1.04975797e+09 1.04975797e+09 1.04975797e+09
 1.04975797e+09 1.04975797e+09 1.04975797e+09 1.04975797e+09
 1.04975797e+09 1.04975797e+09 1.04975797e+09 1.04975797e+09
 1.04975797e+09 1.04975798e+09 1.04975798e+09 1.04975798e+09
 1.04975798e+09 1.04975798e+09 1.04975798e+09 1.04975798e+09
 1.04975798e+09 1.04975798e+09 1.04975798e+09 1.04975798e+09
 1.04975798e+09 1.04975798e+09 1.04975799e+09 1.04975799e+09
 1.04975799e+09 1.04975799e+09 1.04975799e+09 1.04975799e+09
 1.04975799e+09 1.04975799e+09 1.04975799e+09 1.04975799e+09
 1.04975799e+09 1.04975799e+09 1.04975800e+09 1.04975800e+09
 1.04975800e+09 1.04975800e+09 1.04975800e+09 1.04975800e+09
 1.04975800e+09 1.04975800e+09 1.04975800e+09 1.04975800e+09
 1.04975800e+09 1.04975800e+09 1.04975800e+09 1.04975801e+09
 1.04975801e+09 1.04975801e+09 1.04975801e+09 1.04975801e+09
 1.04975801e+09 1.04975801e+09 1.04975801e+09 1.04975801e+09
 1.04975801e+09 1.04975801e+09 1.04975801e+09 1.04975802e+09
 1.04975802e+09 1.04975802e+09 1.04975802e+09 1.04975802e+09
 1.04975802e+09 1.04975802e+09 1.04975802e+09 1.04975802e+09
 1.04975802e+09 1.04975802e+09 1.04975802e+09 1.04975802e+09
 1.04975803e+09 1.04975803e+09 1.04975803e+09 1.04975803e+09
 1.04975803e+09 1.04975803e+09 1.04975803e+09 1.04975803e+09
 1.04975803e+09 1.04975803e+09 1.04975803e+09 1.04975803e+09
 1.04975804e+09 1.04975804e+09 1.04975804e+09 1.04975804e+09
 1.04975804e+09 1.04975804e+09 1.04975804e+09 1.04975804e+09
 1.04975804e+09 1.04975804e+09 1.04975804e+09 1.04975804e+09
 1.04975804e+09 1.04975805e+09 1.04975805e+09 1.04975805e+09
 1.04975805e+09 1.04975805e+09 1.04975805e+09 1.04975805e+09
 1.04975805e+09 1.04975805e+09 1.04975805e+09 1.04975805e+09
 1.04975805e+09 1.04975806e+09 1.04975806e+09 1.04975806e+09
 1.04975806e+09 1.04975806e+09 1.04975806e+09 1.04975806e+09
 1.04975806e+09 1.04975806e+09 1.04975806e+09 1.04975806e+09
 1.04975806e+09 1.04975806e+09 1.04975807e+09 1.04975807e+09
 1.04975807e+09 1.04975807e+09 1.04975807e+09 1.04975807e+09
 1.04975807e+09 1.04975807e+09 1.04975807e+09 1.04975807e+09
 1.04975807e+09 1.04975807e+09 1.04975808e+09 1.04975808e+09
 1.04975808e+09 1.04975808e+09 1.04975808e+09 1.04975808e+09
 1.04975808e+09 1.04975808e+09 1.04975808e+09 1.04975808e+09
 1.04975808e+09 1.04975808e+09 1.04975808e+09 1.04975809e+09
 1.04975809e+09 1.04975809e+09 1.04975809e+09 1.04975809e+09
 1.04975809e+09 1.04975809e+09 1.04975809e+09 1.04975809e+09
 1.04975809e+09 1.04975809e+09 1.04975809e+09 1.04975810e+09
 1.04975810e+09 1.04975810e+09 1.04975810e+09 1.04975810e+09
 1.04975810e+09 1.04975810e+09 1.04975810e+09 1.04975810e+09
 1.04975810e+09 1.04975810e+09 1.04975810e+09 1.04975810e+09
 1.04975811e+09 1.04975811e+09 1.04975811e+09 1.04975811e+09
 1.04975811e+09 1.04975811e+09 1.04975811e+09 1.04975811e+09
 1.04975811e+09 1.04975811e+09 1.04975811e+09 1.04975811e+09
 1.04975812e+09 1.04975812e+09 1.04975812e+09 1.04975812e+09
 1.04975812e+09 1.04975812e+09 1.04975812e+09 1.04975812e+09
 1.04975812e+09 1.04975812e+09 1.04975812e+09 1.04975812e+09
 1.04975812e+09 1.04975813e+09 1.04975813e+09 1.04975813e+09
 1.04975813e+09 1.04975813e+09 1.04975813e+09 1.04975813e+09
 1.04975813e+09 1.04975813e+09 1.04975813e+09 1.04975813e+09
 1.04975813e+09 1.04975814e+09 1.04975814e+09 1.04975814e+09
 1.04975814e+09 1.04975814e+09 1.04975814e+09 1.04975814e+09
 1.04975814e+09 1.04975814e+09 1.04975814e+09 1.04975814e+09
 1.04975814e+09 1.04975814e+09 1.04975815e+09 1.04975815e+09
 1.04975815e+09 1.04975815e+09 1.04975815e+09 1.04975815e+09
 1.04975815e+09 1.04975815e+09 1.04975815e+09 1.04975815e+09
 1.04975815e+09 1.04975815e+09 1.04975816e+09 1.04975816e+09
 1.04975816e+09 1.04975816e+09 1.04975816e+09 1.04975816e+09
 1.04975816e+09 1.04975816e+09 1.04975816e+09 1.04975816e+09
 1.04975816e+09 1.04975816e+09 1.04975816e+09 1.04975817e+09
 1.04975817e+09 1.04975817e+09 1.04975817e+09 1.04975817e+09
 1.04975817e+09 1.04975817e+09 1.04975817e+09 1.04975817e+09
 1.04975817e+09 1.04975817e+09 1.04975817e+09 1.04975818e+09
 1.04975818e+09 1.04975818e+09 1.04975818e+09 1.04975818e+09
 1.04975818e+09 1.04975818e+09 1.04975818e+09 1.04975818e+09
 1.04975818e+09 1.04975818e+09 1.04975818e+09 1.04975818e+09
 1.04975819e+09 1.04975819e+09 1.04975819e+09 1.04975819e+09
 1.04975819e+09 1.04975819e+09 1.04975819e+09 1.04975819e+09
 1.04975819e+09 1.04975819e+09 1.04975819e+09 1.04975819e+09
 1.04975820e+09 1.04975820e+09 1.04975820e+09 1.04975820e+09
 1.04975820e+09 1.04975820e+09 1.04975820e+09 1.04975820e+09
 1.04975820e+09 1.04975820e+09 1.04975820e+09 1.04975820e+09
 1.04975820e+09 1.04975821e+09 1.04975821e+09 1.04975821e+09
 1.04975821e+09 1.04975821e+09 1.04975821e+09 1.04975821e+09
 1.04975821e+09 1.04975821e+09 1.04975821e+09 1.04975821e+09
 1.04975821e+09 1.04975822e+09 1.04975822e+09 1.04975822e+09
 1.04975822e+09 1.04975822e+09 1.04975822e+09 1.04975822e+09
 1.04975822e+09 1.04975822e+09 1.04975822e+09 1.04975822e+09
 1.04975822e+09 1.04975822e+09 1.04975823e+09 1.04975823e+09
 1.04975823e+09 1.04975823e+09 1.04975823e+09 1.04975823e+09
 1.04975823e+09 1.04975823e+09 1.04975823e+09 1.04975823e+09
 1.04975823e+09 1.04975823e+09 1.04975824e+09 1.04975824e+09
 1.04975824e+09 1.04975824e+09 1.04975824e+09 1.04975824e+09
 1.04975824e+09 1.04975824e+09 1.04975824e+09 1.04975824e+09
 1.04975824e+09 1.04975824e+09 1.04975824e+09 1.04975825e+09
 1.04975825e+09 1.04975825e+09 1.04975825e+09 1.04975825e+09
 1.04975825e+09 1.04975825e+09 1.04975825e+09 1.04975825e+09
 1.04975825e+09 1.04975825e+09 1.04975825e+09 1.04975826e+09
 1.04975826e+09 1.04975826e+09 1.04975826e+09 1.04975826e+09
 1.04975826e+09 1.04975826e+09 1.04975826e+09 1.04975826e+09
 1.04975826e+09 1.04975826e+09 1.04975826e+09 1.04975826e+09
 1.04975827e+09 1.04975827e+09 1.04975827e+09 1.04975827e+09
 1.04975827e+09 1.04975827e+09 1.04975827e+09 1.04975827e+09
 1.04975827e+09 1.04975827e+09 1.04975827e+09 1.04975827e+09
 1.04975828e+09 1.04975828e+09 1.04975828e+09 1.04975828e+09
 1.04975828e+09 1.04975828e+09 1.04975828e+09 1.04975828e+09
 1.04975828e+09 1.04975828e+09 1.04975828e+09 1.04975828e+09
 1.04975828e+09 1.04975829e+09 1.04975829e+09 1.04975829e+09
 1.04975829e+09 1.04975829e+09 1.04975829e+09 1.04975829e+09
 1.04975829e+09 1.04975829e+09 1.04975829e+09 1.04975829e+09
 1.04975829e+09 1.04975830e+09 1.04975830e+09 1.04975830e+09
 1.04975830e+09 1.04975830e+09 1.04975830e+09 1.04975830e+09
 1.04975830e+09 1.04975830e+09 1.04975830e+09 1.04975830e+09
 1.04975830e+09 1.04975830e+09 1.04975831e+09 1.04975831e+09
 1.04975831e+09 1.04975831e+09 1.04975831e+09 1.04975831e+09
 1.04975831e+09 1.04975831e+09 1.04975831e+09 1.04975831e+09
 1.04975831e+09 1.04975831e+09 1.04975832e+09 1.04975832e+09
 1.04975832e+09 1.04975832e+09 1.04975832e+09 1.04975832e+09
 1.04975832e+09 1.04975832e+09 1.04975832e+09 1.04975832e+09
 1.04975832e+09 1.04975832e+09 1.04975832e+09 1.04975833e+09
 1.04975833e+09 1.04975833e+09 1.04975833e+09 1.04975833e+09
 1.04975833e+09 1.04975833e+09 1.04975833e+09 1.04975833e+09
 1.04975833e+09 1.04975833e+09 1.04975833e+09 1.04975834e+09
 1.04975834e+09 1.04975834e+09 1.04975834e+09 1.04975834e+09
 1.04975834e+09 1.04975834e+09 1.04975834e+09 1.04975834e+09
 1.04975834e+09 1.04975834e+09 1.04975834e+09 1.04975834e+09
 1.04975835e+09 1.04975835e+09 1.04975835e+09 1.04975835e+09
 1.04975835e+09 1.04975835e+09 1.04975835e+09 1.04975835e+09
 1.04975835e+09 1.04975835e+09 1.04975835e+09 1.04975835e+09
 1.04975836e+09 1.04975836e+09 1.04975836e+09 1.04975836e+09
 1.04975836e+09 1.04975836e+09 1.04975836e+09 1.04975836e+09
 1.04975836e+09 1.04975836e+09 1.04975836e+09 1.04975836e+09
 1.04975836e+09 1.04975837e+09 1.04975837e+09 1.04975837e+09
 1.04975837e+09 1.04975837e+09 1.04975837e+09 1.04975837e+09
 1.04975837e+09 1.04975837e+09 1.04975837e+09 1.04975837e+09
 1.04975837e+09 1.04975838e+09 1.04975838e+09 1.04975838e+09
 1.04975838e+09 1.04975838e+09 1.04975838e+09 1.04975838e+09
 1.04975838e+09 1.04975838e+09 1.04975838e+09 1.04975838e+09
 1.04975838e+09 1.04975838e+09 1.04975839e+09 1.04975839e+09
 1.04975839e+09 1.04975839e+09 1.04975839e+09 1.04975839e+09
 1.04975839e+09 1.04975839e+09 1.04975839e+09 1.04975839e+09
 1.04975839e+09 1.04975839e+09 1.04975840e+09 1.04975840e+09
 1.04975840e+09 1.04975840e+09 1.04975840e+09 1.04975840e+09
 1.04975840e+09 1.04975840e+09 1.04975840e+09 1.04975840e+09
 1.04975840e+09 1.04975840e+09 1.04975840e+09 1.04975841e+09
 1.04975841e+09 1.04975841e+09 1.04975841e+09 1.04975841e+09
 1.04975841e+09 1.04975841e+09 1.04975841e+09 1.04975841e+09
 1.04975841e+09 1.04975841e+09 1.04975841e+09 1.04975842e+09
 1.04975842e+09 1.04975842e+09 1.04975842e+09 1.04975842e+09
 1.04975842e+09 1.04975842e+09 1.04975842e+09 1.04975842e+09
 1.04975842e+09 1.04975842e+09 1.04975842e+09 1.04975842e+09
 1.04975843e+09 1.04975843e+09 1.04975843e+09 1.04975843e+09
 1.04975843e+09 1.04975843e+09 1.04975843e+09 1.04975843e+09
 1.04975843e+09 1.04975843e+09 1.04975843e+09 1.04975843e+09
 1.04975844e+09 1.04975844e+09 1.04975844e+09 1.04975844e+09
 1.04975844e+09 1.04975844e+09 1.04975844e+09 1.04975844e+09
 1.04975844e+09 1.04975844e+09 1.04975844e+09 1.04975844e+09
 1.04975844e+09 1.04975845e+09 1.04975845e+09 1.04975845e+09
 1.04975845e+09 1.04975845e+09 1.04975845e+09 1.04975845e+09
 1.04975845e+09 1.04975845e+09 1.04975845e+09 1.04975845e+09
 1.04975845e+09 1.04975846e+09 1.04975846e+09 1.04975846e+09
 1.04975846e+09 1.04975846e+09 1.04975846e+09 1.04975846e+09
 1.04975846e+09 1.04975846e+09 1.04975846e+09 1.04975846e+09
 1.04975846e+09 1.04975846e+09 1.04975847e+09 1.04975847e+09
 1.04975847e+09 1.04975847e+09 1.04975847e+09 1.04975847e+09
 1.04975847e+09 1.04975847e+09 1.04975847e+09 1.04975847e+09
 1.04975847e+09 1.04975847e+09 1.04975848e+09 1.04975848e+09
 1.04975848e+09 1.04975848e+09 1.04975848e+09 1.04975848e+09
 1.04975848e+09 1.04975848e+09 1.04975848e+09 1.04975848e+09
 1.04975848e+09 1.04975848e+09 1.04975848e+09 1.04975849e+09
 1.04975849e+09 1.04975849e+09 1.04975849e+09 1.04975849e+09
 1.04975849e+09 1.04975849e+09 1.04975849e+09 1.04975849e+09
 1.04975849e+09 1.04975849e+09 1.04975849e+09 1.04975850e+09
 1.04975850e+09 1.04975850e+09 1.04975850e+09 1.04975850e+09
 1.04975850e+09 1.04975850e+09 1.04975850e+09 1.04975850e+09
 1.04975850e+09 1.04975850e+09 1.04975850e+09 1.04975850e+09
 1.04975851e+09 1.04975851e+09 1.04975851e+09 1.04975851e+09
 1.04975851e+09 1.04975851e+09 1.04975851e+09 1.04975851e+09
 1.04975851e+09 1.04975851e+09 1.04975851e+09 1.04975851e+09
 1.04975852e+09 1.04975852e+09 1.04975852e+09 1.04975852e+09
 1.04975852e+09 1.04975852e+09 1.04975852e+09 1.04975852e+09
 1.04975852e+09 1.04975852e+09 1.04975852e+09 1.04975852e+09
 1.04975852e+09 1.04975853e+09 1.04975853e+09 1.04975853e+09
 1.04975853e+09 1.04975853e+09 1.04975853e+09 1.04975853e+09
 1.04975853e+09 1.04975853e+09 1.04975853e+09 1.04975853e+09
 1.04975853e+09 1.04975854e+09 1.04975854e+09 1.04975854e+09
 1.04975854e+09 1.04975854e+09 1.04975854e+09 1.04975854e+09
 1.04975854e+09 1.04975854e+09 1.04975854e+09 1.04975854e+09
 1.04975854e+09 1.04975854e+09 1.04975855e+09 1.04975855e+09
 1.04975855e+09 1.04975855e+09 1.04975855e+09 1.04975855e+09
 1.04975855e+09 1.04975855e+09 1.04975855e+09 1.04975855e+09
 1.04975855e+09 1.04975855e+09 1.04975856e+09 1.04975856e+09
 1.04975856e+09 1.04975856e+09 1.04975856e+09 1.04975856e+09
 1.04975856e+09 1.04975856e+09 1.04975856e+09 1.04975856e+09
 1.04975856e+09 1.04975856e+09 1.04975857e+09 1.04975857e+09
 1.04975857e+09 1.04975857e+09 1.04975857e+09 1.04975857e+09
 1.04975857e+09 1.04975857e+09 1.04975857e+09 1.04975857e+09
 1.04975857e+09 1.04975857e+09 1.04975857e+09 1.04975858e+09
 1.04975858e+09 1.04975858e+09 1.04975858e+09 1.04975858e+09
 1.04975858e+09 1.04975858e+09 1.04975858e+09 1.04975858e+09
 1.04975858e+09 1.04975858e+09 1.04975858e+09 1.04975859e+09
 1.04975859e+09 1.04975859e+09 1.04975859e+09 1.04975859e+09
 1.04975859e+09 1.04975859e+09 1.04975859e+09 1.04975859e+09
 1.04975859e+09 1.04975859e+09 1.04975859e+09 1.04975859e+09
 1.04975860e+09 1.04975860e+09 1.04975860e+09 1.04975860e+09
 1.04975860e+09 1.04975860e+09 1.04975860e+09 1.04975860e+09
 1.04975860e+09 1.04975860e+09 1.04975860e+09 1.04975860e+09
 1.04975861e+09 1.04975861e+09 1.04975861e+09 1.04975861e+09
 1.04975861e+09 1.04975861e+09 1.04975861e+09 1.04975861e+09
 1.04975861e+09 1.04975861e+09 1.04975861e+09 1.04975861e+09
 1.04975861e+09 1.04975862e+09 1.04975862e+09 1.04975862e+09
 1.04975862e+09 1.04975862e+09 1.04975862e+09 1.04975862e+09
 1.04975862e+09 1.04975862e+09 1.04975862e+09 1.04975862e+09
 1.04975862e+09 1.04975863e+09 1.04975863e+09 1.04975863e+09
 1.04975863e+09 1.04975863e+09 1.04975863e+09 1.04975863e+09
 1.04975863e+09 1.04975863e+09 1.04975863e+09 1.04975863e+09
 1.04975863e+09 1.04975863e+09 1.04975864e+09 1.04975864e+09
 1.04975864e+09 1.04975864e+09 1.04975864e+09 1.04975864e+09]
maxCov = 3030693.215768075
maxCovTime =  [1.04975784e+09]
