name =JUICE_ROI_CAL_J_01
flyby =  ['2032 SEP 10 11:52:29', '2032 SEP 11 11:52:29']
Observation TW =  <SpiceCell dtype = 1, length = 0, size = 4200, card = 22, is_set = 1, adjust = 0, init = 1, base = 3143837095872, data = 3143837095920>
Cov(t) =  [3030510.98088806 3020464.88377419 3010436.12258889 3000424.7174928
 2990430.68860895 2980454.05602227 2970494.83977915 2960553.05988688
 2950628.73459719 2940721.88727293 2930832.53608223 2920960.7008713
 2911106.40144482 2901269.65756546 2891450.4889534  2881648.91528577
 2871864.95619622 2862098.63127435 2852349.96006526 2842618.96206895
 2832905.65673992 2823210.06348655 2813532.1999973  2803872.08893664
 2794229.74789521 2784605.19609187 2774998.45269684 2765409.5368311
 2755838.46756585 2746285.26392205 2736749.9448698  2727232.52932785
 2717733.03616304 2708251.48418976 2698787.89216942 2689342.27880986
 2679914.66276486 2670505.06100663 2661113.49533602 2651739.98261116
 2642384.5412639  2633047.18966987 2623727.94614964 2614426.82896309
 2605143.85631107 2595879.04633531 2586632.41711778 2577403.98668009
 2568193.77298302 2559001.79392584 2549828.06734579 2540672.60943455
 2531535.44107248 2522416.57832107 2513316.03876351 2504233.839918
 2495169.99923714 2486124.53410739 2477097.46184843 2468088.79971257
 2459098.56488415 2450126.77447896 2441173.44554361 2432238.59505492
 2423322.23991933 2414424.39697229 2405545.08144253 2396684.31309508
 2387842.10701039 2379018.4797338  2370213.44773653 2361427.02741515
 2352659.23509088 2343910.087009   2335179.59933822 2326467.78817007
 2317774.66951822 2309100.25931791 2300444.57342527 2291807.62761669
 2283189.43609834 2274590.01746825 2266009.38576669 2257447.55644474
 2248904.5448706  2240380.36632884 2231875.03601985 2223388.56905911
 2214920.98047661 2206472.28521616 2198042.49813475 2189631.63400189
 2181239.70749893 2172866.73321848 2164512.72566365 2156177.69780661
 2147861.6668546  2139564.64559431 2131286.64816445 2123027.68861095
 2114787.78088636 2106566.93884907 2098365.17626276 2090182.50679563
 2082018.94401978 2073874.50140938 2065749.19233807 2057643.03008533
 2049556.02783223 2041488.19726582 2033439.55416011 2025410.10999786
 2017399.87755825 2009408.8695183  2001437.09845214 1993484.57683037
 1985551.31701935 1977637.33128052 1969742.63176971 1961867.23053645
 1954011.13952329 1946174.3705651  1938356.93538838 1930558.84561058
 1922780.11139483 1915020.74683083 1907280.7618568  1899560.16764701
 1891858.97526321 1884177.19565393 1876514.83965379 1868871.91798279
 1861248.44124562 1853644.41993095 1846059.86441079 1838494.78493971
 1830949.19165421 1823423.09457198 1815916.50229378 1808429.42719589
 1800961.87763462 1793513.86314552 1786085.39314187 1778676.47691394
 1771287.12362835 1763917.34232735 1756567.14192812 1749236.53122206
 1741925.51887413 1734634.11342212 1727362.32327599 1720110.15671714
 1712877.62189772 1705664.72559339 1698471.47819234 1691297.88620489
 1684143.9572593  1677009.69885119 1669895.11834276 1662800.22296213
 1655725.0198027  1648669.51582238 1641633.71784296 1634617.63254945
 1627621.2664893  1620644.62607182 1613687.71756747 1606750.54590825
 1599833.11948604 1592935.44294388 1586057.52197721 1579199.36215164
 1572360.96889087 1565542.34747511 1558743.50304044 1551964.44057813
 1545205.16493399 1538465.68080767 1531745.99275204 1525046.10517246
 1518366.0223262  1511705.74717079 1505065.28597055 1498444.64138002
 1491843.81705737 1485262.81650935 1478701.64309066 1472160.30000329
 1465638.79029589 1459137.11686311 1452655.28244499 1446193.28962629
 1439751.14083587 1433328.83834608 1426926.38427209 1420543.7805713
 1414181.02794325 1407838.13023024 1401515.08780971 1395211.90200173
 1388928.57396552 1382665.1046988  1376421.49503726 1370197.7456539
 1363993.85705846 1357809.82959681 1351645.6634504  1345501.35863565
 1339376.91500337 1333272.33223818 1327187.60880663 1321122.74616539
 1315077.74244237 1309052.59665182 1303047.30763898 1297061.87407958
 1291096.29447925 1285150.56717302 1279224.69032473 1273318.66192657
 1267432.4797985  1261566.14158779 1255719.64476843 1249892.9866407
 1244086.1643306  1238299.1737894  1232532.01379322 1226784.67993815
 1221057.16864824 1215349.47617089 1209661.5985764  1203993.53175753
 1198345.27142901 1192716.81312712 1187108.15220924 1181519.28385342
 1175950.20305795 1170400.90464093 1164871.38323988 1159361.63235947
 1153871.64818189 1148401.42384521 1142950.95326054 1137520.23015644
 1132109.24807855 1126718.0003892  1121346.48026705 1115994.68070678
 1110662.59451869 1105350.21432842 1100057.53257659 1094784.54151849
 1089531.23322378 1084297.59957617 1079083.63137248 1073889.32192838
 1068714.66166395 1063559.64171628 1058424.25303513 1053308.48638268
 1048212.33233327 1043135.7812732  1038078.82340049 1033041.44872465
 1028023.64706649 1023025.40805793 1018046.72114179 1013087.57557164
 1008147.95955842 1003227.86368641  998327.27578385  993446.18434566
  988584.57767674  983742.44389191  978919.77091572  974116.5464824
  969332.75813577  964568.39322917  959823.43892538  955097.88219656
  950391.70982425  945704.90839927  941037.46432212  936389.363
  931760.59206061  927151.13652601  922560.98203369  917990.11403049
  913438.51777266  908906.17832591  904393.08056549  899899.20917627
  895424.54865285  890969.08329965  886532.79723107  882115.67437157
  877717.69845587  873338.85227292  868979.12069407  864638.48612632
  860316.93154711  856014.43974506  851730.99332026  847466.5746844
  843221.16606116  838994.74948638  834787.30680839  830598.81968833
  826429.26960043  822278.63783238  818146.90548562  814034.05347578
  809940.06182611  805864.9124987   801808.58514377  797771.05993749
  793752.31687216  789752.33575677  785771.0962174   781808.57769775
  777864.75945963  773939.62058348  770033.1399689   766145.2963352
  762276.06822203  758425.43398984  754593.37115903  750779.85906007
  746984.87485496  743208.39619392  739450.40055123  735710.86522595
  731989.76734257  728287.08385183  724602.79153137  720936.86698657
  717289.28665125  713660.02678857  710049.06348998  706456.37267264
  702881.93009188  699325.71072259  695787.69121812  692267.84621838
  688766.15081585  685282.57993936  681817.1083552   678369.710668
  674940.36132181  671529.03460105  668135.70463162  664760.34538196
  661402.93066409  658063.43413476  654741.82929652  651438.08892873
  648152.1873726   644884.09710185  641633.79101402  638401.24185844
  635186.42223742  631989.30460753  628809.86128092  625648.06442656
  622503.88607165  619377.29810289  616268.27226792  613176.78017665
  610102.7933027   607046.28298485  604007.21990402  600985.57618552
  597981.3222449   594994.42889624  592024.86682623  589072.60659577
  586137.61864151  583219.87327747  580319.34069666  577435.99097276
  574569.79406172  571720.71980354  568888.73792391  566073.81803597
  563275.92915934  560495.04165577  557731.12432572  554984.14634991
  552254.07680555  549540.88466814  546844.53881341  544165.00801921
  541502.26096742  538856.26624596  536226.99235077  533614.40768926
  531018.48057979  528439.17925415  525876.47186019  523330.32602476
  520800.71061551  518287.59309913  515790.94130901  513310.72300527
  510846.90587702  508399.45754453  505968.34556149  503553.53741729
  501155.00053929  498772.70229511  496406.609995    494056.69089414
  491722.91219505  489405.24065024  487103.64416628  484818.08939959
  482548.5433661   480294.97304123  478057.34536241  475835.62723153
  473629.78551755  471439.78705902  469265.59866664  467107.1871259
  464964.51919966  462837.56163081  460726.28114489  458630.64445281
  456550.61789488  454486.16888073  452437.26373223  450403.86912877
  448385.95174877  446383.47827239  444396.41538443  442424.72977705
  440468.3881527   438527.35722688  436601.60373111  434691.09441574
  432795.79605289  430915.6754393   429050.69907413  427200.83445589
  425366.04814935  423546.30707989  421741.57821249  419951.82855471
  418177.02515971  416417.13512928  414672.12561691  412941.96383084
  411226.61703709  409526.05256265  407840.23779844  406169.14020254
  404512.72730323  402870.96641929  401243.82579713  399631.27290914
  398033.27559591  396449.80178404  394880.81948924  393326.2968196
  391786.20197873  390260.50326898  388749.16909465  387252.16796519
  385769.46849845  384301.03942391  382846.84958587  381406.86769873
  379981.06334464  378569.40548146  377171.8634453   375788.40670338
  374419.00485721  373063.62764593  371722.24494951  370394.82679202
  369081.34334492  367781.76493029  366496.0620241   365224.20525944
  363966.16542984  362721.91349247  361491.42035962  360274.65775143
  359071.59692136  357882.20950937  356706.46733628  355544.34240942
  354395.8069225   353260.83325882  352139.39399453  351031.46190176
  349937.00995184  348856.01131845  347788.43938083  346734.26772687
  345693.46997736  344666.0205072   343651.89336789  342651.06301333
  341663.50412169  340689.19159847  339728.10057954  338780.2064342
  337845.48476816  336923.91142658  336015.46249705  335120.11431255
  334237.84345437  333368.62675506  332512.44115429  331669.26429216
  330839.07362302  330021.84701322  329217.5625947   328426.19876768
  327647.7342035   326882.1478473   326129.41892075  325389.52692475
  324662.45164203  323948.17313984  323246.67177247  322557.92818389
  321881.92331024  321218.63826865  320568.05481666  319930.15466597
  319304.91994613  318692.33309107  318092.37684147  317505.03424696
  316930.28866849  316368.12378052  315818.52357319  315281.47235454
  314756.95475257  314244.95571734  313745.46052303  313258.45468673
  312783.92430535  312321.8555519   311872.23501659  311435.04962338
  311010.28663173  310597.93363835  310197.97857897  309810.40972993
  309435.21570986  309072.38548124  308721.90835193  308383.77397668
  308057.97235854  307744.4938503   307443.32910475  307154.46928234
  306877.90573973  306613.63024162  306361.63490868  306121.91221872
  305894.4550077   305679.25647079  305476.31016331  305285.61000166
  305107.15026417  304940.92559194  304786.93098957  304645.16182593
  304515.61381342  304398.28309615  304293.16611602  304200.25970498
  304119.56106206  304051.06775374  303994.77771433  303950.68924628
  303918.80102041  303899.11207616  303891.62182168  303896.33000301
  303913.23672152  303942.34249562  303983.64821206  304037.15513564
  304102.86486994  304180.77941262  304270.90112032  304373.23271649
  304487.77729112  304614.53830025  304753.51956554  304904.72527381
  305068.15997638  305243.82858851  305431.73638873  305631.88901811
  305844.29247948  306068.95317653  306305.87775535  306555.07333672
  306816.54736176  307090.30762874  307376.36229197  307674.71986068
  307985.38919787  308308.37951904  308643.70039096  308991.36173033
  309351.3738024   309723.74721958  310108.49293993  310505.6222657
  310915.1469137   311337.07872806  311771.43010381  312218.21370387
  312677.4425271   313149.12990649  313633.2895074   314129.93532565
  314639.08168566  315160.74323841  315694.93495957  316241.67214739
  316800.97042066  317372.84571658  317957.31439091  318554.39280894
  319164.09795019  319786.44700377  320421.45746609  321069.14713855
  321729.53412519  322402.63683027  323088.47395586  323787.06449936
  324498.42775098  325222.58329126  325959.55098848  326709.35099605
  327472.00374994  328247.53010131  329035.95077476  329837.28717094
  330651.56082914  331478.79355766  332319.00743103  333172.22478717
  334038.46822459  334917.76059952  335810.12502301  336715.58485806
  337634.16371667  338565.88545691  339510.77417994  340468.854394
  341440.15034587  342424.68701268  343422.48943797  344433.58289327
  345457.99287501  346495.74510147  347546.86550967  348611.38025223
  349689.31569427  350780.69841024  351885.55518081  353003.91298964
  354135.79902027  355281.24065288  356440.2656629   357612.9014131
  358799.17605384  359999.11771913  361212.75472196  362440.11555493
  363681.22888496  364936.1235499   366204.8285553   367487.37307111
  368783.78642849  370094.09811651  371418.33777894  372756.53521092
  374108.72059098  375474.92353927  376855.17451841  378249.50389656
  379657.94217699  381080.51999483  382517.26811376  383968.21742282
  385433.39893313  386912.84377465  388406.58319293  389914.64854588
  391437.07130054  392973.88302984  394525.11540939  396090.8004865
  397670.96959057  399265.65495572  400874.88863622  402498.70277303
  404137.12959059  405790.20139374  407457.95056445  409140.4095588
  410837.61090374  412549.58719402  414276.37108906  416017.99530986
  417774.4926359   419545.89620994  421332.23830607  423133.55216609
  424949.87077279  426781.22715216  428627.65437044  430489.18553108
  432365.85377118  434257.69225762  436164.73418763  438087.0127841
  440024.56129238  441977.41297742  443945.60112086  445929.15901812
  447928.1203229   449942.5176578   451972.3846872   454017.75473338
  456078.66111825  458155.13716068  460247.21617365  462354.93146157
  464478.31631757  466617.40402074  468772.22783352  470942.82099898
  473129.21673821  475331.44824769  477549.54908193  479783.55161265
  482033.48932944  484299.39530449  486581.30257255  488879.24412845
  491193.25292457  493523.36186844  495869.60382026  498232.01159046
  500610.61793735  503005.45556473  505416.55711948  507843.95518931
  510287.68230037  512747.77134218  515224.25385946  517717.16260447
  520226.52983453  522752.38773419  525294.76841306  527853.7039036
  530429.22615904  533021.36705119  535630.15836843  538255.63181232
  540897.81899117  543556.75142937  546232.46056077  548924.97819313
  551634.33463933  554360.56151132  557103.68985715  559863.75062366
  562640.77465459  565434.79268871  568245.835358    571073.93318588
  573919.11658535  576781.41585732  579660.86118879  582557.48265118
  585471.31019862  588402.37366626  591350.70328039  594316.32761279
  597299.27664064  600299.57970691  603317.26602757  606352.36469
  609404.9046515   612474.9147378   615562.42364154  618667.45992084
  621790.05199785  624930.22815733  628088.01654525  631263.44516745
  634456.54244237  637667.33498625  640895.85092749  644142.11769793
  647406.16258272  650688.012719    653987.69509472  657305.23654745
  660640.6637631   663994.00327485  667365.28146194  670754.52454856
  674161.75860274  677587.00953526  681030.30309859  684491.66548641
  687971.12093334  691468.69530813  694984.41371966  698518.30111342
  702070.38227058  705640.6818073   709229.22417507  712836.03365683
  716461.1343672   720104.55025197  723766.30508726  727446.42247869
  731144.92586061  734861.83914013  738597.18412011  742350.98435806
  746123.26259545  749914.04139873  753723.34315861  757551.1900894
  761397.60422833  765262.60743491  769146.22139031  773048.46759677
  776969.36737696  780908.94187346  784867.21204815  788844.19937162
  792839.92306624  796854.40423536  800887.66311292  804939.71974964
  809010.59401257  813100.30558461  817208.87396414  821336.31846454
  825482.65821384  829647.91215432  833832.09904213  838035.23744697
  842257.34575172  846498.44215212  850758.54539541  855037.67182763
  859335.83981697  863653.06680773  867989.37005566  872344.76662778
  876719.2734021   881112.90706743  885525.68412321  889957.62087929
  894408.73345578  898879.03778292  903368.54960087  907877.28445966
  912405.25850432  916952.48533694  921518.98071835  926104.75943686
  930709.83608996  935334.22508462  939977.94063718  944640.99677321
  949323.40732756  954025.1859443   958746.34607674  963486.90098747
  968246.86374836  973026.24724064  977825.06415488  982643.3278267
  987481.04889794  992338.24031995  997214.91402164 1002111.08174169
 1007026.75502876 1011961.94524152 1016916.66354885 1021890.92092999
 1026884.72817465 1031898.09588324 1036931.03446699 1041983.55414817
 1047055.66496028 1052147.37763117 1057258.70005502 1062389.64257982
 1067540.21448613 1072710.42486689 1077900.28262764 1083109.79648679
 1088338.97497588 1093587.82643987 1098856.3590374  1104144.58074115
 1109452.49933807 1114780.1224297  1120127.45743256 1125494.51157838
 1130881.29284847 1136287.80624159 1141714.05936784 1147160.05872344
 1152625.81062158 1158111.32119285 1163616.59638561 1169141.64196633
 1174686.46352006 1180251.06645077 1185835.45598178 1191439.63715618
 1197063.61483723 1202707.39370912 1208370.97926263 1214054.37386496
 1219757.5826428  1225480.60956669 1231223.45843001 1236986.13284935
 1242768.63626508 1248570.97194176 1254393.14296864 1260235.15226015
 1266097.00255642 1271978.69642372 1277880.23625505 1283801.62427054
 1289742.86251809 1295703.95390717 1301684.89807931 1307685.69759862
 1313706.35382906 1319746.86796496 1325807.24103157 1331887.47388558
 1337987.56721573 1344107.5215433  1350247.33722274 1356407.01444217
 1362586.55322402 1368785.95342555 1375005.21473949 1381244.33777603
 1387503.31974098 1393782.16091491 1400080.86033816 1406399.41688945
 1412737.8292865  1419096.09608662 1425474.21568736 1431872.18632707
 1438290.00608554 1444727.67288465 1451185.18448893 1457662.53850625
 1464159.73238837 1470676.76343166 1477213.6299107  1483770.32655027
 1490346.85131382 1496943.20088235 1503559.37178461 1510195.36039774
 1516851.16294797 1523526.77551121 1530222.19401377 1536937.41423302
 1543672.43179975 1550427.24219603 1557201.84075627 1563996.22266852
 1570810.38415613 1577644.31775786 1584498.01940423 1591371.48370451
 1598264.70512494 1605177.67798942 1612110.39648016 1619062.85463835]
t =  [1.03174482e+09 1.03174482e+09 1.03174482e+09 1.03174482e+09
 1.03174482e+09 1.03174482e+09 1.03174482e+09 1.03174482e+09
 1.03174482e+09 1.03174482e+09 1.03174482e+09 1.03174482e+09
 1.03174482e+09 1.03174483e+09 1.03174483e+09 1.03174483e+09
 1.03174483e+09 1.03174483e+09 1.03174483e+09 1.03174483e+09
 1.03174483e+09 1.03174483e+09 1.03174483e+09 1.03174483e+09
 1.03174483e+09 1.03174483e+09 1.03174483e+09 1.03174484e+09
 1.03174484e+09 1.03174484e+09 1.03174484e+09 1.03174484e+09
 1.03174484e+09 1.03174484e+09 1.03174484e+09 1.03174484e+09
 1.03174484e+09 1.03174484e+09 1.03174484e+09 1.03174484e+09
 1.03174484e+09 1.03174484e+09 1.03174485e+09 1.03174485e+09
 1.03174485e+09 1.03174485e+09 1.03174485e+09 1.03174485e+09
 1.03174485e+09 1.03174485e+09 1.03174485e+09 1.03174485e+09
 1.03174485e+09 1.03174485e+09 1.03174485e+09 1.03174485e+09
 1.03174486e+09 1.03174486e+09 1.03174486e+09 1.03174486e+09
 1.03174486e+09 1.03174486e+09 1.03174486e+09 1.03174486e+09
 1.03174486e+09 1.03174486e+09 1.03174486e+09 1.03174486e+09
 1.03174486e+09 1.03174486e+09 1.03174486e+09 1.03174487e+09
 1.03174487e+09 1.03174487e+09 1.03174487e+09 1.03174487e+09
 1.03174487e+09 1.03174487e+09 1.03174487e+09 1.03174487e+09
 1.03174487e+09 1.03174487e+09 1.03174487e+09 1.03174487e+09
 1.03174487e+09 1.03174488e+09 1.03174488e+09 1.03174488e+09
 1.03174488e+09 1.03174488e+09 1.03174488e+09 1.03174488e+09
 1.03174488e+09 1.03174488e+09 1.03174488e+09 1.03174488e+09
 1.03174488e+09 1.03174488e+09 1.03174488e+09 1.03174488e+09
 1.03174489e+09 1.03174489e+09 1.03174489e+09 1.03174489e+09
 1.03174489e+09 1.03174489e+09 1.03174489e+09 1.03174489e+09
 1.03174489e+09 1.03174489e+09 1.03174489e+09 1.03174489e+09
 1.03174489e+09 1.03174489e+09 1.03174490e+09 1.03174490e+09
 1.03174490e+09 1.03174490e+09 1.03174490e+09 1.03174490e+09
 1.03174490e+09 1.03174490e+09 1.03174490e+09 1.03174490e+09
 1.03174490e+09 1.03174490e+09 1.03174490e+09 1.03174490e+09
 1.03174490e+09 1.03174491e+09 1.03174491e+09 1.03174491e+09
 1.03174491e+09 1.03174491e+09 1.03174491e+09 1.03174491e+09
 1.03174491e+09 1.03174491e+09 1.03174491e+09 1.03174491e+09
 1.03174491e+09 1.03174491e+09 1.03174491e+09 1.03174492e+09
 1.03174492e+09 1.03174492e+09 1.03174492e+09 1.03174492e+09
 1.03174492e+09 1.03174492e+09 1.03174492e+09 1.03174492e+09
 1.03174492e+09 1.03174492e+09 1.03174492e+09 1.03174492e+09
 1.03174492e+09 1.03174492e+09 1.03174493e+09 1.03174493e+09
 1.03174493e+09 1.03174493e+09 1.03174493e+09 1.03174493e+09
 1.03174493e+09 1.03174493e+09 1.03174493e+09 1.03174493e+09
 1.03174493e+09 1.03174493e+09 1.03174493e+09 1.03174493e+09
 1.03174494e+09 1.03174494e+09 1.03174494e+09 1.03174494e+09
 1.03174494e+09 1.03174494e+09 1.03174494e+09 1.03174494e+09
 1.03174494e+09 1.03174494e+09 1.03174494e+09 1.03174494e+09
 1.03174494e+09 1.03174494e+09 1.03174494e+09 1.03174495e+09
 1.03174495e+09 1.03174495e+09 1.03174495e+09 1.03174495e+09
 1.03174495e+09 1.03174495e+09 1.03174495e+09 1.03174495e+09
 1.03174495e+09 1.03174495e+09 1.03174495e+09 1.03174495e+09
 1.03174495e+09 1.03174496e+09 1.03174496e+09 1.03174496e+09
 1.03174496e+09 1.03174496e+09 1.03174496e+09 1.03174496e+09
 1.03174496e+09 1.03174496e+09 1.03174496e+09 1.03174496e+09
 1.03174496e+09 1.03174496e+09 1.03174496e+09 1.03174496e+09
 1.03174497e+09 1.03174497e+09 1.03174497e+09 1.03174497e+09
 1.03174497e+09 1.03174497e+09 1.03174497e+09 1.03174497e+09
 1.03174497e+09 1.03174497e+09 1.03174497e+09 1.03174497e+09
 1.03174497e+09 1.03174497e+09 1.03174498e+09 1.03174498e+09
 1.03174498e+09 1.03174498e+09 1.03174498e+09 1.03174498e+09
 1.03174498e+09 1.03174498e+09 1.03174498e+09 1.03174498e+09
 1.03174498e+09 1.03174498e+09 1.03174498e+09 1.03174498e+09
 1.03174498e+09 1.03174499e+09 1.03174499e+09 1.03174499e+09
 1.03174499e+09 1.03174499e+09 1.03174499e+09 1.03174499e+09
 1.03174499e+09 1.03174499e+09 1.03174499e+09 1.03174499e+09
 1.03174499e+09 1.03174499e+09 1.03174499e+09 1.03174499e+09
 1.03174500e+09 1.03174500e+09 1.03174500e+09 1.03174500e+09
 1.03174500e+09 1.03174500e+09 1.03174500e+09 1.03174500e+09
 1.03174500e+09 1.03174500e+09 1.03174500e+09 1.03174500e+09
 1.03174500e+09 1.03174500e+09 1.03174501e+09 1.03174501e+09
 1.03174501e+09 1.03174501e+09 1.03174501e+09 1.03174501e+09
 1.03174501e+09 1.03174501e+09 1.03174501e+09 1.03174501e+09
 1.03174501e+09 1.03174501e+09 1.03174501e+09 1.03174501e+09
 1.03174501e+09 1.03174502e+09 1.03174502e+09 1.03174502e+09
 1.03174502e+09 1.03174502e+09 1.03174502e+09 1.03174502e+09
 1.03174502e+09 1.03174502e+09 1.03174502e+09 1.03174502e+09
 1.03174502e+09 1.03174502e+09 1.03174502e+09 1.03174503e+09
 1.03174503e+09 1.03174503e+09 1.03174503e+09 1.03174503e+09
 1.03174503e+09 1.03174503e+09 1.03174503e+09 1.03174503e+09
 1.03174503e+09 1.03174503e+09 1.03174503e+09 1.03174503e+09
 1.03174503e+09 1.03174503e+09 1.03174504e+09 1.03174504e+09
 1.03174504e+09 1.03174504e+09 1.03174504e+09 1.03174504e+09
 1.03174504e+09 1.03174504e+09 1.03174504e+09 1.03174504e+09
 1.03174504e+09 1.03174504e+09 1.03174504e+09 1.03174504e+09
 1.03174505e+09 1.03174505e+09 1.03174505e+09 1.03174505e+09
 1.03174505e+09 1.03174505e+09 1.03174505e+09 1.03174505e+09
 1.03174505e+09 1.03174505e+09 1.03174505e+09 1.03174505e+09
 1.03174505e+09 1.03174505e+09 1.03174505e+09 1.03174506e+09
 1.03174506e+09 1.03174506e+09 1.03174506e+09 1.03174506e+09
 1.03174506e+09 1.03174506e+09 1.03174506e+09 1.03174506e+09
 1.03174506e+09 1.03174506e+09 1.03174506e+09 1.03174506e+09
 1.03174506e+09 1.03174507e+09 1.03174507e+09 1.03174507e+09
 1.03174507e+09 1.03174507e+09 1.03174507e+09 1.03174507e+09
 1.03174507e+09 1.03174507e+09 1.03174507e+09 1.03174507e+09
 1.03174507e+09 1.03174507e+09 1.03174507e+09 1.03174507e+09
 1.03174508e+09 1.03174508e+09 1.03174508e+09 1.03174508e+09
 1.03174508e+09 1.03174508e+09 1.03174508e+09 1.03174508e+09
 1.03174508e+09 1.03174508e+09 1.03174508e+09 1.03174508e+09
 1.03174508e+09 1.03174508e+09 1.03174509e+09 1.03174509e+09
 1.03174509e+09 1.03174509e+09 1.03174509e+09 1.03174509e+09
 1.03174509e+09 1.03174509e+09 1.03174509e+09 1.03174509e+09
 1.03174509e+09 1.03174509e+09 1.03174509e+09 1.03174509e+09
 1.03174509e+09 1.03174510e+09 1.03174510e+09 1.03174510e+09
 1.03174510e+09 1.03174510e+09 1.03174510e+09 1.03174510e+09
 1.03174510e+09 1.03174510e+09 1.03174510e+09 1.03174510e+09
 1.03174510e+09 1.03174510e+09 1.03174510e+09 1.03174511e+09
 1.03174511e+09 1.03174511e+09 1.03174511e+09 1.03174511e+09
 1.03174511e+09 1.03174511e+09 1.03174511e+09 1.03174511e+09
 1.03174511e+09 1.03174511e+09 1.03174511e+09 1.03174511e+09
 1.03174511e+09 1.03174511e+09 1.03174512e+09 1.03174512e+09
 1.03174512e+09 1.03174512e+09 1.03174512e+09 1.03174512e+09
 1.03174512e+09 1.03174512e+09 1.03174512e+09 1.03174512e+09
 1.03174512e+09 1.03174512e+09 1.03174512e+09 1.03174512e+09
 1.03174513e+09 1.03174513e+09 1.03174513e+09 1.03174513e+09
 1.03174513e+09 1.03174513e+09 1.03174513e+09 1.03174513e+09
 1.03174513e+09 1.03174513e+09 1.03174513e+09 1.03174513e+09
 1.03174513e+09 1.03174513e+09 1.03174513e+09 1.03174514e+09
 1.03174514e+09 1.03174514e+09 1.03174514e+09 1.03174514e+09
 1.03174514e+09 1.03174514e+09 1.03174514e+09 1.03174514e+09
 1.03174514e+09 1.03174514e+09 1.03174514e+09 1.03174514e+09
 1.03174514e+09 1.03174515e+09 1.03174515e+09 1.03174515e+09
 1.03174515e+09 1.03174515e+09 1.03174515e+09 1.03174515e+09
 1.03174515e+09 1.03174515e+09 1.03174515e+09 1.03174515e+09
 1.03174515e+09 1.03174515e+09 1.03174515e+09 1.03174515e+09
 1.03174516e+09 1.03174516e+09 1.03174516e+09 1.03174516e+09
 1.03174516e+09 1.03174516e+09 1.03174516e+09 1.03174516e+09
 1.03174516e+09 1.03174516e+09 1.03174516e+09 1.03174516e+09
 1.03174516e+09 1.03174516e+09 1.03174517e+09 1.03174517e+09
 1.03174517e+09 1.03174517e+09 1.03174517e+09 1.03174517e+09
 1.03174517e+09 1.03174517e+09 1.03174517e+09 1.03174517e+09
 1.03174517e+09 1.03174517e+09 1.03174517e+09 1.03174517e+09
 1.03174517e+09 1.03174518e+09 1.03174518e+09 1.03174518e+09
 1.03174518e+09 1.03174518e+09 1.03174518e+09 1.03174518e+09
 1.03174518e+09 1.03174518e+09 1.03174518e+09 1.03174518e+09
 1.03174518e+09 1.03174518e+09 1.03174518e+09 1.03174519e+09
 1.03174519e+09 1.03174519e+09 1.03174519e+09 1.03174519e+09
 1.03174519e+09 1.03174519e+09 1.03174519e+09 1.03174519e+09
 1.03174519e+09 1.03174519e+09 1.03174519e+09 1.03174519e+09
 1.03174519e+09 1.03174519e+09 1.03174520e+09 1.03174520e+09
 1.03174520e+09 1.03174520e+09 1.03174520e+09 1.03174520e+09
 1.03174520e+09 1.03174520e+09 1.03174520e+09 1.03174520e+09
 1.03174520e+09 1.03174520e+09 1.03174520e+09 1.03174520e+09
 1.03174521e+09 1.03174521e+09 1.03174521e+09 1.03174521e+09
 1.03174521e+09 1.03174521e+09 1.03174521e+09 1.03174521e+09
 1.03174521e+09 1.03174521e+09 1.03174521e+09 1.03174521e+09
 1.03174521e+09 1.03174521e+09 1.03174521e+09 1.03174522e+09
 1.03174522e+09 1.03174522e+09 1.03174522e+09 1.03174522e+09
 1.03174522e+09 1.03174522e+09 1.03174522e+09 1.03174522e+09
 1.03174522e+09 1.03174522e+09 1.03174522e+09 1.03174522e+09
 1.03174522e+09 1.03174523e+09 1.03174523e+09 1.03174523e+09
 1.03174523e+09 1.03174523e+09 1.03174523e+09 1.03174523e+09
 1.03174523e+09 1.03174523e+09 1.03174523e+09 1.03174523e+09
 1.03174523e+09 1.03174523e+09 1.03174523e+09 1.03174523e+09
 1.03174524e+09 1.03174524e+09 1.03174524e+09 1.03174524e+09
 1.03174524e+09 1.03174524e+09 1.03174524e+09 1.03174524e+09
 1.03174524e+09 1.03174524e+09 1.03174524e+09 1.03174524e+09
 1.03174524e+09 1.03174524e+09 1.03174525e+09 1.03174525e+09
 1.03174525e+09 1.03174525e+09 1.03174525e+09 1.03174525e+09
 1.03174525e+09 1.03174525e+09 1.03174525e+09 1.03174525e+09
 1.03174525e+09 1.03174525e+09 1.03174525e+09 1.03174525e+09
 1.03174525e+09 1.03174526e+09 1.03174526e+09 1.03174526e+09
 1.03174526e+09 1.03174526e+09 1.03174526e+09 1.03174526e+09
 1.03174526e+09 1.03174526e+09 1.03174526e+09 1.03174526e+09
 1.03174526e+09 1.03174526e+09 1.03174526e+09 1.03174526e+09
 1.03174527e+09 1.03174527e+09 1.03174527e+09 1.03174527e+09
 1.03174527e+09 1.03174527e+09 1.03174527e+09 1.03174527e+09
 1.03174527e+09 1.03174527e+09 1.03174527e+09 1.03174527e+09
 1.03174527e+09 1.03174527e+09 1.03174528e+09 1.03174528e+09
 1.03174528e+09 1.03174528e+09 1.03174528e+09 1.03174528e+09
 1.03174528e+09 1.03174528e+09 1.03174528e+09 1.03174528e+09
 1.03174528e+09 1.03174528e+09 1.03174528e+09 1.03174528e+09
 1.03174528e+09 1.03174529e+09 1.03174529e+09 1.03174529e+09
 1.03174529e+09 1.03174529e+09 1.03174529e+09 1.03174529e+09
 1.03174529e+09 1.03174529e+09 1.03174529e+09 1.03174529e+09
 1.03174529e+09 1.03174529e+09 1.03174529e+09 1.03174530e+09
 1.03174530e+09 1.03174530e+09 1.03174530e+09 1.03174530e+09
 1.03174530e+09 1.03174530e+09 1.03174530e+09 1.03174530e+09
 1.03174530e+09 1.03174530e+09 1.03174530e+09 1.03174530e+09
 1.03174530e+09 1.03174530e+09 1.03174531e+09 1.03174531e+09
 1.03174531e+09 1.03174531e+09 1.03174531e+09 1.03174531e+09
 1.03174531e+09 1.03174531e+09 1.03174531e+09 1.03174531e+09
 1.03174531e+09 1.03174531e+09 1.03174531e+09 1.03174531e+09
 1.03174532e+09 1.03174532e+09 1.03174532e+09 1.03174532e+09
 1.03174532e+09 1.03174532e+09 1.03174532e+09 1.03174532e+09
 1.03174532e+09 1.03174532e+09 1.03174532e+09 1.03174532e+09
 1.03174532e+09 1.03174532e+09 1.03174532e+09 1.03174533e+09
 1.03174533e+09 1.03174533e+09 1.03174533e+09 1.03174533e+09
 1.03174533e+09 1.03174533e+09 1.03174533e+09 1.03174533e+09
 1.03174533e+09 1.03174533e+09 1.03174533e+09 1.03174533e+09
 1.03174533e+09 1.03174534e+09 1.03174534e+09 1.03174534e+09
 1.03174534e+09 1.03174534e+09 1.03174534e+09 1.03174534e+09
 1.03174534e+09 1.03174534e+09 1.03174534e+09 1.03174534e+09
 1.03174534e+09 1.03174534e+09 1.03174534e+09 1.03174534e+09
 1.03174535e+09 1.03174535e+09 1.03174535e+09 1.03174535e+09
 1.03174535e+09 1.03174535e+09 1.03174535e+09 1.03174535e+09
 1.03174535e+09 1.03174535e+09 1.03174535e+09 1.03174535e+09
 1.03174535e+09 1.03174535e+09 1.03174536e+09 1.03174536e+09
 1.03174536e+09 1.03174536e+09 1.03174536e+09 1.03174536e+09
 1.03174536e+09 1.03174536e+09 1.03174536e+09 1.03174536e+09
 1.03174536e+09 1.03174536e+09 1.03174536e+09 1.03174536e+09
 1.03174536e+09 1.03174537e+09 1.03174537e+09 1.03174537e+09
 1.03174537e+09 1.03174537e+09 1.03174537e+09 1.03174537e+09
 1.03174537e+09 1.03174537e+09 1.03174537e+09 1.03174537e+09
 1.03174537e+09 1.03174537e+09 1.03174537e+09 1.03174538e+09
 1.03174538e+09 1.03174538e+09 1.03174538e+09 1.03174538e+09
 1.03174538e+09 1.03174538e+09 1.03174538e+09 1.03174538e+09
 1.03174538e+09 1.03174538e+09 1.03174538e+09 1.03174538e+09
 1.03174538e+09 1.03174538e+09 1.03174539e+09 1.03174539e+09
 1.03174539e+09 1.03174539e+09 1.03174539e+09 1.03174539e+09
 1.03174539e+09 1.03174539e+09 1.03174539e+09 1.03174539e+09
 1.03174539e+09 1.03174539e+09 1.03174539e+09 1.03174539e+09
 1.03174540e+09 1.03174540e+09 1.03174540e+09 1.03174540e+09
 1.03174540e+09 1.03174540e+09 1.03174540e+09 1.03174540e+09
 1.03174540e+09 1.03174540e+09 1.03174540e+09 1.03174540e+09
 1.03174540e+09 1.03174540e+09 1.03174540e+09 1.03174541e+09
 1.03174541e+09 1.03174541e+09 1.03174541e+09 1.03174541e+09
 1.03174541e+09 1.03174541e+09 1.03174541e+09 1.03174541e+09
 1.03174541e+09 1.03174541e+09 1.03174541e+09 1.03174541e+09
 1.03174541e+09 1.03174542e+09 1.03174542e+09 1.03174542e+09
 1.03174542e+09 1.03174542e+09 1.03174542e+09 1.03174542e+09
 1.03174542e+09 1.03174542e+09 1.03174542e+09 1.03174542e+09
 1.03174542e+09 1.03174542e+09 1.03174542e+09 1.03174542e+09
 1.03174543e+09 1.03174543e+09 1.03174543e+09 1.03174543e+09
 1.03174543e+09 1.03174543e+09 1.03174543e+09 1.03174543e+09
 1.03174543e+09 1.03174543e+09 1.03174543e+09 1.03174543e+09
 1.03174543e+09 1.03174543e+09 1.03174544e+09 1.03174544e+09
 1.03174544e+09 1.03174544e+09 1.03174544e+09 1.03174544e+09
 1.03174544e+09 1.03174544e+09 1.03174544e+09 1.03174544e+09
 1.03174544e+09 1.03174544e+09 1.03174544e+09 1.03174544e+09
 1.03174544e+09 1.03174545e+09 1.03174545e+09 1.03174545e+09
 1.03174545e+09 1.03174545e+09 1.03174545e+09 1.03174545e+09
 1.03174545e+09 1.03174545e+09 1.03174545e+09 1.03174545e+09
 1.03174545e+09 1.03174545e+09 1.03174545e+09 1.03174546e+09
 1.03174546e+09 1.03174546e+09 1.03174546e+09 1.03174546e+09
 1.03174546e+09 1.03174546e+09 1.03174546e+09 1.03174546e+09
 1.03174546e+09 1.03174546e+09 1.03174546e+09 1.03174546e+09
 1.03174546e+09 1.03174546e+09 1.03174547e+09 1.03174547e+09
 1.03174547e+09 1.03174547e+09 1.03174547e+09 1.03174547e+09
 1.03174547e+09 1.03174547e+09 1.03174547e+09 1.03174547e+09
 1.03174547e+09 1.03174547e+09 1.03174547e+09 1.03174547e+09
 1.03174548e+09 1.03174548e+09 1.03174548e+09 1.03174548e+09
 1.03174548e+09 1.03174548e+09 1.03174548e+09 1.03174548e+09
 1.03174548e+09 1.03174548e+09 1.03174548e+09 1.03174548e+09
 1.03174548e+09 1.03174548e+09 1.03174548e+09 1.03174549e+09
 1.03174549e+09 1.03174549e+09 1.03174549e+09 1.03174549e+09
 1.03174549e+09 1.03174549e+09 1.03174549e+09 1.03174549e+09
 1.03174549e+09 1.03174549e+09 1.03174549e+09 1.03174549e+09
 1.03174549e+09 1.03174550e+09 1.03174550e+09 1.03174550e+09
 1.03174550e+09 1.03174550e+09 1.03174550e+09 1.03174550e+09
 1.03174550e+09 1.03174550e+09 1.03174550e+09 1.03174550e+09
 1.03174550e+09 1.03174550e+09 1.03174550e+09 1.03174550e+09]
maxCov = 3030510.9808880636
maxCovTime =  [1.03174482e+09]
