name =JUICE_ROI_CAL_J_01
flyby =  ['2033 JAN 13 13:32:12', '2033 JAN 14 13:32:12']
Observation TW =  <SpiceCell dtype = 1, length = 0, size = 4400, card = 24, is_set = 1, adjust = 0, init = 1, base = 2004925611888, data = 2004925611936>
Cov(t) =  [7656540.1666263  7628913.45371295 7601322.10723847 7573766.23723591
 7546245.95403708 7518761.36827211 7491312.59086927 7463899.73305451
 7436522.9063512  7409182.22511658 7381877.79639049 7354609.73512637
 7327378.15403316 7300183.16611513 7273024.88467139 7245903.42329546
 7218818.89587463 7191771.41658957 7164761.09991367 7137788.06061254
 7110852.41374339 7083954.27465439 7057093.75898407 7030270.98266067
 7003486.06190138 6976739.11321176 6950030.2533849  6923359.60197533
 6896727.27139635 6870133.38177735 6843578.05105404 6817061.39744576
 6790583.53945362 6764144.59583625 6737744.68564801 6711383.92823514
 6685062.4432235  6658780.35051749 6632537.77029907 6606334.82302665
 6580171.62943397 6554048.31052898 6527964.98759268 6501921.78217785
 6475918.81852042 6449956.21388435 6424034.09304664 6398152.57863474
 6372311.7935414  6346511.8609233  6320752.90419965 6295035.04705065
 6269358.41341606 6243723.12749363 6218129.31373756 6192577.09685686
 6167066.60181378 6141597.9538221  6116171.27834543 6090786.70109548
 6065444.34803033 6040144.34535253 6014886.82185055 5989671.89952018
 5964499.70763351 5939370.37335251 5914284.02407412 5889240.7874282
 5864240.79127556 5839284.16370581 5814371.03303526 5789501.52780459
 5764675.77675762 5739893.90886338 5715156.05332324 5690462.33955457
 5665812.8971885  5641207.85606741 5616647.34624256 5592131.5002458
 5567660.44398604 5543234.31040441 5518853.23036236 5494517.33491732
 5470226.75532001 5445981.6230117  5421782.06962134 5397628.2269628
 5373520.22703191 5349458.20200351 5325442.28422845 5301472.60623061
 5277549.3007037  5253672.50050817 5229842.33866799 5206058.94836746
 5182322.46294784 5158633.01810133 5134990.74307397 5111395.77385936
 5087848.24439263 5064348.28874862 5040896.04113824 5017491.63590478
 4994135.20752025 4970826.89058155 4947566.81980662 4924355.13003059
 4901191.9562018  4878077.4333778  4855011.69672133 4831994.88149206
 4809027.12304554 4786108.55683521 4763239.32052406 4740419.54549131
 4717649.36956835 4694928.92853612 4672258.35824624 4649637.7946164
 4627067.3736257  4604547.23130994 4582077.50375684 4559658.32710112
 4537289.8375197  4514972.17122659 4492705.46446796 4470489.85351695
 4448325.47466854 4426212.4642343  4404150.95853707 4382141.09390561
 4360183.00870555 4338276.83518349 4316422.71169424 4294620.77453513
 4272871.15998161 4251174.00428133 4229529.44364843 4207937.61425755
 4186398.65223787 4164912.69366705 4143479.87456514 4122100.33088837
 4100774.19852286 4079501.61327836 4058282.71088177 4037117.62697075
 4016006.4970871  3994949.4586228  3973946.64298138 3952998.18730257
 3932104.22668123 3911264.89608451 3890480.33034365 3869750.66414691
 3849076.03203228 3828456.56838019 3807892.40740611 3787383.6831531
 3766930.52948419 3746533.08007484 3726191.46840515 3705905.82775209
 3685676.29118162 3665502.99154079 3645386.06144963 3625325.63515306
 3605321.84106758 3585374.81294857 3565484.68242633 3545651.58086291
 3525875.63934356 3506156.98866826 3486495.759343   3466892.08157114
 3447346.0852446  3427857.89993497 3408427.65488469 3389055.47899794
 3369741.50083163 3350485.84857522 3331288.65003002 3312150.03265484
 3293070.12352771 3274049.05109754 3255086.93811562 3236183.9122226
 3217340.09886893 3198555.62307393 3179830.60941588 3161165.1820221
 3142559.46455889 3124013.58022146 3105527.65172363 3087101.80128767
 3068736.15063384 3050430.82097    3032185.93298106 3014001.6068184
 2995877.96208918 2977815.11784556 2959813.19424254 2941872.30584685
 2923992.57165471 2906174.10838931 2888417.03216395 2870721.45847083
 2853087.5021698  2835515.27747699 2818004.89795338 2800556.47649341
 2783170.12531122 2765845.9559237  2748584.07915466 2731384.60511628
 2714247.64319604 2697173.30204494 2680161.68956554 2663212.91289998
 2646327.07998278 2629504.29326329 2612744.65910048 2596048.28147352
 2579415.26354023 2562845.7076247  2546339.71520491 2529897.3869002
 2513518.82245878 2497204.12074512 2480953.37972733 2464766.69646444
 2448644.1670937  2432585.88681778 2416591.94989191 2400662.44961105
 2384797.47829694 2368997.12874918 2353261.48837007 2337590.64795381
 2321984.69579929 2306443.71916699 2290967.80426583 2275557.03624052
 2260211.4991607  2244931.27600196 2229716.44863473 2214567.09781167
 2199483.30315437 2184465.1431401  2169512.69508843 2154626.03514798
 2139805.23828301 2125050.37826012 2110361.52763489 2095738.75909317
 2081182.14001301 2066691.7405976  2052267.62842498 2037909.86979538
 2023618.529718   2009393.67189768 1995235.35872155 1981143.65124585
 1967118.60918259 1953160.2908864  1939268.75334129 1925444.05214753
 1911686.24150846 1897995.3742175  1884371.50164501 1870814.67372537
 1857324.94019335 1843902.34556751 1830546.9366517  1817258.75750005
 1804037.85067188 1790884.25721616 1777798.0166567  1764779.16697963
 1751827.74462102 1738943.78445447 1726127.31977892 1713378.3823064
 1700697.00215002 1688083.20781195 1675537.02617159 1663058.48247375
 1650647.60031705 1638304.40164235 1626028.90785802 1613821.13527582
 1601681.10193838 1589608.82304286 1577604.31207298 1565667.5807883
 1553798.63921369 1541997.49562891 1530264.15655839 1518598.62676116
 1507000.90922099 1495471.00513667 1484008.91391252 1472614.63314907
 1461288.15863392 1450029.48433304 1438838.60239088 1427715.50413789
 1416660.17595613 1405672.60547363 1394752.7774192  1383900.67465093
 1373116.27814891 1362399.56700831 1351750.5184326  1341169.1077272
 1330655.30829325 1320209.09162178 1309830.42728809 1299519.28294645
 1289275.62432516 1279099.41522179 1268990.61749886 1258949.19107976
 1248975.09394501 1239068.28304561 1229228.71062686 1219456.32974466
 1209751.09057754 1200112.94134766 1190541.82831913 1181037.69579673
 1171600.48612505 1162230.13968795 1152926.59490846 1143689.78824906
 1134519.65421233 1125416.12534811 1116379.13225075 1107408.60355165
 1098504.46592885 1089666.64410979 1080895.06168595 1072189.63786496
 1063550.29236132 1054976.9421372  1046469.50222507 1038027.88573326
 1029652.00385212 1021341.76586057 1013097.07913324 1004917.84914812
  996803.97949468  988755.37188254  980771.92615076  972853.54027753
  965000.11039053  957211.53077779  949487.69389914  941828.49039819
  934233.80981713  926703.5377952   919237.56031343  911835.76088235
  904498.02126515  897224.22149316  890014.23988209  882867.95304881
  875785.23592579  868765.96177761  861810.00223139  854917.22728956
  848087.50534936  841320.70322348  834616.68616134  827975.31787094
  821396.46054141  814879.97546846  808425.72066373  802033.55450971
  795703.33335889  789434.91216763  783228.14452267  777082.88266838
  770998.97753464  764976.27876538  759014.63474791  753113.89264275
  747273.89841434  741494.49686224  735775.53165315  730116.84535356
  724518.27946302  718979.67444823  713500.86977762  708081.70445719
  702722.01505935  697421.63877862  692180.41145077  686998.16809664
  681874.7429603   676809.96954954  671803.68067548  666855.70849307
  661965.88454239  657134.03979054  652360.00467407  647643.60914218
  642984.68270036  638383.05445472  633838.55315688  629351.00724945
  624920.24532075  620546.09451119  616228.38302863  611966.93854526
  607761.58865977  603612.16094599  599518.48300207  595480.38250009
  591497.68723613  587570.22518084  583697.82453032  579880.31375753
  576117.52166377  572409.27742634  568755.41065921  565155.75146445
  561610.13048352  558118.37895059  554680.329063    551295.81276325
  547964.66370844  544686.71604275  541461.80477366  538289.76582665
  535170.43609996  532103.65351952  529089.25709393  526127.08696948
  523216.98448524  520358.7922281   517552.35408781  514797.51531198
  512094.12256093  509442.02396251  506841.06916667  504291.10963441
  501791.99774964  499343.5882938   496945.73754626  494598.30357835
  492301.14630814  490054.12755188  487857.11107629  485709.96265061
  483612.55009802  481564.74334672  479566.41448028  477617.43778765
  475717.68981243  473867.04940153  472065.39775321  470312.61846441
  468608.59757732  466953.22377667  465346.38782449  463787.98352651
  462277.90715621  460816.05765328  459402.33666509  458036.64858738
  456718.90060384  455449.00272473  454226.86782444  453052.41167799
  451925.55299649  450846.21346134  449814.31775745  448829.79360514
  447892.57179095  447002.58619713  446159.77390603  445364.07491846
  444615.43264894  443913.79363274  443259.10762936  442651.3276443
  442090.40994942  441576.31410188  441109.00296176  440688.44270818
  440314.60285405  439987.45625938  439706.97914308  439473.15109338
  439285.9550767   439145.37744513  439051.40794235  439004.03970811
  439003.26925941  439049.09642861  439141.52458331  439280.56050725
  439466.21437516  439698.49974877  439977.43357144  440303.03616116
  440675.33120212  441094.34573477  441560.11014435  442072.65814806
  442632.02678061  443238.25637843  443891.39056246  444591.47621939
  445338.56348165  446132.7057059   446973.95936989  447862.38436511
  448798.04350258  449781.00279412  450811.33134825  451889.10134087
  453014.38798462  454187.26949699  455407.82706738  456676.14482286
  457992.30979284  459356.41187266  460768.54378606  462228.80104663
  463737.28191823  465294.0873744   466899.32105683  468553.08907711
  470255.50059207  472006.66683824  473806.70169654  475655.72149508
  477553.84496257  479501.19318095  481497.88953734  483544.05967534
  485639.83144565  487785.33485615  489980.70202137  492226.06711144
  494521.56630058  496867.33771505  499263.52138074  501710.25917672
  504207.69477585  506755.97334364  509355.24244365  512005.65056389
  514707.34800434  517460.48658826  520265.21960767  523121.7017686
  526030.08913633  528990.53908048  532003.21022006  535068.2623685
  538185.8564787   541356.1545881   544579.31976373  547855.5160475
  551184.90840141  554567.662653    558003.94511936  561493.92383411
  565037.76657895  568635.64210107  572287.719743    575994.16938921
  579755.16142004  583570.86666598  587441.456321    591367.10190803
  595347.97522852  599384.24831102  603476.09336024  607623.68270644
  611827.18875535  616086.78393845  620402.64066385  624774.93126757
  629203.82755149  633689.5023858   638232.1271946   642831.87354886
  647488.9127118   652203.41559343  656975.55270559  661805.49411767
  666693.4094129   671639.46764517  676643.83729657  681706.68623546
  686828.18167525  692008.49013328  697247.77738777  702546.20844486
  707903.94749804  713321.15738357  718798.0015606   724334.64105655
  729931.2364375   735587.94727264  741304.93209948  747082.34838995
  752920.35251698  758819.09972184  764778.74408219  770799.43848074
  776881.33457461  783024.58276539  789229.33216986  795495.73059139
  801823.924492    808214.05896512  814666.27770904  821180.72239318
  827757.53505815  834396.85446197  841098.81846987  847863.56342901
  854691.22414593  861581.93386462  868535.82424522  875553.02534338
  882633.66559026  889777.87177706  896985.76903438  904257.4808056
  911593.1288357   918992.83315452  926456.71206056  933984.88210541
  941577.45737078  949234.55228001  956956.27735449  964742.74201434
  972594.05386381  980510.31867933  988491.64039795  996538.1211065
 1004649.86103126 1012826.95852816 1021069.51007353 1029377.61025542
 1037751.3517654  1046190.82539095 1054696.12000828 1063267.32257574
 1071904.5181277  1080607.78976889 1089377.21785201 1098212.88323609
 1107114.86239698 1116083.23067438 1125118.06145742 1134219.42618186
 1143387.39432714 1152622.03340705 1161923.40898269 1171291.58465816
 1180726.62207697 1190228.58092169 1199797.51891415 1209433.49181588
 1219136.55342907 1228906.7555978  1238744.14820972 1248648.77827526
 1258620.69361485 1268659.93734375 1278766.55154749 1288940.57636871
 1299182.05001088 1309491.00874242 1319867.48690105 1330311.51689846
 1340823.12922533 1351402.35245662 1362049.21325714 1372763.73638751
 1383545.94471018 1394395.859196   1405313.49893082 1416298.88112253
 1427352.02110823 1438472.93132601 1449661.62545922 1460918.11224906
 1472242.39962613 1483634.49368886 1495094.39871429 1506622.11716609
 1518217.6497036  1529880.99519114 1541612.15070752 1553411.11155572
 1565277.87127274 1577212.4216397  1589214.75269205 1601284.85272998
 1613422.70832892 1625628.30435035 1637901.62280989 1650242.64745289
 1662651.35692819 1675127.72935139 1687671.74117982 1700283.36722413
 1712962.58065991 1725709.35303951 1738523.65430389 1751405.45279466
 1764354.71526611 1777371.40689747 1790455.49130515 1803606.93055509
 1816825.68517525 1830111.7141681  1843464.97502323 1856885.42373075
 1870373.01356092 1883927.70005724 1897549.43353541 1911238.16411059
 1924993.84046114 1938816.40984159 1952705.81809577 1966662.0096698
 1980684.92762534 1994774.5136527  2008930.70808406 2023153.44990677
 2037442.67677659 2051798.32503098 2066220.32970246 2080708.62453193
 2095263.14198203 2109883.81188996 2124570.56691701 2139323.33441689
 2154142.04187304 2169026.61555755 2183976.98054458 2198993.06072372
 2214074.77881338 2229222.05637414 2244434.81382211 2259712.97044225
 2275056.44440171 2290465.15276309 2305939.01149772 2321477.93549892
 2337081.83859519 2352750.63356341 2368484.23214196 2384282.54358529
 2400145.48054684 2416072.95026426 2432064.86045185 2448121.11785001
 2464241.62823814 2480426.29644747 2496675.02637392 2512987.72099089
 2529364.28236197 2545804.61165366 2562308.60914799 2578876.17425512
 2595507.2055259  2612201.6006643  2628959.25653995 2645780.06920042
 2662663.93231299 2679610.74345345 2696620.39471226 2713692.77897156
 2730827.78835248 2748025.31422717 2765285.24723077 2782607.47727327
 2799991.89355137 2817438.38456023 2834946.83810514 2852517.14131317
 2870149.18064474 2887842.84190502 2905598.01025543 2923414.57022494
 2941292.40572132 2959231.40004237 2977231.43421381 2995292.39369457
 3013414.15835131 3031596.60915221 3049839.62651015 3068143.09029339
 3086506.87983629 3104930.87394979 3123414.95093201 3141958.98857858
 3160562.86419301 3179226.45459697 3197949.63614043 3216732.2847118
 3235574.27574789 3254475.48424392 3273435.78476333 3292455.04967891
 3311533.1562517  3330669.97604502 3349865.3819922  3369119.24664295
 3388431.44217267 3407801.84039169 3427230.31275461 3446716.73036934
 3466260.96400616 3485862.88410672 3505522.36079293 3525239.26387571
 3545013.46286379 3564844.82697232 3584733.22513145 3604678.52599479
 3624680.59794788 3644739.30725151 3664854.52551009 3685026.11849702
 3705253.95360721 3725537.89800812 3745877.81864779 3766273.58226268
 3786725.05538545 3807232.10435275 3827794.59531279 3848412.39423293
 3869085.36690721 3889813.37896371 3910596.29587197 3931433.98295015
 3952326.3053723  3973273.12817548 3994274.31626675 4015329.73247265
 4036439.24537109 4057602.7175682  4078820.01352006 4100090.99758683
 4121415.53403933 4142793.48706562 4164224.72077742 4185709.09921645
 4207246.48636077 4228836.74613098 4250479.74239639 4272175.33898106
 4293923.39966985 4315723.78821434 4337576.36833867 4359481.00374535
 4381437.55607995 4403445.89310869 4425505.87649077 4447617.36989987
 4469780.23701488 4491994.34152567 4514259.54713847 4536575.71758101
 4558942.71660773 4581360.40800488 4603828.65559553 4626347.3232445
 4648916.27486337 4671535.37441525 4694204.48591957 4716923.47345682
 4739692.20117322 4762510.53328529 4785378.33195888 4808295.46581122
 4831261.79717587 4854277.1905954  4877341.5107049  4900454.62223607
 4923616.39002149 4946826.67899874 4970085.35421447 4993392.2808284
 5016747.3241173  5040150.3494789  5063601.2224357  5087099.8086388
 5110645.97387162 5134239.58405361 5157880.50524382 5181568.60144294
 5205303.74339881 5229085.79541343 5252914.62413961 5276790.09638715
 5300712.07912613 5324680.43949019 5348695.04477969 5372755.76246491
 5396862.46019111 5421015.00579261 5445213.26727115 5469457.11280717
 5493746.41076578 5518081.02969953 5542460.83835135 5566885.70565714
 5591355.50074865 5615870.09067777 5640429.34952802 5665033.14476017
 5689681.3463152  5714373.82434274 5739110.44920356 5763891.09147185
 5788715.62193775 5813583.91160952 5838495.83171589 5863451.25370826
 5888450.04926297 5913492.09028335 5938577.24890191 5963705.39748238
 5988876.40862176 6014090.15515233 6039346.50779658 6064645.34455322
 6089986.53662886 6115369.95781607 6140795.48215208 6166262.98392059
 6191772.33765351 6217323.41813264 6242916.10039136 6268550.25971625
 6294225.77164865 6319942.51198634 6345700.35678492 6371499.18235941
 6397338.86528567 6423219.28240185 6449140.31080975 6475101.82787627
 6501103.70882428 6527145.83638784 6553228.0863242  6579350.33707307
 6605512.46734543 6631714.35612471 6657955.88266798 6684236.92650701
 6710557.36744944 6736917.08557978 6763315.96126054 6789753.87513316
 6816230.70811905 6842746.34142052 6869300.65652174 6895893.53518967
 6922524.85947486 6949194.50923438 6975902.37204117 7002648.32832731
 7029432.2612863  7056254.05439932 7083113.59143598 7110010.75645501
 7136945.433805   7163917.50812498 7190926.86434516 7217973.38768748
 7245056.96366622 7272177.47808859 7299334.81705528 7326528.86696099
 7353759.51449496 7381026.6466414  7408330.15068003 7435669.91164634
 7463045.82248929 7490457.76884083 7517905.63916689 7545389.32223091
 7572908.70709421 7600463.68311629 7628054.13995522 7655679.96756336]
t =  [1.04255056e+09 1.04255056e+09 1.04255056e+09 1.04255056e+09
 1.04255057e+09 1.04255057e+09 1.04255057e+09 1.04255057e+09
 1.04255057e+09 1.04255057e+09 1.04255057e+09 1.04255057e+09
 1.04255058e+09 1.04255058e+09 1.04255058e+09 1.04255058e+09
 1.04255058e+09 1.04255058e+09 1.04255058e+09 1.04255058e+09
 1.04255059e+09 1.04255059e+09 1.04255059e+09 1.04255059e+09
 1.04255059e+09 1.04255059e+09 1.04255059e+09 1.04255059e+09
 1.04255060e+09 1.04255060e+09 1.04255060e+09 1.04255060e+09
 1.04255060e+09 1.04255060e+09 1.04255060e+09 1.04255061e+09
 1.04255061e+09 1.04255061e+09 1.04255061e+09 1.04255061e+09
 1.04255061e+09 1.04255061e+09 1.04255061e+09 1.04255062e+09
 1.04255062e+09 1.04255062e+09 1.04255062e+09 1.04255062e+09
 1.04255062e+09 1.04255062e+09 1.04255062e+09 1.04255063e+09
 1.04255063e+09 1.04255063e+09 1.04255063e+09 1.04255063e+09
 1.04255063e+09 1.04255063e+09 1.04255063e+09 1.04255064e+09
 1.04255064e+09 1.04255064e+09 1.04255064e+09 1.04255064e+09
 1.04255064e+09 1.04255064e+09 1.04255064e+09 1.04255065e+09
 1.04255065e+09 1.04255065e+09 1.04255065e+09 1.04255065e+09
 1.04255065e+09 1.04255065e+09 1.04255066e+09 1.04255066e+09
 1.04255066e+09 1.04255066e+09 1.04255066e+09 1.04255066e+09
 1.04255066e+09 1.04255066e+09 1.04255067e+09 1.04255067e+09
 1.04255067e+09 1.04255067e+09 1.04255067e+09 1.04255067e+09
 1.04255067e+09 1.04255067e+09 1.04255068e+09 1.04255068e+09
 1.04255068e+09 1.04255068e+09 1.04255068e+09 1.04255068e+09
 1.04255068e+09 1.04255068e+09 1.04255069e+09 1.04255069e+09
 1.04255069e+09 1.04255069e+09 1.04255069e+09 1.04255069e+09
 1.04255069e+09 1.04255070e+09 1.04255070e+09 1.04255070e+09
 1.04255070e+09 1.04255070e+09 1.04255070e+09 1.04255070e+09
 1.04255070e+09 1.04255071e+09 1.04255071e+09 1.04255071e+09
 1.04255071e+09 1.04255071e+09 1.04255071e+09 1.04255071e+09
 1.04255071e+09 1.04255072e+09 1.04255072e+09 1.04255072e+09
 1.04255072e+09 1.04255072e+09 1.04255072e+09 1.04255072e+09
 1.04255072e+09 1.04255073e+09 1.04255073e+09 1.04255073e+09
 1.04255073e+09 1.04255073e+09 1.04255073e+09 1.04255073e+09
 1.04255073e+09 1.04255074e+09 1.04255074e+09 1.04255074e+09
 1.04255074e+09 1.04255074e+09 1.04255074e+09 1.04255074e+09
 1.04255075e+09 1.04255075e+09 1.04255075e+09 1.04255075e+09
 1.04255075e+09 1.04255075e+09 1.04255075e+09 1.04255075e+09
 1.04255076e+09 1.04255076e+09 1.04255076e+09 1.04255076e+09
 1.04255076e+09 1.04255076e+09 1.04255076e+09 1.04255076e+09
 1.04255077e+09 1.04255077e+09 1.04255077e+09 1.04255077e+09
 1.04255077e+09 1.04255077e+09 1.04255077e+09 1.04255077e+09
 1.04255078e+09 1.04255078e+09 1.04255078e+09 1.04255078e+09
 1.04255078e+09 1.04255078e+09 1.04255078e+09 1.04255078e+09
 1.04255079e+09 1.04255079e+09 1.04255079e+09 1.04255079e+09
 1.04255079e+09 1.04255079e+09 1.04255079e+09 1.04255080e+09
 1.04255080e+09 1.04255080e+09 1.04255080e+09 1.04255080e+09
 1.04255080e+09 1.04255080e+09 1.04255080e+09 1.04255081e+09
 1.04255081e+09 1.04255081e+09 1.04255081e+09 1.04255081e+09
 1.04255081e+09 1.04255081e+09 1.04255081e+09 1.04255082e+09
 1.04255082e+09 1.04255082e+09 1.04255082e+09 1.04255082e+09
 1.04255082e+09 1.04255082e+09 1.04255082e+09 1.04255083e+09
 1.04255083e+09 1.04255083e+09 1.04255083e+09 1.04255083e+09
 1.04255083e+09 1.04255083e+09 1.04255083e+09 1.04255084e+09
 1.04255084e+09 1.04255084e+09 1.04255084e+09 1.04255084e+09
 1.04255084e+09 1.04255084e+09 1.04255085e+09 1.04255085e+09
 1.04255085e+09 1.04255085e+09 1.04255085e+09 1.04255085e+09
 1.04255085e+09 1.04255085e+09 1.04255086e+09 1.04255086e+09
 1.04255086e+09 1.04255086e+09 1.04255086e+09 1.04255086e+09
 1.04255086e+09 1.04255086e+09 1.04255087e+09 1.04255087e+09
 1.04255087e+09 1.04255087e+09 1.04255087e+09 1.04255087e+09
 1.04255087e+09 1.04255087e+09 1.04255088e+09 1.04255088e+09
 1.04255088e+09 1.04255088e+09 1.04255088e+09 1.04255088e+09
 1.04255088e+09 1.04255089e+09 1.04255089e+09 1.04255089e+09
 1.04255089e+09 1.04255089e+09 1.04255089e+09 1.04255089e+09
 1.04255089e+09 1.04255090e+09 1.04255090e+09 1.04255090e+09
 1.04255090e+09 1.04255090e+09 1.04255090e+09 1.04255090e+09
 1.04255090e+09 1.04255091e+09 1.04255091e+09 1.04255091e+09
 1.04255091e+09 1.04255091e+09 1.04255091e+09 1.04255091e+09
 1.04255091e+09 1.04255092e+09 1.04255092e+09 1.04255092e+09
 1.04255092e+09 1.04255092e+09 1.04255092e+09 1.04255092e+09
 1.04255092e+09 1.04255093e+09 1.04255093e+09 1.04255093e+09
 1.04255093e+09 1.04255093e+09 1.04255093e+09 1.04255093e+09
 1.04255094e+09 1.04255094e+09 1.04255094e+09 1.04255094e+09
 1.04255094e+09 1.04255094e+09 1.04255094e+09 1.04255094e+09
 1.04255095e+09 1.04255095e+09 1.04255095e+09 1.04255095e+09
 1.04255095e+09 1.04255095e+09 1.04255095e+09 1.04255095e+09
 1.04255096e+09 1.04255096e+09 1.04255096e+09 1.04255096e+09
 1.04255096e+09 1.04255096e+09 1.04255096e+09 1.04255096e+09
 1.04255097e+09 1.04255097e+09 1.04255097e+09 1.04255097e+09
 1.04255097e+09 1.04255097e+09 1.04255097e+09 1.04255097e+09
 1.04255098e+09 1.04255098e+09 1.04255098e+09 1.04255098e+09
 1.04255098e+09 1.04255098e+09 1.04255098e+09 1.04255099e+09
 1.04255099e+09 1.04255099e+09 1.04255099e+09 1.04255099e+09
 1.04255099e+09 1.04255099e+09 1.04255099e+09 1.04255100e+09
 1.04255100e+09 1.04255100e+09 1.04255100e+09 1.04255100e+09
 1.04255100e+09 1.04255100e+09 1.04255100e+09 1.04255101e+09
 1.04255101e+09 1.04255101e+09 1.04255101e+09 1.04255101e+09
 1.04255101e+09 1.04255101e+09 1.04255101e+09 1.04255102e+09
 1.04255102e+09 1.04255102e+09 1.04255102e+09 1.04255102e+09
 1.04255102e+09 1.04255102e+09 1.04255102e+09 1.04255103e+09
 1.04255103e+09 1.04255103e+09 1.04255103e+09 1.04255103e+09
 1.04255103e+09 1.04255103e+09 1.04255104e+09 1.04255104e+09
 1.04255104e+09 1.04255104e+09 1.04255104e+09 1.04255104e+09
 1.04255104e+09 1.04255104e+09 1.04255105e+09 1.04255105e+09
 1.04255105e+09 1.04255105e+09 1.04255105e+09 1.04255105e+09
 1.04255105e+09 1.04255105e+09 1.04255106e+09 1.04255106e+09
 1.04255106e+09 1.04255106e+09 1.04255106e+09 1.04255106e+09
 1.04255106e+09 1.04255106e+09 1.04255107e+09 1.04255107e+09
 1.04255107e+09 1.04255107e+09 1.04255107e+09 1.04255107e+09
 1.04255107e+09 1.04255108e+09 1.04255108e+09 1.04255108e+09
 1.04255108e+09 1.04255108e+09 1.04255108e+09 1.04255108e+09
 1.04255108e+09 1.04255109e+09 1.04255109e+09 1.04255109e+09
 1.04255109e+09 1.04255109e+09 1.04255109e+09 1.04255109e+09
 1.04255109e+09 1.04255110e+09 1.04255110e+09 1.04255110e+09
 1.04255110e+09 1.04255110e+09 1.04255110e+09 1.04255110e+09
 1.04255110e+09 1.04255111e+09 1.04255111e+09 1.04255111e+09
 1.04255111e+09 1.04255111e+09 1.04255111e+09 1.04255111e+09
 1.04255111e+09 1.04255112e+09 1.04255112e+09 1.04255112e+09
 1.04255112e+09 1.04255112e+09 1.04255112e+09 1.04255112e+09
 1.04255113e+09 1.04255113e+09 1.04255113e+09 1.04255113e+09
 1.04255113e+09 1.04255113e+09 1.04255113e+09 1.04255113e+09
 1.04255114e+09 1.04255114e+09 1.04255114e+09 1.04255114e+09
 1.04255114e+09 1.04255114e+09 1.04255114e+09 1.04255114e+09
 1.04255115e+09 1.04255115e+09 1.04255115e+09 1.04255115e+09
 1.04255115e+09 1.04255115e+09 1.04255115e+09 1.04255115e+09
 1.04255116e+09 1.04255116e+09 1.04255116e+09 1.04255116e+09
 1.04255116e+09 1.04255116e+09 1.04255116e+09 1.04255116e+09
 1.04255117e+09 1.04255117e+09 1.04255117e+09 1.04255117e+09
 1.04255117e+09 1.04255117e+09 1.04255117e+09 1.04255118e+09
 1.04255118e+09 1.04255118e+09 1.04255118e+09 1.04255118e+09
 1.04255118e+09 1.04255118e+09 1.04255118e+09 1.04255119e+09
 1.04255119e+09 1.04255119e+09 1.04255119e+09 1.04255119e+09
 1.04255119e+09 1.04255119e+09 1.04255119e+09 1.04255120e+09
 1.04255120e+09 1.04255120e+09 1.04255120e+09 1.04255120e+09
 1.04255120e+09 1.04255120e+09 1.04255120e+09 1.04255121e+09
 1.04255121e+09 1.04255121e+09 1.04255121e+09 1.04255121e+09
 1.04255121e+09 1.04255121e+09 1.04255122e+09 1.04255122e+09
 1.04255122e+09 1.04255122e+09 1.04255122e+09 1.04255122e+09
 1.04255122e+09 1.04255122e+09 1.04255123e+09 1.04255123e+09
 1.04255123e+09 1.04255123e+09 1.04255123e+09 1.04255123e+09
 1.04255123e+09 1.04255123e+09 1.04255124e+09 1.04255124e+09
 1.04255124e+09 1.04255124e+09 1.04255124e+09 1.04255124e+09
 1.04255124e+09 1.04255124e+09 1.04255125e+09 1.04255125e+09
 1.04255125e+09 1.04255125e+09 1.04255125e+09 1.04255125e+09
 1.04255125e+09 1.04255125e+09 1.04255126e+09 1.04255126e+09
 1.04255126e+09 1.04255126e+09 1.04255126e+09 1.04255126e+09
 1.04255126e+09 1.04255127e+09 1.04255127e+09 1.04255127e+09
 1.04255127e+09 1.04255127e+09 1.04255127e+09 1.04255127e+09
 1.04255127e+09 1.04255128e+09 1.04255128e+09 1.04255128e+09
 1.04255128e+09 1.04255128e+09 1.04255128e+09 1.04255128e+09
 1.04255128e+09 1.04255129e+09 1.04255129e+09 1.04255129e+09
 1.04255129e+09 1.04255129e+09 1.04255129e+09 1.04255129e+09
 1.04255129e+09 1.04255130e+09 1.04255130e+09 1.04255130e+09
 1.04255130e+09 1.04255130e+09 1.04255130e+09 1.04255130e+09
 1.04255130e+09 1.04255131e+09 1.04255131e+09 1.04255131e+09
 1.04255131e+09 1.04255131e+09 1.04255131e+09 1.04255131e+09
 1.04255132e+09 1.04255132e+09 1.04255132e+09 1.04255132e+09
 1.04255132e+09 1.04255132e+09 1.04255132e+09 1.04255132e+09
 1.04255133e+09 1.04255133e+09 1.04255133e+09 1.04255133e+09
 1.04255133e+09 1.04255133e+09 1.04255133e+09 1.04255133e+09
 1.04255134e+09 1.04255134e+09 1.04255134e+09 1.04255134e+09
 1.04255134e+09 1.04255134e+09 1.04255134e+09 1.04255134e+09
 1.04255135e+09 1.04255135e+09 1.04255135e+09 1.04255135e+09
 1.04255135e+09 1.04255135e+09 1.04255135e+09 1.04255135e+09
 1.04255136e+09 1.04255136e+09 1.04255136e+09 1.04255136e+09
 1.04255136e+09 1.04255136e+09 1.04255136e+09 1.04255137e+09
 1.04255137e+09 1.04255137e+09 1.04255137e+09 1.04255137e+09
 1.04255137e+09 1.04255137e+09 1.04255137e+09 1.04255138e+09
 1.04255138e+09 1.04255138e+09 1.04255138e+09 1.04255138e+09
 1.04255138e+09 1.04255138e+09 1.04255138e+09 1.04255139e+09
 1.04255139e+09 1.04255139e+09 1.04255139e+09 1.04255139e+09
 1.04255139e+09 1.04255139e+09 1.04255139e+09 1.04255140e+09
 1.04255140e+09 1.04255140e+09 1.04255140e+09 1.04255140e+09
 1.04255140e+09 1.04255140e+09 1.04255141e+09 1.04255141e+09
 1.04255141e+09 1.04255141e+09 1.04255141e+09 1.04255141e+09
 1.04255141e+09 1.04255141e+09 1.04255142e+09 1.04255142e+09
 1.04255142e+09 1.04255142e+09 1.04255142e+09 1.04255142e+09
 1.04255142e+09 1.04255142e+09 1.04255143e+09 1.04255143e+09
 1.04255143e+09 1.04255143e+09 1.04255143e+09 1.04255143e+09
 1.04255143e+09 1.04255143e+09 1.04255144e+09 1.04255144e+09
 1.04255144e+09 1.04255144e+09 1.04255144e+09 1.04255144e+09
 1.04255144e+09 1.04255144e+09 1.04255145e+09 1.04255145e+09
 1.04255145e+09 1.04255145e+09 1.04255145e+09 1.04255145e+09
 1.04255145e+09 1.04255146e+09 1.04255146e+09 1.04255146e+09
 1.04255146e+09 1.04255146e+09 1.04255146e+09 1.04255146e+09
 1.04255146e+09 1.04255147e+09 1.04255147e+09 1.04255147e+09
 1.04255147e+09 1.04255147e+09 1.04255147e+09 1.04255147e+09
 1.04255147e+09 1.04255148e+09 1.04255148e+09 1.04255148e+09
 1.04255148e+09 1.04255148e+09 1.04255148e+09 1.04255148e+09
 1.04255148e+09 1.04255149e+09 1.04255149e+09 1.04255149e+09
 1.04255149e+09 1.04255149e+09 1.04255149e+09 1.04255149e+09
 1.04255149e+09 1.04255150e+09 1.04255150e+09 1.04255150e+09
 1.04255150e+09 1.04255150e+09 1.04255150e+09 1.04255150e+09
 1.04255151e+09 1.04255151e+09 1.04255151e+09 1.04255151e+09
 1.04255151e+09 1.04255151e+09 1.04255151e+09 1.04255151e+09
 1.04255152e+09 1.04255152e+09 1.04255152e+09 1.04255152e+09
 1.04255152e+09 1.04255152e+09 1.04255152e+09 1.04255152e+09
 1.04255153e+09 1.04255153e+09 1.04255153e+09 1.04255153e+09
 1.04255153e+09 1.04255153e+09 1.04255153e+09 1.04255153e+09
 1.04255154e+09 1.04255154e+09 1.04255154e+09 1.04255154e+09
 1.04255154e+09 1.04255154e+09 1.04255154e+09 1.04255154e+09
 1.04255155e+09 1.04255155e+09 1.04255155e+09 1.04255155e+09
 1.04255155e+09 1.04255155e+09 1.04255155e+09 1.04255156e+09
 1.04255156e+09 1.04255156e+09 1.04255156e+09 1.04255156e+09
 1.04255156e+09 1.04255156e+09 1.04255156e+09 1.04255157e+09
 1.04255157e+09 1.04255157e+09 1.04255157e+09 1.04255157e+09
 1.04255157e+09 1.04255157e+09 1.04255157e+09 1.04255158e+09
 1.04255158e+09 1.04255158e+09 1.04255158e+09 1.04255158e+09
 1.04255158e+09 1.04255158e+09 1.04255158e+09 1.04255159e+09
 1.04255159e+09 1.04255159e+09 1.04255159e+09 1.04255159e+09
 1.04255159e+09 1.04255159e+09 1.04255160e+09 1.04255160e+09
 1.04255160e+09 1.04255160e+09 1.04255160e+09 1.04255160e+09
 1.04255160e+09 1.04255160e+09 1.04255161e+09 1.04255161e+09
 1.04255161e+09 1.04255161e+09 1.04255161e+09 1.04255161e+09
 1.04255161e+09 1.04255161e+09 1.04255162e+09 1.04255162e+09
 1.04255162e+09 1.04255162e+09 1.04255162e+09 1.04255162e+09
 1.04255162e+09 1.04255162e+09 1.04255163e+09 1.04255163e+09
 1.04255163e+09 1.04255163e+09 1.04255163e+09 1.04255163e+09
 1.04255163e+09 1.04255163e+09 1.04255164e+09 1.04255164e+09
 1.04255164e+09 1.04255164e+09 1.04255164e+09 1.04255164e+09
 1.04255164e+09 1.04255165e+09 1.04255165e+09 1.04255165e+09
 1.04255165e+09 1.04255165e+09 1.04255165e+09 1.04255165e+09
 1.04255165e+09 1.04255166e+09 1.04255166e+09 1.04255166e+09
 1.04255166e+09 1.04255166e+09 1.04255166e+09 1.04255166e+09
 1.04255166e+09 1.04255167e+09 1.04255167e+09 1.04255167e+09
 1.04255167e+09 1.04255167e+09 1.04255167e+09 1.04255167e+09
 1.04255167e+09 1.04255168e+09 1.04255168e+09 1.04255168e+09
 1.04255168e+09 1.04255168e+09 1.04255168e+09 1.04255168e+09
 1.04255168e+09 1.04255169e+09 1.04255169e+09 1.04255169e+09
 1.04255169e+09 1.04255169e+09 1.04255169e+09 1.04255169e+09
 1.04255170e+09 1.04255170e+09 1.04255170e+09 1.04255170e+09
 1.04255170e+09 1.04255170e+09 1.04255170e+09 1.04255170e+09
 1.04255171e+09 1.04255171e+09 1.04255171e+09 1.04255171e+09
 1.04255171e+09 1.04255171e+09 1.04255171e+09 1.04255171e+09
 1.04255172e+09 1.04255172e+09 1.04255172e+09 1.04255172e+09
 1.04255172e+09 1.04255172e+09 1.04255172e+09 1.04255172e+09
 1.04255173e+09 1.04255173e+09 1.04255173e+09 1.04255173e+09
 1.04255173e+09 1.04255173e+09 1.04255173e+09 1.04255173e+09
 1.04255174e+09 1.04255174e+09 1.04255174e+09 1.04255174e+09
 1.04255174e+09 1.04255174e+09 1.04255174e+09 1.04255175e+09
 1.04255175e+09 1.04255175e+09 1.04255175e+09 1.04255175e+09
 1.04255175e+09 1.04255175e+09 1.04255175e+09 1.04255176e+09
 1.04255176e+09 1.04255176e+09 1.04255176e+09 1.04255176e+09
 1.04255176e+09 1.04255176e+09 1.04255176e+09 1.04255177e+09
 1.04255177e+09 1.04255177e+09 1.04255177e+09 1.04255177e+09
 1.04255177e+09 1.04255177e+09 1.04255177e+09 1.04255178e+09
 1.04255178e+09 1.04255178e+09 1.04255178e+09 1.04255178e+09
 1.04255178e+09 1.04255178e+09 1.04255179e+09 1.04255179e+09
 1.04255179e+09 1.04255179e+09 1.04255179e+09 1.04255179e+09
 1.04255179e+09 1.04255179e+09 1.04255180e+09 1.04255180e+09
 1.04255180e+09 1.04255180e+09 1.04255180e+09 1.04255180e+09
 1.04255180e+09 1.04255180e+09 1.04255181e+09 1.04255181e+09
 1.04255181e+09 1.04255181e+09 1.04255181e+09 1.04255181e+09
 1.04255181e+09 1.04255181e+09 1.04255182e+09 1.04255182e+09
 1.04255182e+09 1.04255182e+09 1.04255182e+09 1.04255182e+09
 1.04255182e+09 1.04255182e+09 1.04255183e+09 1.04255183e+09
 1.04255183e+09 1.04255183e+09 1.04255183e+09 1.04255183e+09
 1.04255183e+09 1.04255184e+09 1.04255184e+09 1.04255184e+09
 1.04255184e+09 1.04255184e+09 1.04255184e+09 1.04255184e+09]
maxCov = 7656540.166626302
maxCovTime =  [1.04255056e+09]
