name =JUICE_ROI_CAL_J_01
flyby =  ['2033 MAY 10 08:21:32', '2033 MAY 11 08:21:32']
Observation TW =  <SpiceCell dtype = 1, length = 0, size = 4400, card = 24, is_set = 1, adjust = 0, init = 1, base = 2004925611888, data = 2004925611936>
Cov(t) =  [7656356.19779154 7635484.64732806 7614643.61041496 7593833.15322227
 7573053.33533654 7552304.22302743 7531585.88039869 7510898.37379658
 7490241.76301966 7469616.11450691 7449021.49254085 7428457.96362983
 7407925.58777032 7387424.43155614 7366954.55943411 7346516.03805984
 7326108.92761325 7305733.29482794 7285389.20429998 7265076.7206603
 7244795.91071913 7224546.83485867 7204329.55996595 7184144.15080245
 7163990.67429934 7143869.1909942  7123779.76787851 7103722.46982754
 7083697.36386846 7063704.51067151 7043743.97731575 7023815.82877328
 7003920.13003775 6984056.94823203 6964226.34416827 6944428.38501027
 6924663.1358265  6904930.66379634 6885231.02982553 6865564.30112523
 6845930.54282058 6826329.8221289  6806762.20003122 6787227.74376729
 6767726.51850005 6748258.59146572 6728824.02370174 6709422.88245704
 6690055.23291302 6670721.14025251 6651420.67170764 6632153.8883589
 6612920.85743868 6593721.64412318 6574556.3156184  6555424.93301663
 6536327.56351379 6517264.27225878 6498235.12641051 6479240.18705234
 6460279.52132255 6441353.19432143 6422461.27313933 6403603.81882938
 6384780.89845038 6365992.57703228 6347238.91958396 6328519.99307897
 6309835.85850281 6291186.58278378 6272572.23083209 6253992.86950204
 6235448.55969766 6216939.36821626 6198465.3598466  6180026.60130076
 6161623.15337948 6143255.08272611 6124922.45398442 6106625.33370048
 6088363.7825482  6070137.86699291 6051947.65150935 6033793.20052613
 6015674.58034757 5997591.85145505 5979545.08005674 5961534.3303814
 5943559.66851186 5925621.15474761 5907718.85506275 5889852.83346084
 5872023.15577773 5854229.8821057  5836473.07815894 5818752.80769005
 5801069.13438473 5783422.12373336 5765811.83553279 5748238.33513528
 5730701.68594257 5713201.95313864 5695739.19625421 5678313.48032172
 5660924.86843189 5643573.42543515 5626259.21056903 5608982.28851867
 5591742.72203631 5574540.57561108 5557375.90815985 5540248.78399249
 5523159.2654948  5506107.41495655 5489093.29637552 5472116.96822933
 5455178.49433135 5438277.93657273 5421415.35852536 5404590.81828085
 5387804.37919927 5371056.10273624 5354346.05200844 5337674.28469357
 5321040.86368188 5304445.84996803 5287889.30618402 5271371.28956446
 5254891.86250017 5238451.08549526 5222049.01892652 5205685.72477825
 5189361.25968962 5173075.68538507 5156829.06171344 5140621.45010698
 5124452.90669493 5108323.49263458 5092233.2672166  5076182.29129079
 5060170.62044627 5044198.3152427  5028265.43438208 5012372.03641445
 4996518.18141848 4980703.92426534 4964929.32472439 4949194.44071858
 4933499.33167488 4917844.05185573 4902228.66036332 4886653.21446261
 4871117.77289782 4855622.38929177 4840167.12204839 4824752.02774355
 4809377.16440748 4794042.58499247 4778748.34717289 4763494.50680431
 4748281.11955732 4733108.24252568 4717975.92777979 4702884.23204185
 4687833.21024852 4672822.91871315 4657853.40876474 4642924.73632023
 4628036.95549855 4613190.12179114 4598384.28575407 4583619.50247154
 4568895.82523932 4554213.30870049 4539572.0026074  4524971.96118048
 4510413.23686147 4495895.88187381 4481419.94975667 4466985.48921485
 4452592.55334577 4438241.19348063 4423931.46224107 4409663.40745978
 4395437.08130157 4381252.53417511 4367109.81775429 4353008.97896978
 4338950.06902371 4324933.13737237 4310958.23471197 4297025.4070417
 4283134.70457129 4269286.17577519 4255479.86887776 4241715.83331185
 4227994.11387137 4214314.75948461 4200677.81735793 4187083.33588094
 4173531.3588513  4160021.93413996 4146555.10790686 4133130.92747016
 4119749.43560336 4106410.67909208 4093114.70302216 4079861.55220666
 4066651.27258555 4053483.90561394 4040359.49668244 4027278.08949979
 4014239.72888692 4001244.45521532 3988292.31272904 3975383.34399837
 3962517.59267069 3949695.09800524 3936915.903074   3924180.04928727
 3911487.57910794 3898838.53065991 3886232.94581855 3873670.86481009
 3861152.32756103 3848677.37502001 3836246.04385883 3823858.37442432
 3811514.40543021 3799214.17658819 3786957.72338342 3774745.084915
 3762576.29866217 3750451.40307831 3738370.43244098 3726333.42458076
 3714340.41572199 3702391.44303955 3690486.53958378 3678625.74189721
 3666809.08493017 3655036.60331169 3643308.33259219 3631624.30426241
 3619984.55322949 3608389.11282655 3596838.01728513 3585331.29682957
 3573868.98504025 3562451.11393845 3551077.71642136 3539748.82143191
 3528464.46120896 3517224.66644769 3506029.46751074 3494878.89563019
 3483772.97813733 3472711.74557468 3461695.22696072 3450723.45213988
 3439796.44712341 3428914.24108375 3418076.86168589 3407284.33739954
 3396536.69291625 3385833.95602963 3375176.15304308 3364563.31104385
 3353995.45339676 3343472.60650994 3332994.79531908 3322562.04441724
 3312174.37915596 3301831.82123493 3291534.39532427 3281282.12464469
 3271075.03315567 3260913.14122198 3250796.47212107 3240725.0477
 3230698.89052542 3220718.01962709 3210782.45689009 3200892.22278877
 3191047.33849838 3181247.82171579 3171493.69293626 3161784.97126459
 3152121.67546394 3142503.82497577 3132931.43583721 3123404.52681331
 3113923.11530479 3104487.21937319 3095096.85373576 3085752.03578176
 3076452.78155776 3067199.10775422 3057991.02779142 3048828.55771423
 3039711.71222571 3030640.50665565 3021614.95311107 3012635.06626034
 3003700.85947374 2994812.34579074 2985969.53885815 2977172.44917764
 2968421.08974442 2959715.47228509 2951055.60911856 2942441.5094815
 2933873.18505052 2925350.64625795 2916873.90411404 2908442.96661035
 2900057.84412543 2891718.5458185  2883425.08053416 2875177.45767777
 2866975.68371648 2858819.767439   2850709.71644691 2842645.53888961
 2834627.24004339 2826654.82745445 2818728.30750836 2810847.68712613
 2803012.97042145 2795224.16372693 2787481.27224161 2779784.30168823
 2772133.25504874 2764528.13747351 2756968.95300709 2749455.70541076
 2741988.39895566 2734567.03525614 2727191.61803272 2719862.14993573
 2712578.634115   2705341.07113278 2698149.46361438 2691003.81313743
 2683904.12176794 2676850.38905144 2669842.61654189 2662880.80478183
 2655964.95479429 2649095.06515094 2642271.13638396 2635493.16804445
 2628761.15944254 2622075.11035823 2615435.01820735 2608840.88230706
 2602292.70103222 2595790.47321956 2589334.19541203 2582923.86600723
 2576559.48249189 2570241.0428073  2563968.54267175 2557741.97961194
 2551561.35027573 2545426.65110916 2539337.87900424 2533295.02871907
 2527298.09676308 2521347.07880742 2515441.97096283 2509582.76727793
 2503769.46350738 2498002.05460054 2492280.53594031 2486604.90091959
 2480975.14459249 2475391.26124107 2469853.24557525 2464361.09038741
 2458914.79008658 2453514.33834334 2448159.72868425 2442850.95505708
 2437588.00958319 2432370.88596178 2427199.57718707 2422074.07665851
 2416994.37602146 2411960.46843858 2406972.34641025 2402030.00284808
 2397133.42898286 2392282.61751934 2387477.56053445 2382718.25051196
 2378004.67832833 2373336.83629073 2368714.71611317 2364138.30942844
 2359607.60827089 2355122.6031595  2350683.28599016 2346289.64810892
 2341941.68125936 2337639.37574311 2333382.72319579 2329171.71473791
 2325006.34188329 2320886.59477733 2316812.46485641 2312783.9430764
 2308801.02078231 2304863.68802392 2300971.93609626 2297125.7558502
 2293325.13812134 2289570.07412907 2285860.55388905 2282196.56861091
 2278578.10910107 2275005.16654505 2271477.73099732 2267995.79366282
 2264559.34537709 2261168.37734981 2257822.87973197 2254522.8437812
 2251268.26041924 2248059.12059815 2244895.41563751 2241777.13588802
 2238704.27275189 2235676.8173368  2232694.7611122  2229758.0946501
 2226866.80952951 2224020.89706746 2221220.34893674 2218465.15598356
 2215755.31001629 2213090.80261349 2210471.62570255 2207897.77045021
 2205369.22894293 2202885.99307082 2200448.05480982 2198055.40647658
 2195708.03971933 2193405.94704618 2191149.12080632 2188937.55368211
 2186771.23775673 2184650.16592693 2182574.33096099 2180543.72595216
 2178558.3434631  2176618.17682302 2174723.21926241 2172873.46432786
 2171068.90510312 2169309.5353908  2167595.34892373 2165926.33956625
 2164302.50148656 2162723.82847356 2161190.31497427 2159701.95540092
 2158258.74445892 2156860.67654014 2155507.74664504 2154199.94976622
 2152937.28117779 2151719.73590522 2150547.30953199 2149419.99765976
 2148337.79604644 2147300.7007155  2146308.70752137 2145361.81281195
 2144460.01298435 2143603.30468727 2142791.68446283 2142025.14929386
 2141303.69623591 2140627.32258116 2139996.02557651 2139409.80285566
 2138868.65214748 2138372.57140128 2137921.5585813  2137515.61198347
 2137154.73002014 2136838.91127565 2136568.1545328  2136342.4586629
 2136161.82279836 2136026.24621296 2135935.72836013 2135890.26883912
 2135889.86747766 2135934.52440637 2136024.23980835 2136159.01404868
 2136338.84764269 2136563.74128915 2136833.69583177 2137148.71237848
 2137508.79212885 2137913.93648368 2138364.14701816 2138859.42542627
 2139399.77373546 2139985.1939902  2140615.68845688 2141291.25949862
 2142011.90986629 2142777.64226687 2143588.45964473 2144444.36501791
 2145345.36184546 2146291.45348067 2147282.6435287  2148318.9356443
 2149400.33397561 2150526.8425021  2151698.46546871 2152915.20727657
 2154177.07234495 2155484.06565071 2156836.19192206 2158233.45616838
 2159675.86339098 2161163.41919912 2162696.12888848 2164273.99804739
 2165897.03222915 2167565.23764447 2169278.62012468 2171037.18580448
 2172840.9409497  2174689.89175613 2176584.04513782 2178523.40754593
 2180507.98574735 2182537.78641004 2184612.8169681  2186733.08432503
 2188898.59570912 2191109.35822013 2193365.37977109 2195666.66767605
 2198013.22958219 2200405.07297786 2202842.2062112  2205324.6369623
 2207852.37325205 2210425.42318742 2213043.79467646 2215707.49654134
 2218416.53685332 2221170.92403378 2223970.66627504 2226815.77273191
 2229706.25173348 2232642.11196505 2235623.3618505  2238650.01082093
 2241722.0674106  2244839.54051581 2248002.43873868 2251210.77173276
 2254464.54818314 2257763.77714242 2261108.46769351 2264498.62858346
 2267934.26966561 2271415.39973464 2274942.0279591  2278514.16313789
 2282131.81521977 2285794.99302237 2289503.70574184 2293257.96217074
 2297057.77229485 2300903.14489598 2304794.08913904 2308730.61416587
 2312712.72866367 2316740.44258122 2320813.76457329 2324932.70368392
 2329097.26847697 2333307.46880725 2337563.31316168 2341864.81042063
 2346211.96894976 2350604.79844863 2355043.30717544 2359527.50378601
 2364057.39638669 2368632.99446071 2373254.30597639 2377921.33930373
 2382634.10273172 2387392.60395645 2392196.85210463 2397046.85469607
 2401942.61965745 2406884.15428789 2411871.46736026 2416904.56596698
 2421983.45761169 2427108.14913588 2432278.64889812 2437494.96350318
 2442757.09996073 2448065.064574   2453418.86522513 2458818.50797014
 2464263.9992862  2469755.34550643 2475292.55222559 2480875.62665484
 2486504.57408802 2492179.40024677 2497900.11008073 2503666.71020053
 2509479.20522701 2515337.60021453 2521241.8994122  2527192.10877494
 2533188.23219587 2539230.27400757 2545318.23770451 2551452.12853225
 2557631.94960275 2563857.70447391 2570129.39650184 2576447.02816398
 2582810.60374601 2589220.12531092 2595675.59537624 2602177.01554887
 2608724.38929015 2615317.71776798 2621957.00261222 2628642.2445106
 2635373.44605203 2642150.60746165 2648973.72943452 2655842.81242483
 2662757.85590599 2669718.86131174 2676725.82762489 2683778.75430881
 2690877.63981568 2698022.48460602 2705213.28662026 2712450.04428915
 2719732.75500588 2727061.41821675 2734436.03077861 2741856.5900477
 2749323.09231008 2756835.5359577  2764393.91672591 2771998.23085981
 2779648.47432114 2787344.64196592 2795086.73081827 2802874.73516172
 2810708.64980338 2818588.4684169  2826514.18689448 2834485.7983213
 2842503.29631784 2850566.67334402 2858675.92412939 2866831.04053067
 2875032.01495227 2883278.83861157 2891571.50504725 2899910.00486003
 2908294.32921136 2916724.46894801 2925200.41369756 2933722.15547437
 2942289.68327432 2950902.98667122 2959562.05399464 2968266.87601394
 2977017.44041649 2985813.73548191 2994655.74822134 3003543.46813927
 3012476.8815953  3021455.97555638 3030480.73665865 3039551.15024029
 3048667.20420066 3057828.88321659 3067036.17259177 3076289.05629366
 3085587.52091118 3094931.54976033 3104321.12680082 3113756.2346497
 3123236.85859576 3132762.98058367 3142334.58321879 3151951.64774223
 3161614.15812271 3171322.09492485 3181075.43939147 3190874.17242376
 3200718.27353247 3210607.72502655 3220542.5057368  3230522.59519482
 3240547.97152164 3250618.61569334 3260734.50514939 3270895.61804882
 3281101.93112038 3291353.42400532 3301650.07275044 3311991.8541413
 3322378.74351418 3332810.71917565 3343287.75578068 3353809.82874275
 3364376.91313275 3374988.98254932 3385646.0136342  3396347.97930708
 3407094.85327144 3417886.60774073 3428723.2180303  3439604.65567768
 3450530.89302506 3461501.90090739 3472517.65332064 3483578.12042787
 3494683.27321813 3505833.08115656 3517027.51692222 3528266.54929664
 3539550.14792485 3550878.28211903 3562250.91964777 3573668.03157522
 3585129.58501151 3596635.54794247 3608185.88679487 3619780.57135126
 3631419.56738706 3643102.84157607 3654830.35901802 3666602.0882288
 3678417.99366471 3690278.04070339 3702182.1944011  3714130.41822188
 3726122.67912173 3738158.93993226 3750239.16443549 3762363.31480728
 3774531.35677617 3786743.2518951  3798998.96269104 3811298.45007112
 3823641.67855618 3836028.60844066 3848459.20101691 3860933.41594422
 3873451.21655663 3886012.56191154 3898617.41208841 3911265.72686695
 3923957.46437773 3936692.5865026  3949471.05078461 3962292.81581928
 3975157.83854054 3988066.07969476 4001017.49564043 4014012.04381302
 4027049.67997426 4040130.36375954 4053254.05036643 4066420.69609499
 4079630.25556008 4092882.68731165 4106177.94541473 4119515.98506103
 4132896.76116925 4146320.22695819 4159786.33965836 4173295.05195563
 4186846.31769385 4200440.08900575 4214076.322097   4227754.96858136
 4241475.98125565 4255239.3111947  4269044.9136074  4282892.73906381
 4296782.73934232 4310714.86597118 4324689.06874333 4338705.30166205
 4352763.51403374 4366863.65640466 4381005.67757529 4395189.53061736
 4409415.16385967 4423682.52689617 4437991.56756482 4452342.23803555
 4466734.48568964 4481168.25919887 4495643.50546894 4510160.17579811
 4524718.21665062 4539317.57580651 4553958.20082767 4568640.03749758
 4583363.0360677  4598127.14189921 4612932.3017007  4627778.46039291
 4642665.56743322 4657593.56733917 4672562.40599661 4687572.02749349
 4702622.38050552 4717713.408729   4732845.05725785 4748017.26937861
 4763229.99302529 4778483.1711084  4793776.74796126 4809110.66773193
 4824484.87274939 4839899.31006434 4855353.92164937 4870848.65093116
 4886383.43950815 4901958.23375947 4917572.97494285 4933227.60579502
 4948922.06721537 4964656.30494268 4980430.25955131 4996243.8731194
 5012097.08587873 5027989.84295891 5043922.08428227 5059893.75129964
 5075904.78530988 5091955.12575431 5108044.71704456 5124173.49833189
 5140341.41032666 5156548.39187277 5172794.38684211 5189079.33380387
 5205403.17291073 5221765.84244002 5238167.28575426 5254607.44087131
 5271086.2474166  5287603.64488857 5304159.57091302 5320753.96826936
 5337386.77432844 5354057.92809831 5370767.36669139 5387515.03243232
 5404300.86220695 5421124.79456197 5437986.76613965 5454886.71885045
 5471824.5891247  5488800.31507715 5505813.83290928 5522865.08414635
 5539954.00479241 5557080.53255925 5574244.60506244 5591446.15799331
 5608685.13243582 5625961.46390172 5643275.08963937 5660625.94496415
 5678013.97063871 5695439.10181287 5712901.27539594 5730400.42635551
 5747936.49516059 5765509.41662699 5783119.1273527  5800765.56198516
 5818448.66072699 5836168.35808746 5853924.5903804  5871717.29385282
 5889546.40279016 5907411.85709961 5925313.59094504 5943251.54032261
 5961225.63925805 5979235.82745158 5997282.03882038 6015364.20913575
 6033482.27219331 6051636.16751727 6069825.82880388 6088051.19162495
 6106312.19150622 6124608.76198287 6142940.84238136 6161308.36615614
 6179711.26866398 6198149.48326209 6216622.94915016 6235131.59961672
 6253675.36987361 6272254.19312419 6290868.00846498 6309516.74904239
 6328200.34994692 6346918.74425156 6365671.87097273 6384459.66313795
 6403282.05573938 6422138.98374811 6441030.38010646 6459956.18376221
 6478916.32762614 6497910.74659894 6516939.37354343 6536002.14737713
 6555099.00094216 6574229.86909053 6593394.68462731 6612593.38646092
 6631825.90738628 6651092.1822279  6670392.14375418 6689725.73088515
 6709092.87638935 6728493.51508439 6747927.58178937 6767395.00925571
 6786895.73644615 6806429.69612471 6825996.82312382 6845597.05019162
 6865230.31634602 6884896.55436947 6904595.69913666 6924327.68343635
 6944092.44636263 6963889.92073626 6983720.04148881 7003582.7414567
 7023477.95982791 7043405.62947986 7063365.68541925 7083358.0626743
 7103382.69416639 7123439.51922559 7143528.4708252  7163649.4840904
 7183802.49203014 7203987.43410722 7224204.24339089 7244452.8551201
 7264733.20240817 7285045.22486688 7305388.85567795 7325764.0302103
 7346170.68386783 7366608.74991703 7387078.16817797 7407578.87199522
 7428110.79692213 7448673.87636521 7469268.05032809 7489893.25230279
 7510549.4180071  7531236.4810024  7551954.38149042 7572703.05312524
 7593482.43180348 7614292.45125586 7635133.05189602 7656004.1675543 ]
t =  [1.05264080e+09 1.05264080e+09 1.05264080e+09 1.05264081e+09
 1.05264081e+09 1.05264081e+09 1.05264081e+09 1.05264081e+09
 1.05264081e+09 1.05264081e+09 1.05264081e+09 1.05264081e+09
 1.05264082e+09 1.05264082e+09 1.05264082e+09 1.05264082e+09
 1.05264082e+09 1.05264082e+09 1.05264082e+09 1.05264082e+09
 1.05264082e+09 1.05264083e+09 1.05264083e+09 1.05264083e+09
 1.05264083e+09 1.05264083e+09 1.05264083e+09 1.05264083e+09
 1.05264083e+09 1.05264083e+09 1.05264084e+09 1.05264084e+09
 1.05264084e+09 1.05264084e+09 1.05264084e+09 1.05264084e+09
 1.05264084e+09 1.05264084e+09 1.05264084e+09 1.05264085e+09
 1.05264085e+09 1.05264085e+09 1.05264085e+09 1.05264085e+09
 1.05264085e+09 1.05264085e+09 1.05264085e+09 1.05264085e+09
 1.05264086e+09 1.05264086e+09 1.05264086e+09 1.05264086e+09
 1.05264086e+09 1.05264086e+09 1.05264086e+09 1.05264086e+09
 1.05264086e+09 1.05264087e+09 1.05264087e+09 1.05264087e+09
 1.05264087e+09 1.05264087e+09 1.05264087e+09 1.05264087e+09
 1.05264087e+09 1.05264087e+09 1.05264088e+09 1.05264088e+09
 1.05264088e+09 1.05264088e+09 1.05264088e+09 1.05264088e+09
 1.05264088e+09 1.05264088e+09 1.05264088e+09 1.05264089e+09
 1.05264089e+09 1.05264089e+09 1.05264089e+09 1.05264089e+09
 1.05264089e+09 1.05264089e+09 1.05264089e+09 1.05264089e+09
 1.05264090e+09 1.05264090e+09 1.05264090e+09 1.05264090e+09
 1.05264090e+09 1.05264090e+09 1.05264090e+09 1.05264090e+09
 1.05264090e+09 1.05264091e+09 1.05264091e+09 1.05264091e+09
 1.05264091e+09 1.05264091e+09 1.05264091e+09 1.05264091e+09
 1.05264091e+09 1.05264091e+09 1.05264092e+09 1.05264092e+09
 1.05264092e+09 1.05264092e+09 1.05264092e+09 1.05264092e+09
 1.05264092e+09 1.05264092e+09 1.05264093e+09 1.05264093e+09
 1.05264093e+09 1.05264093e+09 1.05264093e+09 1.05264093e+09
 1.05264093e+09 1.05264093e+09 1.05264093e+09 1.05264094e+09
 1.05264094e+09 1.05264094e+09 1.05264094e+09 1.05264094e+09
 1.05264094e+09 1.05264094e+09 1.05264094e+09 1.05264094e+09
 1.05264095e+09 1.05264095e+09 1.05264095e+09 1.05264095e+09
 1.05264095e+09 1.05264095e+09 1.05264095e+09 1.05264095e+09
 1.05264095e+09 1.05264096e+09 1.05264096e+09 1.05264096e+09
 1.05264096e+09 1.05264096e+09 1.05264096e+09 1.05264096e+09
 1.05264096e+09 1.05264096e+09 1.05264097e+09 1.05264097e+09
 1.05264097e+09 1.05264097e+09 1.05264097e+09 1.05264097e+09
 1.05264097e+09 1.05264097e+09 1.05264097e+09 1.05264098e+09
 1.05264098e+09 1.05264098e+09 1.05264098e+09 1.05264098e+09
 1.05264098e+09 1.05264098e+09 1.05264098e+09 1.05264098e+09
 1.05264099e+09 1.05264099e+09 1.05264099e+09 1.05264099e+09
 1.05264099e+09 1.05264099e+09 1.05264099e+09 1.05264099e+09
 1.05264099e+09 1.05264100e+09 1.05264100e+09 1.05264100e+09
 1.05264100e+09 1.05264100e+09 1.05264100e+09 1.05264100e+09
 1.05264100e+09 1.05264100e+09 1.05264101e+09 1.05264101e+09
 1.05264101e+09 1.05264101e+09 1.05264101e+09 1.05264101e+09
 1.05264101e+09 1.05264101e+09 1.05264101e+09 1.05264102e+09
 1.05264102e+09 1.05264102e+09 1.05264102e+09 1.05264102e+09
 1.05264102e+09 1.05264102e+09 1.05264102e+09 1.05264102e+09
 1.05264103e+09 1.05264103e+09 1.05264103e+09 1.05264103e+09
 1.05264103e+09 1.05264103e+09 1.05264103e+09 1.05264103e+09
 1.05264104e+09 1.05264104e+09 1.05264104e+09 1.05264104e+09
 1.05264104e+09 1.05264104e+09 1.05264104e+09 1.05264104e+09
 1.05264104e+09 1.05264105e+09 1.05264105e+09 1.05264105e+09
 1.05264105e+09 1.05264105e+09 1.05264105e+09 1.05264105e+09
 1.05264105e+09 1.05264105e+09 1.05264106e+09 1.05264106e+09
 1.05264106e+09 1.05264106e+09 1.05264106e+09 1.05264106e+09
 1.05264106e+09 1.05264106e+09 1.05264106e+09 1.05264107e+09
 1.05264107e+09 1.05264107e+09 1.05264107e+09 1.05264107e+09
 1.05264107e+09 1.05264107e+09 1.05264107e+09 1.05264107e+09
 1.05264108e+09 1.05264108e+09 1.05264108e+09 1.05264108e+09
 1.05264108e+09 1.05264108e+09 1.05264108e+09 1.05264108e+09
 1.05264108e+09 1.05264109e+09 1.05264109e+09 1.05264109e+09
 1.05264109e+09 1.05264109e+09 1.05264109e+09 1.05264109e+09
 1.05264109e+09 1.05264109e+09 1.05264110e+09 1.05264110e+09
 1.05264110e+09 1.05264110e+09 1.05264110e+09 1.05264110e+09
 1.05264110e+09 1.05264110e+09 1.05264110e+09 1.05264111e+09
 1.05264111e+09 1.05264111e+09 1.05264111e+09 1.05264111e+09
 1.05264111e+09 1.05264111e+09 1.05264111e+09 1.05264111e+09
 1.05264112e+09 1.05264112e+09 1.05264112e+09 1.05264112e+09
 1.05264112e+09 1.05264112e+09 1.05264112e+09 1.05264112e+09
 1.05264112e+09 1.05264113e+09 1.05264113e+09 1.05264113e+09
 1.05264113e+09 1.05264113e+09 1.05264113e+09 1.05264113e+09
 1.05264113e+09 1.05264113e+09 1.05264114e+09 1.05264114e+09
 1.05264114e+09 1.05264114e+09 1.05264114e+09 1.05264114e+09
 1.05264114e+09 1.05264114e+09 1.05264114e+09 1.05264115e+09
 1.05264115e+09 1.05264115e+09 1.05264115e+09 1.05264115e+09
 1.05264115e+09 1.05264115e+09 1.05264115e+09 1.05264116e+09
 1.05264116e+09 1.05264116e+09 1.05264116e+09 1.05264116e+09
 1.05264116e+09 1.05264116e+09 1.05264116e+09 1.05264116e+09
 1.05264117e+09 1.05264117e+09 1.05264117e+09 1.05264117e+09
 1.05264117e+09 1.05264117e+09 1.05264117e+09 1.05264117e+09
 1.05264117e+09 1.05264118e+09 1.05264118e+09 1.05264118e+09
 1.05264118e+09 1.05264118e+09 1.05264118e+09 1.05264118e+09
 1.05264118e+09 1.05264118e+09 1.05264119e+09 1.05264119e+09
 1.05264119e+09 1.05264119e+09 1.05264119e+09 1.05264119e+09
 1.05264119e+09 1.05264119e+09 1.05264119e+09 1.05264120e+09
 1.05264120e+09 1.05264120e+09 1.05264120e+09 1.05264120e+09
 1.05264120e+09 1.05264120e+09 1.05264120e+09 1.05264120e+09
 1.05264121e+09 1.05264121e+09 1.05264121e+09 1.05264121e+09
 1.05264121e+09 1.05264121e+09 1.05264121e+09 1.05264121e+09
 1.05264121e+09 1.05264122e+09 1.05264122e+09 1.05264122e+09
 1.05264122e+09 1.05264122e+09 1.05264122e+09 1.05264122e+09
 1.05264122e+09 1.05264122e+09 1.05264123e+09 1.05264123e+09
 1.05264123e+09 1.05264123e+09 1.05264123e+09 1.05264123e+09
 1.05264123e+09 1.05264123e+09 1.05264123e+09 1.05264124e+09
 1.05264124e+09 1.05264124e+09 1.05264124e+09 1.05264124e+09
 1.05264124e+09 1.05264124e+09 1.05264124e+09 1.05264124e+09
 1.05264125e+09 1.05264125e+09 1.05264125e+09 1.05264125e+09
 1.05264125e+09 1.05264125e+09 1.05264125e+09 1.05264125e+09
 1.05264125e+09 1.05264126e+09 1.05264126e+09 1.05264126e+09
 1.05264126e+09 1.05264126e+09 1.05264126e+09 1.05264126e+09
 1.05264126e+09 1.05264127e+09 1.05264127e+09 1.05264127e+09
 1.05264127e+09 1.05264127e+09 1.05264127e+09 1.05264127e+09
 1.05264127e+09 1.05264127e+09 1.05264128e+09 1.05264128e+09
 1.05264128e+09 1.05264128e+09 1.05264128e+09 1.05264128e+09
 1.05264128e+09 1.05264128e+09 1.05264128e+09 1.05264129e+09
 1.05264129e+09 1.05264129e+09 1.05264129e+09 1.05264129e+09
 1.05264129e+09 1.05264129e+09 1.05264129e+09 1.05264129e+09
 1.05264130e+09 1.05264130e+09 1.05264130e+09 1.05264130e+09
 1.05264130e+09 1.05264130e+09 1.05264130e+09 1.05264130e+09
 1.05264130e+09 1.05264131e+09 1.05264131e+09 1.05264131e+09
 1.05264131e+09 1.05264131e+09 1.05264131e+09 1.05264131e+09
 1.05264131e+09 1.05264131e+09 1.05264132e+09 1.05264132e+09
 1.05264132e+09 1.05264132e+09 1.05264132e+09 1.05264132e+09
 1.05264132e+09 1.05264132e+09 1.05264132e+09 1.05264133e+09
 1.05264133e+09 1.05264133e+09 1.05264133e+09 1.05264133e+09
 1.05264133e+09 1.05264133e+09 1.05264133e+09 1.05264133e+09
 1.05264134e+09 1.05264134e+09 1.05264134e+09 1.05264134e+09
 1.05264134e+09 1.05264134e+09 1.05264134e+09 1.05264134e+09
 1.05264134e+09 1.05264135e+09 1.05264135e+09 1.05264135e+09
 1.05264135e+09 1.05264135e+09 1.05264135e+09 1.05264135e+09
 1.05264135e+09 1.05264135e+09 1.05264136e+09 1.05264136e+09
 1.05264136e+09 1.05264136e+09 1.05264136e+09 1.05264136e+09
 1.05264136e+09 1.05264136e+09 1.05264136e+09 1.05264137e+09
 1.05264137e+09 1.05264137e+09 1.05264137e+09 1.05264137e+09
 1.05264137e+09 1.05264137e+09 1.05264137e+09 1.05264137e+09
 1.05264138e+09 1.05264138e+09 1.05264138e+09 1.05264138e+09
 1.05264138e+09 1.05264138e+09 1.05264138e+09 1.05264138e+09
 1.05264139e+09 1.05264139e+09 1.05264139e+09 1.05264139e+09
 1.05264139e+09 1.05264139e+09 1.05264139e+09 1.05264139e+09
 1.05264139e+09 1.05264140e+09 1.05264140e+09 1.05264140e+09
 1.05264140e+09 1.05264140e+09 1.05264140e+09 1.05264140e+09
 1.05264140e+09 1.05264140e+09 1.05264141e+09 1.05264141e+09
 1.05264141e+09 1.05264141e+09 1.05264141e+09 1.05264141e+09
 1.05264141e+09 1.05264141e+09 1.05264141e+09 1.05264142e+09
 1.05264142e+09 1.05264142e+09 1.05264142e+09 1.05264142e+09
 1.05264142e+09 1.05264142e+09 1.05264142e+09 1.05264142e+09
 1.05264143e+09 1.05264143e+09 1.05264143e+09 1.05264143e+09
 1.05264143e+09 1.05264143e+09 1.05264143e+09 1.05264143e+09
 1.05264143e+09 1.05264144e+09 1.05264144e+09 1.05264144e+09
 1.05264144e+09 1.05264144e+09 1.05264144e+09 1.05264144e+09
 1.05264144e+09 1.05264144e+09 1.05264145e+09 1.05264145e+09
 1.05264145e+09 1.05264145e+09 1.05264145e+09 1.05264145e+09
 1.05264145e+09 1.05264145e+09 1.05264145e+09 1.05264146e+09
 1.05264146e+09 1.05264146e+09 1.05264146e+09 1.05264146e+09
 1.05264146e+09 1.05264146e+09 1.05264146e+09 1.05264146e+09
 1.05264147e+09 1.05264147e+09 1.05264147e+09 1.05264147e+09
 1.05264147e+09 1.05264147e+09 1.05264147e+09 1.05264147e+09
 1.05264147e+09 1.05264148e+09 1.05264148e+09 1.05264148e+09
 1.05264148e+09 1.05264148e+09 1.05264148e+09 1.05264148e+09
 1.05264148e+09 1.05264148e+09 1.05264149e+09 1.05264149e+09
 1.05264149e+09 1.05264149e+09 1.05264149e+09 1.05264149e+09
 1.05264149e+09 1.05264149e+09 1.05264150e+09 1.05264150e+09
 1.05264150e+09 1.05264150e+09 1.05264150e+09 1.05264150e+09
 1.05264150e+09 1.05264150e+09 1.05264150e+09 1.05264151e+09
 1.05264151e+09 1.05264151e+09 1.05264151e+09 1.05264151e+09
 1.05264151e+09 1.05264151e+09 1.05264151e+09 1.05264151e+09
 1.05264152e+09 1.05264152e+09 1.05264152e+09 1.05264152e+09
 1.05264152e+09 1.05264152e+09 1.05264152e+09 1.05264152e+09
 1.05264152e+09 1.05264153e+09 1.05264153e+09 1.05264153e+09
 1.05264153e+09 1.05264153e+09 1.05264153e+09 1.05264153e+09
 1.05264153e+09 1.05264153e+09 1.05264154e+09 1.05264154e+09
 1.05264154e+09 1.05264154e+09 1.05264154e+09 1.05264154e+09
 1.05264154e+09 1.05264154e+09 1.05264154e+09 1.05264155e+09
 1.05264155e+09 1.05264155e+09 1.05264155e+09 1.05264155e+09
 1.05264155e+09 1.05264155e+09 1.05264155e+09 1.05264155e+09
 1.05264156e+09 1.05264156e+09 1.05264156e+09 1.05264156e+09
 1.05264156e+09 1.05264156e+09 1.05264156e+09 1.05264156e+09
 1.05264156e+09 1.05264157e+09 1.05264157e+09 1.05264157e+09
 1.05264157e+09 1.05264157e+09 1.05264157e+09 1.05264157e+09
 1.05264157e+09 1.05264157e+09 1.05264158e+09 1.05264158e+09
 1.05264158e+09 1.05264158e+09 1.05264158e+09 1.05264158e+09
 1.05264158e+09 1.05264158e+09 1.05264158e+09 1.05264159e+09
 1.05264159e+09 1.05264159e+09 1.05264159e+09 1.05264159e+09
 1.05264159e+09 1.05264159e+09 1.05264159e+09 1.05264159e+09
 1.05264160e+09 1.05264160e+09 1.05264160e+09 1.05264160e+09
 1.05264160e+09 1.05264160e+09 1.05264160e+09 1.05264160e+09
 1.05264160e+09 1.05264161e+09 1.05264161e+09 1.05264161e+09
 1.05264161e+09 1.05264161e+09 1.05264161e+09 1.05264161e+09
 1.05264161e+09 1.05264162e+09 1.05264162e+09 1.05264162e+09
 1.05264162e+09 1.05264162e+09 1.05264162e+09 1.05264162e+09
 1.05264162e+09 1.05264162e+09 1.05264163e+09 1.05264163e+09
 1.05264163e+09 1.05264163e+09 1.05264163e+09 1.05264163e+09
 1.05264163e+09 1.05264163e+09 1.05264163e+09 1.05264164e+09
 1.05264164e+09 1.05264164e+09 1.05264164e+09 1.05264164e+09
 1.05264164e+09 1.05264164e+09 1.05264164e+09 1.05264164e+09
 1.05264165e+09 1.05264165e+09 1.05264165e+09 1.05264165e+09
 1.05264165e+09 1.05264165e+09 1.05264165e+09 1.05264165e+09
 1.05264165e+09 1.05264166e+09 1.05264166e+09 1.05264166e+09
 1.05264166e+09 1.05264166e+09 1.05264166e+09 1.05264166e+09
 1.05264166e+09 1.05264166e+09 1.05264167e+09 1.05264167e+09
 1.05264167e+09 1.05264167e+09 1.05264167e+09 1.05264167e+09
 1.05264167e+09 1.05264167e+09 1.05264167e+09 1.05264168e+09
 1.05264168e+09 1.05264168e+09 1.05264168e+09 1.05264168e+09
 1.05264168e+09 1.05264168e+09 1.05264168e+09 1.05264168e+09
 1.05264169e+09 1.05264169e+09 1.05264169e+09 1.05264169e+09
 1.05264169e+09 1.05264169e+09 1.05264169e+09 1.05264169e+09
 1.05264169e+09 1.05264170e+09 1.05264170e+09 1.05264170e+09
 1.05264170e+09 1.05264170e+09 1.05264170e+09 1.05264170e+09
 1.05264170e+09 1.05264170e+09 1.05264171e+09 1.05264171e+09
 1.05264171e+09 1.05264171e+09 1.05264171e+09 1.05264171e+09
 1.05264171e+09 1.05264171e+09 1.05264171e+09 1.05264172e+09
 1.05264172e+09 1.05264172e+09 1.05264172e+09 1.05264172e+09
 1.05264172e+09 1.05264172e+09 1.05264172e+09 1.05264172e+09
 1.05264173e+09 1.05264173e+09 1.05264173e+09 1.05264173e+09
 1.05264173e+09 1.05264173e+09 1.05264173e+09 1.05264173e+09
 1.05264174e+09 1.05264174e+09 1.05264174e+09 1.05264174e+09
 1.05264174e+09 1.05264174e+09 1.05264174e+09 1.05264174e+09
 1.05264174e+09 1.05264175e+09 1.05264175e+09 1.05264175e+09
 1.05264175e+09 1.05264175e+09 1.05264175e+09 1.05264175e+09
 1.05264175e+09 1.05264175e+09 1.05264176e+09 1.05264176e+09
 1.05264176e+09 1.05264176e+09 1.05264176e+09 1.05264176e+09
 1.05264176e+09 1.05264176e+09 1.05264176e+09 1.05264177e+09
 1.05264177e+09 1.05264177e+09 1.05264177e+09 1.05264177e+09
 1.05264177e+09 1.05264177e+09 1.05264177e+09 1.05264177e+09
 1.05264178e+09 1.05264178e+09 1.05264178e+09 1.05264178e+09
 1.05264178e+09 1.05264178e+09 1.05264178e+09 1.05264178e+09
 1.05264178e+09 1.05264179e+09 1.05264179e+09 1.05264179e+09
 1.05264179e+09 1.05264179e+09 1.05264179e+09 1.05264179e+09
 1.05264179e+09 1.05264179e+09 1.05264180e+09 1.05264180e+09
 1.05264180e+09 1.05264180e+09 1.05264180e+09 1.05264180e+09
 1.05264180e+09 1.05264180e+09 1.05264180e+09 1.05264181e+09
 1.05264181e+09 1.05264181e+09 1.05264181e+09 1.05264181e+09
 1.05264181e+09 1.05264181e+09 1.05264181e+09 1.05264181e+09
 1.05264182e+09 1.05264182e+09 1.05264182e+09 1.05264182e+09
 1.05264182e+09 1.05264182e+09 1.05264182e+09 1.05264182e+09
 1.05264182e+09 1.05264183e+09 1.05264183e+09 1.05264183e+09
 1.05264183e+09 1.05264183e+09 1.05264183e+09 1.05264183e+09
 1.05264183e+09 1.05264183e+09 1.05264184e+09 1.05264184e+09
 1.05264184e+09 1.05264184e+09 1.05264184e+09 1.05264184e+09
 1.05264184e+09 1.05264184e+09 1.05264185e+09 1.05264185e+09
 1.05264185e+09 1.05264185e+09 1.05264185e+09 1.05264185e+09
 1.05264185e+09 1.05264185e+09 1.05264185e+09 1.05264186e+09
 1.05264186e+09 1.05264186e+09 1.05264186e+09 1.05264186e+09
 1.05264186e+09 1.05264186e+09 1.05264186e+09 1.05264186e+09
 1.05264187e+09 1.05264187e+09 1.05264187e+09 1.05264187e+09
 1.05264187e+09 1.05264187e+09 1.05264187e+09 1.05264187e+09
 1.05264187e+09 1.05264188e+09 1.05264188e+09 1.05264188e+09
 1.05264188e+09 1.05264188e+09 1.05264188e+09 1.05264188e+09
 1.05264188e+09 1.05264188e+09 1.05264189e+09 1.05264189e+09
 1.05264189e+09 1.05264189e+09 1.05264189e+09 1.05264189e+09
 1.05264189e+09 1.05264189e+09 1.05264189e+09 1.05264190e+09
 1.05264190e+09 1.05264190e+09 1.05264190e+09 1.05264190e+09
 1.05264190e+09 1.05264190e+09 1.05264190e+09 1.05264190e+09
 1.05264191e+09 1.05264191e+09 1.05264191e+09 1.05264191e+09
 1.05264191e+09 1.05264191e+09 1.05264191e+09 1.05264191e+09
 1.05264191e+09 1.05264192e+09 1.05264192e+09 1.05264192e+09
 1.05264192e+09 1.05264192e+09 1.05264192e+09 1.05264192e+09]
maxCov = 7656356.197791544
maxCovTime =  [1.0526408e+09]
