name =JUICE_ROI_CAL_J_01
flyby =  ['2033 APR 06 23:29:30', '2033 APR 07 23:29:30']
Observation TW =  <SpiceCell dtype = 1, length = 0, size = 4400, card = 24, is_set = 1, adjust = 0, init = 1, base = 2004925611888, data = 2004925611936>
Cov(t) =  [7656476.67996822 7628185.30125955 7599929.62060198 7571709.75057847
 7543525.81187292 7515377.91774205 7487266.18437061 7459190.72828177
 7431151.66376713 7403149.11316909 7375183.19145198 7347254.01649108
 7319361.70394297 7291506.37747394 7263688.15341178 7235907.15098087
 7208163.48974232 7180457.28705435 7152788.66823233 7125157.7513028
 7097564.65717034 7070009.5070745  7042492.42006756 7015013.52311133
 6987572.93592666 6960170.78108812 6932807.18150278 6905482.25790557
 6878196.13887892 6850948.94581649 6823740.80294991 6796571.83235062
 6769442.16389219 6742351.92029968 6715301.22711925 6688290.21022386
 6661318.99334087 6634387.70794171 6607496.47839987 6580645.43188781
 6553834.69590075 6527064.39580254 6500334.66464135 6473645.62841818
 6446997.4159099  6420390.15621133 6393823.97629965 6367299.01077509
 6340815.38724148 6314373.23605444 6287972.6854626  6261613.87128735
 6235296.92239443 6209021.97038122 6182789.14715232 6156598.5825182
 6130450.41379764 6104344.77140474 6078281.78845898 6052261.59837634
 6026284.33248838 6000350.12957518 5974459.12156333 5948611.44305756
 5922807.22895473 5897046.61208154 5871329.73263876 5845656.72402436
 5820027.72228568 5794442.86140862 5768902.28269715 5743406.120693
 5717954.5125632  5692547.59574958 5667185.50564272 5641868.38487943
 5616596.36938484 5591369.59767802 5566188.20854161 5541052.33871641
 5515962.13211551 5490917.72599063 5465919.26015458 5440966.87467141
 5416060.70757176 5391200.90398254 5366387.60241931 5341620.94392435
 5316901.06977759 5292228.11923313 5267602.23856298 5243023.56747762
 5218492.24817831 5194008.42084577 5169572.23261443 5145183.82409482
 5120843.33835247 5096550.9186695  5072306.70631434 5048110.84942683
 5023963.48967423 4999864.77114576 4975814.83812349 4951813.83287974
 4927861.90447348 4903959.19553972 4880105.85109476 4856302.01632889
 4832547.83442627 4808843.45527031 4785189.02236864 4761584.6815675
 4738030.57670894 4714526.85826249 4691073.67035996 4667671.15943623
 4644319.47206232 4621018.75280628 4597769.15277152 4574570.81677067
 4551423.89187316 4528328.52526111 4505284.86211349 4482293.05404974
 4459353.24644468 4436465.58688153 4413630.22303093 4390847.30055873
 4368116.97147343 4345439.38158432 4322814.67885836 4300243.00925649
 4277724.52501368 4255259.37219139 4232847.69896281 4210489.65353805
 4188185.38211505 4165935.03705071 4143738.76458161 4121596.71300485
 4099509.03062372 4077475.86372326 4055497.36464134 4033573.67963821
 4011704.95697756 3989891.34489655 3968132.9896062  3946430.04326122
 3924782.6519803  3903190.96382598 3881655.12482702 3860175.28686624
 3838751.5958229  3817384.19947063 3796073.24549233 3774818.87952589
 3753621.25294832 3732480.51117252 3711396.80144154 3690370.27086882
 3669401.06450965 3648489.3330401  3627635.22121027 3606838.8755335
 3586100.44235228 3565420.06593571 3544797.89605196 3524234.07658001
 3503728.75309757 3483282.06909332 3462894.17345176 3442565.2091962
 3422295.32098556 3402084.65322717 3381933.34822193 3361841.55354166
 3341809.41093093 3321837.06369513 3301924.65483978 3282072.32524267
 3262280.22092091 3242548.48209687 3222877.25047601 3203266.66741315
 3183716.87211186 3164228.00877995 3144800.21586137 3125433.63320261
 3106128.39847852 3086884.65425759 3067702.53736797 3048582.18597388
 3029523.73779099 3010527.32833578 2991593.09787691 2972721.18097073
 2953911.71342388 2935164.83053651 2916480.66537972 2897859.3556317
 2879301.03327961 2860805.83147538 2842373.88280641 2824005.31759916
 2805700.27063909 2787458.87105057 2769281.24902827 2751167.53247856
 2733117.85364552 2715132.33913065 2697211.11653042 2679354.31275886
 2661562.05240546 2643834.46424269 2626171.67142208 2608573.79799338
 2591040.96725616 2573573.30014694 2556170.92162713 2538833.95105722
 2521562.50859644 2504356.71358359 2487216.68295383 2470142.53750583
 2453134.39245581 2436192.36371665 2419316.56476355 2402507.11280398
 2385764.11947665 2369087.69703344 2352477.95677355 2335935.00751349
 2319458.96162265 2303049.92592687 2286708.00776359 2270433.31344167
 2254225.94674261 2238086.01484425 2222013.61938685 2206008.86240903
 2190071.84484247 2174202.66504378 2158401.42459371 2142668.21954904
 2127003.14625405 2111406.29843868 2095877.77291759 2080417.66099155
 2065026.0541589  2049703.04266566 2034448.71409323 2019263.1589315
 2004146.46216851 1989098.70887595 1974119.98279053 1959210.36493304
 1944369.93905479 1929598.78341666 1914896.97624819 1900264.59436017
 1885701.71179554 1871208.40514834 1856784.74553352 1842430.80391769
 1828146.64975619 1813932.34969126 1799787.97273856 1785713.58244642
 1771709.24209973 1757775.01212152 1743910.95516132 1730117.12841077
 1716393.58870491 1702740.39122409 1689157.5882348  1675645.23404907
 1662203.37753365 1648832.06708243 1635531.34935088 1622301.26802926
 1609141.86867291 1596053.19140569 1583035.27576333 1570088.15946039
 1557211.87719633 1544406.46535621 1531671.95490925 1519008.3761227
 1506415.75621011 1493894.12392836 1481443.50263258 1469063.9148865
 1456755.38128868 1444517.91933798 1432351.5479009  1420256.28046175
 1408232.12959979 1396279.10585724 1384397.21663502 1372586.47052941
 1360846.87077951 1349178.41961817 1337581.11716496 1326054.96035837
 1314599.94716381 1303216.07021765 1291903.32104863 1280661.68797665
 1269491.16021716 1258391.72168265 1247363.35510052 1236406.04096655
 1225519.75653781 1214704.47980785 1203960.18350489 1193286.83908065
 1182684.41569769 1172152.87925614 1161692.19624017 1151302.32791282
 1140983.2341761  1130734.87259281 1120557.19746149 1110450.1635115
 1100413.72029423 1090447.81592276 1080552.39522338 1070727.40335179
 1060972.78034121 1051288.46473232 1041674.3926565  1032130.49695806
 1022656.71068365 1013252.96182588 1003919.17682643  994655.27969367
  985461.19115926  976336.83204149  967282.11818368  958296.96383135
  949381.28078432  940534.97758759  931757.9627697   923050.13997501
  914411.41121583  905841.67527632  897340.83085155  888908.7718342
  880545.39047289  872250.57658404  864024.21679345  855866.19755986
  847776.40065366  839754.70618668  831800.99186119  823915.1322569
  816097.00172541  808346.47005948  800663.4054013   793047.67352607
  785499.13716344  778017.65877182  770603.09639685  763255.30645946
  755974.14240952  748759.45740504  741611.1003209   734528.91844192
  727512.75680882  720562.4576014   713677.86270059  706858.80988324
  700105.13539787  693416.67334523  686793.25509436  680234.71172638
  673740.87042228  667311.55691904  660946.59492403  654645.80556637
  648409.0097296   642236.02461271  636126.66607643  630080.74754085
  624098.08222834  618178.47986864  612321.74895535  606527.69622229
  600796.12615549  595126.84312572  589519.64827137  583974.3416444
  578490.7217205   573068.5849443   567707.72775348  562407.94363682
  557169.02517158  551990.76356709  546872.94824283  541815.36874598
  536817.81198249  531880.06415319  527001.90987487  522183.13401647
  517423.5190679   512722.8469868   508080.89880121  503497.45424573
  498972.29349233  494505.19468405  490095.93567855  485744.29368276
  481450.04492047  477212.96626195  473032.83292168  468909.42010043
  464842.50265128  460831.85477775  456877.25156416  452978.46683396
  449135.27469212  445347.44922164  441614.76421141  437936.994589
  434313.91443603  430745.29843098  427230.9212398   423770.55890368
  420363.98696918  417010.9818497   413711.32057406  410464.78056533
  407271.14090155  404130.18060453  401041.67991132  398005.42005032
  395021.18304654  392088.75288872  389207.91396466  386378.45223852
  383600.15505289  380872.81095939  378196.21079306  375570.14625054
  372994.41097412  370468.80014902  367993.11150446  365567.14400304
  363190.69885093  360863.579343    358585.59073313  356356.54113
  354176.2403518   352044.50083624  349961.1375029   347925.96764624
  345938.81175481  343999.4924678   342107.83540199  340263.66903811
  338466.82463282  336717.13694727  335014.44333146  333358.5844598
  331749.40408994  330186.74971898  328670.47176725  327200.42424093
  325776.4646492   324398.45394573  323066.25709435  321779.74237384
  320538.7819494   319343.25180436  318193.03169552  317088.0056281
  316028.06127846  315013.09047402  314042.98913796  313117.65725678
  312236.99926431  311400.92357927  310609.34299366  309862.17456226
  309159.33991355  308500.76487747  307886.3798003   307316.11950884
  306789.92329665  306307.73514345  305869.50345363  305475.18127925
  305124.72629338  304818.10078531  304555.271788    304336.21092607
  304160.89454655  304029.30370077  303941.42414782  303897.24638996
  303896.76562835  303939.98181205  304026.89965059  304157.52855128
  304331.88266063  304549.98083012  304811.84661328  305117.50828443
  305466.99870881  305860.35549462  306297.62086629  306778.84166966
  307304.06939883  307873.35997387  308486.77400192  309144.37655842
  309846.23720084  310592.43000464  311383.0332487   312218.1297871
  313097.80673858  314022.15559679  314991.27184227  316005.25540422
  317064.21027679  318168.24455131  319317.47047143  320512.00395337
  321751.96516256  323037.47803898  324368.67034152  325745.67371613
  327168.62312461  328637.65753906  330152.91937267  331714.55454441
  333322.71256182  334977.54585695  336679.21060221  338427.8660545
  340223.67479634  342066.80200066  343957.41634613  345895.68928894
  347881.79515088  349915.911233    351998.21698918  354128.89506902
  356308.13049926  358536.11079067  360813.02607234  363139.06817607
  365514.43180355  367939.31361987  370413.91238161  372938.42909156
  375513.0659889   378138.02785905  380813.52103299  383539.75378966
  386316.93527217  389145.27690894  392024.99133957  394956.29258402
  397939.39624029  400974.51830743  404061.87674941  407201.69032834
  410394.17879886  413639.56313196  416938.06424374  420289.90470583
  423695.30748499  427154.49616415  430667.69519354  434235.128524
  437857.02146795  441533.59934397  445265.08807048  449051.71272176
  452893.69951185  456791.27436231  460744.66317412  464754.09213113
  468819.78615804  472941.97106144  477120.87199985  481356.71378545
  485649.72121794  490000.11744292  494408.12625344  498873.97046079
  503397.87222382  507980.05341674  512620.73388973  517320.13393149
  522078.47253895  526895.96778103  531772.83719586  536709.29594449
  541705.55944364  546761.84153238  551878.35533983  557055.31135506
  562292.9201956   567591.3906904   572950.93030151  578371.74558035
  583854.04013082  589398.0175504   595003.87940652  600671.82569116
  606402.05531057  612194.76393971  618050.14713861  623968.3982203
  629949.70873866  635994.26901902  642102.2658935   648273.88598989
  654509.3134954   660808.73125888  667172.31844508  673600.25397284
  680092.71418303  686649.87338708  693271.90445201  699958.97634088
  706711.25773304  713528.91457836  720412.11067971  727361.00831248
  734375.76564932  741456.54056468  748603.48807332  755816.76094708
  763096.51036875  770442.88323962  777856.02616996  785336.0828003
  792883.1951476   800497.50081775  808179.13717332  815928.23852417
  823744.93679236  831629.36224835  839581.6406032   847601.89733856
  855690.25481271  863846.83297343  872071.75010894  880365.11981868
  888727.05553391  897157.66750234  905657.06353535  914225.34979374
  922862.62763553  931568.99832866  940344.55991259  949189.40879442
  958103.6364974   967087.33452813  976140.59113884  985263.49213665
  994456.12173144 1003718.55915942 1013050.88374458 1022453.1715689
 1031925.49626951 1041467.92991127 1051080.53950488 1060763.39226246
 1070516.55210887 1080340.08055933 1090234.03763623 1100198.47823974
 1110233.45759912 1120339.02765701 1130515.23891786 1140762.13671663
 1151079.76682678 1161468.1717426  1171927.39161844 1182457.4652472
 1193058.42620083 1203730.30863482 1214473.14344221 1225286.95922689
 1236171.78331614 1247127.63777239 1258154.54539431 1269252.52574212
 1280421.5961447  1291661.77274589 1302973.06641466 1314355.48891386
 1325809.04876987 1337333.75339974 1348929.60489036 1360596.60635362
 1372334.75771901 1384144.05680134 1396024.5004077  1407976.07998719
 1419998.78818272 1432092.6144941  1444257.54637926 1456493.57039465
 1468800.66771533 1481178.82088326 1493628.00934065 1506148.21056446
 1518739.40124007 1531401.55265172 1544134.63762678 1556938.6259394
 1569813.48666207 1582759.1834523  1595775.68165344 1608862.94359448
 1622020.92978398 1635249.60015574 1648548.90922002 1661918.81333267
 1675359.2658839  1688870.2185251  1702451.62243418 1716103.4233437
 1729825.56903089 1743618.0043586  1757480.67253451 1771413.5164089
 1785416.473374   1799489.48304741 1813632.48218445 1827845.40727613
 1842128.18934588 1856480.76178716 1870903.05517296 1885394.99857288
 1899956.52090871 1914587.54562308 1929287.99870902 1944057.80339139
 1958896.88147589 1973805.15473635 1988782.53945611 2003828.95464825
 2018944.31660616 2034128.54028345 2049381.54072487 2064703.22747386
 2080093.51298189 2095552.30703584 2111079.51817011 2126675.05511635
 2142338.82109246 2158070.72240043 2173870.66272766 2189738.54604864
 2205674.27081373 2221677.73869664 2237748.84879557 2253887.4991012
 2270093.58800176 2286367.00834756 2302707.65638412 2319115.42582889
 2335590.20936989 2352131.90020117 2368740.38596386 2385415.55786365
 2402157.30462388 2418965.51401466 2435840.0744184  2452780.86864127
 2469787.7832024  2486860.70220467 2503999.51044966 2521204.08715686
 2538474.31540909 2555810.07588573 2573211.24844583 2590677.71374717
 2608209.34684704 2625806.02682732 2643467.63040706 2661194.03355511
 2678985.11313845 2696840.74040343 2714760.79077896 2732745.13736949
 2750793.65259686 2768906.20987761 2787082.67698584 2805322.92603279
 2823626.82684125 2841994.25030387 2860425.06165218 2878919.13057604
 2897476.32450403 2916096.51029741 2934779.55597873 2953525.32388455
 2972333.68095807 2991204.49191315 3010137.62095679 3029132.93354572
 3048190.28942424 3067309.55308762 3086490.58683048 3105733.25249902
 3125037.41327498 3144402.92659967 3163829.65480727 3183317.45806007
 3202866.19792242 3222475.73019473 3242145.91568104 3261876.61303394
 3281667.68055508 3301518.97802886 3321430.35944495 3341401.68393187
 3361432.8084903  3381523.5898209  3401673.88618485 3421883.55001628
 3442152.4390198  3462480.40879365 3482867.31468437 3503313.01367394
 3523817.3568834  3544380.20083242 3565001.3999535  3585680.81037242
 3606418.28232582 3627213.67154896 3648066.8317037  3668977.61628088
 3689945.88053447 3710971.47379263 3732054.25100396 3753194.06507384
 3774390.76878143 3795644.21671657 3816954.25750445 3838320.74550842
 3859743.5330463  3881222.47234454 3902757.41752328 3924348.21669884
 3945994.72384082 3967696.79088472 3989454.27170937 4011267.01415749
 4033134.87201497 4055057.69704132 4077035.34096943 4099067.65753533
 4121154.49439758 4143295.70526736 4165491.14183761 4187740.65580756
 4210044.10093698 4232401.3248657  4254812.18139244 4277276.52230411
 4299794.19942473 4322365.06669381 4344988.97188738 4367665.76904364
 4390395.31019357 4413177.44952589 4436012.03503029 4458898.92103902
 4481837.95987968 4504829.00397415 4527871.90795094 4550966.5201893
 4574112.69550851 4597310.28672463 4620559.14676621 4643859.13081834
 4667210.08777535 4690611.87306651 4714064.34011799 4737567.34249189
 4761120.73605308 4784724.37032872 4808378.10147301 4832081.78363582
 4855835.27330536 4879638.420594   4903491.08231297 4927393.1132672
 4951344.36843543 4975344.70517737 4999393.9744288  5023492.03391172
 5047638.73933828 5071833.94661324 5096077.51406314 5120369.29354189
 5144709.1437745  5169096.92147139 5193532.48355293 5218015.68940025
 5242546.3918727  5267124.45078317 5291749.72392356 5316422.07156226
 5341141.34741426 5365907.41221898 5390720.12469044 5415579.3437806
 5440484.93096838 5465436.74112189 5490434.63620557 5515478.47615079
 5540568.12114039 5565703.43391846 5590884.27056807 5616110.4943446
 5641381.96646174 5666698.54839684 5692060.10422125 5717466.49129479
 5742917.57422337 5768413.21556169 5793953.27813915 5819537.62741032
 5845166.12206754 5870838.62812093 5896555.00951904 5922315.13285947
 5948118.85793696 5973966.05191988 5999856.5799062  6025790.30728568
 6051767.10212584 6077786.82564038 6103849.34648471 6129954.53123223
 6156102.24675615 6182292.36263486 6208524.74154195 6234799.25365893
 6261115.76707301 6287474.15017838 6313874.27410056 6340316.0030093
 6366799.20864674 6393323.76064784 6419889.53139903 6446496.38628906
 6473144.19830492 6499832.83833114 6526562.1775807  6553332.0900427
 6580142.44265936 6606993.11005742 6633883.96473251 6660814.87950329
 6687785.72998759 6714796.38470572 6741846.71992218 6768936.60975614
 6796065.92865392 6823234.55388305 6850442.35556295 6877689.21161533
 6904974.99780192 6932299.59272269 6959662.86778903 6987064.70226005
 7014504.97322287 7041983.55809732 7069500.33716168 7097055.18345551
 7124647.97792135 7152278.59931445 7179946.92672499 7207652.84212101
 7235396.22018175 7263176.94354338 7290994.89263914 7318849.94823881
 7346741.9940086  7374670.90627614 7402636.56937853 7430638.86543403
 7458677.67947161 7486752.88914204 7514864.38014668 7543012.03595509
 7571195.74037501 7599415.38014204 7627670.83456437 7655961.9910509 ]
t =  [1.04975759e+09 1.04975759e+09 1.04975759e+09 1.04975759e+09
 1.04975760e+09 1.04975760e+09 1.04975760e+09 1.04975760e+09
 1.04975760e+09 1.04975760e+09 1.04975760e+09 1.04975760e+09
 1.04975761e+09 1.04975761e+09 1.04975761e+09 1.04975761e+09
 1.04975761e+09 1.04975761e+09 1.04975761e+09 1.04975762e+09
 1.04975762e+09 1.04975762e+09 1.04975762e+09 1.04975762e+09
 1.04975762e+09 1.04975762e+09 1.04975762e+09 1.04975763e+09
 1.04975763e+09 1.04975763e+09 1.04975763e+09 1.04975763e+09
 1.04975763e+09 1.04975763e+09 1.04975763e+09 1.04975764e+09
 1.04975764e+09 1.04975764e+09 1.04975764e+09 1.04975764e+09
 1.04975764e+09 1.04975764e+09 1.04975764e+09 1.04975765e+09
 1.04975765e+09 1.04975765e+09 1.04975765e+09 1.04975765e+09
 1.04975765e+09 1.04975765e+09 1.04975766e+09 1.04975766e+09
 1.04975766e+09 1.04975766e+09 1.04975766e+09 1.04975766e+09
 1.04975766e+09 1.04975766e+09 1.04975767e+09 1.04975767e+09
 1.04975767e+09 1.04975767e+09 1.04975767e+09 1.04975767e+09
 1.04975767e+09 1.04975767e+09 1.04975768e+09 1.04975768e+09
 1.04975768e+09 1.04975768e+09 1.04975768e+09 1.04975768e+09
 1.04975768e+09 1.04975769e+09 1.04975769e+09 1.04975769e+09
 1.04975769e+09 1.04975769e+09 1.04975769e+09 1.04975769e+09
 1.04975769e+09 1.04975770e+09 1.04975770e+09 1.04975770e+09
 1.04975770e+09 1.04975770e+09 1.04975770e+09 1.04975770e+09
 1.04975770e+09 1.04975771e+09 1.04975771e+09 1.04975771e+09
 1.04975771e+09 1.04975771e+09 1.04975771e+09 1.04975771e+09
 1.04975772e+09 1.04975772e+09 1.04975772e+09 1.04975772e+09
 1.04975772e+09 1.04975772e+09 1.04975772e+09 1.04975772e+09
 1.04975773e+09 1.04975773e+09 1.04975773e+09 1.04975773e+09
 1.04975773e+09 1.04975773e+09 1.04975773e+09 1.04975773e+09
 1.04975774e+09 1.04975774e+09 1.04975774e+09 1.04975774e+09
 1.04975774e+09 1.04975774e+09 1.04975774e+09 1.04975775e+09
 1.04975775e+09 1.04975775e+09 1.04975775e+09 1.04975775e+09
 1.04975775e+09 1.04975775e+09 1.04975775e+09 1.04975776e+09
 1.04975776e+09 1.04975776e+09 1.04975776e+09 1.04975776e+09
 1.04975776e+09 1.04975776e+09 1.04975776e+09 1.04975777e+09
 1.04975777e+09 1.04975777e+09 1.04975777e+09 1.04975777e+09
 1.04975777e+09 1.04975777e+09 1.04975777e+09 1.04975778e+09
 1.04975778e+09 1.04975778e+09 1.04975778e+09 1.04975778e+09
 1.04975778e+09 1.04975778e+09 1.04975779e+09 1.04975779e+09
 1.04975779e+09 1.04975779e+09 1.04975779e+09 1.04975779e+09
 1.04975779e+09 1.04975779e+09 1.04975780e+09 1.04975780e+09
 1.04975780e+09 1.04975780e+09 1.04975780e+09 1.04975780e+09
 1.04975780e+09 1.04975780e+09 1.04975781e+09 1.04975781e+09
 1.04975781e+09 1.04975781e+09 1.04975781e+09 1.04975781e+09
 1.04975781e+09 1.04975782e+09 1.04975782e+09 1.04975782e+09
 1.04975782e+09 1.04975782e+09 1.04975782e+09 1.04975782e+09
 1.04975782e+09 1.04975783e+09 1.04975783e+09 1.04975783e+09
 1.04975783e+09 1.04975783e+09 1.04975783e+09 1.04975783e+09
 1.04975783e+09 1.04975784e+09 1.04975784e+09 1.04975784e+09
 1.04975784e+09 1.04975784e+09 1.04975784e+09 1.04975784e+09
 1.04975785e+09 1.04975785e+09 1.04975785e+09 1.04975785e+09
 1.04975785e+09 1.04975785e+09 1.04975785e+09 1.04975785e+09
 1.04975786e+09 1.04975786e+09 1.04975786e+09 1.04975786e+09
 1.04975786e+09 1.04975786e+09 1.04975786e+09 1.04975786e+09
 1.04975787e+09 1.04975787e+09 1.04975787e+09 1.04975787e+09
 1.04975787e+09 1.04975787e+09 1.04975787e+09 1.04975788e+09
 1.04975788e+09 1.04975788e+09 1.04975788e+09 1.04975788e+09
 1.04975788e+09 1.04975788e+09 1.04975788e+09 1.04975789e+09
 1.04975789e+09 1.04975789e+09 1.04975789e+09 1.04975789e+09
 1.04975789e+09 1.04975789e+09 1.04975789e+09 1.04975790e+09
 1.04975790e+09 1.04975790e+09 1.04975790e+09 1.04975790e+09
 1.04975790e+09 1.04975790e+09 1.04975790e+09 1.04975791e+09
 1.04975791e+09 1.04975791e+09 1.04975791e+09 1.04975791e+09
 1.04975791e+09 1.04975791e+09 1.04975792e+09 1.04975792e+09
 1.04975792e+09 1.04975792e+09 1.04975792e+09 1.04975792e+09
 1.04975792e+09 1.04975792e+09 1.04975793e+09 1.04975793e+09
 1.04975793e+09 1.04975793e+09 1.04975793e+09 1.04975793e+09
 1.04975793e+09 1.04975793e+09 1.04975794e+09 1.04975794e+09
 1.04975794e+09 1.04975794e+09 1.04975794e+09 1.04975794e+09
 1.04975794e+09 1.04975795e+09 1.04975795e+09 1.04975795e+09
 1.04975795e+09 1.04975795e+09 1.04975795e+09 1.04975795e+09
 1.04975795e+09 1.04975796e+09 1.04975796e+09 1.04975796e+09
 1.04975796e+09 1.04975796e+09 1.04975796e+09 1.04975796e+09
 1.04975796e+09 1.04975797e+09 1.04975797e+09 1.04975797e+09
 1.04975797e+09 1.04975797e+09 1.04975797e+09 1.04975797e+09
 1.04975798e+09 1.04975798e+09 1.04975798e+09 1.04975798e+09
 1.04975798e+09 1.04975798e+09 1.04975798e+09 1.04975798e+09
 1.04975799e+09 1.04975799e+09 1.04975799e+09 1.04975799e+09
 1.04975799e+09 1.04975799e+09 1.04975799e+09 1.04975799e+09
 1.04975800e+09 1.04975800e+09 1.04975800e+09 1.04975800e+09
 1.04975800e+09 1.04975800e+09 1.04975800e+09 1.04975801e+09
 1.04975801e+09 1.04975801e+09 1.04975801e+09 1.04975801e+09
 1.04975801e+09 1.04975801e+09 1.04975801e+09 1.04975802e+09
 1.04975802e+09 1.04975802e+09 1.04975802e+09 1.04975802e+09
 1.04975802e+09 1.04975802e+09 1.04975802e+09 1.04975803e+09
 1.04975803e+09 1.04975803e+09 1.04975803e+09 1.04975803e+09
 1.04975803e+09 1.04975803e+09 1.04975803e+09 1.04975804e+09
 1.04975804e+09 1.04975804e+09 1.04975804e+09 1.04975804e+09
 1.04975804e+09 1.04975804e+09 1.04975805e+09 1.04975805e+09
 1.04975805e+09 1.04975805e+09 1.04975805e+09 1.04975805e+09
 1.04975805e+09 1.04975805e+09 1.04975806e+09 1.04975806e+09
 1.04975806e+09 1.04975806e+09 1.04975806e+09 1.04975806e+09
 1.04975806e+09 1.04975806e+09 1.04975807e+09 1.04975807e+09
 1.04975807e+09 1.04975807e+09 1.04975807e+09 1.04975807e+09
 1.04975807e+09 1.04975808e+09 1.04975808e+09 1.04975808e+09
 1.04975808e+09 1.04975808e+09 1.04975808e+09 1.04975808e+09
 1.04975808e+09 1.04975809e+09 1.04975809e+09 1.04975809e+09
 1.04975809e+09 1.04975809e+09 1.04975809e+09 1.04975809e+09
 1.04975809e+09 1.04975810e+09 1.04975810e+09 1.04975810e+09
 1.04975810e+09 1.04975810e+09 1.04975810e+09 1.04975810e+09
 1.04975811e+09 1.04975811e+09 1.04975811e+09 1.04975811e+09
 1.04975811e+09 1.04975811e+09 1.04975811e+09 1.04975811e+09
 1.04975812e+09 1.04975812e+09 1.04975812e+09 1.04975812e+09
 1.04975812e+09 1.04975812e+09 1.04975812e+09 1.04975812e+09
 1.04975813e+09 1.04975813e+09 1.04975813e+09 1.04975813e+09
 1.04975813e+09 1.04975813e+09 1.04975813e+09 1.04975814e+09
 1.04975814e+09 1.04975814e+09 1.04975814e+09 1.04975814e+09
 1.04975814e+09 1.04975814e+09 1.04975814e+09 1.04975815e+09
 1.04975815e+09 1.04975815e+09 1.04975815e+09 1.04975815e+09
 1.04975815e+09 1.04975815e+09 1.04975815e+09 1.04975816e+09
 1.04975816e+09 1.04975816e+09 1.04975816e+09 1.04975816e+09
 1.04975816e+09 1.04975816e+09 1.04975816e+09 1.04975817e+09
 1.04975817e+09 1.04975817e+09 1.04975817e+09 1.04975817e+09
 1.04975817e+09 1.04975817e+09 1.04975818e+09 1.04975818e+09
 1.04975818e+09 1.04975818e+09 1.04975818e+09 1.04975818e+09
 1.04975818e+09 1.04975818e+09 1.04975819e+09 1.04975819e+09
 1.04975819e+09 1.04975819e+09 1.04975819e+09 1.04975819e+09
 1.04975819e+09 1.04975819e+09 1.04975820e+09 1.04975820e+09
 1.04975820e+09 1.04975820e+09 1.04975820e+09 1.04975820e+09
 1.04975820e+09 1.04975821e+09 1.04975821e+09 1.04975821e+09
 1.04975821e+09 1.04975821e+09 1.04975821e+09 1.04975821e+09
 1.04975821e+09 1.04975822e+09 1.04975822e+09 1.04975822e+09
 1.04975822e+09 1.04975822e+09 1.04975822e+09 1.04975822e+09
 1.04975822e+09 1.04975823e+09 1.04975823e+09 1.04975823e+09
 1.04975823e+09 1.04975823e+09 1.04975823e+09 1.04975823e+09
 1.04975824e+09 1.04975824e+09 1.04975824e+09 1.04975824e+09
 1.04975824e+09 1.04975824e+09 1.04975824e+09 1.04975824e+09
 1.04975825e+09 1.04975825e+09 1.04975825e+09 1.04975825e+09
 1.04975825e+09 1.04975825e+09 1.04975825e+09 1.04975825e+09
 1.04975826e+09 1.04975826e+09 1.04975826e+09 1.04975826e+09
 1.04975826e+09 1.04975826e+09 1.04975826e+09 1.04975827e+09
 1.04975827e+09 1.04975827e+09 1.04975827e+09 1.04975827e+09
 1.04975827e+09 1.04975827e+09 1.04975827e+09 1.04975828e+09
 1.04975828e+09 1.04975828e+09 1.04975828e+09 1.04975828e+09
 1.04975828e+09 1.04975828e+09 1.04975828e+09 1.04975829e+09
 1.04975829e+09 1.04975829e+09 1.04975829e+09 1.04975829e+09
 1.04975829e+09 1.04975829e+09 1.04975829e+09 1.04975830e+09
 1.04975830e+09 1.04975830e+09 1.04975830e+09 1.04975830e+09
 1.04975830e+09 1.04975830e+09 1.04975831e+09 1.04975831e+09
 1.04975831e+09 1.04975831e+09 1.04975831e+09 1.04975831e+09
 1.04975831e+09 1.04975831e+09 1.04975832e+09 1.04975832e+09
 1.04975832e+09 1.04975832e+09 1.04975832e+09 1.04975832e+09
 1.04975832e+09 1.04975832e+09 1.04975833e+09 1.04975833e+09
 1.04975833e+09 1.04975833e+09 1.04975833e+09 1.04975833e+09
 1.04975833e+09 1.04975834e+09 1.04975834e+09 1.04975834e+09
 1.04975834e+09 1.04975834e+09 1.04975834e+09 1.04975834e+09
 1.04975834e+09 1.04975835e+09 1.04975835e+09 1.04975835e+09
 1.04975835e+09 1.04975835e+09 1.04975835e+09 1.04975835e+09
 1.04975835e+09 1.04975836e+09 1.04975836e+09 1.04975836e+09
 1.04975836e+09 1.04975836e+09 1.04975836e+09 1.04975836e+09
 1.04975837e+09 1.04975837e+09 1.04975837e+09 1.04975837e+09
 1.04975837e+09 1.04975837e+09 1.04975837e+09 1.04975837e+09
 1.04975838e+09 1.04975838e+09 1.04975838e+09 1.04975838e+09
 1.04975838e+09 1.04975838e+09 1.04975838e+09 1.04975838e+09
 1.04975839e+09 1.04975839e+09 1.04975839e+09 1.04975839e+09
 1.04975839e+09 1.04975839e+09 1.04975839e+09 1.04975839e+09
 1.04975840e+09 1.04975840e+09 1.04975840e+09 1.04975840e+09
 1.04975840e+09 1.04975840e+09 1.04975840e+09 1.04975841e+09
 1.04975841e+09 1.04975841e+09 1.04975841e+09 1.04975841e+09
 1.04975841e+09 1.04975841e+09 1.04975841e+09 1.04975842e+09
 1.04975842e+09 1.04975842e+09 1.04975842e+09 1.04975842e+09
 1.04975842e+09 1.04975842e+09 1.04975842e+09 1.04975843e+09
 1.04975843e+09 1.04975843e+09 1.04975843e+09 1.04975843e+09
 1.04975843e+09 1.04975843e+09 1.04975844e+09 1.04975844e+09
 1.04975844e+09 1.04975844e+09 1.04975844e+09 1.04975844e+09
 1.04975844e+09 1.04975844e+09 1.04975845e+09 1.04975845e+09
 1.04975845e+09 1.04975845e+09 1.04975845e+09 1.04975845e+09
 1.04975845e+09 1.04975845e+09 1.04975846e+09 1.04975846e+09
 1.04975846e+09 1.04975846e+09 1.04975846e+09 1.04975846e+09
 1.04975846e+09 1.04975847e+09 1.04975847e+09 1.04975847e+09
 1.04975847e+09 1.04975847e+09 1.04975847e+09 1.04975847e+09
 1.04975847e+09 1.04975848e+09 1.04975848e+09 1.04975848e+09
 1.04975848e+09 1.04975848e+09 1.04975848e+09 1.04975848e+09
 1.04975848e+09 1.04975849e+09 1.04975849e+09 1.04975849e+09
 1.04975849e+09 1.04975849e+09 1.04975849e+09 1.04975849e+09
 1.04975850e+09 1.04975850e+09 1.04975850e+09 1.04975850e+09
 1.04975850e+09 1.04975850e+09 1.04975850e+09 1.04975850e+09
 1.04975851e+09 1.04975851e+09 1.04975851e+09 1.04975851e+09
 1.04975851e+09 1.04975851e+09 1.04975851e+09 1.04975851e+09
 1.04975852e+09 1.04975852e+09 1.04975852e+09 1.04975852e+09
 1.04975852e+09 1.04975852e+09 1.04975852e+09 1.04975852e+09
 1.04975853e+09 1.04975853e+09 1.04975853e+09 1.04975853e+09
 1.04975853e+09 1.04975853e+09 1.04975853e+09 1.04975854e+09
 1.04975854e+09 1.04975854e+09 1.04975854e+09 1.04975854e+09
 1.04975854e+09 1.04975854e+09 1.04975854e+09 1.04975855e+09
 1.04975855e+09 1.04975855e+09 1.04975855e+09 1.04975855e+09
 1.04975855e+09 1.04975855e+09 1.04975855e+09 1.04975856e+09
 1.04975856e+09 1.04975856e+09 1.04975856e+09 1.04975856e+09
 1.04975856e+09 1.04975856e+09 1.04975857e+09 1.04975857e+09
 1.04975857e+09 1.04975857e+09 1.04975857e+09 1.04975857e+09
 1.04975857e+09 1.04975857e+09 1.04975858e+09 1.04975858e+09
 1.04975858e+09 1.04975858e+09 1.04975858e+09 1.04975858e+09
 1.04975858e+09 1.04975858e+09 1.04975859e+09 1.04975859e+09
 1.04975859e+09 1.04975859e+09 1.04975859e+09 1.04975859e+09
 1.04975859e+09 1.04975860e+09 1.04975860e+09 1.04975860e+09
 1.04975860e+09 1.04975860e+09 1.04975860e+09 1.04975860e+09
 1.04975860e+09 1.04975861e+09 1.04975861e+09 1.04975861e+09
 1.04975861e+09 1.04975861e+09 1.04975861e+09 1.04975861e+09
 1.04975861e+09 1.04975862e+09 1.04975862e+09 1.04975862e+09
 1.04975862e+09 1.04975862e+09 1.04975862e+09 1.04975862e+09
 1.04975863e+09 1.04975863e+09 1.04975863e+09 1.04975863e+09
 1.04975863e+09 1.04975863e+09 1.04975863e+09 1.04975863e+09
 1.04975864e+09 1.04975864e+09 1.04975864e+09 1.04975864e+09
 1.04975864e+09 1.04975864e+09 1.04975864e+09 1.04975864e+09
 1.04975865e+09 1.04975865e+09 1.04975865e+09 1.04975865e+09
 1.04975865e+09 1.04975865e+09 1.04975865e+09 1.04975865e+09
 1.04975866e+09 1.04975866e+09 1.04975866e+09 1.04975866e+09
 1.04975866e+09 1.04975866e+09 1.04975866e+09 1.04975867e+09
 1.04975867e+09 1.04975867e+09 1.04975867e+09 1.04975867e+09
 1.04975867e+09 1.04975867e+09 1.04975867e+09 1.04975868e+09
 1.04975868e+09 1.04975868e+09 1.04975868e+09 1.04975868e+09
 1.04975868e+09 1.04975868e+09 1.04975868e+09 1.04975869e+09
 1.04975869e+09 1.04975869e+09 1.04975869e+09 1.04975869e+09
 1.04975869e+09 1.04975869e+09 1.04975870e+09 1.04975870e+09
 1.04975870e+09 1.04975870e+09 1.04975870e+09 1.04975870e+09
 1.04975870e+09 1.04975870e+09 1.04975871e+09 1.04975871e+09
 1.04975871e+09 1.04975871e+09 1.04975871e+09 1.04975871e+09
 1.04975871e+09 1.04975871e+09 1.04975872e+09 1.04975872e+09
 1.04975872e+09 1.04975872e+09 1.04975872e+09 1.04975872e+09
 1.04975872e+09 1.04975873e+09 1.04975873e+09 1.04975873e+09
 1.04975873e+09 1.04975873e+09 1.04975873e+09 1.04975873e+09
 1.04975873e+09 1.04975874e+09 1.04975874e+09 1.04975874e+09
 1.04975874e+09 1.04975874e+09 1.04975874e+09 1.04975874e+09
 1.04975874e+09 1.04975875e+09 1.04975875e+09 1.04975875e+09
 1.04975875e+09 1.04975875e+09 1.04975875e+09 1.04975875e+09
 1.04975876e+09 1.04975876e+09 1.04975876e+09 1.04975876e+09
 1.04975876e+09 1.04975876e+09 1.04975876e+09 1.04975876e+09
 1.04975877e+09 1.04975877e+09 1.04975877e+09 1.04975877e+09
 1.04975877e+09 1.04975877e+09 1.04975877e+09 1.04975877e+09
 1.04975878e+09 1.04975878e+09 1.04975878e+09 1.04975878e+09
 1.04975878e+09 1.04975878e+09 1.04975878e+09 1.04975878e+09
 1.04975879e+09 1.04975879e+09 1.04975879e+09 1.04975879e+09
 1.04975879e+09 1.04975879e+09 1.04975879e+09 1.04975880e+09
 1.04975880e+09 1.04975880e+09 1.04975880e+09 1.04975880e+09
 1.04975880e+09 1.04975880e+09 1.04975880e+09 1.04975881e+09
 1.04975881e+09 1.04975881e+09 1.04975881e+09 1.04975881e+09
 1.04975881e+09 1.04975881e+09 1.04975881e+09 1.04975882e+09
 1.04975882e+09 1.04975882e+09 1.04975882e+09 1.04975882e+09
 1.04975882e+09 1.04975882e+09 1.04975883e+09 1.04975883e+09
 1.04975883e+09 1.04975883e+09 1.04975883e+09 1.04975883e+09
 1.04975883e+09 1.04975883e+09 1.04975884e+09 1.04975884e+09
 1.04975884e+09 1.04975884e+09 1.04975884e+09 1.04975884e+09
 1.04975884e+09 1.04975884e+09 1.04975885e+09 1.04975885e+09
 1.04975885e+09 1.04975885e+09 1.04975885e+09 1.04975885e+09
 1.04975885e+09 1.04975886e+09 1.04975886e+09 1.04975886e+09
 1.04975886e+09 1.04975886e+09 1.04975886e+09 1.04975886e+09
 1.04975886e+09 1.04975887e+09 1.04975887e+09 1.04975887e+09
 1.04975887e+09 1.04975887e+09 1.04975887e+09 1.04975887e+09
 1.04975887e+09 1.04975888e+09 1.04975888e+09 1.04975888e+09
 1.04975888e+09 1.04975888e+09 1.04975888e+09 1.04975888e+09
 1.04975889e+09 1.04975889e+09 1.04975889e+09 1.04975889e+09]
maxCov = 7656476.679968216
maxCovTime =  [1.04975759e+09]
