name =JUICE_ROI_CAL_antiJ_01
flyby =  ['2032 AUG 14 10:09:17', '2032 AUG 15 10:09:17']
Observation TW =  <SpiceCell dtype = 1, length = 0, size = 2800, card = 8, is_set = 1, adjust = 0, init = 1, base = 2004924271584, data = 2004924271632>
Cov(t) =  [7656017.16082728 7653903.45415557 7651790.18624241 7649677.35328382
 7647564.9592561  7645453.00035688 7643341.48056084 7641230.39606722
 7639119.75084907 7637009.54110723 7634899.77081316 7632790.43616929
 7630681.54114546 7628573.08194571 7626465.06253825 7624357.47912875
 7622250.33568378 7620143.62841062 7618037.36127424 7615931.53048351
 7613826.14000178 7611721.18603954 7609616.6725585  7607512.59577076
 7605408.95770023 7603305.76036921 7601202.99999218 7599100.68052683
 7596998.79818927 7594897.35693556 7592796.35298342 7590695.79028726
 7588595.66506643 7586495.98127373 7584396.7351301  7582297.93058674
 7580199.56386618 7578101.63891797 7576004.1519663  7573907.1069591
 7571810.50012213 7569714.33540169 7567618.60902518 7565523.32493729
 7563428.47936699 7561334.07432966 7559240.111839   7557146.58812644
 7555053.5071326  7552960.8650905  7550868.66593913 7548776.90591312
 7546685.58894983 7544594.71128554 7542504.27685596 7540414.28189897
 7538324.73034865 7536235.61844451 7534146.95011899 7532058.72161321
 7529970.936858   7527883.5920961  7525796.69125668 7523710.2305841
 7521624.21400591 7519538.63776809 7517453.50579653 7515368.81433886
 7513284.56540097 7511200.76098717 7509117.39734747 7507034.4784037
 7504952.0004075  7502869.96727906 7500788.37527165 7498707.2283038
 7496626.52263041 7494546.2621684  7492466.44317426 7490387.06956326
 7488308.13759355 7486229.65117874 7484151.60657861 7482074.00770512
 7479996.85081967 7477920.13983259 7475843.8710069  7473768.04825128
 7471692.6678304  7469617.7317415  7467543.2419802  7465469.1948136
 7463395.59414627 7461322.43624691 7459249.72501847 7457177.45673128
 7455105.63528662 7453034.25695649 7450963.32564048 7448892.83761222
 7446822.79676968 7444753.19938812 7442684.04936383 7440615.34297371
 7438547.08411244 7436479.2690585  7434411.90170492 7432344.97833186
 7430278.50283066 7428212.47148312 7426146.88817894 7424081.74920153
 7422017.0565386  7419952.81217624 7417889.01240029 7415825.66109634
 7413762.75455188 7411700.29665084 7409638.28368234 7407576.71952865
 7405515.60048055 7403454.93041863 7401394.70563531 7399334.93000953
 7397275.59983534 7395216.71899004 7393158.28376928 7391100.29804874
 7389042.75812571 7386985.66787431 7384929.02359346 7382872.82915549
 7380817.08086096 7378761.78258058 7376706.93061655 7374652.526947
 7372598.57354841 7370545.06672547 7368492.01034469 7366439.40071238
 7364387.24169341 7362335.52959573 7360284.26828252 7358233.45406341
 7356183.09079988 7354133.17480322 7352083.70993328 7350034.69250292
 7347986.12637035 7345938.00785011 7343890.34079872 7341843.12153235
 7339796.35390588 7337750.0342371  7335704.16637921 7333658.7466517
 7331613.77702386 7329569.25946341 7327525.19029225 7325481.57335941
 7323438.40498848 7321395.68902678 7319353.42179957 7317311.60715252
 7315270.24141247 7313229.32842347 7311188.86451401 7309148.85352645
 7307109.29179094 7305070.18314814 7303031.52392988 7300993.31797515
 7298955.56161741 7296918.25869396 7294881.40553993 7292845.00599096
 7290809.05638382 7288773.56055247 7286738.51483531 7284703.92119202
 7282669.78158057 7280636.09234184 7278602.85730562 7276570.07281443
 7274537.74269641 7272505.86329571 7270474.43843878 7268443.46447144
 7266412.94521846 7264382.87702732 7262353.26372109 7260324.10164891
 7258295.39463218 7256267.13902171 7254239.33863717 7252211.98983106
 7250185.09642138 7248158.65476225 7246132.66867    7244107.13450041
 7242082.05420426 7240057.42973062 7238033.25743775 7236009.54113777
 7233986.27719063 7231963.46940673 7229941.11414768 7227919.21522221
 7225897.76899356 7223876.77926881 7221856.24241285 7219836.16223104
 7217816.53508995 7215797.36479326 7213778.64770921 7211760.38763978
 7209742.58095485 7207725.23145472 7205708.33551097 7203691.89692218
 7201675.91206156 7199660.38472604 7197645.3112905  7195630.6936959
 7193616.53388153 7191602.82822477 7189589.58051831 7187576.78714119
 7185564.45188437 7183552.57112858 7181541.14866311 7179530.18087031
 7177519.67153781 7175509.61704962 7173500.02119165 7171490.8803496
 7169482.19830768 7167473.97145326 7165466.20356883 7163458.89104345
 7161452.03765794 7159445.63980294 7157439.70125763 7155434.21841436
 7153429.19505053 7151424.62756019 7149420.51787448 7147416.86792283
 7145413.6741018  7143410.94018454 7141408.66256927 7139406.84502744
 7137405.48395894 7135404.58313355 7133404.13895279 7131404.15518473
 7129404.6282326  7127405.56186275 7125406.95248009 7123408.80384925
 7121411.11237681 7119413.8818257  7117417.10860419 7115420.7964735
 7113424.94184354 7111429.54847385 7109434.61277604 7107440.13667219
 7105446.12208272 7103452.56542175 7101459.47044453 7099466.83356682
 7097474.6585422  7095482.94178812 7093491.68705642 7091500.89076624
 7089510.55666768 7087520.6811816  7085531.26805638 7083542.31371454
 7081553.82190276 7079565.78904523 7077578.21888693 7075591.10785373
 7073604.45968887 7071618.27081992 7069632.54498842 7067647.27862359
 7065662.47546527 7063678.13194437 7061694.24997304 7059710.83146175
 7057727.87284392 7055745.37785508 7053763.34293037 7051781.7718036
 7049800.66091156 7047820.01398635 7045839.82746647 7043860.1050823
 7041880.84327398 7039902.04577021 7037923.70901281 7035945.83672874
 7033968.42536153 7031991.47863639 7030014.99299856 7028038.97217154
 7026063.41260222 7024088.31801239 7022113.68485063 7020139.51501999
 7018165.81042181 7016192.56750717 7014219.78999358 7012247.47433383
 7010275.62424368 7008304.2361776  7006333.31384963 7004362.85371596
 7002392.85948886 7000423.32762624 6998454.26183865 6996485.65858565
 6994517.52157608 6992549.84727119 6990582.6393781  6988615.89435976
 6986649.61592153 6984683.80052808 6982718.45188305 6980753.56645276
 6978789.14793913 6976825.19281018 6974861.70295894 6972898.68027666
 6970936.12123391 6968974.02952827 6967012.40163202 6965051.241241
 6963090.54482917 6961130.31609066 6959170.5515011  6957211.25475289
 6955252.42232336 6953294.05790317 6951336.15797137 6949378.72621685
 6947421.75912038 6945465.2603691  6943509.22644548 6941553.66103494
 6939598.56062164 6937643.92888923 6935689.76232359 6933736.06460666
 6931782.83222598 6929830.06706445 6927877.77100323 6925925.94053245
 6923974.57932967 6922023.68388671 6920073.2578794  6918123.29780125
 6916173.80732639 6914224.78294998 6912276.22834441 6910328.1400066
 6908380.52160714 6906433.36964465 6904486.68778801 6902540.47253753
 6900594.72756033 6898649.44935844 6896704.64159725 6894760.30078044
 6892816.4305717  6890873.02747642 6888930.09336823 6886987.63011906
 6885045.63423686 6883104.10938091 6881163.05206091 6879222.46593435
 6877282.34751265 6875342.70045157 6873403.5212642  6871464.81360458
 6869526.57398751 6867588.80606527 6865651.50635434 6863714.67850528
 6861778.31903627 6859842.43159612 6857907.01270473 6855972.06600913
 6854037.58803096 6852103.58241547 6850170.045686   6848236.98148609
 6846304.38634077 6844372.2621135  6842440.61066597 6840509.42852581
 6838578.71933212 6836648.47961427 6834718.7130096  6832789.41604915
 6830860.59236856 6828932.23850055 6827004.35807899 6825076.94763835
 6823150.01081072 6821223.54413228 6819297.55123336 6817372.02865187
 6815446.98001639 6813522.40186649 6811598.29782902 6809674.66444531
 6807751.50534038 6805828.8170573  6803906.60145016 6801984.86037128
 6800063.59036631 6798142.79505587 6796222.4709873  6794302.62177948
 6792383.24398148 6790464.34121037 6788545.91001698 6786627.95401659
 6784710.46976175 6782793.460866   6780876.92388358 6778960.86242628
 6777045.27305004 6775130.15936492 6773215.51792855 6771301.35234921
 6769387.65918628 6767474.44204626 6765561.69749025 6763649.42912298
 6761737.63350726 6759826.31248693 6757915.46790396 6756005.09632381
 6754095.20134675 6752185.77953994 6750276.83450188 6748368.36280144
 6746460.36803538 6744552.84677426 6742645.80261308 6740739.23212414
 6738833.13890064 6736927.51951662 6735022.3775635  6733117.70961705
 6731213.51926691 6729309.80309058 6727406.56467591 6725503.80060214
 6723601.51445536 6721699.7028165  6719798.36926989 6717897.5103982
 6715997.12803488 6714097.22401159 6712197.7949136  6710298.84432079
 6708400.36882015 6706502.37198976 6704604.85041837 6702707.80768224
 6700811.24037186 6698915.15206174 6697019.53934407 6695124.4057916
 6693229.74799824 6691335.56953493 6689441.86699735 6687548.64395465
 6685655.89700423 6683763.62971346 6681871.83868147 6679980.52747385
 6678089.69269147 6676199.33615826 6674309.45969641 6672420.05990937
 6670531.14035826 6668642.69764828 6666754.73533878 6664867.25003667
 6662980.24529951 6661093.71773598 6659207.67090181 6657322.10140743
 6655437.01280678 6653552.40171204 6651668.27167536 6649784.61931062
 6647901.44816822 6646018.75486375 6644136.54294584 6642254.80903182
 6640373.5566685  6638492.78247496 6636612.48999622 6634732.67585312
 6632853.34185915 6630974.48982601 6629096.11637719 6627218.22505316
 6625340.81247913 6623463.88219382 6621587.43082416 6619711.46190708
 6617835.97207124 6615960.96485176 6614086.43687906 6612212.39168649
 6610338.82590618 6608465.74306967 6606593.13981086 6604721.01965947
 6602849.37925116 6600978.22211384 6599107.54488492 6597237.35109051
 6595367.63736977 6593498.40552658 6591629.65736306 6589761.38952101
 6587893.60552201 6586026.30200957 6584159.4825035  6582293.14364907
 6580427.28896428 6578561.91509611 6576697.02556079 6574832.61700706
 6572968.6929493  6571105.25003804 6569242.29178584 6567379.81484495
 6565517.82272618 6563656.31208349 6561795.28642586 6559934.74240907
 6558074.68354025 6556215.10647692 6554356.01472441 6552497.40494198
 6550639.27892301 6548781.63845905 6546924.48021196 6545067.80768258
 6543211.61753455 6541355.91326687 6539500.69154493 6537645.95586594
 6535791.70289703 6533937.93613359 6532084.65224451 6530231.85472339
 6528379.54024083 6526527.71228863 6524676.36753918 6522825.50948243
 6520975.13479252 6519125.2469576  6517275.84265358 6515426.92536676
 6513578.49177481 6511730.54536217 6509883.08280824 6508036.10589576
 6506189.61640569 6504343.6110201  6502498.09321894 6500653.05968602
 6498808.51389949 6496964.45254489 6495120.8790986  6493277.79024788
 6491435.18946728 6489593.07344587 6487751.44565633 6485910.30278951
 6484069.64831626 6482229.47892922 6480389.79809736 6478550.60251511
 6476711.89564966 6474873.67419714 6473035.94162292 6471198.69462493
 6469361.93497619 6467525.66444791 6465689.87974064 6463854.58431522
 6462019.77487393 6460185.45487578 6458351.62102482 6456518.27677822
 6454685.41884182 6452853.05067095 6451021.16897322 6449189.77720211
 6447358.87206702 6445528.45701959 6443698.52877099 6441869.09077103
 6440040.13973264 6438211.67910381 6436383.7055992  6434556.22266502
 6432729.22701769 6430902.72210155 6429076.70463481 6427251.17637982
 6425426.13909706 6423601.58950742 6421777.53105064 6419953.96044938
 6418130.88114151 6416308.28985149 6414486.19001537 6412664.57835934
 6410843.45831764 6409022.82661821 6407202.68669348 6405383.03527315
 6403563.87578781 6401745.20496892 6399927.02624526 6398109.33635004
 6396292.1387102  6394475.43006075 6392659.21382676 6390843.48674502
 6389028.25056806 6387213.50704656 6385399.25292    6383585.49160883
 6381772.21985429 6379959.44107498 6378147.15201393 6376335.35608791
 6374524.05004172 6372713.23729029 6370902.91458016 6369093.08532444
 6367283.74627147 6365474.90083248 6363666.54575761 6361858.68445623
 6360051.31368026 6358244.43683724 6356438.05068084 6354632.15861676
 6352826.75740047 6351021.85043583 6349217.43448004 6347413.51127484
 6345610.0825601  6343807.14509575 6342004.702281   6340202.75087753
 6338401.29428275 6336600.32926009 6334799.8592051  6332999.88088302
 6331200.39768754 6329401.40638568 6327602.91036927 6325804.90640712
 6324007.3978892  6322210.3815861  6320413.86088596 6318617.83256114
 6316822.29999792 6315027.25997046 6313232.71586317 6311438.66445197
 6309645.10911946 6307852.04664333 6306059.47875447 6304267.4071819
 6302475.82870602 6300684.74670477 6298894.1579603  6297104.06584871
 6295314.46715396 6293525.36525024 6291736.75692334 6289948.64554559
 6288161.02790454 6286373.90737068 6284587.28073335 6282801.15136116
 6281015.51604525 6279230.37815238 6277445.73447547 6275661.58837941
 6273877.93665891 6272094.782677   6270312.12323019 6268529.96003939
 6266748.29482367 6264967.12438221 6263186.45207337 6261406.27469817
 6259626.59561308 6257847.41162085 6256068.72607619 6254290.53578361
 6252512.84409589 6250735.64781941 6248958.95030505 6247182.74836099
 6245407.04533624 6243631.83804075 6241857.1298217  6240082.91749083
 6238309.20439343 6236535.98734304 6234763.26968308 6232991.04822889
 6231219.32632203 6229448.10077962 6227677.37331163 6225907.14562615
 6224137.41454302 6222368.18339909 6220599.44901601 6218831.21472877
 6217063.47736079 6215296.24024519 6213529.50020719 6211763.26057807
 6209997.5181848  6208232.2763568  6206467.53192286 6204703.2882105
 6202939.54205031 6201176.29676795 6199413.54919581 6197651.30265764
 6195889.55398767 6194128.30650776 6192367.55705393 6190607.30732608
 6188847.5590223  6187088.30898127 6185329.56052019 6183571.31047956
 6181813.5621747  6180056.31244791 6178299.56461261 6176543.31551293
 6174787.56846039 6173032.32030094 6171277.57434422 6169523.32743795
 6167769.58288993 6166016.33754967 6164263.59472307 6162511.35126145
 6160759.61046884 6159008.36919836 6157257.63075216 6155507.39198516
 6153757.65619761 6152008.42024625 6150259.68581998 6148511.45460578
 6146763.7234631  6145016.4956875  6143269.76814023 6141523.54411491
 6139777.82047465 6138032.60051118 6136287.88108938 6134543.66549911
 6132799.95060708 6131056.73970123 6129314.02965009 6127571.82373974
 6125830.11884047 6124088.91823649 6122348.21879991 6120608.02381304
 6118868.3301498  6117129.1410906  6115390.45351119 6113652.27069008
 6111914.58950482 6110177.41163319 6108440.73875109 6106704.5677388
 6104968.90187009 6103233.73802704 6101499.07948156 6099764.92311752
 6098031.27220493 6096298.12362949 6094565.4806593  6092833.34018188
 6091101.70546343 6089370.57339328 6087639.94723576 6085909.82388198
 6084180.20659437 6082451.0922659  6080722.48415706 6078994.37916265
 6077266.78054126 6075539.6851895  6073813.09477497 6072087.01096339
 6070361.4306541  6068636.35710092 6066911.78720504 6065187.72421837
 6063464.16504389 6061741.11293165 6060018.56478642 6058296.52385636
 6056574.98704807 6054853.95760776 6053133.43244389 6051413.41480077
 6049693.90158866 6047974.89604996 6046256.39509676 6044538.40196958
 6042820.91358229 6041103.93317351 6039387.45765896 6037671.49027533
 6035956.02794016 6034241.07230984 6032526.62503891 6030812.68304764
 6029099.24956794 6027386.32152192 6025673.90213959 6023961.98834487
 6022250.58336588 6020539.68412833 6018829.29385845 6017119.4094838
 6015410.03422864 6013701.1650224  6011992.80508742 6010284.95135493
 6008577.6070454  6006870.76909186 6005164.44071287 6003458.61884328
 6001753.30669974 6000048.50121893 5998344.20404701 5996640.41682822
 5994937.13650199 5993234.3662802  5991532.10310406 5989830.35018354
 5988129.10446172 5986428.36914662 5984728.14118315 5983028.4237774
 5981329.21387615 5979630.51468354 5977932.32314818 5976234.64247231
 5974537.46960635 5972840.80775063 5971144.6538574  5969449.01112508
 5967753.87650773 5966059.25320185 5964365.13816336 5962671.53458682
 5960978.43942997 5959285.85432768 5957593.78091288 5955902.21614608
 5954211.16321703 5952520.61908807 5950830.58694703 5949141.06375808
 5947452.05270712 5945763.55076014 5944075.56110114 5942388.08069795
 5940701.11273263 5939014.65417483 5937328.70820471 5935643.27179376
 5933958.34812018 5932273.93415732 5930590.03308145 5928906.64186774
 5927223.76369057 5925541.39552691 5923859.54054922 5922178.19573632
 5920497.36271174 5918817.04309709 5917137.23387398 5915457.93821
 5913779.1530886  5912100.88167544 5910423.1209558  5908745.87409342
 5907069.13807544 5905392.91606362 5903717.20504696 5902042.00818531
 5900367.32246948 5898693.1510574  5897019.49094172 5895346.34527844
 5893673.71106204 5892001.59144658 5890329.9834284  5888658.89015962
 5886988.30863841 5885318.2404779  5883648.68728931 5881979.64607356
 5880311.11997794 5878643.10600523 5876975.60730077 5875308.62086921
 5873642.14985393 5871976.1912614  5870310.74823309 5868645.81777733
 5866981.40303364 5865317.50101216 5863654.1148505  5861991.24156066
 5860328.88427829 5858667.04001722 5857005.71191117 5855344.89697584
 5853684.59834298 5852024.81303015 5850365.54416715 5848706.78877339
 5847048.54845056 5845390.82479843 5843733.61483916 5842076.92169774
 5840420.74239814 5838765.0800634  5837109.93171938 5835455.30048713
 5833801.18339437 5832147.58356023 5830494.49801427 5828841.92987366
 5827189.87616979 5825538.34001792 5823887.31845129 5822236.81458319
 5820586.82544873 5818937.35415923 5817288.39775167 5815639.95933541
 5813992.03594929 5812344.6291845  5810697.74063037 5809051.36732847
 5807405.51238331 5805760.17283834 5804115.35179612 5802471.04630194
 5800827.25945639 5799183.98830666 5797541.23595136 5795898.99943952
 5794257.28186782 5792616.08028714 5790975.3977922  5789335.23143576
 5787695.58431055 5786056.45347118 5784417.84200847 5782779.74697887
 5781142.17147121 5779505.11254381 5777868.57328359 5776232.55075068]
t =  [1.02940573e+09 1.02940573e+09 1.02940573e+09 1.02940573e+09
 1.02940573e+09 1.02940573e+09 1.02940573e+09 1.02940573e+09
 1.02940573e+09 1.02940573e+09 1.02940573e+09 1.02940573e+09
 1.02940573e+09 1.02940573e+09 1.02940573e+09 1.02940573e+09
 1.02940573e+09 1.02940573e+09 1.02940573e+09 1.02940573e+09
 1.02940573e+09 1.02940573e+09 1.02940573e+09 1.02940573e+09
 1.02940573e+09 1.02940573e+09 1.02940573e+09 1.02940573e+09
 1.02940573e+09 1.02940573e+09 1.02940573e+09 1.02940573e+09
 1.02940573e+09 1.02940573e+09 1.02940573e+09 1.02940573e+09
 1.02940573e+09 1.02940573e+09 1.02940573e+09 1.02940574e+09
 1.02940574e+09 1.02940574e+09 1.02940574e+09 1.02940574e+09
 1.02940574e+09 1.02940574e+09 1.02940574e+09 1.02940574e+09
 1.02940574e+09 1.02940574e+09 1.02940574e+09 1.02940574e+09
 1.02940574e+09 1.02940574e+09 1.02940574e+09 1.02940574e+09
 1.02940574e+09 1.02940574e+09 1.02940574e+09 1.02940574e+09
 1.02940574e+09 1.02940574e+09 1.02940574e+09 1.02940574e+09
 1.02940574e+09 1.02940574e+09 1.02940574e+09 1.02940574e+09
 1.02940574e+09 1.02940574e+09 1.02940574e+09 1.02940574e+09
 1.02940574e+09 1.02940574e+09 1.02940574e+09 1.02940574e+09
 1.02940574e+09 1.02940574e+09 1.02940574e+09 1.02940574e+09
 1.02940574e+09 1.02940574e+09 1.02940574e+09 1.02940574e+09
 1.02940574e+09 1.02940574e+09 1.02940574e+09 1.02940574e+09
 1.02940574e+09 1.02940574e+09 1.02940574e+09 1.02940574e+09
 1.02940574e+09 1.02940574e+09 1.02940574e+09 1.02940574e+09
 1.02940574e+09 1.02940574e+09 1.02940574e+09 1.02940574e+09
 1.02940574e+09 1.02940574e+09 1.02940574e+09 1.02940574e+09
 1.02940574e+09 1.02940574e+09 1.02940574e+09 1.02940574e+09
 1.02940574e+09 1.02940574e+09 1.02940574e+09 1.02940574e+09
 1.02940574e+09 1.02940574e+09 1.02940574e+09 1.02940574e+09
 1.02940575e+09 1.02940575e+09 1.02940575e+09 1.02940575e+09
 1.02940575e+09 1.02940575e+09 1.02940575e+09 1.02940575e+09
 1.02940575e+09 1.02940575e+09 1.02940575e+09 1.02940575e+09
 1.02940575e+09 1.02940575e+09 1.02940575e+09 1.02940575e+09
 1.02940575e+09 1.02940575e+09 1.02940575e+09 1.02940575e+09
 1.02940575e+09 1.02940575e+09 1.02940575e+09 1.02940575e+09
 1.02940575e+09 1.02940575e+09 1.02940575e+09 1.02940575e+09
 1.02940575e+09 1.02940575e+09 1.02940575e+09 1.02940575e+09
 1.02940575e+09 1.02940575e+09 1.02940575e+09 1.02940575e+09
 1.02940575e+09 1.02940575e+09 1.02940575e+09 1.02940575e+09
 1.02940575e+09 1.02940575e+09 1.02940575e+09 1.02940575e+09
 1.02940575e+09 1.02940575e+09 1.02940575e+09 1.02940575e+09
 1.02940575e+09 1.02940575e+09 1.02940575e+09 1.02940575e+09
 1.02940575e+09 1.02940575e+09 1.02940575e+09 1.02940575e+09
 1.02940575e+09 1.02940575e+09 1.02940575e+09 1.02940575e+09
 1.02940575e+09 1.02940575e+09 1.02940575e+09 1.02940575e+09
 1.02940575e+09 1.02940575e+09 1.02940575e+09 1.02940575e+09
 1.02940575e+09 1.02940575e+09 1.02940575e+09 1.02940575e+09
 1.02940575e+09 1.02940575e+09 1.02940575e+09 1.02940575e+09
 1.02940575e+09 1.02940576e+09 1.02940576e+09 1.02940576e+09
 1.02940576e+09 1.02940576e+09 1.02940576e+09 1.02940576e+09
 1.02940576e+09 1.02940576e+09 1.02940576e+09 1.02940576e+09
 1.02940576e+09 1.02940576e+09 1.02940576e+09 1.02940576e+09
 1.02940576e+09 1.02940576e+09 1.02940576e+09 1.02940576e+09
 1.02940576e+09 1.02940576e+09 1.02940576e+09 1.02940576e+09
 1.02940576e+09 1.02940576e+09 1.02940576e+09 1.02940576e+09
 1.02940576e+09 1.02940576e+09 1.02940576e+09 1.02940576e+09
 1.02940576e+09 1.02940576e+09 1.02940576e+09 1.02940576e+09
 1.02940576e+09 1.02940576e+09 1.02940576e+09 1.02940576e+09
 1.02940576e+09 1.02940576e+09 1.02940576e+09 1.02940576e+09
 1.02940576e+09 1.02940576e+09 1.02940576e+09 1.02940576e+09
 1.02940576e+09 1.02940576e+09 1.02940576e+09 1.02940576e+09
 1.02940576e+09 1.02940576e+09 1.02940576e+09 1.02940576e+09
 1.02940576e+09 1.02940576e+09 1.02940576e+09 1.02940576e+09
 1.02940576e+09 1.02940576e+09 1.02940576e+09 1.02940576e+09
 1.02940576e+09 1.02940576e+09 1.02940576e+09 1.02940576e+09
 1.02940576e+09 1.02940576e+09 1.02940576e+09 1.02940576e+09
 1.02940576e+09 1.02940576e+09 1.02940576e+09 1.02940576e+09
 1.02940576e+09 1.02940576e+09 1.02940576e+09 1.02940577e+09
 1.02940577e+09 1.02940577e+09 1.02940577e+09 1.02940577e+09
 1.02940577e+09 1.02940577e+09 1.02940577e+09 1.02940577e+09
 1.02940577e+09 1.02940577e+09 1.02940577e+09 1.02940577e+09
 1.02940577e+09 1.02940577e+09 1.02940577e+09 1.02940577e+09
 1.02940577e+09 1.02940577e+09 1.02940577e+09 1.02940577e+09
 1.02940577e+09 1.02940577e+09 1.02940577e+09 1.02940577e+09
 1.02940577e+09 1.02940577e+09 1.02940577e+09 1.02940577e+09
 1.02940577e+09 1.02940577e+09 1.02940577e+09 1.02940577e+09
 1.02940577e+09 1.02940577e+09 1.02940577e+09 1.02940577e+09
 1.02940577e+09 1.02940577e+09 1.02940577e+09 1.02940577e+09
 1.02940577e+09 1.02940577e+09 1.02940577e+09 1.02940577e+09
 1.02940577e+09 1.02940577e+09 1.02940577e+09 1.02940577e+09
 1.02940577e+09 1.02940577e+09 1.02940577e+09 1.02940577e+09
 1.02940577e+09 1.02940577e+09 1.02940577e+09 1.02940577e+09
 1.02940577e+09 1.02940577e+09 1.02940577e+09 1.02940577e+09
 1.02940577e+09 1.02940577e+09 1.02940577e+09 1.02940577e+09
 1.02940577e+09 1.02940577e+09 1.02940577e+09 1.02940577e+09
 1.02940577e+09 1.02940577e+09 1.02940577e+09 1.02940577e+09
 1.02940577e+09 1.02940577e+09 1.02940577e+09 1.02940577e+09
 1.02940578e+09 1.02940578e+09 1.02940578e+09 1.02940578e+09
 1.02940578e+09 1.02940578e+09 1.02940578e+09 1.02940578e+09
 1.02940578e+09 1.02940578e+09 1.02940578e+09 1.02940578e+09
 1.02940578e+09 1.02940578e+09 1.02940578e+09 1.02940578e+09
 1.02940578e+09 1.02940578e+09 1.02940578e+09 1.02940578e+09
 1.02940578e+09 1.02940578e+09 1.02940578e+09 1.02940578e+09
 1.02940578e+09 1.02940578e+09 1.02940578e+09 1.02940578e+09
 1.02940578e+09 1.02940578e+09 1.02940578e+09 1.02940578e+09
 1.02940578e+09 1.02940578e+09 1.02940578e+09 1.02940578e+09
 1.02940578e+09 1.02940578e+09 1.02940578e+09 1.02940578e+09
 1.02940578e+09 1.02940578e+09 1.02940578e+09 1.02940578e+09
 1.02940578e+09 1.02940578e+09 1.02940578e+09 1.02940578e+09
 1.02940578e+09 1.02940578e+09 1.02940578e+09 1.02940578e+09
 1.02940578e+09 1.02940578e+09 1.02940578e+09 1.02940578e+09
 1.02940578e+09 1.02940578e+09 1.02940578e+09 1.02940578e+09
 1.02940578e+09 1.02940578e+09 1.02940578e+09 1.02940578e+09
 1.02940578e+09 1.02940578e+09 1.02940578e+09 1.02940578e+09
 1.02940578e+09 1.02940578e+09 1.02940578e+09 1.02940578e+09
 1.02940578e+09 1.02940578e+09 1.02940578e+09 1.02940578e+09
 1.02940578e+09 1.02940579e+09 1.02940579e+09 1.02940579e+09
 1.02940579e+09 1.02940579e+09 1.02940579e+09 1.02940579e+09
 1.02940579e+09 1.02940579e+09 1.02940579e+09 1.02940579e+09
 1.02940579e+09 1.02940579e+09 1.02940579e+09 1.02940579e+09
 1.02940579e+09 1.02940579e+09 1.02940579e+09 1.02940579e+09
 1.02940579e+09 1.02940579e+09 1.02940579e+09 1.02940579e+09
 1.02940579e+09 1.02940579e+09 1.02940579e+09 1.02940579e+09
 1.02940579e+09 1.02940579e+09 1.02940579e+09 1.02940579e+09
 1.02940579e+09 1.02940579e+09 1.02940579e+09 1.02940579e+09
 1.02940579e+09 1.02940579e+09 1.02940579e+09 1.02940579e+09
 1.02940579e+09 1.02940579e+09 1.02940579e+09 1.02940579e+09
 1.02940579e+09 1.02940579e+09 1.02940579e+09 1.02940579e+09
 1.02940579e+09 1.02940579e+09 1.02940579e+09 1.02940579e+09
 1.02940579e+09 1.02940579e+09 1.02940579e+09 1.02940579e+09
 1.02940579e+09 1.02940579e+09 1.02940579e+09 1.02940579e+09
 1.02940579e+09 1.02940579e+09 1.02940579e+09 1.02940579e+09
 1.02940579e+09 1.02940579e+09 1.02940579e+09 1.02940579e+09
 1.02940579e+09 1.02940579e+09 1.02940579e+09 1.02940579e+09
 1.02940579e+09 1.02940579e+09 1.02940579e+09 1.02940579e+09
 1.02940579e+09 1.02940579e+09 1.02940580e+09 1.02940580e+09
 1.02940580e+09 1.02940580e+09 1.02940580e+09 1.02940580e+09
 1.02940580e+09 1.02940580e+09 1.02940580e+09 1.02940580e+09
 1.02940580e+09 1.02940580e+09 1.02940580e+09 1.02940580e+09
 1.02940580e+09 1.02940580e+09 1.02940580e+09 1.02940580e+09
 1.02940580e+09 1.02940580e+09 1.02940580e+09 1.02940580e+09
 1.02940580e+09 1.02940580e+09 1.02940580e+09 1.02940580e+09
 1.02940580e+09 1.02940580e+09 1.02940580e+09 1.02940580e+09
 1.02940580e+09 1.02940580e+09 1.02940580e+09 1.02940580e+09
 1.02940580e+09 1.02940580e+09 1.02940580e+09 1.02940580e+09
 1.02940580e+09 1.02940580e+09 1.02940580e+09 1.02940580e+09
 1.02940580e+09 1.02940580e+09 1.02940580e+09 1.02940580e+09
 1.02940580e+09 1.02940580e+09 1.02940580e+09 1.02940580e+09
 1.02940580e+09 1.02940580e+09 1.02940580e+09 1.02940580e+09
 1.02940580e+09 1.02940580e+09 1.02940580e+09 1.02940580e+09
 1.02940580e+09 1.02940580e+09 1.02940580e+09 1.02940580e+09
 1.02940580e+09 1.02940580e+09 1.02940580e+09 1.02940580e+09
 1.02940580e+09 1.02940580e+09 1.02940580e+09 1.02940580e+09
 1.02940580e+09 1.02940580e+09 1.02940580e+09 1.02940580e+09
 1.02940580e+09 1.02940580e+09 1.02940580e+09 1.02940580e+09
 1.02940581e+09 1.02940581e+09 1.02940581e+09 1.02940581e+09
 1.02940581e+09 1.02940581e+09 1.02940581e+09 1.02940581e+09
 1.02940581e+09 1.02940581e+09 1.02940581e+09 1.02940581e+09
 1.02940581e+09 1.02940581e+09 1.02940581e+09 1.02940581e+09
 1.02940581e+09 1.02940581e+09 1.02940581e+09 1.02940581e+09
 1.02940581e+09 1.02940581e+09 1.02940581e+09 1.02940581e+09
 1.02940581e+09 1.02940581e+09 1.02940581e+09 1.02940581e+09
 1.02940581e+09 1.02940581e+09 1.02940581e+09 1.02940581e+09
 1.02940581e+09 1.02940581e+09 1.02940581e+09 1.02940581e+09
 1.02940581e+09 1.02940581e+09 1.02940581e+09 1.02940581e+09
 1.02940581e+09 1.02940581e+09 1.02940581e+09 1.02940581e+09
 1.02940581e+09 1.02940581e+09 1.02940581e+09 1.02940581e+09
 1.02940581e+09 1.02940581e+09 1.02940581e+09 1.02940581e+09
 1.02940581e+09 1.02940581e+09 1.02940581e+09 1.02940581e+09
 1.02940581e+09 1.02940581e+09 1.02940581e+09 1.02940581e+09
 1.02940581e+09 1.02940581e+09 1.02940581e+09 1.02940581e+09
 1.02940581e+09 1.02940581e+09 1.02940581e+09 1.02940581e+09
 1.02940581e+09 1.02940581e+09 1.02940581e+09 1.02940581e+09
 1.02940581e+09 1.02940581e+09 1.02940581e+09 1.02940581e+09
 1.02940581e+09 1.02940582e+09 1.02940582e+09 1.02940582e+09
 1.02940582e+09 1.02940582e+09 1.02940582e+09 1.02940582e+09
 1.02940582e+09 1.02940582e+09 1.02940582e+09 1.02940582e+09
 1.02940582e+09 1.02940582e+09 1.02940582e+09 1.02940582e+09
 1.02940582e+09 1.02940582e+09 1.02940582e+09 1.02940582e+09
 1.02940582e+09 1.02940582e+09 1.02940582e+09 1.02940582e+09
 1.02940582e+09 1.02940582e+09 1.02940582e+09 1.02940582e+09
 1.02940582e+09 1.02940582e+09 1.02940582e+09 1.02940582e+09
 1.02940582e+09 1.02940582e+09 1.02940582e+09 1.02940582e+09
 1.02940582e+09 1.02940582e+09 1.02940582e+09 1.02940582e+09
 1.02940582e+09 1.02940582e+09 1.02940582e+09 1.02940582e+09
 1.02940582e+09 1.02940582e+09 1.02940582e+09 1.02940582e+09
 1.02940582e+09 1.02940582e+09 1.02940582e+09 1.02940582e+09
 1.02940582e+09 1.02940582e+09 1.02940582e+09 1.02940582e+09
 1.02940582e+09 1.02940582e+09 1.02940582e+09 1.02940582e+09
 1.02940582e+09 1.02940582e+09 1.02940582e+09 1.02940582e+09
 1.02940582e+09 1.02940582e+09 1.02940582e+09 1.02940582e+09
 1.02940582e+09 1.02940582e+09 1.02940582e+09 1.02940582e+09
 1.02940582e+09 1.02940582e+09 1.02940582e+09 1.02940582e+09
 1.02940582e+09 1.02940582e+09 1.02940583e+09 1.02940583e+09
 1.02940583e+09 1.02940583e+09 1.02940583e+09 1.02940583e+09
 1.02940583e+09 1.02940583e+09 1.02940583e+09 1.02940583e+09
 1.02940583e+09 1.02940583e+09 1.02940583e+09 1.02940583e+09
 1.02940583e+09 1.02940583e+09 1.02940583e+09 1.02940583e+09
 1.02940583e+09 1.02940583e+09 1.02940583e+09 1.02940583e+09
 1.02940583e+09 1.02940583e+09 1.02940583e+09 1.02940583e+09
 1.02940583e+09 1.02940583e+09 1.02940583e+09 1.02940583e+09
 1.02940583e+09 1.02940583e+09 1.02940583e+09 1.02940583e+09
 1.02940583e+09 1.02940583e+09 1.02940583e+09 1.02940583e+09
 1.02940583e+09 1.02940583e+09 1.02940583e+09 1.02940583e+09
 1.02940583e+09 1.02940583e+09 1.02940583e+09 1.02940583e+09
 1.02940583e+09 1.02940583e+09 1.02940583e+09 1.02940583e+09
 1.02940583e+09 1.02940583e+09 1.02940583e+09 1.02940583e+09
 1.02940583e+09 1.02940583e+09 1.02940583e+09 1.02940583e+09
 1.02940583e+09 1.02940583e+09 1.02940583e+09 1.02940583e+09
 1.02940583e+09 1.02940583e+09 1.02940583e+09 1.02940583e+09
 1.02940583e+09 1.02940583e+09 1.02940583e+09 1.02940583e+09
 1.02940583e+09 1.02940583e+09 1.02940583e+09 1.02940583e+09
 1.02940583e+09 1.02940583e+09 1.02940583e+09 1.02940584e+09
 1.02940584e+09 1.02940584e+09 1.02940584e+09 1.02940584e+09
 1.02940584e+09 1.02940584e+09 1.02940584e+09 1.02940584e+09
 1.02940584e+09 1.02940584e+09 1.02940584e+09 1.02940584e+09
 1.02940584e+09 1.02940584e+09 1.02940584e+09 1.02940584e+09
 1.02940584e+09 1.02940584e+09 1.02940584e+09 1.02940584e+09
 1.02940584e+09 1.02940584e+09 1.02940584e+09 1.02940584e+09
 1.02940584e+09 1.02940584e+09 1.02940584e+09 1.02940584e+09
 1.02940584e+09 1.02940584e+09 1.02940584e+09 1.02940584e+09
 1.02940584e+09 1.02940584e+09 1.02940584e+09 1.02940584e+09
 1.02940584e+09 1.02940584e+09 1.02940584e+09 1.02940584e+09
 1.02940584e+09 1.02940584e+09 1.02940584e+09 1.02940584e+09
 1.02940584e+09 1.02940584e+09 1.02940584e+09 1.02940584e+09
 1.02940584e+09 1.02940584e+09 1.02940584e+09 1.02940584e+09
 1.02940584e+09 1.02940584e+09 1.02940584e+09 1.02940584e+09
 1.02940584e+09 1.02940584e+09 1.02940584e+09 1.02940584e+09
 1.02940584e+09 1.02940584e+09 1.02940584e+09 1.02940584e+09
 1.02940584e+09 1.02940584e+09 1.02940584e+09 1.02940584e+09
 1.02940584e+09 1.02940584e+09 1.02940584e+09 1.02940584e+09
 1.02940584e+09 1.02940584e+09 1.02940584e+09 1.02940584e+09
 1.02940585e+09 1.02940585e+09 1.02940585e+09 1.02940585e+09
 1.02940585e+09 1.02940585e+09 1.02940585e+09 1.02940585e+09
 1.02940585e+09 1.02940585e+09 1.02940585e+09 1.02940585e+09
 1.02940585e+09 1.02940585e+09 1.02940585e+09 1.02940585e+09
 1.02940585e+09 1.02940585e+09 1.02940585e+09 1.02940585e+09
 1.02940585e+09 1.02940585e+09 1.02940585e+09 1.02940585e+09
 1.02940585e+09 1.02940585e+09 1.02940585e+09 1.02940585e+09
 1.02940585e+09 1.02940585e+09 1.02940585e+09 1.02940585e+09
 1.02940585e+09 1.02940585e+09 1.02940585e+09 1.02940585e+09
 1.02940585e+09 1.02940585e+09 1.02940585e+09 1.02940585e+09
 1.02940585e+09 1.02940585e+09 1.02940585e+09 1.02940585e+09
 1.02940585e+09 1.02940585e+09 1.02940585e+09 1.02940585e+09
 1.02940585e+09 1.02940585e+09 1.02940585e+09 1.02940585e+09
 1.02940585e+09 1.02940585e+09 1.02940585e+09 1.02940585e+09
 1.02940585e+09 1.02940585e+09 1.02940585e+09 1.02940585e+09
 1.02940585e+09 1.02940585e+09 1.02940585e+09 1.02940585e+09
 1.02940585e+09 1.02940585e+09 1.02940585e+09 1.02940585e+09
 1.02940585e+09 1.02940585e+09 1.02940585e+09 1.02940585e+09
 1.02940585e+09 1.02940585e+09 1.02940585e+09 1.02940585e+09
 1.02940585e+09 1.02940585e+09 1.02940586e+09 1.02940586e+09
 1.02940586e+09 1.02940586e+09 1.02940586e+09 1.02940586e+09
 1.02940586e+09 1.02940586e+09 1.02940586e+09 1.02940586e+09
 1.02940586e+09 1.02940586e+09 1.02940586e+09 1.02940586e+09
 1.02940586e+09 1.02940586e+09 1.02940586e+09 1.02940586e+09
 1.02940586e+09 1.02940586e+09 1.02940586e+09 1.02940586e+09
 1.02940586e+09 1.02940586e+09 1.02940586e+09 1.02940586e+09
 1.02940586e+09 1.02940586e+09 1.02940586e+09 1.02940586e+09
 1.02940586e+09 1.02940586e+09 1.02940586e+09 1.02940586e+09]
maxCov = 7656017.160827282
maxCovTime =  [1.02940573e+09]
