name =JUICE_ROI_CAL_7_0_02
flyby =  ['2032 NOV 16 05:53:16', '2032 NOV 17 05:53:16']
Observation TW =  <SpiceCell dtype = 1, length = 0, size = 2400, card = 4, is_set = 1, adjust = 0, init = 1, base = 1356594767568, data = 1356594767616>
Res(t) =  [4.93647132 4.93225736 4.92804287 4.92382786 4.91961233 4.91539627
 4.91117968 4.90696257 4.90274492 4.89852675 4.89430805 4.89008883
 4.88586907 4.88164878 4.87742796 4.87320661 4.86898473 4.86476232
 4.86053938 4.8563159  4.85209189 4.84786735 4.84364228 4.83941667
 4.83519052 4.83096384 4.82673662 4.82250887 4.81828058 4.81405176
 4.80982239 4.80559249 4.80136205 4.79713107 4.79289955 4.7886675
 4.7844349  4.78020176 4.77596808 4.77173386 4.7674991  4.76326379
 4.75902794 4.75479155 4.75055461 4.74631713 4.74207911 4.73784054
 4.73360143 4.72936176 4.72512156 4.7208808  4.7166395  4.71239765
 4.70815525 4.7039123  4.69966881 4.69542476 4.69118017 4.68693502
 4.68268932 4.67844307 4.67419627 4.66994892 4.66570101 4.66145255
 4.65720354 4.65295397 4.64870385 4.64445317 4.64020194 4.63595015
 4.6316978  4.6274449  4.62319144 4.61893742 4.61468285 4.61042771
 4.60617202 4.60191576 4.59765895 4.59340157 4.58914364 4.58488514
 4.58062608 4.57636646 4.57210628 4.56784553 4.56358422 4.55932234
 4.5550599  4.5507969  4.54653332 4.54226919 4.53800448 4.53373921
 4.52947337 4.52520697 4.52093999 4.51667245 4.51240434 4.50813565
 4.5038664  4.49959658 4.49532618 4.49105522 4.48678368 4.48251157
 4.47823888 4.47396562 4.46969179 4.46541739 4.46114241 4.45686685
 4.45259072 4.44831401 4.44403673 4.43975887 4.43548043 4.43120141
 4.42692181 4.42264164 4.41836089 4.41407955 4.40979764 4.40551514
 4.40123206 4.39694841 4.39266417 4.38837934 4.38409394 4.37980795
 4.37552137 4.37123421 4.36694647 4.36265814 4.35836922 4.35407972
 4.34978963 4.34549896 4.34120769 4.33691584 4.3326234  4.32833037
 4.32403675 4.31974254 4.31544774 4.31115235 4.30685637 4.30255979
 4.29826263 4.29396486 4.28966651 4.28536756 4.28106802 4.27676788
 4.27246715 4.26816582 4.2638639  4.25956138 4.25525826 4.25095455
 4.24665023 4.24234532 4.23803981 4.2337337  4.22942699 4.22511968
 4.22081176 4.21650325 4.21219414 4.20788442 4.2035741  4.19926317
 4.19495165 4.19063951 4.18632678 4.18201344 4.17769949 4.17338494
 4.16906978 4.16475401 4.16043764 4.15612065 4.15180306 4.14748486
 4.14316606 4.13884664 4.13452661 4.13020597 4.12588472 4.12156285
 4.11724038 4.11291729 4.10859359 4.10426928 4.09994435 4.0956188
 4.09129265 4.08696587 4.08263848 4.07831048 4.07398185 4.06965261
 4.06532275 4.06099228 4.05666118 4.05232947 4.04799713 4.04366418
 4.0393306  4.0349964  4.03066158 4.02632614 4.02199008 4.01765339
 4.01331608 4.00897815 4.00463959 4.0003004  3.99596059 3.99162016
 3.98727909 3.9829374  3.97859509 3.97425214 3.96990857 3.96556437
 3.96121954 3.95687408 3.95252798 3.94818126 3.94383391 3.93948592
 3.93513731 3.93078806 3.92643817 3.92208766 3.91773651 3.91338472
 3.9090323  3.90467924 3.90032555 3.89597122 3.89161626 3.88726065
 3.88290441 3.87854753 3.87419001 3.86983185 3.86547306 3.86111362
 3.85675354 3.85239282 3.84803146 3.84366945 3.8393068  3.83494351
 3.83057958 3.826215   3.82184978 3.81748391 3.81311739 3.80875023
 3.80438243 3.80001397 3.79564487 3.79127512 3.78690472 3.78253367
 3.77816198 3.77378963 3.76941663 3.76504298 3.76066868 3.75629373
 3.75191812 3.74754187 3.74316496 3.73878739 3.73440917 3.7300303
 3.72565077 3.72127058 3.71688974 3.71250824 3.70812609 3.70374327
 3.6993598  3.69497567 3.69059088 3.68620543 3.68181932 3.67743255
 3.67304512 3.66865702 3.66426827 3.65987885 3.65548877 3.65109802
 3.64670661 3.64231454 3.6379218  3.63352839 3.62913432 3.62473959
 3.62034418 3.61594811 3.61155137 3.60715396 3.60275589 3.59835714
 3.59395772 3.58955763 3.58515688 3.58075545 3.57635335 3.57195057
 3.56754712 3.563143   3.55873821 3.55433274 3.5499266  3.54551978
 3.54111228 3.53670411 3.53229527 3.52788574 3.52347554 3.51906466
 3.5146531  3.51024086 3.50582794 3.50141434 3.49700006 3.4925851
 3.48816946 3.48375313 3.47933612 3.47491843 3.47050006 3.466081
 3.46166125 3.45724082 3.45281971 3.44839791 3.44397542 3.43955225
 3.43512839 3.43070384 3.4262786  3.42185267 3.41742605 3.41299874
 3.40857075 3.40414206 3.39971268 3.3952826  3.39085184 3.38642038
 3.38198823 3.37755538 3.37312184 3.3686876  3.36425267 3.35981705
 3.35538072 3.3509437  3.34650598 3.34206757 3.33762845 3.33318864
 3.32874813 3.32430691 3.319865   3.31542238 3.31097907 3.30653505
 3.30209033 3.29764491 3.29319878 3.28875195 3.28430442 3.27985618
 3.27540723 3.27095758 3.26650722 3.26205616 3.25760439 3.25315191
 3.24869872 3.24424482 3.23979022 3.2353349  3.23087887 3.22642214
 3.22196469 3.21750653 3.21304765 3.20858807 3.20412777 3.19966676
 3.19520503 3.19074259 3.18627943 3.18181556 3.17735097 3.17288566
 3.16841964 3.1639529  3.15948544 3.15501726 3.15054837 3.14607875
 3.14160841 3.13713735 3.13266557 3.12819307 3.12371985 3.11924591
 3.11477124 3.11029584 3.10581973 3.10134289 3.09686532 3.09238703
 3.08790801 3.08342826 3.07894779 3.07446659 3.06998466 3.065502
 3.06101862 3.0565345  3.05204966 3.04756408 3.04307777 3.03859073
 3.03410296 3.02961446 3.02512522 3.02063525 3.01614455 3.01165311
 3.00716094 3.00266803 2.99817438 2.99368    2.98918488 2.98468902
 2.98019243 2.97569509 2.97119702 2.96669821 2.96219866 2.95769837
 2.95319733 2.94869556 2.94419304 2.93968978 2.93518578 2.93068103
 2.92617554 2.92166931 2.91716233 2.91265461 2.90814614 2.90363692
 2.89912696 2.89461625 2.89010479 2.88559258 2.88107962 2.87656592
 2.87205146 2.86753626 2.8630203  2.8585036  2.85398614 2.84946792
 2.84494896 2.84042924 2.83590877 2.83138755 2.82686557 2.82234283
 2.81781934 2.81329509 2.80877009 2.80424433 2.79971781 2.79519053
 2.7906625  2.7861337  2.78160415 2.77707384 2.77254276 2.76801093
 2.76347833 2.75894497 2.75441085 2.74987596 2.74534031 2.7408039
 2.73626673 2.73172879 2.72719008 2.72265061 2.71811037 2.71356936
 2.70902759 2.70448505 2.69994174 2.69539766 2.69085282 2.6863072
 2.68176081 2.67721366 2.67266573 2.66811703 2.66356755 2.65901731
 2.65446629 2.6499145  2.64536194 2.6408086  2.63625448 2.63169959
 2.62714393 2.62258748 2.61803027 2.61347227 2.6089135  2.60435394
 2.59979361 2.5952325  2.59067061 2.58610794 2.58154449 2.57698026
 2.57241525 2.56784945 2.56328288 2.55871552 2.55414737 2.54957845
 2.54500873 2.54043824 2.53586696 2.53129489 2.52672204 2.5221484
 2.51757397 2.51299875 2.50842275 2.50384596 2.49926838 2.49469001
 2.49011085 2.48553091 2.48095017 2.47636863 2.47178631 2.4672032
 2.46261929 2.45803459 2.4534491  2.44886281 2.44427573 2.43968785
 2.43509918 2.43050971 2.42591945 2.42132839 2.41673654 2.41214388
 2.40755043 2.40295618 2.39836113 2.39376528 2.38916864 2.38457119
 2.37997294 2.37537389 2.37077404 2.36617339 2.36157194 2.35696968
 2.35236662 2.34776276 2.3431581  2.33855263 2.33394635 2.32933927
 2.32473138 2.32012269 2.31551319 2.31090289 2.30629178 2.30167986
 2.29706713 2.2924536  2.28783925 2.2832241  2.27860813 2.27399136
 2.26937378 2.26475538 2.26013618 2.25551616 2.25089533 2.24627369
 2.24165123 2.23702796 2.23240388 2.22777899 2.22315328 2.21852675
 2.21389941 2.20927126 2.20464229 2.2000125  2.1953819  2.19075048
 2.18611824 2.18148519 2.17685131 2.17221662 2.16758111 2.16294478
 2.15830763 2.15366966 2.14903087 2.14439126 2.13975083 2.13510958
 2.13046751 2.12582461 2.12118089 2.11653635 2.11189099 2.1072448
 2.10259779 2.09794996 2.0933013  2.08865182 2.08400151 2.07935038
 2.07469842 2.07004564 2.06539203 2.06073759 2.05608233 2.05142624
 2.04676932 2.04211158 2.037453   2.0327936  2.02813337 2.02347232
 2.01881043 2.01414771 2.00948417 2.00481979 2.00015459 1.99548855
 1.99082169 1.98615399 1.98148546 1.9768161  1.97214591 1.96747489
 1.96280303 1.95813035 1.95345683 1.94878248 1.94410729 1.93943128
 1.93475443 1.93007674 1.92539823 1.92071887 1.91603869 1.91135767
 1.90667582 1.90199313 1.8973096  1.89262525 1.88794005 1.88325403
 1.87856716 1.87387947 1.86919093 1.86450156 1.85981136 1.85512032
 1.85042844 1.84573573 1.84104218 1.83634779 1.83165257 1.82695651
 1.82225962 1.81756189 1.81286332 1.80816391 1.80346367 1.79876259
 1.79406068 1.78935793 1.78465434 1.77994991 1.77524465 1.77053855
 1.76583162 1.76112385 1.75641524 1.75170579 1.74699551 1.74228439
 1.73757243 1.73285964 1.72814602 1.72343155 1.71871625 1.71400011
 1.70928314 1.70456533 1.69984669 1.69512721 1.6904069  1.68568575
 1.68096376 1.67624095 1.67151729 1.66679281 1.66206748 1.65734133
 1.65261434 1.64788652 1.64315786 1.63842837 1.63369805 1.6289669
 1.62423492 1.6195021  1.61476846 1.61003398 1.60529867 1.60056254
 1.59582557 1.59108777 1.58634915 1.5816097  1.57686942 1.57212831
 1.56738638 1.56264362 1.55790003 1.55315562 1.54841039 1.54366433
 1.53891745 1.53416974 1.52942122 1.52467187 1.5199217  1.51517072
 1.51041891 1.50566629 1.50091285 1.49615859 1.49140351 1.48664762
 1.48189092 1.4771334  1.47237508 1.46761594 1.46285598 1.45809522
 1.45333366 1.44857128 1.4438081  1.43904411 1.43427932 1.42951373
 1.42474733 1.41998014 1.41521214 1.41044335 1.40567376 1.40090338
 1.3961322  1.39136023 1.38658746 1.38181391 1.37703957 1.37226445
 1.36748854 1.36271184 1.35793437 1.35315612 1.34837708 1.34359727
 1.33881669 1.33403534 1.32925321 1.32447031 1.31968665 1.31490223
 1.31011704 1.30533109 1.30054439 1.29575692 1.29096871 1.28617974
 1.28139003 1.27659957 1.27180837 1.26701642 1.26222374 1.25743032
 1.25263617 1.24784129 1.24304568 1.23824935 1.2334523  1.22865453
 1.22385605 1.21905685 1.21425695 1.20945634 1.20465504 1.19985304
 1.19505034 1.19024695 1.18544288 1.18063813 1.1758327  1.17102659
 1.16621982 1.16141238 1.15660428 1.15179553 1.14698613 1.14217608
 1.13736538 1.13255406 1.1277421  1.12292951 1.11811631 1.11330249
 1.10848806 1.10367303 1.0988574  1.09404118 1.08922437 1.08440699
 1.07958904 1.07477052 1.06995144 1.06513181 1.06031163 1.05549092
 1.05066968 1.04584792 1.04102565 1.03620287 1.0313796  1.02655584
 1.0217316  1.01690689 1.01208172 1.0072561  1.00243004 0.99760354
 0.99277663 0.98794931 0.98312159 0.97829348 0.97346499 0.96863614
 0.96380694 0.9589774  0.95414753 0.94931735 0.94448687 0.9396561
 0.93482506 0.92999376 0.92516222 0.91858869 0.9137536  0.90891828
 0.90408274 0.89924701 0.8944111  0.88957503 0.88473881 0.87990246
 0.87506601 0.87022948 0.86539287 0.86055622 0.85571955 0.85088287
 0.84604621 0.8412096  0.83637306 0.83153661 0.82670027 0.82186409
 0.81702808 0.81219227 0.80735669 0.80252137 0.79768634 0.79285164
 0.7880173  0.78318335 0.77834982 0.77351677 0.76868421 0.76385219
 0.75902076 0.75418995 0.74935981 0.74453038 0.73970171 0.73487385
 0.73004685 0.72522076 0.72039563 0.71557152 0.71074848 0.70592659
 0.70110589 0.69628646 0.69146836 0.68665166 0.68183643 0.67702275
 0.6722107  0.66740036 0.66259181 0.65778515 0.65298046 0.64817784
 0.64337739 0.63857922 0.63378343 0.62899013 0.62419945 0.61941151
 0.61462644 0.60984437 0.60506545 0.60028982 0.59551764 0.59074907
 0.58598428 0.58122345 0.57646677 0.57171443 0.56696663 0.56222361
 0.55748558 0.55275278 0.54802547 0.54330392 0.53858839 0.5338792
 0.52917666 0.52448109 0.51979284 0.51511228 0.51043982 0.50577585
 0.50112082 0.49647521 0.4918395  0.48721422 0.48259995 0.47799727
 0.47340684 0.46882932 0.46426547 0.45971604 0.4551819  0.45066394
 0.44616312 0.44168048 0.43721716 0.43277435 0.42835337 0.42395563
 0.41958266 0.41523614 0.41091787 0.40662983]
t =  [1.03746927e+09 1.03746931e+09 1.03746935e+09 1.03746939e+09
 1.03746943e+09 1.03746947e+09 1.03746951e+09 1.03746955e+09
 1.03746959e+09 1.03746963e+09 1.03746967e+09 1.03746971e+09
 1.03746975e+09 1.03746979e+09 1.03746983e+09 1.03746987e+09
 1.03746991e+09 1.03746995e+09 1.03747000e+09 1.03747004e+09
 1.03747008e+09 1.03747012e+09 1.03747016e+09 1.03747020e+09
 1.03747024e+09 1.03747028e+09 1.03747032e+09 1.03747036e+09
 1.03747040e+09 1.03747044e+09 1.03747048e+09 1.03747052e+09
 1.03747056e+09 1.03747060e+09 1.03747064e+09 1.03747069e+09
 1.03747073e+09 1.03747077e+09 1.03747081e+09 1.03747085e+09
 1.03747089e+09 1.03747093e+09 1.03747097e+09 1.03747101e+09
 1.03747105e+09 1.03747109e+09 1.03747113e+09 1.03747117e+09
 1.03747121e+09 1.03747125e+09 1.03747129e+09 1.03747133e+09
 1.03747137e+09 1.03747142e+09 1.03747146e+09 1.03747150e+09
 1.03747154e+09 1.03747158e+09 1.03747162e+09 1.03747166e+09
 1.03747170e+09 1.03747174e+09 1.03747178e+09 1.03747182e+09
 1.03747186e+09 1.03747190e+09 1.03747194e+09 1.03747198e+09
 1.03747202e+09 1.03747206e+09 1.03747211e+09 1.03747215e+09
 1.03747219e+09 1.03747223e+09 1.03747227e+09 1.03747231e+09
 1.03747235e+09 1.03747239e+09 1.03747243e+09 1.03747247e+09
 1.03747251e+09 1.03747255e+09 1.03747259e+09 1.03747263e+09
 1.03747267e+09 1.03747271e+09 1.03747275e+09 1.03747279e+09
 1.03747284e+09 1.03747288e+09 1.03747292e+09 1.03747296e+09
 1.03747300e+09 1.03747304e+09 1.03747308e+09 1.03747312e+09
 1.03747316e+09 1.03747320e+09 1.03747324e+09 1.03747328e+09
 1.03747332e+09 1.03747336e+09 1.03747340e+09 1.03747344e+09
 1.03747348e+09 1.03747353e+09 1.03747357e+09 1.03747361e+09
 1.03747365e+09 1.03747369e+09 1.03747373e+09 1.03747377e+09
 1.03747381e+09 1.03747385e+09 1.03747389e+09 1.03747393e+09
 1.03747397e+09 1.03747401e+09 1.03747405e+09 1.03747409e+09
 1.03747413e+09 1.03747417e+09 1.03747421e+09 1.03747426e+09
 1.03747430e+09 1.03747434e+09 1.03747438e+09 1.03747442e+09
 1.03747446e+09 1.03747450e+09 1.03747454e+09 1.03747458e+09
 1.03747462e+09 1.03747466e+09 1.03747470e+09 1.03747474e+09
 1.03747478e+09 1.03747482e+09 1.03747486e+09 1.03747490e+09
 1.03747495e+09 1.03747499e+09 1.03747503e+09 1.03747507e+09
 1.03747511e+09 1.03747515e+09 1.03747519e+09 1.03747523e+09
 1.03747527e+09 1.03747531e+09 1.03747535e+09 1.03747539e+09
 1.03747543e+09 1.03747547e+09 1.03747551e+09 1.03747555e+09
 1.03747559e+09 1.03747563e+09 1.03747568e+09 1.03747572e+09
 1.03747576e+09 1.03747580e+09 1.03747584e+09 1.03747588e+09
 1.03747592e+09 1.03747596e+09 1.03747600e+09 1.03747604e+09
 1.03747608e+09 1.03747612e+09 1.03747616e+09 1.03747620e+09
 1.03747624e+09 1.03747628e+09 1.03747632e+09 1.03747637e+09
 1.03747641e+09 1.03747645e+09 1.03747649e+09 1.03747653e+09
 1.03747657e+09 1.03747661e+09 1.03747665e+09 1.03747669e+09
 1.03747673e+09 1.03747677e+09 1.03747681e+09 1.03747685e+09
 1.03747689e+09 1.03747693e+09 1.03747697e+09 1.03747701e+09
 1.03747705e+09 1.03747710e+09 1.03747714e+09 1.03747718e+09
 1.03747722e+09 1.03747726e+09 1.03747730e+09 1.03747734e+09
 1.03747738e+09 1.03747742e+09 1.03747746e+09 1.03747750e+09
 1.03747754e+09 1.03747758e+09 1.03747762e+09 1.03747766e+09
 1.03747770e+09 1.03747774e+09 1.03747779e+09 1.03747783e+09
 1.03747787e+09 1.03747791e+09 1.03747795e+09 1.03747799e+09
 1.03747803e+09 1.03747807e+09 1.03747811e+09 1.03747815e+09
 1.03747819e+09 1.03747823e+09 1.03747827e+09 1.03747831e+09
 1.03747835e+09 1.03747839e+09 1.03747843e+09 1.03747847e+09
 1.03747852e+09 1.03747856e+09 1.03747860e+09 1.03747864e+09
 1.03747868e+09 1.03747872e+09 1.03747876e+09 1.03747880e+09
 1.03747884e+09 1.03747888e+09 1.03747892e+09 1.03747896e+09
 1.03747900e+09 1.03747904e+09 1.03747908e+09 1.03747912e+09
 1.03747916e+09 1.03747920e+09 1.03747925e+09 1.03747929e+09
 1.03747933e+09 1.03747937e+09 1.03747941e+09 1.03747945e+09
 1.03747949e+09 1.03747953e+09 1.03747957e+09 1.03747961e+09
 1.03747965e+09 1.03747969e+09 1.03747973e+09 1.03747977e+09
 1.03747981e+09 1.03747985e+09 1.03747989e+09 1.03747994e+09
 1.03747998e+09 1.03748002e+09 1.03748006e+09 1.03748010e+09
 1.03748014e+09 1.03748018e+09 1.03748022e+09 1.03748026e+09
 1.03748030e+09 1.03748034e+09 1.03748038e+09 1.03748042e+09
 1.03748046e+09 1.03748050e+09 1.03748054e+09 1.03748058e+09
 1.03748062e+09 1.03748067e+09 1.03748071e+09 1.03748075e+09
 1.03748079e+09 1.03748083e+09 1.03748087e+09 1.03748091e+09
 1.03748095e+09 1.03748099e+09 1.03748103e+09 1.03748107e+09
 1.03748111e+09 1.03748115e+09 1.03748119e+09 1.03748123e+09
 1.03748127e+09 1.03748131e+09 1.03748136e+09 1.03748140e+09
 1.03748144e+09 1.03748148e+09 1.03748152e+09 1.03748156e+09
 1.03748160e+09 1.03748164e+09 1.03748168e+09 1.03748172e+09
 1.03748176e+09 1.03748180e+09 1.03748184e+09 1.03748188e+09
 1.03748192e+09 1.03748196e+09 1.03748200e+09 1.03748204e+09
 1.03748209e+09 1.03748213e+09 1.03748217e+09 1.03748221e+09
 1.03748225e+09 1.03748229e+09 1.03748233e+09 1.03748237e+09
 1.03748241e+09 1.03748245e+09 1.03748249e+09 1.03748253e+09
 1.03748257e+09 1.03748261e+09 1.03748265e+09 1.03748269e+09
 1.03748273e+09 1.03748278e+09 1.03748282e+09 1.03748286e+09
 1.03748290e+09 1.03748294e+09 1.03748298e+09 1.03748302e+09
 1.03748306e+09 1.03748310e+09 1.03748314e+09 1.03748318e+09
 1.03748322e+09 1.03748326e+09 1.03748330e+09 1.03748334e+09
 1.03748338e+09 1.03748342e+09 1.03748346e+09 1.03748351e+09
 1.03748355e+09 1.03748359e+09 1.03748363e+09 1.03748367e+09
 1.03748371e+09 1.03748375e+09 1.03748379e+09 1.03748383e+09
 1.03748387e+09 1.03748391e+09 1.03748395e+09 1.03748399e+09
 1.03748403e+09 1.03748407e+09 1.03748411e+09 1.03748415e+09
 1.03748420e+09 1.03748424e+09 1.03748428e+09 1.03748432e+09
 1.03748436e+09 1.03748440e+09 1.03748444e+09 1.03748448e+09
 1.03748452e+09 1.03748456e+09 1.03748460e+09 1.03748464e+09
 1.03748468e+09 1.03748472e+09 1.03748476e+09 1.03748480e+09
 1.03748484e+09 1.03748488e+09 1.03748493e+09 1.03748497e+09
 1.03748501e+09 1.03748505e+09 1.03748509e+09 1.03748513e+09
 1.03748517e+09 1.03748521e+09 1.03748525e+09 1.03748529e+09
 1.03748533e+09 1.03748537e+09 1.03748541e+09 1.03748545e+09
 1.03748549e+09 1.03748553e+09 1.03748557e+09 1.03748562e+09
 1.03748566e+09 1.03748570e+09 1.03748574e+09 1.03748578e+09
 1.03748582e+09 1.03748586e+09 1.03748590e+09 1.03748594e+09
 1.03748598e+09 1.03748602e+09 1.03748606e+09 1.03748610e+09
 1.03748614e+09 1.03748618e+09 1.03748622e+09 1.03748626e+09
 1.03748630e+09 1.03748635e+09 1.03748639e+09 1.03748643e+09
 1.03748647e+09 1.03748651e+09 1.03748655e+09 1.03748659e+09
 1.03748663e+09 1.03748667e+09 1.03748671e+09 1.03748675e+09
 1.03748679e+09 1.03748683e+09 1.03748687e+09 1.03748691e+09
 1.03748695e+09 1.03748699e+09 1.03748704e+09 1.03748708e+09
 1.03748712e+09 1.03748716e+09 1.03748720e+09 1.03748724e+09
 1.03748728e+09 1.03748732e+09 1.03748736e+09 1.03748740e+09
 1.03748744e+09 1.03748748e+09 1.03748752e+09 1.03748756e+09
 1.03748760e+09 1.03748764e+09 1.03748768e+09 1.03748772e+09
 1.03748777e+09 1.03748781e+09 1.03748785e+09 1.03748789e+09
 1.03748793e+09 1.03748797e+09 1.03748801e+09 1.03748805e+09
 1.03748809e+09 1.03748813e+09 1.03748817e+09 1.03748821e+09
 1.03748825e+09 1.03748829e+09 1.03748833e+09 1.03748837e+09
 1.03748841e+09 1.03748846e+09 1.03748850e+09 1.03748854e+09
 1.03748858e+09 1.03748862e+09 1.03748866e+09 1.03748870e+09
 1.03748874e+09 1.03748878e+09 1.03748882e+09 1.03748886e+09
 1.03748890e+09 1.03748894e+09 1.03748898e+09 1.03748902e+09
 1.03748906e+09 1.03748910e+09 1.03748914e+09 1.03748919e+09
 1.03748923e+09 1.03748927e+09 1.03748931e+09 1.03748935e+09
 1.03748939e+09 1.03748943e+09 1.03748947e+09 1.03748951e+09
 1.03748955e+09 1.03748959e+09 1.03748963e+09 1.03748967e+09
 1.03748971e+09 1.03748975e+09 1.03748979e+09 1.03748983e+09
 1.03748988e+09 1.03748992e+09 1.03748996e+09 1.03749000e+09
 1.03749004e+09 1.03749008e+09 1.03749012e+09 1.03749016e+09
 1.03749020e+09 1.03749024e+09 1.03749028e+09 1.03749032e+09
 1.03749036e+09 1.03749040e+09 1.03749044e+09 1.03749048e+09
 1.03749052e+09 1.03749056e+09 1.03749061e+09 1.03749065e+09
 1.03749069e+09 1.03749073e+09 1.03749077e+09 1.03749081e+09
 1.03749085e+09 1.03749089e+09 1.03749093e+09 1.03749097e+09
 1.03749101e+09 1.03749105e+09 1.03749109e+09 1.03749113e+09
 1.03749117e+09 1.03749121e+09 1.03749125e+09 1.03749130e+09
 1.03749134e+09 1.03749138e+09 1.03749142e+09 1.03749146e+09
 1.03749150e+09 1.03749154e+09 1.03749158e+09 1.03749162e+09
 1.03749166e+09 1.03749170e+09 1.03749174e+09 1.03749178e+09
 1.03749182e+09 1.03749186e+09 1.03749190e+09 1.03749194e+09
 1.03749198e+09 1.03749203e+09 1.03749207e+09 1.03749211e+09
 1.03749215e+09 1.03749219e+09 1.03749223e+09 1.03749227e+09
 1.03749231e+09 1.03749235e+09 1.03749239e+09 1.03749243e+09
 1.03749247e+09 1.03749251e+09 1.03749255e+09 1.03749259e+09
 1.03749263e+09 1.03749267e+09 1.03749271e+09 1.03749276e+09
 1.03749280e+09 1.03749284e+09 1.03749288e+09 1.03749292e+09
 1.03749296e+09 1.03749300e+09 1.03749304e+09 1.03749308e+09
 1.03749312e+09 1.03749316e+09 1.03749320e+09 1.03749324e+09
 1.03749328e+09 1.03749332e+09 1.03749336e+09 1.03749340e+09
 1.03749345e+09 1.03749349e+09 1.03749353e+09 1.03749357e+09
 1.03749361e+09 1.03749365e+09 1.03749369e+09 1.03749373e+09
 1.03749377e+09 1.03749381e+09 1.03749385e+09 1.03749389e+09
 1.03749393e+09 1.03749397e+09 1.03749401e+09 1.03749405e+09
 1.03749409e+09 1.03749413e+09 1.03749418e+09 1.03749422e+09
 1.03749426e+09 1.03749430e+09 1.03749434e+09 1.03749438e+09
 1.03749442e+09 1.03749446e+09 1.03749450e+09 1.03749454e+09
 1.03749458e+09 1.03749462e+09 1.03749466e+09 1.03749470e+09
 1.03749474e+09 1.03749478e+09 1.03749482e+09 1.03749487e+09
 1.03749491e+09 1.03749495e+09 1.03749499e+09 1.03749503e+09
 1.03749507e+09 1.03749511e+09 1.03749515e+09 1.03749519e+09
 1.03749523e+09 1.03749527e+09 1.03749531e+09 1.03749535e+09
 1.03749539e+09 1.03749543e+09 1.03749547e+09 1.03749551e+09
 1.03749555e+09 1.03749560e+09 1.03749564e+09 1.03749568e+09
 1.03749572e+09 1.03749576e+09 1.03749580e+09 1.03749584e+09
 1.03749588e+09 1.03749592e+09 1.03749596e+09 1.03749600e+09
 1.03749604e+09 1.03749608e+09 1.03749612e+09 1.03749616e+09
 1.03749620e+09 1.03749624e+09 1.03749629e+09 1.03749633e+09
 1.03749637e+09 1.03749641e+09 1.03749645e+09 1.03749649e+09
 1.03749653e+09 1.03749657e+09 1.03749661e+09 1.03749665e+09
 1.03749669e+09 1.03749673e+09 1.03749677e+09 1.03749681e+09
 1.03749685e+09 1.03749689e+09 1.03749693e+09 1.03749697e+09
 1.03749702e+09 1.03749706e+09 1.03749710e+09 1.03749714e+09
 1.03749718e+09 1.03749722e+09 1.03749726e+09 1.03749730e+09
 1.03749734e+09 1.03749738e+09 1.03749742e+09 1.03749746e+09
 1.03749750e+09 1.03749754e+09 1.03749758e+09 1.03749762e+09
 1.03749766e+09 1.03749771e+09 1.03749775e+09 1.03749779e+09
 1.03749783e+09 1.03749787e+09 1.03749791e+09 1.03749795e+09
 1.03749799e+09 1.03749803e+09 1.03749807e+09 1.03749811e+09
 1.03749815e+09 1.03749819e+09 1.03749823e+09 1.03749827e+09
 1.03749831e+09 1.03749835e+09 1.03749839e+09 1.03749844e+09
 1.03749848e+09 1.03749852e+09 1.03749856e+09 1.03749860e+09
 1.03749864e+09 1.03749868e+09 1.03749872e+09 1.03749876e+09
 1.03749880e+09 1.03749884e+09 1.03749888e+09 1.03749892e+09
 1.03749896e+09 1.03749900e+09 1.03749904e+09 1.03749908e+09
 1.03749913e+09 1.03749917e+09 1.03749921e+09 1.03749925e+09
 1.03749929e+09 1.03749933e+09 1.03749937e+09 1.03749941e+09
 1.03749945e+09 1.03749949e+09 1.03749953e+09 1.03749957e+09
 1.03749961e+09 1.03749965e+09 1.03749969e+09 1.03749973e+09
 1.03749977e+09 1.03749981e+09 1.03749986e+09 1.03749990e+09
 1.03749994e+09 1.03749998e+09 1.03750002e+09 1.03750006e+09
 1.03750010e+09 1.03750014e+09 1.03750018e+09 1.03750022e+09
 1.03750026e+09 1.03750030e+09 1.03750034e+09 1.03750038e+09
 1.03750042e+09 1.03750046e+09 1.03750050e+09 1.03750055e+09
 1.03750059e+09 1.03750063e+09 1.03750067e+09 1.03750071e+09
 1.03750075e+09 1.03750079e+09 1.03750083e+09 1.03750087e+09
 1.03750091e+09 1.03750095e+09 1.03750099e+09 1.03750103e+09
 1.03750107e+09 1.03750111e+09 1.03750115e+09 1.03750119e+09
 1.03750123e+09 1.03750128e+09 1.03750132e+09 1.03750136e+09
 1.03750140e+09 1.03750144e+09 1.03750148e+09 1.03750152e+09
 1.03750156e+09 1.03750160e+09 1.03750164e+09 1.03750168e+09
 1.03750172e+09 1.03750176e+09 1.03750180e+09 1.03750184e+09
 1.03750188e+09 1.03750192e+09 1.03750197e+09 1.03750201e+09
 1.03750205e+09 1.03750209e+09 1.03750213e+09 1.03750217e+09
 1.03750221e+09 1.03750225e+09 1.03750229e+09 1.03750233e+09
 1.03750237e+09 1.03750241e+09 1.03750245e+09 1.03750249e+09
 1.03750253e+09 1.03750257e+09 1.03750261e+09 1.03750265e+09
 1.03750270e+09 1.03750274e+09 1.03750278e+09 1.03750282e+09
 1.03750286e+09 1.03750290e+09 1.03750294e+09 1.03750298e+09
 1.03750302e+09 1.03750306e+09 1.03750310e+09 1.03750314e+09
 1.03750318e+09 1.03750322e+09 1.03750326e+09 1.03750330e+09
 1.03750334e+09 1.03750339e+09 1.03750343e+09 1.03750347e+09
 1.03750351e+09 1.03750355e+09 1.03750359e+09 1.03750363e+09
 1.03750367e+09 1.03750371e+09 1.03750375e+09 1.03750379e+09
 1.03750383e+09 1.03750387e+09 1.03750391e+09 1.03750395e+09
 1.03750399e+09 1.03750403e+09 1.03750407e+09 1.03750412e+09
 1.03750416e+09 1.03750420e+09 1.03750424e+09 1.03750428e+09
 1.03750432e+09 1.03750436e+09 1.03750440e+09 1.03750444e+09
 1.03750448e+09 1.03750452e+09 1.03750456e+09 1.03750460e+09
 1.03750464e+09 1.03750468e+09 1.03750472e+09 1.03750476e+09
 1.03750481e+09 1.03750485e+09 1.03750489e+09 1.03750493e+09
 1.03750497e+09 1.03750501e+09 1.03750505e+09 1.03750509e+09
 1.03750513e+09 1.03750517e+09 1.03750521e+09 1.03750525e+09
 1.03750529e+09 1.03750533e+09 1.03750537e+09 1.03750541e+09
 1.03750545e+09 1.03750549e+09 1.03750554e+09 1.03750558e+09
 1.03750562e+09 1.03750566e+09 1.03750570e+09 1.03750574e+09
 1.03750578e+09 1.03750582e+09 1.03750586e+09 1.03750590e+09
 1.03750594e+09 1.03750598e+09 1.03750602e+09 1.03750606e+09
 1.03750610e+09 1.03750614e+09 1.03750618e+09 1.03750622e+09
 1.03750627e+09 1.03750631e+09 1.03750635e+09 1.03750639e+09
 1.03750643e+09 1.03750647e+09 1.03750651e+09 1.03750655e+09
 1.03750659e+09 1.03750663e+09 1.03750667e+09 1.03750671e+09
 1.03750675e+09 1.03750679e+09 1.03750683e+09 1.03750687e+09
 1.03750691e+09 1.03750696e+09 1.03750700e+09 1.03750704e+09
 1.03750708e+09 1.03750712e+09 1.03750716e+09 1.03750720e+09
 1.03750724e+09 1.03750728e+09 1.03750732e+09 1.03750736e+09
 1.03750740e+09 1.03750744e+09 1.03750748e+09 1.03750752e+09
 1.03750756e+09 1.03750760e+09 1.03750764e+09 1.03750769e+09
 1.03750773e+09 1.03750777e+09 1.03750781e+09 1.03750785e+09
 1.03750789e+09 1.03750793e+09 1.03750797e+09 1.03750801e+09
 1.03750805e+09 1.03750809e+09 1.03750813e+09 1.03750817e+09
 1.03750821e+09 1.03750825e+09 1.03750829e+09 1.03750833e+09
 1.03750838e+09 1.03750842e+09 1.03750846e+09 1.03750850e+09
 1.03750854e+09 1.03750858e+09 1.03750862e+09 1.03750866e+09
 1.03750870e+09 1.03750874e+09 1.03750878e+09 1.03750882e+09
 1.03750886e+09 1.03750890e+09 1.03750894e+09 1.03750898e+09
 1.03750902e+09 1.03750906e+09 1.03750911e+09 1.03750915e+09
 1.03750919e+09 1.03750923e+09 1.03750927e+09 1.03750931e+09
 1.03750935e+09 1.03750939e+09 1.03750943e+09 1.03750947e+09
 1.03750951e+09 1.03750955e+09 1.03750959e+09 1.03750963e+09
 1.03750967e+09 1.03750971e+09 1.03750975e+09 1.03750980e+09]
minRes = 0.40662983230945404
minResTime =  [1.0375098e+09]
