name =JUICE_ROI_CAL_4_3_03
flyby =  ['2033 JAN 13 13:32:12', '2033 JAN 14 13:32:12']
Observation TW =  <SpiceCell dtype = 1, length = 0, size = 2200, card = 2, is_set = 1, adjust = 0, init = 1, base = 1356596357360, data = 1356596357408>
Res(t) =  [0.02003923 0.01988067 0.01972347 0.01956761 0.01941309 0.0192599
 0.01910803 0.01895747 0.01880821 0.01866024 0.01851356 0.01836816
 0.01822403 0.01808116 0.01793954 0.01779917 0.01766005 0.01752215
 0.01738548 0.01725002 0.01711578 0.01698275 0.01685091 0.01672026
 0.0165908  0.01646252 0.01633542 0.01620948 0.0160847  0.01596108
 0.01583861 0.01571728 0.01559709 0.01547804 0.01536012 0.01524332
 0.01512764 0.01501307 0.01489962 0.01478727 0.01467601 0.01456586
 0.01445679 0.01434882 0.01424192 0.0141361  0.01403136 0.01392769
 0.01382508 0.01372353 0.01362305 0.01352362 0.01342524 0.01332791
 0.01323162 0.01313637 0.01304216 0.01294899 0.01285684 0.01276573
 0.01267564 0.01258657 0.01249852 0.01241148 0.01232546 0.01224045
 0.01215644 0.01207344 0.01199144 0.01191045 0.01183044 0.01175144
 0.01167342 0.0115964  0.01152036 0.0114453  0.01137123 0.01129814
 0.01122603 0.01115489 0.01108473 0.01101553 0.01094731 0.01088006
 0.01081377 0.01074844 0.01068407 0.01062066 0.01055821 0.01049672
 0.01043618 0.01037659 0.01031795 0.01026025 0.0102035  0.0101477
 0.01009284 0.01003892 0.00998593 0.00993388 0.00988277 0.00983259
 0.00978334 0.00973502 0.00968762 0.00964115 0.00959561 0.00955098
 0.00950728 0.00946449 0.00942261 0.00938165 0.00934161 0.00930247
 0.00926424 0.00922691 0.00919049 0.00915496 0.00912034 0.00908662
 0.00905379 0.00902185 0.0089908  0.00896064 0.00893137 0.00890298
 0.00887547 0.00884883 0.00882308 0.0087982  0.00877419 0.00875105
 0.00872877 0.00870736 0.00868681 0.00866712 0.00864828 0.00863029
 0.00861316 0.00859687 0.00858142 0.00856682 0.00855305 0.00854012
 0.00852801 0.00851674 0.00850629 0.00849667 0.00848786 0.00847987
 0.00847269 0.00846632 0.00846075 0.00845599 0.00845202 0.00844885
 0.00844647 0.00844488 0.00844406 0.00844403 0.00844478 0.00844629
 0.00844858 0.00845163 0.00845544 0.00846    0.00846532 0.00847139
 0.0084782  0.00848575 0.00849404 0.00850306 0.0085128  0.00852327
 0.00853446 0.00854637 0.00855898 0.0085723  0.00858633 0.00860105
 0.00861646 0.00863257 0.00864936 0.00866682 0.00868497 0.00870379
 0.00872327 0.00874342 0.00876422 0.00878568 0.00880778 0.00883054
 0.00885393 0.00887796 0.00890262 0.0089279  0.00895381 0.00898034
 0.00900748 0.00903523 0.00906358 0.00909253 0.00912208 0.00915222
 0.00918295 0.00921426 0.00924615 0.00927861 0.00931164 0.00934523
 0.00937939 0.0094141  0.00944936 0.00948517 0.00952153 0.00955842
 0.00959585 0.0096338  0.00967229 0.00971129 0.00975082 0.00979086
 0.0098314  0.00987246 0.00991401 0.00995606 0.00999861 0.01004164
 0.01008516 0.01012916 0.01017364 0.01021859 0.01026402 0.0103099
 0.01035625 0.01040306 0.01045032 0.01049804 0.0105462  0.0105948
 0.01064384 0.01069332 0.01074323 0.01079357 0.01084434 0.01089553
 0.01094713 0.01099915 0.01105158 0.01110442 0.01115767 0.01121131
 0.01126536 0.0113198  0.01137463 0.01142984 0.01148545 0.01154143
 0.01159779 0.01165453 0.01171164 0.01176912 0.01182697 0.01188518
 0.01194375 0.01200267 0.01206196 0.01212159 0.01218157 0.0122419
 0.01230257 0.01236358 0.01242493 0.01248661 0.01254863 0.01261097
 0.01267364 0.01273664 0.01279996 0.01286359 0.01292754 0.01299181
 0.01305639 0.01312127 0.01318646 0.01325196 0.01331776 0.01338385
 0.01345025 0.01351693 0.01358391 0.01365118 0.01371874 0.01378658
 0.01385471 0.01392312 0.0139918  0.01406076 0.01413    0.01419951
 0.01426929 0.01433933 0.01440965 0.01448022 0.01455106 0.01462216
 0.01469352 0.01476513 0.014837   0.01490912 0.01498149 0.01505411
 0.01512697 0.01520008 0.01527344 0.01534703 0.01542087 0.01549494
 0.01556925 0.01564379 0.01571856 0.01579357 0.0158688  0.01594427
 0.01601995 0.01609587 0.016172   0.01624836 0.01632493 0.01640173
 0.01647874 0.01655596 0.0166334  0.01671105 0.01678891 0.01686698
 0.01694525 0.01702374 0.01710242 0.01718131 0.0172604  0.0173397
 0.01741919 0.01749888 0.01757876 0.01765884 0.01773911 0.01781958
 0.01790024 0.01798108 0.01806212 0.01814334 0.01822475 0.01830634
 0.01838812 0.01847007 0.01855221 0.01863453 0.01871703 0.01879971
 0.01888256 0.01896559 0.01904879 0.01913216 0.01921571 0.01929943
 0.01938331 0.01946737 0.01955159 0.01963598 0.01972053 0.01980525
 0.01989014 0.01997518 0.02006039 0.02014575 0.02023128 0.02031697
 0.02040281 0.02048881 0.02057496 0.02066127 0.02074773 0.02083434
 0.02092111 0.02100803 0.02109509 0.02118231 0.02126967 0.02135718
 0.02144484 0.02153264 0.02162059 0.02170868 0.02179692 0.02188529
 0.02197381 0.02206247 0.02215127 0.0222402  0.02232928 0.02241849
 0.02250784 0.02259732 0.02268694 0.02277669 0.02286658 0.0229566
 0.02304675 0.02313703 0.02322744 0.02331799 0.02340866 0.02349946
 0.02359038 0.02368144 0.02377262 0.02386392 0.02395535 0.0240469
 0.02413858 0.02423038 0.0243223  0.02441435 0.02450651 0.02459879
 0.0246912  0.02478372 0.02487636 0.02496912 0.02506199 0.02515498
 0.02524809 0.02534131 0.02543465 0.0255281  0.02562166 0.02571534
 0.02580913 0.02590303 0.02599704 0.02609116 0.02618539 0.02627973
 0.02637418 0.02646874 0.02656341 0.02665818 0.02675306 0.02684804
 0.02694313 0.02703833 0.02713363 0.02722903 0.02732454 0.02742015
 0.02751586 0.02761167 0.02770759 0.02780361 0.02789972 0.02799594
 0.02809226 0.02818867 0.02828519 0.0283818  0.02847851 0.02857531
 0.02867222 0.02876922 0.02886631 0.0289635  0.02906079 0.02915817
 0.02925564 0.02935321 0.02945087 0.02954862 0.02964646 0.0297444
 0.02984243 0.02994055 0.03003876 0.03013705 0.03023544 0.03033392
 0.03043249 0.03053114 0.03062989 0.03072872 0.03082764 0.03092664
 0.03102573 0.03112491 0.03122418 0.03132353 0.03142296 0.03152248
 0.03162208 0.03172177 0.03182154 0.03192139 0.03202133 0.03212134
 0.03222144 0.03232163 0.03242189 0.03252223 0.03262266 0.03272316
 0.03282375 0.03292441 0.03302516 0.03312598 0.03322688 0.03332786
 0.03342892 0.03353006 0.03363127 0.03373256 0.03383392 0.03393537
 0.03403688 0.03413848 0.03424015 0.03434189 0.03444371 0.03454561
 0.03464757 0.03474961 0.03485173 0.03495392 0.03505618 0.03515851
 0.03526092 0.0353634  0.03546595 0.03556857 0.03567126 0.03577403
 0.03587686 0.03597977 0.03608274 0.03618579 0.0362889  0.03639208
 0.03649533 0.03659866 0.03670205 0.0368055  0.03690903 0.03701262
 0.03711628 0.03722001 0.0373238  0.03742767 0.03753159 0.03763559
 0.03773965 0.03784377 0.03794796 0.03805222 0.03815654 0.03826092
 0.03836537 0.03846988 0.03857446 0.0386791  0.03878381 0.03888857
 0.0389934  0.0390983  0.03920325 0.03930827 0.03941335 0.03951849
 0.03962369 0.03972896 0.03983428 0.03993967 0.04004512 0.04015062
 0.04025619 0.04036182 0.0404675  0.04057325 0.04067906 0.04078492
 0.04089085 0.04099683 0.04110287 0.04120897 0.04131513 0.04142134
 0.04152762 0.04163395 0.04174034 0.04184678 0.04195328 0.04205984
 0.04216646 0.04227313 0.04237985 0.04248664 0.04259348 0.04270037
 0.04280732 0.04291432 0.04302138 0.0431285  0.04323567 0.04334289
 0.04345017 0.0435575  0.04366488 0.04377232 0.04387982 0.04398736
 0.04409496 0.04420261 0.04431031 0.04441807 0.04452588 0.04463374
 0.04474165 0.04484962 0.04495764 0.0450657  0.04517382 0.04528199
 0.04539022 0.04549849 0.04560681 0.04571519 0.04582361 0.04593208
 0.04604061 0.04614918 0.0462578  0.04636648 0.0464752  0.04658397
 0.04669279 0.04680166 0.04691058 0.04701955 0.04712856 0.04723762
 0.04734674 0.04745589 0.0475651  0.04767436 0.04778366 0.04789301
 0.04800241 0.04811185 0.04822134 0.04833088 0.04844046 0.04855009
 0.04865977 0.04876949 0.04887926 0.04898907 0.04909893 0.04920884
 0.04931879 0.04942879 0.04953883 0.04964892 0.04975905 0.04986923
 0.04997945 0.05008971 0.05020002 0.05031038 0.05042077 0.05053122
 0.0506417  0.05075223 0.0508628  0.05097342 0.05108408 0.05119478
 0.05130553 0.05141632 0.05152715 0.05163802 0.05174894 0.0518599
 0.0519709  0.05208194 0.05219303 0.05230416 0.05241532 0.05252653
 0.05263779 0.05274908 0.05286041 0.05297179 0.05308321 0.05319466
 0.05330616 0.0534177  0.05352928 0.0536409  0.05375256 0.05386426
 0.053976   0.05408778 0.0541996  0.05431146 0.05442336 0.0545353
 0.05464728 0.0547593  0.05487136 0.05498345 0.05509559 0.05520776
 0.05531997 0.05543222 0.05554451 0.05565684 0.05576921 0.05588161
 0.05599406 0.05610654 0.05621905 0.05633161 0.0564442  0.05655683
 0.0566695  0.05678221 0.05689495 0.05700773 0.05712055 0.0572334
 0.05734629 0.05745922 0.05757219 0.05768519 0.05779822 0.0579113
 0.05802441 0.05813755 0.05825073 0.05836395 0.05847721 0.05859049
 0.05870382 0.05881718 0.05893057 0.05904401 0.05915747 0.05927097
 0.05938451 0.05949808 0.05961169 0.05972533 0.059839   0.05995271
 0.06006646 0.06018024 0.06029405 0.0604079  0.06052178 0.06063569
 0.06074964 0.06086363 0.06097764 0.06109169 0.06120578 0.0613199
 0.06143405 0.06154823 0.06166245 0.0617767  0.06189098 0.0620053
 0.06211965 0.06223403 0.06234845 0.0624629  0.06257738 0.06269189
 0.06280643 0.06292101 0.06303562 0.06315026 0.06326494 0.06337964
 0.06349438 0.06360915 0.06372395 0.06383878 0.06395365 0.06406854
 0.06418347 0.06429843 0.06441342 0.06452844 0.06464349 0.06475857
 0.06487368 0.06498883 0.065104   0.06521921 0.06533445 0.06544971
 0.06556501 0.06568034 0.06579569 0.06591108 0.0660265  0.06614195
 0.06625743 0.06637294 0.06648847 0.06660404 0.06671964 0.06683526
 0.06695092 0.06706661 0.06718232 0.06729807 0.06741384 0.06752964
 0.06764548 0.06776134 0.06787723 0.06799315 0.06810909 0.06822507
 0.06834108 0.06845711 0.06857317 0.06868926 0.06880538 0.06892153
 0.0690377  0.06915391 0.06927014 0.0693864  0.06950269 0.069619
 0.06973535 0.06985172 0.06996812 0.07008455 0.070201   0.07031748
 0.07043399 0.07055053 0.07066709 0.07078368 0.0709003  0.07101695
 0.07113362 0.07125032 0.07136705 0.0714838  0.07160058 0.07171739
 0.07183422 0.07195108 0.07206797 0.07218488 0.07230182 0.07241879
 0.07253578 0.0726528  0.07276984 0.07288691 0.07300401 0.07312113
 0.07323828 0.07335546 0.07347266 0.07358988 0.07370714 0.07382441
 0.07394172 0.07405904 0.0741764  0.07429378 0.07441118 0.07452861
 0.07464607 0.07476355 0.07488105 0.07499858 0.07511614 0.07523372
 0.07535132 0.07546895 0.07558661 0.07570429 0.07582199 0.07593972
 0.07605747 0.07617525 0.07629305 0.07641088 0.07652873 0.07664661
 0.0767645  0.07688243 0.07700038 0.07711835 0.07723634 0.07735436
 0.0774724  0.07759047 0.07770856 0.07782668 0.07794481 0.07806298
 0.07818116 0.07829937 0.0784176  0.07853586 0.07865413 0.07877244
 0.07889076 0.07900911 0.07912748 0.07924588 0.07936429 0.07948273
 0.0796012  0.07971968 0.07983819 0.07995673 0.08007528 0.08019386
 0.08031246 0.08043108 0.08054972 0.08066839 0.08078708 0.08090579
 0.08102453 0.08114328 0.08126206 0.08138086 0.08149969 0.08161853
 0.0817374  0.08185629 0.0819752  0.08209413 0.08221309 0.08233207
 0.08245106 0.08257008 0.08268913 0.08280819 0.08292727 0.08304638
 0.08316551 0.08328466 0.08340383 0.08352302 0.08364223 0.08376147
 0.08388072 0.084      0.0841193  0.08423862 0.08435796 0.08447732
 0.0845967  0.0847161  0.08483552 0.08495497 0.08507443 0.08519392
 0.08531343 0.08543295 0.0855525  0.08567207 0.08579166 0.08591126
 0.08603089 0.08615054 0.08627021 0.0863899  0.08650961 0.08662934
 0.08674909 0.08686886 0.08698865 0.08710846 0.08722829 0.08734814
 0.08746801 0.0875879  0.08770781 0.08782774]
t =  [1.04255120e+09 1.04255120e+09 1.04255120e+09 1.04255120e+09
 1.04255120e+09 1.04255121e+09 1.04255121e+09 1.04255121e+09
 1.04255121e+09 1.04255121e+09 1.04255121e+09 1.04255121e+09
 1.04255121e+09 1.04255121e+09 1.04255121e+09 1.04255121e+09
 1.04255121e+09 1.04255121e+09 1.04255121e+09 1.04255121e+09
 1.04255121e+09 1.04255122e+09 1.04255122e+09 1.04255122e+09
 1.04255122e+09 1.04255122e+09 1.04255122e+09 1.04255122e+09
 1.04255122e+09 1.04255122e+09 1.04255122e+09 1.04255122e+09
 1.04255122e+09 1.04255122e+09 1.04255122e+09 1.04255122e+09
 1.04255122e+09 1.04255122e+09 1.04255123e+09 1.04255123e+09
 1.04255123e+09 1.04255123e+09 1.04255123e+09 1.04255123e+09
 1.04255123e+09 1.04255123e+09 1.04255123e+09 1.04255123e+09
 1.04255123e+09 1.04255123e+09 1.04255123e+09 1.04255123e+09
 1.04255123e+09 1.04255123e+09 1.04255124e+09 1.04255124e+09
 1.04255124e+09 1.04255124e+09 1.04255124e+09 1.04255124e+09
 1.04255124e+09 1.04255124e+09 1.04255124e+09 1.04255124e+09
 1.04255124e+09 1.04255124e+09 1.04255124e+09 1.04255124e+09
 1.04255124e+09 1.04255124e+09 1.04255125e+09 1.04255125e+09
 1.04255125e+09 1.04255125e+09 1.04255125e+09 1.04255125e+09
 1.04255125e+09 1.04255125e+09 1.04255125e+09 1.04255125e+09
 1.04255125e+09 1.04255125e+09 1.04255125e+09 1.04255125e+09
 1.04255125e+09 1.04255125e+09 1.04255125e+09 1.04255126e+09
 1.04255126e+09 1.04255126e+09 1.04255126e+09 1.04255126e+09
 1.04255126e+09 1.04255126e+09 1.04255126e+09 1.04255126e+09
 1.04255126e+09 1.04255126e+09 1.04255126e+09 1.04255126e+09
 1.04255126e+09 1.04255126e+09 1.04255126e+09 1.04255127e+09
 1.04255127e+09 1.04255127e+09 1.04255127e+09 1.04255127e+09
 1.04255127e+09 1.04255127e+09 1.04255127e+09 1.04255127e+09
 1.04255127e+09 1.04255127e+09 1.04255127e+09 1.04255127e+09
 1.04255127e+09 1.04255127e+09 1.04255127e+09 1.04255128e+09
 1.04255128e+09 1.04255128e+09 1.04255128e+09 1.04255128e+09
 1.04255128e+09 1.04255128e+09 1.04255128e+09 1.04255128e+09
 1.04255128e+09 1.04255128e+09 1.04255128e+09 1.04255128e+09
 1.04255128e+09 1.04255128e+09 1.04255128e+09 1.04255129e+09
 1.04255129e+09 1.04255129e+09 1.04255129e+09 1.04255129e+09
 1.04255129e+09 1.04255129e+09 1.04255129e+09 1.04255129e+09
 1.04255129e+09 1.04255129e+09 1.04255129e+09 1.04255129e+09
 1.04255129e+09 1.04255129e+09 1.04255129e+09 1.04255129e+09
 1.04255130e+09 1.04255130e+09 1.04255130e+09 1.04255130e+09
 1.04255130e+09 1.04255130e+09 1.04255130e+09 1.04255130e+09
 1.04255130e+09 1.04255130e+09 1.04255130e+09 1.04255130e+09
 1.04255130e+09 1.04255130e+09 1.04255130e+09 1.04255130e+09
 1.04255131e+09 1.04255131e+09 1.04255131e+09 1.04255131e+09
 1.04255131e+09 1.04255131e+09 1.04255131e+09 1.04255131e+09
 1.04255131e+09 1.04255131e+09 1.04255131e+09 1.04255131e+09
 1.04255131e+09 1.04255131e+09 1.04255131e+09 1.04255131e+09
 1.04255132e+09 1.04255132e+09 1.04255132e+09 1.04255132e+09
 1.04255132e+09 1.04255132e+09 1.04255132e+09 1.04255132e+09
 1.04255132e+09 1.04255132e+09 1.04255132e+09 1.04255132e+09
 1.04255132e+09 1.04255132e+09 1.04255132e+09 1.04255132e+09
 1.04255133e+09 1.04255133e+09 1.04255133e+09 1.04255133e+09
 1.04255133e+09 1.04255133e+09 1.04255133e+09 1.04255133e+09
 1.04255133e+09 1.04255133e+09 1.04255133e+09 1.04255133e+09
 1.04255133e+09 1.04255133e+09 1.04255133e+09 1.04255133e+09
 1.04255133e+09 1.04255134e+09 1.04255134e+09 1.04255134e+09
 1.04255134e+09 1.04255134e+09 1.04255134e+09 1.04255134e+09
 1.04255134e+09 1.04255134e+09 1.04255134e+09 1.04255134e+09
 1.04255134e+09 1.04255134e+09 1.04255134e+09 1.04255134e+09
 1.04255134e+09 1.04255135e+09 1.04255135e+09 1.04255135e+09
 1.04255135e+09 1.04255135e+09 1.04255135e+09 1.04255135e+09
 1.04255135e+09 1.04255135e+09 1.04255135e+09 1.04255135e+09
 1.04255135e+09 1.04255135e+09 1.04255135e+09 1.04255135e+09
 1.04255135e+09 1.04255136e+09 1.04255136e+09 1.04255136e+09
 1.04255136e+09 1.04255136e+09 1.04255136e+09 1.04255136e+09
 1.04255136e+09 1.04255136e+09 1.04255136e+09 1.04255136e+09
 1.04255136e+09 1.04255136e+09 1.04255136e+09 1.04255136e+09
 1.04255136e+09 1.04255137e+09 1.04255137e+09 1.04255137e+09
 1.04255137e+09 1.04255137e+09 1.04255137e+09 1.04255137e+09
 1.04255137e+09 1.04255137e+09 1.04255137e+09 1.04255137e+09
 1.04255137e+09 1.04255137e+09 1.04255137e+09 1.04255137e+09
 1.04255137e+09 1.04255137e+09 1.04255138e+09 1.04255138e+09
 1.04255138e+09 1.04255138e+09 1.04255138e+09 1.04255138e+09
 1.04255138e+09 1.04255138e+09 1.04255138e+09 1.04255138e+09
 1.04255138e+09 1.04255138e+09 1.04255138e+09 1.04255138e+09
 1.04255138e+09 1.04255138e+09 1.04255139e+09 1.04255139e+09
 1.04255139e+09 1.04255139e+09 1.04255139e+09 1.04255139e+09
 1.04255139e+09 1.04255139e+09 1.04255139e+09 1.04255139e+09
 1.04255139e+09 1.04255139e+09 1.04255139e+09 1.04255139e+09
 1.04255139e+09 1.04255139e+09 1.04255140e+09 1.04255140e+09
 1.04255140e+09 1.04255140e+09 1.04255140e+09 1.04255140e+09
 1.04255140e+09 1.04255140e+09 1.04255140e+09 1.04255140e+09
 1.04255140e+09 1.04255140e+09 1.04255140e+09 1.04255140e+09
 1.04255140e+09 1.04255140e+09 1.04255140e+09 1.04255141e+09
 1.04255141e+09 1.04255141e+09 1.04255141e+09 1.04255141e+09
 1.04255141e+09 1.04255141e+09 1.04255141e+09 1.04255141e+09
 1.04255141e+09 1.04255141e+09 1.04255141e+09 1.04255141e+09
 1.04255141e+09 1.04255141e+09 1.04255141e+09 1.04255142e+09
 1.04255142e+09 1.04255142e+09 1.04255142e+09 1.04255142e+09
 1.04255142e+09 1.04255142e+09 1.04255142e+09 1.04255142e+09
 1.04255142e+09 1.04255142e+09 1.04255142e+09 1.04255142e+09
 1.04255142e+09 1.04255142e+09 1.04255142e+09 1.04255143e+09
 1.04255143e+09 1.04255143e+09 1.04255143e+09 1.04255143e+09
 1.04255143e+09 1.04255143e+09 1.04255143e+09 1.04255143e+09
 1.04255143e+09 1.04255143e+09 1.04255143e+09 1.04255143e+09
 1.04255143e+09 1.04255143e+09 1.04255143e+09 1.04255144e+09
 1.04255144e+09 1.04255144e+09 1.04255144e+09 1.04255144e+09
 1.04255144e+09 1.04255144e+09 1.04255144e+09 1.04255144e+09
 1.04255144e+09 1.04255144e+09 1.04255144e+09 1.04255144e+09
 1.04255144e+09 1.04255144e+09 1.04255144e+09 1.04255144e+09
 1.04255145e+09 1.04255145e+09 1.04255145e+09 1.04255145e+09
 1.04255145e+09 1.04255145e+09 1.04255145e+09 1.04255145e+09
 1.04255145e+09 1.04255145e+09 1.04255145e+09 1.04255145e+09
 1.04255145e+09 1.04255145e+09 1.04255145e+09 1.04255145e+09
 1.04255146e+09 1.04255146e+09 1.04255146e+09 1.04255146e+09
 1.04255146e+09 1.04255146e+09 1.04255146e+09 1.04255146e+09
 1.04255146e+09 1.04255146e+09 1.04255146e+09 1.04255146e+09
 1.04255146e+09 1.04255146e+09 1.04255146e+09 1.04255146e+09
 1.04255147e+09 1.04255147e+09 1.04255147e+09 1.04255147e+09
 1.04255147e+09 1.04255147e+09 1.04255147e+09 1.04255147e+09
 1.04255147e+09 1.04255147e+09 1.04255147e+09 1.04255147e+09
 1.04255147e+09 1.04255147e+09 1.04255147e+09 1.04255147e+09
 1.04255148e+09 1.04255148e+09 1.04255148e+09 1.04255148e+09
 1.04255148e+09 1.04255148e+09 1.04255148e+09 1.04255148e+09
 1.04255148e+09 1.04255148e+09 1.04255148e+09 1.04255148e+09
 1.04255148e+09 1.04255148e+09 1.04255148e+09 1.04255148e+09
 1.04255148e+09 1.04255149e+09 1.04255149e+09 1.04255149e+09
 1.04255149e+09 1.04255149e+09 1.04255149e+09 1.04255149e+09
 1.04255149e+09 1.04255149e+09 1.04255149e+09 1.04255149e+09
 1.04255149e+09 1.04255149e+09 1.04255149e+09 1.04255149e+09
 1.04255149e+09 1.04255150e+09 1.04255150e+09 1.04255150e+09
 1.04255150e+09 1.04255150e+09 1.04255150e+09 1.04255150e+09
 1.04255150e+09 1.04255150e+09 1.04255150e+09 1.04255150e+09
 1.04255150e+09 1.04255150e+09 1.04255150e+09 1.04255150e+09
 1.04255150e+09 1.04255151e+09 1.04255151e+09 1.04255151e+09
 1.04255151e+09 1.04255151e+09 1.04255151e+09 1.04255151e+09
 1.04255151e+09 1.04255151e+09 1.04255151e+09 1.04255151e+09
 1.04255151e+09 1.04255151e+09 1.04255151e+09 1.04255151e+09
 1.04255151e+09 1.04255151e+09 1.04255152e+09 1.04255152e+09
 1.04255152e+09 1.04255152e+09 1.04255152e+09 1.04255152e+09
 1.04255152e+09 1.04255152e+09 1.04255152e+09 1.04255152e+09
 1.04255152e+09 1.04255152e+09 1.04255152e+09 1.04255152e+09
 1.04255152e+09 1.04255152e+09 1.04255153e+09 1.04255153e+09
 1.04255153e+09 1.04255153e+09 1.04255153e+09 1.04255153e+09
 1.04255153e+09 1.04255153e+09 1.04255153e+09 1.04255153e+09
 1.04255153e+09 1.04255153e+09 1.04255153e+09 1.04255153e+09
 1.04255153e+09 1.04255153e+09 1.04255154e+09 1.04255154e+09
 1.04255154e+09 1.04255154e+09 1.04255154e+09 1.04255154e+09
 1.04255154e+09 1.04255154e+09 1.04255154e+09 1.04255154e+09
 1.04255154e+09 1.04255154e+09 1.04255154e+09 1.04255154e+09
 1.04255154e+09 1.04255154e+09 1.04255155e+09 1.04255155e+09
 1.04255155e+09 1.04255155e+09 1.04255155e+09 1.04255155e+09
 1.04255155e+09 1.04255155e+09 1.04255155e+09 1.04255155e+09
 1.04255155e+09 1.04255155e+09 1.04255155e+09 1.04255155e+09
 1.04255155e+09 1.04255155e+09 1.04255155e+09 1.04255156e+09
 1.04255156e+09 1.04255156e+09 1.04255156e+09 1.04255156e+09
 1.04255156e+09 1.04255156e+09 1.04255156e+09 1.04255156e+09
 1.04255156e+09 1.04255156e+09 1.04255156e+09 1.04255156e+09
 1.04255156e+09 1.04255156e+09 1.04255156e+09 1.04255157e+09
 1.04255157e+09 1.04255157e+09 1.04255157e+09 1.04255157e+09
 1.04255157e+09 1.04255157e+09 1.04255157e+09 1.04255157e+09
 1.04255157e+09 1.04255157e+09 1.04255157e+09 1.04255157e+09
 1.04255157e+09 1.04255157e+09 1.04255157e+09 1.04255158e+09
 1.04255158e+09 1.04255158e+09 1.04255158e+09 1.04255158e+09
 1.04255158e+09 1.04255158e+09 1.04255158e+09 1.04255158e+09
 1.04255158e+09 1.04255158e+09 1.04255158e+09 1.04255158e+09
 1.04255158e+09 1.04255158e+09 1.04255158e+09 1.04255159e+09
 1.04255159e+09 1.04255159e+09 1.04255159e+09 1.04255159e+09
 1.04255159e+09 1.04255159e+09 1.04255159e+09 1.04255159e+09
 1.04255159e+09 1.04255159e+09 1.04255159e+09 1.04255159e+09
 1.04255159e+09 1.04255159e+09 1.04255159e+09 1.04255159e+09
 1.04255160e+09 1.04255160e+09 1.04255160e+09 1.04255160e+09
 1.04255160e+09 1.04255160e+09 1.04255160e+09 1.04255160e+09
 1.04255160e+09 1.04255160e+09 1.04255160e+09 1.04255160e+09
 1.04255160e+09 1.04255160e+09 1.04255160e+09 1.04255160e+09
 1.04255161e+09 1.04255161e+09 1.04255161e+09 1.04255161e+09
 1.04255161e+09 1.04255161e+09 1.04255161e+09 1.04255161e+09
 1.04255161e+09 1.04255161e+09 1.04255161e+09 1.04255161e+09
 1.04255161e+09 1.04255161e+09 1.04255161e+09 1.04255161e+09
 1.04255162e+09 1.04255162e+09 1.04255162e+09 1.04255162e+09
 1.04255162e+09 1.04255162e+09 1.04255162e+09 1.04255162e+09
 1.04255162e+09 1.04255162e+09 1.04255162e+09 1.04255162e+09
 1.04255162e+09 1.04255162e+09 1.04255162e+09 1.04255162e+09
 1.04255163e+09 1.04255163e+09 1.04255163e+09 1.04255163e+09
 1.04255163e+09 1.04255163e+09 1.04255163e+09 1.04255163e+09
 1.04255163e+09 1.04255163e+09 1.04255163e+09 1.04255163e+09
 1.04255163e+09 1.04255163e+09 1.04255163e+09 1.04255163e+09
 1.04255163e+09 1.04255164e+09 1.04255164e+09 1.04255164e+09
 1.04255164e+09 1.04255164e+09 1.04255164e+09 1.04255164e+09
 1.04255164e+09 1.04255164e+09 1.04255164e+09 1.04255164e+09
 1.04255164e+09 1.04255164e+09 1.04255164e+09 1.04255164e+09
 1.04255164e+09 1.04255165e+09 1.04255165e+09 1.04255165e+09
 1.04255165e+09 1.04255165e+09 1.04255165e+09 1.04255165e+09
 1.04255165e+09 1.04255165e+09 1.04255165e+09 1.04255165e+09
 1.04255165e+09 1.04255165e+09 1.04255165e+09 1.04255165e+09
 1.04255165e+09 1.04255166e+09 1.04255166e+09 1.04255166e+09
 1.04255166e+09 1.04255166e+09 1.04255166e+09 1.04255166e+09
 1.04255166e+09 1.04255166e+09 1.04255166e+09 1.04255166e+09
 1.04255166e+09 1.04255166e+09 1.04255166e+09 1.04255166e+09
 1.04255166e+09 1.04255166e+09 1.04255167e+09 1.04255167e+09
 1.04255167e+09 1.04255167e+09 1.04255167e+09 1.04255167e+09
 1.04255167e+09 1.04255167e+09 1.04255167e+09 1.04255167e+09
 1.04255167e+09 1.04255167e+09 1.04255167e+09 1.04255167e+09
 1.04255167e+09 1.04255167e+09 1.04255168e+09 1.04255168e+09
 1.04255168e+09 1.04255168e+09 1.04255168e+09 1.04255168e+09
 1.04255168e+09 1.04255168e+09 1.04255168e+09 1.04255168e+09
 1.04255168e+09 1.04255168e+09 1.04255168e+09 1.04255168e+09
 1.04255168e+09 1.04255168e+09 1.04255169e+09 1.04255169e+09
 1.04255169e+09 1.04255169e+09 1.04255169e+09 1.04255169e+09
 1.04255169e+09 1.04255169e+09 1.04255169e+09 1.04255169e+09
 1.04255169e+09 1.04255169e+09 1.04255169e+09 1.04255169e+09
 1.04255169e+09 1.04255169e+09 1.04255170e+09 1.04255170e+09
 1.04255170e+09 1.04255170e+09 1.04255170e+09 1.04255170e+09
 1.04255170e+09 1.04255170e+09 1.04255170e+09 1.04255170e+09
 1.04255170e+09 1.04255170e+09 1.04255170e+09 1.04255170e+09
 1.04255170e+09 1.04255170e+09 1.04255170e+09 1.04255171e+09
 1.04255171e+09 1.04255171e+09 1.04255171e+09 1.04255171e+09
 1.04255171e+09 1.04255171e+09 1.04255171e+09 1.04255171e+09
 1.04255171e+09 1.04255171e+09 1.04255171e+09 1.04255171e+09
 1.04255171e+09 1.04255171e+09 1.04255171e+09 1.04255172e+09
 1.04255172e+09 1.04255172e+09 1.04255172e+09 1.04255172e+09
 1.04255172e+09 1.04255172e+09 1.04255172e+09 1.04255172e+09
 1.04255172e+09 1.04255172e+09 1.04255172e+09 1.04255172e+09
 1.04255172e+09 1.04255172e+09 1.04255172e+09 1.04255173e+09
 1.04255173e+09 1.04255173e+09 1.04255173e+09 1.04255173e+09
 1.04255173e+09 1.04255173e+09 1.04255173e+09 1.04255173e+09
 1.04255173e+09 1.04255173e+09 1.04255173e+09 1.04255173e+09
 1.04255173e+09 1.04255173e+09 1.04255173e+09 1.04255174e+09
 1.04255174e+09 1.04255174e+09 1.04255174e+09 1.04255174e+09
 1.04255174e+09 1.04255174e+09 1.04255174e+09 1.04255174e+09
 1.04255174e+09 1.04255174e+09 1.04255174e+09 1.04255174e+09
 1.04255174e+09 1.04255174e+09 1.04255174e+09 1.04255174e+09
 1.04255175e+09 1.04255175e+09 1.04255175e+09 1.04255175e+09
 1.04255175e+09 1.04255175e+09 1.04255175e+09 1.04255175e+09
 1.04255175e+09 1.04255175e+09 1.04255175e+09 1.04255175e+09
 1.04255175e+09 1.04255175e+09 1.04255175e+09 1.04255175e+09
 1.04255176e+09 1.04255176e+09 1.04255176e+09 1.04255176e+09
 1.04255176e+09 1.04255176e+09 1.04255176e+09 1.04255176e+09
 1.04255176e+09 1.04255176e+09 1.04255176e+09 1.04255176e+09
 1.04255176e+09 1.04255176e+09 1.04255176e+09 1.04255176e+09
 1.04255177e+09 1.04255177e+09 1.04255177e+09 1.04255177e+09
 1.04255177e+09 1.04255177e+09 1.04255177e+09 1.04255177e+09
 1.04255177e+09 1.04255177e+09 1.04255177e+09 1.04255177e+09
 1.04255177e+09 1.04255177e+09 1.04255177e+09 1.04255177e+09
 1.04255178e+09 1.04255178e+09 1.04255178e+09 1.04255178e+09
 1.04255178e+09 1.04255178e+09 1.04255178e+09 1.04255178e+09
 1.04255178e+09 1.04255178e+09 1.04255178e+09 1.04255178e+09
 1.04255178e+09 1.04255178e+09 1.04255178e+09 1.04255178e+09
 1.04255178e+09 1.04255179e+09 1.04255179e+09 1.04255179e+09
 1.04255179e+09 1.04255179e+09 1.04255179e+09 1.04255179e+09
 1.04255179e+09 1.04255179e+09 1.04255179e+09 1.04255179e+09
 1.04255179e+09 1.04255179e+09 1.04255179e+09 1.04255179e+09
 1.04255179e+09 1.04255180e+09 1.04255180e+09 1.04255180e+09
 1.04255180e+09 1.04255180e+09 1.04255180e+09 1.04255180e+09
 1.04255180e+09 1.04255180e+09 1.04255180e+09 1.04255180e+09
 1.04255180e+09 1.04255180e+09 1.04255180e+09 1.04255180e+09
 1.04255180e+09 1.04255181e+09 1.04255181e+09 1.04255181e+09
 1.04255181e+09 1.04255181e+09 1.04255181e+09 1.04255181e+09
 1.04255181e+09 1.04255181e+09 1.04255181e+09 1.04255181e+09
 1.04255181e+09 1.04255181e+09 1.04255181e+09 1.04255181e+09
 1.04255181e+09 1.04255181e+09 1.04255182e+09 1.04255182e+09]
minRes = 0.008444032943022118
minResTime =  [1.0425513e+09]
