name =JUICE_ROI_CAL_6_1_04
flyby =  ['2033 JAN 13 13:32:12', '2033 JAN 14 13:32:12']
Observation TW =  <SpiceCell dtype = 1, length = 0, size = 2400, card = 4, is_set = 1, adjust = 0, init = 1, base = 1356598389584, data = 1356598389632>
Res(t) =  [4.18036086 4.17646938 4.17257746 4.16868509 4.16479227 4.160899
 4.15700528 4.15311112 4.1492165  4.14532144 4.14142593 4.13752996
 4.13363355 4.12973669 4.12583937 4.1219416  4.11804339 4.11414472
 4.1102456  4.10634602 4.102446   4.09854552 4.09464459 4.0907432
 4.08684136 4.08293907 4.07903632 4.07513312 4.07122947 4.06732535
 4.06342079 4.05951577 4.05561029 4.05170436 4.04779797 4.04389112
 4.03998382 4.03607605 4.03216784 4.02825916 4.02435003 4.02044043
 4.01653038 4.01261987 4.0087089  4.00479748 4.00088559 3.99697324
 3.99306043 3.98914716 3.98523343 3.98131924 3.97740459 3.97348947
 3.9695739  3.96565786 3.96174136 3.95782439 3.95390697 3.94998908
 3.94607072 3.9421519  3.93823262 3.93431287 3.93039266 3.92647198
 3.92255084 3.91862923 3.91470716 3.91078462 3.90686161 3.90293814
 3.8990142  3.89508979 3.89116491 3.88723957 3.88331376 3.87938747
 3.87546072 3.87153351 3.86760582 3.86367766 3.85974903 3.85581993
 3.85189036 3.84796032 3.84402981 3.84009883 3.83616737 3.83223545
 3.82830305 3.82437017 3.82043683 3.81650301 3.81256872 3.80863396
 3.80469872 3.800763   3.79682681 3.79289015 3.78895301 3.7850154
 3.78107731 3.77713874 3.7731997  3.76926018 3.76532018 3.7613797
 3.75743875 3.75349732 3.74955541 3.74561303 3.74167016 3.73772682
 3.73378299 3.72983869 3.7258939  3.72194864 3.71800289 3.71405667
 3.71010996 3.70616277 3.7022151  3.69826695 3.69431831 3.69036919
 3.68641959 3.68246951 3.67851894 3.67456789 3.67061635 3.66666433
 3.66271182 3.65875883 3.65480536 3.65085139 3.64689694 3.64294201
 3.63898659 3.63503068 3.63107428 3.6271174  3.62316003 3.61920217
 3.61524382 3.61128498 3.60732566 3.60336584 3.59940553 3.59544474
 3.59148345 3.58752168 3.58355941 3.57959665 3.5756334  3.57166966
 3.56770542 3.56374069 3.55977547 3.55580976 3.55184355 3.54787685
 3.54390966 3.53994197 3.53597378 3.53200511 3.52803593 3.52406626
 3.5200961  3.51612543 3.51215427 3.50818262 3.50421046 3.50023781
 3.49626467 3.49229102 3.48831687 3.48434223 3.48036709 3.47639144
 3.4724153  3.46843866 3.46446152 3.46048387 3.45650573 3.45252708
 3.44854794 3.44456829 3.44058813 3.43660748 3.43262632 3.42864466
 3.4246625  3.42067983 3.41669666 3.41271298 3.4087288  3.40474411
 3.40075892 3.39677322 3.39278701 3.3888003  3.38481309 3.38082536
 3.37683713 3.37284839 3.36885914 3.36486938 3.36087912 3.35688834
 3.35289706 3.34890527 3.34491296 3.34092015 3.33692682 3.33293299
 3.32893864 3.32494378 3.32094841 3.31695253 3.31295613 3.30895922
 3.3049618  3.30096387 3.29696542 3.29296645 3.28896697 3.28496698
 3.28096647 3.27696545 3.27296391 3.26896185 3.26495928 3.26095618
 3.25695258 3.25294845 3.24894381 3.24493865 3.24093297 3.23692677
 3.23292005 3.22891281 3.22490505 3.22089677 3.21688797 3.21287865
 3.20886881 3.20485845 3.20084757 3.19683616 3.19282423 3.18881178
 3.1847988  3.1807853  3.17677127 3.17275673 3.16874165 3.16472606
 3.16070993 3.15669328 3.15267611 3.14865841 3.14464018 3.14062142
 3.13660214 3.13258233 3.12856199 3.12454112 3.12051973 3.1164978
 3.11247535 3.10845236 3.10442885 3.1004048  3.09638023 3.09235512
 3.08832948 3.08430331 3.08027661 3.07624937 3.0722216  3.0681933
 3.06416446 3.06013509 3.05610519 3.05207475 3.04804378 3.04401227
 3.03998022 3.03594764 3.03191452 3.02788087 3.02384668 3.01981195
 3.01577668 3.01174088 3.00770454 3.00366765 2.99963023 2.99559227
 2.99155377 2.98751473 2.98347514 2.97943502 2.97539436 2.97135315
 2.9673114  2.96326911 2.95922628 2.9551829  2.95113898 2.94709451
 2.9430495  2.93900395 2.93495785 2.93091121 2.92686402 2.92281628
 2.918768   2.91471917 2.9106698  2.90661987 2.9025694  2.89851838
 2.89446681 2.8904147  2.88636203 2.88230881 2.87825505 2.87420073
 2.87014586 2.86609044 2.86203447 2.85797795 2.85392088 2.84986325
 2.84580507 2.84174634 2.83768705 2.83362721 2.82956681 2.82550586
 2.82144436 2.81738229 2.81331968 2.8092565  2.80519277 2.80112848
 2.79706364 2.79299824 2.78893228 2.78486576 2.78079868 2.77673104
 2.77266284 2.76859409 2.76452477 2.76045489 2.75638445 2.75231345
 2.74824188 2.74416976 2.74009707 2.73602382 2.73195    2.72787562
 2.72380068 2.71972517 2.7156491  2.71157246 2.70749526 2.70341749
 2.69933915 2.69526025 2.69118078 2.68710074 2.68302013 2.67893896
 2.67485721 2.6707749  2.66669202 2.66260857 2.65852454 2.65443995
 2.65035478 2.64626905 2.64218274 2.63809586 2.63400841 2.62992038
 2.62583178 2.62174261 2.61765286 2.61356254 2.60947164 2.60538017
 2.60128812 2.59719549 2.59310229 2.58900851 2.58491416 2.58081922
 2.57672371 2.57262762 2.56853095 2.5644337  2.56033587 2.55623746
 2.55213847 2.5480389  2.54393875 2.53983802 2.5357367  2.5316348
 2.52753232 2.52342926 2.51932561 2.51522138 2.51111656 2.50701116
 2.50290517 2.49879859 2.49469144 2.49058369 2.48647536 2.48236643
 2.47825693 2.47414683 2.47003614 2.46592487 2.461813   2.45770055
 2.45358751 2.44947387 2.44535965 2.44124483 2.43712942 2.43301342
 2.42889682 2.42477964 2.42066185 2.41654348 2.41242451 2.40830494
 2.40418478 2.40006403 2.39594268 2.39182073 2.38769818 2.38357504
 2.3794513  2.37532696 2.37120203 2.36707649 2.36295036 2.35882362
 2.35469629 2.35056835 2.34643981 2.34231068 2.33818093 2.33405059
 2.32991965 2.3257881  2.32165594 2.31752319 2.31338983 2.30925586
 2.30512129 2.30098611 2.29685033 2.29271394 2.28857694 2.28443934
 2.28030112 2.2761623  2.27202287 2.26788283 2.26374218 2.25960092
 2.25545905 2.25131657 2.24717348 2.24302978 2.23888546 2.23474053
 2.23059499 2.22644883 2.22230206 2.21815468 2.21400668 2.20985806
 2.20570883 2.20155898 2.19740852 2.19325744 2.18910574 2.18495342
 2.18080049 2.17664693 2.17249276 2.16833797 2.16418255 2.16002652
 2.15586986 2.15171259 2.14755469 2.14339616 2.13923702 2.13507725
 2.13091686 2.12675584 2.1225942  2.11843193 2.11426904 2.11010552
 2.10594137 2.1017766  2.0976112  2.09344517 2.08927852 2.08511123
 2.08094332 2.07677477 2.07260559 2.06843579 2.06426535 2.06009428
 2.05592258 2.05175025 2.04757728 2.04340368 2.03922944 2.03505457
 2.03087907 2.02670293 2.02252615 2.01834874 2.01417069 2.009992
 2.00581268 2.00163271 1.99745211 1.99327087 1.98908899 1.98490647
 1.98072331 1.9765395  1.97235506 1.96816997 1.96398424 1.95979787
 1.95561085 1.95142319 1.94723489 1.94304594 1.93885634 1.9346661
 1.93047521 1.92628368 1.92209149 1.91789866 1.91370518 1.90951105
 1.90531628 1.90112085 1.89692477 1.89272804 1.88853066 1.88433263
 1.88013394 1.8759346  1.87173461 1.86753397 1.86333267 1.85913071
 1.8549281  1.85072483 1.84652091 1.84231633 1.83811109 1.8339052
 1.82969864 1.82549143 1.82128356 1.81707502 1.81286583 1.80865598
 1.80444546 1.80023428 1.79602244 1.79180994 1.78759677 1.78338294
 1.77916844 1.77495328 1.77073745 1.76652096 1.76230379 1.75808597
 1.75386747 1.74964831 1.74542847 1.74120797 1.7369868  1.73276495
 1.72854244 1.72431925 1.7200954  1.71587087 1.71164566 1.70741978
 1.70319323 1.69896601 1.6947381  1.69050953 1.68628027 1.68205034
 1.67781973 1.67358844 1.66935648 1.66512383 1.66089051 1.6566565
 1.65242182 1.64818645 1.6439504  1.63971367 1.63547626 1.63123816
 1.62699938 1.62275991 1.61851976 1.61427892 1.6100374  1.60579519
 1.60155229 1.5973087  1.59306442 1.58881946 1.5845738  1.58032746
 1.57608042 1.5718327  1.56758428 1.56333516 1.55908536 1.55483486
 1.55058366 1.54633178 1.54207919 1.53782591 1.53357193 1.52931726
 1.52506189 1.52080581 1.51654904 1.51229157 1.5080334  1.50377453
 1.49951496 1.49525468 1.4909937  1.48673202 1.48246964 1.47820655
 1.47394275 1.46967825 1.46541304 1.46114713 1.45688051 1.45261318
 1.44834514 1.44407639 1.43980693 1.43553676 1.43126588 1.42699429
 1.42272199 1.41844897 1.41417523 1.40990079 1.40562563 1.40134975
 1.39707316 1.39279585 1.38851782 1.38423907 1.3799596  1.37567942
 1.37139851 1.36711689 1.36283454 1.35855147 1.35426768 1.34998316
 1.34569792 1.34141196 1.33712527 1.33283785 1.3285497  1.32426083
 1.31997123 1.31568091 1.31138985 1.30709806 1.30280554 1.29851229
 1.29421831 1.2899236  1.28562815 1.28133197 1.27703505 1.27273739
 1.268439   1.26413988 1.25984001 1.25553941 1.25123807 1.24693599
 1.24263316 1.2383296  1.2340253  1.22972025 1.22541446 1.22110792
 1.21680064 1.21249261 1.20818384 1.20387432 1.19956406 1.19525304
 1.19094128 1.18662876 1.1823155  1.17800148 1.17368671 1.16937119
 1.16505492 1.16073789 1.1564201  1.15210156 1.14778226 1.14346221
 1.1391414  1.13481982 1.13049749 1.1261744  1.12185055 1.11752593
 1.11320056 1.10887441 1.10454751 1.10021984 1.0958914  1.0915622
 1.08723222 1.08290149 1.07856998 1.0742377  1.06990465 1.06557083
 1.06123623 1.05690087 1.05256473 1.04822781 1.04389012 1.03955165
 1.03521241 1.03087238 1.02653158 1.02219    1.01784764 1.01350449
 1.00916057 1.00481586 1.00047036 0.99612408 0.99177702 0.98742917
 0.98308053 0.9787311  0.97438089 0.97002988 0.96567808 0.96132549
 0.95697211 0.95261793 0.94826296 0.9439072  0.93955064 0.93519328
 0.93083512 0.92647616 0.92211641 0.91775585 0.91339449 0.90903233
 0.90466936 0.90030559 0.89594102 0.89157564 0.88720945 0.88284245
 0.87847464 0.87410602 0.8697366  0.86536636 0.8609953  0.85662344
 0.85225075 0.84787725 0.84350294 0.83912781 0.83475186 0.83037508
 0.82599749 0.82161908 0.81723984 0.81285978 0.8084789  0.80409719
 0.79971465 0.79533129 0.79094709 0.78656207 0.78217622 0.77778953
 0.77340202 0.76901367 0.76462448 0.76023446 0.75584361 0.75145191
 0.74705938 0.74266601 0.7382718  0.73387674 0.72948085 0.72508411
 0.72068652 0.7162881  0.71188882 0.70840792 0.70400749 0.69960621
 0.6952041  0.69080114 0.68639734 0.68199269 0.6775872  0.67318087
 0.66877369 0.66436566 0.65995679 0.65554707 0.6511365  0.64672508
 0.64231281 0.63789969 0.63348571 0.62907089 0.62465521 0.62023868
 0.6158213  0.61140306 0.60698397 0.60256402 0.59814322 0.59372156
 0.58929905 0.58487567 0.58045145 0.57602636 0.57160042 0.56717362
 0.56274597 0.55831745 0.55388808 0.54945786 0.54502677 0.54059483
 0.53616203 0.53172838 0.52729387 0.5228585  0.51842228 0.5139852
 0.50954728 0.5051085  0.50066887 0.49622838 0.49178705 0.48734487
 0.48290185 0.47845798 0.47401327 0.46956771 0.46512132 0.46067409
 0.45622603 0.45177713 0.44732741 0.44287686 0.43842549 0.4339733
 0.4295203  0.42506649 0.42061187 0.41615645 0.41170023 0.40724323
 0.40278544 0.39832687 0.39386753 0.38940743 0.38494657 0.38048497
 0.37602262 0.37155955 0.36709576 0.36263127 0.35816608 0.3537002
 0.34923366 0.34476646 0.34029863 0.33583017 0.33136111 0.32689147
 0.32242126 0.31795051 0.31347924 0.30900747 0.30453525 0.30006258
 0.29558952 0.29111608 0.28664231 0.28216825 0.27769394 0.27321942
 0.26874475 0.26426997 0.25979516 0.25532036 0.25084565 0.24637111
 0.24189681 0.23742283 0.23294929 0.22847627 0.22400389 0.21953228
 0.21506157 0.21059191 0.20612345 0.20165639 0.1971909  0.19272722
 0.18826558 0.18380624 0.17934949 0.17489566 0.17044511 0.16599825
 0.16155552 0.15711743 0.15268455 0.14825752 0.14383707 0.13942402
 0.1350193  0.13062399 0.12623931 0.12186669 0.11750775 0.1131644
 0.10883886 0.10453375 0.10025215 0.09599773 0.09177488 0.08758891
 0.08344624 0.07935479 0.07532433 0.07136711 0.06749861 0.0637387
 0.0601132  0.05665625 0.05341373 0.05044868 0.04784981 0.04574572
 0.0443303  0.04391203 0.0450233  0.04871136]
t =  [1.04250800e+09 1.04250804e+09 1.04250809e+09 1.04250813e+09
 1.04250817e+09 1.04250822e+09 1.04250826e+09 1.04250830e+09
 1.04250834e+09 1.04250839e+09 1.04250843e+09 1.04250847e+09
 1.04250852e+09 1.04250856e+09 1.04250860e+09 1.04250864e+09
 1.04250869e+09 1.04250873e+09 1.04250877e+09 1.04250882e+09
 1.04250886e+09 1.04250890e+09 1.04250895e+09 1.04250899e+09
 1.04250903e+09 1.04250907e+09 1.04250912e+09 1.04250916e+09
 1.04250920e+09 1.04250925e+09 1.04250929e+09 1.04250933e+09
 1.04250937e+09 1.04250942e+09 1.04250946e+09 1.04250950e+09
 1.04250955e+09 1.04250959e+09 1.04250963e+09 1.04250967e+09
 1.04250972e+09 1.04250976e+09 1.04250980e+09 1.04250985e+09
 1.04250989e+09 1.04250993e+09 1.04250997e+09 1.04251002e+09
 1.04251006e+09 1.04251010e+09 1.04251015e+09 1.04251019e+09
 1.04251023e+09 1.04251028e+09 1.04251032e+09 1.04251036e+09
 1.04251040e+09 1.04251045e+09 1.04251049e+09 1.04251053e+09
 1.04251058e+09 1.04251062e+09 1.04251066e+09 1.04251070e+09
 1.04251075e+09 1.04251079e+09 1.04251083e+09 1.04251088e+09
 1.04251092e+09 1.04251096e+09 1.04251100e+09 1.04251105e+09
 1.04251109e+09 1.04251113e+09 1.04251118e+09 1.04251122e+09
 1.04251126e+09 1.04251130e+09 1.04251135e+09 1.04251139e+09
 1.04251143e+09 1.04251148e+09 1.04251152e+09 1.04251156e+09
 1.04251161e+09 1.04251165e+09 1.04251169e+09 1.04251173e+09
 1.04251178e+09 1.04251182e+09 1.04251186e+09 1.04251191e+09
 1.04251195e+09 1.04251199e+09 1.04251203e+09 1.04251208e+09
 1.04251212e+09 1.04251216e+09 1.04251221e+09 1.04251225e+09
 1.04251229e+09 1.04251233e+09 1.04251238e+09 1.04251242e+09
 1.04251246e+09 1.04251251e+09 1.04251255e+09 1.04251259e+09
 1.04251263e+09 1.04251268e+09 1.04251272e+09 1.04251276e+09
 1.04251281e+09 1.04251285e+09 1.04251289e+09 1.04251294e+09
 1.04251298e+09 1.04251302e+09 1.04251306e+09 1.04251311e+09
 1.04251315e+09 1.04251319e+09 1.04251324e+09 1.04251328e+09
 1.04251332e+09 1.04251336e+09 1.04251341e+09 1.04251345e+09
 1.04251349e+09 1.04251354e+09 1.04251358e+09 1.04251362e+09
 1.04251366e+09 1.04251371e+09 1.04251375e+09 1.04251379e+09
 1.04251384e+09 1.04251388e+09 1.04251392e+09 1.04251396e+09
 1.04251401e+09 1.04251405e+09 1.04251409e+09 1.04251414e+09
 1.04251418e+09 1.04251422e+09 1.04251427e+09 1.04251431e+09
 1.04251435e+09 1.04251439e+09 1.04251444e+09 1.04251448e+09
 1.04251452e+09 1.04251457e+09 1.04251461e+09 1.04251465e+09
 1.04251469e+09 1.04251474e+09 1.04251478e+09 1.04251482e+09
 1.04251487e+09 1.04251491e+09 1.04251495e+09 1.04251499e+09
 1.04251504e+09 1.04251508e+09 1.04251512e+09 1.04251517e+09
 1.04251521e+09 1.04251525e+09 1.04251529e+09 1.04251534e+09
 1.04251538e+09 1.04251542e+09 1.04251547e+09 1.04251551e+09
 1.04251555e+09 1.04251560e+09 1.04251564e+09 1.04251568e+09
 1.04251572e+09 1.04251577e+09 1.04251581e+09 1.04251585e+09
 1.04251590e+09 1.04251594e+09 1.04251598e+09 1.04251602e+09
 1.04251607e+09 1.04251611e+09 1.04251615e+09 1.04251620e+09
 1.04251624e+09 1.04251628e+09 1.04251632e+09 1.04251637e+09
 1.04251641e+09 1.04251645e+09 1.04251650e+09 1.04251654e+09
 1.04251658e+09 1.04251662e+09 1.04251667e+09 1.04251671e+09
 1.04251675e+09 1.04251680e+09 1.04251684e+09 1.04251688e+09
 1.04251693e+09 1.04251697e+09 1.04251701e+09 1.04251705e+09
 1.04251710e+09 1.04251714e+09 1.04251718e+09 1.04251723e+09
 1.04251727e+09 1.04251731e+09 1.04251735e+09 1.04251740e+09
 1.04251744e+09 1.04251748e+09 1.04251753e+09 1.04251757e+09
 1.04251761e+09 1.04251765e+09 1.04251770e+09 1.04251774e+09
 1.04251778e+09 1.04251783e+09 1.04251787e+09 1.04251791e+09
 1.04251795e+09 1.04251800e+09 1.04251804e+09 1.04251808e+09
 1.04251813e+09 1.04251817e+09 1.04251821e+09 1.04251826e+09
 1.04251830e+09 1.04251834e+09 1.04251838e+09 1.04251843e+09
 1.04251847e+09 1.04251851e+09 1.04251856e+09 1.04251860e+09
 1.04251864e+09 1.04251868e+09 1.04251873e+09 1.04251877e+09
 1.04251881e+09 1.04251886e+09 1.04251890e+09 1.04251894e+09
 1.04251898e+09 1.04251903e+09 1.04251907e+09 1.04251911e+09
 1.04251916e+09 1.04251920e+09 1.04251924e+09 1.04251928e+09
 1.04251933e+09 1.04251937e+09 1.04251941e+09 1.04251946e+09
 1.04251950e+09 1.04251954e+09 1.04251959e+09 1.04251963e+09
 1.04251967e+09 1.04251971e+09 1.04251976e+09 1.04251980e+09
 1.04251984e+09 1.04251989e+09 1.04251993e+09 1.04251997e+09
 1.04252001e+09 1.04252006e+09 1.04252010e+09 1.04252014e+09
 1.04252019e+09 1.04252023e+09 1.04252027e+09 1.04252031e+09
 1.04252036e+09 1.04252040e+09 1.04252044e+09 1.04252049e+09
 1.04252053e+09 1.04252057e+09 1.04252061e+09 1.04252066e+09
 1.04252070e+09 1.04252074e+09 1.04252079e+09 1.04252083e+09
 1.04252087e+09 1.04252092e+09 1.04252096e+09 1.04252100e+09
 1.04252104e+09 1.04252109e+09 1.04252113e+09 1.04252117e+09
 1.04252122e+09 1.04252126e+09 1.04252130e+09 1.04252134e+09
 1.04252139e+09 1.04252143e+09 1.04252147e+09 1.04252152e+09
 1.04252156e+09 1.04252160e+09 1.04252164e+09 1.04252169e+09
 1.04252173e+09 1.04252177e+09 1.04252182e+09 1.04252186e+09
 1.04252190e+09 1.04252194e+09 1.04252199e+09 1.04252203e+09
 1.04252207e+09 1.04252212e+09 1.04252216e+09 1.04252220e+09
 1.04252225e+09 1.04252229e+09 1.04252233e+09 1.04252237e+09
 1.04252242e+09 1.04252246e+09 1.04252250e+09 1.04252255e+09
 1.04252259e+09 1.04252263e+09 1.04252267e+09 1.04252272e+09
 1.04252276e+09 1.04252280e+09 1.04252285e+09 1.04252289e+09
 1.04252293e+09 1.04252297e+09 1.04252302e+09 1.04252306e+09
 1.04252310e+09 1.04252315e+09 1.04252319e+09 1.04252323e+09
 1.04252327e+09 1.04252332e+09 1.04252336e+09 1.04252340e+09
 1.04252345e+09 1.04252349e+09 1.04252353e+09 1.04252358e+09
 1.04252362e+09 1.04252366e+09 1.04252370e+09 1.04252375e+09
 1.04252379e+09 1.04252383e+09 1.04252388e+09 1.04252392e+09
 1.04252396e+09 1.04252400e+09 1.04252405e+09 1.04252409e+09
 1.04252413e+09 1.04252418e+09 1.04252422e+09 1.04252426e+09
 1.04252430e+09 1.04252435e+09 1.04252439e+09 1.04252443e+09
 1.04252448e+09 1.04252452e+09 1.04252456e+09 1.04252460e+09
 1.04252465e+09 1.04252469e+09 1.04252473e+09 1.04252478e+09
 1.04252482e+09 1.04252486e+09 1.04252491e+09 1.04252495e+09
 1.04252499e+09 1.04252503e+09 1.04252508e+09 1.04252512e+09
 1.04252516e+09 1.04252521e+09 1.04252525e+09 1.04252529e+09
 1.04252533e+09 1.04252538e+09 1.04252542e+09 1.04252546e+09
 1.04252551e+09 1.04252555e+09 1.04252559e+09 1.04252563e+09
 1.04252568e+09 1.04252572e+09 1.04252576e+09 1.04252581e+09
 1.04252585e+09 1.04252589e+09 1.04252593e+09 1.04252598e+09
 1.04252602e+09 1.04252606e+09 1.04252611e+09 1.04252615e+09
 1.04252619e+09 1.04252624e+09 1.04252628e+09 1.04252632e+09
 1.04252636e+09 1.04252641e+09 1.04252645e+09 1.04252649e+09
 1.04252654e+09 1.04252658e+09 1.04252662e+09 1.04252666e+09
 1.04252671e+09 1.04252675e+09 1.04252679e+09 1.04252684e+09
 1.04252688e+09 1.04252692e+09 1.04252696e+09 1.04252701e+09
 1.04252705e+09 1.04252709e+09 1.04252714e+09 1.04252718e+09
 1.04252722e+09 1.04252726e+09 1.04252731e+09 1.04252735e+09
 1.04252739e+09 1.04252744e+09 1.04252748e+09 1.04252752e+09
 1.04252757e+09 1.04252761e+09 1.04252765e+09 1.04252769e+09
 1.04252774e+09 1.04252778e+09 1.04252782e+09 1.04252787e+09
 1.04252791e+09 1.04252795e+09 1.04252799e+09 1.04252804e+09
 1.04252808e+09 1.04252812e+09 1.04252817e+09 1.04252821e+09
 1.04252825e+09 1.04252829e+09 1.04252834e+09 1.04252838e+09
 1.04252842e+09 1.04252847e+09 1.04252851e+09 1.04252855e+09
 1.04252859e+09 1.04252864e+09 1.04252868e+09 1.04252872e+09
 1.04252877e+09 1.04252881e+09 1.04252885e+09 1.04252890e+09
 1.04252894e+09 1.04252898e+09 1.04252902e+09 1.04252907e+09
 1.04252911e+09 1.04252915e+09 1.04252920e+09 1.04252924e+09
 1.04252928e+09 1.04252932e+09 1.04252937e+09 1.04252941e+09
 1.04252945e+09 1.04252950e+09 1.04252954e+09 1.04252958e+09
 1.04252962e+09 1.04252967e+09 1.04252971e+09 1.04252975e+09
 1.04252980e+09 1.04252984e+09 1.04252988e+09 1.04252992e+09
 1.04252997e+09 1.04253001e+09 1.04253005e+09 1.04253010e+09
 1.04253014e+09 1.04253018e+09 1.04253023e+09 1.04253027e+09
 1.04253031e+09 1.04253035e+09 1.04253040e+09 1.04253044e+09
 1.04253048e+09 1.04253053e+09 1.04253057e+09 1.04253061e+09
 1.04253065e+09 1.04253070e+09 1.04253074e+09 1.04253078e+09
 1.04253083e+09 1.04253087e+09 1.04253091e+09 1.04253095e+09
 1.04253100e+09 1.04253104e+09 1.04253108e+09 1.04253113e+09
 1.04253117e+09 1.04253121e+09 1.04253125e+09 1.04253130e+09
 1.04253134e+09 1.04253138e+09 1.04253143e+09 1.04253147e+09
 1.04253151e+09 1.04253156e+09 1.04253160e+09 1.04253164e+09
 1.04253168e+09 1.04253173e+09 1.04253177e+09 1.04253181e+09
 1.04253186e+09 1.04253190e+09 1.04253194e+09 1.04253198e+09
 1.04253203e+09 1.04253207e+09 1.04253211e+09 1.04253216e+09
 1.04253220e+09 1.04253224e+09 1.04253228e+09 1.04253233e+09
 1.04253237e+09 1.04253241e+09 1.04253246e+09 1.04253250e+09
 1.04253254e+09 1.04253258e+09 1.04253263e+09 1.04253267e+09
 1.04253271e+09 1.04253276e+09 1.04253280e+09 1.04253284e+09
 1.04253289e+09 1.04253293e+09 1.04253297e+09 1.04253301e+09
 1.04253306e+09 1.04253310e+09 1.04253314e+09 1.04253319e+09
 1.04253323e+09 1.04253327e+09 1.04253331e+09 1.04253336e+09
 1.04253340e+09 1.04253344e+09 1.04253349e+09 1.04253353e+09
 1.04253357e+09 1.04253361e+09 1.04253366e+09 1.04253370e+09
 1.04253374e+09 1.04253379e+09 1.04253383e+09 1.04253387e+09
 1.04253391e+09 1.04253396e+09 1.04253400e+09 1.04253404e+09
 1.04253409e+09 1.04253413e+09 1.04253417e+09 1.04253422e+09
 1.04253426e+09 1.04253430e+09 1.04253434e+09 1.04253439e+09
 1.04253443e+09 1.04253447e+09 1.04253452e+09 1.04253456e+09
 1.04253460e+09 1.04253464e+09 1.04253469e+09 1.04253473e+09
 1.04253477e+09 1.04253482e+09 1.04253486e+09 1.04253490e+09
 1.04253494e+09 1.04253499e+09 1.04253503e+09 1.04253507e+09
 1.04253512e+09 1.04253516e+09 1.04253520e+09 1.04253524e+09
 1.04253529e+09 1.04253533e+09 1.04253537e+09 1.04253542e+09
 1.04253546e+09 1.04253550e+09 1.04253555e+09 1.04253559e+09
 1.04253563e+09 1.04253567e+09 1.04253572e+09 1.04253576e+09
 1.04253580e+09 1.04253585e+09 1.04253589e+09 1.04253593e+09
 1.04253597e+09 1.04253602e+09 1.04253606e+09 1.04253610e+09
 1.04253615e+09 1.04253619e+09 1.04253623e+09 1.04253627e+09
 1.04253632e+09 1.04253636e+09 1.04253640e+09 1.04253645e+09
 1.04253649e+09 1.04253653e+09 1.04253657e+09 1.04253662e+09
 1.04253666e+09 1.04253670e+09 1.04253675e+09 1.04253679e+09
 1.04253683e+09 1.04253688e+09 1.04253692e+09 1.04253696e+09
 1.04253700e+09 1.04253705e+09 1.04253709e+09 1.04253713e+09
 1.04253718e+09 1.04253722e+09 1.04253726e+09 1.04253730e+09
 1.04253735e+09 1.04253739e+09 1.04253743e+09 1.04253748e+09
 1.04253752e+09 1.04253756e+09 1.04253760e+09 1.04253765e+09
 1.04253769e+09 1.04253773e+09 1.04253778e+09 1.04253782e+09
 1.04253786e+09 1.04253790e+09 1.04253795e+09 1.04253799e+09
 1.04253803e+09 1.04253808e+09 1.04253812e+09 1.04253816e+09
 1.04253821e+09 1.04253825e+09 1.04253829e+09 1.04253833e+09
 1.04253838e+09 1.04253842e+09 1.04253846e+09 1.04253851e+09
 1.04253855e+09 1.04253859e+09 1.04253863e+09 1.04253868e+09
 1.04253872e+09 1.04253876e+09 1.04253881e+09 1.04253885e+09
 1.04253889e+09 1.04253893e+09 1.04253898e+09 1.04253902e+09
 1.04253906e+09 1.04253911e+09 1.04253915e+09 1.04253919e+09
 1.04253923e+09 1.04253928e+09 1.04253932e+09 1.04253936e+09
 1.04253941e+09 1.04253945e+09 1.04253949e+09 1.04253954e+09
 1.04253958e+09 1.04253962e+09 1.04253966e+09 1.04253971e+09
 1.04253975e+09 1.04253979e+09 1.04253984e+09 1.04253988e+09
 1.04253992e+09 1.04253996e+09 1.04254001e+09 1.04254005e+09
 1.04254009e+09 1.04254014e+09 1.04254018e+09 1.04254022e+09
 1.04254026e+09 1.04254031e+09 1.04254035e+09 1.04254039e+09
 1.04254044e+09 1.04254048e+09 1.04254052e+09 1.04254056e+09
 1.04254061e+09 1.04254065e+09 1.04254069e+09 1.04254074e+09
 1.04254078e+09 1.04254082e+09 1.04254087e+09 1.04254091e+09
 1.04254095e+09 1.04254099e+09 1.04254104e+09 1.04254108e+09
 1.04254112e+09 1.04254117e+09 1.04254121e+09 1.04254125e+09
 1.04254129e+09 1.04254134e+09 1.04254138e+09 1.04254142e+09
 1.04254147e+09 1.04254151e+09 1.04254155e+09 1.04254159e+09
 1.04254164e+09 1.04254168e+09 1.04254172e+09 1.04254177e+09
 1.04254181e+09 1.04254185e+09 1.04254189e+09 1.04254194e+09
 1.04254198e+09 1.04254202e+09 1.04254207e+09 1.04254211e+09
 1.04254215e+09 1.04254220e+09 1.04254224e+09 1.04254228e+09
 1.04254232e+09 1.04254237e+09 1.04254241e+09 1.04254245e+09
 1.04254250e+09 1.04254254e+09 1.04254258e+09 1.04254262e+09
 1.04254267e+09 1.04254271e+09 1.04254275e+09 1.04254280e+09
 1.04254284e+09 1.04254288e+09 1.04254292e+09 1.04254297e+09
 1.04254301e+09 1.04254305e+09 1.04254310e+09 1.04254314e+09
 1.04254318e+09 1.04254322e+09 1.04254327e+09 1.04254331e+09
 1.04254335e+09 1.04254340e+09 1.04254344e+09 1.04254348e+09
 1.04254353e+09 1.04254357e+09 1.04254361e+09 1.04254365e+09
 1.04254370e+09 1.04254374e+09 1.04254378e+09 1.04254383e+09
 1.04254387e+09 1.04254391e+09 1.04254395e+09 1.04254400e+09
 1.04254404e+09 1.04254408e+09 1.04254413e+09 1.04254417e+09
 1.04254421e+09 1.04254425e+09 1.04254430e+09 1.04254434e+09
 1.04254438e+09 1.04254443e+09 1.04254447e+09 1.04254451e+09
 1.04254455e+09 1.04254460e+09 1.04254464e+09 1.04254468e+09
 1.04254473e+09 1.04254477e+09 1.04254481e+09 1.04254486e+09
 1.04254490e+09 1.04254494e+09 1.04254498e+09 1.04254503e+09
 1.04254507e+09 1.04254511e+09 1.04254516e+09 1.04254520e+09
 1.04254524e+09 1.04254528e+09 1.04254533e+09 1.04254537e+09
 1.04254541e+09 1.04254546e+09 1.04254550e+09 1.04254554e+09
 1.04254558e+09 1.04254563e+09 1.04254567e+09 1.04254571e+09
 1.04254576e+09 1.04254580e+09 1.04254584e+09 1.04254588e+09
 1.04254593e+09 1.04254597e+09 1.04254601e+09 1.04254606e+09
 1.04254610e+09 1.04254614e+09 1.04254619e+09 1.04254623e+09
 1.04254627e+09 1.04254631e+09 1.04254636e+09 1.04254640e+09
 1.04254644e+09 1.04254649e+09 1.04254653e+09 1.04254657e+09
 1.04254661e+09 1.04254666e+09 1.04254670e+09 1.04254674e+09
 1.04254679e+09 1.04254683e+09 1.04254687e+09 1.04254691e+09
 1.04254696e+09 1.04254700e+09 1.04254704e+09 1.04254709e+09
 1.04254713e+09 1.04254717e+09 1.04254722e+09 1.04254726e+09
 1.04254730e+09 1.04254734e+09 1.04254739e+09 1.04254743e+09
 1.04254747e+09 1.04254752e+09 1.04254756e+09 1.04254760e+09
 1.04254764e+09 1.04254769e+09 1.04254773e+09 1.04254777e+09
 1.04254782e+09 1.04254786e+09 1.04254790e+09 1.04254794e+09
 1.04254799e+09 1.04254803e+09 1.04254807e+09 1.04254812e+09
 1.04254816e+09 1.04254820e+09 1.04254824e+09 1.04254829e+09
 1.04254833e+09 1.04254837e+09 1.04254842e+09 1.04254846e+09
 1.04254850e+09 1.04254855e+09 1.04254859e+09 1.04254863e+09
 1.04254867e+09 1.04254872e+09 1.04254876e+09 1.04254880e+09
 1.04254885e+09 1.04254889e+09 1.04254893e+09 1.04254897e+09
 1.04254902e+09 1.04254906e+09 1.04254910e+09 1.04254915e+09
 1.04254919e+09 1.04254923e+09 1.04254927e+09 1.04254932e+09
 1.04254936e+09 1.04254940e+09 1.04254945e+09 1.04254949e+09
 1.04254953e+09 1.04254957e+09 1.04254962e+09 1.04254966e+09
 1.04254970e+09 1.04254975e+09 1.04254979e+09 1.04254983e+09
 1.04254988e+09 1.04254992e+09 1.04254996e+09 1.04255000e+09
 1.04255005e+09 1.04255009e+09 1.04255013e+09 1.04255018e+09
 1.04255022e+09 1.04255026e+09 1.04255030e+09 1.04255035e+09
 1.04255039e+09 1.04255043e+09 1.04255048e+09 1.04255052e+09
 1.04255056e+09 1.04255060e+09 1.04255065e+09 1.04255069e+09
 1.04255073e+09 1.04255078e+09 1.04255082e+09 1.04255086e+09]
minRes = 0.043912030545729425
minResTime =  [1.04255078e+09]
