name =JUICE_ROI_CAL_7_0_02
flyby =  ['2032 SEP 27 04:26:36', '2032 SEP 28 04:26:36']
Observation TW =  <SpiceCell dtype = 1, length = 0, size = 2400, card = 4, is_set = 1, adjust = 0, init = 1, base = 1356594767568, data = 1356594767616>
Res(t) =  [3.77224937 3.76868428 3.76511923 3.76155421 3.75798922 3.75442426
 3.75085932 3.74729442 3.74372954 3.74016469 3.73659986 3.73303506
 3.72947029 3.72590553 3.72234081 3.7187761  3.71521142 3.71164676
 3.70808212 3.70451751 3.70095291 3.69738833 3.69382378 3.69025924
 3.68669472 3.68313021 3.67956573 3.67600126 3.6724368  3.66887236
 3.66530794 3.66174353 3.65817913 3.65461474 3.65105037 3.64748601
 3.64392166 3.64035732 3.636793   3.63322868 3.62966437 3.62610006
 3.62253577 3.61897148 3.6154072  3.61184293 3.60827866 3.6047144
 3.60115014 3.59758588 3.59402163 3.59045738 3.58689313 3.58332888
 3.57976464 3.57620039 3.57263614 3.5690719  3.56550765 3.5619434
 3.55837915 3.55481489 3.55125063 3.54768637 3.5441221  3.54055783
 3.53699355 3.53342926 3.52986497 3.52630066 3.52273635 3.51917204
 3.51560771 3.51204337 3.50847902 3.50491466 3.50135029 3.49778591
 3.49422151 3.4906571  3.48709268 3.48352824 3.47996379 3.47639932
 3.47283484 3.46927033 3.46570582 3.46214128 3.45857672 3.45501215
 3.45144756 3.44788294 3.44431831 3.44075365 3.43718897 3.43362427
 3.43005955 3.4264948  3.42293003 3.41936523 3.41580041 3.41223557
 3.40867069 3.40510579 3.40154086 3.39797591 3.39441092 3.39084591
 3.38728087 3.38371579 3.38015069 3.37658555 3.37302038 3.36945518
 3.36588995 3.36232468 3.35875938 3.35519404 3.35162867 3.34806326
 3.34449781 3.34093233 3.33736681 3.33380125 3.33023565 3.32667002
 3.32310434 3.31953862 3.31597287 3.31240707 3.30884122 3.30527534
 3.30170941 3.29814344 3.29457742 3.29101136 3.28744526 3.2838791
 3.2803129  3.27674666 3.27318036 3.26961402 3.26604763 3.26248118
 3.25891469 3.25534815 3.25178156 3.24821491 3.24464821 3.24108146
 3.23751466 3.2339478  3.23038089 3.22681392 3.2232469  3.21967982
 3.21611268 3.21254549 3.20897824 3.20541093 3.20184356 3.19827613
 3.19470864 3.19114109 3.18757348 3.18400581 3.18043808 3.17687028
 3.17330242 3.16973449 3.1661665  3.16259845 3.15903033 3.15546214
 3.15189389 3.14832557 3.14475718 3.14118872 3.1376202  3.1340516
 3.13048293 3.1269142  3.12334539 3.11977651 3.11620756 3.11263853
 3.10906943 3.10550026 3.10193101 3.09836169 3.09479229 3.09122281
 3.08765326 3.08408363 3.08051393 3.07694414 3.07337428 3.06980433
 3.06623431 3.0626642  3.05909402 3.05552375 3.0519534  3.04838297
 3.04481245 3.04124185 3.03767116 3.03410039 3.03052953 3.02695859
 3.02338756 3.01981644 3.01624524 3.01267395 3.00910256 3.00553109
 3.00195953 2.99838788 2.99481613 2.9912443  2.98767237 2.98410035
 2.98052823 2.97695603 2.97338372 2.96981132 2.96623883 2.96266624
 2.95909355 2.95552077 2.95194789 2.94837491 2.94480183 2.94122865
 2.93765537 2.93408199 2.93050851 2.92693493 2.92336125 2.91978746
 2.91621357 2.91263957 2.90906548 2.90549127 2.90191696 2.89834255
 2.89476803 2.8911934  2.88761866 2.88404381 2.88046886 2.8768938
 2.87331862 2.86974334 2.86616794 2.86259244 2.85901682 2.85544109
 2.85186524 2.84828929 2.84471321 2.84113703 2.83756072 2.8339843
 2.83040777 2.82683112 2.82325435 2.81967746 2.81610045 2.81252333
 2.80894608 2.80536872 2.80179123 2.79821362 2.79463589 2.79105804
 2.78748006 2.78390196 2.78032374 2.77674539 2.77316692 2.76958832
 2.7660096  2.76243074 2.75885177 2.75527266 2.75169342 2.74811406
 2.74453456 2.74095494 2.73737518 2.7337953  2.73021528 2.72663513
 2.72305485 2.71947443 2.71589388 2.7123132  2.70873238 2.70515142
 2.70157033 2.6979891  2.69440774 2.69082624 2.6872446  2.68366282
 2.6800809  2.67649884 2.67291664 2.6693343  2.66575182 2.6621692
 2.65858643 2.65500352 2.65142047 2.64783727 2.64425393 2.64067044
 2.63708681 2.63350303 2.62991911 2.62633503 2.62275081 2.61916644
 2.61558193 2.61199726 2.60841244 2.60482747 2.60124235 2.59765708
 2.59407166 2.59048608 2.58690035 2.58331447 2.57972843 2.57614224
 2.57255589 2.56896939 2.56538273 2.56179591 2.55820893 2.5546218
 2.55103451 2.54744706 2.54385945 2.54027168 2.53668374 2.53309565
 2.5295074  2.52591898 2.5223304  2.51874166 2.51515275 2.51156368
 2.50797444 2.50438504 2.50079547 2.49720573 2.49361583 2.49002576
 2.48643552 2.48284512 2.47925454 2.47566379 2.47207288 2.46848179
 2.46489053 2.4612991  2.4577075  2.45411572 2.45052377 2.44693165
 2.44333935 2.43974688 2.43615423 2.4325614  2.4289684  2.42537522
 2.42178187 2.41818833 2.41459462 2.41100072 2.40740665 2.4038124
 2.40021796 2.39662335 2.39302855 2.38943357 2.38583841 2.38224306
 2.37864753 2.37505182 2.37145592 2.36785983 2.36426356 2.3606671
 2.35707045 2.35347362 2.3498766  2.34627939 2.34268199 2.3390844
 2.33548662 2.33188865 2.32829049 2.32469213 2.32109359 2.31749485
 2.31389591 2.31029679 2.30669747 2.30309795 2.29949824 2.29589833
 2.29229823 2.28869793 2.28509743 2.28149673 2.27789583 2.27429474
 2.27069344 2.26709195 2.26349025 2.25988836 2.25628626 2.25268396
 2.24908146 2.24547875 2.24187584 2.23827272 2.2346694  2.23106588
 2.22746215 2.22385821 2.22025407 2.21664972 2.21304516 2.20944039
 2.20583541 2.20223023 2.19862483 2.19501922 2.19141341 2.18780738
 2.18420114 2.18059468 2.17698802 2.17338114 2.16977404 2.16616673
 2.16255921 2.15895147 2.15534352 2.15173535 2.14812696 2.14451835
 2.14090953 2.13730048 2.13369122 2.13008174 2.12647204 2.12286211
 2.11925197 2.11564161 2.11203102 2.10842021 2.10480918 2.10119792
 2.09758644 2.09397473 2.0903628  2.08675065 2.08313827 2.07952566
 2.07591282 2.07229976 2.06868647 2.06507295 2.0614592  2.05784522
 2.05423101 2.05061657 2.0470019  2.043387   2.03977186 2.0361565
 2.0325409  2.02892506 2.025309   2.02169269 2.01807616 2.01445938
 2.01084238 2.00722513 2.00360765 1.99998993 1.99637197 1.99275378
 1.98913534 1.98551667 1.98189775 1.9782786  1.9746592  1.97103957
 1.96741969 1.96379957 1.96017921 1.9565586  1.95293775 1.94931665
 1.94569531 1.94207373 1.9384519  1.93482982 1.9312075  1.92758493
 1.92396211 1.92033904 1.91671573 1.91309217 1.90946835 1.90584429
 1.90221998 1.89859541 1.8949706  1.89134553 1.88772021 1.88409464
 1.88046881 1.87684273 1.8732164  1.86958981 1.86596297 1.86233587
 1.85870851 1.8550809  1.85145303 1.8478249  1.84419652 1.84056788
 1.83693898 1.83330982 1.8296804  1.82605072 1.82242078 1.81879057
 1.81516011 1.81152939 1.8078984  1.80426715 1.80063563 1.79700385
 1.79337181 1.78973951 1.78610693 1.7824741  1.77884099 1.77520762
 1.77157399 1.76794008 1.76430591 1.76067147 1.75703676 1.75340178
 1.74976653 1.74613102 1.74249523 1.73885917 1.73522284 1.73158624
 1.72794936 1.72431222 1.7206748  1.71703711 1.71339914 1.7097609
 1.70612238 1.70248359 1.69884453 1.69520518 1.69156557 1.68792567
 1.6842855  1.68064505 1.67700432 1.67336331 1.66972203 1.66608047
 1.66243862 1.6587965  1.65515409 1.65151141 1.64786844 1.64422519
 1.64058166 1.63693785 1.63329376 1.62964938 1.62600472 1.62235977
 1.61871454 1.61506902 1.61142322 1.60777714 1.60413077 1.60048411
 1.59683716 1.59318993 1.58954241 1.58589461 1.58224651 1.57859813
 1.57494946 1.5713005  1.56765124 1.5640017  1.56035187 1.55670175
 1.55305134 1.54940063 1.54574964 1.54209835 1.53844677 1.5347949
 1.53114273 1.52749027 1.52383752 1.52018447 1.51653113 1.51287749
 1.50922356 1.50556933 1.50191481 1.49825999 1.49460488 1.49094947
 1.48729376 1.48363775 1.47998145 1.47632485 1.47266795 1.46901075
 1.46535326 1.46169546 1.45803737 1.45437897 1.45072028 1.44706128
 1.44340199 1.4397424  1.4360825  1.4324223  1.4287618  1.425101
 1.4214399  1.4177785  1.41411679 1.41045478 1.40679247 1.40312985
 1.39946693 1.39580371 1.39214018 1.38847635 1.38481222 1.38114778
 1.37748304 1.37381799 1.37015263 1.36648697 1.36282101 1.35915474
 1.35548816 1.35182128 1.34815409 1.3444866  1.3408188  1.33715069
 1.33348228 1.32981356 1.32614453 1.32247519 1.31880555 1.3151356
 1.31146534 1.30779478 1.3041239  1.30045272 1.29678123 1.29310944
 1.28943733 1.28576492 1.2820922  1.27841917 1.27474583 1.27107219
 1.26739823 1.26372397 1.2600494  1.25637452 1.25269933 1.24902383
 1.24534803 1.24167191 1.23799549 1.23431876 1.23064172 1.22696437
 1.22328671 1.21960875 1.21593047 1.21225189 1.208573   1.20489381
 1.2012143  1.19753449 1.19385437 1.19017394 1.18649321 1.18281217
 1.17913082 1.17544916 1.1717672  1.16808493 1.16440235 1.16071947
 1.15703628 1.15335279 1.14966899 1.14598489 1.14230048 1.13861577
 1.13493075 1.13124543 1.12755981 1.12387388 1.12018765 1.11650112
 1.11281429 1.10912715 1.10543971 1.10175198 1.09806394 1.0943756
 1.09068696 1.08699803 1.08330879 1.07961926 1.07592943 1.0722393
 1.06854888 1.06485816 1.06116715 1.05747584 1.05378424 1.05009234
 1.04640016 1.04270768 1.03901491 1.03532185 1.0316285  1.02793486
 1.02424094 1.02054673 1.01685223 1.01315745 1.00946238 1.00576703
 1.0020714  0.99837549 0.9946793  0.99098282 0.98728607 0.98358905
 0.97989174 0.97619417 0.97249632 0.9687982  0.9650998  0.96140114
 0.95770221 0.95400301 0.95030355 0.94660383 0.94290384 0.93920359
 0.93550308 0.93180231 0.92810129 0.92440001 0.92069848 0.9169967
 0.91329467 0.9095924  0.90588987 0.90218711 0.8984841  0.89478086
 0.89107737 0.88737365 0.8836697  0.87996552 0.87626111 0.87255648
 0.86885162 0.86514654 0.86144124 0.85773572 0.85403    0.85032406
 0.84661791 0.84291156 0.83920501 0.83549826 0.83179132 0.82808418
 0.82437685 0.82066934 0.81696165 0.81325377 0.80954572 0.8058375
 0.80212912 0.79842057 0.79471185 0.79100299 0.78729397 0.78358481
 0.7798755  0.77616605 0.77245647 0.76874677 0.76503693 0.76132698
 0.75761692 0.75390675 0.75019647 0.7464861  0.74277563 0.73906508
 0.73535445 0.73164375 0.72793297 0.72422214 0.72051125 0.71680032
 0.71308934 0.70937833 0.7056673  0.70195625 0.69824518 0.69453412
 0.69082306 0.68711201 0.68340099 0.67969    0.67597905 0.67226816
 0.66855732 0.66484655 0.66113587 0.65742527 0.65371478 0.64943863
 0.6457265  0.64201447 0.63830258 0.63459083 0.63087922 0.62716778
 0.62345652 0.61974545 0.61603459 0.61232394 0.60861353 0.60490337
 0.60119348 0.59748387 0.59377455 0.59006556 0.5863569  0.58264859
 0.57894065 0.5752331  0.57152597 0.56781927 0.56411303 0.56040726
 0.55670199 0.55299724 0.54929305 0.54558943 0.54188641 0.53818402
 0.53448229 0.53078124 0.52708091 0.52338133 0.51968253 0.51598454
 0.51228741 0.50859116 0.50489583 0.50120146 0.4975081  0.49381579
 0.49012456 0.48643447 0.48274556 0.47905788 0.47537148 0.47168642
 0.46800275 0.46432052 0.4606398  0.45696065 0.45328313 0.44960732
 0.44593327 0.44226107 0.4385908  0.43492252 0.43125633 0.42759232
 0.42393056 0.42027117 0.41661424 0.41295987 0.40930817 0.40565927
 0.40201327 0.3983703  0.39473051 0.39109402 0.38746098 0.38383155
 0.38020589 0.37658417 0.37296656 0.36935327 0.36574447 0.3621404
 0.35854126 0.3549473  0.35135876 0.3477759  0.34419901 0.34062837
 0.33706431 0.33350715 0.32995726 0.326415   0.32288077 0.31935502
 0.31583818 0.31233076 0.30883326 0.30534626 0.30187034 0.29840616
 0.2949544  0.29151581 0.28809118 0.28468139 0.28128738 0.27791014
 0.27455078 0.2712105  0.26789058 0.26459245 0.26131766 0.25806788
 0.25484499 0.25165101 0.2484882  0.24535905 0.2422663  0.23921301
 0.2362026  0.23323887 0.2303261  0.22746909 0.2246733  0.22194488
 0.21929089 0.21671937 0.21423961 0.21186235 0.20960013 0.20746764
 0.20548222 0.20366458 0.20203956 0.20063734 0.199495   0.19865858
 0.1981862  0.19815233 0.19865422 0.19982175]
t =  [1.03314407e+09 1.03314411e+09 1.03314415e+09 1.03314419e+09
 1.03314423e+09 1.03314427e+09 1.03314432e+09 1.03314436e+09
 1.03314440e+09 1.03314444e+09 1.03314448e+09 1.03314453e+09
 1.03314457e+09 1.03314461e+09 1.03314465e+09 1.03314469e+09
 1.03314474e+09 1.03314478e+09 1.03314482e+09 1.03314486e+09
 1.03314490e+09 1.03314495e+09 1.03314499e+09 1.03314503e+09
 1.03314507e+09 1.03314511e+09 1.03314515e+09 1.03314520e+09
 1.03314524e+09 1.03314528e+09 1.03314532e+09 1.03314536e+09
 1.03314541e+09 1.03314545e+09 1.03314549e+09 1.03314553e+09
 1.03314557e+09 1.03314562e+09 1.03314566e+09 1.03314570e+09
 1.03314574e+09 1.03314578e+09 1.03314582e+09 1.03314587e+09
 1.03314591e+09 1.03314595e+09 1.03314599e+09 1.03314603e+09
 1.03314608e+09 1.03314612e+09 1.03314616e+09 1.03314620e+09
 1.03314624e+09 1.03314629e+09 1.03314633e+09 1.03314637e+09
 1.03314641e+09 1.03314645e+09 1.03314650e+09 1.03314654e+09
 1.03314658e+09 1.03314662e+09 1.03314666e+09 1.03314670e+09
 1.03314675e+09 1.03314679e+09 1.03314683e+09 1.03314687e+09
 1.03314691e+09 1.03314696e+09 1.03314700e+09 1.03314704e+09
 1.03314708e+09 1.03314712e+09 1.03314717e+09 1.03314721e+09
 1.03314725e+09 1.03314729e+09 1.03314733e+09 1.03314738e+09
 1.03314742e+09 1.03314746e+09 1.03314750e+09 1.03314754e+09
 1.03314758e+09 1.03314763e+09 1.03314767e+09 1.03314771e+09
 1.03314775e+09 1.03314779e+09 1.03314784e+09 1.03314788e+09
 1.03314792e+09 1.03314796e+09 1.03314800e+09 1.03314805e+09
 1.03314809e+09 1.03314813e+09 1.03314817e+09 1.03314821e+09
 1.03314826e+09 1.03314830e+09 1.03314834e+09 1.03314838e+09
 1.03314842e+09 1.03314846e+09 1.03314851e+09 1.03314855e+09
 1.03314859e+09 1.03314863e+09 1.03314867e+09 1.03314872e+09
 1.03314876e+09 1.03314880e+09 1.03314884e+09 1.03314888e+09
 1.03314893e+09 1.03314897e+09 1.03314901e+09 1.03314905e+09
 1.03314909e+09 1.03314914e+09 1.03314918e+09 1.03314922e+09
 1.03314926e+09 1.03314930e+09 1.03314934e+09 1.03314939e+09
 1.03314943e+09 1.03314947e+09 1.03314951e+09 1.03314955e+09
 1.03314960e+09 1.03314964e+09 1.03314968e+09 1.03314972e+09
 1.03314976e+09 1.03314981e+09 1.03314985e+09 1.03314989e+09
 1.03314993e+09 1.03314997e+09 1.03315001e+09 1.03315006e+09
 1.03315010e+09 1.03315014e+09 1.03315018e+09 1.03315022e+09
 1.03315027e+09 1.03315031e+09 1.03315035e+09 1.03315039e+09
 1.03315043e+09 1.03315048e+09 1.03315052e+09 1.03315056e+09
 1.03315060e+09 1.03315064e+09 1.03315069e+09 1.03315073e+09
 1.03315077e+09 1.03315081e+09 1.03315085e+09 1.03315089e+09
 1.03315094e+09 1.03315098e+09 1.03315102e+09 1.03315106e+09
 1.03315110e+09 1.03315115e+09 1.03315119e+09 1.03315123e+09
 1.03315127e+09 1.03315131e+09 1.03315136e+09 1.03315140e+09
 1.03315144e+09 1.03315148e+09 1.03315152e+09 1.03315157e+09
 1.03315161e+09 1.03315165e+09 1.03315169e+09 1.03315173e+09
 1.03315177e+09 1.03315182e+09 1.03315186e+09 1.03315190e+09
 1.03315194e+09 1.03315198e+09 1.03315203e+09 1.03315207e+09
 1.03315211e+09 1.03315215e+09 1.03315219e+09 1.03315224e+09
 1.03315228e+09 1.03315232e+09 1.03315236e+09 1.03315240e+09
 1.03315245e+09 1.03315249e+09 1.03315253e+09 1.03315257e+09
 1.03315261e+09 1.03315265e+09 1.03315270e+09 1.03315274e+09
 1.03315278e+09 1.03315282e+09 1.03315286e+09 1.03315291e+09
 1.03315295e+09 1.03315299e+09 1.03315303e+09 1.03315307e+09
 1.03315312e+09 1.03315316e+09 1.03315320e+09 1.03315324e+09
 1.03315328e+09 1.03315332e+09 1.03315337e+09 1.03315341e+09
 1.03315345e+09 1.03315349e+09 1.03315353e+09 1.03315358e+09
 1.03315362e+09 1.03315366e+09 1.03315370e+09 1.03315374e+09
 1.03315379e+09 1.03315383e+09 1.03315387e+09 1.03315391e+09
 1.03315395e+09 1.03315400e+09 1.03315404e+09 1.03315408e+09
 1.03315412e+09 1.03315416e+09 1.03315420e+09 1.03315425e+09
 1.03315429e+09 1.03315433e+09 1.03315437e+09 1.03315441e+09
 1.03315446e+09 1.03315450e+09 1.03315454e+09 1.03315458e+09
 1.03315462e+09 1.03315467e+09 1.03315471e+09 1.03315475e+09
 1.03315479e+09 1.03315483e+09 1.03315488e+09 1.03315492e+09
 1.03315496e+09 1.03315500e+09 1.03315504e+09 1.03315508e+09
 1.03315513e+09 1.03315517e+09 1.03315521e+09 1.03315525e+09
 1.03315529e+09 1.03315534e+09 1.03315538e+09 1.03315542e+09
 1.03315546e+09 1.03315550e+09 1.03315555e+09 1.03315559e+09
 1.03315563e+09 1.03315567e+09 1.03315571e+09 1.03315576e+09
 1.03315580e+09 1.03315584e+09 1.03315588e+09 1.03315592e+09
 1.03315596e+09 1.03315601e+09 1.03315605e+09 1.03315609e+09
 1.03315613e+09 1.03315617e+09 1.03315622e+09 1.03315626e+09
 1.03315630e+09 1.03315634e+09 1.03315638e+09 1.03315643e+09
 1.03315647e+09 1.03315651e+09 1.03315655e+09 1.03315659e+09
 1.03315664e+09 1.03315668e+09 1.03315672e+09 1.03315676e+09
 1.03315680e+09 1.03315684e+09 1.03315689e+09 1.03315693e+09
 1.03315697e+09 1.03315701e+09 1.03315705e+09 1.03315710e+09
 1.03315714e+09 1.03315718e+09 1.03315722e+09 1.03315726e+09
 1.03315731e+09 1.03315735e+09 1.03315739e+09 1.03315743e+09
 1.03315747e+09 1.03315751e+09 1.03315756e+09 1.03315760e+09
 1.03315764e+09 1.03315768e+09 1.03315772e+09 1.03315777e+09
 1.03315781e+09 1.03315785e+09 1.03315789e+09 1.03315793e+09
 1.03315798e+09 1.03315802e+09 1.03315806e+09 1.03315810e+09
 1.03315814e+09 1.03315819e+09 1.03315823e+09 1.03315827e+09
 1.03315831e+09 1.03315835e+09 1.03315839e+09 1.03315844e+09
 1.03315848e+09 1.03315852e+09 1.03315856e+09 1.03315860e+09
 1.03315865e+09 1.03315869e+09 1.03315873e+09 1.03315877e+09
 1.03315881e+09 1.03315886e+09 1.03315890e+09 1.03315894e+09
 1.03315898e+09 1.03315902e+09 1.03315907e+09 1.03315911e+09
 1.03315915e+09 1.03315919e+09 1.03315923e+09 1.03315927e+09
 1.03315932e+09 1.03315936e+09 1.03315940e+09 1.03315944e+09
 1.03315948e+09 1.03315953e+09 1.03315957e+09 1.03315961e+09
 1.03315965e+09 1.03315969e+09 1.03315974e+09 1.03315978e+09
 1.03315982e+09 1.03315986e+09 1.03315990e+09 1.03315995e+09
 1.03315999e+09 1.03316003e+09 1.03316007e+09 1.03316011e+09
 1.03316015e+09 1.03316020e+09 1.03316024e+09 1.03316028e+09
 1.03316032e+09 1.03316036e+09 1.03316041e+09 1.03316045e+09
 1.03316049e+09 1.03316053e+09 1.03316057e+09 1.03316062e+09
 1.03316066e+09 1.03316070e+09 1.03316074e+09 1.03316078e+09
 1.03316082e+09 1.03316087e+09 1.03316091e+09 1.03316095e+09
 1.03316099e+09 1.03316103e+09 1.03316108e+09 1.03316112e+09
 1.03316116e+09 1.03316120e+09 1.03316124e+09 1.03316129e+09
 1.03316133e+09 1.03316137e+09 1.03316141e+09 1.03316145e+09
 1.03316150e+09 1.03316154e+09 1.03316158e+09 1.03316162e+09
 1.03316166e+09 1.03316170e+09 1.03316175e+09 1.03316179e+09
 1.03316183e+09 1.03316187e+09 1.03316191e+09 1.03316196e+09
 1.03316200e+09 1.03316204e+09 1.03316208e+09 1.03316212e+09
 1.03316217e+09 1.03316221e+09 1.03316225e+09 1.03316229e+09
 1.03316233e+09 1.03316238e+09 1.03316242e+09 1.03316246e+09
 1.03316250e+09 1.03316254e+09 1.03316258e+09 1.03316263e+09
 1.03316267e+09 1.03316271e+09 1.03316275e+09 1.03316279e+09
 1.03316284e+09 1.03316288e+09 1.03316292e+09 1.03316296e+09
 1.03316300e+09 1.03316305e+09 1.03316309e+09 1.03316313e+09
 1.03316317e+09 1.03316321e+09 1.03316326e+09 1.03316330e+09
 1.03316334e+09 1.03316338e+09 1.03316342e+09 1.03316346e+09
 1.03316351e+09 1.03316355e+09 1.03316359e+09 1.03316363e+09
 1.03316367e+09 1.03316372e+09 1.03316376e+09 1.03316380e+09
 1.03316384e+09 1.03316388e+09 1.03316393e+09 1.03316397e+09
 1.03316401e+09 1.03316405e+09 1.03316409e+09 1.03316413e+09
 1.03316418e+09 1.03316422e+09 1.03316426e+09 1.03316430e+09
 1.03316434e+09 1.03316439e+09 1.03316443e+09 1.03316447e+09
 1.03316451e+09 1.03316455e+09 1.03316460e+09 1.03316464e+09
 1.03316468e+09 1.03316472e+09 1.03316476e+09 1.03316481e+09
 1.03316485e+09 1.03316489e+09 1.03316493e+09 1.03316497e+09
 1.03316501e+09 1.03316506e+09 1.03316510e+09 1.03316514e+09
 1.03316518e+09 1.03316522e+09 1.03316527e+09 1.03316531e+09
 1.03316535e+09 1.03316539e+09 1.03316543e+09 1.03316548e+09
 1.03316552e+09 1.03316556e+09 1.03316560e+09 1.03316564e+09
 1.03316569e+09 1.03316573e+09 1.03316577e+09 1.03316581e+09
 1.03316585e+09 1.03316589e+09 1.03316594e+09 1.03316598e+09
 1.03316602e+09 1.03316606e+09 1.03316610e+09 1.03316615e+09
 1.03316619e+09 1.03316623e+09 1.03316627e+09 1.03316631e+09
 1.03316636e+09 1.03316640e+09 1.03316644e+09 1.03316648e+09
 1.03316652e+09 1.03316657e+09 1.03316661e+09 1.03316665e+09
 1.03316669e+09 1.03316673e+09 1.03316677e+09 1.03316682e+09
 1.03316686e+09 1.03316690e+09 1.03316694e+09 1.03316698e+09
 1.03316703e+09 1.03316707e+09 1.03316711e+09 1.03316715e+09
 1.03316719e+09 1.03316724e+09 1.03316728e+09 1.03316732e+09
 1.03316736e+09 1.03316740e+09 1.03316745e+09 1.03316749e+09
 1.03316753e+09 1.03316757e+09 1.03316761e+09 1.03316765e+09
 1.03316770e+09 1.03316774e+09 1.03316778e+09 1.03316782e+09
 1.03316786e+09 1.03316791e+09 1.03316795e+09 1.03316799e+09
 1.03316803e+09 1.03316807e+09 1.03316812e+09 1.03316816e+09
 1.03316820e+09 1.03316824e+09 1.03316828e+09 1.03316832e+09
 1.03316837e+09 1.03316841e+09 1.03316845e+09 1.03316849e+09
 1.03316853e+09 1.03316858e+09 1.03316862e+09 1.03316866e+09
 1.03316870e+09 1.03316874e+09 1.03316879e+09 1.03316883e+09
 1.03316887e+09 1.03316891e+09 1.03316895e+09 1.03316900e+09
 1.03316904e+09 1.03316908e+09 1.03316912e+09 1.03316916e+09
 1.03316920e+09 1.03316925e+09 1.03316929e+09 1.03316933e+09
 1.03316937e+09 1.03316941e+09 1.03316946e+09 1.03316950e+09
 1.03316954e+09 1.03316958e+09 1.03316962e+09 1.03316967e+09
 1.03316971e+09 1.03316975e+09 1.03316979e+09 1.03316983e+09
 1.03316988e+09 1.03316992e+09 1.03316996e+09 1.03317000e+09
 1.03317004e+09 1.03317008e+09 1.03317013e+09 1.03317017e+09
 1.03317021e+09 1.03317025e+09 1.03317029e+09 1.03317034e+09
 1.03317038e+09 1.03317042e+09 1.03317046e+09 1.03317050e+09
 1.03317055e+09 1.03317059e+09 1.03317063e+09 1.03317067e+09
 1.03317071e+09 1.03317076e+09 1.03317080e+09 1.03317084e+09
 1.03317088e+09 1.03317092e+09 1.03317096e+09 1.03317101e+09
 1.03317105e+09 1.03317109e+09 1.03317113e+09 1.03317117e+09
 1.03317122e+09 1.03317126e+09 1.03317130e+09 1.03317134e+09
 1.03317138e+09 1.03317143e+09 1.03317147e+09 1.03317151e+09
 1.03317155e+09 1.03317159e+09 1.03317163e+09 1.03317168e+09
 1.03317172e+09 1.03317176e+09 1.03317180e+09 1.03317184e+09
 1.03317189e+09 1.03317193e+09 1.03317197e+09 1.03317201e+09
 1.03317205e+09 1.03317210e+09 1.03317214e+09 1.03317218e+09
 1.03317222e+09 1.03317226e+09 1.03317231e+09 1.03317235e+09
 1.03317239e+09 1.03317243e+09 1.03317247e+09 1.03317251e+09
 1.03317256e+09 1.03317260e+09 1.03317264e+09 1.03317268e+09
 1.03317272e+09 1.03317277e+09 1.03317281e+09 1.03317285e+09
 1.03317289e+09 1.03317293e+09 1.03317298e+09 1.03317302e+09
 1.03317306e+09 1.03317310e+09 1.03317314e+09 1.03317319e+09
 1.03317323e+09 1.03317327e+09 1.03317331e+09 1.03317335e+09
 1.03317339e+09 1.03317344e+09 1.03317348e+09 1.03317352e+09
 1.03317356e+09 1.03317360e+09 1.03317365e+09 1.03317369e+09
 1.03317373e+09 1.03317377e+09 1.03317381e+09 1.03317386e+09
 1.03317390e+09 1.03317394e+09 1.03317398e+09 1.03317402e+09
 1.03317407e+09 1.03317411e+09 1.03317415e+09 1.03317419e+09
 1.03317423e+09 1.03317427e+09 1.03317432e+09 1.03317436e+09
 1.03317440e+09 1.03317444e+09 1.03317448e+09 1.03317453e+09
 1.03317457e+09 1.03317461e+09 1.03317465e+09 1.03317469e+09
 1.03317474e+09 1.03317478e+09 1.03317482e+09 1.03317486e+09
 1.03317490e+09 1.03317495e+09 1.03317499e+09 1.03317503e+09
 1.03317507e+09 1.03317511e+09 1.03317515e+09 1.03317520e+09
 1.03317524e+09 1.03317528e+09 1.03317532e+09 1.03317536e+09
 1.03317541e+09 1.03317545e+09 1.03317549e+09 1.03317553e+09
 1.03317557e+09 1.03317562e+09 1.03317566e+09 1.03317570e+09
 1.03317574e+09 1.03317578e+09 1.03317582e+09 1.03317587e+09
 1.03317591e+09 1.03317595e+09 1.03317599e+09 1.03317603e+09
 1.03317608e+09 1.03317612e+09 1.03317616e+09 1.03317620e+09
 1.03317624e+09 1.03317629e+09 1.03317633e+09 1.03317637e+09
 1.03317641e+09 1.03317645e+09 1.03317650e+09 1.03317654e+09
 1.03317658e+09 1.03317662e+09 1.03317666e+09 1.03317670e+09
 1.03317675e+09 1.03317679e+09 1.03317683e+09 1.03317687e+09
 1.03317691e+09 1.03317696e+09 1.03317700e+09 1.03317704e+09
 1.03317708e+09 1.03317712e+09 1.03317717e+09 1.03317721e+09
 1.03317725e+09 1.03317729e+09 1.03317733e+09 1.03317738e+09
 1.03317742e+09 1.03317746e+09 1.03317750e+09 1.03317754e+09
 1.03317758e+09 1.03317763e+09 1.03317767e+09 1.03317771e+09
 1.03317775e+09 1.03317779e+09 1.03317784e+09 1.03317788e+09
 1.03317792e+09 1.03317796e+09 1.03317800e+09 1.03317805e+09
 1.03317809e+09 1.03317813e+09 1.03317817e+09 1.03317821e+09
 1.03317826e+09 1.03317830e+09 1.03317834e+09 1.03317838e+09
 1.03317842e+09 1.03317846e+09 1.03317851e+09 1.03317855e+09
 1.03317859e+09 1.03317863e+09 1.03317867e+09 1.03317872e+09
 1.03317876e+09 1.03317880e+09 1.03317884e+09 1.03317888e+09
 1.03317893e+09 1.03317897e+09 1.03317901e+09 1.03317905e+09
 1.03317909e+09 1.03317913e+09 1.03317918e+09 1.03317922e+09
 1.03317926e+09 1.03317930e+09 1.03317934e+09 1.03317939e+09
 1.03317943e+09 1.03317947e+09 1.03317951e+09 1.03317955e+09
 1.03317960e+09 1.03317964e+09 1.03317968e+09 1.03317972e+09
 1.03317976e+09 1.03317981e+09 1.03317985e+09 1.03317989e+09
 1.03317993e+09 1.03317997e+09 1.03318001e+09 1.03318006e+09
 1.03318010e+09 1.03318014e+09 1.03318018e+09 1.03318022e+09
 1.03318027e+09 1.03318031e+09 1.03318035e+09 1.03318039e+09
 1.03318043e+09 1.03318048e+09 1.03318052e+09 1.03318056e+09
 1.03318060e+09 1.03318064e+09 1.03318069e+09 1.03318073e+09
 1.03318077e+09 1.03318081e+09 1.03318085e+09 1.03318089e+09
 1.03318094e+09 1.03318098e+09 1.03318102e+09 1.03318106e+09
 1.03318110e+09 1.03318115e+09 1.03318119e+09 1.03318123e+09
 1.03318127e+09 1.03318131e+09 1.03318136e+09 1.03318140e+09
 1.03318144e+09 1.03318148e+09 1.03318152e+09 1.03318157e+09
 1.03318161e+09 1.03318165e+09 1.03318169e+09 1.03318173e+09
 1.03318177e+09 1.03318182e+09 1.03318186e+09 1.03318190e+09
 1.03318194e+09 1.03318198e+09 1.03318203e+09 1.03318207e+09
 1.03318211e+09 1.03318215e+09 1.03318219e+09 1.03318224e+09
 1.03318228e+09 1.03318232e+09 1.03318236e+09 1.03318240e+09
 1.03318245e+09 1.03318249e+09 1.03318253e+09 1.03318257e+09
 1.03318261e+09 1.03318265e+09 1.03318270e+09 1.03318274e+09
 1.03318278e+09 1.03318282e+09 1.03318286e+09 1.03318291e+09
 1.03318295e+09 1.03318299e+09 1.03318303e+09 1.03318307e+09
 1.03318312e+09 1.03318316e+09 1.03318320e+09 1.03318324e+09
 1.03318328e+09 1.03318332e+09 1.03318337e+09 1.03318341e+09
 1.03318345e+09 1.03318349e+09 1.03318353e+09 1.03318358e+09
 1.03318362e+09 1.03318366e+09 1.03318370e+09 1.03318374e+09
 1.03318379e+09 1.03318383e+09 1.03318387e+09 1.03318391e+09
 1.03318395e+09 1.03318400e+09 1.03318404e+09 1.03318408e+09
 1.03318412e+09 1.03318416e+09 1.03318420e+09 1.03318425e+09
 1.03318429e+09 1.03318433e+09 1.03318437e+09 1.03318441e+09
 1.03318446e+09 1.03318450e+09 1.03318454e+09 1.03318458e+09
 1.03318462e+09 1.03318467e+09 1.03318471e+09 1.03318475e+09
 1.03318479e+09 1.03318483e+09 1.03318488e+09 1.03318492e+09
 1.03318496e+09 1.03318500e+09 1.03318504e+09 1.03318508e+09
 1.03318513e+09 1.03318517e+09 1.03318521e+09 1.03318525e+09
 1.03318529e+09 1.03318534e+09 1.03318538e+09 1.03318542e+09
 1.03318546e+09 1.03318550e+09 1.03318555e+09 1.03318559e+09
 1.03318563e+09 1.03318567e+09 1.03318571e+09 1.03318576e+09
 1.03318580e+09 1.03318584e+09 1.03318588e+09 1.03318592e+09]
minRes = 0.1981523252382136
minResTime =  [1.03318584e+09]
