name =JUICE_ROI_CAL_4_4_02
flyby =  ['2033 JAN 13 13:32:12', '2033 JAN 14 13:32:12']
Observation TW =  <SpiceCell dtype = 1, length = 0, size = 2400, card = 4, is_set = 1, adjust = 0, init = 1, base = 1356597290256, data = 1356597290304>
Res(t) =  [3.85299026 3.84930594 3.8456214  3.84193663 3.83825163 3.8345664
 3.83088094 3.82719526 3.82350935 3.8198232  3.81613684 3.81245024
 3.80876341 3.80507636 3.80138907 3.79770156 3.79401381 3.79032584
 3.78663764 3.78294921 3.77926055 3.77557166 3.77188253 3.76819318
 3.7645036  3.76081379 3.75712374 3.75343347 3.74974296 3.74605222
 3.74236126 3.73867006 3.73497863 3.73128696 3.72759507 3.72390294
 3.72021058 3.71651799 3.71282517 3.70913211 3.70543883 3.70174531
 3.69805155 3.69435756 3.69066334 3.68696889 3.6832742  3.67957928
 3.67588413 3.67218874 3.66849312 3.66479726 3.66110117 3.65740484
 3.65370828 3.65001149 3.64631446 3.64261719 3.63891969 3.63522196
 3.63152399 3.62782578 3.62412734 3.62042866 3.61672975 3.6130306
 3.60933121 3.60563159 3.60193173 3.59823163 3.5945313  3.59083072
 3.58712992 3.58342887 3.57972759 3.57602607 3.57232431 3.56862231
 3.56492008 3.56121761 3.5575149  3.55381195 3.55010876 3.54640534
 3.54270167 3.53899777 3.53529362 3.53158924 3.52788462 3.52417975
 3.52047465 3.51676931 3.51306373 3.50935791 3.50565184 3.50194554
 3.498239   3.49453221 3.49082519 3.48711792 3.48341041 3.47970266
 3.47599467 3.47228644 3.46857796 3.46486925 3.46116029 3.45745109
 3.45374165 3.45003196 3.44632203 3.44261186 3.43890144 3.43519079
 3.43147989 3.42776874 3.42405735 3.42034572 3.41663385 3.41292173
 3.40920936 3.40549675 3.4017839  3.3980708  3.39435746 3.39064387
 3.38693004 3.38321596 3.37950164 3.37578707 3.37207225 3.36835719
 3.36464189 3.36092633 3.35721053 3.35349449 3.3497782  3.34606166
 3.34234487 3.33862784 3.33491056 3.33119303 3.32747526 3.32375723
 3.32003896 3.31632044 3.31260168 3.30888266 3.3051634  3.30144388
 3.29772412 3.29400411 3.29028385 3.28656335 3.28284259 3.27912158
 3.27540032 3.27167882 3.26795706 3.26423505 3.2605128  3.25679029
 3.25306753 3.24934452 3.24562126 3.24189775 3.23817399 3.23444997
 3.23072571 3.22700119 3.22327642 3.2195514  3.21582613 3.2121006
 3.20837482 3.20464879 3.20092251 3.19719597 3.19346918 3.18974214
 3.18601485 3.1822873  3.17855949 3.17483143 3.17110312 3.16737456
 3.16364574 3.15991666 3.15618733 3.15245775 3.14872791 3.14499782
 3.14126747 3.13753686 3.133806   3.13007488 3.12634351 3.12261188
 3.11888    3.11514786 3.11141546 3.1076828  3.10394989 3.10021672
 3.0964833  3.09274961 3.08901567 3.08528147 3.08154701 3.0778123
 3.07407733 3.0703421  3.06660661 3.06287086 3.05913485 3.05539858
 3.05166206 3.04792527 3.04418823 3.04045092 3.03671336 3.03297553
 3.02923745 3.02549911 3.0217605  3.01802163 3.01428251 3.01054312
 3.00680347 3.00306356 2.99932339 2.99558296 2.99184226 2.9881013
 2.98436009 2.9806186  2.97687686 2.97313485 2.96939258 2.96565005
 2.96190726 2.9581642  2.95442088 2.95067729 2.94693344 2.94318933
 2.93944495 2.93570031 2.9319554  2.92821023 2.92446479 2.92071909
 2.91697313 2.91322689 2.9094804  2.90573363 2.90198661 2.89823931
 2.89449175 2.89074393 2.88699583 2.88324747 2.87949885 2.87574995
 2.87200079 2.86825136 2.86450167 2.8607517  2.85700147 2.85325097
 2.84950021 2.84574917 2.84199787 2.83824629 2.83449445 2.83074234
 2.82698996 2.82323731 2.81948439 2.8157312  2.81197774 2.80822401
 2.80447002 2.80071575 2.79696121 2.7932064  2.78945131 2.78569596
 2.78194034 2.77818444 2.77442827 2.77067183 2.76691512 2.76315814
 2.75940088 2.75564336 2.75188556 2.74812748 2.74436914 2.74061052
 2.73685162 2.73309246 2.72933301 2.7255733  2.72181331 2.71805305
 2.71429251 2.7105317  2.70677061 2.70300925 2.69924761 2.6954857
 2.69172352 2.68796105 2.68419831 2.6804353  2.67667201 2.67290844
 2.66914459 2.66538047 2.66161607 2.6578514  2.65408645 2.65032122
 2.64655571 2.64278992 2.63902386 2.63525752 2.6314909  2.627724
 2.62395682 2.62018937 2.61642163 2.61265362 2.60888532 2.60511675
 2.6013479  2.59757876 2.59380935 2.59003965 2.58626968 2.58249942
 2.57872889 2.57495807 2.57118697 2.56741559 2.56364393 2.55987199
 2.55609976 2.55232725 2.54855446 2.54478139 2.54100803 2.53723439
 2.53346047 2.52968627 2.52591178 2.52213701 2.51836195 2.51458661
 2.51081099 2.50703508 2.50325888 2.49948241 2.49570564 2.49192859
 2.48815126 2.48437364 2.48059573 2.47681754 2.47303907 2.4692603
 2.46548125 2.46170192 2.45792229 2.45414238 2.45036218 2.4465817
 2.44280093 2.43901986 2.43523852 2.43145688 2.42767495 2.42389274
 2.42011024 2.41632744 2.41254436 2.40876099 2.40497733 2.40119338
 2.39740914 2.39362461 2.38983979 2.38605468 2.38226928 2.37848359
 2.37469761 2.37091133 2.36712477 2.36333791 2.35955076 2.35576332
 2.35197558 2.34818756 2.34439924 2.34061063 2.33682172 2.33303252
 2.32924303 2.32545324 2.32166317 2.31787279 2.31408213 2.31029116
 2.30649991 2.30270836 2.29891651 2.29512437 2.29133193 2.2875392
 2.28374617 2.27995285 2.27615922 2.27236531 2.26857109 2.26477658
 2.26098178 2.25718667 2.25339127 2.24959557 2.24579957 2.24200328
 2.23820668 2.23440979 2.2306126  2.22681511 2.22301732 2.21921923
 2.21542085 2.21162216 2.20782317 2.20402389 2.2002243  2.19642441
 2.19262422 2.18882373 2.18502294 2.18122185 2.17742046 2.17361876
 2.16981677 2.16601447 2.16221187 2.15840896 2.15460576 2.15080225
 2.14699844 2.14319432 2.1393899  2.13558518 2.13178015 2.12797482
 2.12416919 2.12036325 2.116557   2.11275045 2.1089436  2.10513644
 2.10132897 2.0975212  2.09371312 2.08990474 2.08609605 2.08228705
 2.07847774 2.07466813 2.07085821 2.06704799 2.06323745 2.05942661
 2.05561546 2.051804   2.04799223 2.04418016 2.04036777 2.03655508
 2.03274207 2.02892876 2.02511514 2.0213012  2.01748696 2.01367241
 2.00985754 2.00604236 2.00222688 1.99841108 1.99459497 1.99077854
 1.98696181 1.98314476 1.9793274  1.97550973 1.97169175 1.96787345
 1.96405484 1.96023591 1.95641667 1.95259712 1.94877725 1.94495707
 1.94113657 1.93731576 1.93349463 1.92967319 1.92585144 1.92202936
 1.91820697 1.91438427 1.91056124 1.9067379  1.90291425 1.89909028
 1.89526598 1.89144138 1.88761645 1.88379121 1.87996564 1.87613976
 1.87231356 1.86848704 1.86466021 1.86083305 1.85700557 1.85317777
 1.84934966 1.84552122 1.84169246 1.83786338 1.83403398 1.83020426
 1.82637422 1.82254385 1.81871317 1.81488216 1.81105083 1.80721917
 1.8033872  1.7995549  1.79572227 1.79188933 1.78805606 1.78422246
 1.78038854 1.7765543  1.77271973 1.76888484 1.76504962 1.76121407
 1.7573782  1.75354201 1.74970549 1.74586864 1.74203146 1.73819396
 1.73435613 1.73051798 1.72667949 1.72284068 1.71900154 1.71516207
 1.71132227 1.70748215 1.70364169 1.69980091 1.6959598  1.69211835
 1.68827658 1.68443448 1.68059204 1.67674928 1.67290618 1.66906275
 1.665219   1.66137491 1.65753048 1.65368573 1.64984064 1.64599522
 1.64214947 1.63830338 1.63445696 1.63061021 1.62676312 1.6229157
 1.61906795 1.61521986 1.61137143 1.60752267 1.60367358 1.59982414
 1.59597438 1.59212427 1.58827383 1.58442306 1.58057194 1.57672049
 1.5728687  1.56901658 1.56516411 1.56131131 1.55745817 1.55360469
 1.54975087 1.54589672 1.54204222 1.53818738 1.53433221 1.53047669
 1.52662083 1.52276463 1.51890809 1.51505121 1.51119399 1.50733643
 1.50347852 1.49962027 1.49576168 1.49190275 1.48804347 1.48418385
 1.48032389 1.47646358 1.47260293 1.46874194 1.46488059 1.46101891
 1.45715688 1.4532945  1.44943178 1.44556871 1.4417053  1.43784154
 1.43397743 1.43011298 1.42624818 1.42238303 1.41851753 1.41465169
 1.4107855  1.40691895 1.40305206 1.39918482 1.39531723 1.3914493
 1.38758101 1.38371237 1.37984338 1.37597404 1.37210435 1.36823431
 1.36436391 1.36049317 1.35662207 1.35275062 1.34887882 1.34500666
 1.34113415 1.33726129 1.33338808 1.32951451 1.32564058 1.3217663
 1.31789167 1.31401668 1.31014134 1.30626564 1.30238958 1.29851317
 1.2946364  1.29075928 1.2868818  1.28300396 1.27912576 1.27524721
 1.2713683  1.26748903 1.2636094  1.25972941 1.25584906 1.25196836
 1.24808729 1.24420586 1.24032408 1.23644193 1.23255942 1.22867655
 1.22479332 1.22090973 1.21702578 1.21314146 1.20925678 1.20537174
 1.20148634 1.19760057 1.19371444 1.18982795 1.18594109 1.18205386
 1.17816628 1.17427832 1.17039001 1.16650132 1.16261227 1.15872286
 1.15483308 1.15094293 1.14705241 1.14316153 1.13927028 1.13537866
 1.13148668 1.12759433 1.1237016  1.11980851 1.11591506 1.11202123
 1.10812703 1.10423246 1.10033752 1.09644221 1.09254654 1.08865049
 1.08475406 1.08085727 1.07696011 1.07306257 1.06916466 1.06526638
 1.06136773 1.0574687  1.05356931 1.04966953 1.04576939 1.04186887
 1.03796797 1.0340667  1.03016506 1.02626304 1.02236065 1.01845788
 1.01455473 1.01065121 1.00674731 1.00284304 0.99893839 0.99503336
 0.99112796 0.98722218 0.98331602 0.97940948 0.97550256 0.97159527
 0.9676876  0.96377955 0.95987112 0.95596231 0.95205312 0.94814356
 0.94423361 0.94032328 0.93641257 0.93250149 0.92859002 0.92467817
 0.92076594 0.91685333 0.91294034 0.90902696 0.90511321 0.90119907
 0.89728455 0.89336965 0.88945437 0.8855387  0.88162265 0.87770622
 0.87378941 0.86987221 0.86595463 0.86203667 0.85811832 0.85419959
 0.85028048 0.84636098 0.8424411  0.83852084 0.83460019 0.83067916
 0.82675775 0.82283595 0.81891376 0.8149912  0.81106824 0.80714491
 0.80322119 0.79929709 0.7953726  0.79144773 0.78752247 0.78359683
 0.77967081 0.7757444  0.77181761 0.76789044 0.76396288 0.76003494
 0.75610661 0.75217791 0.74824881 0.74431934 0.74038949 0.73645925
 0.73252863 0.72859763 0.72466625 0.72073448 0.71680234 0.71286981
 0.70893691 0.70500362 0.70106996 0.69713591 0.69320149 0.68926669
 0.68533151 0.68139596 0.67746003 0.67352372 0.66958704 0.66564998
 0.66171255 0.65777475 0.65383657 0.64989802 0.6459591  0.64201982
 0.63808016 0.63548109 0.63154142 0.62760139 0.623661   0.61972027
 0.61577918 0.61183774 0.60789595 0.60395381 0.60001133 0.59606851
 0.59212534 0.58818184 0.58423799 0.58029381 0.57634929 0.57240444
 0.56845927 0.56451376 0.56056793 0.55662178 0.55267531 0.54872852
 0.54478141 0.540834   0.53688628 0.53293825 0.52898992 0.52504129
 0.52109237 0.51714316 0.51319367 0.50924389 0.50529383 0.5013435
 0.4973929  0.49344204 0.48949092 0.48553955 0.48158793 0.47763607
 0.47368397 0.46973164 0.46577909 0.46182633 0.45787335 0.45392018
 0.44996681 0.44601326 0.44205953 0.43810563 0.43415158 0.43019737
 0.42624303 0.42228856 0.41833398 0.41437929 0.41042451 0.40646965
 0.40251472 0.39855974 0.39460473 0.39064969 0.38669465 0.38273963
 0.37878463 0.37482968 0.3708748  0.36692001 0.36296533 0.35901078
 0.3550564  0.3511022  0.34714821 0.34319446 0.33924098 0.3352878
 0.33133496 0.32738248 0.32343042 0.31947879 0.31552766 0.31157706
 0.30762704 0.30367764 0.29972893 0.29578095 0.29183377 0.28788744
 0.28394204 0.27999764 0.27605431 0.27211213 0.26817118 0.26423157
 0.26029339 0.25635674 0.25242173 0.2484885  0.24455715 0.24062785
 0.23670073 0.23277595 0.2288537  0.22493415 0.2210175  0.21710399
 0.21319384 0.2092873  0.20538467 0.20148624 0.19759234 0.19370334
 0.18981963 0.18594163 0.18206983 0.17820474 0.17434695 0.17049707
 0.16665582 0.16282397 0.15900238 0.15519202 0.15139397 0.14760942
 0.14383974 0.14008646 0.13635129 0.13263622 0.12894348 0.12527564
 0.12163564 0.11802689 0.11445334 0.1109196  0.1074311  0.10399422
 0.10061656 0.09730725 0.09407728 0.09094006 0.08791212 0.085014
 0.08227164 0.07971824 0.07739699 0.07536531 0.07370141 0.07251503
 0.07196631 0.07230075 0.07392099 0.07755233]
t =  [1.04250800e+09 1.04250804e+09 1.04250809e+09 1.04250813e+09
 1.04250817e+09 1.04250821e+09 1.04250826e+09 1.04250830e+09
 1.04250834e+09 1.04250839e+09 1.04250843e+09 1.04250847e+09
 1.04250851e+09 1.04250856e+09 1.04250860e+09 1.04250864e+09
 1.04250868e+09 1.04250873e+09 1.04250877e+09 1.04250881e+09
 1.04250886e+09 1.04250890e+09 1.04250894e+09 1.04250898e+09
 1.04250903e+09 1.04250907e+09 1.04250911e+09 1.04250915e+09
 1.04250920e+09 1.04250924e+09 1.04250928e+09 1.04250932e+09
 1.04250937e+09 1.04250941e+09 1.04250945e+09 1.04250950e+09
 1.04250954e+09 1.04250958e+09 1.04250962e+09 1.04250967e+09
 1.04250971e+09 1.04250975e+09 1.04250979e+09 1.04250984e+09
 1.04250988e+09 1.04250992e+09 1.04250997e+09 1.04251001e+09
 1.04251005e+09 1.04251009e+09 1.04251014e+09 1.04251018e+09
 1.04251022e+09 1.04251026e+09 1.04251031e+09 1.04251035e+09
 1.04251039e+09 1.04251044e+09 1.04251048e+09 1.04251052e+09
 1.04251056e+09 1.04251061e+09 1.04251065e+09 1.04251069e+09
 1.04251073e+09 1.04251078e+09 1.04251082e+09 1.04251086e+09
 1.04251090e+09 1.04251095e+09 1.04251099e+09 1.04251103e+09
 1.04251108e+09 1.04251112e+09 1.04251116e+09 1.04251120e+09
 1.04251125e+09 1.04251129e+09 1.04251133e+09 1.04251137e+09
 1.04251142e+09 1.04251146e+09 1.04251150e+09 1.04251155e+09
 1.04251159e+09 1.04251163e+09 1.04251167e+09 1.04251172e+09
 1.04251176e+09 1.04251180e+09 1.04251184e+09 1.04251189e+09
 1.04251193e+09 1.04251197e+09 1.04251201e+09 1.04251206e+09
 1.04251210e+09 1.04251214e+09 1.04251219e+09 1.04251223e+09
 1.04251227e+09 1.04251231e+09 1.04251236e+09 1.04251240e+09
 1.04251244e+09 1.04251248e+09 1.04251253e+09 1.04251257e+09
 1.04251261e+09 1.04251266e+09 1.04251270e+09 1.04251274e+09
 1.04251278e+09 1.04251283e+09 1.04251287e+09 1.04251291e+09
 1.04251295e+09 1.04251300e+09 1.04251304e+09 1.04251308e+09
 1.04251313e+09 1.04251317e+09 1.04251321e+09 1.04251325e+09
 1.04251330e+09 1.04251334e+09 1.04251338e+09 1.04251342e+09
 1.04251347e+09 1.04251351e+09 1.04251355e+09 1.04251359e+09
 1.04251364e+09 1.04251368e+09 1.04251372e+09 1.04251377e+09
 1.04251381e+09 1.04251385e+09 1.04251389e+09 1.04251394e+09
 1.04251398e+09 1.04251402e+09 1.04251406e+09 1.04251411e+09
 1.04251415e+09 1.04251419e+09 1.04251424e+09 1.04251428e+09
 1.04251432e+09 1.04251436e+09 1.04251441e+09 1.04251445e+09
 1.04251449e+09 1.04251453e+09 1.04251458e+09 1.04251462e+09
 1.04251466e+09 1.04251470e+09 1.04251475e+09 1.04251479e+09
 1.04251483e+09 1.04251488e+09 1.04251492e+09 1.04251496e+09
 1.04251500e+09 1.04251505e+09 1.04251509e+09 1.04251513e+09
 1.04251517e+09 1.04251522e+09 1.04251526e+09 1.04251530e+09
 1.04251535e+09 1.04251539e+09 1.04251543e+09 1.04251547e+09
 1.04251552e+09 1.04251556e+09 1.04251560e+09 1.04251564e+09
 1.04251569e+09 1.04251573e+09 1.04251577e+09 1.04251582e+09
 1.04251586e+09 1.04251590e+09 1.04251594e+09 1.04251599e+09
 1.04251603e+09 1.04251607e+09 1.04251611e+09 1.04251616e+09
 1.04251620e+09 1.04251624e+09 1.04251628e+09 1.04251633e+09
 1.04251637e+09 1.04251641e+09 1.04251646e+09 1.04251650e+09
 1.04251654e+09 1.04251658e+09 1.04251663e+09 1.04251667e+09
 1.04251671e+09 1.04251675e+09 1.04251680e+09 1.04251684e+09
 1.04251688e+09 1.04251693e+09 1.04251697e+09 1.04251701e+09
 1.04251705e+09 1.04251710e+09 1.04251714e+09 1.04251718e+09
 1.04251722e+09 1.04251727e+09 1.04251731e+09 1.04251735e+09
 1.04251739e+09 1.04251744e+09 1.04251748e+09 1.04251752e+09
 1.04251757e+09 1.04251761e+09 1.04251765e+09 1.04251769e+09
 1.04251774e+09 1.04251778e+09 1.04251782e+09 1.04251786e+09
 1.04251791e+09 1.04251795e+09 1.04251799e+09 1.04251804e+09
 1.04251808e+09 1.04251812e+09 1.04251816e+09 1.04251821e+09
 1.04251825e+09 1.04251829e+09 1.04251833e+09 1.04251838e+09
 1.04251842e+09 1.04251846e+09 1.04251851e+09 1.04251855e+09
 1.04251859e+09 1.04251863e+09 1.04251868e+09 1.04251872e+09
 1.04251876e+09 1.04251880e+09 1.04251885e+09 1.04251889e+09
 1.04251893e+09 1.04251897e+09 1.04251902e+09 1.04251906e+09
 1.04251910e+09 1.04251915e+09 1.04251919e+09 1.04251923e+09
 1.04251927e+09 1.04251932e+09 1.04251936e+09 1.04251940e+09
 1.04251944e+09 1.04251949e+09 1.04251953e+09 1.04251957e+09
 1.04251962e+09 1.04251966e+09 1.04251970e+09 1.04251974e+09
 1.04251979e+09 1.04251983e+09 1.04251987e+09 1.04251991e+09
 1.04251996e+09 1.04252000e+09 1.04252004e+09 1.04252008e+09
 1.04252013e+09 1.04252017e+09 1.04252021e+09 1.04252026e+09
 1.04252030e+09 1.04252034e+09 1.04252038e+09 1.04252043e+09
 1.04252047e+09 1.04252051e+09 1.04252055e+09 1.04252060e+09
 1.04252064e+09 1.04252068e+09 1.04252073e+09 1.04252077e+09
 1.04252081e+09 1.04252085e+09 1.04252090e+09 1.04252094e+09
 1.04252098e+09 1.04252102e+09 1.04252107e+09 1.04252111e+09
 1.04252115e+09 1.04252120e+09 1.04252124e+09 1.04252128e+09
 1.04252132e+09 1.04252137e+09 1.04252141e+09 1.04252145e+09
 1.04252149e+09 1.04252154e+09 1.04252158e+09 1.04252162e+09
 1.04252166e+09 1.04252171e+09 1.04252175e+09 1.04252179e+09
 1.04252184e+09 1.04252188e+09 1.04252192e+09 1.04252196e+09
 1.04252201e+09 1.04252205e+09 1.04252209e+09 1.04252213e+09
 1.04252218e+09 1.04252222e+09 1.04252226e+09 1.04252231e+09
 1.04252235e+09 1.04252239e+09 1.04252243e+09 1.04252248e+09
 1.04252252e+09 1.04252256e+09 1.04252260e+09 1.04252265e+09
 1.04252269e+09 1.04252273e+09 1.04252278e+09 1.04252282e+09
 1.04252286e+09 1.04252290e+09 1.04252295e+09 1.04252299e+09
 1.04252303e+09 1.04252307e+09 1.04252312e+09 1.04252316e+09
 1.04252320e+09 1.04252324e+09 1.04252329e+09 1.04252333e+09
 1.04252337e+09 1.04252342e+09 1.04252346e+09 1.04252350e+09
 1.04252354e+09 1.04252359e+09 1.04252363e+09 1.04252367e+09
 1.04252371e+09 1.04252376e+09 1.04252380e+09 1.04252384e+09
 1.04252389e+09 1.04252393e+09 1.04252397e+09 1.04252401e+09
 1.04252406e+09 1.04252410e+09 1.04252414e+09 1.04252418e+09
 1.04252423e+09 1.04252427e+09 1.04252431e+09 1.04252435e+09
 1.04252440e+09 1.04252444e+09 1.04252448e+09 1.04252453e+09
 1.04252457e+09 1.04252461e+09 1.04252465e+09 1.04252470e+09
 1.04252474e+09 1.04252478e+09 1.04252482e+09 1.04252487e+09
 1.04252491e+09 1.04252495e+09 1.04252500e+09 1.04252504e+09
 1.04252508e+09 1.04252512e+09 1.04252517e+09 1.04252521e+09
 1.04252525e+09 1.04252529e+09 1.04252534e+09 1.04252538e+09
 1.04252542e+09 1.04252547e+09 1.04252551e+09 1.04252555e+09
 1.04252559e+09 1.04252564e+09 1.04252568e+09 1.04252572e+09
 1.04252576e+09 1.04252581e+09 1.04252585e+09 1.04252589e+09
 1.04252593e+09 1.04252598e+09 1.04252602e+09 1.04252606e+09
 1.04252611e+09 1.04252615e+09 1.04252619e+09 1.04252623e+09
 1.04252628e+09 1.04252632e+09 1.04252636e+09 1.04252640e+09
 1.04252645e+09 1.04252649e+09 1.04252653e+09 1.04252658e+09
 1.04252662e+09 1.04252666e+09 1.04252670e+09 1.04252675e+09
 1.04252679e+09 1.04252683e+09 1.04252687e+09 1.04252692e+09
 1.04252696e+09 1.04252700e+09 1.04252704e+09 1.04252709e+09
 1.04252713e+09 1.04252717e+09 1.04252722e+09 1.04252726e+09
 1.04252730e+09 1.04252734e+09 1.04252739e+09 1.04252743e+09
 1.04252747e+09 1.04252751e+09 1.04252756e+09 1.04252760e+09
 1.04252764e+09 1.04252769e+09 1.04252773e+09 1.04252777e+09
 1.04252781e+09 1.04252786e+09 1.04252790e+09 1.04252794e+09
 1.04252798e+09 1.04252803e+09 1.04252807e+09 1.04252811e+09
 1.04252816e+09 1.04252820e+09 1.04252824e+09 1.04252828e+09
 1.04252833e+09 1.04252837e+09 1.04252841e+09 1.04252845e+09
 1.04252850e+09 1.04252854e+09 1.04252858e+09 1.04252862e+09
 1.04252867e+09 1.04252871e+09 1.04252875e+09 1.04252880e+09
 1.04252884e+09 1.04252888e+09 1.04252892e+09 1.04252897e+09
 1.04252901e+09 1.04252905e+09 1.04252909e+09 1.04252914e+09
 1.04252918e+09 1.04252922e+09 1.04252927e+09 1.04252931e+09
 1.04252935e+09 1.04252939e+09 1.04252944e+09 1.04252948e+09
 1.04252952e+09 1.04252956e+09 1.04252961e+09 1.04252965e+09
 1.04252969e+09 1.04252973e+09 1.04252978e+09 1.04252982e+09
 1.04252986e+09 1.04252991e+09 1.04252995e+09 1.04252999e+09
 1.04253003e+09 1.04253008e+09 1.04253012e+09 1.04253016e+09
 1.04253020e+09 1.04253025e+09 1.04253029e+09 1.04253033e+09
 1.04253038e+09 1.04253042e+09 1.04253046e+09 1.04253050e+09
 1.04253055e+09 1.04253059e+09 1.04253063e+09 1.04253067e+09
 1.04253072e+09 1.04253076e+09 1.04253080e+09 1.04253085e+09
 1.04253089e+09 1.04253093e+09 1.04253097e+09 1.04253102e+09
 1.04253106e+09 1.04253110e+09 1.04253114e+09 1.04253119e+09
 1.04253123e+09 1.04253127e+09 1.04253131e+09 1.04253136e+09
 1.04253140e+09 1.04253144e+09 1.04253149e+09 1.04253153e+09
 1.04253157e+09 1.04253161e+09 1.04253166e+09 1.04253170e+09
 1.04253174e+09 1.04253178e+09 1.04253183e+09 1.04253187e+09
 1.04253191e+09 1.04253196e+09 1.04253200e+09 1.04253204e+09
 1.04253208e+09 1.04253213e+09 1.04253217e+09 1.04253221e+09
 1.04253225e+09 1.04253230e+09 1.04253234e+09 1.04253238e+09
 1.04253242e+09 1.04253247e+09 1.04253251e+09 1.04253255e+09
 1.04253260e+09 1.04253264e+09 1.04253268e+09 1.04253272e+09
 1.04253277e+09 1.04253281e+09 1.04253285e+09 1.04253289e+09
 1.04253294e+09 1.04253298e+09 1.04253302e+09 1.04253307e+09
 1.04253311e+09 1.04253315e+09 1.04253319e+09 1.04253324e+09
 1.04253328e+09 1.04253332e+09 1.04253336e+09 1.04253341e+09
 1.04253345e+09 1.04253349e+09 1.04253354e+09 1.04253358e+09
 1.04253362e+09 1.04253366e+09 1.04253371e+09 1.04253375e+09
 1.04253379e+09 1.04253383e+09 1.04253388e+09 1.04253392e+09
 1.04253396e+09 1.04253400e+09 1.04253405e+09 1.04253409e+09
 1.04253413e+09 1.04253418e+09 1.04253422e+09 1.04253426e+09
 1.04253430e+09 1.04253435e+09 1.04253439e+09 1.04253443e+09
 1.04253447e+09 1.04253452e+09 1.04253456e+09 1.04253460e+09
 1.04253465e+09 1.04253469e+09 1.04253473e+09 1.04253477e+09
 1.04253482e+09 1.04253486e+09 1.04253490e+09 1.04253494e+09
 1.04253499e+09 1.04253503e+09 1.04253507e+09 1.04253512e+09
 1.04253516e+09 1.04253520e+09 1.04253524e+09 1.04253529e+09
 1.04253533e+09 1.04253537e+09 1.04253541e+09 1.04253546e+09
 1.04253550e+09 1.04253554e+09 1.04253558e+09 1.04253563e+09
 1.04253567e+09 1.04253571e+09 1.04253576e+09 1.04253580e+09
 1.04253584e+09 1.04253588e+09 1.04253593e+09 1.04253597e+09
 1.04253601e+09 1.04253605e+09 1.04253610e+09 1.04253614e+09
 1.04253618e+09 1.04253623e+09 1.04253627e+09 1.04253631e+09
 1.04253635e+09 1.04253640e+09 1.04253644e+09 1.04253648e+09
 1.04253652e+09 1.04253657e+09 1.04253661e+09 1.04253665e+09
 1.04253669e+09 1.04253674e+09 1.04253678e+09 1.04253682e+09
 1.04253687e+09 1.04253691e+09 1.04253695e+09 1.04253699e+09
 1.04253704e+09 1.04253708e+09 1.04253712e+09 1.04253716e+09
 1.04253721e+09 1.04253725e+09 1.04253729e+09 1.04253734e+09
 1.04253738e+09 1.04253742e+09 1.04253746e+09 1.04253751e+09
 1.04253755e+09 1.04253759e+09 1.04253763e+09 1.04253768e+09
 1.04253772e+09 1.04253776e+09 1.04253781e+09 1.04253785e+09
 1.04253789e+09 1.04253793e+09 1.04253798e+09 1.04253802e+09
 1.04253806e+09 1.04253810e+09 1.04253815e+09 1.04253819e+09
 1.04253823e+09 1.04253827e+09 1.04253832e+09 1.04253836e+09
 1.04253840e+09 1.04253845e+09 1.04253849e+09 1.04253853e+09
 1.04253857e+09 1.04253862e+09 1.04253866e+09 1.04253870e+09
 1.04253874e+09 1.04253879e+09 1.04253883e+09 1.04253887e+09
 1.04253892e+09 1.04253896e+09 1.04253900e+09 1.04253904e+09
 1.04253909e+09 1.04253913e+09 1.04253917e+09 1.04253921e+09
 1.04253926e+09 1.04253930e+09 1.04253934e+09 1.04253938e+09
 1.04253943e+09 1.04253947e+09 1.04253951e+09 1.04253956e+09
 1.04253960e+09 1.04253964e+09 1.04253968e+09 1.04253973e+09
 1.04253977e+09 1.04253981e+09 1.04253985e+09 1.04253990e+09
 1.04253994e+09 1.04253998e+09 1.04254003e+09 1.04254007e+09
 1.04254011e+09 1.04254015e+09 1.04254020e+09 1.04254024e+09
 1.04254028e+09 1.04254032e+09 1.04254037e+09 1.04254041e+09
 1.04254045e+09 1.04254050e+09 1.04254054e+09 1.04254058e+09
 1.04254062e+09 1.04254067e+09 1.04254071e+09 1.04254075e+09
 1.04254079e+09 1.04254084e+09 1.04254088e+09 1.04254092e+09
 1.04254096e+09 1.04254101e+09 1.04254105e+09 1.04254109e+09
 1.04254114e+09 1.04254118e+09 1.04254122e+09 1.04254126e+09
 1.04254131e+09 1.04254135e+09 1.04254139e+09 1.04254143e+09
 1.04254148e+09 1.04254152e+09 1.04254156e+09 1.04254161e+09
 1.04254165e+09 1.04254169e+09 1.04254173e+09 1.04254178e+09
 1.04254182e+09 1.04254186e+09 1.04254190e+09 1.04254195e+09
 1.04254199e+09 1.04254203e+09 1.04254207e+09 1.04254212e+09
 1.04254216e+09 1.04254220e+09 1.04254225e+09 1.04254229e+09
 1.04254233e+09 1.04254237e+09 1.04254242e+09 1.04254246e+09
 1.04254250e+09 1.04254254e+09 1.04254259e+09 1.04254263e+09
 1.04254267e+09 1.04254272e+09 1.04254276e+09 1.04254280e+09
 1.04254284e+09 1.04254289e+09 1.04254293e+09 1.04254297e+09
 1.04254301e+09 1.04254306e+09 1.04254310e+09 1.04254314e+09
 1.04254319e+09 1.04254323e+09 1.04254327e+09 1.04254331e+09
 1.04254336e+09 1.04254340e+09 1.04254344e+09 1.04254348e+09
 1.04254353e+09 1.04254357e+09 1.04254361e+09 1.04254365e+09
 1.04254370e+09 1.04254374e+09 1.04254378e+09 1.04254383e+09
 1.04254387e+09 1.04254391e+09 1.04254395e+09 1.04254400e+09
 1.04254404e+09 1.04254408e+09 1.04254412e+09 1.04254417e+09
 1.04254421e+09 1.04254425e+09 1.04254430e+09 1.04254434e+09
 1.04254438e+09 1.04254442e+09 1.04254447e+09 1.04254451e+09
 1.04254455e+09 1.04254459e+09 1.04254464e+09 1.04254468e+09
 1.04254472e+09 1.04254476e+09 1.04254481e+09 1.04254485e+09
 1.04254489e+09 1.04254494e+09 1.04254498e+09 1.04254502e+09
 1.04254506e+09 1.04254511e+09 1.04254515e+09 1.04254519e+09
 1.04254523e+09 1.04254528e+09 1.04254532e+09 1.04254536e+09
 1.04254541e+09 1.04254545e+09 1.04254549e+09 1.04254553e+09
 1.04254558e+09 1.04254562e+09 1.04254566e+09 1.04254570e+09
 1.04254575e+09 1.04254579e+09 1.04254583e+09 1.04254588e+09
 1.04254592e+09 1.04254596e+09 1.04254600e+09 1.04254605e+09
 1.04254609e+09 1.04254613e+09 1.04254617e+09 1.04254622e+09
 1.04254626e+09 1.04254630e+09 1.04254634e+09 1.04254639e+09
 1.04254643e+09 1.04254647e+09 1.04254652e+09 1.04254656e+09
 1.04254660e+09 1.04254664e+09 1.04254669e+09 1.04254673e+09
 1.04254677e+09 1.04254681e+09 1.04254686e+09 1.04254690e+09
 1.04254694e+09 1.04254699e+09 1.04254703e+09 1.04254707e+09
 1.04254711e+09 1.04254716e+09 1.04254720e+09 1.04254724e+09
 1.04254728e+09 1.04254733e+09 1.04254737e+09 1.04254741e+09
 1.04254746e+09 1.04254750e+09 1.04254754e+09 1.04254758e+09
 1.04254763e+09 1.04254767e+09 1.04254771e+09 1.04254775e+09
 1.04254780e+09 1.04254784e+09 1.04254788e+09 1.04254792e+09
 1.04254797e+09 1.04254801e+09 1.04254805e+09 1.04254810e+09
 1.04254814e+09 1.04254818e+09 1.04254822e+09 1.04254827e+09
 1.04254831e+09 1.04254835e+09 1.04254839e+09 1.04254844e+09
 1.04254848e+09 1.04254852e+09 1.04254857e+09 1.04254861e+09
 1.04254865e+09 1.04254869e+09 1.04254874e+09 1.04254878e+09
 1.04254882e+09 1.04254886e+09 1.04254891e+09 1.04254895e+09
 1.04254899e+09 1.04254903e+09 1.04254908e+09 1.04254912e+09
 1.04254916e+09 1.04254921e+09 1.04254925e+09 1.04254929e+09
 1.04254933e+09 1.04254938e+09 1.04254942e+09 1.04254946e+09
 1.04254950e+09 1.04254955e+09 1.04254959e+09 1.04254963e+09
 1.04254968e+09 1.04254972e+09 1.04254976e+09 1.04254980e+09
 1.04254985e+09 1.04254989e+09 1.04254993e+09 1.04254997e+09
 1.04255002e+09 1.04255006e+09 1.04255010e+09 1.04255015e+09
 1.04255019e+09 1.04255023e+09 1.04255027e+09 1.04255032e+09
 1.04255036e+09 1.04255040e+09 1.04255044e+09 1.04255049e+09
 1.04255053e+09 1.04255057e+09 1.04255061e+09 1.04255066e+09]
minRes = 0.0719663057115241
minResTime =  [1.04255053e+09]
