name =JUICE_ROI_CAL_4_6_01
flyby =  ['2032 DEC 27 21:06:34', '2032 DEC 28 21:06:34']
Observation TW =  <SpiceCell dtype = 1, length = 0, size = 2400, card = 4, is_set = 1, adjust = 0, init = 1, base = 1356595565040, data = 1356595565088>
Res(t) =  [3.46406201 3.46064344 3.45722484 3.45380621 3.45038755 3.44696886
 3.44355014 3.44013139 3.43671261 3.43329381 3.42987497 3.4264561
 3.4230372  3.41961827 3.41619931 3.41278032 3.4093613  3.40594225
 3.40252316 3.39910405 3.3956849  3.39226572 3.38884651 3.38542727
 3.38200799 3.37858869 3.37516935 3.37174997 3.36833057 3.36491113
 3.36149166 3.35807215 3.35465261 3.35123304 3.34781344 3.3443938
 3.34097412 3.33755441 3.33413467 3.3307149  3.32729508 3.32387524
 3.32045536 3.31703544 3.31361549 3.3101955  3.30677548 3.30335542
 3.29993533 3.2965152  3.29309503 3.28967483 3.28625459 3.28283431
 3.279414   3.27599365 3.27257326 3.26915284 3.26573237 3.26231187
 3.25889134 3.25547076 3.25205015 3.2486295  3.24520881 3.24178808
 3.23836731 3.23494651 3.23152566 3.22810478 3.22468385 3.22126289
 3.21784189 3.21442085 3.21099977 3.20757864 3.20415748 3.20073628
 3.19731503 3.19389375 3.19047243 3.18705106 3.18362965 3.1802082
 3.17678671 3.17336518 3.16994361 3.16652199 3.16310034 3.15967864
 3.1562569  3.15283511 3.14941328 3.14599141 3.1425695  3.13914754
 3.13572554 3.1323035  3.12888141 3.12545928 3.12203711 3.11861489
 3.11519262 3.11177031 3.10834796 3.10492556 3.10150312 3.09808063
 3.0946581  3.09123552 3.0878129  3.08439023 3.08096751 3.07754475
 3.07412194 3.07069909 3.06727619 3.06385324 3.06043025 3.05700721
 3.05358412 3.05016098 3.0467378  3.04331457 3.03989129 3.03646796
 3.03304459 3.02962116 3.02619769 3.02277417 3.0193506  3.01592698
 3.01250332 3.0090796  3.00565584 3.00223202 2.99880815 2.99538424
 2.99196027 2.98853626 2.98511219 2.98168808 2.97826391 2.97483969
 2.97141542 2.9679911  2.96456673 2.96114231 2.95771783 2.95429331
 2.95086873 2.9474441  2.94401942 2.94059468 2.93716989 2.93374505
 2.93032016 2.92689521 2.92347021 2.92004516 2.91662005 2.91319489
 2.90976967 2.90634441 2.90291908 2.8994937  2.89606827 2.89264279
 2.88921724 2.88579165 2.88236599 2.87894029 2.87551452 2.8720887
 2.86866283 2.8652369  2.86181091 2.85838487 2.85495877 2.85153261
 2.84810639 2.84468012 2.8412538  2.83782741 2.83440097 2.83097447
 2.82754791 2.82412129 2.82069462 2.81726788 2.81384109 2.81041424
 2.80698733 2.80356036 2.80013334 2.79670625 2.7932791  2.7898519
 2.78642463 2.7829973  2.77956992 2.77614247 2.77271496 2.7692874
 2.76585977 2.76243208 2.75900433 2.75557652 2.75214864 2.74872071
 2.74529271 2.74186465 2.73843653 2.73500834 2.7315801  2.72815179
 2.72472342 2.72129498 2.71786648 2.71443792 2.7110093  2.70758061
 2.70415186 2.70072304 2.69729416 2.69386521 2.6904362  2.68700713
 2.68357799 2.68014879 2.67671952 2.67329018 2.66986078 2.66643132
 2.66300178 2.65957218 2.65614252 2.65271279 2.64928299 2.64585313
 2.6424232  2.6389932  2.63556313 2.632133   2.6287028  2.62527253
 2.6218422  2.61841179 2.61498132 2.61155078 2.60812017 2.60468949
 2.60125874 2.59782793 2.59439704 2.59096609 2.58753506 2.58410397
 2.5806728  2.57724157 2.57381026 2.57037889 2.56694744 2.56351592
 2.56008434 2.55665268 2.55322095 2.54978914 2.54635727 2.54292532
 2.53949331 2.53606122 2.53262905 2.52919682 2.52576451 2.52233213
 2.51889968 2.51546715 2.51203455 2.50860188 2.50516913 2.50173631
 2.49830341 2.49487044 2.49143739 2.48800428 2.48457108 2.48113781
 2.47770447 2.47427105 2.47083755 2.46740398 2.46397033 2.46053661
 2.45710281 2.45366894 2.45023498 2.44680095 2.44336685 2.43993267
 2.43649841 2.43306407 2.42962965 2.42619516 2.42276059 2.41932594
 2.41589121 2.4124564  2.40902152 2.40558656 2.40215151 2.39871639
 2.39528119 2.39184591 2.38841055 2.38497511 2.38153958 2.37810398
 2.3746683  2.37123254 2.3677967  2.36436077 2.36092477 2.35748868
 2.35405251 2.35061626 2.34717993 2.34374351 2.34030702 2.33687044
 2.33343378 2.32999703 2.32656021 2.32312329 2.3196863  2.31624922
 2.31281206 2.30937482 2.30593749 2.30250008 2.29906258 2.295625
 2.29218733 2.28874958 2.28531174 2.28187382 2.27843581 2.27499771
 2.27155953 2.26812127 2.26468292 2.26124448 2.25780595 2.25436734
 2.25092864 2.24748986 2.24405098 2.24061202 2.23717297 2.23373384
 2.23029461 2.2268553  2.2234159  2.21997641 2.21653683 2.21309716
 2.2096574  2.20621756 2.20277762 2.1993376  2.19589748 2.19245727
 2.18901698 2.18557659 2.18213611 2.17869555 2.17525489 2.17181414
 2.16837329 2.16493236 2.16149134 2.15805022 2.15460901 2.15116771
 2.14772631 2.14428483 2.14084325 2.13740157 2.13395981 2.13051795
 2.12707599 2.12363395 2.12019181 2.11674957 2.11330724 2.10986482
 2.1064223  2.10297968 2.09953697 2.09609417 2.09265127 2.08920827
 2.08576518 2.08232199 2.07887871 2.07543533 2.07199185 2.06854827
 2.0651046  2.06166083 2.05821697 2.054773   2.05132894 2.04788478
 2.04444052 2.04099617 2.03755171 2.03410716 2.03066251 2.02721775
 2.0237729  2.02032795 2.0168829  2.01343775 2.0099925  2.00654715
 2.0031017  1.99965614 1.99621049 1.99276474 1.98931888 1.98587292
 1.98242686 1.9789807  1.97553444 1.97208808 1.96864161 1.96519504
 1.96174836 1.95830159 1.95485471 1.95140773 1.94796064 1.94451345
 1.94106615 1.93761876 1.93417125 1.93072364 1.92727593 1.92382811
 1.92038019 1.91693216 1.91348403 1.91003579 1.90658744 1.90313899
 1.89969043 1.89624177 1.89279299 1.88934411 1.88589513 1.88244603
 1.87899683 1.87554752 1.87209811 1.86864858 1.86519895 1.8617492
 1.85829935 1.85484939 1.85139932 1.84794914 1.84449886 1.84104846
 1.83759795 1.83414733 1.8306966  1.82724576 1.82379481 1.82034375
 1.81689257 1.81344129 1.80998989 1.80653838 1.80308676 1.79963503
 1.79618319 1.79273123 1.78927916 1.78582697 1.78237468 1.77892227
 1.77546974 1.7720171  1.76856435 1.76511148 1.7616585  1.75820541
 1.7547522  1.75129887 1.74784543 1.74439187 1.7409382  1.73748441
 1.7340305  1.73057648 1.72712234 1.72366809 1.72021371 1.71675922
 1.71330462 1.70984989 1.70639505 1.70294009 1.69948501 1.69602981
 1.6925745  1.68911906 1.68566351 1.68220783 1.67875204 1.67529612
 1.67184009 1.66838394 1.66492766 1.66147127 1.65801475 1.65455812
 1.65110136 1.64764448 1.64418748 1.64073035 1.63727311 1.63381574
 1.63035825 1.62690063 1.6234429  1.61998504 1.61652705 1.61306895
 1.60961072 1.60615236 1.60269388 1.59923528 1.59577655 1.59231769
 1.58885872 1.58539961 1.58194038 1.57848102 1.57502154 1.57156193
 1.5681022  1.56464234 1.56118235 1.55772223 1.55426199 1.55080162
 1.54734112 1.54388049 1.54041973 1.53695885 1.53349784 1.53003669
 1.52657542 1.52311402 1.51965249 1.51619083 1.51272904 1.50926712
 1.50580507 1.50234288 1.49888057 1.49541813 1.49195555 1.48849284
 1.48503    1.48156703 1.47810392 1.47464069 1.47117732 1.46771381
 1.46425018 1.46078641 1.4573225  1.45385846 1.45039429 1.44692998
 1.44346554 1.44000097 1.43653625 1.43307141 1.42960642 1.4261413
 1.42267605 1.41921066 1.41574513 1.41227946 1.40881366 1.40534772
 1.40188165 1.39841543 1.39494908 1.39148259 1.38801596 1.38454919
 1.38108228 1.37761524 1.37414805 1.37068072 1.36721326 1.36374565
 1.36027791 1.35681002 1.35334199 1.34987382 1.34640551 1.34293706
 1.33946846 1.33599973 1.33253085 1.32906183 1.32559266 1.32212336
 1.31865391 1.31518431 1.31171458 1.30824469 1.30477467 1.3013045
 1.29783418 1.29436372 1.29089311 1.28742236 1.28395146 1.28048042
 1.27700923 1.27353789 1.27006641 1.26659478 1.263123   1.25965108
 1.256179   1.25270678 1.24923441 1.24576189 1.24228922 1.23881641
 1.23534344 1.23187033 1.22839706 1.22492365 1.22145008 1.21797636
 1.2145025  1.21102848 1.20755431 1.20407999 1.20060551 1.19713089
 1.19365611 1.19018118 1.1867061  1.18323086 1.17975547 1.17627992
 1.17280422 1.16932837 1.16585236 1.1623762  1.15889989 1.15542341
 1.15194679 1.14847    1.14499306 1.14151596 1.13803871 1.1345613
 1.13108373 1.12760601 1.12412813 1.12065009 1.11717189 1.11369353
 1.11021501 1.10673634 1.10325751 1.09977851 1.09629936 1.09282004
 1.08934057 1.08586093 1.08238114 1.07890118 1.07542106 1.07194078
 1.06846034 1.06497973 1.06149896 1.05801803 1.05453694 1.05105568
 1.04757426 1.04409267 1.04061093 1.03712901 1.03364693 1.03016469
 1.02668228 1.0231997  1.01971696 1.01623406 1.01275098 1.00926774
 1.00578434 1.00230076 0.99881702 0.99533311 0.99184903 0.98836478
 0.98488037 0.98139578 0.97791103 0.97442611 0.97094101 0.96745575
 0.96397032 0.96048471 0.95699894 0.95351299 0.95002687 0.94654058
 0.94305412 0.93956749 0.93608068 0.9325937  0.92910655 0.92561922
 0.92213172 0.91864404 0.9151562  0.91166817 0.90817997 0.9046916
 0.90120305 0.89771433 0.89422543 0.89073635 0.88724709 0.88375766
 0.88026806 0.87677827 0.87328831 0.86979817 0.86630785 0.86281735
 0.85932668 0.85583582 0.85234479 0.84885357 0.84536218 0.8418706
 0.83837885 0.83488691 0.8313948  0.8279025  0.82441002 0.82091736
 0.81742452 0.81393149 0.81043828 0.80694489 0.80345132 0.79995756
 0.79646362 0.7929695  0.78947519 0.7859807  0.78248602 0.77899116
 0.77549611 0.77200088 0.76850546 0.76500986 0.76151407 0.75801809
 0.75452193 0.75102558 0.74752905 0.74403232 0.74053541 0.73703832
 0.73354103 0.73004356 0.7265459  0.72304805 0.71955001 0.71605178
 0.71255336 0.70905476 0.70555596 0.70205698 0.69855781 0.69505844
 0.69155889 0.68805915 0.68455921 0.68105909 0.67755877 0.67405827
 0.67055757 0.66705668 0.66355561 0.66005434 0.65655288 0.65305123
 0.64954938 0.64604735 0.64254512 0.63904271 0.6355401  0.6320373
 0.62853431 0.62503112 0.62152775 0.61802418 0.61452043 0.61101648
 0.60751234 0.60400801 0.60050349 0.59699877 0.59349387 0.58998877
 0.58648349 0.58297801 0.57947235 0.57596649 0.57246044 0.56895421
 0.56544778 0.56194117 0.55843437 0.55492738 0.5514202  0.54874217
 0.54523495 0.54172754 0.53821995 0.53471219 0.53120424 0.52769612
 0.52418782 0.52067935 0.51717069 0.51366187 0.51015287 0.5066437
 0.50313436 0.49962485 0.49611516 0.49260531 0.4890953  0.48558511
 0.48207477 0.47856426 0.47505359 0.47154276 0.46803177 0.46452063
 0.46100933 0.45749788 0.45398627 0.45047452 0.44696263 0.44345059
 0.43993841 0.43642608 0.43291363 0.42940104 0.42588832 0.42237547
 0.41886249 0.4153494  0.41183618 0.40832286 0.40480942 0.40129588
 0.39778223 0.39426849 0.39075465 0.38724073 0.38372672 0.38021263
 0.37669847 0.37318425 0.36966996 0.36615562 0.36264123 0.3591268
 0.35561234 0.35209785 0.34858335 0.34506884 0.34155432 0.33803982
 0.33452534 0.33101089 0.32749647 0.32398211 0.32046782 0.3169536
 0.31343948 0.30992546 0.30641155 0.30289779 0.29938418 0.29587074
 0.29235749 0.28884444 0.28533163 0.28181907 0.27830678 0.27479479
 0.27128313 0.26777182 0.26426089 0.26075038 0.25724031 0.25373073
 0.25022166 0.24671315 0.24320524 0.23969798 0.23619141 0.23268559
 0.22918056 0.22567639 0.22217314 0.21867088 0.21516967 0.2116696
 0.20817075 0.2046732  0.20117705 0.19768241 0.19418937 0.19069807
 0.18720863 0.18372118 0.18023589 0.17675291 0.17327241 0.1697946
 0.16631969 0.16284789 0.15937947 0.15591469 0.15245385 0.14899729
 0.14554536 0.14209847 0.13865706 0.13522162 0.13179268 0.12837086
 0.12495682 0.12155133 0.11815521 0.11476943 0.11139505 0.10803329
 0.10468553 0.10135332 0.09803849 0.09474307 0.09146948 0.08822045
 0.08499923 0.08180959 0.07865597 0.07554366 0.07247894 0.06946939
 0.06652417 0.06365446 0.06087407 0.05820012 0.0556542  0.05326377
 0.05106423 0.049102   0.04743906 0.04616001 0.04538379 0.0452842
 0.04612921 0.04836543 0.0528283  0.06139006]
t =  [1.04106646e+09 1.04106651e+09 1.04106655e+09 1.04106659e+09
 1.04106663e+09 1.04106668e+09 1.04106672e+09 1.04106676e+09
 1.04106681e+09 1.04106685e+09 1.04106689e+09 1.04106693e+09
 1.04106698e+09 1.04106702e+09 1.04106706e+09 1.04106711e+09
 1.04106715e+09 1.04106719e+09 1.04106723e+09 1.04106728e+09
 1.04106732e+09 1.04106736e+09 1.04106740e+09 1.04106745e+09
 1.04106749e+09 1.04106753e+09 1.04106758e+09 1.04106762e+09
 1.04106766e+09 1.04106770e+09 1.04106775e+09 1.04106779e+09
 1.04106783e+09 1.04106788e+09 1.04106792e+09 1.04106796e+09
 1.04106800e+09 1.04106805e+09 1.04106809e+09 1.04106813e+09
 1.04106818e+09 1.04106822e+09 1.04106826e+09 1.04106830e+09
 1.04106835e+09 1.04106839e+09 1.04106843e+09 1.04106847e+09
 1.04106852e+09 1.04106856e+09 1.04106860e+09 1.04106865e+09
 1.04106869e+09 1.04106873e+09 1.04106877e+09 1.04106882e+09
 1.04106886e+09 1.04106890e+09 1.04106895e+09 1.04106899e+09
 1.04106903e+09 1.04106907e+09 1.04106912e+09 1.04106916e+09
 1.04106920e+09 1.04106925e+09 1.04106929e+09 1.04106933e+09
 1.04106937e+09 1.04106942e+09 1.04106946e+09 1.04106950e+09
 1.04106954e+09 1.04106959e+09 1.04106963e+09 1.04106967e+09
 1.04106972e+09 1.04106976e+09 1.04106980e+09 1.04106984e+09
 1.04106989e+09 1.04106993e+09 1.04106997e+09 1.04107002e+09
 1.04107006e+09 1.04107010e+09 1.04107014e+09 1.04107019e+09
 1.04107023e+09 1.04107027e+09 1.04107032e+09 1.04107036e+09
 1.04107040e+09 1.04107044e+09 1.04107049e+09 1.04107053e+09
 1.04107057e+09 1.04107061e+09 1.04107066e+09 1.04107070e+09
 1.04107074e+09 1.04107079e+09 1.04107083e+09 1.04107087e+09
 1.04107091e+09 1.04107096e+09 1.04107100e+09 1.04107104e+09
 1.04107109e+09 1.04107113e+09 1.04107117e+09 1.04107121e+09
 1.04107126e+09 1.04107130e+09 1.04107134e+09 1.04107139e+09
 1.04107143e+09 1.04107147e+09 1.04107151e+09 1.04107156e+09
 1.04107160e+09 1.04107164e+09 1.04107168e+09 1.04107173e+09
 1.04107177e+09 1.04107181e+09 1.04107186e+09 1.04107190e+09
 1.04107194e+09 1.04107198e+09 1.04107203e+09 1.04107207e+09
 1.04107211e+09 1.04107216e+09 1.04107220e+09 1.04107224e+09
 1.04107228e+09 1.04107233e+09 1.04107237e+09 1.04107241e+09
 1.04107245e+09 1.04107250e+09 1.04107254e+09 1.04107258e+09
 1.04107263e+09 1.04107267e+09 1.04107271e+09 1.04107275e+09
 1.04107280e+09 1.04107284e+09 1.04107288e+09 1.04107293e+09
 1.04107297e+09 1.04107301e+09 1.04107305e+09 1.04107310e+09
 1.04107314e+09 1.04107318e+09 1.04107323e+09 1.04107327e+09
 1.04107331e+09 1.04107335e+09 1.04107340e+09 1.04107344e+09
 1.04107348e+09 1.04107352e+09 1.04107357e+09 1.04107361e+09
 1.04107365e+09 1.04107370e+09 1.04107374e+09 1.04107378e+09
 1.04107382e+09 1.04107387e+09 1.04107391e+09 1.04107395e+09
 1.04107400e+09 1.04107404e+09 1.04107408e+09 1.04107412e+09
 1.04107417e+09 1.04107421e+09 1.04107425e+09 1.04107430e+09
 1.04107434e+09 1.04107438e+09 1.04107442e+09 1.04107447e+09
 1.04107451e+09 1.04107455e+09 1.04107459e+09 1.04107464e+09
 1.04107468e+09 1.04107472e+09 1.04107477e+09 1.04107481e+09
 1.04107485e+09 1.04107489e+09 1.04107494e+09 1.04107498e+09
 1.04107502e+09 1.04107507e+09 1.04107511e+09 1.04107515e+09
 1.04107519e+09 1.04107524e+09 1.04107528e+09 1.04107532e+09
 1.04107537e+09 1.04107541e+09 1.04107545e+09 1.04107549e+09
 1.04107554e+09 1.04107558e+09 1.04107562e+09 1.04107566e+09
 1.04107571e+09 1.04107575e+09 1.04107579e+09 1.04107584e+09
 1.04107588e+09 1.04107592e+09 1.04107596e+09 1.04107601e+09
 1.04107605e+09 1.04107609e+09 1.04107614e+09 1.04107618e+09
 1.04107622e+09 1.04107626e+09 1.04107631e+09 1.04107635e+09
 1.04107639e+09 1.04107644e+09 1.04107648e+09 1.04107652e+09
 1.04107656e+09 1.04107661e+09 1.04107665e+09 1.04107669e+09
 1.04107673e+09 1.04107678e+09 1.04107682e+09 1.04107686e+09
 1.04107691e+09 1.04107695e+09 1.04107699e+09 1.04107703e+09
 1.04107708e+09 1.04107712e+09 1.04107716e+09 1.04107721e+09
 1.04107725e+09 1.04107729e+09 1.04107733e+09 1.04107738e+09
 1.04107742e+09 1.04107746e+09 1.04107751e+09 1.04107755e+09
 1.04107759e+09 1.04107763e+09 1.04107768e+09 1.04107772e+09
 1.04107776e+09 1.04107780e+09 1.04107785e+09 1.04107789e+09
 1.04107793e+09 1.04107798e+09 1.04107802e+09 1.04107806e+09
 1.04107810e+09 1.04107815e+09 1.04107819e+09 1.04107823e+09
 1.04107828e+09 1.04107832e+09 1.04107836e+09 1.04107840e+09
 1.04107845e+09 1.04107849e+09 1.04107853e+09 1.04107858e+09
 1.04107862e+09 1.04107866e+09 1.04107870e+09 1.04107875e+09
 1.04107879e+09 1.04107883e+09 1.04107887e+09 1.04107892e+09
 1.04107896e+09 1.04107900e+09 1.04107905e+09 1.04107909e+09
 1.04107913e+09 1.04107917e+09 1.04107922e+09 1.04107926e+09
 1.04107930e+09 1.04107935e+09 1.04107939e+09 1.04107943e+09
 1.04107947e+09 1.04107952e+09 1.04107956e+09 1.04107960e+09
 1.04107965e+09 1.04107969e+09 1.04107973e+09 1.04107977e+09
 1.04107982e+09 1.04107986e+09 1.04107990e+09 1.04107994e+09
 1.04107999e+09 1.04108003e+09 1.04108007e+09 1.04108012e+09
 1.04108016e+09 1.04108020e+09 1.04108024e+09 1.04108029e+09
 1.04108033e+09 1.04108037e+09 1.04108042e+09 1.04108046e+09
 1.04108050e+09 1.04108054e+09 1.04108059e+09 1.04108063e+09
 1.04108067e+09 1.04108072e+09 1.04108076e+09 1.04108080e+09
 1.04108084e+09 1.04108089e+09 1.04108093e+09 1.04108097e+09
 1.04108101e+09 1.04108106e+09 1.04108110e+09 1.04108114e+09
 1.04108119e+09 1.04108123e+09 1.04108127e+09 1.04108131e+09
 1.04108136e+09 1.04108140e+09 1.04108144e+09 1.04108149e+09
 1.04108153e+09 1.04108157e+09 1.04108161e+09 1.04108166e+09
 1.04108170e+09 1.04108174e+09 1.04108179e+09 1.04108183e+09
 1.04108187e+09 1.04108191e+09 1.04108196e+09 1.04108200e+09
 1.04108204e+09 1.04108208e+09 1.04108213e+09 1.04108217e+09
 1.04108221e+09 1.04108226e+09 1.04108230e+09 1.04108234e+09
 1.04108238e+09 1.04108243e+09 1.04108247e+09 1.04108251e+09
 1.04108256e+09 1.04108260e+09 1.04108264e+09 1.04108268e+09
 1.04108273e+09 1.04108277e+09 1.04108281e+09 1.04108285e+09
 1.04108290e+09 1.04108294e+09 1.04108298e+09 1.04108303e+09
 1.04108307e+09 1.04108311e+09 1.04108315e+09 1.04108320e+09
 1.04108324e+09 1.04108328e+09 1.04108333e+09 1.04108337e+09
 1.04108341e+09 1.04108345e+09 1.04108350e+09 1.04108354e+09
 1.04108358e+09 1.04108363e+09 1.04108367e+09 1.04108371e+09
 1.04108375e+09 1.04108380e+09 1.04108384e+09 1.04108388e+09
 1.04108392e+09 1.04108397e+09 1.04108401e+09 1.04108405e+09
 1.04108410e+09 1.04108414e+09 1.04108418e+09 1.04108422e+09
 1.04108427e+09 1.04108431e+09 1.04108435e+09 1.04108440e+09
 1.04108444e+09 1.04108448e+09 1.04108452e+09 1.04108457e+09
 1.04108461e+09 1.04108465e+09 1.04108470e+09 1.04108474e+09
 1.04108478e+09 1.04108482e+09 1.04108487e+09 1.04108491e+09
 1.04108495e+09 1.04108499e+09 1.04108504e+09 1.04108508e+09
 1.04108512e+09 1.04108517e+09 1.04108521e+09 1.04108525e+09
 1.04108529e+09 1.04108534e+09 1.04108538e+09 1.04108542e+09
 1.04108547e+09 1.04108551e+09 1.04108555e+09 1.04108559e+09
 1.04108564e+09 1.04108568e+09 1.04108572e+09 1.04108577e+09
 1.04108581e+09 1.04108585e+09 1.04108589e+09 1.04108594e+09
 1.04108598e+09 1.04108602e+09 1.04108606e+09 1.04108611e+09
 1.04108615e+09 1.04108619e+09 1.04108624e+09 1.04108628e+09
 1.04108632e+09 1.04108636e+09 1.04108641e+09 1.04108645e+09
 1.04108649e+09 1.04108654e+09 1.04108658e+09 1.04108662e+09
 1.04108666e+09 1.04108671e+09 1.04108675e+09 1.04108679e+09
 1.04108684e+09 1.04108688e+09 1.04108692e+09 1.04108696e+09
 1.04108701e+09 1.04108705e+09 1.04108709e+09 1.04108713e+09
 1.04108718e+09 1.04108722e+09 1.04108726e+09 1.04108731e+09
 1.04108735e+09 1.04108739e+09 1.04108743e+09 1.04108748e+09
 1.04108752e+09 1.04108756e+09 1.04108761e+09 1.04108765e+09
 1.04108769e+09 1.04108773e+09 1.04108778e+09 1.04108782e+09
 1.04108786e+09 1.04108791e+09 1.04108795e+09 1.04108799e+09
 1.04108803e+09 1.04108808e+09 1.04108812e+09 1.04108816e+09
 1.04108820e+09 1.04108825e+09 1.04108829e+09 1.04108833e+09
 1.04108838e+09 1.04108842e+09 1.04108846e+09 1.04108850e+09
 1.04108855e+09 1.04108859e+09 1.04108863e+09 1.04108868e+09
 1.04108872e+09 1.04108876e+09 1.04108880e+09 1.04108885e+09
 1.04108889e+09 1.04108893e+09 1.04108898e+09 1.04108902e+09
 1.04108906e+09 1.04108910e+09 1.04108915e+09 1.04108919e+09
 1.04108923e+09 1.04108927e+09 1.04108932e+09 1.04108936e+09
 1.04108940e+09 1.04108945e+09 1.04108949e+09 1.04108953e+09
 1.04108957e+09 1.04108962e+09 1.04108966e+09 1.04108970e+09
 1.04108975e+09 1.04108979e+09 1.04108983e+09 1.04108987e+09
 1.04108992e+09 1.04108996e+09 1.04109000e+09 1.04109005e+09
 1.04109009e+09 1.04109013e+09 1.04109017e+09 1.04109022e+09
 1.04109026e+09 1.04109030e+09 1.04109034e+09 1.04109039e+09
 1.04109043e+09 1.04109047e+09 1.04109052e+09 1.04109056e+09
 1.04109060e+09 1.04109064e+09 1.04109069e+09 1.04109073e+09
 1.04109077e+09 1.04109082e+09 1.04109086e+09 1.04109090e+09
 1.04109094e+09 1.04109099e+09 1.04109103e+09 1.04109107e+09
 1.04109112e+09 1.04109116e+09 1.04109120e+09 1.04109124e+09
 1.04109129e+09 1.04109133e+09 1.04109137e+09 1.04109141e+09
 1.04109146e+09 1.04109150e+09 1.04109154e+09 1.04109159e+09
 1.04109163e+09 1.04109167e+09 1.04109171e+09 1.04109176e+09
 1.04109180e+09 1.04109184e+09 1.04109189e+09 1.04109193e+09
 1.04109197e+09 1.04109201e+09 1.04109206e+09 1.04109210e+09
 1.04109214e+09 1.04109219e+09 1.04109223e+09 1.04109227e+09
 1.04109231e+09 1.04109236e+09 1.04109240e+09 1.04109244e+09
 1.04109248e+09 1.04109253e+09 1.04109257e+09 1.04109261e+09
 1.04109266e+09 1.04109270e+09 1.04109274e+09 1.04109278e+09
 1.04109283e+09 1.04109287e+09 1.04109291e+09 1.04109296e+09
 1.04109300e+09 1.04109304e+09 1.04109308e+09 1.04109313e+09
 1.04109317e+09 1.04109321e+09 1.04109325e+09 1.04109330e+09
 1.04109334e+09 1.04109338e+09 1.04109343e+09 1.04109347e+09
 1.04109351e+09 1.04109355e+09 1.04109360e+09 1.04109364e+09
 1.04109368e+09 1.04109373e+09 1.04109377e+09 1.04109381e+09
 1.04109385e+09 1.04109390e+09 1.04109394e+09 1.04109398e+09
 1.04109403e+09 1.04109407e+09 1.04109411e+09 1.04109415e+09
 1.04109420e+09 1.04109424e+09 1.04109428e+09 1.04109432e+09
 1.04109437e+09 1.04109441e+09 1.04109445e+09 1.04109450e+09
 1.04109454e+09 1.04109458e+09 1.04109462e+09 1.04109467e+09
 1.04109471e+09 1.04109475e+09 1.04109480e+09 1.04109484e+09
 1.04109488e+09 1.04109492e+09 1.04109497e+09 1.04109501e+09
 1.04109505e+09 1.04109510e+09 1.04109514e+09 1.04109518e+09
 1.04109522e+09 1.04109527e+09 1.04109531e+09 1.04109535e+09
 1.04109539e+09 1.04109544e+09 1.04109548e+09 1.04109552e+09
 1.04109557e+09 1.04109561e+09 1.04109565e+09 1.04109569e+09
 1.04109574e+09 1.04109578e+09 1.04109582e+09 1.04109587e+09
 1.04109591e+09 1.04109595e+09 1.04109599e+09 1.04109604e+09
 1.04109608e+09 1.04109612e+09 1.04109617e+09 1.04109621e+09
 1.04109625e+09 1.04109629e+09 1.04109634e+09 1.04109638e+09
 1.04109642e+09 1.04109646e+09 1.04109651e+09 1.04109655e+09
 1.04109659e+09 1.04109664e+09 1.04109668e+09 1.04109672e+09
 1.04109676e+09 1.04109681e+09 1.04109685e+09 1.04109689e+09
 1.04109694e+09 1.04109698e+09 1.04109702e+09 1.04109706e+09
 1.04109711e+09 1.04109715e+09 1.04109719e+09 1.04109724e+09
 1.04109728e+09 1.04109732e+09 1.04109736e+09 1.04109741e+09
 1.04109745e+09 1.04109749e+09 1.04109753e+09 1.04109758e+09
 1.04109762e+09 1.04109766e+09 1.04109771e+09 1.04109775e+09
 1.04109779e+09 1.04109783e+09 1.04109788e+09 1.04109792e+09
 1.04109796e+09 1.04109801e+09 1.04109805e+09 1.04109809e+09
 1.04109813e+09 1.04109818e+09 1.04109822e+09 1.04109826e+09
 1.04109831e+09 1.04109835e+09 1.04109839e+09 1.04109843e+09
 1.04109848e+09 1.04109852e+09 1.04109856e+09 1.04109860e+09
 1.04109865e+09 1.04109869e+09 1.04109873e+09 1.04109878e+09
 1.04109882e+09 1.04109886e+09 1.04109890e+09 1.04109895e+09
 1.04109899e+09 1.04109903e+09 1.04109908e+09 1.04109912e+09
 1.04109916e+09 1.04109920e+09 1.04109925e+09 1.04109929e+09
 1.04109933e+09 1.04109938e+09 1.04109942e+09 1.04109946e+09
 1.04109950e+09 1.04109955e+09 1.04109959e+09 1.04109963e+09
 1.04109967e+09 1.04109972e+09 1.04109976e+09 1.04109980e+09
 1.04109985e+09 1.04109989e+09 1.04109993e+09 1.04109997e+09
 1.04110002e+09 1.04110006e+09 1.04110010e+09 1.04110015e+09
 1.04110019e+09 1.04110023e+09 1.04110027e+09 1.04110032e+09
 1.04110036e+09 1.04110040e+09 1.04110045e+09 1.04110049e+09
 1.04110053e+09 1.04110057e+09 1.04110062e+09 1.04110066e+09
 1.04110070e+09 1.04110074e+09 1.04110079e+09 1.04110083e+09
 1.04110087e+09 1.04110092e+09 1.04110096e+09 1.04110100e+09
 1.04110104e+09 1.04110109e+09 1.04110113e+09 1.04110117e+09
 1.04110122e+09 1.04110126e+09 1.04110130e+09 1.04110134e+09
 1.04110139e+09 1.04110143e+09 1.04110147e+09 1.04110152e+09
 1.04110156e+09 1.04110160e+09 1.04110164e+09 1.04110169e+09
 1.04110173e+09 1.04110177e+09 1.04110181e+09 1.04110186e+09
 1.04110190e+09 1.04110194e+09 1.04110199e+09 1.04110203e+09
 1.04110207e+09 1.04110211e+09 1.04110216e+09 1.04110220e+09
 1.04110224e+09 1.04110229e+09 1.04110233e+09 1.04110237e+09
 1.04110241e+09 1.04110246e+09 1.04110250e+09 1.04110254e+09
 1.04110259e+09 1.04110263e+09 1.04110267e+09 1.04110271e+09
 1.04110276e+09 1.04110280e+09 1.04110284e+09 1.04110288e+09
 1.04110293e+09 1.04110297e+09 1.04110301e+09 1.04110306e+09
 1.04110310e+09 1.04110314e+09 1.04110318e+09 1.04110323e+09
 1.04110327e+09 1.04110331e+09 1.04110336e+09 1.04110340e+09
 1.04110344e+09 1.04110348e+09 1.04110353e+09 1.04110357e+09
 1.04110361e+09 1.04110366e+09 1.04110370e+09 1.04110374e+09
 1.04110378e+09 1.04110383e+09 1.04110387e+09 1.04110391e+09
 1.04110395e+09 1.04110400e+09 1.04110404e+09 1.04110408e+09
 1.04110413e+09 1.04110417e+09 1.04110421e+09 1.04110425e+09
 1.04110430e+09 1.04110434e+09 1.04110438e+09 1.04110443e+09
 1.04110447e+09 1.04110451e+09 1.04110455e+09 1.04110460e+09
 1.04110464e+09 1.04110468e+09 1.04110472e+09 1.04110477e+09
 1.04110481e+09 1.04110485e+09 1.04110490e+09 1.04110494e+09
 1.04110498e+09 1.04110502e+09 1.04110507e+09 1.04110511e+09
 1.04110515e+09 1.04110520e+09 1.04110524e+09 1.04110528e+09
 1.04110532e+09 1.04110537e+09 1.04110541e+09 1.04110545e+09
 1.04110550e+09 1.04110554e+09 1.04110558e+09 1.04110562e+09
 1.04110567e+09 1.04110571e+09 1.04110575e+09 1.04110579e+09
 1.04110584e+09 1.04110588e+09 1.04110592e+09 1.04110597e+09
 1.04110601e+09 1.04110605e+09 1.04110609e+09 1.04110614e+09
 1.04110618e+09 1.04110622e+09 1.04110627e+09 1.04110631e+09
 1.04110635e+09 1.04110639e+09 1.04110644e+09 1.04110648e+09
 1.04110652e+09 1.04110657e+09 1.04110661e+09 1.04110665e+09
 1.04110669e+09 1.04110674e+09 1.04110678e+09 1.04110682e+09
 1.04110686e+09 1.04110691e+09 1.04110695e+09 1.04110699e+09
 1.04110704e+09 1.04110708e+09 1.04110712e+09 1.04110716e+09
 1.04110721e+09 1.04110725e+09 1.04110729e+09 1.04110734e+09
 1.04110738e+09 1.04110742e+09 1.04110746e+09 1.04110751e+09
 1.04110755e+09 1.04110759e+09 1.04110764e+09 1.04110768e+09
 1.04110772e+09 1.04110776e+09 1.04110781e+09 1.04110785e+09
 1.04110789e+09 1.04110793e+09 1.04110798e+09 1.04110802e+09
 1.04110806e+09 1.04110811e+09 1.04110815e+09 1.04110819e+09
 1.04110823e+09 1.04110828e+09 1.04110832e+09 1.04110836e+09
 1.04110841e+09 1.04110845e+09 1.04110849e+09 1.04110853e+09
 1.04110858e+09 1.04110862e+09 1.04110866e+09 1.04110871e+09
 1.04110875e+09 1.04110879e+09 1.04110883e+09 1.04110888e+09
 1.04110892e+09 1.04110896e+09 1.04110900e+09 1.04110905e+09
 1.04110909e+09 1.04110913e+09 1.04110918e+09 1.04110922e+09]
minRes = 0.04528420056252253
minResTime =  [1.04110905e+09]
