name =JUICE_ROI_CAL_5_0_04
flyby =  ['2033 JAN 13 13:32:12', '2033 JAN 14 13:32:12']
Observation TW =  <SpiceCell dtype = 1, length = 0, size = 2400, card = 4, is_set = 1, adjust = 0, init = 1, base = 1356595228976, data = 1356595229024>
Res(t) =  [3.38967441 3.38630638 3.38293836 3.37957033 3.3762023  3.37283427
 3.36946624 3.3660982  3.36273016 3.35936211 3.35599407 3.35262602
 3.34925796 3.3458899  3.34252184 3.33915378 3.33578571 3.33241764
 3.32904956 3.32568148 3.3223134  3.31894531 3.31557722 3.31220913
 3.30884103 3.30547292 3.30210481 3.2987367  3.29536858 3.29200046
 3.28863233 3.2852642  3.28189606 3.27852792 3.27515977 3.27179162
 3.26842346 3.2650553  3.26168713 3.25831896 3.25495078 3.25158259
 3.2482144  3.24484621 3.241478   3.23810979 3.23474158 3.23137336
 3.22800513 3.2246369  3.22126866 3.21790041 3.21453216 3.2111639
 3.20779563 3.20442736 3.20105908 3.19769079 3.1943225  3.1909542
 3.18758589 3.18421757 3.18084925 3.17748092 3.17411258 3.17074423
 3.16737588 3.16400752 3.16063915 3.15727077 3.15390239 3.15053399
 3.14716559 3.14379718 3.14042876 3.13706034 3.1336919  3.13032346
 3.126955   3.12358654 3.12021807 3.11684959 3.1134811  3.1101126
 3.1067441  3.10337558 3.10000705 3.09663852 3.09326997 3.08990142
 3.08653286 3.08316428 3.0797957  3.0764271  3.0730585  3.06968989
 3.06632126 3.06295263 3.05958398 3.05621533 3.05284666 3.04947798
 3.04610929 3.0427406  3.03937189 3.03600317 3.03263443 3.02926569
 3.02589694 3.02252817 3.01915939 3.01579061 3.01242181 3.00905299
 3.00568417 3.00231533 2.99894649 2.99557763 2.99220875 2.98883987
 2.98547097 2.98210207 2.97873314 2.97536421 2.97199526 2.96862631
 2.96525733 2.96188835 2.95851935 2.95515034 2.95178132 2.94841228
 2.94504323 2.94167416 2.93830508 2.93493599 2.93156689 2.92819777
 2.92482864 2.92145949 2.91809033 2.91472115 2.91135196 2.90798276
 2.90461354 2.90124431 2.89787506 2.8945058  2.89113652 2.88776723
 2.88439793 2.8810286  2.87765927 2.87428992 2.87092055 2.86755117
 2.86418177 2.86081236 2.85744293 2.85407348 2.85070402 2.84733454
 2.84396505 2.84059554 2.83722602 2.83385648 2.83048692 2.82711734
 2.82374775 2.82037814 2.81700852 2.81363888 2.81026922 2.80689955
 2.80352985 2.80016015 2.79679042 2.79342067 2.79005091 2.78668113
 2.78331134 2.77994152 2.77657169 2.77320184 2.76983197 2.76646209
 2.76309218 2.75972226 2.75635232 2.75298236 2.74961238 2.74624238
 2.74287237 2.73950233 2.73613228 2.73276221 2.72939212 2.726022
 2.72265187 2.71928173 2.71591156 2.71254137 2.70917116 2.70580093
 2.70243068 2.69906042 2.69569013 2.69231982 2.68894949 2.68557914
 2.68220877 2.67883838 2.67546797 2.67209754 2.66872709 2.66535662
 2.66198613 2.65861561 2.65524508 2.65187452 2.64850394 2.64513334
 2.64176272 2.63839208 2.63502141 2.63165072 2.62828002 2.62490929
 2.62153853 2.61816776 2.61479696 2.61142614 2.6080553  2.60468443
 2.60131355 2.59794264 2.5945717  2.59120075 2.58782977 2.58445877
 2.58108774 2.57771669 2.57434562 2.57097452 2.5676034  2.56423226
 2.56086109 2.5574899  2.55411869 2.55074745 2.54737619 2.5440049
 2.54063359 2.53726225 2.53389089 2.5305195  2.52714809 2.52377666
 2.52040519 2.51703371 2.5136622  2.51029066 2.5069191  2.50354751
 2.5001759  2.49680426 2.4934326  2.49006091 2.48668919 2.48331745
 2.47994568 2.47657388 2.47320206 2.46983022 2.46645834 2.46308644
 2.45971451 2.45634256 2.45297058 2.44959857 2.44622653 2.44285447
 2.43948238 2.43611026 2.43273812 2.42936594 2.42599374 2.42262151
 2.41924926 2.41587697 2.41250466 2.40913232 2.40575995 2.40238755
 2.39901512 2.39564267 2.39227018 2.38889767 2.38552513 2.38215256
 2.37877996 2.37540733 2.37203467 2.36866198 2.36528926 2.36191651
 2.35854374 2.35517093 2.35179809 2.34842522 2.34505232 2.3416794
 2.33830644 2.33493345 2.33156043 2.32818738 2.3248143  2.32144119
 2.31806804 2.31469487 2.31132166 2.30794842 2.30457516 2.30120186
 2.29782852 2.29445516 2.29108177 2.28770834 2.28433488 2.28096139
 2.27758786 2.27421431 2.27084072 2.2674671  2.26409344 2.26071976
 2.25734604 2.25397228 2.2505985  2.24722468 2.24385083 2.24047694
 2.23710302 2.23372907 2.23035508 2.22698106 2.22360701 2.22023292
 2.2168588  2.21348464 2.21011045 2.20673622 2.20336196 2.19998766
 2.19661333 2.19323897 2.18986457 2.18649013 2.18311566 2.17974116
 2.17636662 2.17299204 2.16961743 2.16624278 2.16286809 2.15949337
 2.15611862 2.15274382 2.14936899 2.14599413 2.14261923 2.13924429
 2.13586931 2.1324943  2.12911925 2.12574416 2.12236904 2.11899388
 2.11561868 2.11224344 2.10886817 2.10549286 2.10211751 2.09874212
 2.09536669 2.09199123 2.08861573 2.08524019 2.08186461 2.07848899
 2.07511333 2.07173764 2.06836191 2.06498613 2.06161032 2.05823447
 2.05485858 2.05148264 2.04810667 2.04473066 2.04135461 2.03797852
 2.03460239 2.03122622 2.02785001 2.02447376 2.02109747 2.01772113
 2.01434476 2.01096835 2.00759189 2.00421539 2.00083886 1.99746228
 1.99408566 1.99070899 1.98733229 1.98395554 1.98057875 1.97720192
 1.97382505 1.97044814 1.96707118 1.96369418 1.96031714 1.95694005
 1.95356293 1.95018576 1.94680854 1.94343129 1.94005398 1.93667664
 1.93329925 1.92992182 1.92654435 1.92316683 1.91978927 1.91641166
 1.91303401 1.90965631 1.90627857 1.90290079 1.89952296 1.89614508
 1.89276716 1.8893892  1.88601119 1.88263313 1.87925503 1.87587688
 1.87249869 1.86912045 1.86574217 1.86236384 1.85898546 1.85560704
 1.85222857 1.84885006 1.84547149 1.84209288 1.83871423 1.83533553
 1.83195678 1.82857798 1.82519913 1.82182024 1.8184413  1.81506231
 1.81168328 1.80830419 1.80492506 1.80154588 1.79816665 1.79478738
 1.79140805 1.78802867 1.78464925 1.78126978 1.77789026 1.77451069
 1.77113107 1.7677514  1.76437168 1.76099191 1.75761209 1.75423222
 1.7508523  1.74747233 1.74409231 1.74071224 1.73733212 1.73395195
 1.73057172 1.72719145 1.72381113 1.72043075 1.71705032 1.71366984
 1.71028931 1.70690873 1.70352809 1.70014741 1.69676667 1.69338588
 1.69000503 1.68662414 1.68324319 1.67986219 1.67648113 1.67310002
 1.66971886 1.66633765 1.66295638 1.65957506 1.65619368 1.65281225
 1.64943077 1.64604923 1.64266764 1.639286   1.6359043  1.63252254
 1.62914073 1.62575887 1.62237695 1.61899497 1.61561294 1.61223086
 1.60884871 1.60546652 1.60208426 1.59870196 1.59531959 1.59193717
 1.58855469 1.58517216 1.58178957 1.57840692 1.57502421 1.57164145
 1.56825863 1.56487576 1.56149282 1.55810983 1.55472678 1.55134367
 1.54796051 1.54457729 1.541194   1.53781066 1.53442727 1.53104381
 1.52766029 1.52427672 1.52089308 1.51750939 1.51412563 1.51074182
 1.50735795 1.50397402 1.50059003 1.49720597 1.49382186 1.49043769
 1.48705345 1.48366916 1.48028481 1.47690039 1.47351591 1.47013138
 1.46674678 1.46336211 1.45997739 1.45659261 1.45320776 1.44982285
 1.44643788 1.44305285 1.43966775 1.43628259 1.43289737 1.42951209
 1.42612674 1.42274133 1.41935586 1.41597032 1.41258472 1.40919905
 1.40581332 1.40242753 1.39904167 1.39565575 1.39226977 1.38888371
 1.3854976  1.38211142 1.37872517 1.37533886 1.37195248 1.36856604
 1.36517953 1.36179296 1.35840632 1.35501961 1.35163284 1.348246
 1.34485909 1.34147212 1.33808508 1.33469798 1.3313108  1.32792356
 1.32453625 1.32114887 1.31776143 1.31437392 1.31098634 1.30759869
 1.30421097 1.30082319 1.29743533 1.29404741 1.29065941 1.28727135
 1.28388322 1.28049502 1.27710675 1.27371841 1.27033    1.26694152
 1.26355297 1.26016435 1.25677566 1.25338689 1.24999806 1.24660915
 1.24322018 1.23983113 1.23644201 1.23305282 1.22966356 1.22627423
 1.22288482 1.21949534 1.21610579 1.21271617 1.20932647 1.2059367
 1.20254686 1.19915694 1.19576695 1.19237689 1.18898675 1.18559654
 1.18220625 1.17881589 1.17542546 1.17203495 1.16864437 1.16525371
 1.16186298 1.15847217 1.15508129 1.15169033 1.1482993  1.14490819
 1.141517   1.13812574 1.1347344  1.13134298 1.12795149 1.12455992
 1.12116828 1.11777655 1.11438475 1.11099288 1.10760092 1.10420889
 1.10081678 1.09742459 1.09403232 1.09063998 1.08724755 1.08385505
 1.08046247 1.07706981 1.07367707 1.07028425 1.06689135 1.06349837
 1.06010531 1.05671218 1.05331896 1.04992566 1.04653228 1.04313882
 1.03974528 1.03635166 1.03295795 1.02956417 1.0261703  1.02277636
 1.01938233 1.01598822 1.01259402 1.00919975 1.00580539 1.00241095
 0.99901643 0.99562182 0.99222713 0.98883236 0.9854375  0.98204256
 0.97864754 0.97525243 0.97185724 0.96846197 0.96506661 0.96167117
 0.95827564 0.95488002 0.95148433 0.94808854 0.94469267 0.94129672
 0.93790068 0.93450456 0.93110835 0.92771205 0.92431567 0.9209192
 0.91752264 0.914126   0.91072927 0.90733246 0.90393556 0.90053857
 0.89714149 0.89374433 0.89034707 0.88694974 0.88355231 0.88015479
 0.87675719 0.8733595  0.86996172 0.86656385 0.8631659  0.85976785
 0.85636972 0.85297149 0.84957318 0.84617478 0.84277629 0.83937771
 0.83597904 0.83258028 0.82918143 0.82578249 0.82238347 0.81898435
 0.81558514 0.81218584 0.80878645 0.80538697 0.8019874  0.79858774
 0.79518799 0.79178814 0.78838821 0.78498819 0.78158807 0.77818786
 0.77478757 0.77138718 0.7679867  0.76458613 0.76118546 0.75778471
 0.75438386 0.75098293 0.7475819  0.74418078 0.74077957 0.73737826
 0.73397687 0.73057538 0.7271738  0.72377213 0.72037037 0.71696852
 0.71356658 0.71016454 0.70676241 0.70336019 0.69995788 0.69655548
 0.69315299 0.68975041 0.68634773 0.68294497 0.67954211 0.67613916
 0.67273612 0.66933299 0.66592977 0.66252646 0.65912306 0.65571957
 0.65231599 0.64891232 0.64550856 0.64210472 0.63870078 0.63529675
 0.63189264 0.62848844 0.62508414 0.62167977 0.6182753  0.61487075
 0.61146611 0.60806138 0.60465657 0.60125168 0.59784669 0.59444163
 0.59103648 0.58763124 0.58422592 0.58082052 0.57741504 0.57400948
 0.57060383 0.56719811 0.5637923  0.56038642 0.55698046 0.55357442
 0.5501683  0.54676211 0.54335584 0.5399495  0.53654308 0.53313659
 0.53098619 0.5275802  0.52417415 0.52076804 0.51736187 0.51395565
 0.51054937 0.50714304 0.50373667 0.50033024 0.49692376 0.49351724
 0.49011068 0.48670407 0.48329743 0.47989074 0.47648402 0.47307727
 0.46967049 0.46626367 0.46285684 0.45944997 0.45604309 0.45263619
 0.44922927 0.44582234 0.44241541 0.43900846 0.43560152 0.43219457
 0.42878763 0.4253807  0.42197379 0.41856689 0.41516001 0.41175316
 0.40834633 0.40493955 0.4015328  0.3981261  0.39471945 0.39131286
 0.38790633 0.38449988 0.38109349 0.3776872  0.37428099 0.37087488
 0.36746887 0.36406298 0.36065721 0.35725157 0.35384608 0.35044073
 0.34703554 0.34363053 0.34022569 0.33682105 0.33341662 0.3300124
 0.32660842 0.32320469 0.31980121 0.31639801 0.31299511 0.30959251
 0.30619024 0.30278832 0.29938677 0.2959856  0.29258484 0.28918452
 0.28578465 0.28238526 0.27898639 0.27558805 0.27219028 0.26879311
 0.26539657 0.2620007  0.25860554 0.25521112 0.2518175  0.2484247
 0.24503279 0.24164181 0.23825181 0.23486285 0.231475   0.22808831
 0.22470285 0.22131871 0.21793594 0.21455465 0.21117491 0.20779683
 0.2044205  0.20104603 0.19767355 0.19430317 0.19093504 0.1875693
 0.1842061  0.18084562 0.17748804 0.17413356 0.1707824  0.16743478
 0.16409097 0.16075123 0.15741588 0.15408523 0.15075966 0.14743955
 0.14412534 0.1408175  0.13751656 0.1342231  0.13093777 0.12766127
 0.12439439 0.12113804 0.11789318 0.11466093 0.11144255 0.10823943
 0.10505317 0.10188559 0.09873874 0.095615   0.09251708 0.08944813
 0.08641178 0.0834123  0.08045465 0.07754472 0.07468947 0.07189725
 0.06917806 0.06654407 0.06401013 0.06159459 0.05932037 0.05721636
 0.05531957 0.05367811 0.05235578 0.05143915 0.05104938 0.05136297
 0.05265144 0.05536555 0.06034049 0.06940454]
t =  [1.04250800e+09 1.04250804e+09 1.04250809e+09 1.04250813e+09
 1.04250817e+09 1.04250821e+09 1.04250826e+09 1.04250830e+09
 1.04250834e+09 1.04250839e+09 1.04250843e+09 1.04250847e+09
 1.04250851e+09 1.04250856e+09 1.04250860e+09 1.04250864e+09
 1.04250869e+09 1.04250873e+09 1.04250877e+09 1.04250881e+09
 1.04250886e+09 1.04250890e+09 1.04250894e+09 1.04250898e+09
 1.04250903e+09 1.04250907e+09 1.04250911e+09 1.04250916e+09
 1.04250920e+09 1.04250924e+09 1.04250928e+09 1.04250933e+09
 1.04250937e+09 1.04250941e+09 1.04250945e+09 1.04250950e+09
 1.04250954e+09 1.04250958e+09 1.04250963e+09 1.04250967e+09
 1.04250971e+09 1.04250975e+09 1.04250980e+09 1.04250984e+09
 1.04250988e+09 1.04250993e+09 1.04250997e+09 1.04251001e+09
 1.04251005e+09 1.04251010e+09 1.04251014e+09 1.04251018e+09
 1.04251022e+09 1.04251027e+09 1.04251031e+09 1.04251035e+09
 1.04251040e+09 1.04251044e+09 1.04251048e+09 1.04251052e+09
 1.04251057e+09 1.04251061e+09 1.04251065e+09 1.04251069e+09
 1.04251074e+09 1.04251078e+09 1.04251082e+09 1.04251087e+09
 1.04251091e+09 1.04251095e+09 1.04251099e+09 1.04251104e+09
 1.04251108e+09 1.04251112e+09 1.04251117e+09 1.04251121e+09
 1.04251125e+09 1.04251129e+09 1.04251134e+09 1.04251138e+09
 1.04251142e+09 1.04251146e+09 1.04251151e+09 1.04251155e+09
 1.04251159e+09 1.04251164e+09 1.04251168e+09 1.04251172e+09
 1.04251176e+09 1.04251181e+09 1.04251185e+09 1.04251189e+09
 1.04251193e+09 1.04251198e+09 1.04251202e+09 1.04251206e+09
 1.04251211e+09 1.04251215e+09 1.04251219e+09 1.04251223e+09
 1.04251228e+09 1.04251232e+09 1.04251236e+09 1.04251240e+09
 1.04251245e+09 1.04251249e+09 1.04251253e+09 1.04251258e+09
 1.04251262e+09 1.04251266e+09 1.04251270e+09 1.04251275e+09
 1.04251279e+09 1.04251283e+09 1.04251288e+09 1.04251292e+09
 1.04251296e+09 1.04251300e+09 1.04251305e+09 1.04251309e+09
 1.04251313e+09 1.04251317e+09 1.04251322e+09 1.04251326e+09
 1.04251330e+09 1.04251335e+09 1.04251339e+09 1.04251343e+09
 1.04251347e+09 1.04251352e+09 1.04251356e+09 1.04251360e+09
 1.04251364e+09 1.04251369e+09 1.04251373e+09 1.04251377e+09
 1.04251382e+09 1.04251386e+09 1.04251390e+09 1.04251394e+09
 1.04251399e+09 1.04251403e+09 1.04251407e+09 1.04251412e+09
 1.04251416e+09 1.04251420e+09 1.04251424e+09 1.04251429e+09
 1.04251433e+09 1.04251437e+09 1.04251441e+09 1.04251446e+09
 1.04251450e+09 1.04251454e+09 1.04251459e+09 1.04251463e+09
 1.04251467e+09 1.04251471e+09 1.04251476e+09 1.04251480e+09
 1.04251484e+09 1.04251488e+09 1.04251493e+09 1.04251497e+09
 1.04251501e+09 1.04251506e+09 1.04251510e+09 1.04251514e+09
 1.04251518e+09 1.04251523e+09 1.04251527e+09 1.04251531e+09
 1.04251536e+09 1.04251540e+09 1.04251544e+09 1.04251548e+09
 1.04251553e+09 1.04251557e+09 1.04251561e+09 1.04251565e+09
 1.04251570e+09 1.04251574e+09 1.04251578e+09 1.04251583e+09
 1.04251587e+09 1.04251591e+09 1.04251595e+09 1.04251600e+09
 1.04251604e+09 1.04251608e+09 1.04251612e+09 1.04251617e+09
 1.04251621e+09 1.04251625e+09 1.04251630e+09 1.04251634e+09
 1.04251638e+09 1.04251642e+09 1.04251647e+09 1.04251651e+09
 1.04251655e+09 1.04251659e+09 1.04251664e+09 1.04251668e+09
 1.04251672e+09 1.04251677e+09 1.04251681e+09 1.04251685e+09
 1.04251689e+09 1.04251694e+09 1.04251698e+09 1.04251702e+09
 1.04251707e+09 1.04251711e+09 1.04251715e+09 1.04251719e+09
 1.04251724e+09 1.04251728e+09 1.04251732e+09 1.04251736e+09
 1.04251741e+09 1.04251745e+09 1.04251749e+09 1.04251754e+09
 1.04251758e+09 1.04251762e+09 1.04251766e+09 1.04251771e+09
 1.04251775e+09 1.04251779e+09 1.04251783e+09 1.04251788e+09
 1.04251792e+09 1.04251796e+09 1.04251801e+09 1.04251805e+09
 1.04251809e+09 1.04251813e+09 1.04251818e+09 1.04251822e+09
 1.04251826e+09 1.04251831e+09 1.04251835e+09 1.04251839e+09
 1.04251843e+09 1.04251848e+09 1.04251852e+09 1.04251856e+09
 1.04251860e+09 1.04251865e+09 1.04251869e+09 1.04251873e+09
 1.04251878e+09 1.04251882e+09 1.04251886e+09 1.04251890e+09
 1.04251895e+09 1.04251899e+09 1.04251903e+09 1.04251907e+09
 1.04251912e+09 1.04251916e+09 1.04251920e+09 1.04251925e+09
 1.04251929e+09 1.04251933e+09 1.04251937e+09 1.04251942e+09
 1.04251946e+09 1.04251950e+09 1.04251955e+09 1.04251959e+09
 1.04251963e+09 1.04251967e+09 1.04251972e+09 1.04251976e+09
 1.04251980e+09 1.04251984e+09 1.04251989e+09 1.04251993e+09
 1.04251997e+09 1.04252002e+09 1.04252006e+09 1.04252010e+09
 1.04252014e+09 1.04252019e+09 1.04252023e+09 1.04252027e+09
 1.04252031e+09 1.04252036e+09 1.04252040e+09 1.04252044e+09
 1.04252049e+09 1.04252053e+09 1.04252057e+09 1.04252061e+09
 1.04252066e+09 1.04252070e+09 1.04252074e+09 1.04252079e+09
 1.04252083e+09 1.04252087e+09 1.04252091e+09 1.04252096e+09
 1.04252100e+09 1.04252104e+09 1.04252108e+09 1.04252113e+09
 1.04252117e+09 1.04252121e+09 1.04252126e+09 1.04252130e+09
 1.04252134e+09 1.04252138e+09 1.04252143e+09 1.04252147e+09
 1.04252151e+09 1.04252155e+09 1.04252160e+09 1.04252164e+09
 1.04252168e+09 1.04252173e+09 1.04252177e+09 1.04252181e+09
 1.04252185e+09 1.04252190e+09 1.04252194e+09 1.04252198e+09
 1.04252202e+09 1.04252207e+09 1.04252211e+09 1.04252215e+09
 1.04252220e+09 1.04252224e+09 1.04252228e+09 1.04252232e+09
 1.04252237e+09 1.04252241e+09 1.04252245e+09 1.04252250e+09
 1.04252254e+09 1.04252258e+09 1.04252262e+09 1.04252267e+09
 1.04252271e+09 1.04252275e+09 1.04252279e+09 1.04252284e+09
 1.04252288e+09 1.04252292e+09 1.04252297e+09 1.04252301e+09
 1.04252305e+09 1.04252309e+09 1.04252314e+09 1.04252318e+09
 1.04252322e+09 1.04252326e+09 1.04252331e+09 1.04252335e+09
 1.04252339e+09 1.04252344e+09 1.04252348e+09 1.04252352e+09
 1.04252356e+09 1.04252361e+09 1.04252365e+09 1.04252369e+09
 1.04252374e+09 1.04252378e+09 1.04252382e+09 1.04252386e+09
 1.04252391e+09 1.04252395e+09 1.04252399e+09 1.04252403e+09
 1.04252408e+09 1.04252412e+09 1.04252416e+09 1.04252421e+09
 1.04252425e+09 1.04252429e+09 1.04252433e+09 1.04252438e+09
 1.04252442e+09 1.04252446e+09 1.04252450e+09 1.04252455e+09
 1.04252459e+09 1.04252463e+09 1.04252468e+09 1.04252472e+09
 1.04252476e+09 1.04252480e+09 1.04252485e+09 1.04252489e+09
 1.04252493e+09 1.04252498e+09 1.04252502e+09 1.04252506e+09
 1.04252510e+09 1.04252515e+09 1.04252519e+09 1.04252523e+09
 1.04252527e+09 1.04252532e+09 1.04252536e+09 1.04252540e+09
 1.04252545e+09 1.04252549e+09 1.04252553e+09 1.04252557e+09
 1.04252562e+09 1.04252566e+09 1.04252570e+09 1.04252574e+09
 1.04252579e+09 1.04252583e+09 1.04252587e+09 1.04252592e+09
 1.04252596e+09 1.04252600e+09 1.04252604e+09 1.04252609e+09
 1.04252613e+09 1.04252617e+09 1.04252621e+09 1.04252626e+09
 1.04252630e+09 1.04252634e+09 1.04252639e+09 1.04252643e+09
 1.04252647e+09 1.04252651e+09 1.04252656e+09 1.04252660e+09
 1.04252664e+09 1.04252669e+09 1.04252673e+09 1.04252677e+09
 1.04252681e+09 1.04252686e+09 1.04252690e+09 1.04252694e+09
 1.04252698e+09 1.04252703e+09 1.04252707e+09 1.04252711e+09
 1.04252716e+09 1.04252720e+09 1.04252724e+09 1.04252728e+09
 1.04252733e+09 1.04252737e+09 1.04252741e+09 1.04252745e+09
 1.04252750e+09 1.04252754e+09 1.04252758e+09 1.04252763e+09
 1.04252767e+09 1.04252771e+09 1.04252775e+09 1.04252780e+09
 1.04252784e+09 1.04252788e+09 1.04252793e+09 1.04252797e+09
 1.04252801e+09 1.04252805e+09 1.04252810e+09 1.04252814e+09
 1.04252818e+09 1.04252822e+09 1.04252827e+09 1.04252831e+09
 1.04252835e+09 1.04252840e+09 1.04252844e+09 1.04252848e+09
 1.04252852e+09 1.04252857e+09 1.04252861e+09 1.04252865e+09
 1.04252869e+09 1.04252874e+09 1.04252878e+09 1.04252882e+09
 1.04252887e+09 1.04252891e+09 1.04252895e+09 1.04252899e+09
 1.04252904e+09 1.04252908e+09 1.04252912e+09 1.04252917e+09
 1.04252921e+09 1.04252925e+09 1.04252929e+09 1.04252934e+09
 1.04252938e+09 1.04252942e+09 1.04252946e+09 1.04252951e+09
 1.04252955e+09 1.04252959e+09 1.04252964e+09 1.04252968e+09
 1.04252972e+09 1.04252976e+09 1.04252981e+09 1.04252985e+09
 1.04252989e+09 1.04252993e+09 1.04252998e+09 1.04253002e+09
 1.04253006e+09 1.04253011e+09 1.04253015e+09 1.04253019e+09
 1.04253023e+09 1.04253028e+09 1.04253032e+09 1.04253036e+09
 1.04253040e+09 1.04253045e+09 1.04253049e+09 1.04253053e+09
 1.04253058e+09 1.04253062e+09 1.04253066e+09 1.04253070e+09
 1.04253075e+09 1.04253079e+09 1.04253083e+09 1.04253088e+09
 1.04253092e+09 1.04253096e+09 1.04253100e+09 1.04253105e+09
 1.04253109e+09 1.04253113e+09 1.04253117e+09 1.04253122e+09
 1.04253126e+09 1.04253130e+09 1.04253135e+09 1.04253139e+09
 1.04253143e+09 1.04253147e+09 1.04253152e+09 1.04253156e+09
 1.04253160e+09 1.04253164e+09 1.04253169e+09 1.04253173e+09
 1.04253177e+09 1.04253182e+09 1.04253186e+09 1.04253190e+09
 1.04253194e+09 1.04253199e+09 1.04253203e+09 1.04253207e+09
 1.04253212e+09 1.04253216e+09 1.04253220e+09 1.04253224e+09
 1.04253229e+09 1.04253233e+09 1.04253237e+09 1.04253241e+09
 1.04253246e+09 1.04253250e+09 1.04253254e+09 1.04253259e+09
 1.04253263e+09 1.04253267e+09 1.04253271e+09 1.04253276e+09
 1.04253280e+09 1.04253284e+09 1.04253288e+09 1.04253293e+09
 1.04253297e+09 1.04253301e+09 1.04253306e+09 1.04253310e+09
 1.04253314e+09 1.04253318e+09 1.04253323e+09 1.04253327e+09
 1.04253331e+09 1.04253336e+09 1.04253340e+09 1.04253344e+09
 1.04253348e+09 1.04253353e+09 1.04253357e+09 1.04253361e+09
 1.04253365e+09 1.04253370e+09 1.04253374e+09 1.04253378e+09
 1.04253383e+09 1.04253387e+09 1.04253391e+09 1.04253395e+09
 1.04253400e+09 1.04253404e+09 1.04253408e+09 1.04253412e+09
 1.04253417e+09 1.04253421e+09 1.04253425e+09 1.04253430e+09
 1.04253434e+09 1.04253438e+09 1.04253442e+09 1.04253447e+09
 1.04253451e+09 1.04253455e+09 1.04253459e+09 1.04253464e+09
 1.04253468e+09 1.04253472e+09 1.04253477e+09 1.04253481e+09
 1.04253485e+09 1.04253489e+09 1.04253494e+09 1.04253498e+09
 1.04253502e+09 1.04253507e+09 1.04253511e+09 1.04253515e+09
 1.04253519e+09 1.04253524e+09 1.04253528e+09 1.04253532e+09
 1.04253536e+09 1.04253541e+09 1.04253545e+09 1.04253549e+09
 1.04253554e+09 1.04253558e+09 1.04253562e+09 1.04253566e+09
 1.04253571e+09 1.04253575e+09 1.04253579e+09 1.04253583e+09
 1.04253588e+09 1.04253592e+09 1.04253596e+09 1.04253601e+09
 1.04253605e+09 1.04253609e+09 1.04253613e+09 1.04253618e+09
 1.04253622e+09 1.04253626e+09 1.04253631e+09 1.04253635e+09
 1.04253639e+09 1.04253643e+09 1.04253648e+09 1.04253652e+09
 1.04253656e+09 1.04253660e+09 1.04253665e+09 1.04253669e+09
 1.04253673e+09 1.04253678e+09 1.04253682e+09 1.04253686e+09
 1.04253690e+09 1.04253695e+09 1.04253699e+09 1.04253703e+09
 1.04253707e+09 1.04253712e+09 1.04253716e+09 1.04253720e+09
 1.04253725e+09 1.04253729e+09 1.04253733e+09 1.04253737e+09
 1.04253742e+09 1.04253746e+09 1.04253750e+09 1.04253755e+09
 1.04253759e+09 1.04253763e+09 1.04253767e+09 1.04253772e+09
 1.04253776e+09 1.04253780e+09 1.04253784e+09 1.04253789e+09
 1.04253793e+09 1.04253797e+09 1.04253802e+09 1.04253806e+09
 1.04253810e+09 1.04253814e+09 1.04253819e+09 1.04253823e+09
 1.04253827e+09 1.04253831e+09 1.04253836e+09 1.04253840e+09
 1.04253844e+09 1.04253849e+09 1.04253853e+09 1.04253857e+09
 1.04253861e+09 1.04253866e+09 1.04253870e+09 1.04253874e+09
 1.04253878e+09 1.04253883e+09 1.04253887e+09 1.04253891e+09
 1.04253896e+09 1.04253900e+09 1.04253904e+09 1.04253908e+09
 1.04253913e+09 1.04253917e+09 1.04253921e+09 1.04253926e+09
 1.04253930e+09 1.04253934e+09 1.04253938e+09 1.04253943e+09
 1.04253947e+09 1.04253951e+09 1.04253955e+09 1.04253960e+09
 1.04253964e+09 1.04253968e+09 1.04253973e+09 1.04253977e+09
 1.04253981e+09 1.04253985e+09 1.04253990e+09 1.04253994e+09
 1.04253998e+09 1.04254002e+09 1.04254007e+09 1.04254011e+09
 1.04254015e+09 1.04254020e+09 1.04254024e+09 1.04254028e+09
 1.04254032e+09 1.04254037e+09 1.04254041e+09 1.04254045e+09
 1.04254050e+09 1.04254054e+09 1.04254058e+09 1.04254062e+09
 1.04254067e+09 1.04254071e+09 1.04254075e+09 1.04254079e+09
 1.04254084e+09 1.04254088e+09 1.04254092e+09 1.04254097e+09
 1.04254101e+09 1.04254105e+09 1.04254109e+09 1.04254114e+09
 1.04254118e+09 1.04254122e+09 1.04254126e+09 1.04254131e+09
 1.04254135e+09 1.04254139e+09 1.04254144e+09 1.04254148e+09
 1.04254152e+09 1.04254156e+09 1.04254161e+09 1.04254165e+09
 1.04254169e+09 1.04254174e+09 1.04254178e+09 1.04254182e+09
 1.04254186e+09 1.04254191e+09 1.04254195e+09 1.04254199e+09
 1.04254203e+09 1.04254208e+09 1.04254212e+09 1.04254216e+09
 1.04254221e+09 1.04254225e+09 1.04254229e+09 1.04254233e+09
 1.04254238e+09 1.04254242e+09 1.04254246e+09 1.04254250e+09
 1.04254255e+09 1.04254259e+09 1.04254263e+09 1.04254268e+09
 1.04254272e+09 1.04254276e+09 1.04254280e+09 1.04254285e+09
 1.04254289e+09 1.04254293e+09 1.04254297e+09 1.04254302e+09
 1.04254306e+09 1.04254310e+09 1.04254315e+09 1.04254319e+09
 1.04254323e+09 1.04254327e+09 1.04254332e+09 1.04254336e+09
 1.04254340e+09 1.04254345e+09 1.04254349e+09 1.04254353e+09
 1.04254357e+09 1.04254362e+09 1.04254366e+09 1.04254370e+09
 1.04254374e+09 1.04254379e+09 1.04254383e+09 1.04254387e+09
 1.04254392e+09 1.04254396e+09 1.04254400e+09 1.04254404e+09
 1.04254409e+09 1.04254413e+09 1.04254417e+09 1.04254421e+09
 1.04254426e+09 1.04254430e+09 1.04254434e+09 1.04254439e+09
 1.04254443e+09 1.04254447e+09 1.04254451e+09 1.04254456e+09
 1.04254460e+09 1.04254464e+09 1.04254469e+09 1.04254473e+09
 1.04254477e+09 1.04254481e+09 1.04254486e+09 1.04254490e+09
 1.04254494e+09 1.04254498e+09 1.04254503e+09 1.04254507e+09
 1.04254511e+09 1.04254516e+09 1.04254520e+09 1.04254524e+09
 1.04254528e+09 1.04254533e+09 1.04254537e+09 1.04254541e+09
 1.04254545e+09 1.04254550e+09 1.04254554e+09 1.04254558e+09
 1.04254563e+09 1.04254567e+09 1.04254571e+09 1.04254575e+09
 1.04254580e+09 1.04254584e+09 1.04254588e+09 1.04254593e+09
 1.04254597e+09 1.04254601e+09 1.04254605e+09 1.04254610e+09
 1.04254614e+09 1.04254618e+09 1.04254622e+09 1.04254627e+09
 1.04254631e+09 1.04254635e+09 1.04254640e+09 1.04254644e+09
 1.04254648e+09 1.04254652e+09 1.04254657e+09 1.04254661e+09
 1.04254665e+09 1.04254669e+09 1.04254674e+09 1.04254678e+09
 1.04254682e+09 1.04254687e+09 1.04254691e+09 1.04254695e+09
 1.04254699e+09 1.04254704e+09 1.04254708e+09 1.04254712e+09
 1.04254716e+09 1.04254721e+09 1.04254725e+09 1.04254729e+09
 1.04254734e+09 1.04254738e+09 1.04254742e+09 1.04254746e+09
 1.04254751e+09 1.04254755e+09 1.04254759e+09 1.04254764e+09
 1.04254768e+09 1.04254772e+09 1.04254776e+09 1.04254781e+09
 1.04254785e+09 1.04254789e+09 1.04254793e+09 1.04254798e+09
 1.04254802e+09 1.04254806e+09 1.04254811e+09 1.04254815e+09
 1.04254819e+09 1.04254823e+09 1.04254828e+09 1.04254832e+09
 1.04254836e+09 1.04254840e+09 1.04254845e+09 1.04254849e+09
 1.04254853e+09 1.04254858e+09 1.04254862e+09 1.04254866e+09
 1.04254870e+09 1.04254875e+09 1.04254879e+09 1.04254883e+09
 1.04254888e+09 1.04254892e+09 1.04254896e+09 1.04254900e+09
 1.04254905e+09 1.04254909e+09 1.04254913e+09 1.04254917e+09
 1.04254922e+09 1.04254926e+09 1.04254930e+09 1.04254935e+09
 1.04254939e+09 1.04254943e+09 1.04254947e+09 1.04254952e+09
 1.04254956e+09 1.04254960e+09 1.04254964e+09 1.04254969e+09
 1.04254973e+09 1.04254977e+09 1.04254982e+09 1.04254986e+09
 1.04254990e+09 1.04254994e+09 1.04254999e+09 1.04255003e+09
 1.04255007e+09 1.04255012e+09 1.04255016e+09 1.04255020e+09
 1.04255024e+09 1.04255029e+09 1.04255033e+09 1.04255037e+09
 1.04255041e+09 1.04255046e+09 1.04255050e+09 1.04255054e+09
 1.04255059e+09 1.04255063e+09 1.04255067e+09 1.04255071e+09]
minRes = 0.05104938173053886
minResTime =  [1.0425505e+09]
