name =JUICE_ROI_CAL_4_6_01
flyby =  ['2033 JAN 13 13:32:12', '2033 JAN 14 13:32:12']
Observation TW =  <SpiceCell dtype = 1, length = 0, size = 2400, card = 4, is_set = 1, adjust = 0, init = 1, base = 1356595565040, data = 1356595565088>
Res(t) =  [3.43369461 3.43027204 3.4268495  3.42342697 3.42000446 3.41658196
 3.41315949 3.40973703 3.40631459 3.40289216 3.39946975 3.39604736
 3.39262499 3.38920264 3.3857803  3.38235798 3.37893567 3.37551338
 3.37209111 3.36866886 3.36524662 3.36182439 3.35840219 3.35498
 3.35155782 3.34813566 3.34471352 3.34129139 3.33786928 3.33444719
 3.33102511 3.32760304 3.324181   3.32075896 3.31733694 3.31391494
 3.31049295 3.30707098 3.30364902 3.30022707 3.29680514 3.29338323
 3.28996133 3.28653944 3.28311757 3.27969571 3.27627387 3.27285204
 3.26943023 3.26600843 3.26258664 3.25916486 3.2557431  3.25232136
 3.24889962 3.2454779  3.2420562  3.2386345  3.23521282 3.23179115
 3.2283695  3.22494786 3.22152623 3.21810461 3.21468301 3.21126142
 3.20783984 3.20441827 3.20099672 3.19757517 3.19415364 3.19073212
 3.18731062 3.18388912 3.18046764 3.17704617 3.17362471 3.17020326
 3.16678182 3.16336039 3.15993898 3.15651757 3.15309618 3.14967479
 3.14625342 3.14283206 3.13941071 3.13598937 3.13256804 3.12914672
 3.12572541 3.12230411 3.11888282 3.11546154 3.11204027 3.10861901
 3.10519776 3.10177652 3.09835529 3.09493407 3.09151286 3.08809165
 3.08467046 3.08124927 3.0778281  3.07440693 3.07098577 3.06756462
 3.06414348 3.06072235 3.05730122 3.05388011 3.050459   3.0470379
 3.04361681 3.04019572 3.03677465 3.03335358 3.02993252 3.02651146
 3.02309042 3.01966938 3.01624835 3.01282733 3.00940631 3.0059853
 3.0025643  2.9991433  2.99572231 2.99230133 2.98888035 2.98545938
 2.98203842 2.97861746 2.97519651 2.97177556 2.96835462 2.96493369
 2.96151276 2.95809184 2.95467093 2.95125001 2.94782911 2.94440821
 2.94098731 2.93756642 2.93414554 2.93072466 2.92730379 2.92388292
 2.92046205 2.91704119 2.91362033 2.91019948 2.90677863 2.90335779
 2.89993695 2.89651611 2.89309528 2.88967445 2.88625363 2.88283281
 2.87941199 2.87599118 2.87257037 2.86914956 2.86572876 2.86230796
 2.85888716 2.85546636 2.85204557 2.84862478 2.84520399 2.84178321
 2.83836243 2.83494165 2.83152087 2.82810009 2.82467932 2.82125855
 2.81783777 2.81441701 2.81099624 2.80757547 2.80415471 2.80073395
 2.79731318 2.79389242 2.79047166 2.78705091 2.78363015 2.78020939
 2.77678863 2.77336788 2.76994712 2.76652637 2.76310561 2.75968486
 2.7562641  2.75284335 2.74942259 2.74600183 2.74258108 2.73916032
 2.73573957 2.73231881 2.72889805 2.72547729 2.72205653 2.71863577
 2.71521501 2.71179424 2.70837348 2.70495271 2.70153194 2.69811117
 2.6946904  2.69126963 2.68784885 2.68442807 2.68100729 2.67758651
 2.67416573 2.67074494 2.66732415 2.66390336 2.66048257 2.65706177
 2.65364097 2.65022016 2.64679936 2.64337855 2.63995773 2.63653692
 2.6331161  2.62969527 2.62627445 2.62285361 2.61943278 2.61601194
 2.61259109 2.60917025 2.60574939 2.60232854 2.59890767 2.59548681
 2.59206594 2.58864506 2.58522418 2.58180329 2.5783824  2.57496151
 2.57154061 2.5681197  2.56469878 2.56127787 2.55785694 2.55443601
 2.55101507 2.54759413 2.54417318 2.54075223 2.53733127 2.5339103
 2.53048932 2.52706834 2.52364735 2.52022636 2.51680536 2.51338435
 2.50996333 2.50654231 2.50312127 2.49970023 2.49627919 2.49285813
 2.48943707 2.486016   2.48259492 2.47917383 2.47575274 2.47233164
 2.46891052 2.4654894  2.46206827 2.45864713 2.45522599 2.45180483
 2.44838367 2.44496249 2.44154131 2.43812011 2.43469891 2.4312777
 2.42785647 2.42443524 2.421014   2.41759275 2.41417148 2.41075021
 2.40732893 2.40390763 2.40048633 2.39706501 2.39364369 2.39022235
 2.386801   2.38337964 2.37995827 2.37653689 2.37311549 2.36969409
 2.36627267 2.36285124 2.3594298  2.35600835 2.35258688 2.3491654
 2.34574391 2.34232241 2.3389009  2.33547937 2.33205783 2.32863627
 2.32521471 2.32179313 2.31837153 2.31494993 2.31152831 2.30810667
 2.30468503 2.30126337 2.29784169 2.29442    2.2909983  2.28757658
 2.28415485 2.28073311 2.27731134 2.27388957 2.27046778 2.26704597
 2.26362415 2.26020232 2.25678047 2.2533586  2.24993672 2.24651482
 2.24309291 2.23967098 2.23624904 2.23282708 2.2294051  2.22598311
 2.2225611  2.21913907 2.21571703 2.21229497 2.2088729  2.2054508
 2.20202869 2.19860657 2.19518442 2.19176226 2.18834008 2.18491789
 2.18149567 2.17807344 2.17465119 2.17122892 2.16780663 2.16438433
 2.160962   2.15753966 2.1541173  2.15069492 2.14727252 2.14385011
 2.14042767 2.13700521 2.13358274 2.13016024 2.12673773 2.1233152
 2.11989264 2.11647007 2.11304748 2.10962486 2.10620223 2.10277957
 2.0993569  2.0959342  2.09251149 2.08908875 2.08566599 2.08224321
 2.07882041 2.07539759 2.07197475 2.06855188 2.06512899 2.06170609
 2.05828316 2.0548602  2.05143723 2.04801423 2.04459121 2.04116817
 2.03774511 2.03432202 2.03089891 2.02747577 2.02405262 2.02062944
 2.01720624 2.01378301 2.01035976 2.00693648 2.00351319 2.00008987
 1.99666652 1.99324315 1.98981975 1.98639634 1.98297289 1.97954942
 1.97612593 1.97270241 1.96927887 1.9658553  1.96243171 1.95900809
 1.95558444 1.95216077 1.94873708 1.94531335 1.94188961 1.93846583
 1.93504203 1.9316182  1.92819435 1.92477047 1.92134656 1.91792263
 1.91449867 1.91107468 1.90765066 1.90422662 1.90080255 1.89737845
 1.89395432 1.89053017 1.88710599 1.88368178 1.88025754 1.87683327
 1.87340897 1.86998465 1.8665603  1.86313591 1.8597115  1.85628706
 1.85286259 1.84943809 1.84601356 1.842589   1.83916442 1.8357398
 1.83231515 1.82889047 1.82546576 1.82204102 1.81861625 1.81519145
 1.81176662 1.80834175 1.80491686 1.80149193 1.79806698 1.79464199
 1.79121697 1.78779191 1.78436683 1.78094171 1.77751657 1.77409139
 1.77066617 1.76724093 1.76381565 1.76039034 1.75696499 1.75353962
 1.7501142  1.74668876 1.74326328 1.73983777 1.73641223 1.73298665
 1.72956103 1.72613539 1.72270971 1.71928399 1.71585824 1.71243245
 1.70900663 1.70558078 1.70215489 1.69872896 1.695303   1.691877
 1.68845097 1.6850249  1.6815988  1.67817266 1.67474648 1.67132027
 1.66789402 1.66446773 1.66104141 1.65761505 1.65418865 1.65076222
 1.64733575 1.64390924 1.64048269 1.63705611 1.63362949 1.63020283
 1.62677613 1.62334939 1.61992262 1.6164958  1.61306895 1.60964206
 1.60621513 1.60278816 1.59936115 1.5959341  1.59250701 1.58907989
 1.58565272 1.58222551 1.57879826 1.57537097 1.57194365 1.56851628
 1.56508887 1.56166142 1.55823392 1.55480639 1.55137882 1.5479512
 1.54452354 1.54109584 1.5376681  1.53424032 1.53081249 1.52738463
 1.52395672 1.52052876 1.51710077 1.51367273 1.51024465 1.50681652
 1.50338835 1.49996014 1.49653189 1.49310359 1.48967524 1.48624686
 1.48281842 1.47938995 1.47596143 1.47253286 1.46910425 1.4656756
 1.4622469  1.45881815 1.45538936 1.45196052 1.44853164 1.44510271
 1.44167374 1.43824471 1.43481565 1.43138653 1.42795737 1.42452816
 1.42109891 1.41766961 1.41424026 1.41081086 1.40738142 1.40395193
 1.40052239 1.3970928  1.39366316 1.39023348 1.38680374 1.38337396
 1.37994413 1.37651425 1.37308432 1.36965434 1.36622432 1.36279424
 1.35936411 1.35593393 1.35250371 1.34907343 1.3456431  1.34221272
 1.33878229 1.33535181 1.33192128 1.32849069 1.32506006 1.32162937
 1.31819864 1.31476785 1.311337   1.30790611 1.30447516 1.30104416
 1.29761311 1.29418201 1.29075085 1.28731964 1.28388837 1.28045705
 1.27702568 1.27359426 1.27016278 1.26673124 1.26329966 1.25986801
 1.25643631 1.25300456 1.24957275 1.24614089 1.24270897 1.239277
 1.23584497 1.23241289 1.22898074 1.22554855 1.22211629 1.21868398
 1.21525161 1.21181919 1.20838671 1.20495417 1.20152158 1.19808892
 1.19465621 1.19122344 1.18779061 1.18435773 1.18092478 1.17749178
 1.17405872 1.1706256  1.16719242 1.16375918 1.16032588 1.15689253
 1.15345911 1.15002563 1.14659209 1.1431585  1.13972484 1.13629112
 1.13285734 1.1294235  1.12598959 1.12255563 1.1191216  1.11568752
 1.11225337 1.10881916 1.10538488 1.10195055 1.09851615 1.09508169
 1.09164716 1.08821258 1.08477792 1.08134321 1.07790843 1.07447359
 1.07103868 1.06760371 1.06416868 1.06073358 1.05729842 1.05386319
 1.0504279  1.04699254 1.04355711 1.04012162 1.03668607 1.03325044
 1.02981476 1.026379   1.02294318 1.01950729 1.01607134 1.01263532
 1.00919923 1.00576307 1.00232685 0.99889056 0.9954542  0.99201777
 0.98858128 0.98514471 0.98170808 0.97827138 0.97483461 0.97139777
 0.96796086 0.96452388 0.96108683 0.95764971 0.95421253 0.95077527
 0.94733794 0.94390054 0.94046307 0.93702553 0.93358792 0.93015023
 0.92671248 0.92327465 0.91983676 0.91639879 0.91296074 0.90952263
 0.90608444 0.90264618 0.89920785 0.89576945 0.89233097 0.88889242
 0.8854538  0.8820151  0.87857633 0.87513748 0.87169856 0.86825957
 0.8648205  0.86138136 0.85794214 0.85450285 0.85106348 0.84762404
 0.84418453 0.84074493 0.83730527 0.83386552 0.8304257  0.82698581
 0.82354584 0.82010579 0.81666567 0.81322547 0.80978519 0.80634484
 0.80290441 0.7994639  0.79602332 0.79258265 0.78914192 0.7857011
 0.78226021 0.77881923 0.77537819 0.77193706 0.76849585 0.76505457
 0.76161321 0.75817177 0.75473026 0.75128866 0.74784699 0.74440523
 0.7409634  0.73752149 0.73407951 0.73063744 0.72719529 0.72375307
 0.72031077 0.71686839 0.71342592 0.70998339 0.70654077 0.70309807
 0.69965529 0.69621244 0.6927695  0.68932649 0.6858834  0.68244023
 0.67899698 0.67555365 0.67211025 0.66866676 0.6652232  0.66177955
 0.65833583 0.65489203 0.65144816 0.6480042  0.64456017 0.64111606
 0.63767187 0.63422761 0.63078327 0.62733885 0.62389435 0.62044978
 0.61700513 0.61356041 0.61011561 0.60667073 0.60322578 0.59978075
 0.59633566 0.59289048 0.58944523 0.58599991 0.58255452 0.57910906
 0.57566352 0.57221791 0.56877223 0.56532648 0.56188066 0.55843477
 0.55498881 0.55154279 0.54809669 0.54465053 0.54120431 0.53775802
 0.53549112 0.53204526 0.52859934 0.52515338 0.52170736 0.51826129
 0.51481517 0.51136901 0.5079228  0.50447654 0.50103024 0.4975839
 0.49413752 0.49069111 0.48724465 0.48379816 0.48035164 0.47690509
 0.4734585  0.47001189 0.46656526 0.4631186  0.45967193 0.45622523
 0.45277852 0.4493318  0.44588507 0.44243833 0.43899159 0.43554485
 0.43209811 0.42865138 0.42520466 0.42175795 0.41831126 0.41486459
 0.41141794 0.40797133 0.40452475 0.40107821 0.39763171 0.39418527
 0.39073888 0.38729255 0.38384629 0.3804001  0.37695399 0.37350796
 0.37006203 0.3666162  0.36317048 0.35972487 0.35627939 0.35283404
 0.34938884 0.34594379 0.3424989  0.33905419 0.33560966 0.33216532
 0.3287212  0.3252773  0.32183363 0.31839021 0.31494705 0.31150418
 0.3080616  0.30461934 0.30117741 0.29773583 0.29429462 0.2908538
 0.2874134  0.28397344 0.28053394 0.27709493 0.27365644 0.2702185
 0.26678113 0.26334438 0.25990828 0.25647285 0.25303815 0.24960422
 0.24617109 0.24273882 0.23930745 0.23587704 0.23244765 0.22901933
 0.22559214 0.22216617 0.21874147 0.21531813 0.21189623 0.20847586
 0.20505711 0.20164009 0.19822491 0.19481169 0.19140055 0.18799163
 0.18458508 0.18118106 0.17777974 0.17438132 0.17098598 0.16759396
 0.1642055  0.16082085 0.1574403  0.15406416 0.15069278 0.14732652
 0.1439658  0.14061108 0.13726285 0.13392166 0.13058812 0.12726292
 0.12394681 0.12064064 0.11734534 0.114062   0.11079178 0.10753606
 0.10429636 0.10107442 0.09787223 0.09469207 0.09153657 0.08840876
 0.08531217 0.08225092 0.07922986 0.0762547  0.07333225 0.07047066
 0.06767973 0.0649714  0.0623603  0.05986453 0.05750674 0.05531557
 0.05332778 0.05159122 0.05016944 0.04914876 0.04864998 0.04884902
 0.0500163  0.05260073 0.05743542 0.06635486]
t =  [1.04250800e+09 1.04250804e+09 1.04250809e+09 1.04250813e+09
 1.04250817e+09 1.04250822e+09 1.04250826e+09 1.04250830e+09
 1.04250834e+09 1.04250839e+09 1.04250843e+09 1.04250847e+09
 1.04250851e+09 1.04250856e+09 1.04250860e+09 1.04250864e+09
 1.04250869e+09 1.04250873e+09 1.04250877e+09 1.04250881e+09
 1.04250886e+09 1.04250890e+09 1.04250894e+09 1.04250898e+09
 1.04250903e+09 1.04250907e+09 1.04250911e+09 1.04250916e+09
 1.04250920e+09 1.04250924e+09 1.04250928e+09 1.04250933e+09
 1.04250937e+09 1.04250941e+09 1.04250946e+09 1.04250950e+09
 1.04250954e+09 1.04250958e+09 1.04250963e+09 1.04250967e+09
 1.04250971e+09 1.04250975e+09 1.04250980e+09 1.04250984e+09
 1.04250988e+09 1.04250993e+09 1.04250997e+09 1.04251001e+09
 1.04251005e+09 1.04251010e+09 1.04251014e+09 1.04251018e+09
 1.04251023e+09 1.04251027e+09 1.04251031e+09 1.04251035e+09
 1.04251040e+09 1.04251044e+09 1.04251048e+09 1.04251052e+09
 1.04251057e+09 1.04251061e+09 1.04251065e+09 1.04251070e+09
 1.04251074e+09 1.04251078e+09 1.04251082e+09 1.04251087e+09
 1.04251091e+09 1.04251095e+09 1.04251100e+09 1.04251104e+09
 1.04251108e+09 1.04251112e+09 1.04251117e+09 1.04251121e+09
 1.04251125e+09 1.04251129e+09 1.04251134e+09 1.04251138e+09
 1.04251142e+09 1.04251147e+09 1.04251151e+09 1.04251155e+09
 1.04251159e+09 1.04251164e+09 1.04251168e+09 1.04251172e+09
 1.04251177e+09 1.04251181e+09 1.04251185e+09 1.04251189e+09
 1.04251194e+09 1.04251198e+09 1.04251202e+09 1.04251206e+09
 1.04251211e+09 1.04251215e+09 1.04251219e+09 1.04251224e+09
 1.04251228e+09 1.04251232e+09 1.04251236e+09 1.04251241e+09
 1.04251245e+09 1.04251249e+09 1.04251254e+09 1.04251258e+09
 1.04251262e+09 1.04251266e+09 1.04251271e+09 1.04251275e+09
 1.04251279e+09 1.04251283e+09 1.04251288e+09 1.04251292e+09
 1.04251296e+09 1.04251301e+09 1.04251305e+09 1.04251309e+09
 1.04251313e+09 1.04251318e+09 1.04251322e+09 1.04251326e+09
 1.04251331e+09 1.04251335e+09 1.04251339e+09 1.04251343e+09
 1.04251348e+09 1.04251352e+09 1.04251356e+09 1.04251360e+09
 1.04251365e+09 1.04251369e+09 1.04251373e+09 1.04251378e+09
 1.04251382e+09 1.04251386e+09 1.04251390e+09 1.04251395e+09
 1.04251399e+09 1.04251403e+09 1.04251408e+09 1.04251412e+09
 1.04251416e+09 1.04251420e+09 1.04251425e+09 1.04251429e+09
 1.04251433e+09 1.04251437e+09 1.04251442e+09 1.04251446e+09
 1.04251450e+09 1.04251455e+09 1.04251459e+09 1.04251463e+09
 1.04251467e+09 1.04251472e+09 1.04251476e+09 1.04251480e+09
 1.04251485e+09 1.04251489e+09 1.04251493e+09 1.04251497e+09
 1.04251502e+09 1.04251506e+09 1.04251510e+09 1.04251514e+09
 1.04251519e+09 1.04251523e+09 1.04251527e+09 1.04251532e+09
 1.04251536e+09 1.04251540e+09 1.04251544e+09 1.04251549e+09
 1.04251553e+09 1.04251557e+09 1.04251561e+09 1.04251566e+09
 1.04251570e+09 1.04251574e+09 1.04251579e+09 1.04251583e+09
 1.04251587e+09 1.04251591e+09 1.04251596e+09 1.04251600e+09
 1.04251604e+09 1.04251609e+09 1.04251613e+09 1.04251617e+09
 1.04251621e+09 1.04251626e+09 1.04251630e+09 1.04251634e+09
 1.04251638e+09 1.04251643e+09 1.04251647e+09 1.04251651e+09
 1.04251656e+09 1.04251660e+09 1.04251664e+09 1.04251668e+09
 1.04251673e+09 1.04251677e+09 1.04251681e+09 1.04251686e+09
 1.04251690e+09 1.04251694e+09 1.04251698e+09 1.04251703e+09
 1.04251707e+09 1.04251711e+09 1.04251715e+09 1.04251720e+09
 1.04251724e+09 1.04251728e+09 1.04251733e+09 1.04251737e+09
 1.04251741e+09 1.04251745e+09 1.04251750e+09 1.04251754e+09
 1.04251758e+09 1.04251763e+09 1.04251767e+09 1.04251771e+09
 1.04251775e+09 1.04251780e+09 1.04251784e+09 1.04251788e+09
 1.04251792e+09 1.04251797e+09 1.04251801e+09 1.04251805e+09
 1.04251810e+09 1.04251814e+09 1.04251818e+09 1.04251822e+09
 1.04251827e+09 1.04251831e+09 1.04251835e+09 1.04251840e+09
 1.04251844e+09 1.04251848e+09 1.04251852e+09 1.04251857e+09
 1.04251861e+09 1.04251865e+09 1.04251869e+09 1.04251874e+09
 1.04251878e+09 1.04251882e+09 1.04251887e+09 1.04251891e+09
 1.04251895e+09 1.04251899e+09 1.04251904e+09 1.04251908e+09
 1.04251912e+09 1.04251917e+09 1.04251921e+09 1.04251925e+09
 1.04251929e+09 1.04251934e+09 1.04251938e+09 1.04251942e+09
 1.04251946e+09 1.04251951e+09 1.04251955e+09 1.04251959e+09
 1.04251964e+09 1.04251968e+09 1.04251972e+09 1.04251976e+09
 1.04251981e+09 1.04251985e+09 1.04251989e+09 1.04251994e+09
 1.04251998e+09 1.04252002e+09 1.04252006e+09 1.04252011e+09
 1.04252015e+09 1.04252019e+09 1.04252023e+09 1.04252028e+09
 1.04252032e+09 1.04252036e+09 1.04252041e+09 1.04252045e+09
 1.04252049e+09 1.04252053e+09 1.04252058e+09 1.04252062e+09
 1.04252066e+09 1.04252071e+09 1.04252075e+09 1.04252079e+09
 1.04252083e+09 1.04252088e+09 1.04252092e+09 1.04252096e+09
 1.04252100e+09 1.04252105e+09 1.04252109e+09 1.04252113e+09
 1.04252118e+09 1.04252122e+09 1.04252126e+09 1.04252130e+09
 1.04252135e+09 1.04252139e+09 1.04252143e+09 1.04252148e+09
 1.04252152e+09 1.04252156e+09 1.04252160e+09 1.04252165e+09
 1.04252169e+09 1.04252173e+09 1.04252177e+09 1.04252182e+09
 1.04252186e+09 1.04252190e+09 1.04252195e+09 1.04252199e+09
 1.04252203e+09 1.04252207e+09 1.04252212e+09 1.04252216e+09
 1.04252220e+09 1.04252224e+09 1.04252229e+09 1.04252233e+09
 1.04252237e+09 1.04252242e+09 1.04252246e+09 1.04252250e+09
 1.04252254e+09 1.04252259e+09 1.04252263e+09 1.04252267e+09
 1.04252272e+09 1.04252276e+09 1.04252280e+09 1.04252284e+09
 1.04252289e+09 1.04252293e+09 1.04252297e+09 1.04252301e+09
 1.04252306e+09 1.04252310e+09 1.04252314e+09 1.04252319e+09
 1.04252323e+09 1.04252327e+09 1.04252331e+09 1.04252336e+09
 1.04252340e+09 1.04252344e+09 1.04252349e+09 1.04252353e+09
 1.04252357e+09 1.04252361e+09 1.04252366e+09 1.04252370e+09
 1.04252374e+09 1.04252378e+09 1.04252383e+09 1.04252387e+09
 1.04252391e+09 1.04252396e+09 1.04252400e+09 1.04252404e+09
 1.04252408e+09 1.04252413e+09 1.04252417e+09 1.04252421e+09
 1.04252426e+09 1.04252430e+09 1.04252434e+09 1.04252438e+09
 1.04252443e+09 1.04252447e+09 1.04252451e+09 1.04252455e+09
 1.04252460e+09 1.04252464e+09 1.04252468e+09 1.04252473e+09
 1.04252477e+09 1.04252481e+09 1.04252485e+09 1.04252490e+09
 1.04252494e+09 1.04252498e+09 1.04252503e+09 1.04252507e+09
 1.04252511e+09 1.04252515e+09 1.04252520e+09 1.04252524e+09
 1.04252528e+09 1.04252532e+09 1.04252537e+09 1.04252541e+09
 1.04252545e+09 1.04252550e+09 1.04252554e+09 1.04252558e+09
 1.04252562e+09 1.04252567e+09 1.04252571e+09 1.04252575e+09
 1.04252580e+09 1.04252584e+09 1.04252588e+09 1.04252592e+09
 1.04252597e+09 1.04252601e+09 1.04252605e+09 1.04252609e+09
 1.04252614e+09 1.04252618e+09 1.04252622e+09 1.04252627e+09
 1.04252631e+09 1.04252635e+09 1.04252639e+09 1.04252644e+09
 1.04252648e+09 1.04252652e+09 1.04252657e+09 1.04252661e+09
 1.04252665e+09 1.04252669e+09 1.04252674e+09 1.04252678e+09
 1.04252682e+09 1.04252686e+09 1.04252691e+09 1.04252695e+09
 1.04252699e+09 1.04252704e+09 1.04252708e+09 1.04252712e+09
 1.04252716e+09 1.04252721e+09 1.04252725e+09 1.04252729e+09
 1.04252734e+09 1.04252738e+09 1.04252742e+09 1.04252746e+09
 1.04252751e+09 1.04252755e+09 1.04252759e+09 1.04252763e+09
 1.04252768e+09 1.04252772e+09 1.04252776e+09 1.04252781e+09
 1.04252785e+09 1.04252789e+09 1.04252793e+09 1.04252798e+09
 1.04252802e+09 1.04252806e+09 1.04252810e+09 1.04252815e+09
 1.04252819e+09 1.04252823e+09 1.04252828e+09 1.04252832e+09
 1.04252836e+09 1.04252840e+09 1.04252845e+09 1.04252849e+09
 1.04252853e+09 1.04252858e+09 1.04252862e+09 1.04252866e+09
 1.04252870e+09 1.04252875e+09 1.04252879e+09 1.04252883e+09
 1.04252887e+09 1.04252892e+09 1.04252896e+09 1.04252900e+09
 1.04252905e+09 1.04252909e+09 1.04252913e+09 1.04252917e+09
 1.04252922e+09 1.04252926e+09 1.04252930e+09 1.04252935e+09
 1.04252939e+09 1.04252943e+09 1.04252947e+09 1.04252952e+09
 1.04252956e+09 1.04252960e+09 1.04252964e+09 1.04252969e+09
 1.04252973e+09 1.04252977e+09 1.04252982e+09 1.04252986e+09
 1.04252990e+09 1.04252994e+09 1.04252999e+09 1.04253003e+09
 1.04253007e+09 1.04253012e+09 1.04253016e+09 1.04253020e+09
 1.04253024e+09 1.04253029e+09 1.04253033e+09 1.04253037e+09
 1.04253041e+09 1.04253046e+09 1.04253050e+09 1.04253054e+09
 1.04253059e+09 1.04253063e+09 1.04253067e+09 1.04253071e+09
 1.04253076e+09 1.04253080e+09 1.04253084e+09 1.04253089e+09
 1.04253093e+09 1.04253097e+09 1.04253101e+09 1.04253106e+09
 1.04253110e+09 1.04253114e+09 1.04253118e+09 1.04253123e+09
 1.04253127e+09 1.04253131e+09 1.04253136e+09 1.04253140e+09
 1.04253144e+09 1.04253148e+09 1.04253153e+09 1.04253157e+09
 1.04253161e+09 1.04253166e+09 1.04253170e+09 1.04253174e+09
 1.04253178e+09 1.04253183e+09 1.04253187e+09 1.04253191e+09
 1.04253195e+09 1.04253200e+09 1.04253204e+09 1.04253208e+09
 1.04253213e+09 1.04253217e+09 1.04253221e+09 1.04253225e+09
 1.04253230e+09 1.04253234e+09 1.04253238e+09 1.04253243e+09
 1.04253247e+09 1.04253251e+09 1.04253255e+09 1.04253260e+09
 1.04253264e+09 1.04253268e+09 1.04253272e+09 1.04253277e+09
 1.04253281e+09 1.04253285e+09 1.04253290e+09 1.04253294e+09
 1.04253298e+09 1.04253302e+09 1.04253307e+09 1.04253311e+09
 1.04253315e+09 1.04253320e+09 1.04253324e+09 1.04253328e+09
 1.04253332e+09 1.04253337e+09 1.04253341e+09 1.04253345e+09
 1.04253349e+09 1.04253354e+09 1.04253358e+09 1.04253362e+09
 1.04253367e+09 1.04253371e+09 1.04253375e+09 1.04253379e+09
 1.04253384e+09 1.04253388e+09 1.04253392e+09 1.04253397e+09
 1.04253401e+09 1.04253405e+09 1.04253409e+09 1.04253414e+09
 1.04253418e+09 1.04253422e+09 1.04253426e+09 1.04253431e+09
 1.04253435e+09 1.04253439e+09 1.04253444e+09 1.04253448e+09
 1.04253452e+09 1.04253456e+09 1.04253461e+09 1.04253465e+09
 1.04253469e+09 1.04253473e+09 1.04253478e+09 1.04253482e+09
 1.04253486e+09 1.04253491e+09 1.04253495e+09 1.04253499e+09
 1.04253503e+09 1.04253508e+09 1.04253512e+09 1.04253516e+09
 1.04253521e+09 1.04253525e+09 1.04253529e+09 1.04253533e+09
 1.04253538e+09 1.04253542e+09 1.04253546e+09 1.04253550e+09
 1.04253555e+09 1.04253559e+09 1.04253563e+09 1.04253568e+09
 1.04253572e+09 1.04253576e+09 1.04253580e+09 1.04253585e+09
 1.04253589e+09 1.04253593e+09 1.04253598e+09 1.04253602e+09
 1.04253606e+09 1.04253610e+09 1.04253615e+09 1.04253619e+09
 1.04253623e+09 1.04253627e+09 1.04253632e+09 1.04253636e+09
 1.04253640e+09 1.04253645e+09 1.04253649e+09 1.04253653e+09
 1.04253657e+09 1.04253662e+09 1.04253666e+09 1.04253670e+09
 1.04253675e+09 1.04253679e+09 1.04253683e+09 1.04253687e+09
 1.04253692e+09 1.04253696e+09 1.04253700e+09 1.04253704e+09
 1.04253709e+09 1.04253713e+09 1.04253717e+09 1.04253722e+09
 1.04253726e+09 1.04253730e+09 1.04253734e+09 1.04253739e+09
 1.04253743e+09 1.04253747e+09 1.04253752e+09 1.04253756e+09
 1.04253760e+09 1.04253764e+09 1.04253769e+09 1.04253773e+09
 1.04253777e+09 1.04253781e+09 1.04253786e+09 1.04253790e+09
 1.04253794e+09 1.04253799e+09 1.04253803e+09 1.04253807e+09
 1.04253811e+09 1.04253816e+09 1.04253820e+09 1.04253824e+09
 1.04253829e+09 1.04253833e+09 1.04253837e+09 1.04253841e+09
 1.04253846e+09 1.04253850e+09 1.04253854e+09 1.04253858e+09
 1.04253863e+09 1.04253867e+09 1.04253871e+09 1.04253876e+09
 1.04253880e+09 1.04253884e+09 1.04253888e+09 1.04253893e+09
 1.04253897e+09 1.04253901e+09 1.04253906e+09 1.04253910e+09
 1.04253914e+09 1.04253918e+09 1.04253923e+09 1.04253927e+09
 1.04253931e+09 1.04253935e+09 1.04253940e+09 1.04253944e+09
 1.04253948e+09 1.04253953e+09 1.04253957e+09 1.04253961e+09
 1.04253965e+09 1.04253970e+09 1.04253974e+09 1.04253978e+09
 1.04253983e+09 1.04253987e+09 1.04253991e+09 1.04253995e+09
 1.04254000e+09 1.04254004e+09 1.04254008e+09 1.04254012e+09
 1.04254017e+09 1.04254021e+09 1.04254025e+09 1.04254030e+09
 1.04254034e+09 1.04254038e+09 1.04254042e+09 1.04254047e+09
 1.04254051e+09 1.04254055e+09 1.04254059e+09 1.04254064e+09
 1.04254068e+09 1.04254072e+09 1.04254077e+09 1.04254081e+09
 1.04254085e+09 1.04254089e+09 1.04254094e+09 1.04254098e+09
 1.04254102e+09 1.04254107e+09 1.04254111e+09 1.04254115e+09
 1.04254119e+09 1.04254124e+09 1.04254128e+09 1.04254132e+09
 1.04254136e+09 1.04254141e+09 1.04254145e+09 1.04254149e+09
 1.04254154e+09 1.04254158e+09 1.04254162e+09 1.04254166e+09
 1.04254171e+09 1.04254175e+09 1.04254179e+09 1.04254184e+09
 1.04254188e+09 1.04254192e+09 1.04254196e+09 1.04254201e+09
 1.04254205e+09 1.04254209e+09 1.04254213e+09 1.04254218e+09
 1.04254222e+09 1.04254226e+09 1.04254231e+09 1.04254235e+09
 1.04254239e+09 1.04254243e+09 1.04254248e+09 1.04254252e+09
 1.04254256e+09 1.04254261e+09 1.04254265e+09 1.04254269e+09
 1.04254273e+09 1.04254278e+09 1.04254282e+09 1.04254286e+09
 1.04254290e+09 1.04254295e+09 1.04254299e+09 1.04254303e+09
 1.04254308e+09 1.04254312e+09 1.04254316e+09 1.04254320e+09
 1.04254325e+09 1.04254329e+09 1.04254333e+09 1.04254338e+09
 1.04254342e+09 1.04254346e+09 1.04254350e+09 1.04254355e+09
 1.04254359e+09 1.04254363e+09 1.04254367e+09 1.04254372e+09
 1.04254376e+09 1.04254380e+09 1.04254385e+09 1.04254389e+09
 1.04254393e+09 1.04254397e+09 1.04254402e+09 1.04254406e+09
 1.04254410e+09 1.04254415e+09 1.04254419e+09 1.04254423e+09
 1.04254427e+09 1.04254432e+09 1.04254436e+09 1.04254440e+09
 1.04254444e+09 1.04254449e+09 1.04254453e+09 1.04254457e+09
 1.04254462e+09 1.04254466e+09 1.04254470e+09 1.04254474e+09
 1.04254479e+09 1.04254483e+09 1.04254487e+09 1.04254492e+09
 1.04254496e+09 1.04254500e+09 1.04254504e+09 1.04254509e+09
 1.04254513e+09 1.04254517e+09 1.04254521e+09 1.04254526e+09
 1.04254530e+09 1.04254534e+09 1.04254539e+09 1.04254543e+09
 1.04254547e+09 1.04254551e+09 1.04254556e+09 1.04254560e+09
 1.04254564e+09 1.04254569e+09 1.04254573e+09 1.04254577e+09
 1.04254581e+09 1.04254586e+09 1.04254590e+09 1.04254594e+09
 1.04254598e+09 1.04254603e+09 1.04254607e+09 1.04254611e+09
 1.04254616e+09 1.04254620e+09 1.04254624e+09 1.04254628e+09
 1.04254633e+09 1.04254637e+09 1.04254641e+09 1.04254646e+09
 1.04254650e+09 1.04254654e+09 1.04254658e+09 1.04254663e+09
 1.04254667e+09 1.04254671e+09 1.04254675e+09 1.04254680e+09
 1.04254684e+09 1.04254688e+09 1.04254693e+09 1.04254697e+09
 1.04254701e+09 1.04254705e+09 1.04254710e+09 1.04254714e+09
 1.04254718e+09 1.04254722e+09 1.04254727e+09 1.04254731e+09
 1.04254735e+09 1.04254740e+09 1.04254744e+09 1.04254748e+09
 1.04254752e+09 1.04254757e+09 1.04254761e+09 1.04254765e+09
 1.04254770e+09 1.04254774e+09 1.04254778e+09 1.04254782e+09
 1.04254787e+09 1.04254791e+09 1.04254795e+09 1.04254799e+09
 1.04254804e+09 1.04254808e+09 1.04254812e+09 1.04254817e+09
 1.04254821e+09 1.04254825e+09 1.04254829e+09 1.04254834e+09
 1.04254838e+09 1.04254842e+09 1.04254847e+09 1.04254851e+09
 1.04254855e+09 1.04254859e+09 1.04254864e+09 1.04254868e+09
 1.04254872e+09 1.04254876e+09 1.04254881e+09 1.04254885e+09
 1.04254889e+09 1.04254894e+09 1.04254898e+09 1.04254902e+09
 1.04254906e+09 1.04254911e+09 1.04254915e+09 1.04254919e+09
 1.04254924e+09 1.04254928e+09 1.04254932e+09 1.04254936e+09
 1.04254941e+09 1.04254945e+09 1.04254949e+09 1.04254953e+09
 1.04254958e+09 1.04254962e+09 1.04254966e+09 1.04254971e+09
 1.04254975e+09 1.04254979e+09 1.04254983e+09 1.04254988e+09
 1.04254992e+09 1.04254996e+09 1.04255001e+09 1.04255005e+09
 1.04255009e+09 1.04255013e+09 1.04255018e+09 1.04255022e+09
 1.04255026e+09 1.04255030e+09 1.04255035e+09 1.04255039e+09
 1.04255043e+09 1.04255048e+09 1.04255052e+09 1.04255056e+09
 1.04255060e+09 1.04255065e+09 1.04255069e+09 1.04255073e+09]
minRes = 0.04864998230140659
minResTime =  [1.04255052e+09]
