name =JUICE_ROI_CAL_7_0_03
flyby =  ['2033 JAN 13 13:32:12', '2033 JAN 14 13:32:12']
Observation TW =  <SpiceCell dtype = 1, length = 0, size = 2400, card = 4, is_set = 1, adjust = 0, init = 1, base = 1356598939664, data = 1356598939712>
Res(t) =  [4.46435198 4.45987409 4.45539649 4.45091917 4.44644213 4.44196538
 4.43748892 4.43301274 4.42853685 4.42406124 4.41958591 4.41511087
 4.41063612 4.40616165 4.40168746 4.39721356 4.39273994 4.38826661
 4.38379356 4.37932079 4.37484831 4.37037611 4.36590419 4.36143255
 4.3569612  4.35249013 4.34801935 4.34354884 4.33907862 4.33460868
 4.33013902 4.32566964 4.32120055 4.31673173 4.3122632  4.30779495
 4.30332698 4.29885929 4.29439188 4.28992475 4.2854579  4.28099133
 4.27652504 4.27205903 4.2675933  4.26312785 4.25866268 4.25419779
 4.24973318 4.24526885 4.2408048  4.23634102 4.23187752 4.22741431
 4.22295137 4.21848871 4.21402632 4.20956422 4.20510239 4.20064084
 4.19617956 4.19171857 4.18725785 4.18279741 4.17833724 4.17387735
 4.16941774 4.16495841 4.16049935 4.15604056 4.15158205 4.14712382
 4.14266587 4.13820818 4.13375078 4.12929365 4.12483679 4.12038021
 4.1159239  4.11146787 4.10701211 4.10255663 4.09810142 4.09364649
 4.08919183 4.08473744 4.08028332 4.07582948 4.07137591 4.06692262
 4.0624696  4.05801685 4.05356437 4.04911217 4.04466023 4.04020857
 4.03575719 4.03130607 4.02685523 4.02240465 4.01795435 4.01350432
 4.00905456 4.00460507 4.00015586 3.99570691 3.99125823 3.98680983
 3.98236169 3.97791382 3.97346623 3.9690189  3.96457184 3.96012506
 3.95567854 3.95123229 3.94678631 3.9423406  3.93789516 3.93344998
 3.92900508 3.92456044 3.92011607 3.91567197 3.91122813 3.90678457
 3.90234127 3.89789824 3.89345547 3.88901298 3.88457075 3.88012878
 3.87568709 3.87124566 3.86680449 3.86236359 3.85792296 3.85348259
 3.84904249 3.84460266 3.84016309 3.83572378 3.83128474 3.82684597
 3.82240746 3.81796921 3.81353123 3.80909352 3.80465606 3.80021888
 3.79578195 3.79134529 3.78690889 3.78247276 3.77803689 3.77360128
 3.76916594 3.76473086 3.76029604 3.75586148 3.75142719 3.74699315
 3.74255938 3.73812588 3.73369263 3.72925964 3.72482692 3.72039446
 3.71596226 3.71153032 3.70709864 3.70266722 3.69823606 3.69380517
 3.68937453 3.68494415 3.68051403 3.67608418 3.67165458 3.66722524
 3.66279616 3.65836734 3.65393878 3.64951048 3.64508244 3.64065465
 3.63622712 3.63179986 3.62737285 3.6229461  3.6185196  3.61409336
 3.60966739 3.60524166 3.6008162  3.59639099 3.59196604 3.58754135
 3.58311691 3.57869273 3.57426881 3.56984514 3.56542173 3.56099857
 3.55657567 3.55215302 3.54773063 3.5433085  3.53888662 3.53446499
 3.53004362 3.52562251 3.52120165 3.51678104 3.51236069 3.50794059
 3.50352075 3.49910116 3.49468182 3.49026274 3.4858439  3.48142533
 3.477007   3.47258893 3.46817111 3.46375355 3.45933623 3.45491917
 3.45050236 3.4460858  3.4416695  3.43725344 3.43283764 3.42842209
 3.42400679 3.41959174 3.41517694 3.41076239 3.40634809 3.40193404
 3.39752025 3.3931067  3.3886934  3.38428035 3.37986756 3.37545501
 3.37104271 3.36663066 3.36221886 3.3578073  3.353396   3.34898495
 3.34457414 3.34016358 3.33575327 3.33134321 3.32693339 3.32252383
 3.31811451 3.31370543 3.30929661 3.30488803 3.3004797  3.29607162
 3.29166378 3.28725619 3.28284884 3.27844174 3.27403489 3.26962828
 3.26522192 3.2608158  3.25640993 3.25200431 3.24759893 3.24319379
 3.2387889  3.23438425 3.22997985 3.22557569 3.22117178 3.21676811
 3.21236468 3.2079615  3.20355856 3.19915586 3.19475341 3.1903512
 3.18594924 3.18154751 3.17714603 3.17274479 3.1683438  3.16394304
 3.15954253 3.15514226 3.15074223 3.14634244 3.14194289 3.13754359
 3.13314452 3.1287457  3.12434712 3.11994878 3.11555068 3.11115281
 3.10675519 3.10235781 3.09796067 3.09356377 3.08916711 3.08477068
 3.0803745  3.07597856 3.07158285 3.06718738 3.06279216 3.05839717
 3.05400241 3.0496079  3.04521362 3.04081959 3.03642579 3.03203222
 3.0276389  3.02324581 3.01885296 3.01446035 3.01006797 3.00567583
 3.00128392 2.99689225 2.99250082 2.98810963 2.98371867 2.97932794
 2.97493745 2.9705472  2.96615718 2.9617674  2.95737785 2.95298853
 2.94859946 2.94421061 2.939822   2.93543362 2.93104548 2.92665757
 2.9222699  2.91788246 2.91349525 2.90910827 2.90472153 2.90033502
 2.89594875 2.8915627  2.88717689 2.88279131 2.87840596 2.87402085
 2.86963597 2.86525132 2.8608669  2.85648271 2.85209875 2.84771502
 2.84333153 2.83894826 2.83456523 2.83018243 2.82579985 2.82141751
 2.81703539 2.81265351 2.80827186 2.80389043 2.79950924 2.79512827
 2.79074754 2.78636703 2.78198675 2.7776067  2.77322688 2.76884728
 2.76446792 2.76008878 2.75570987 2.75133118 2.74695273 2.7425745
 2.7381965  2.73381873 2.72944118 2.72506386 2.72068677 2.7163099
 2.71193326 2.70755685 2.70318066 2.6988047  2.69442896 2.69005345
 2.68567816 2.6813031  2.67692826 2.67255365 2.66817927 2.66380511
 2.65943117 2.65505746 2.65068397 2.6463107  2.64193766 2.63756484
 2.63319225 2.62881988 2.62444773 2.62007581 2.6157041  2.61133263
 2.60696137 2.60259034 2.59821952 2.59384893 2.58947857 2.58510842
 2.5807385  2.57636879 2.57199931 2.56763005 2.56326101 2.5588922
 2.5545236  2.55015522 2.54578706 2.54141913 2.53705141 2.53268392
 2.52831664 2.52394958 2.51958275 2.51521613 2.51084973 2.50648355
 2.50211759 2.49775185 2.49338632 2.48902102 2.48465593 2.48029106
 2.47592641 2.47156198 2.46719777 2.46283377 2.45846999 2.45410643
 2.44974308 2.44537995 2.44101704 2.43665434 2.43229186 2.4279296
 2.42356755 2.41920572 2.41484411 2.41048271 2.40612153 2.40176056
 2.39739981 2.39303927 2.38867894 2.38431884 2.37995894 2.37559926
 2.3712398  2.36688055 2.36252151 2.35816269 2.35380408 2.34944568
 2.3450875  2.34072953 2.33637178 2.33201424 2.32765691 2.32329979
 2.31894288 2.31458619 2.31022971 2.30587344 2.30151739 2.29716154
 2.29280591 2.28845049 2.28409528 2.27974028 2.27538549 2.27103092
 2.26667655 2.2623224  2.25796845 2.25361472 2.24926119 2.24490788
 2.24055477 2.23620188 2.23184919 2.22749672 2.22314445 2.21879239
 2.21444054 2.2100889  2.20573747 2.20138625 2.19703523 2.19268443
 2.18833383 2.18398344 2.17963325 2.17528328 2.17093351 2.16658395
 2.1622346  2.15788545 2.15353651 2.14918778 2.14483925 2.14049094
 2.13614282 2.13179492 2.12744721 2.12309972 2.11875243 2.11440535
 2.11005847 2.1057118  2.10136533 2.09701907 2.09267301 2.08832716
 2.08398151 2.07963606 2.07529082 2.07094579 2.06660096 2.06225633
 2.05791191 2.05356768 2.04922367 2.04487985 2.04053624 2.03619284
 2.03184963 2.02750663 2.02316383 2.01882124 2.01447884 2.01013665
 2.00579466 2.00145287 1.99711129 1.9927699  1.98842872 1.98408774
 1.97974696 1.97540638 1.971066   1.96672582 1.96238585 1.95804607
 1.9537065  1.94936712 1.94502795 1.94068897 1.9363502  1.93201162
 1.92767325 1.92333507 1.9189971  1.91465932 1.91032174 1.90598436
 1.90164718 1.8973102  1.89297342 1.88863684 1.88430045 1.87996426
 1.87562827 1.87129248 1.86695689 1.86262149 1.8582863  1.85395129
 1.84961649 1.84528189 1.84094748 1.83661327 1.83227925 1.82794543
 1.82361181 1.81927839 1.81494516 1.81061213 1.80627929 1.80194665
 1.79761421 1.79328196 1.78894991 1.78461805 1.78028639 1.77595493
 1.77162366 1.76729258 1.7629617  1.75863102 1.75430053 1.74997023
 1.74564013 1.74131023 1.73698051 1.732651   1.72832167 1.72399255
 1.71966361 1.71533487 1.71100632 1.70667797 1.70234981 1.69802184
 1.69369407 1.68936649 1.68503911 1.68071191 1.67638491 1.67205811
 1.66773149 1.66340507 1.65907884 1.65475281 1.65042697 1.64610132
 1.64177586 1.63745059 1.63312552 1.62880064 1.62447595 1.62015145
 1.61582714 1.61150303 1.60717911 1.60285538 1.59853184 1.59420849
 1.58988534 1.58556237 1.5812396  1.57691702 1.57259463 1.56827243
 1.56395042 1.55962861 1.55530698 1.55098555 1.5466643  1.54234325
 1.53802239 1.53370172 1.52938124 1.52506095 1.52074085 1.51642094
 1.51210122 1.5077817  1.50346236 1.49914322 1.49482426 1.4905055
 1.48618692 1.48186854 1.47755034 1.47323234 1.46891453 1.46459691
 1.46027947 1.45596223 1.45164518 1.44732832 1.44301165 1.43869517
 1.43437888 1.43006278 1.42574687 1.42143115 1.41711563 1.41280029
 1.40848514 1.40417018 1.39985542 1.39554084 1.39122646 1.38691227
 1.38259826 1.37828445 1.37397083 1.3696574  1.36534416 1.36103111
 1.35671825 1.35240559 1.34809311 1.34378083 1.33946873 1.33515683
 1.33084513 1.32653361 1.32222228 1.31791115 1.31360021 1.30928946
 1.3049789  1.30066853 1.29635836 1.29204838 1.2877386  1.283429
 1.2791196  1.27481039 1.27050138 1.26619256 1.26188393 1.2575755
 1.25326726 1.24895922 1.24465137 1.24034371 1.23603625 1.23172899
 1.22742192 1.22311504 1.21880837 1.21450189 1.2101956  1.20588951
 1.20158362 1.19727793 1.19297243 1.18866713 1.18436203 1.18005713
 1.17575243 1.17144792 1.16714362 1.16283951 1.15853561 1.15423191
 1.1499284  1.1456251  1.141322   1.13701911 1.13271641 1.12841392
 1.12411163 1.11980955 1.11550767 1.11120599 1.10690453 1.10260326
 1.09830221 1.09400136 1.08970072 1.08540028 1.08110006 1.07680004
 1.07250024 1.06820064 1.06390126 1.05960209 1.05530313 1.05100438
 1.04670585 1.04240754 1.03810944 1.03381155 1.02951388 1.02521643
 1.0209192  1.01662219 1.0123254  1.00802883 1.00373249 0.99943636
 0.99514046 0.99084479 0.98654934 0.98225412 0.97795913 0.97366437
 0.96936984 0.96507554 0.96078147 0.95648764 0.95219404 0.94790068
 0.94360756 0.93931468 0.93502204 0.93072964 0.92643748 0.92214557
 0.9178539  0.91356249 0.90927132 0.90498041 0.90068974 0.89639933
 0.89210918 0.88781929 0.88352966 0.87924029 0.87495118 0.87066234
 0.86637377 0.86208546 0.85779743 0.85350968 0.8492222  0.844935
 0.84064808 0.83636145 0.8320751  0.82778905 0.82350328 0.81921781
 0.81493264 0.81064776 0.8063632  0.80207893 0.79779498 0.79351134
 0.78922801 0.78494501 0.78066233 0.77637997 0.77209794 0.76781625
 0.7635349  0.75925389 0.75497322 0.75069291 0.74641295 0.74213334
 0.73785411 0.73357524 0.72929674 0.72501862 0.72074089 0.71770664
 0.71342991 0.70915359 0.70487767 0.70060217 0.69632709 0.69205245
 0.68777824 0.68350447 0.67923115 0.67495829 0.67068589 0.66641396
 0.66214252 0.65787156 0.6536011  0.64933115 0.64506171 0.64079279
 0.63652441 0.63225657 0.62798929 0.62372257 0.61945642 0.61519086
 0.61092589 0.60666154 0.60239781 0.59813471 0.59387227 0.58961048
 0.58534937 0.58108895 0.57682924 0.57257025 0.568312   0.56405451
 0.55979779 0.55554186 0.55128674 0.54703245 0.54277901 0.53852644
 0.53427476 0.53002401 0.52577419 0.52152533 0.51727747 0.51303062
 0.50878481 0.50454008 0.50029645 0.49605396 0.49181263 0.4875725
 0.48333361 0.47909599 0.47485967 0.47062471 0.46639114 0.462159
 0.45792835 0.45369922 0.44947167 0.44524575 0.44102152 0.43679902
 0.43257833 0.4283595  0.42414259 0.41992769 0.41571485 0.41150416
 0.40729569 0.40308952 0.39888576 0.39468448 0.39048579 0.38628978
 0.38209657 0.37790627 0.373719   0.36953489 0.36535406 0.36117668
 0.35700288 0.35283282 0.34866667 0.34450462 0.34034686 0.33619358
 0.332045   0.32790135 0.32376288 0.31962984 0.31550253 0.31138122
 0.30726625 0.30315796 0.2990567  0.29496289 0.29087693 0.28679928
 0.28273044 0.27867094 0.27462134 0.27058228 0.26655442 0.2625385
 0.2585353  0.2545457  0.25057065 0.24661117 0.24266842 0.23874362
 0.23483816 0.23095356 0.22709149 0.2232538  0.21944259 0.21566014
 0.21190905 0.20819222 0.20451292 0.20087485 0.19728222 0.19373981
 0.19025312 0.18682848 0.18347321 0.18019584 0.17700639 0.17391666
 0.17094072 0.16809544 0.16540127 0.16288327 0.16057251 0.15850803
 0.1567397  0.15533238 0.1543722  0.15397652]
t =  [1.04250800e+09 1.04250804e+09 1.04250809e+09 1.04250813e+09
 1.04250817e+09 1.04250821e+09 1.04250825e+09 1.04250830e+09
 1.04250834e+09 1.04250838e+09 1.04250842e+09 1.04250847e+09
 1.04250851e+09 1.04250855e+09 1.04250859e+09 1.04250863e+09
 1.04250868e+09 1.04250872e+09 1.04250876e+09 1.04250880e+09
 1.04250885e+09 1.04250889e+09 1.04250893e+09 1.04250897e+09
 1.04250901e+09 1.04250906e+09 1.04250910e+09 1.04250914e+09
 1.04250918e+09 1.04250922e+09 1.04250927e+09 1.04250931e+09
 1.04250935e+09 1.04250939e+09 1.04250944e+09 1.04250948e+09
 1.04250952e+09 1.04250956e+09 1.04250960e+09 1.04250965e+09
 1.04250969e+09 1.04250973e+09 1.04250977e+09 1.04250982e+09
 1.04250986e+09 1.04250990e+09 1.04250994e+09 1.04250998e+09
 1.04251003e+09 1.04251007e+09 1.04251011e+09 1.04251015e+09
 1.04251020e+09 1.04251024e+09 1.04251028e+09 1.04251032e+09
 1.04251036e+09 1.04251041e+09 1.04251045e+09 1.04251049e+09
 1.04251053e+09 1.04251058e+09 1.04251062e+09 1.04251066e+09
 1.04251070e+09 1.04251074e+09 1.04251079e+09 1.04251083e+09
 1.04251087e+09 1.04251091e+09 1.04251096e+09 1.04251100e+09
 1.04251104e+09 1.04251108e+09 1.04251112e+09 1.04251117e+09
 1.04251121e+09 1.04251125e+09 1.04251129e+09 1.04251133e+09
 1.04251138e+09 1.04251142e+09 1.04251146e+09 1.04251150e+09
 1.04251155e+09 1.04251159e+09 1.04251163e+09 1.04251167e+09
 1.04251171e+09 1.04251176e+09 1.04251180e+09 1.04251184e+09
 1.04251188e+09 1.04251193e+09 1.04251197e+09 1.04251201e+09
 1.04251205e+09 1.04251209e+09 1.04251214e+09 1.04251218e+09
 1.04251222e+09 1.04251226e+09 1.04251231e+09 1.04251235e+09
 1.04251239e+09 1.04251243e+09 1.04251247e+09 1.04251252e+09
 1.04251256e+09 1.04251260e+09 1.04251264e+09 1.04251269e+09
 1.04251273e+09 1.04251277e+09 1.04251281e+09 1.04251285e+09
 1.04251290e+09 1.04251294e+09 1.04251298e+09 1.04251302e+09
 1.04251307e+09 1.04251311e+09 1.04251315e+09 1.04251319e+09
 1.04251323e+09 1.04251328e+09 1.04251332e+09 1.04251336e+09
 1.04251340e+09 1.04251344e+09 1.04251349e+09 1.04251353e+09
 1.04251357e+09 1.04251361e+09 1.04251366e+09 1.04251370e+09
 1.04251374e+09 1.04251378e+09 1.04251382e+09 1.04251387e+09
 1.04251391e+09 1.04251395e+09 1.04251399e+09 1.04251404e+09
 1.04251408e+09 1.04251412e+09 1.04251416e+09 1.04251420e+09
 1.04251425e+09 1.04251429e+09 1.04251433e+09 1.04251437e+09
 1.04251442e+09 1.04251446e+09 1.04251450e+09 1.04251454e+09
 1.04251458e+09 1.04251463e+09 1.04251467e+09 1.04251471e+09
 1.04251475e+09 1.04251480e+09 1.04251484e+09 1.04251488e+09
 1.04251492e+09 1.04251496e+09 1.04251501e+09 1.04251505e+09
 1.04251509e+09 1.04251513e+09 1.04251518e+09 1.04251522e+09
 1.04251526e+09 1.04251530e+09 1.04251534e+09 1.04251539e+09
 1.04251543e+09 1.04251547e+09 1.04251551e+09 1.04251555e+09
 1.04251560e+09 1.04251564e+09 1.04251568e+09 1.04251572e+09
 1.04251577e+09 1.04251581e+09 1.04251585e+09 1.04251589e+09
 1.04251593e+09 1.04251598e+09 1.04251602e+09 1.04251606e+09
 1.04251610e+09 1.04251615e+09 1.04251619e+09 1.04251623e+09
 1.04251627e+09 1.04251631e+09 1.04251636e+09 1.04251640e+09
 1.04251644e+09 1.04251648e+09 1.04251653e+09 1.04251657e+09
 1.04251661e+09 1.04251665e+09 1.04251669e+09 1.04251674e+09
 1.04251678e+09 1.04251682e+09 1.04251686e+09 1.04251691e+09
 1.04251695e+09 1.04251699e+09 1.04251703e+09 1.04251707e+09
 1.04251712e+09 1.04251716e+09 1.04251720e+09 1.04251724e+09
 1.04251729e+09 1.04251733e+09 1.04251737e+09 1.04251741e+09
 1.04251745e+09 1.04251750e+09 1.04251754e+09 1.04251758e+09
 1.04251762e+09 1.04251766e+09 1.04251771e+09 1.04251775e+09
 1.04251779e+09 1.04251783e+09 1.04251788e+09 1.04251792e+09
 1.04251796e+09 1.04251800e+09 1.04251804e+09 1.04251809e+09
 1.04251813e+09 1.04251817e+09 1.04251821e+09 1.04251826e+09
 1.04251830e+09 1.04251834e+09 1.04251838e+09 1.04251842e+09
 1.04251847e+09 1.04251851e+09 1.04251855e+09 1.04251859e+09
 1.04251864e+09 1.04251868e+09 1.04251872e+09 1.04251876e+09
 1.04251880e+09 1.04251885e+09 1.04251889e+09 1.04251893e+09
 1.04251897e+09 1.04251902e+09 1.04251906e+09 1.04251910e+09
 1.04251914e+09 1.04251918e+09 1.04251923e+09 1.04251927e+09
 1.04251931e+09 1.04251935e+09 1.04251940e+09 1.04251944e+09
 1.04251948e+09 1.04251952e+09 1.04251956e+09 1.04251961e+09
 1.04251965e+09 1.04251969e+09 1.04251973e+09 1.04251977e+09
 1.04251982e+09 1.04251986e+09 1.04251990e+09 1.04251994e+09
 1.04251999e+09 1.04252003e+09 1.04252007e+09 1.04252011e+09
 1.04252015e+09 1.04252020e+09 1.04252024e+09 1.04252028e+09
 1.04252032e+09 1.04252037e+09 1.04252041e+09 1.04252045e+09
 1.04252049e+09 1.04252053e+09 1.04252058e+09 1.04252062e+09
 1.04252066e+09 1.04252070e+09 1.04252075e+09 1.04252079e+09
 1.04252083e+09 1.04252087e+09 1.04252091e+09 1.04252096e+09
 1.04252100e+09 1.04252104e+09 1.04252108e+09 1.04252113e+09
 1.04252117e+09 1.04252121e+09 1.04252125e+09 1.04252129e+09
 1.04252134e+09 1.04252138e+09 1.04252142e+09 1.04252146e+09
 1.04252151e+09 1.04252155e+09 1.04252159e+09 1.04252163e+09
 1.04252167e+09 1.04252172e+09 1.04252176e+09 1.04252180e+09
 1.04252184e+09 1.04252188e+09 1.04252193e+09 1.04252197e+09
 1.04252201e+09 1.04252205e+09 1.04252210e+09 1.04252214e+09
 1.04252218e+09 1.04252222e+09 1.04252226e+09 1.04252231e+09
 1.04252235e+09 1.04252239e+09 1.04252243e+09 1.04252248e+09
 1.04252252e+09 1.04252256e+09 1.04252260e+09 1.04252264e+09
 1.04252269e+09 1.04252273e+09 1.04252277e+09 1.04252281e+09
 1.04252286e+09 1.04252290e+09 1.04252294e+09 1.04252298e+09
 1.04252302e+09 1.04252307e+09 1.04252311e+09 1.04252315e+09
 1.04252319e+09 1.04252324e+09 1.04252328e+09 1.04252332e+09
 1.04252336e+09 1.04252340e+09 1.04252345e+09 1.04252349e+09
 1.04252353e+09 1.04252357e+09 1.04252362e+09 1.04252366e+09
 1.04252370e+09 1.04252374e+09 1.04252378e+09 1.04252383e+09
 1.04252387e+09 1.04252391e+09 1.04252395e+09 1.04252399e+09
 1.04252404e+09 1.04252408e+09 1.04252412e+09 1.04252416e+09
 1.04252421e+09 1.04252425e+09 1.04252429e+09 1.04252433e+09
 1.04252437e+09 1.04252442e+09 1.04252446e+09 1.04252450e+09
 1.04252454e+09 1.04252459e+09 1.04252463e+09 1.04252467e+09
 1.04252471e+09 1.04252475e+09 1.04252480e+09 1.04252484e+09
 1.04252488e+09 1.04252492e+09 1.04252497e+09 1.04252501e+09
 1.04252505e+09 1.04252509e+09 1.04252513e+09 1.04252518e+09
 1.04252522e+09 1.04252526e+09 1.04252530e+09 1.04252535e+09
 1.04252539e+09 1.04252543e+09 1.04252547e+09 1.04252551e+09
 1.04252556e+09 1.04252560e+09 1.04252564e+09 1.04252568e+09
 1.04252573e+09 1.04252577e+09 1.04252581e+09 1.04252585e+09
 1.04252589e+09 1.04252594e+09 1.04252598e+09 1.04252602e+09
 1.04252606e+09 1.04252610e+09 1.04252615e+09 1.04252619e+09
 1.04252623e+09 1.04252627e+09 1.04252632e+09 1.04252636e+09
 1.04252640e+09 1.04252644e+09 1.04252648e+09 1.04252653e+09
 1.04252657e+09 1.04252661e+09 1.04252665e+09 1.04252670e+09
 1.04252674e+09 1.04252678e+09 1.04252682e+09 1.04252686e+09
 1.04252691e+09 1.04252695e+09 1.04252699e+09 1.04252703e+09
 1.04252708e+09 1.04252712e+09 1.04252716e+09 1.04252720e+09
 1.04252724e+09 1.04252729e+09 1.04252733e+09 1.04252737e+09
 1.04252741e+09 1.04252746e+09 1.04252750e+09 1.04252754e+09
 1.04252758e+09 1.04252762e+09 1.04252767e+09 1.04252771e+09
 1.04252775e+09 1.04252779e+09 1.04252784e+09 1.04252788e+09
 1.04252792e+09 1.04252796e+09 1.04252800e+09 1.04252805e+09
 1.04252809e+09 1.04252813e+09 1.04252817e+09 1.04252821e+09
 1.04252826e+09 1.04252830e+09 1.04252834e+09 1.04252838e+09
 1.04252843e+09 1.04252847e+09 1.04252851e+09 1.04252855e+09
 1.04252859e+09 1.04252864e+09 1.04252868e+09 1.04252872e+09
 1.04252876e+09 1.04252881e+09 1.04252885e+09 1.04252889e+09
 1.04252893e+09 1.04252897e+09 1.04252902e+09 1.04252906e+09
 1.04252910e+09 1.04252914e+09 1.04252919e+09 1.04252923e+09
 1.04252927e+09 1.04252931e+09 1.04252935e+09 1.04252940e+09
 1.04252944e+09 1.04252948e+09 1.04252952e+09 1.04252957e+09
 1.04252961e+09 1.04252965e+09 1.04252969e+09 1.04252973e+09
 1.04252978e+09 1.04252982e+09 1.04252986e+09 1.04252990e+09
 1.04252995e+09 1.04252999e+09 1.04253003e+09 1.04253007e+09
 1.04253011e+09 1.04253016e+09 1.04253020e+09 1.04253024e+09
 1.04253028e+09 1.04253032e+09 1.04253037e+09 1.04253041e+09
 1.04253045e+09 1.04253049e+09 1.04253054e+09 1.04253058e+09
 1.04253062e+09 1.04253066e+09 1.04253070e+09 1.04253075e+09
 1.04253079e+09 1.04253083e+09 1.04253087e+09 1.04253092e+09
 1.04253096e+09 1.04253100e+09 1.04253104e+09 1.04253108e+09
 1.04253113e+09 1.04253117e+09 1.04253121e+09 1.04253125e+09
 1.04253130e+09 1.04253134e+09 1.04253138e+09 1.04253142e+09
 1.04253146e+09 1.04253151e+09 1.04253155e+09 1.04253159e+09
 1.04253163e+09 1.04253168e+09 1.04253172e+09 1.04253176e+09
 1.04253180e+09 1.04253184e+09 1.04253189e+09 1.04253193e+09
 1.04253197e+09 1.04253201e+09 1.04253206e+09 1.04253210e+09
 1.04253214e+09 1.04253218e+09 1.04253222e+09 1.04253227e+09
 1.04253231e+09 1.04253235e+09 1.04253239e+09 1.04253243e+09
 1.04253248e+09 1.04253252e+09 1.04253256e+09 1.04253260e+09
 1.04253265e+09 1.04253269e+09 1.04253273e+09 1.04253277e+09
 1.04253281e+09 1.04253286e+09 1.04253290e+09 1.04253294e+09
 1.04253298e+09 1.04253303e+09 1.04253307e+09 1.04253311e+09
 1.04253315e+09 1.04253319e+09 1.04253324e+09 1.04253328e+09
 1.04253332e+09 1.04253336e+09 1.04253341e+09 1.04253345e+09
 1.04253349e+09 1.04253353e+09 1.04253357e+09 1.04253362e+09
 1.04253366e+09 1.04253370e+09 1.04253374e+09 1.04253379e+09
 1.04253383e+09 1.04253387e+09 1.04253391e+09 1.04253395e+09
 1.04253400e+09 1.04253404e+09 1.04253408e+09 1.04253412e+09
 1.04253416e+09 1.04253421e+09 1.04253425e+09 1.04253429e+09
 1.04253433e+09 1.04253438e+09 1.04253442e+09 1.04253446e+09
 1.04253450e+09 1.04253454e+09 1.04253459e+09 1.04253463e+09
 1.04253467e+09 1.04253471e+09 1.04253476e+09 1.04253480e+09
 1.04253484e+09 1.04253488e+09 1.04253492e+09 1.04253497e+09
 1.04253501e+09 1.04253505e+09 1.04253509e+09 1.04253514e+09
 1.04253518e+09 1.04253522e+09 1.04253526e+09 1.04253530e+09
 1.04253535e+09 1.04253539e+09 1.04253543e+09 1.04253547e+09
 1.04253552e+09 1.04253556e+09 1.04253560e+09 1.04253564e+09
 1.04253568e+09 1.04253573e+09 1.04253577e+09 1.04253581e+09
 1.04253585e+09 1.04253590e+09 1.04253594e+09 1.04253598e+09
 1.04253602e+09 1.04253606e+09 1.04253611e+09 1.04253615e+09
 1.04253619e+09 1.04253623e+09 1.04253627e+09 1.04253632e+09
 1.04253636e+09 1.04253640e+09 1.04253644e+09 1.04253649e+09
 1.04253653e+09 1.04253657e+09 1.04253661e+09 1.04253665e+09
 1.04253670e+09 1.04253674e+09 1.04253678e+09 1.04253682e+09
 1.04253687e+09 1.04253691e+09 1.04253695e+09 1.04253699e+09
 1.04253703e+09 1.04253708e+09 1.04253712e+09 1.04253716e+09
 1.04253720e+09 1.04253725e+09 1.04253729e+09 1.04253733e+09
 1.04253737e+09 1.04253741e+09 1.04253746e+09 1.04253750e+09
 1.04253754e+09 1.04253758e+09 1.04253763e+09 1.04253767e+09
 1.04253771e+09 1.04253775e+09 1.04253779e+09 1.04253784e+09
 1.04253788e+09 1.04253792e+09 1.04253796e+09 1.04253801e+09
 1.04253805e+09 1.04253809e+09 1.04253813e+09 1.04253817e+09
 1.04253822e+09 1.04253826e+09 1.04253830e+09 1.04253834e+09
 1.04253838e+09 1.04253843e+09 1.04253847e+09 1.04253851e+09
 1.04253855e+09 1.04253860e+09 1.04253864e+09 1.04253868e+09
 1.04253872e+09 1.04253876e+09 1.04253881e+09 1.04253885e+09
 1.04253889e+09 1.04253893e+09 1.04253898e+09 1.04253902e+09
 1.04253906e+09 1.04253910e+09 1.04253914e+09 1.04253919e+09
 1.04253923e+09 1.04253927e+09 1.04253931e+09 1.04253936e+09
 1.04253940e+09 1.04253944e+09 1.04253948e+09 1.04253952e+09
 1.04253957e+09 1.04253961e+09 1.04253965e+09 1.04253969e+09
 1.04253974e+09 1.04253978e+09 1.04253982e+09 1.04253986e+09
 1.04253990e+09 1.04253995e+09 1.04253999e+09 1.04254003e+09
 1.04254007e+09 1.04254012e+09 1.04254016e+09 1.04254020e+09
 1.04254024e+09 1.04254028e+09 1.04254033e+09 1.04254037e+09
 1.04254041e+09 1.04254045e+09 1.04254049e+09 1.04254054e+09
 1.04254058e+09 1.04254062e+09 1.04254066e+09 1.04254071e+09
 1.04254075e+09 1.04254079e+09 1.04254083e+09 1.04254087e+09
 1.04254092e+09 1.04254096e+09 1.04254100e+09 1.04254104e+09
 1.04254109e+09 1.04254113e+09 1.04254117e+09 1.04254121e+09
 1.04254125e+09 1.04254130e+09 1.04254134e+09 1.04254138e+09
 1.04254142e+09 1.04254147e+09 1.04254151e+09 1.04254155e+09
 1.04254159e+09 1.04254163e+09 1.04254168e+09 1.04254172e+09
 1.04254176e+09 1.04254180e+09 1.04254185e+09 1.04254189e+09
 1.04254193e+09 1.04254197e+09 1.04254201e+09 1.04254206e+09
 1.04254210e+09 1.04254214e+09 1.04254218e+09 1.04254223e+09
 1.04254227e+09 1.04254231e+09 1.04254235e+09 1.04254239e+09
 1.04254244e+09 1.04254248e+09 1.04254252e+09 1.04254256e+09
 1.04254260e+09 1.04254265e+09 1.04254269e+09 1.04254273e+09
 1.04254277e+09 1.04254282e+09 1.04254286e+09 1.04254290e+09
 1.04254294e+09 1.04254298e+09 1.04254303e+09 1.04254307e+09
 1.04254311e+09 1.04254315e+09 1.04254320e+09 1.04254324e+09
 1.04254328e+09 1.04254332e+09 1.04254336e+09 1.04254341e+09
 1.04254345e+09 1.04254349e+09 1.04254353e+09 1.04254358e+09
 1.04254362e+09 1.04254366e+09 1.04254370e+09 1.04254374e+09
 1.04254379e+09 1.04254383e+09 1.04254387e+09 1.04254391e+09
 1.04254396e+09 1.04254400e+09 1.04254404e+09 1.04254408e+09
 1.04254412e+09 1.04254417e+09 1.04254421e+09 1.04254425e+09
 1.04254429e+09 1.04254434e+09 1.04254438e+09 1.04254442e+09
 1.04254446e+09 1.04254450e+09 1.04254455e+09 1.04254459e+09
 1.04254463e+09 1.04254467e+09 1.04254471e+09 1.04254476e+09
 1.04254480e+09 1.04254484e+09 1.04254488e+09 1.04254493e+09
 1.04254497e+09 1.04254501e+09 1.04254505e+09 1.04254509e+09
 1.04254514e+09 1.04254518e+09 1.04254522e+09 1.04254526e+09
 1.04254531e+09 1.04254535e+09 1.04254539e+09 1.04254543e+09
 1.04254547e+09 1.04254552e+09 1.04254556e+09 1.04254560e+09
 1.04254564e+09 1.04254569e+09 1.04254573e+09 1.04254577e+09
 1.04254581e+09 1.04254585e+09 1.04254590e+09 1.04254594e+09
 1.04254598e+09 1.04254602e+09 1.04254607e+09 1.04254611e+09
 1.04254615e+09 1.04254619e+09 1.04254623e+09 1.04254628e+09
 1.04254632e+09 1.04254636e+09 1.04254640e+09 1.04254645e+09
 1.04254649e+09 1.04254653e+09 1.04254657e+09 1.04254661e+09
 1.04254666e+09 1.04254670e+09 1.04254674e+09 1.04254678e+09
 1.04254682e+09 1.04254687e+09 1.04254691e+09 1.04254695e+09
 1.04254699e+09 1.04254704e+09 1.04254708e+09 1.04254712e+09
 1.04254716e+09 1.04254720e+09 1.04254725e+09 1.04254729e+09
 1.04254733e+09 1.04254737e+09 1.04254742e+09 1.04254746e+09
 1.04254750e+09 1.04254754e+09 1.04254758e+09 1.04254763e+09
 1.04254767e+09 1.04254771e+09 1.04254775e+09 1.04254780e+09
 1.04254784e+09 1.04254788e+09 1.04254792e+09 1.04254796e+09
 1.04254801e+09 1.04254805e+09 1.04254809e+09 1.04254813e+09
 1.04254818e+09 1.04254822e+09 1.04254826e+09 1.04254830e+09
 1.04254834e+09 1.04254839e+09 1.04254843e+09 1.04254847e+09
 1.04254851e+09 1.04254856e+09 1.04254860e+09 1.04254864e+09
 1.04254868e+09 1.04254872e+09 1.04254877e+09 1.04254881e+09
 1.04254885e+09 1.04254889e+09 1.04254893e+09 1.04254898e+09
 1.04254902e+09 1.04254906e+09 1.04254910e+09 1.04254915e+09
 1.04254919e+09 1.04254923e+09 1.04254927e+09 1.04254931e+09
 1.04254936e+09 1.04254940e+09 1.04254944e+09 1.04254948e+09
 1.04254953e+09 1.04254957e+09 1.04254961e+09 1.04254965e+09
 1.04254969e+09 1.04254974e+09 1.04254978e+09 1.04254982e+09
 1.04254986e+09 1.04254991e+09 1.04254995e+09 1.04254999e+09
 1.04255003e+09 1.04255007e+09 1.04255012e+09 1.04255016e+09]
minRes = 0.1539765181020976
minResTime =  [1.04255016e+09]
