name =JUICE_ROI_CAL_5_0_11
flyby =  ['2032 SEP 27 04:26:36', '2032 SEP 28 04:26:36']
Observation TW =  <SpiceCell dtype = 1, length = 0, size = 2400, card = 4, is_set = 1, adjust = 0, init = 1, base = 1356596772976, data = 1356596773024>
Res(t) =  [5.96102921 5.9582735  5.95551762 5.95276158 5.95000538 5.94724901
 5.94449247 5.94173577 5.93897891 5.93622188 5.93346468 5.93070732
 5.92794979 5.9251921  5.92243424 5.91967621 5.91691802 5.91415966
 5.91140113 5.90864244 5.90588357 5.90312454 5.90036535 5.89760598
 5.89484645 5.89208675 5.88932688 5.88656684 5.88380663 5.88104625
 5.8782857  5.87552499 5.8727641  5.87000305 5.86724182 5.86448043
 5.86171886 5.85895712 5.85619522 5.85343314 5.85067089 5.84790847
 5.84514587 5.84238311 5.83962017 5.83685707 5.83409379 5.83133033
 5.82856671 5.82580291 5.82303894 5.82027479 5.81751048 5.81474599
 5.81198132 5.80921648 5.80645147 5.80368628 5.80092092 5.79815539
 5.79538968 5.79262379 5.78985773 5.78709149 5.78432508 5.78155849
 5.77879173 5.77602479 5.77325767 5.77049038 5.76772291 5.76495527
 5.76218744 5.75941944 5.75665127 5.75388291 5.75111438 5.74834567
 5.74557678 5.74280771 5.74003847 5.73726904 5.73449944 5.73172966
 5.7289597  5.72618955 5.72341923 5.72064873 5.71787805 5.71510719
 5.71233615 5.70956493 5.70679353 5.70402195 5.70125018 5.69847824
 5.69570611 5.6929338  5.69016131 5.68738864 5.68461579 5.68184275
 5.67906953 5.67629613 5.67352255 5.67074878 5.66797483 5.6652007
 5.66242638 5.65965188 5.65687719 5.65410232 5.65132727 5.64855203
 5.6457766  5.643001   5.6402252  5.63744922 5.63467306 5.63189671
 5.62912017 5.62634345 5.62356655 5.62078945 5.61801217 5.6152347
 5.61245705 5.60967921 5.60690118 5.60412296 5.60134456 5.59856597
 5.59578719 5.59300822 5.59022906 5.58744972 5.58467018 5.58189046
 5.57911055 5.57633045 5.57355016 5.57076968 5.56798901 5.56520815
 5.5624271  5.55964586 5.55686443 5.55408281 5.55130099 5.54851899
 5.5457368  5.54295441 5.54017183 5.53738906 5.5346061  5.53182295
 5.5290396  5.52625606 5.52347233 5.5206884  5.51790428 5.51511997
 5.51233547 5.50955077 5.50676588 5.50398079 5.50119551 5.49841004
 5.49562437 5.4928385  5.49005244 5.48726619 5.48447974 5.4816931
 5.47890625 5.47611922 5.47333199 5.47054456 5.46775693 5.46496911
 5.46218109 5.45939288 5.45660446 5.45381586 5.45102705 5.44823804
 5.44544884 5.44265944 5.43986984 5.43708004 5.43429005 5.43149985
 5.42870946 5.42591887 5.42312808 5.42033709 5.41754589 5.4147545
 5.41196291 5.40917112 5.40637913 5.40358694 5.40079455 5.39800195
 5.39520916 5.39241616 5.38962297 5.38682957 5.38403597 5.38124217
 5.37844816 5.37565395 5.37285954 5.37006493 5.36727012 5.3644751
 5.36167988 5.35888445 5.35608883 5.35329299 5.35049696 5.34770072
 5.34490427 5.34210762 5.33931077 5.33651371 5.33371645 5.33091898
 5.3281213  5.32532342 5.32252534 5.31972705 5.31692855 5.31412985
 5.31133094 5.30853182 5.3057325  5.30293296 5.30013323 5.29733328
 5.29453313 5.29173277 5.2889322  5.28613142 5.28333044 5.28052925
 5.27772784 5.27492623 5.27212441 5.26932238 5.26652015 5.2637177
 5.26091504 5.25811217 5.2553091  5.25250581 5.24970231 5.2468986
 5.24409469 5.24129056 5.23848621 5.23568166 5.2328769  5.23007192
 5.22726674 5.22446134 5.22165573 5.2188499  5.21604387 5.21323762
 5.21043116 5.20762448 5.20481759 5.20201049 5.19920318 5.19639565
 5.1935879  5.19077995 5.18797178 5.18516339 5.18235479 5.17954598
 5.17673695 5.1739277  5.17111824 5.16830857 5.16549867 5.16268857
 5.15987824 5.1570677  5.15425695 5.15144597 5.14863478 5.14582338
 5.14301175 5.14019991 5.13738786 5.13457558 5.13176309 5.12895037
 5.12613744 5.1233243  5.12051093 5.11769734 5.11488354 5.11206952
 5.10925527 5.10644081 5.10362613 5.10081123 5.09799611 5.09518077
 5.09236521 5.08954943 5.08673342 5.0839172  5.08110076 5.07828409
 5.0754672  5.0726501  5.06983277 5.06701522 5.06419744 5.06137945
 5.05856123 5.05574279 5.05292413 5.05010524 5.04728613 5.0444668
 5.04164724 5.03882747 5.03600746 5.03318724 5.03036679 5.02754611
 5.02472521 5.02190409 5.01908274 5.01626117 5.01343937 5.01061734
 5.00779509 5.00497262 5.00214992 4.99932699 4.99650384 4.99368046
 4.99085685 4.98803302 4.98520896 4.98238468 4.97956016 4.97673542
 4.97391045 4.97108526 4.96825983 4.96543418 4.9626083  4.9597822
 4.95695586 4.95412929 4.9513025  4.94847548 4.94564822 4.94282074
 4.93999303 4.93716509 4.93433692 4.93150852 4.92867989 4.92585102
 4.92302193 4.92019261 4.91736306 4.91453327 4.91170326 4.90887301
 4.90604253 4.90321182 4.90038088 4.8975497  4.89471829 4.89188665
 4.88905478 4.88622268 4.88339034 4.88055777 4.87772497 4.87489193
 4.87205866 4.86922515 4.86639141 4.86355744 4.86072323 4.85788879
 4.85505412 4.85221921 4.84938406 4.84654868 4.84371306 4.84087721
 4.83804112 4.8352048  4.83236824 4.82953145 4.82669442 4.82385715
 4.82101965 4.81818191 4.81534393 4.81250571 4.80966726 4.80682857
 4.80398964 4.80115048 4.79831108 4.79547144 4.79263156 4.78979144
 4.78695109 4.78411049 4.78126966 4.77842858 4.77558727 4.77274572
 4.76990393 4.7670619  4.76421963 4.76137712 4.75853437 4.75569138
 4.75284815 4.75000468 4.74716097 4.74431701 4.74147282 4.73862838
 4.7357837  4.73293878 4.73009362 4.72724822 4.72440258 4.72155669
 4.71871056 4.71586419 4.71301757 4.71017071 4.70732361 4.70447627
 4.70162868 4.69878085 4.69593277 4.69308446 4.69023589 4.68738709
 4.68453803 4.68168874 4.6788392  4.67598941 4.67313938 4.67028911
 4.66743858 4.66458782 4.66173681 4.65888555 4.65603405 4.6531823
 4.6503303  4.64747806 4.64462557 4.64177283 4.63891985 4.63606662
 4.63321314 4.63035942 4.62750545 4.62465123 4.62179676 4.61894205
 4.61608708 4.61323187 4.61037641 4.6075207  4.60466475 4.60180854
 4.59895209 4.59609538 4.59323843 4.59038122 4.58752377 4.58466607
 4.58180812 4.57894991 4.57609146 4.57323276 4.5703738  4.5675146
 4.56465514 4.56179544 4.55893548 4.55607527 4.55321481 4.5503541
 4.54749313 4.54463192 4.54177045 4.53890873 4.53604676 4.53318453
 4.53032205 4.52745932 4.52459634 4.5217331  4.51886961 4.51600587
 4.51314187 4.51027762 4.50741312 4.50454836 4.50168334 4.49881808
 4.49595256 4.49308678 4.49022075 4.48735446 4.48448792 4.48162113
 4.47875407 4.47588677 4.47301921 4.47015139 4.46728331 4.46441498
 4.4615464  4.45867755 4.45580845 4.4529391  4.45006949 4.44719962
 4.44432949 4.44145911 4.43858846 4.43571757 4.43284641 4.42997499
 4.42710332 4.42423139 4.4213592  4.41848676 4.41561405 4.41274109
 4.40986787 4.40699438 4.40412064 4.40124664 4.39837238 4.39549787
 4.39262309 4.38974805 4.38687275 4.38399719 4.38112138 4.3782453
 4.37536896 4.37249236 4.3696155  4.36673838 4.363861   4.36098336
 4.35810545 4.35522729 4.35234886 4.34947017 4.34659122 4.34371201
 4.34083253 4.3379528  4.3350728  4.33219254 4.32931201 4.32643123
 4.32355018 4.32066886 4.31778729 4.31490545 4.31202335 4.30914098
 4.30625835 4.30337546 4.3004923  4.29760888 4.2947252  4.29184125
 4.28895703 4.28607255 4.28318781 4.2803028  4.27741753 4.27453199
 4.27164619 4.26876012 4.26587379 4.26298719 4.26010032 4.25721319
 4.2543258  4.25143813 4.24855021 4.24566201 4.24277355 4.23988482
 4.23699583 4.23410656 4.23121704 4.22832724 4.22543718 4.22254685
 4.21965625 4.21676538 4.21387425 4.21098285 4.20809118 4.20519925
 4.20230704 4.19941457 4.19652183 4.19362882 4.19073554 4.187842
 4.18494818 4.1820541  4.17915974 4.17626512 4.17337023 4.17047507
 4.16757964 4.16468393 4.16178796 4.15889172 4.15599521 4.15309843
 4.15020138 4.14730406 4.14440647 4.14150861 4.13861048 4.13571208
 4.1328134  4.12991446 4.12701524 4.12411575 4.121216   4.11831597
 4.11541567 4.11251509 4.10961425 4.10671313 4.10381174 4.10091008
 4.09800815 4.09510595 4.09220347 4.08930072 4.0863977  4.0834944
 4.08059083 4.07768699 4.07478288 4.07187849 4.06897384 4.0660689
 4.0631637  4.06025822 4.05735246 4.05444644 4.05154014 4.04863356
 4.04572671 4.04281959 4.03991219 4.03700452 4.03409658 4.03118836
 4.02827987 4.0253711  4.02246205 4.01955273 4.01664314 4.01373327
 4.01082313 4.00791271 4.00500202 4.00209105 3.99917981 3.99626829
 3.99335649 3.99044442 3.98753207 3.98461945 3.98170655 3.97879338
 3.97587993 3.9729662  3.9700522  3.96713792 3.96422336 3.96130853
 3.95839342 3.95547803 3.95256237 3.94964643 3.94673021 3.94381372
 3.94089695 3.9379799  3.93506258 3.93214497 3.92922709 3.92630894
 3.9233905  3.92047179 3.9175528  3.91463353 3.91171399 3.90879416
 3.90587406 3.90295368 3.90003302 3.89711209 3.89419087 3.89126938
 3.88834761 3.88542556 3.88250323 3.87958063 3.87665774 3.87373458
 3.87081114 3.86788741 3.86496341 3.86203913 3.85911458 3.85618974
 3.85326462 3.85033923 3.84741355 3.8444876  3.84156136 3.83863485
 3.83570806 3.83278099 3.82985363 3.826926   3.82399809 3.8210699
 3.81814143 3.81521268 3.81228365 3.80935434 3.80642475 3.80349488
 3.80056473 3.7976343  3.79470359 3.7917726  3.78884133 3.78590977
 3.78297794 3.78004583 3.77711344 3.77418076 3.77124781 3.76831458
 3.76538106 3.76244727 3.75951319 3.75657883 3.75364419 3.75070928
 3.74777408 3.7448386  3.74190284 3.73896679 3.73603047 3.73309387
 3.73015698 3.72721982 3.72428237 3.72134464 3.71840664 3.71546835
 3.71252978 3.70959092 3.70665179 3.70371238 3.70077268 3.6978327
 3.69489245 3.69195191 3.68901109 3.68606998 3.6831286  3.68018694
 3.67724499 3.67430276 3.67136026 3.66841747 3.66547439 3.66253104
 3.65958741 3.65664349 3.6536993  3.65075482 3.64781006 3.64486502
 3.6419197  3.63897409 3.63602821 3.63308204 3.63013559 3.62718887
 3.62424186 3.62129456 3.61834699 3.61539914 3.612451   3.60950258
 3.60655389 3.60360491 3.60065565 3.5977061  3.59475628 3.59180618
 3.58885579 3.58590513 3.58295418 3.58000295 3.57705144 3.57409965
 3.57114758 3.56819522 3.56524259 3.56228967 3.55933648 3.556383
 3.55342924 3.5504752  3.54752088 3.54456628 3.5416114  3.53865624
 3.5357008  3.53274508 3.52978907 3.52683279 3.52387623 3.52091938
 3.51796226 3.51500485 3.51204717 3.5090892  3.50613095 3.50317243
 3.50021362 3.49725454 3.49429517 3.49133552 3.4883756  3.48541539
 3.48245491 3.47949414 3.4765331  3.47357178 3.47061017 3.46764829
 3.46468613 3.46172369 3.45876097 3.45579797 3.45283469 3.44987114
 3.4469073  3.44394319 3.44097879 3.43801412 3.43504917 3.43208395
 3.42911844 3.42615266 3.42318659 3.42022025 3.41725363 3.41428674
 3.41131957 3.40835211 3.40538439 3.40241638 3.3994481  3.39647954
 3.3935107  3.39054158 3.38757219 3.38460253 3.38163258 3.37866236
 3.37569186 3.37272109 3.36975004 3.36677871 3.36380711 3.36083524
 3.35786308 3.35489066 3.35191795 3.34894497 3.34597172 3.34299819
 3.34002439 3.33705031 3.33407596 3.33110133 3.32812643 3.32515126
 3.32217581 3.31920009 3.31622409 3.31324783 3.31027128 3.30729447
 3.30431738 3.30134002 3.29836239 3.29538448 3.2924063  3.28942785
 3.28644913 3.28347014 3.28049087 3.27751134 3.27453153 3.27155145
 3.26857111 3.26559049 3.2626096  3.25962844 3.25664701 3.25366531
 3.25068334 3.2477011  3.2447186  3.24173582 3.23875278 3.23576946
 3.23278588 3.22980203 3.22681792 3.22383353 3.22084888 3.21786396
 3.21487877 3.21189332 3.2089076  3.20592162 3.20293537 3.19994885
 3.19696207 3.19397502 3.19098771 3.18800013 3.18501229 3.18202419
 3.17903582 3.17604719 3.17305829 3.17006913 3.16707971 3.16409003
 3.16110008 3.15810987 3.1551194  3.15212867 3.14913768 3.14614643
 3.14315491 3.14016314 3.13717111 3.13417881 3.13118626 3.12819345
 3.12520038 3.12220705 3.11921347 3.11621962 3.11322552 3.11023116
 3.10723655 3.10424168 3.10124655 3.09825117]
t =  [1.03314407e+09 1.03314409e+09 1.03314411e+09 1.03314413e+09
 1.03314416e+09 1.03314418e+09 1.03314420e+09 1.03314423e+09
 1.03314425e+09 1.03314427e+09 1.03314430e+09 1.03314432e+09
 1.03314434e+09 1.03314437e+09 1.03314439e+09 1.03314441e+09
 1.03314444e+09 1.03314446e+09 1.03314448e+09 1.03314451e+09
 1.03314453e+09 1.03314455e+09 1.03314458e+09 1.03314460e+09
 1.03314462e+09 1.03314465e+09 1.03314467e+09 1.03314469e+09
 1.03314472e+09 1.03314474e+09 1.03314476e+09 1.03314479e+09
 1.03314481e+09 1.03314483e+09 1.03314486e+09 1.03314488e+09
 1.03314490e+09 1.03314493e+09 1.03314495e+09 1.03314497e+09
 1.03314499e+09 1.03314502e+09 1.03314504e+09 1.03314506e+09
 1.03314509e+09 1.03314511e+09 1.03314513e+09 1.03314516e+09
 1.03314518e+09 1.03314520e+09 1.03314523e+09 1.03314525e+09
 1.03314527e+09 1.03314530e+09 1.03314532e+09 1.03314534e+09
 1.03314537e+09 1.03314539e+09 1.03314541e+09 1.03314544e+09
 1.03314546e+09 1.03314548e+09 1.03314551e+09 1.03314553e+09
 1.03314555e+09 1.03314558e+09 1.03314560e+09 1.03314562e+09
 1.03314565e+09 1.03314567e+09 1.03314569e+09 1.03314572e+09
 1.03314574e+09 1.03314576e+09 1.03314579e+09 1.03314581e+09
 1.03314583e+09 1.03314585e+09 1.03314588e+09 1.03314590e+09
 1.03314592e+09 1.03314595e+09 1.03314597e+09 1.03314599e+09
 1.03314602e+09 1.03314604e+09 1.03314606e+09 1.03314609e+09
 1.03314611e+09 1.03314613e+09 1.03314616e+09 1.03314618e+09
 1.03314620e+09 1.03314623e+09 1.03314625e+09 1.03314627e+09
 1.03314630e+09 1.03314632e+09 1.03314634e+09 1.03314637e+09
 1.03314639e+09 1.03314641e+09 1.03314644e+09 1.03314646e+09
 1.03314648e+09 1.03314651e+09 1.03314653e+09 1.03314655e+09
 1.03314658e+09 1.03314660e+09 1.03314662e+09 1.03314665e+09
 1.03314667e+09 1.03314669e+09 1.03314671e+09 1.03314674e+09
 1.03314676e+09 1.03314678e+09 1.03314681e+09 1.03314683e+09
 1.03314685e+09 1.03314688e+09 1.03314690e+09 1.03314692e+09
 1.03314695e+09 1.03314697e+09 1.03314699e+09 1.03314702e+09
 1.03314704e+09 1.03314706e+09 1.03314709e+09 1.03314711e+09
 1.03314713e+09 1.03314716e+09 1.03314718e+09 1.03314720e+09
 1.03314723e+09 1.03314725e+09 1.03314727e+09 1.03314730e+09
 1.03314732e+09 1.03314734e+09 1.03314737e+09 1.03314739e+09
 1.03314741e+09 1.03314744e+09 1.03314746e+09 1.03314748e+09
 1.03314751e+09 1.03314753e+09 1.03314755e+09 1.03314757e+09
 1.03314760e+09 1.03314762e+09 1.03314764e+09 1.03314767e+09
 1.03314769e+09 1.03314771e+09 1.03314774e+09 1.03314776e+09
 1.03314778e+09 1.03314781e+09 1.03314783e+09 1.03314785e+09
 1.03314788e+09 1.03314790e+09 1.03314792e+09 1.03314795e+09
 1.03314797e+09 1.03314799e+09 1.03314802e+09 1.03314804e+09
 1.03314806e+09 1.03314809e+09 1.03314811e+09 1.03314813e+09
 1.03314816e+09 1.03314818e+09 1.03314820e+09 1.03314823e+09
 1.03314825e+09 1.03314827e+09 1.03314830e+09 1.03314832e+09
 1.03314834e+09 1.03314837e+09 1.03314839e+09 1.03314841e+09
 1.03314843e+09 1.03314846e+09 1.03314848e+09 1.03314850e+09
 1.03314853e+09 1.03314855e+09 1.03314857e+09 1.03314860e+09
 1.03314862e+09 1.03314864e+09 1.03314867e+09 1.03314869e+09
 1.03314871e+09 1.03314874e+09 1.03314876e+09 1.03314878e+09
 1.03314881e+09 1.03314883e+09 1.03314885e+09 1.03314888e+09
 1.03314890e+09 1.03314892e+09 1.03314895e+09 1.03314897e+09
 1.03314899e+09 1.03314902e+09 1.03314904e+09 1.03314906e+09
 1.03314909e+09 1.03314911e+09 1.03314913e+09 1.03314916e+09
 1.03314918e+09 1.03314920e+09 1.03314923e+09 1.03314925e+09
 1.03314927e+09 1.03314929e+09 1.03314932e+09 1.03314934e+09
 1.03314936e+09 1.03314939e+09 1.03314941e+09 1.03314943e+09
 1.03314946e+09 1.03314948e+09 1.03314950e+09 1.03314953e+09
 1.03314955e+09 1.03314957e+09 1.03314960e+09 1.03314962e+09
 1.03314964e+09 1.03314967e+09 1.03314969e+09 1.03314971e+09
 1.03314974e+09 1.03314976e+09 1.03314978e+09 1.03314981e+09
 1.03314983e+09 1.03314985e+09 1.03314988e+09 1.03314990e+09
 1.03314992e+09 1.03314995e+09 1.03314997e+09 1.03314999e+09
 1.03315002e+09 1.03315004e+09 1.03315006e+09 1.03315009e+09
 1.03315011e+09 1.03315013e+09 1.03315015e+09 1.03315018e+09
 1.03315020e+09 1.03315022e+09 1.03315025e+09 1.03315027e+09
 1.03315029e+09 1.03315032e+09 1.03315034e+09 1.03315036e+09
 1.03315039e+09 1.03315041e+09 1.03315043e+09 1.03315046e+09
 1.03315048e+09 1.03315050e+09 1.03315053e+09 1.03315055e+09
 1.03315057e+09 1.03315060e+09 1.03315062e+09 1.03315064e+09
 1.03315067e+09 1.03315069e+09 1.03315071e+09 1.03315074e+09
 1.03315076e+09 1.03315078e+09 1.03315081e+09 1.03315083e+09
 1.03315085e+09 1.03315088e+09 1.03315090e+09 1.03315092e+09
 1.03315095e+09 1.03315097e+09 1.03315099e+09 1.03315101e+09
 1.03315104e+09 1.03315106e+09 1.03315108e+09 1.03315111e+09
 1.03315113e+09 1.03315115e+09 1.03315118e+09 1.03315120e+09
 1.03315122e+09 1.03315125e+09 1.03315127e+09 1.03315129e+09
 1.03315132e+09 1.03315134e+09 1.03315136e+09 1.03315139e+09
 1.03315141e+09 1.03315143e+09 1.03315146e+09 1.03315148e+09
 1.03315150e+09 1.03315153e+09 1.03315155e+09 1.03315157e+09
 1.03315160e+09 1.03315162e+09 1.03315164e+09 1.03315167e+09
 1.03315169e+09 1.03315171e+09 1.03315174e+09 1.03315176e+09
 1.03315178e+09 1.03315181e+09 1.03315183e+09 1.03315185e+09
 1.03315187e+09 1.03315190e+09 1.03315192e+09 1.03315194e+09
 1.03315197e+09 1.03315199e+09 1.03315201e+09 1.03315204e+09
 1.03315206e+09 1.03315208e+09 1.03315211e+09 1.03315213e+09
 1.03315215e+09 1.03315218e+09 1.03315220e+09 1.03315222e+09
 1.03315225e+09 1.03315227e+09 1.03315229e+09 1.03315232e+09
 1.03315234e+09 1.03315236e+09 1.03315239e+09 1.03315241e+09
 1.03315243e+09 1.03315246e+09 1.03315248e+09 1.03315250e+09
 1.03315253e+09 1.03315255e+09 1.03315257e+09 1.03315260e+09
 1.03315262e+09 1.03315264e+09 1.03315267e+09 1.03315269e+09
 1.03315271e+09 1.03315273e+09 1.03315276e+09 1.03315278e+09
 1.03315280e+09 1.03315283e+09 1.03315285e+09 1.03315287e+09
 1.03315290e+09 1.03315292e+09 1.03315294e+09 1.03315297e+09
 1.03315299e+09 1.03315301e+09 1.03315304e+09 1.03315306e+09
 1.03315308e+09 1.03315311e+09 1.03315313e+09 1.03315315e+09
 1.03315318e+09 1.03315320e+09 1.03315322e+09 1.03315325e+09
 1.03315327e+09 1.03315329e+09 1.03315332e+09 1.03315334e+09
 1.03315336e+09 1.03315339e+09 1.03315341e+09 1.03315343e+09
 1.03315346e+09 1.03315348e+09 1.03315350e+09 1.03315353e+09
 1.03315355e+09 1.03315357e+09 1.03315359e+09 1.03315362e+09
 1.03315364e+09 1.03315366e+09 1.03315369e+09 1.03315371e+09
 1.03315373e+09 1.03315376e+09 1.03315378e+09 1.03315380e+09
 1.03315383e+09 1.03315385e+09 1.03315387e+09 1.03315390e+09
 1.03315392e+09 1.03315394e+09 1.03315397e+09 1.03315399e+09
 1.03315401e+09 1.03315404e+09 1.03315406e+09 1.03315408e+09
 1.03315411e+09 1.03315413e+09 1.03315415e+09 1.03315418e+09
 1.03315420e+09 1.03315422e+09 1.03315425e+09 1.03315427e+09
 1.03315429e+09 1.03315432e+09 1.03315434e+09 1.03315436e+09
 1.03315439e+09 1.03315441e+09 1.03315443e+09 1.03315445e+09
 1.03315448e+09 1.03315450e+09 1.03315452e+09 1.03315455e+09
 1.03315457e+09 1.03315459e+09 1.03315462e+09 1.03315464e+09
 1.03315466e+09 1.03315469e+09 1.03315471e+09 1.03315473e+09
 1.03315476e+09 1.03315478e+09 1.03315480e+09 1.03315483e+09
 1.03315485e+09 1.03315487e+09 1.03315490e+09 1.03315492e+09
 1.03315494e+09 1.03315497e+09 1.03315499e+09 1.03315501e+09
 1.03315504e+09 1.03315506e+09 1.03315508e+09 1.03315511e+09
 1.03315513e+09 1.03315515e+09 1.03315518e+09 1.03315520e+09
 1.03315522e+09 1.03315525e+09 1.03315527e+09 1.03315529e+09
 1.03315531e+09 1.03315534e+09 1.03315536e+09 1.03315538e+09
 1.03315541e+09 1.03315543e+09 1.03315545e+09 1.03315548e+09
 1.03315550e+09 1.03315552e+09 1.03315555e+09 1.03315557e+09
 1.03315559e+09 1.03315562e+09 1.03315564e+09 1.03315566e+09
 1.03315569e+09 1.03315571e+09 1.03315573e+09 1.03315576e+09
 1.03315578e+09 1.03315580e+09 1.03315583e+09 1.03315585e+09
 1.03315587e+09 1.03315590e+09 1.03315592e+09 1.03315594e+09
 1.03315597e+09 1.03315599e+09 1.03315601e+09 1.03315604e+09
 1.03315606e+09 1.03315608e+09 1.03315611e+09 1.03315613e+09
 1.03315615e+09 1.03315617e+09 1.03315620e+09 1.03315622e+09
 1.03315624e+09 1.03315627e+09 1.03315629e+09 1.03315631e+09
 1.03315634e+09 1.03315636e+09 1.03315638e+09 1.03315641e+09
 1.03315643e+09 1.03315645e+09 1.03315648e+09 1.03315650e+09
 1.03315652e+09 1.03315655e+09 1.03315657e+09 1.03315659e+09
 1.03315662e+09 1.03315664e+09 1.03315666e+09 1.03315669e+09
 1.03315671e+09 1.03315673e+09 1.03315676e+09 1.03315678e+09
 1.03315680e+09 1.03315683e+09 1.03315685e+09 1.03315687e+09
 1.03315690e+09 1.03315692e+09 1.03315694e+09 1.03315697e+09
 1.03315699e+09 1.03315701e+09 1.03315703e+09 1.03315706e+09
 1.03315708e+09 1.03315710e+09 1.03315713e+09 1.03315715e+09
 1.03315717e+09 1.03315720e+09 1.03315722e+09 1.03315724e+09
 1.03315727e+09 1.03315729e+09 1.03315731e+09 1.03315734e+09
 1.03315736e+09 1.03315738e+09 1.03315741e+09 1.03315743e+09
 1.03315745e+09 1.03315748e+09 1.03315750e+09 1.03315752e+09
 1.03315755e+09 1.03315757e+09 1.03315759e+09 1.03315762e+09
 1.03315764e+09 1.03315766e+09 1.03315769e+09 1.03315771e+09
 1.03315773e+09 1.03315776e+09 1.03315778e+09 1.03315780e+09
 1.03315783e+09 1.03315785e+09 1.03315787e+09 1.03315789e+09
 1.03315792e+09 1.03315794e+09 1.03315796e+09 1.03315799e+09
 1.03315801e+09 1.03315803e+09 1.03315806e+09 1.03315808e+09
 1.03315810e+09 1.03315813e+09 1.03315815e+09 1.03315817e+09
 1.03315820e+09 1.03315822e+09 1.03315824e+09 1.03315827e+09
 1.03315829e+09 1.03315831e+09 1.03315834e+09 1.03315836e+09
 1.03315838e+09 1.03315841e+09 1.03315843e+09 1.03315845e+09
 1.03315848e+09 1.03315850e+09 1.03315852e+09 1.03315855e+09
 1.03315857e+09 1.03315859e+09 1.03315862e+09 1.03315864e+09
 1.03315866e+09 1.03315869e+09 1.03315871e+09 1.03315873e+09
 1.03315875e+09 1.03315878e+09 1.03315880e+09 1.03315882e+09
 1.03315885e+09 1.03315887e+09 1.03315889e+09 1.03315892e+09
 1.03315894e+09 1.03315896e+09 1.03315899e+09 1.03315901e+09
 1.03315903e+09 1.03315906e+09 1.03315908e+09 1.03315910e+09
 1.03315913e+09 1.03315915e+09 1.03315917e+09 1.03315920e+09
 1.03315922e+09 1.03315924e+09 1.03315927e+09 1.03315929e+09
 1.03315931e+09 1.03315934e+09 1.03315936e+09 1.03315938e+09
 1.03315941e+09 1.03315943e+09 1.03315945e+09 1.03315948e+09
 1.03315950e+09 1.03315952e+09 1.03315955e+09 1.03315957e+09
 1.03315959e+09 1.03315961e+09 1.03315964e+09 1.03315966e+09
 1.03315968e+09 1.03315971e+09 1.03315973e+09 1.03315975e+09
 1.03315978e+09 1.03315980e+09 1.03315982e+09 1.03315985e+09
 1.03315987e+09 1.03315989e+09 1.03315992e+09 1.03315994e+09
 1.03315996e+09 1.03315999e+09 1.03316001e+09 1.03316003e+09
 1.03316006e+09 1.03316008e+09 1.03316010e+09 1.03316013e+09
 1.03316015e+09 1.03316017e+09 1.03316020e+09 1.03316022e+09
 1.03316024e+09 1.03316027e+09 1.03316029e+09 1.03316031e+09
 1.03316034e+09 1.03316036e+09 1.03316038e+09 1.03316041e+09
 1.03316043e+09 1.03316045e+09 1.03316047e+09 1.03316050e+09
 1.03316052e+09 1.03316054e+09 1.03316057e+09 1.03316059e+09
 1.03316061e+09 1.03316064e+09 1.03316066e+09 1.03316068e+09
 1.03316071e+09 1.03316073e+09 1.03316075e+09 1.03316078e+09
 1.03316080e+09 1.03316082e+09 1.03316085e+09 1.03316087e+09
 1.03316089e+09 1.03316092e+09 1.03316094e+09 1.03316096e+09
 1.03316099e+09 1.03316101e+09 1.03316103e+09 1.03316106e+09
 1.03316108e+09 1.03316110e+09 1.03316113e+09 1.03316115e+09
 1.03316117e+09 1.03316120e+09 1.03316122e+09 1.03316124e+09
 1.03316127e+09 1.03316129e+09 1.03316131e+09 1.03316133e+09
 1.03316136e+09 1.03316138e+09 1.03316140e+09 1.03316143e+09
 1.03316145e+09 1.03316147e+09 1.03316150e+09 1.03316152e+09
 1.03316154e+09 1.03316157e+09 1.03316159e+09 1.03316161e+09
 1.03316164e+09 1.03316166e+09 1.03316168e+09 1.03316171e+09
 1.03316173e+09 1.03316175e+09 1.03316178e+09 1.03316180e+09
 1.03316182e+09 1.03316185e+09 1.03316187e+09 1.03316189e+09
 1.03316192e+09 1.03316194e+09 1.03316196e+09 1.03316199e+09
 1.03316201e+09 1.03316203e+09 1.03316206e+09 1.03316208e+09
 1.03316210e+09 1.03316213e+09 1.03316215e+09 1.03316217e+09
 1.03316219e+09 1.03316222e+09 1.03316224e+09 1.03316226e+09
 1.03316229e+09 1.03316231e+09 1.03316233e+09 1.03316236e+09
 1.03316238e+09 1.03316240e+09 1.03316243e+09 1.03316245e+09
 1.03316247e+09 1.03316250e+09 1.03316252e+09 1.03316254e+09
 1.03316257e+09 1.03316259e+09 1.03316261e+09 1.03316264e+09
 1.03316266e+09 1.03316268e+09 1.03316271e+09 1.03316273e+09
 1.03316275e+09 1.03316278e+09 1.03316280e+09 1.03316282e+09
 1.03316285e+09 1.03316287e+09 1.03316289e+09 1.03316292e+09
 1.03316294e+09 1.03316296e+09 1.03316299e+09 1.03316301e+09
 1.03316303e+09 1.03316305e+09 1.03316308e+09 1.03316310e+09
 1.03316312e+09 1.03316315e+09 1.03316317e+09 1.03316319e+09
 1.03316322e+09 1.03316324e+09 1.03316326e+09 1.03316329e+09
 1.03316331e+09 1.03316333e+09 1.03316336e+09 1.03316338e+09
 1.03316340e+09 1.03316343e+09 1.03316345e+09 1.03316347e+09
 1.03316350e+09 1.03316352e+09 1.03316354e+09 1.03316357e+09
 1.03316359e+09 1.03316361e+09 1.03316364e+09 1.03316366e+09
 1.03316368e+09 1.03316371e+09 1.03316373e+09 1.03316375e+09
 1.03316378e+09 1.03316380e+09 1.03316382e+09 1.03316385e+09
 1.03316387e+09 1.03316389e+09 1.03316391e+09 1.03316394e+09
 1.03316396e+09 1.03316398e+09 1.03316401e+09 1.03316403e+09
 1.03316405e+09 1.03316408e+09 1.03316410e+09 1.03316412e+09
 1.03316415e+09 1.03316417e+09 1.03316419e+09 1.03316422e+09
 1.03316424e+09 1.03316426e+09 1.03316429e+09 1.03316431e+09
 1.03316433e+09 1.03316436e+09 1.03316438e+09 1.03316440e+09
 1.03316443e+09 1.03316445e+09 1.03316447e+09 1.03316450e+09
 1.03316452e+09 1.03316454e+09 1.03316457e+09 1.03316459e+09
 1.03316461e+09 1.03316464e+09 1.03316466e+09 1.03316468e+09
 1.03316471e+09 1.03316473e+09 1.03316475e+09 1.03316477e+09
 1.03316480e+09 1.03316482e+09 1.03316484e+09 1.03316487e+09
 1.03316489e+09 1.03316491e+09 1.03316494e+09 1.03316496e+09
 1.03316498e+09 1.03316501e+09 1.03316503e+09 1.03316505e+09
 1.03316508e+09 1.03316510e+09 1.03316512e+09 1.03316515e+09
 1.03316517e+09 1.03316519e+09 1.03316522e+09 1.03316524e+09
 1.03316526e+09 1.03316529e+09 1.03316531e+09 1.03316533e+09
 1.03316536e+09 1.03316538e+09 1.03316540e+09 1.03316543e+09
 1.03316545e+09 1.03316547e+09 1.03316550e+09 1.03316552e+09
 1.03316554e+09 1.03316557e+09 1.03316559e+09 1.03316561e+09
 1.03316563e+09 1.03316566e+09 1.03316568e+09 1.03316570e+09
 1.03316573e+09 1.03316575e+09 1.03316577e+09 1.03316580e+09
 1.03316582e+09 1.03316584e+09 1.03316587e+09 1.03316589e+09
 1.03316591e+09 1.03316594e+09 1.03316596e+09 1.03316598e+09
 1.03316601e+09 1.03316603e+09 1.03316605e+09 1.03316608e+09
 1.03316610e+09 1.03316612e+09 1.03316615e+09 1.03316617e+09
 1.03316619e+09 1.03316622e+09 1.03316624e+09 1.03316626e+09
 1.03316629e+09 1.03316631e+09 1.03316633e+09 1.03316636e+09
 1.03316638e+09 1.03316640e+09 1.03316643e+09 1.03316645e+09
 1.03316647e+09 1.03316649e+09 1.03316652e+09 1.03316654e+09
 1.03316656e+09 1.03316659e+09 1.03316661e+09 1.03316663e+09
 1.03316666e+09 1.03316668e+09 1.03316670e+09 1.03316673e+09
 1.03316675e+09 1.03316677e+09 1.03316680e+09 1.03316682e+09
 1.03316684e+09 1.03316687e+09 1.03316689e+09 1.03316691e+09
 1.03316694e+09 1.03316696e+09 1.03316698e+09 1.03316701e+09
 1.03316703e+09 1.03316705e+09 1.03316708e+09 1.03316710e+09
 1.03316712e+09 1.03316715e+09 1.03316717e+09 1.03316719e+09
 1.03316722e+09 1.03316724e+09 1.03316726e+09 1.03316729e+09]
minRes = 3.098251168917343
minResTime =  [1.03316729e+09]
