name =JUICE_ROI_CAL_4_3_02
flyby =  ['2033 JAN 13 13:32:12', '2033 JAN 14 13:32:12']
Observation TW =  <SpiceCell dtype = 1, length = 0, size = 2400, card = 4, is_set = 1, adjust = 0, init = 1, base = 1356596135200, data = 1356596135248>
Res(t) =  [3.63317548 3.62959286 3.62601019 3.62242745 3.61884466 3.6152618
 3.61167888 3.60809591 3.60451287 3.60092977 3.59734661 3.5937634
 3.59018012 3.58659678 3.58301337 3.57942991 3.57584639 3.5722628
 3.56867916 3.56509545 3.56151168 3.55792785 3.55434395 3.55076
 3.54717598 3.5435919  3.54000776 3.53642355 3.53283929 3.52925496
 3.52567056 3.52208611 3.51850159 3.51491701 3.51133236 3.50774765
 3.50416288 3.50057804 3.49699314 3.49340818 3.48982315 3.48623806
 3.48265291 3.47906769 3.4754824  3.47189705 3.46831164 3.46472616
 3.46114062 3.45755501 3.45396933 3.45038359 3.44679779 3.44321192
 3.43962599 3.43603998 3.43245392 3.42886779 3.42528159 3.42169532
 3.41810899 3.41452259 3.41093613 3.4073496  3.403763   3.40017634
 3.39658961 3.39300281 3.38941594 3.38582901 3.38224201 3.37865494
 3.3750678  3.3714806  3.36789333 3.36430599 3.36071858 3.35713111
 3.35354356 3.34995595 3.34636827 3.34278052 3.3391927  3.33560481
 3.33201686 3.32842883 3.32484073 3.32125257 3.31766433 3.31407603
 3.31048766 3.30689921 3.3033107  3.29972211 3.29613346 3.29254474
 3.28895594 3.28536707 3.28177814 3.27818913 3.27460005 3.2710109
 3.26742168 3.26383239 3.26024303 3.25665359 3.25306408 3.2494745
 3.24588485 3.24229513 3.23870534 3.23511547 3.23152553 3.22793552
 3.22434543 3.22075527 3.21716504 3.21357474 3.20998436 3.20639391
 3.20280339 3.19921279 3.19562212 3.19203138 3.18844056 3.18484967
 3.1812587  3.17766766 3.17407654 3.17048535 3.16689409 3.16330275
 3.15971134 3.15611985 3.15252828 3.14893664 3.14534493 3.14175314
 3.13816127 3.13456933 3.13097732 3.12738522 3.12379305 3.12020081
 3.11660849 3.11301609 3.10942361 3.10583106 3.10223843 3.09864573
 3.09505295 3.09146009 3.08786715 3.08427414 3.08068104 3.07708787
 3.07349463 3.0699013  3.0663079  3.06271442 3.05912086 3.05552722
 3.0519335  3.04833971 3.04474583 3.04115188 3.03755785 3.03396373
 3.03036954 3.02677527 3.02318092 3.01958649 3.01599198 3.01239739
 3.00880272 3.00520797 3.00161314 2.99801823 2.99442324 2.99082817
 2.98723302 2.98363778 2.98004247 2.97644707 2.9728516  2.96925604
 2.9656604  2.96206468 2.95846887 2.95487299 2.95127702 2.94768097
 2.94408483 2.94048862 2.93689232 2.93329594 2.92969948 2.92610293
 2.9225063  2.91890959 2.91531279 2.91171591 2.90811895 2.9045219
 2.90092477 2.89732755 2.89373026 2.89013287 2.8865354  2.88293785
 2.87934021 2.87574249 2.87214468 2.86854679 2.86494881 2.86135075
 2.8577526  2.85415437 2.85055605 2.84695764 2.84335915 2.83976058
 2.83616191 2.83256316 2.82896432 2.8253654  2.82176639 2.81816729
 2.81456811 2.81096884 2.80736948 2.80377003 2.8001705  2.79657088
 2.79297117 2.78937137 2.78577149 2.78217151 2.77857145 2.7749713
 2.77137106 2.76777073 2.76417032 2.76056981 2.75696922 2.75336853
 2.74976776 2.74616689 2.74256594 2.7389649  2.73536377 2.73176254
 2.72816123 2.72455983 2.72095833 2.71735675 2.71375507 2.71015331
 2.70655145 2.7029495  2.69934746 2.69574533 2.69214311 2.68854079
 2.68493838 2.68133589 2.67773329 2.67413061 2.67052784 2.66692497
 2.66332201 2.65971895 2.65611581 2.65251257 2.64890923 2.64530581
 2.64170229 2.63809867 2.63449497 2.63089117 2.62728727 2.62368328
 2.6200792  2.61647502 2.61287075 2.60926638 2.60566192 2.60205736
 2.59845271 2.59484796 2.59124311 2.58763818 2.58403314 2.58042801
 2.57682278 2.57321746 2.56961204 2.56600653 2.56240091 2.55879521
 2.5551894  2.5515835  2.5479775  2.5443714  2.54076521 2.53715891
 2.53355252 2.52994604 2.52633945 2.52273277 2.51912598 2.5155191
 2.51191212 2.50830505 2.50469787 2.5010906  2.49748322 2.49387575
 2.49026817 2.4866605  2.48305273 2.47944486 2.47583688 2.47222881
 2.46862064 2.46501237 2.46140399 2.45779552 2.45418694 2.45057827
 2.44696949 2.44336061 2.43975163 2.43614255 2.43253336 2.42892408
 2.42531469 2.4217052  2.41809561 2.41448592 2.41087612 2.40726622
 2.40365622 2.40004611 2.3964359  2.39282559 2.38921518 2.38560466
 2.38199404 2.37838331 2.37477248 2.37116154 2.3675505  2.36393936
 2.36032811 2.35671676 2.3531053  2.34949374 2.34588207 2.34227029
 2.33865841 2.33504643 2.33143434 2.32782214 2.32420984 2.32059743
 2.31698491 2.31337229 2.30975956 2.30614672 2.30253378 2.29892073
 2.29530757 2.29169431 2.28808093 2.28446745 2.28085387 2.27724017
 2.27362636 2.27001245 2.26639843 2.2627843  2.25917006 2.25555571
 2.25194125 2.24832668 2.24471201 2.24109722 2.23748232 2.23386732
 2.2302522  2.22663697 2.22302164 2.21940619 2.21579063 2.21217496
 2.20855918 2.20494329 2.20132729 2.19771117 2.19409495 2.19047861
 2.18686216 2.1832456  2.17962892 2.17601214 2.17239524 2.16877823
 2.1651611  2.16154386 2.15792651 2.15430905 2.15069147 2.14707378
 2.14345597 2.13983805 2.13622002 2.13260187 2.12898361 2.12536523
 2.12174674 2.11812813 2.11450941 2.11089057 2.10727162 2.10365255
 2.10003336 2.09641406 2.09279464 2.08917511 2.08555546 2.0819357
 2.07831581 2.07469581 2.0710757  2.06745546 2.06383511 2.06021464
 2.05659405 2.05297335 2.04935252 2.04573158 2.04211052 2.03848935
 2.03486805 2.03124663 2.0276251  2.02400344 2.02038167 2.01675978
 2.01313776 2.00951563 2.00589338 2.002271   1.99864851 1.9950259
 1.99140316 1.98778031 1.98415733 1.98053423 1.97691101 1.97328767
 1.96966421 1.96604062 1.96241691 1.95879309 1.95516913 1.95154506
 1.94792086 1.94429654 1.9406721  1.93704753 1.93342284 1.92979803
 1.92617309 1.92254803 1.91892285 1.91529754 1.9116721  1.90804654
 1.90442086 1.90079505 1.89716912 1.89354306 1.88991687 1.88629056
 1.88266412 1.87903756 1.87541087 1.87178406 1.86815712 1.86453005
 1.86090285 1.85727553 1.85364808 1.8500205  1.84639279 1.84276496
 1.839137   1.83550891 1.83188069 1.82825235 1.82462387 1.82099527
 1.81736653 1.81373767 1.81010868 1.80647956 1.80285031 1.79922093
 1.79559141 1.79196177 1.788332   1.7847021  1.78107206 1.7774419
 1.7738116  1.77018117 1.76655061 1.76291992 1.7592891  1.75565814
 1.75202705 1.74839583 1.74476448 1.74113299 1.73750137 1.73386962
 1.73023773 1.72660571 1.72297356 1.71934127 1.71570885 1.71207629
 1.7084436  1.70481077 1.70117781 1.69754471 1.69391148 1.69027811
 1.68664461 1.68301097 1.67937719 1.67574328 1.67210923 1.66847504
 1.66484072 1.66120626 1.65757166 1.65393693 1.65030205 1.64666704
 1.64303189 1.63939661 1.63576118 1.63212562 1.62848991 1.62485407
 1.62121809 1.61758197 1.6139457  1.6103093  1.60667276 1.60303608
 1.59939926 1.59576229 1.59212519 1.58848795 1.58485056 1.58121303
 1.57757536 1.57393755 1.5702996  1.5666615  1.56302326 1.55938488
 1.55574635 1.55210769 1.54846888 1.54482992 1.54119082 1.53755158
 1.53391219 1.53027266 1.52663298 1.52299316 1.5193532  1.51571309
 1.51207283 1.50843243 1.50479188 1.50115118 1.49751034 1.49386936
 1.49022822 1.48658694 1.48294551 1.47930394 1.47566221 1.47202034
 1.46837832 1.46473615 1.46109384 1.45745137 1.45380876 1.450166
 1.44652308 1.44288002 1.43923681 1.43559345 1.43194993 1.42830627
 1.42466246 1.42101849 1.41737438 1.41373011 1.41008569 1.40644112
 1.4027964  1.39915152 1.3955065  1.39186132 1.38821598 1.3845705
 1.38092486 1.37727906 1.37363311 1.36998701 1.36634076 1.36269435
 1.35904778 1.35540106 1.35175418 1.34810715 1.34445997 1.34081262
 1.33716512 1.33351747 1.32986965 1.32622168 1.32257356 1.31892527
 1.31527683 1.31162823 1.30797947 1.30433056 1.30068148 1.29703225
 1.29338285 1.2897333  1.28608359 1.28243372 1.27878368 1.27513349
 1.27148314 1.26783262 1.26418195 1.26053111 1.25688011 1.25322895
 1.24957763 1.24592615 1.2422745  1.23862269 1.23497071 1.23131858
 1.22766628 1.22401381 1.22036118 1.21670839 1.21305543 1.20940231
 1.20574902 1.20209557 1.19844195 1.19478816 1.19113421 1.18748009
 1.18382581 1.18017136 1.17651674 1.17286195 1.169207   1.16555187
 1.16189658 1.15824112 1.15458549 1.15092969 1.14727373 1.14361759
 1.13996128 1.1363048  1.13264815 1.12899133 1.12533434 1.12167718
 1.11801985 1.11436234 1.11070466 1.10704681 1.10338879 1.09973059
 1.09607222 1.09241368 1.08875496 1.08509607 1.081437   1.07777776
 1.07411834 1.07045875 1.06679898 1.06313904 1.05947892 1.05581862
 1.05215815 1.04849749 1.04483667 1.04117566 1.03751447 1.03385311
 1.03019157 1.02652985 1.02286795 1.01920587 1.01554361 1.01188117
 1.00821855 1.00455575 1.00089276 0.9972296  0.99356626 0.98990273
 0.98623902 0.98257512 0.97891105 0.97524679 0.97158235 0.96791772
 0.96425291 0.96058791 0.95692273 0.95325737 0.94959181 0.94592608
 0.94226015 0.93859404 0.93492775 0.93126126 0.92759459 0.92392773
 0.92026068 0.91659345 0.91292602 0.90925841 0.90559061 0.90192261
 0.89825443 0.89458606 0.89091749 0.88724874 0.88357979 0.87991065
 0.87624132 0.8725718  0.86890208 0.86523217 0.86156207 0.85789177
 0.85422128 0.8505506  0.84687972 0.84320864 0.83953737 0.83586591
 0.83219425 0.82852239 0.82485033 0.82117808 0.81750563 0.81383298
 0.81016013 0.80648709 0.80281385 0.7991404  0.79546676 0.79179292
 0.78811888 0.78444463 0.78077019 0.77709555 0.7734207  0.76974565
 0.7660704  0.76239495 0.75871929 0.75504343 0.75136737 0.7476911
 0.74401463 0.74033796 0.73666108 0.73298399 0.7293067  0.7256292
 0.7219515  0.71827359 0.71459547 0.71091715 0.70723862 0.70355988
 0.69988093 0.69620178 0.69252241 0.68884284 0.68516306 0.68148307
 0.67780287 0.67412245 0.67044183 0.666761   0.66307996 0.6593987
 0.65571724 0.65203556 0.64835367 0.64467157 0.64098926 0.63730673
 0.63362399 0.62994104 0.62625787 0.62257449 0.6188909  0.6152071
 0.61152308 0.60783884 0.60415439 0.60046973 0.59678485 0.59309976
 0.58941446 0.58572894 0.5820432  0.57835725 0.5756628  0.57197684
 0.56829069 0.56460432 0.56091775 0.55723097 0.55354398 0.54985679
 0.54616938 0.54248178 0.53879397 0.53510595 0.53141773 0.5277293
 0.52404067 0.52035183 0.51666279 0.51297355 0.50928411 0.50559447
 0.50190462 0.49821458 0.49452434 0.49083389 0.48714326 0.48345242
 0.47976139 0.47607017 0.47237875 0.46868714 0.46499534 0.46130335
 0.45761118 0.45391881 0.45022626 0.44653353 0.44284062 0.43914753
 0.43545427 0.43176082 0.42806721 0.42437342 0.42067947 0.41698535
 0.41329107 0.40959663 0.40590203 0.40220728 0.39851238 0.39481733
 0.39112215 0.38742682 0.38373136 0.38003577 0.37634005 0.37264422
 0.36894827 0.36525221 0.36155605 0.35785979 0.35416344 0.35046701
 0.3467705  0.34307392 0.33937729 0.3356806  0.33198386 0.3282871
 0.32459031 0.32089351 0.3171967  0.31349991 0.30980314 0.30610641
 0.30240973 0.29871312 0.29501659 0.29132015 0.28762384 0.28392766
 0.28023164 0.27653579 0.27284015 0.26914473 0.26544957 0.26175468
 0.25806011 0.25436587 0.25067201 0.24697856 0.24328555 0.23959304
 0.23590106 0.23220966 0.22851889 0.22482881 0.22113947 0.21745094
 0.21376328 0.21007657 0.20639088 0.2027063  0.19902292 0.19534083
 0.19166016 0.187981   0.18430349 0.18062776 0.17695397 0.17328226
 0.16961283 0.16594587 0.16228158 0.15862019 0.15496198 0.1513072
 0.14765619 0.14400927 0.14036684 0.1367293  0.13309714 0.12947088
 0.1258511  0.12223846 0.11863371 0.11503767 0.11145131 0.10787568
 0.10431202 0.10076174 0.09722644 0.09370798 0.09020854 0.08673062
 0.08327717 0.07985168 0.07645825 0.0731018  0.06978825 0.06652474
 0.06331999 0.06018475 0.05713238 0.05417963 0.0513478  0.04866425
 0.04616464 0.04389609 0.04192205 0.04032963 0.03924162 0.03883725
 0.03939171 0.0413613  0.04559961 0.05404816]
t =  [1.04250800e+09 1.04250804e+09 1.04250809e+09 1.04250813e+09
 1.04250817e+09 1.04250822e+09 1.04250826e+09 1.04250830e+09
 1.04250834e+09 1.04250839e+09 1.04250843e+09 1.04250847e+09
 1.04250852e+09 1.04250856e+09 1.04250860e+09 1.04250864e+09
 1.04250869e+09 1.04250873e+09 1.04250877e+09 1.04250882e+09
 1.04250886e+09 1.04250890e+09 1.04250894e+09 1.04250899e+09
 1.04250903e+09 1.04250907e+09 1.04250912e+09 1.04250916e+09
 1.04250920e+09 1.04250924e+09 1.04250929e+09 1.04250933e+09
 1.04250937e+09 1.04250942e+09 1.04250946e+09 1.04250950e+09
 1.04250954e+09 1.04250959e+09 1.04250963e+09 1.04250967e+09
 1.04250972e+09 1.04250976e+09 1.04250980e+09 1.04250984e+09
 1.04250989e+09 1.04250993e+09 1.04250997e+09 1.04251002e+09
 1.04251006e+09 1.04251010e+09 1.04251014e+09 1.04251019e+09
 1.04251023e+09 1.04251027e+09 1.04251032e+09 1.04251036e+09
 1.04251040e+09 1.04251044e+09 1.04251049e+09 1.04251053e+09
 1.04251057e+09 1.04251062e+09 1.04251066e+09 1.04251070e+09
 1.04251074e+09 1.04251079e+09 1.04251083e+09 1.04251087e+09
 1.04251092e+09 1.04251096e+09 1.04251100e+09 1.04251104e+09
 1.04251109e+09 1.04251113e+09 1.04251117e+09 1.04251122e+09
 1.04251126e+09 1.04251130e+09 1.04251134e+09 1.04251139e+09
 1.04251143e+09 1.04251147e+09 1.04251152e+09 1.04251156e+09
 1.04251160e+09 1.04251164e+09 1.04251169e+09 1.04251173e+09
 1.04251177e+09 1.04251182e+09 1.04251186e+09 1.04251190e+09
 1.04251194e+09 1.04251199e+09 1.04251203e+09 1.04251207e+09
 1.04251212e+09 1.04251216e+09 1.04251220e+09 1.04251224e+09
 1.04251229e+09 1.04251233e+09 1.04251237e+09 1.04251242e+09
 1.04251246e+09 1.04251250e+09 1.04251254e+09 1.04251259e+09
 1.04251263e+09 1.04251267e+09 1.04251272e+09 1.04251276e+09
 1.04251280e+09 1.04251284e+09 1.04251289e+09 1.04251293e+09
 1.04251297e+09 1.04251302e+09 1.04251306e+09 1.04251310e+09
 1.04251314e+09 1.04251319e+09 1.04251323e+09 1.04251327e+09
 1.04251332e+09 1.04251336e+09 1.04251340e+09 1.04251344e+09
 1.04251349e+09 1.04251353e+09 1.04251357e+09 1.04251362e+09
 1.04251366e+09 1.04251370e+09 1.04251374e+09 1.04251379e+09
 1.04251383e+09 1.04251387e+09 1.04251392e+09 1.04251396e+09
 1.04251400e+09 1.04251405e+09 1.04251409e+09 1.04251413e+09
 1.04251417e+09 1.04251422e+09 1.04251426e+09 1.04251430e+09
 1.04251435e+09 1.04251439e+09 1.04251443e+09 1.04251447e+09
 1.04251452e+09 1.04251456e+09 1.04251460e+09 1.04251465e+09
 1.04251469e+09 1.04251473e+09 1.04251477e+09 1.04251482e+09
 1.04251486e+09 1.04251490e+09 1.04251495e+09 1.04251499e+09
 1.04251503e+09 1.04251507e+09 1.04251512e+09 1.04251516e+09
 1.04251520e+09 1.04251525e+09 1.04251529e+09 1.04251533e+09
 1.04251537e+09 1.04251542e+09 1.04251546e+09 1.04251550e+09
 1.04251555e+09 1.04251559e+09 1.04251563e+09 1.04251567e+09
 1.04251572e+09 1.04251576e+09 1.04251580e+09 1.04251585e+09
 1.04251589e+09 1.04251593e+09 1.04251597e+09 1.04251602e+09
 1.04251606e+09 1.04251610e+09 1.04251615e+09 1.04251619e+09
 1.04251623e+09 1.04251627e+09 1.04251632e+09 1.04251636e+09
 1.04251640e+09 1.04251645e+09 1.04251649e+09 1.04251653e+09
 1.04251657e+09 1.04251662e+09 1.04251666e+09 1.04251670e+09
 1.04251675e+09 1.04251679e+09 1.04251683e+09 1.04251687e+09
 1.04251692e+09 1.04251696e+09 1.04251700e+09 1.04251705e+09
 1.04251709e+09 1.04251713e+09 1.04251717e+09 1.04251722e+09
 1.04251726e+09 1.04251730e+09 1.04251735e+09 1.04251739e+09
 1.04251743e+09 1.04251747e+09 1.04251752e+09 1.04251756e+09
 1.04251760e+09 1.04251765e+09 1.04251769e+09 1.04251773e+09
 1.04251777e+09 1.04251782e+09 1.04251786e+09 1.04251790e+09
 1.04251795e+09 1.04251799e+09 1.04251803e+09 1.04251807e+09
 1.04251812e+09 1.04251816e+09 1.04251820e+09 1.04251825e+09
 1.04251829e+09 1.04251833e+09 1.04251837e+09 1.04251842e+09
 1.04251846e+09 1.04251850e+09 1.04251855e+09 1.04251859e+09
 1.04251863e+09 1.04251867e+09 1.04251872e+09 1.04251876e+09
 1.04251880e+09 1.04251885e+09 1.04251889e+09 1.04251893e+09
 1.04251897e+09 1.04251902e+09 1.04251906e+09 1.04251910e+09
 1.04251915e+09 1.04251919e+09 1.04251923e+09 1.04251927e+09
 1.04251932e+09 1.04251936e+09 1.04251940e+09 1.04251945e+09
 1.04251949e+09 1.04251953e+09 1.04251957e+09 1.04251962e+09
 1.04251966e+09 1.04251970e+09 1.04251975e+09 1.04251979e+09
 1.04251983e+09 1.04251987e+09 1.04251992e+09 1.04251996e+09
 1.04252000e+09 1.04252005e+09 1.04252009e+09 1.04252013e+09
 1.04252017e+09 1.04252022e+09 1.04252026e+09 1.04252030e+09
 1.04252035e+09 1.04252039e+09 1.04252043e+09 1.04252047e+09
 1.04252052e+09 1.04252056e+09 1.04252060e+09 1.04252065e+09
 1.04252069e+09 1.04252073e+09 1.04252077e+09 1.04252082e+09
 1.04252086e+09 1.04252090e+09 1.04252095e+09 1.04252099e+09
 1.04252103e+09 1.04252107e+09 1.04252112e+09 1.04252116e+09
 1.04252120e+09 1.04252125e+09 1.04252129e+09 1.04252133e+09
 1.04252137e+09 1.04252142e+09 1.04252146e+09 1.04252150e+09
 1.04252155e+09 1.04252159e+09 1.04252163e+09 1.04252167e+09
 1.04252172e+09 1.04252176e+09 1.04252180e+09 1.04252185e+09
 1.04252189e+09 1.04252193e+09 1.04252197e+09 1.04252202e+09
 1.04252206e+09 1.04252210e+09 1.04252215e+09 1.04252219e+09
 1.04252223e+09 1.04252227e+09 1.04252232e+09 1.04252236e+09
 1.04252240e+09 1.04252245e+09 1.04252249e+09 1.04252253e+09
 1.04252257e+09 1.04252262e+09 1.04252266e+09 1.04252270e+09
 1.04252275e+09 1.04252279e+09 1.04252283e+09 1.04252288e+09
 1.04252292e+09 1.04252296e+09 1.04252300e+09 1.04252305e+09
 1.04252309e+09 1.04252313e+09 1.04252318e+09 1.04252322e+09
 1.04252326e+09 1.04252330e+09 1.04252335e+09 1.04252339e+09
 1.04252343e+09 1.04252348e+09 1.04252352e+09 1.04252356e+09
 1.04252360e+09 1.04252365e+09 1.04252369e+09 1.04252373e+09
 1.04252378e+09 1.04252382e+09 1.04252386e+09 1.04252390e+09
 1.04252395e+09 1.04252399e+09 1.04252403e+09 1.04252408e+09
 1.04252412e+09 1.04252416e+09 1.04252420e+09 1.04252425e+09
 1.04252429e+09 1.04252433e+09 1.04252438e+09 1.04252442e+09
 1.04252446e+09 1.04252450e+09 1.04252455e+09 1.04252459e+09
 1.04252463e+09 1.04252468e+09 1.04252472e+09 1.04252476e+09
 1.04252480e+09 1.04252485e+09 1.04252489e+09 1.04252493e+09
 1.04252498e+09 1.04252502e+09 1.04252506e+09 1.04252510e+09
 1.04252515e+09 1.04252519e+09 1.04252523e+09 1.04252528e+09
 1.04252532e+09 1.04252536e+09 1.04252540e+09 1.04252545e+09
 1.04252549e+09 1.04252553e+09 1.04252558e+09 1.04252562e+09
 1.04252566e+09 1.04252570e+09 1.04252575e+09 1.04252579e+09
 1.04252583e+09 1.04252588e+09 1.04252592e+09 1.04252596e+09
 1.04252600e+09 1.04252605e+09 1.04252609e+09 1.04252613e+09
 1.04252618e+09 1.04252622e+09 1.04252626e+09 1.04252630e+09
 1.04252635e+09 1.04252639e+09 1.04252643e+09 1.04252648e+09
 1.04252652e+09 1.04252656e+09 1.04252660e+09 1.04252665e+09
 1.04252669e+09 1.04252673e+09 1.04252678e+09 1.04252682e+09
 1.04252686e+09 1.04252690e+09 1.04252695e+09 1.04252699e+09
 1.04252703e+09 1.04252708e+09 1.04252712e+09 1.04252716e+09
 1.04252720e+09 1.04252725e+09 1.04252729e+09 1.04252733e+09
 1.04252738e+09 1.04252742e+09 1.04252746e+09 1.04252750e+09
 1.04252755e+09 1.04252759e+09 1.04252763e+09 1.04252768e+09
 1.04252772e+09 1.04252776e+09 1.04252780e+09 1.04252785e+09
 1.04252789e+09 1.04252793e+09 1.04252798e+09 1.04252802e+09
 1.04252806e+09 1.04252810e+09 1.04252815e+09 1.04252819e+09
 1.04252823e+09 1.04252828e+09 1.04252832e+09 1.04252836e+09
 1.04252840e+09 1.04252845e+09 1.04252849e+09 1.04252853e+09
 1.04252858e+09 1.04252862e+09 1.04252866e+09 1.04252870e+09
 1.04252875e+09 1.04252879e+09 1.04252883e+09 1.04252888e+09
 1.04252892e+09 1.04252896e+09 1.04252900e+09 1.04252905e+09
 1.04252909e+09 1.04252913e+09 1.04252918e+09 1.04252922e+09
 1.04252926e+09 1.04252930e+09 1.04252935e+09 1.04252939e+09
 1.04252943e+09 1.04252948e+09 1.04252952e+09 1.04252956e+09
 1.04252960e+09 1.04252965e+09 1.04252969e+09 1.04252973e+09
 1.04252978e+09 1.04252982e+09 1.04252986e+09 1.04252990e+09
 1.04252995e+09 1.04252999e+09 1.04253003e+09 1.04253008e+09
 1.04253012e+09 1.04253016e+09 1.04253020e+09 1.04253025e+09
 1.04253029e+09 1.04253033e+09 1.04253038e+09 1.04253042e+09
 1.04253046e+09 1.04253050e+09 1.04253055e+09 1.04253059e+09
 1.04253063e+09 1.04253068e+09 1.04253072e+09 1.04253076e+09
 1.04253080e+09 1.04253085e+09 1.04253089e+09 1.04253093e+09
 1.04253098e+09 1.04253102e+09 1.04253106e+09 1.04253110e+09
 1.04253115e+09 1.04253119e+09 1.04253123e+09 1.04253128e+09
 1.04253132e+09 1.04253136e+09 1.04253140e+09 1.04253145e+09
 1.04253149e+09 1.04253153e+09 1.04253158e+09 1.04253162e+09
 1.04253166e+09 1.04253171e+09 1.04253175e+09 1.04253179e+09
 1.04253183e+09 1.04253188e+09 1.04253192e+09 1.04253196e+09
 1.04253201e+09 1.04253205e+09 1.04253209e+09 1.04253213e+09
 1.04253218e+09 1.04253222e+09 1.04253226e+09 1.04253231e+09
 1.04253235e+09 1.04253239e+09 1.04253243e+09 1.04253248e+09
 1.04253252e+09 1.04253256e+09 1.04253261e+09 1.04253265e+09
 1.04253269e+09 1.04253273e+09 1.04253278e+09 1.04253282e+09
 1.04253286e+09 1.04253291e+09 1.04253295e+09 1.04253299e+09
 1.04253303e+09 1.04253308e+09 1.04253312e+09 1.04253316e+09
 1.04253321e+09 1.04253325e+09 1.04253329e+09 1.04253333e+09
 1.04253338e+09 1.04253342e+09 1.04253346e+09 1.04253351e+09
 1.04253355e+09 1.04253359e+09 1.04253363e+09 1.04253368e+09
 1.04253372e+09 1.04253376e+09 1.04253381e+09 1.04253385e+09
 1.04253389e+09 1.04253393e+09 1.04253398e+09 1.04253402e+09
 1.04253406e+09 1.04253411e+09 1.04253415e+09 1.04253419e+09
 1.04253423e+09 1.04253428e+09 1.04253432e+09 1.04253436e+09
 1.04253441e+09 1.04253445e+09 1.04253449e+09 1.04253453e+09
 1.04253458e+09 1.04253462e+09 1.04253466e+09 1.04253471e+09
 1.04253475e+09 1.04253479e+09 1.04253483e+09 1.04253488e+09
 1.04253492e+09 1.04253496e+09 1.04253501e+09 1.04253505e+09
 1.04253509e+09 1.04253513e+09 1.04253518e+09 1.04253522e+09
 1.04253526e+09 1.04253531e+09 1.04253535e+09 1.04253539e+09
 1.04253543e+09 1.04253548e+09 1.04253552e+09 1.04253556e+09
 1.04253561e+09 1.04253565e+09 1.04253569e+09 1.04253573e+09
 1.04253578e+09 1.04253582e+09 1.04253586e+09 1.04253591e+09
 1.04253595e+09 1.04253599e+09 1.04253603e+09 1.04253608e+09
 1.04253612e+09 1.04253616e+09 1.04253621e+09 1.04253625e+09
 1.04253629e+09 1.04253633e+09 1.04253638e+09 1.04253642e+09
 1.04253646e+09 1.04253651e+09 1.04253655e+09 1.04253659e+09
 1.04253663e+09 1.04253668e+09 1.04253672e+09 1.04253676e+09
 1.04253681e+09 1.04253685e+09 1.04253689e+09 1.04253693e+09
 1.04253698e+09 1.04253702e+09 1.04253706e+09 1.04253711e+09
 1.04253715e+09 1.04253719e+09 1.04253723e+09 1.04253728e+09
 1.04253732e+09 1.04253736e+09 1.04253741e+09 1.04253745e+09
 1.04253749e+09 1.04253753e+09 1.04253758e+09 1.04253762e+09
 1.04253766e+09 1.04253771e+09 1.04253775e+09 1.04253779e+09
 1.04253783e+09 1.04253788e+09 1.04253792e+09 1.04253796e+09
 1.04253801e+09 1.04253805e+09 1.04253809e+09 1.04253813e+09
 1.04253818e+09 1.04253822e+09 1.04253826e+09 1.04253831e+09
 1.04253835e+09 1.04253839e+09 1.04253843e+09 1.04253848e+09
 1.04253852e+09 1.04253856e+09 1.04253861e+09 1.04253865e+09
 1.04253869e+09 1.04253873e+09 1.04253878e+09 1.04253882e+09
 1.04253886e+09 1.04253891e+09 1.04253895e+09 1.04253899e+09
 1.04253903e+09 1.04253908e+09 1.04253912e+09 1.04253916e+09
 1.04253921e+09 1.04253925e+09 1.04253929e+09 1.04253933e+09
 1.04253938e+09 1.04253942e+09 1.04253946e+09 1.04253951e+09
 1.04253955e+09 1.04253959e+09 1.04253963e+09 1.04253968e+09
 1.04253972e+09 1.04253976e+09 1.04253981e+09 1.04253985e+09
 1.04253989e+09 1.04253993e+09 1.04253998e+09 1.04254002e+09
 1.04254006e+09 1.04254011e+09 1.04254015e+09 1.04254019e+09
 1.04254023e+09 1.04254028e+09 1.04254032e+09 1.04254036e+09
 1.04254041e+09 1.04254045e+09 1.04254049e+09 1.04254054e+09
 1.04254058e+09 1.04254062e+09 1.04254066e+09 1.04254071e+09
 1.04254075e+09 1.04254079e+09 1.04254084e+09 1.04254088e+09
 1.04254092e+09 1.04254096e+09 1.04254101e+09 1.04254105e+09
 1.04254109e+09 1.04254114e+09 1.04254118e+09 1.04254122e+09
 1.04254126e+09 1.04254131e+09 1.04254135e+09 1.04254139e+09
 1.04254144e+09 1.04254148e+09 1.04254152e+09 1.04254156e+09
 1.04254161e+09 1.04254165e+09 1.04254169e+09 1.04254174e+09
 1.04254178e+09 1.04254182e+09 1.04254186e+09 1.04254191e+09
 1.04254195e+09 1.04254199e+09 1.04254204e+09 1.04254208e+09
 1.04254212e+09 1.04254216e+09 1.04254221e+09 1.04254225e+09
 1.04254229e+09 1.04254234e+09 1.04254238e+09 1.04254242e+09
 1.04254246e+09 1.04254251e+09 1.04254255e+09 1.04254259e+09
 1.04254264e+09 1.04254268e+09 1.04254272e+09 1.04254276e+09
 1.04254281e+09 1.04254285e+09 1.04254289e+09 1.04254294e+09
 1.04254298e+09 1.04254302e+09 1.04254306e+09 1.04254311e+09
 1.04254315e+09 1.04254319e+09 1.04254324e+09 1.04254328e+09
 1.04254332e+09 1.04254336e+09 1.04254341e+09 1.04254345e+09
 1.04254349e+09 1.04254354e+09 1.04254358e+09 1.04254362e+09
 1.04254366e+09 1.04254371e+09 1.04254375e+09 1.04254379e+09
 1.04254384e+09 1.04254388e+09 1.04254392e+09 1.04254396e+09
 1.04254401e+09 1.04254405e+09 1.04254409e+09 1.04254414e+09
 1.04254418e+09 1.04254422e+09 1.04254426e+09 1.04254431e+09
 1.04254435e+09 1.04254439e+09 1.04254444e+09 1.04254448e+09
 1.04254452e+09 1.04254456e+09 1.04254461e+09 1.04254465e+09
 1.04254469e+09 1.04254474e+09 1.04254478e+09 1.04254482e+09
 1.04254486e+09 1.04254491e+09 1.04254495e+09 1.04254499e+09
 1.04254504e+09 1.04254508e+09 1.04254512e+09 1.04254516e+09
 1.04254521e+09 1.04254525e+09 1.04254529e+09 1.04254534e+09
 1.04254538e+09 1.04254542e+09 1.04254546e+09 1.04254551e+09
 1.04254555e+09 1.04254559e+09 1.04254564e+09 1.04254568e+09
 1.04254572e+09 1.04254576e+09 1.04254581e+09 1.04254585e+09
 1.04254589e+09 1.04254594e+09 1.04254598e+09 1.04254602e+09
 1.04254606e+09 1.04254611e+09 1.04254615e+09 1.04254619e+09
 1.04254624e+09 1.04254628e+09 1.04254632e+09 1.04254636e+09
 1.04254641e+09 1.04254645e+09 1.04254649e+09 1.04254654e+09
 1.04254658e+09 1.04254662e+09 1.04254666e+09 1.04254671e+09
 1.04254675e+09 1.04254679e+09 1.04254684e+09 1.04254688e+09
 1.04254692e+09 1.04254696e+09 1.04254701e+09 1.04254705e+09
 1.04254709e+09 1.04254714e+09 1.04254718e+09 1.04254722e+09
 1.04254726e+09 1.04254731e+09 1.04254735e+09 1.04254739e+09
 1.04254744e+09 1.04254748e+09 1.04254752e+09 1.04254756e+09
 1.04254761e+09 1.04254765e+09 1.04254769e+09 1.04254774e+09
 1.04254778e+09 1.04254782e+09 1.04254786e+09 1.04254791e+09
 1.04254795e+09 1.04254799e+09 1.04254804e+09 1.04254808e+09
 1.04254812e+09 1.04254816e+09 1.04254821e+09 1.04254825e+09
 1.04254829e+09 1.04254834e+09 1.04254838e+09 1.04254842e+09
 1.04254846e+09 1.04254851e+09 1.04254855e+09 1.04254859e+09
 1.04254864e+09 1.04254868e+09 1.04254872e+09 1.04254876e+09
 1.04254881e+09 1.04254885e+09 1.04254889e+09 1.04254894e+09
 1.04254898e+09 1.04254902e+09 1.04254907e+09 1.04254911e+09
 1.04254915e+09 1.04254919e+09 1.04254924e+09 1.04254928e+09
 1.04254932e+09 1.04254937e+09 1.04254941e+09 1.04254945e+09
 1.04254949e+09 1.04254954e+09 1.04254958e+09 1.04254962e+09
 1.04254967e+09 1.04254971e+09 1.04254975e+09 1.04254979e+09
 1.04254984e+09 1.04254988e+09 1.04254992e+09 1.04254997e+09
 1.04255001e+09 1.04255005e+09 1.04255009e+09 1.04255014e+09
 1.04255018e+09 1.04255022e+09 1.04255027e+09 1.04255031e+09
 1.04255035e+09 1.04255039e+09 1.04255044e+09 1.04255048e+09
 1.04255052e+09 1.04255057e+09 1.04255061e+09 1.04255065e+09
 1.04255069e+09 1.04255074e+09 1.04255078e+09 1.04255082e+09]
minRes = 0.03883724982827195
minResTime =  [1.04255065e+09]
