name =JUICE_ROI_CAL_4_1_01
flyby =  ['2032 NOV 16 05:53:16', '2032 NOV 17 05:53:16']
Observation TW =  <SpiceCell dtype = 1, length = 0, size = 2400, card = 4, is_set = 1, adjust = 0, init = 1, base = 1356595745920, data = 1356595745968>
Res(t) =  [6.6141016  6.61321838 6.61233515 6.61145191 6.61056866 6.6096854
 6.60880213 6.60791885 6.60703555 6.60615225 6.60526894 6.60438562
 6.60350229 6.60261895 6.6017356  6.60085224 6.59996887 6.59908549
 6.5982021  6.5973187  6.59643528 6.59555186 6.59466843 6.59378499
 6.59290154 6.59201808 6.59113461 6.59025113 6.58936764 6.58848414
 6.58760063 6.58671711 6.58583358 6.58495004 6.58406649 6.58318292
 6.58229935 6.58141577 6.58053218 6.57964858 6.57876497 6.57788135
 6.57699772 6.57611408 6.57523043 6.57434677 6.5734631  6.57257942
 6.57169573 6.57081203 6.56992832 6.56904459 6.56816086 6.56727712
 6.56639337 6.56550961 6.56462584 6.56374206 6.56285827 6.56197447
 6.56109066 6.56020684 6.559323   6.55843916 6.55755531 6.55667145
 6.55578758 6.5549037  6.55401981 6.55313591 6.55225199 6.55136807
 6.55048414 6.5496002  6.54871625 6.54783229 6.54694832 6.54606433
 6.54518034 6.54429634 6.54341233 6.54252831 6.54164427 6.54076023
 6.53987618 6.53899212 6.53810805 6.53722396 6.53633987 6.53545577
 6.53457166 6.53368753 6.5328034  6.53191926 6.5310351  6.53015094
 6.52926677 6.52838259 6.52749839 6.52661419 6.52572998 6.52484575
 6.52396152 6.52307728 6.52219302 6.52130876 6.52042448 6.5195402
 6.51865591 6.5177716  6.51688729 6.51600296 6.51511863 6.51423428
 6.51334993 6.51246556 6.51158119 6.5106968  6.50981241 6.508928
 6.50804359 6.50715916 6.50627473 6.50539028 6.50450583 6.50362136
 6.50273688 6.5018524  6.5009679  6.5000834  6.49919888 6.49831435
 6.49742982 6.49654527 6.49566071 6.49477615 6.49389157 6.49300698
 6.49212238 6.49123778 6.49035316 6.48946853 6.48858389 6.48769924
 6.48681458 6.48592992 6.48504524 6.48416055 6.48327585 6.48239114
 6.48150642 6.48062169 6.47973695 6.4788522  6.47796744 6.47708267
 6.47619789 6.4753131  6.4744283  6.47354349 6.47265867 6.47177384
 6.470889   6.47000415 6.46911928 6.46823441 6.46734953 6.46646464
 6.46557974 6.46469482 6.4638099  6.46292497 6.46204003 6.46115507
 6.46027011 6.45938514 6.45850015 6.45761516 6.45673016 6.45584514
 6.45496012 6.45407508 6.45319004 6.45230498 6.45141992 6.45053484
 6.44964976 6.44876466 6.44787955 6.44699444 6.44610931 6.44522418
 6.44433903 6.44345387 6.4425687  6.44168353 6.44079834 6.43991314
 6.43902793 6.43814272 6.43725749 6.43637225 6.435487   6.43460174
 6.43371647 6.43283119 6.4319459  6.4310606  6.43017529 6.42928997
 6.42840464 6.4275193  6.42663395 6.42574859 6.42486321 6.42397783
 6.42309244 6.42220704 6.42132163 6.4204362  6.41955077 6.41866533
 6.41777987 6.41689441 6.41600894 6.41512345 6.41423796 6.41335245
 6.41246694 6.41158141 6.41069588 6.40981033 6.40892477 6.40803921
 6.40715363 6.40626804 6.40538245 6.40449684 6.40361122 6.40272559
 6.40183996 6.40095431 6.40006865 6.39918298 6.3982973  6.39741161
 6.39652591 6.3956402  6.39475448 6.39386875 6.39298301 6.39209726
 6.3912115  6.39032572 6.38943994 6.38855415 6.38766835 6.38678253
 6.38589671 6.38501088 6.38412503 6.38323918 6.38235332 6.38146744
 6.38058156 6.37969566 6.37880975 6.37792384 6.37703791 6.37615198
 6.37526603 6.37438007 6.3734941  6.37260813 6.37172214 6.37083614
 6.36995013 6.36906411 6.36817808 6.36729204 6.36640599 6.36551993
 6.36463386 6.36374778 6.36286169 6.36197559 6.36108948 6.36020335
 6.35931722 6.35843108 6.35754493 6.35665876 6.35577259 6.3548864
 6.35400021 6.353114   6.35222779 6.35134156 6.35045533 6.34956908
 6.34868282 6.34779656 6.34691028 6.34602399 6.34513769 6.34425138
 6.34336507 6.34247874 6.3415924  6.34070605 6.33981969 6.33893332
 6.33804694 6.33716054 6.33627414 6.33538773 6.33450131 6.33361488
 6.33272843 6.33184198 6.33095551 6.33006904 6.32918256 6.32829606
 6.32740956 6.32652304 6.32563651 6.32474998 6.32386343 6.32297687
 6.32209031 6.32120373 6.32031714 6.31943054 6.31854393 6.31765731
 6.31677068 6.31588404 6.31499739 6.31411073 6.31322406 6.31233737
 6.31145068 6.31056398 6.30967727 6.30879054 6.30790381 6.30701706
 6.30613031 6.30524354 6.30435677 6.30346998 6.30258319 6.30169638
 6.30080956 6.29992273 6.29903589 6.29814905 6.29726219 6.29637532
 6.29548844 6.29460155 6.29371465 6.29282774 6.29194081 6.29105388
 6.29016694 6.28927999 6.28839302 6.28750605 6.28661907 6.28573207
 6.28484507 6.28395805 6.28307102 6.28218399 6.28129694 6.28040988
 6.27952282 6.27863574 6.27774865 6.27686155 6.27597444 6.27508732
 6.27420019 6.27331305 6.2724259  6.27153874 6.27065156 6.26976438
 6.26887719 6.26798998 6.26710277 6.26621554 6.26532831 6.26444106
 6.26355381 6.26266654 6.26177926 6.26089198 6.26000468 6.25911737
 6.25823005 6.25734272 6.25645538 6.25556803 6.25468067 6.2537933
 6.25290592 6.25201853 6.25113112 6.25024371 6.24935629 6.24846885
 6.24758141 6.24669395 6.24580649 6.24491901 6.24403152 6.24314403
 6.24225652 6.241369   6.24048147 6.23959393 6.23870638 6.23781882
 6.23693125 6.23604367 6.23515608 6.23426848 6.23338086 6.23249324
 6.2316056  6.23071796 6.22983031 6.22894264 6.22805496 6.22716728
 6.22627958 6.22539187 6.22450415 6.22361643 6.22272869 6.22184094
 6.22095318 6.22006541 6.21917763 6.21828983 6.21740203 6.21651422
 6.21562639 6.21473856 6.21385072 6.21296286 6.212075   6.21118712
 6.21029923 6.20941134 6.20852343 6.20763551 6.20674758 6.20585964
 6.20497169 6.20408373 6.20319576 6.20230778 6.20141978 6.20053178
 6.19964377 6.19875574 6.19786771 6.19697966 6.19609161 6.19520354
 6.19431547 6.19342738 6.19253928 6.19165117 6.19076305 6.18987492
 6.18898678 6.18809863 6.18721047 6.1863223  6.18543412 6.18454592
 6.18365772 6.1827695  6.18188128 6.18099304 6.1801048  6.17921654
 6.17832827 6.17744    6.17655171 6.17566341 6.1747751  6.17388678
 6.17299845 6.17211011 6.17122175 6.17033339 6.16944502 6.16855663
 6.16766824 6.16677983 6.16589142 6.16500299 6.16411455 6.16322611
 6.16233765 6.16144918 6.1605607  6.15967221 6.15878371 6.1578952
 6.15700668 6.15611814 6.1552296  6.15434105 6.15345248 6.15256391
 6.15167532 6.15078672 6.14989812 6.1490095  6.14812087 6.14723223
 6.14634358 6.14545492 6.14456625 6.14367757 6.14278888 6.14190017
 6.14101146 6.14012274 6.139234   6.13834526 6.1374565  6.13656773
 6.13567896 6.13479017 6.13390137 6.13301256 6.13212374 6.13123491
 6.13034607 6.12945721 6.12856835 6.12767948 6.12679059 6.1259017
 6.12501279 6.12412388 6.12323495 6.12234601 6.12145707 6.12056811
 6.11967914 6.11879016 6.11790117 6.11701216 6.11612315 6.11523413
 6.1143451  6.11345605 6.112567   6.11167793 6.11078885 6.10989977
 6.10901067 6.10812156 6.10723244 6.10634331 6.10545417 6.10456502
 6.10367586 6.10278669 6.1018975  6.10100831 6.1001191  6.09922989
 6.09834066 6.09745142 6.09656218 6.09567292 6.09478365 6.09389437
 6.09300508 6.09211578 6.09122647 6.09033714 6.08944781 6.08855847
 6.08766911 6.08677975 6.08589037 6.08500098 6.08411158 6.08322218
 6.08233276 6.08144333 6.08055389 6.07966443 6.07877497 6.0778855
 6.07699602 6.07610652 6.07521702 6.0743275  6.07343797 6.07254844
 6.07165889 6.07076933 6.06987976 6.06899018 6.06810059 6.06721099
 6.06632137 6.06543175 6.06454212 6.06365247 6.06276282 6.06187315
 6.06098347 6.06009378 6.05920409 6.05831438 6.05742466 6.05653492
 6.05564518 6.05475543 6.05386567 6.05297589 6.05208611 6.05119631
 6.05030651 6.04941669 6.04852686 6.04763702 6.04674717 6.04585731
 6.04496744 6.04407756 6.04318766 6.04229776 6.04140785 6.04051792
 6.03962799 6.03873804 6.03784808 6.03695811 6.03606813 6.03517814
 6.03428814 6.03339813 6.03250811 6.03161808 6.03072803 6.02983798
 6.02894791 6.02805784 6.02716775 6.02627765 6.02538754 6.02449742
 6.02360729 6.02271715 6.021827   6.02093684 6.02004666 6.01915648
 6.01826628 6.01737608 6.01648586 6.01559563 6.01470539 6.01381514
 6.01292488 6.01203461 6.01114433 6.01025404 6.00936373 6.00847342
 6.00758309 6.00669276 6.00580241 6.00491205 6.00402168 6.0031313
 6.00224091 6.00135051 6.0004601  5.99956968 5.99867924 5.9977888
 5.99689834 5.99600787 5.9951174  5.99422691 5.99333641 5.9924459
 5.99155538 5.99066485 5.98977431 5.98888375 5.98799319 5.98710261
 5.98621203 5.98532143 5.98443082 5.9835402  5.98264957 5.98175893
 5.98086828 5.97997762 5.97908695 5.97819626 5.97730557 5.97641486
 5.97552415 5.97463342 5.97374268 5.97285193 5.97196117 5.9710704
 5.97017962 5.96928883 5.96839802 5.96750721 5.96661638 5.96572555
 5.9648347  5.96394384 5.96305297 5.96216209 5.9612712  5.9603803
 5.95948939 5.95859846 5.95770753 5.95681658 5.95592563 5.95503466
 5.95414368 5.95325269 5.95236169 5.95147068 5.95057966 5.94968863
 5.94879758 5.94790653 5.94701546 5.94612439 5.9452333  5.9443422
 5.94345109 5.94255997 5.94166884 5.9407777  5.93988655 5.93899538
 5.93810421 5.93721302 5.93632182 5.93543062 5.9345394  5.93364817
 5.93275693 5.93186568 5.93097441 5.93008314 5.92919186 5.92830056
 5.92740926 5.92651794 5.92562661 5.92473527 5.92384392 5.92295256
 5.92206119 5.92116981 5.92027841 5.91938701 5.91849559 5.91760416
 5.91671273 5.91582128 5.91492982 5.91403835 5.91314687 5.91225537
 5.91136387 5.91047236 5.90958083 5.90868929 5.90779775 5.90690619
 5.90601462 5.90512304 5.90423145 5.90333984 5.90244823 5.90155661
 5.90066497 5.89977332 5.89888167 5.89799    5.89709832 5.89620663
 5.89531493 5.89442321 5.89353149 5.89263976 5.89174801 5.89085626
 5.88996449 5.88907271 5.88818092 5.88728912 5.88639731 5.88550549
 5.88461365 5.88372181 5.88282995 5.88193809 5.88104621 5.88015432
 5.87926242 5.87837051 5.87747859 5.87658666 5.87569471 5.87480276
 5.87391079 5.87301881 5.87212683 5.87123483 5.87034282 5.8694508
 5.86855877 5.86766672 5.86677467 5.8658826  5.86499053 5.86409844
 5.86320634 5.86231423 5.86142211 5.86052998 5.85963784 5.85874569
 5.85785352 5.85696135 5.85606916 5.85517696 5.85428475 5.85339253
 5.8525003  5.85160806 5.85071581 5.84982354 5.84893127 5.84803898
 5.84714669 5.84625438 5.84536206 5.84446973 5.84357739 5.84268503
 5.84179267 5.8409003  5.84000791 5.83911551 5.83822311 5.83733069
 5.83643826 5.83554582 5.83465336 5.8337609  5.83286843 5.83197594
 5.83108344 5.83019094 5.82929842 5.82840589 5.82751335 5.8266208
 5.82572823 5.82483566 5.82394307 5.82305048 5.82215787 5.82126525
 5.82037262 5.81947998 5.81858733 5.81769467 5.81680199 5.81590931
 5.81501661 5.8141239  5.81323118 5.81233845 5.81144571 5.81055296
 5.8096602  5.80876742 5.80787464 5.80698184 5.80608904 5.80519622
 5.80430339 5.80341055 5.80251769 5.80162483 5.80073196 5.79983907
 5.79894617 5.79805327 5.79716035 5.79626742 5.79537448 5.79448153
 5.79358856 5.79269559 5.7918026  5.79090961 5.7900166  5.78912358
 5.78823055 5.78733751 5.78644445 5.78555139 5.78465832 5.78376523
 5.78287213 5.78197902 5.78108591 5.78019277 5.77929963 5.77840648
 5.77751332 5.77662014 5.77572695 5.77483376 5.77394055 5.77304733
 5.7721541  5.77126085 5.7703676  5.76947434 5.76858106 5.76768777
 5.76679448 5.76590117 5.76500785 5.76411452 5.76322117 5.76232782
 5.76143445 5.76054108 5.75964769 5.75875429 5.75786088 5.75696746
 5.75607403 5.75518058 5.75428713 5.75339366 5.75250019 5.7516067
 5.7507132  5.74981969 5.74892617 5.74803263 5.74713909 5.74624553
 5.74535197 5.74445839 5.7435648  5.7426712  5.74177759 5.74088397
 5.73999033 5.73909669 5.73820303 5.73730936 5.73641568 5.73552199
 5.73462829 5.73373458 5.73284086 5.73194712 5.73105337 5.73015962
 5.72926585 5.72837207 5.72747828 5.72658448]
t =  [1.03746927e+09 1.03746927e+09 1.03746928e+09 1.03746928e+09
 1.03746929e+09 1.03746930e+09 1.03746930e+09 1.03746931e+09
 1.03746932e+09 1.03746932e+09 1.03746933e+09 1.03746933e+09
 1.03746934e+09 1.03746935e+09 1.03746935e+09 1.03746936e+09
 1.03746937e+09 1.03746937e+09 1.03746938e+09 1.03746939e+09
 1.03746939e+09 1.03746940e+09 1.03746940e+09 1.03746941e+09
 1.03746942e+09 1.03746942e+09 1.03746943e+09 1.03746944e+09
 1.03746944e+09 1.03746945e+09 1.03746945e+09 1.03746946e+09
 1.03746947e+09 1.03746947e+09 1.03746948e+09 1.03746949e+09
 1.03746949e+09 1.03746950e+09 1.03746950e+09 1.03746951e+09
 1.03746952e+09 1.03746952e+09 1.03746953e+09 1.03746954e+09
 1.03746954e+09 1.03746955e+09 1.03746956e+09 1.03746956e+09
 1.03746957e+09 1.03746957e+09 1.03746958e+09 1.03746959e+09
 1.03746959e+09 1.03746960e+09 1.03746961e+09 1.03746961e+09
 1.03746962e+09 1.03746962e+09 1.03746963e+09 1.03746964e+09
 1.03746964e+09 1.03746965e+09 1.03746966e+09 1.03746966e+09
 1.03746967e+09 1.03746968e+09 1.03746968e+09 1.03746969e+09
 1.03746969e+09 1.03746970e+09 1.03746971e+09 1.03746971e+09
 1.03746972e+09 1.03746973e+09 1.03746973e+09 1.03746974e+09
 1.03746974e+09 1.03746975e+09 1.03746976e+09 1.03746976e+09
 1.03746977e+09 1.03746978e+09 1.03746978e+09 1.03746979e+09
 1.03746979e+09 1.03746980e+09 1.03746981e+09 1.03746981e+09
 1.03746982e+09 1.03746983e+09 1.03746983e+09 1.03746984e+09
 1.03746985e+09 1.03746985e+09 1.03746986e+09 1.03746986e+09
 1.03746987e+09 1.03746988e+09 1.03746988e+09 1.03746989e+09
 1.03746990e+09 1.03746990e+09 1.03746991e+09 1.03746991e+09
 1.03746992e+09 1.03746993e+09 1.03746993e+09 1.03746994e+09
 1.03746995e+09 1.03746995e+09 1.03746996e+09 1.03746997e+09
 1.03746997e+09 1.03746998e+09 1.03746998e+09 1.03746999e+09
 1.03747000e+09 1.03747000e+09 1.03747001e+09 1.03747002e+09
 1.03747002e+09 1.03747003e+09 1.03747003e+09 1.03747004e+09
 1.03747005e+09 1.03747005e+09 1.03747006e+09 1.03747007e+09
 1.03747007e+09 1.03747008e+09 1.03747009e+09 1.03747009e+09
 1.03747010e+09 1.03747010e+09 1.03747011e+09 1.03747012e+09
 1.03747012e+09 1.03747013e+09 1.03747014e+09 1.03747014e+09
 1.03747015e+09 1.03747015e+09 1.03747016e+09 1.03747017e+09
 1.03747017e+09 1.03747018e+09 1.03747019e+09 1.03747019e+09
 1.03747020e+09 1.03747020e+09 1.03747021e+09 1.03747022e+09
 1.03747022e+09 1.03747023e+09 1.03747024e+09 1.03747024e+09
 1.03747025e+09 1.03747026e+09 1.03747026e+09 1.03747027e+09
 1.03747027e+09 1.03747028e+09 1.03747029e+09 1.03747029e+09
 1.03747030e+09 1.03747031e+09 1.03747031e+09 1.03747032e+09
 1.03747032e+09 1.03747033e+09 1.03747034e+09 1.03747034e+09
 1.03747035e+09 1.03747036e+09 1.03747036e+09 1.03747037e+09
 1.03747038e+09 1.03747038e+09 1.03747039e+09 1.03747039e+09
 1.03747040e+09 1.03747041e+09 1.03747041e+09 1.03747042e+09
 1.03747043e+09 1.03747043e+09 1.03747044e+09 1.03747044e+09
 1.03747045e+09 1.03747046e+09 1.03747046e+09 1.03747047e+09
 1.03747048e+09 1.03747048e+09 1.03747049e+09 1.03747049e+09
 1.03747050e+09 1.03747051e+09 1.03747051e+09 1.03747052e+09
 1.03747053e+09 1.03747053e+09 1.03747054e+09 1.03747055e+09
 1.03747055e+09 1.03747056e+09 1.03747056e+09 1.03747057e+09
 1.03747058e+09 1.03747058e+09 1.03747059e+09 1.03747060e+09
 1.03747060e+09 1.03747061e+09 1.03747061e+09 1.03747062e+09
 1.03747063e+09 1.03747063e+09 1.03747064e+09 1.03747065e+09
 1.03747065e+09 1.03747066e+09 1.03747067e+09 1.03747067e+09
 1.03747068e+09 1.03747068e+09 1.03747069e+09 1.03747070e+09
 1.03747070e+09 1.03747071e+09 1.03747072e+09 1.03747072e+09
 1.03747073e+09 1.03747073e+09 1.03747074e+09 1.03747075e+09
 1.03747075e+09 1.03747076e+09 1.03747077e+09 1.03747077e+09
 1.03747078e+09 1.03747079e+09 1.03747079e+09 1.03747080e+09
 1.03747080e+09 1.03747081e+09 1.03747082e+09 1.03747082e+09
 1.03747083e+09 1.03747084e+09 1.03747084e+09 1.03747085e+09
 1.03747085e+09 1.03747086e+09 1.03747087e+09 1.03747087e+09
 1.03747088e+09 1.03747089e+09 1.03747089e+09 1.03747090e+09
 1.03747090e+09 1.03747091e+09 1.03747092e+09 1.03747092e+09
 1.03747093e+09 1.03747094e+09 1.03747094e+09 1.03747095e+09
 1.03747096e+09 1.03747096e+09 1.03747097e+09 1.03747097e+09
 1.03747098e+09 1.03747099e+09 1.03747099e+09 1.03747100e+09
 1.03747101e+09 1.03747101e+09 1.03747102e+09 1.03747102e+09
 1.03747103e+09 1.03747104e+09 1.03747104e+09 1.03747105e+09
 1.03747106e+09 1.03747106e+09 1.03747107e+09 1.03747108e+09
 1.03747108e+09 1.03747109e+09 1.03747109e+09 1.03747110e+09
 1.03747111e+09 1.03747111e+09 1.03747112e+09 1.03747113e+09
 1.03747113e+09 1.03747114e+09 1.03747114e+09 1.03747115e+09
 1.03747116e+09 1.03747116e+09 1.03747117e+09 1.03747118e+09
 1.03747118e+09 1.03747119e+09 1.03747119e+09 1.03747120e+09
 1.03747121e+09 1.03747121e+09 1.03747122e+09 1.03747123e+09
 1.03747123e+09 1.03747124e+09 1.03747125e+09 1.03747125e+09
 1.03747126e+09 1.03747126e+09 1.03747127e+09 1.03747128e+09
 1.03747128e+09 1.03747129e+09 1.03747130e+09 1.03747130e+09
 1.03747131e+09 1.03747131e+09 1.03747132e+09 1.03747133e+09
 1.03747133e+09 1.03747134e+09 1.03747135e+09 1.03747135e+09
 1.03747136e+09 1.03747137e+09 1.03747137e+09 1.03747138e+09
 1.03747138e+09 1.03747139e+09 1.03747140e+09 1.03747140e+09
 1.03747141e+09 1.03747142e+09 1.03747142e+09 1.03747143e+09
 1.03747143e+09 1.03747144e+09 1.03747145e+09 1.03747145e+09
 1.03747146e+09 1.03747147e+09 1.03747147e+09 1.03747148e+09
 1.03747149e+09 1.03747149e+09 1.03747150e+09 1.03747150e+09
 1.03747151e+09 1.03747152e+09 1.03747152e+09 1.03747153e+09
 1.03747154e+09 1.03747154e+09 1.03747155e+09 1.03747155e+09
 1.03747156e+09 1.03747157e+09 1.03747157e+09 1.03747158e+09
 1.03747159e+09 1.03747159e+09 1.03747160e+09 1.03747160e+09
 1.03747161e+09 1.03747162e+09 1.03747162e+09 1.03747163e+09
 1.03747164e+09 1.03747164e+09 1.03747165e+09 1.03747166e+09
 1.03747166e+09 1.03747167e+09 1.03747167e+09 1.03747168e+09
 1.03747169e+09 1.03747169e+09 1.03747170e+09 1.03747171e+09
 1.03747171e+09 1.03747172e+09 1.03747172e+09 1.03747173e+09
 1.03747174e+09 1.03747174e+09 1.03747175e+09 1.03747176e+09
 1.03747176e+09 1.03747177e+09 1.03747178e+09 1.03747178e+09
 1.03747179e+09 1.03747179e+09 1.03747180e+09 1.03747181e+09
 1.03747181e+09 1.03747182e+09 1.03747183e+09 1.03747183e+09
 1.03747184e+09 1.03747184e+09 1.03747185e+09 1.03747186e+09
 1.03747186e+09 1.03747187e+09 1.03747188e+09 1.03747188e+09
 1.03747189e+09 1.03747189e+09 1.03747190e+09 1.03747191e+09
 1.03747191e+09 1.03747192e+09 1.03747193e+09 1.03747193e+09
 1.03747194e+09 1.03747195e+09 1.03747195e+09 1.03747196e+09
 1.03747196e+09 1.03747197e+09 1.03747198e+09 1.03747198e+09
 1.03747199e+09 1.03747200e+09 1.03747200e+09 1.03747201e+09
 1.03747201e+09 1.03747202e+09 1.03747203e+09 1.03747203e+09
 1.03747204e+09 1.03747205e+09 1.03747205e+09 1.03747206e+09
 1.03747207e+09 1.03747207e+09 1.03747208e+09 1.03747208e+09
 1.03747209e+09 1.03747210e+09 1.03747210e+09 1.03747211e+09
 1.03747212e+09 1.03747212e+09 1.03747213e+09 1.03747213e+09
 1.03747214e+09 1.03747215e+09 1.03747215e+09 1.03747216e+09
 1.03747217e+09 1.03747217e+09 1.03747218e+09 1.03747219e+09
 1.03747219e+09 1.03747220e+09 1.03747220e+09 1.03747221e+09
 1.03747222e+09 1.03747222e+09 1.03747223e+09 1.03747224e+09
 1.03747224e+09 1.03747225e+09 1.03747225e+09 1.03747226e+09
 1.03747227e+09 1.03747227e+09 1.03747228e+09 1.03747229e+09
 1.03747229e+09 1.03747230e+09 1.03747230e+09 1.03747231e+09
 1.03747232e+09 1.03747232e+09 1.03747233e+09 1.03747234e+09
 1.03747234e+09 1.03747235e+09 1.03747236e+09 1.03747236e+09
 1.03747237e+09 1.03747237e+09 1.03747238e+09 1.03747239e+09
 1.03747239e+09 1.03747240e+09 1.03747241e+09 1.03747241e+09
 1.03747242e+09 1.03747242e+09 1.03747243e+09 1.03747244e+09
 1.03747244e+09 1.03747245e+09 1.03747246e+09 1.03747246e+09
 1.03747247e+09 1.03747248e+09 1.03747248e+09 1.03747249e+09
 1.03747249e+09 1.03747250e+09 1.03747251e+09 1.03747251e+09
 1.03747252e+09 1.03747253e+09 1.03747253e+09 1.03747254e+09
 1.03747254e+09 1.03747255e+09 1.03747256e+09 1.03747256e+09
 1.03747257e+09 1.03747258e+09 1.03747258e+09 1.03747259e+09
 1.03747259e+09 1.03747260e+09 1.03747261e+09 1.03747261e+09
 1.03747262e+09 1.03747263e+09 1.03747263e+09 1.03747264e+09
 1.03747265e+09 1.03747265e+09 1.03747266e+09 1.03747266e+09
 1.03747267e+09 1.03747268e+09 1.03747268e+09 1.03747269e+09
 1.03747270e+09 1.03747270e+09 1.03747271e+09 1.03747271e+09
 1.03747272e+09 1.03747273e+09 1.03747273e+09 1.03747274e+09
 1.03747275e+09 1.03747275e+09 1.03747276e+09 1.03747277e+09
 1.03747277e+09 1.03747278e+09 1.03747278e+09 1.03747279e+09
 1.03747280e+09 1.03747280e+09 1.03747281e+09 1.03747282e+09
 1.03747282e+09 1.03747283e+09 1.03747283e+09 1.03747284e+09
 1.03747285e+09 1.03747285e+09 1.03747286e+09 1.03747287e+09
 1.03747287e+09 1.03747288e+09 1.03747289e+09 1.03747289e+09
 1.03747290e+09 1.03747290e+09 1.03747291e+09 1.03747292e+09
 1.03747292e+09 1.03747293e+09 1.03747294e+09 1.03747294e+09
 1.03747295e+09 1.03747295e+09 1.03747296e+09 1.03747297e+09
 1.03747297e+09 1.03747298e+09 1.03747299e+09 1.03747299e+09
 1.03747300e+09 1.03747300e+09 1.03747301e+09 1.03747302e+09
 1.03747302e+09 1.03747303e+09 1.03747304e+09 1.03747304e+09
 1.03747305e+09 1.03747306e+09 1.03747306e+09 1.03747307e+09
 1.03747307e+09 1.03747308e+09 1.03747309e+09 1.03747309e+09
 1.03747310e+09 1.03747311e+09 1.03747311e+09 1.03747312e+09
 1.03747312e+09 1.03747313e+09 1.03747314e+09 1.03747314e+09
 1.03747315e+09 1.03747316e+09 1.03747316e+09 1.03747317e+09
 1.03747318e+09 1.03747318e+09 1.03747319e+09 1.03747319e+09
 1.03747320e+09 1.03747321e+09 1.03747321e+09 1.03747322e+09
 1.03747323e+09 1.03747323e+09 1.03747324e+09 1.03747324e+09
 1.03747325e+09 1.03747326e+09 1.03747326e+09 1.03747327e+09
 1.03747328e+09 1.03747328e+09 1.03747329e+09 1.03747329e+09
 1.03747330e+09 1.03747331e+09 1.03747331e+09 1.03747332e+09
 1.03747333e+09 1.03747333e+09 1.03747334e+09 1.03747335e+09
 1.03747335e+09 1.03747336e+09 1.03747336e+09 1.03747337e+09
 1.03747338e+09 1.03747338e+09 1.03747339e+09 1.03747340e+09
 1.03747340e+09 1.03747341e+09 1.03747341e+09 1.03747342e+09
 1.03747343e+09 1.03747343e+09 1.03747344e+09 1.03747345e+09
 1.03747345e+09 1.03747346e+09 1.03747347e+09 1.03747347e+09
 1.03747348e+09 1.03747348e+09 1.03747349e+09 1.03747350e+09
 1.03747350e+09 1.03747351e+09 1.03747352e+09 1.03747352e+09
 1.03747353e+09 1.03747353e+09 1.03747354e+09 1.03747355e+09
 1.03747355e+09 1.03747356e+09 1.03747357e+09 1.03747357e+09
 1.03747358e+09 1.03747359e+09 1.03747359e+09 1.03747360e+09
 1.03747360e+09 1.03747361e+09 1.03747362e+09 1.03747362e+09
 1.03747363e+09 1.03747364e+09 1.03747364e+09 1.03747365e+09
 1.03747365e+09 1.03747366e+09 1.03747367e+09 1.03747367e+09
 1.03747368e+09 1.03747369e+09 1.03747369e+09 1.03747370e+09
 1.03747370e+09 1.03747371e+09 1.03747372e+09 1.03747372e+09
 1.03747373e+09 1.03747374e+09 1.03747374e+09 1.03747375e+09
 1.03747376e+09 1.03747376e+09 1.03747377e+09 1.03747377e+09
 1.03747378e+09 1.03747379e+09 1.03747379e+09 1.03747380e+09
 1.03747381e+09 1.03747381e+09 1.03747382e+09 1.03747382e+09
 1.03747383e+09 1.03747384e+09 1.03747384e+09 1.03747385e+09
 1.03747386e+09 1.03747386e+09 1.03747387e+09 1.03747388e+09
 1.03747388e+09 1.03747389e+09 1.03747389e+09 1.03747390e+09
 1.03747391e+09 1.03747391e+09 1.03747392e+09 1.03747393e+09
 1.03747393e+09 1.03747394e+09 1.03747394e+09 1.03747395e+09
 1.03747396e+09 1.03747396e+09 1.03747397e+09 1.03747398e+09
 1.03747398e+09 1.03747399e+09 1.03747399e+09 1.03747400e+09
 1.03747401e+09 1.03747401e+09 1.03747402e+09 1.03747403e+09
 1.03747403e+09 1.03747404e+09 1.03747405e+09 1.03747405e+09
 1.03747406e+09 1.03747406e+09 1.03747407e+09 1.03747408e+09
 1.03747408e+09 1.03747409e+09 1.03747410e+09 1.03747410e+09
 1.03747411e+09 1.03747411e+09 1.03747412e+09 1.03747413e+09
 1.03747413e+09 1.03747414e+09 1.03747415e+09 1.03747415e+09
 1.03747416e+09 1.03747417e+09 1.03747417e+09 1.03747418e+09
 1.03747418e+09 1.03747419e+09 1.03747420e+09 1.03747420e+09
 1.03747421e+09 1.03747422e+09 1.03747422e+09 1.03747423e+09
 1.03747423e+09 1.03747424e+09 1.03747425e+09 1.03747425e+09
 1.03747426e+09 1.03747427e+09 1.03747427e+09 1.03747428e+09
 1.03747429e+09 1.03747429e+09 1.03747430e+09 1.03747430e+09
 1.03747431e+09 1.03747432e+09 1.03747432e+09 1.03747433e+09
 1.03747434e+09 1.03747434e+09 1.03747435e+09 1.03747435e+09
 1.03747436e+09 1.03747437e+09 1.03747437e+09 1.03747438e+09
 1.03747439e+09 1.03747439e+09 1.03747440e+09 1.03747440e+09
 1.03747441e+09 1.03747442e+09 1.03747442e+09 1.03747443e+09
 1.03747444e+09 1.03747444e+09 1.03747445e+09 1.03747446e+09
 1.03747446e+09 1.03747447e+09 1.03747447e+09 1.03747448e+09
 1.03747449e+09 1.03747449e+09 1.03747450e+09 1.03747451e+09
 1.03747451e+09 1.03747452e+09 1.03747452e+09 1.03747453e+09
 1.03747454e+09 1.03747454e+09 1.03747455e+09 1.03747456e+09
 1.03747456e+09 1.03747457e+09 1.03747458e+09 1.03747458e+09
 1.03747459e+09 1.03747459e+09 1.03747460e+09 1.03747461e+09
 1.03747461e+09 1.03747462e+09 1.03747463e+09 1.03747463e+09
 1.03747464e+09 1.03747464e+09 1.03747465e+09 1.03747466e+09
 1.03747466e+09 1.03747467e+09 1.03747468e+09 1.03747468e+09
 1.03747469e+09 1.03747469e+09 1.03747470e+09 1.03747471e+09
 1.03747471e+09 1.03747472e+09 1.03747473e+09 1.03747473e+09
 1.03747474e+09 1.03747475e+09 1.03747475e+09 1.03747476e+09
 1.03747476e+09 1.03747477e+09 1.03747478e+09 1.03747478e+09
 1.03747479e+09 1.03747480e+09 1.03747480e+09 1.03747481e+09
 1.03747481e+09 1.03747482e+09 1.03747483e+09 1.03747483e+09
 1.03747484e+09 1.03747485e+09 1.03747485e+09 1.03747486e+09
 1.03747487e+09 1.03747487e+09 1.03747488e+09 1.03747488e+09
 1.03747489e+09 1.03747490e+09 1.03747490e+09 1.03747491e+09
 1.03747492e+09 1.03747492e+09 1.03747493e+09 1.03747493e+09
 1.03747494e+09 1.03747495e+09 1.03747495e+09 1.03747496e+09
 1.03747497e+09 1.03747497e+09 1.03747498e+09 1.03747499e+09
 1.03747499e+09 1.03747500e+09 1.03747500e+09 1.03747501e+09
 1.03747502e+09 1.03747502e+09 1.03747503e+09 1.03747504e+09
 1.03747504e+09 1.03747505e+09 1.03747505e+09 1.03747506e+09
 1.03747507e+09 1.03747507e+09 1.03747508e+09 1.03747509e+09
 1.03747509e+09 1.03747510e+09 1.03747510e+09 1.03747511e+09
 1.03747512e+09 1.03747512e+09 1.03747513e+09 1.03747514e+09
 1.03747514e+09 1.03747515e+09 1.03747516e+09 1.03747516e+09
 1.03747517e+09 1.03747517e+09 1.03747518e+09 1.03747519e+09
 1.03747519e+09 1.03747520e+09 1.03747521e+09 1.03747521e+09
 1.03747522e+09 1.03747522e+09 1.03747523e+09 1.03747524e+09
 1.03747524e+09 1.03747525e+09 1.03747526e+09 1.03747526e+09
 1.03747527e+09 1.03747528e+09 1.03747528e+09 1.03747529e+09
 1.03747529e+09 1.03747530e+09 1.03747531e+09 1.03747531e+09
 1.03747532e+09 1.03747533e+09 1.03747533e+09 1.03747534e+09
 1.03747534e+09 1.03747535e+09 1.03747536e+09 1.03747536e+09
 1.03747537e+09 1.03747538e+09 1.03747538e+09 1.03747539e+09
 1.03747539e+09 1.03747540e+09 1.03747541e+09 1.03747541e+09
 1.03747542e+09 1.03747543e+09 1.03747543e+09 1.03747544e+09
 1.03747545e+09 1.03747545e+09 1.03747546e+09 1.03747546e+09
 1.03747547e+09 1.03747548e+09 1.03747548e+09 1.03747549e+09
 1.03747550e+09 1.03747550e+09 1.03747551e+09 1.03747551e+09
 1.03747552e+09 1.03747553e+09 1.03747553e+09 1.03747554e+09
 1.03747555e+09 1.03747555e+09 1.03747556e+09 1.03747557e+09]
minRes = 5.726584475994873
minResTime =  [1.03747557e+09]
