name =JUICE_ROI_CAL_7_0_05
flyby =  ['2032 NOV 16 05:53:16', '2032 NOV 17 05:53:16']
Observation TW =  <SpiceCell dtype = 1, length = 0, size = 2400, card = 4, is_set = 1, adjust = 0, init = 1, base = 1356598539952, data = 1356598540000>
Res(t) =  [3.45065642 3.44723577 3.44381517 3.44039464 3.43697416 3.43355375
 3.43013339 3.42671309 3.42329285 3.41987267 3.41645255 3.41303249
 3.40961248 3.40619253 3.40277264 3.39935281 3.39593303 3.39251331
 3.38909364 3.38567403 3.38225448 3.37883498 3.37541554 3.37199615
 3.36857682 3.36515754 3.36173832 3.35831915 3.35490003 3.35148097
 3.34806196 3.344643   3.34122409 3.33780524 3.33438644 3.33096769
 3.327549   3.32413035 3.32071176 3.31729321 3.31387472 3.31045628
 3.30703789 3.30361954 3.30020125 3.29678301 3.29336481 3.28994667
 3.28652857 3.28311052 3.27969252 3.27627457 3.27285666 3.26943881
 3.266021   3.26260323 3.25918551 3.25576784 3.25235022 3.24893264
 3.24551511 3.24209762 3.23868017 3.23526278 3.23184542 3.22842811
 3.22501085 3.22159362 3.21817645 3.21475931 3.21134222 3.20792517
 3.20450816 3.2010912  3.19767427 3.19425739 3.19084055 3.18742376
 3.184007   3.18059028 3.17717361 3.17375697 3.17034038 3.16692382
 3.1635073  3.16009083 3.15667439 3.15325799 3.14984163 3.14642531
 3.14300902 3.13959277 3.13617656 3.13276039 3.12934426 3.12592816
 3.1225121  3.11909607 3.11568008 3.11226413 3.10884821 3.10543232
 3.10201648 3.09860066 3.09518488 3.09176914 3.08835343 3.08493775
 3.08152211 3.07810649 3.07469092 3.07127537 3.06785986 3.06444438
 3.06102893 3.05761351 3.05419813 3.05078278 3.04736745 3.04395216
 3.0405369  3.03712167 3.03370647 3.03029129 3.02687615 3.02346104
 3.02004596 3.0166309  3.01321587 3.00980087 3.0063859  3.00297096
 2.99955605 2.99614116 2.9927263  2.98931146 2.98589665 2.98248187
 2.97906712 2.97565239 2.97223768 2.968823   2.96540835 2.96199372
 2.95857911 2.95516453 2.95174998 2.94833544 2.94492093 2.94150645
 2.93809198 2.93467754 2.93126313 2.92784873 2.92443436 2.92102
 2.91760567 2.91419136 2.91077708 2.90736281 2.90394856 2.90053434
 2.89712013 2.89370594 2.89029177 2.88687763 2.8834635  2.88004939
 2.8766353  2.87322122 2.86980717 2.86639313 2.86297911 2.85956511
 2.85615112 2.85273715 2.8493232  2.84590927 2.84249535 2.83908144
 2.83566755 2.83225368 2.82883982 2.82542598 2.82201215 2.81859834
 2.81518454 2.81177075 2.80835698 2.80494322 2.80152948 2.79811574
 2.79470202 2.79128831 2.78787462 2.78446093 2.78104726 2.7776336
 2.77421995 2.77080631 2.76739268 2.76397906 2.76056546 2.75715186
 2.75373827 2.75032469 2.74691112 2.74349756 2.74008401 2.73667047
 2.73325693 2.7298434  2.72642988 2.72301637 2.71960287 2.71618937
 2.71277588 2.70936239 2.70594892 2.70253544 2.69912198 2.69570851
 2.69229506 2.68888161 2.68546816 2.68205472 2.67864128 2.67522785
 2.67181442 2.66840099 2.66498757 2.66157415 2.65816073 2.65474732
 2.65133391 2.6479205  2.64450709 2.64109368 2.63768028 2.63426687
 2.63085347 2.62744007 2.62402667 2.62061326 2.61719986 2.61378646
 2.61037306 2.60695965 2.60354625 2.60013284 2.59671943 2.59330602
 2.58989261 2.5864792  2.58306578 2.57965236 2.57623894 2.57282551
 2.56941208 2.56599865 2.56258521 2.55917177 2.55575832 2.55234487
 2.54893141 2.54551795 2.54210449 2.53869101 2.53527754 2.53186405
 2.52845056 2.52503706 2.52162356 2.51821005 2.51479653 2.511383
 2.50796946 2.50455592 2.50114237 2.49772881 2.49431524 2.49090166
 2.48748807 2.48407448 2.48066087 2.47724725 2.47383363 2.47041999
 2.46700634 2.46359268 2.46017901 2.45676532 2.45335163 2.44993792
 2.4465242  2.44311047 2.43969673 2.43628297 2.4328692  2.42945542
 2.42604162 2.42262781 2.41921398 2.41580014 2.41238628 2.40897241
 2.40555853 2.40214463 2.39873071 2.39531678 2.39190283 2.38848886
 2.38507488 2.38166088 2.37824687 2.37483284 2.37141879 2.36800472
 2.36459063 2.36117653 2.3577624  2.35434826 2.3509341  2.34751992
 2.34410572 2.3406915  2.33727726 2.333863   2.33044872 2.32703441
 2.32362009 2.32020575 2.31679138 2.313377   2.30996259 2.30654816
 2.3031337  2.29971923 2.29630473 2.2928902  2.28947566 2.28606109
 2.28264649 2.27923188 2.27581723 2.27240257 2.26898788 2.26557316
 2.26215842 2.25874365 2.25532886 2.25191404 2.24849919 2.24508432
 2.24166942 2.2382545  2.23483954 2.23142456 2.22800955 2.22459452
 2.22117945 2.21776436 2.21434924 2.21093408 2.2075189  2.2041037
 2.20068846 2.19727319 2.19385789 2.19044256 2.1870272  2.18361181
 2.18019638 2.17678093 2.17336544 2.16994993 2.16653438 2.1631188
 2.15970318 2.15628754 2.15287186 2.14945614 2.14604039 2.14262461
 2.1392088  2.13579295 2.13237707 2.12896115 2.1255452  2.12212921
 2.11871318 2.11529712 2.11188103 2.1084649  2.10504873 2.10163252
 2.09821628 2.0948     2.09138369 2.08796734 2.08455094 2.08113451
 2.07771805 2.07430154 2.07088499 2.06746841 2.06405179 2.06063512
 2.05721842 2.05380168 2.05038489 2.04696807 2.04355121 2.0401343
 2.03671735 2.03330037 2.02988334 2.02646626 2.02304915 2.01963199
 2.01621479 2.01279755 2.00938027 2.00596294 2.00254557 1.99912815
 1.99571069 1.99229319 1.98887564 1.98545804 1.98204041 1.97862272
 1.97520499 1.97178722 1.9683694  1.96495153 1.96153361 1.95811565
 1.95469765 1.95127959 1.94786149 1.94444334 1.94102514 1.93760689
 1.9341886  1.93077026 1.92735186 1.92393342 1.92051493 1.91709639
 1.9136778  1.91025916 1.90684047 1.90342173 1.90000294 1.89658409
 1.8931652  1.88974625 1.88632726 1.88290821 1.8794891  1.87606995
 1.87265074 1.86923148 1.86581217 1.8623928  1.85897338 1.85555391
 1.85213438 1.8487148  1.84529516 1.84187547 1.83845572 1.83503592
 1.83161606 1.82819614 1.82477617 1.82135615 1.81793606 1.81451592
 1.81109573 1.80767547 1.80425516 1.80083479 1.79741436 1.79399388
 1.79057333 1.78715273 1.78373207 1.78031135 1.77689057 1.77346973
 1.77004883 1.76662787 1.76320684 1.75978576 1.75636462 1.75294342
 1.74952215 1.74610083 1.74267944 1.73925799 1.73583648 1.7324149
 1.72899326 1.72557156 1.7221498  1.71872797 1.71530608 1.71188412
 1.70846211 1.70504002 1.70161787 1.69819566 1.69477338 1.69135104
 1.68792863 1.68450615 1.68108361 1.677661   1.67423833 1.67081558
 1.66739278 1.6639699  1.66054696 1.65712395 1.65370087 1.65027772
 1.6468545  1.64343122 1.64000786 1.63658444 1.63316095 1.62973738
 1.62631375 1.62289005 1.61946628 1.61604243 1.61261852 1.60919453
 1.60577048 1.60234635 1.59892215 1.59549787 1.59207353 1.58864911
 1.58522462 1.58180006 1.57837542 1.57495071 1.57152593 1.56810107
 1.56467614 1.56125113 1.55782605 1.55440089 1.55097566 1.54755035
 1.54412497 1.54069951 1.53727398 1.53384837 1.53042268 1.52699691
 1.52357107 1.52014515 1.51671916 1.51329308 1.50986693 1.5064407
 1.50301439 1.499588   1.49616154 1.49273499 1.48930836 1.48588166
 1.48245487 1.47902801 1.47560106 1.47217403 1.46874693 1.46531974
 1.46189247 1.45846512 1.45503768 1.45161017 1.44818257 1.44475489
 1.44132713 1.43789928 1.43447135 1.43104334 1.42761524 1.42418706
 1.4207588  1.41733045 1.41390201 1.41047349 1.40704489 1.4036162
 1.40018743 1.39675857 1.39332962 1.38990059 1.38647147 1.38304226
 1.37961297 1.37618359 1.37275412 1.36932456 1.36589492 1.36246519
 1.35903537 1.35560546 1.35217546 1.34874537 1.3453152  1.34188493
 1.33845457 1.33502413 1.33159359 1.32816297 1.32473225 1.32130144
 1.31787054 1.31443955 1.31100847 1.30757729 1.30414603 1.30071467
 1.29728322 1.29385167 1.29042004 1.2869883  1.28355648 1.28012456
 1.27669255 1.27326045 1.26982825 1.26639595 1.26296356 1.25953108
 1.2560985  1.25266582 1.24923305 1.24580018 1.24236722 1.23893416
 1.235501   1.23206775 1.2286344  1.22520095 1.22176741 1.21833376
 1.21490002 1.21146618 1.20803225 1.20459821 1.20116407 1.19772984
 1.19429551 1.19086107 1.18742654 1.18399191 1.18055718 1.17712234
 1.17368741 1.17025237 1.16681724 1.163382   1.15994666 1.15651122
 1.15307568 1.14964004 1.14620429 1.14276844 1.13933249 1.13589644
 1.13246028 1.12902402 1.12558765 1.12215119 1.11871461 1.11527794
 1.11184116 1.10840427 1.10496728 1.10153019 1.09809299 1.09465568
 1.09121827 1.08778075 1.08434313 1.0809054  1.07746757 1.07402963
 1.07059158 1.06715342 1.06371516 1.06027679 1.05683831 1.05339973
 1.04996104 1.04652224 1.04308333 1.03964431 1.03620518 1.03276595
 1.02932661 1.02588715 1.02244759 1.01900792 1.01556814 1.01212825
 1.00868825 1.00524814 1.00180792 0.99836759 0.99492715 0.99148659
 0.98804593 0.98460516 0.98116427 0.97772327 0.97428217 0.97084095
 0.96739961 0.96395817 0.96051661 0.95707495 0.95363317 0.95019127
 0.94674927 0.94330715 0.93986492 0.93642258 0.93298012 0.92953755
 0.92609487 0.92265207 0.91920916 0.91576614 0.912323   0.90887975
 0.90543638 0.9019929  0.89854931 0.8951056  0.89166178 0.88821784
 0.88477379 0.88132963 0.87788535 0.87444096 0.87099645 0.86755182
 0.86410709 0.86066223 0.85721727 0.85377219 0.85032699 0.84688168
 0.84343625 0.83999071 0.83654505 0.83309928 0.8296534  0.82620739
 0.82276128 0.81931505 0.8158687  0.81242224 0.80897567 0.80552898
 0.80208218 0.79863526 0.79518822 0.79174108 0.78829382 0.78484644
 0.78139895 0.77795135 0.77450363 0.7710558  0.76760785 0.7641598
 0.76071163 0.75726334 0.75381495 0.75036644 0.74691781 0.74346908
 0.74002023 0.73657128 0.73312221 0.72967303 0.72622374 0.72277434
 0.71932482 0.7158752  0.71242547 0.70897563 0.70552568 0.70207562
 0.69862546 0.69517518 0.6917248  0.68827431 0.68482372 0.68137302
 0.67792221 0.6744713  0.67102028 0.66756917 0.66411794 0.66066662
 0.65721519 0.65376367 0.65031204 0.64686031 0.64340849 0.63995656
 0.63650454 0.63305242 0.62960021 0.6261479  0.62269549 0.619243
 0.61579041 0.61233773 0.60888496 0.6054321  0.60197916 0.59852613
 0.59507301 0.59161981 0.58816653 0.58471316 0.58125972 0.57780619
 0.57435259 0.57089891 0.56744517 0.56399134 0.56053745 0.55708349
 0.55362946 0.55017537 0.54690112 0.54344767 0.53999418 0.53654064
 0.53308706 0.52963344 0.52617979 0.5227261  0.51927239 0.51581864
 0.51236487 0.50891108 0.50545727 0.50200345 0.49854962 0.49509578
 0.49164193 0.48818809 0.48473425 0.48128042 0.47782661 0.47437281
 0.47091903 0.46746528 0.46401156 0.46055788 0.45710424 0.45365065
 0.45019712 0.44674364 0.44329023 0.4398369  0.43638364 0.43293047
 0.42947739 0.42602442 0.42257155 0.4191188  0.41566618 0.41221369
 0.40876135 0.40530915 0.40185712 0.39840527 0.39495359 0.39150211
 0.38805084 0.38459979 0.38114897 0.37769839 0.37424807 0.37079802
 0.36734826 0.3638988  0.36044965 0.35700085 0.35355239 0.35010431
 0.34665662 0.34320934 0.33976249 0.3363161  0.33287018 0.32942476
 0.32597987 0.32253553 0.31909177 0.31564862 0.31220612 0.30876428
 0.30532315 0.30188277 0.29844316 0.29500437 0.29156644 0.28812941
 0.28469333 0.28125825 0.27782422 0.27439128 0.27095951 0.26752896
 0.26409969 0.26067177 0.25724527 0.25382027 0.25039684 0.24697507
 0.24355506 0.2401369  0.23672068 0.23330652 0.22989454 0.22648486
 0.2230776  0.21967291 0.21627095 0.21287187 0.20947584 0.20608305
 0.20269371 0.19930801 0.19592621 0.19254853 0.18917526 0.18580668
 0.1824431  0.17908487 0.17573235 0.17238595 0.1690461  0.16571328
 0.16238801 0.15907086 0.15576245 0.15246347 0.14917468 0.14589691
 0.14263107 0.1393782  0.13613942 0.132916   0.12970936 0.12652106
 0.1233529  0.12020687 0.11708523 0.11399057 0.11092581 0.1078943
 0.10489989 0.10194703 0.09904088 0.09618745 0.0933938  0.09066826
 0.08802073 0.08546305 0.08300955 0.08067767 0.07848889 0.07646999
 0.07465476 0.07308664 0.07182241 0.0709381  0.07053841 0.07077274
 0.07186429 0.07416713 0.078291   0.08541552]
t =  [1.03746927e+09 1.03746931e+09 1.03746935e+09 1.03746939e+09
 1.03746944e+09 1.03746948e+09 1.03746952e+09 1.03746956e+09
 1.03746961e+09 1.03746965e+09 1.03746969e+09 1.03746973e+09
 1.03746978e+09 1.03746982e+09 1.03746986e+09 1.03746990e+09
 1.03746995e+09 1.03746999e+09 1.03747003e+09 1.03747008e+09
 1.03747012e+09 1.03747016e+09 1.03747020e+09 1.03747025e+09
 1.03747029e+09 1.03747033e+09 1.03747037e+09 1.03747042e+09
 1.03747046e+09 1.03747050e+09 1.03747054e+09 1.03747059e+09
 1.03747063e+09 1.03747067e+09 1.03747072e+09 1.03747076e+09
 1.03747080e+09 1.03747084e+09 1.03747089e+09 1.03747093e+09
 1.03747097e+09 1.03747101e+09 1.03747106e+09 1.03747110e+09
 1.03747114e+09 1.03747118e+09 1.03747123e+09 1.03747127e+09
 1.03747131e+09 1.03747136e+09 1.03747140e+09 1.03747144e+09
 1.03747148e+09 1.03747153e+09 1.03747157e+09 1.03747161e+09
 1.03747165e+09 1.03747170e+09 1.03747174e+09 1.03747178e+09
 1.03747182e+09 1.03747187e+09 1.03747191e+09 1.03747195e+09
 1.03747200e+09 1.03747204e+09 1.03747208e+09 1.03747212e+09
 1.03747217e+09 1.03747221e+09 1.03747225e+09 1.03747229e+09
 1.03747234e+09 1.03747238e+09 1.03747242e+09 1.03747246e+09
 1.03747251e+09 1.03747255e+09 1.03747259e+09 1.03747263e+09
 1.03747268e+09 1.03747272e+09 1.03747276e+09 1.03747281e+09
 1.03747285e+09 1.03747289e+09 1.03747293e+09 1.03747298e+09
 1.03747302e+09 1.03747306e+09 1.03747310e+09 1.03747315e+09
 1.03747319e+09 1.03747323e+09 1.03747327e+09 1.03747332e+09
 1.03747336e+09 1.03747340e+09 1.03747345e+09 1.03747349e+09
 1.03747353e+09 1.03747357e+09 1.03747362e+09 1.03747366e+09
 1.03747370e+09 1.03747374e+09 1.03747379e+09 1.03747383e+09
 1.03747387e+09 1.03747391e+09 1.03747396e+09 1.03747400e+09
 1.03747404e+09 1.03747409e+09 1.03747413e+09 1.03747417e+09
 1.03747421e+09 1.03747426e+09 1.03747430e+09 1.03747434e+09
 1.03747438e+09 1.03747443e+09 1.03747447e+09 1.03747451e+09
 1.03747455e+09 1.03747460e+09 1.03747464e+09 1.03747468e+09
 1.03747472e+09 1.03747477e+09 1.03747481e+09 1.03747485e+09
 1.03747490e+09 1.03747494e+09 1.03747498e+09 1.03747502e+09
 1.03747507e+09 1.03747511e+09 1.03747515e+09 1.03747519e+09
 1.03747524e+09 1.03747528e+09 1.03747532e+09 1.03747536e+09
 1.03747541e+09 1.03747545e+09 1.03747549e+09 1.03747554e+09
 1.03747558e+09 1.03747562e+09 1.03747566e+09 1.03747571e+09
 1.03747575e+09 1.03747579e+09 1.03747583e+09 1.03747588e+09
 1.03747592e+09 1.03747596e+09 1.03747600e+09 1.03747605e+09
 1.03747609e+09 1.03747613e+09 1.03747618e+09 1.03747622e+09
 1.03747626e+09 1.03747630e+09 1.03747635e+09 1.03747639e+09
 1.03747643e+09 1.03747647e+09 1.03747652e+09 1.03747656e+09
 1.03747660e+09 1.03747664e+09 1.03747669e+09 1.03747673e+09
 1.03747677e+09 1.03747681e+09 1.03747686e+09 1.03747690e+09
 1.03747694e+09 1.03747699e+09 1.03747703e+09 1.03747707e+09
 1.03747711e+09 1.03747716e+09 1.03747720e+09 1.03747724e+09
 1.03747728e+09 1.03747733e+09 1.03747737e+09 1.03747741e+09
 1.03747745e+09 1.03747750e+09 1.03747754e+09 1.03747758e+09
 1.03747763e+09 1.03747767e+09 1.03747771e+09 1.03747775e+09
 1.03747780e+09 1.03747784e+09 1.03747788e+09 1.03747792e+09
 1.03747797e+09 1.03747801e+09 1.03747805e+09 1.03747809e+09
 1.03747814e+09 1.03747818e+09 1.03747822e+09 1.03747827e+09
 1.03747831e+09 1.03747835e+09 1.03747839e+09 1.03747844e+09
 1.03747848e+09 1.03747852e+09 1.03747856e+09 1.03747861e+09
 1.03747865e+09 1.03747869e+09 1.03747873e+09 1.03747878e+09
 1.03747882e+09 1.03747886e+09 1.03747890e+09 1.03747895e+09
 1.03747899e+09 1.03747903e+09 1.03747908e+09 1.03747912e+09
 1.03747916e+09 1.03747920e+09 1.03747925e+09 1.03747929e+09
 1.03747933e+09 1.03747937e+09 1.03747942e+09 1.03747946e+09
 1.03747950e+09 1.03747954e+09 1.03747959e+09 1.03747963e+09
 1.03747967e+09 1.03747972e+09 1.03747976e+09 1.03747980e+09
 1.03747984e+09 1.03747989e+09 1.03747993e+09 1.03747997e+09
 1.03748001e+09 1.03748006e+09 1.03748010e+09 1.03748014e+09
 1.03748018e+09 1.03748023e+09 1.03748027e+09 1.03748031e+09
 1.03748036e+09 1.03748040e+09 1.03748044e+09 1.03748048e+09
 1.03748053e+09 1.03748057e+09 1.03748061e+09 1.03748065e+09
 1.03748070e+09 1.03748074e+09 1.03748078e+09 1.03748082e+09
 1.03748087e+09 1.03748091e+09 1.03748095e+09 1.03748100e+09
 1.03748104e+09 1.03748108e+09 1.03748112e+09 1.03748117e+09
 1.03748121e+09 1.03748125e+09 1.03748129e+09 1.03748134e+09
 1.03748138e+09 1.03748142e+09 1.03748146e+09 1.03748151e+09
 1.03748155e+09 1.03748159e+09 1.03748163e+09 1.03748168e+09
 1.03748172e+09 1.03748176e+09 1.03748181e+09 1.03748185e+09
 1.03748189e+09 1.03748193e+09 1.03748198e+09 1.03748202e+09
 1.03748206e+09 1.03748210e+09 1.03748215e+09 1.03748219e+09
 1.03748223e+09 1.03748227e+09 1.03748232e+09 1.03748236e+09
 1.03748240e+09 1.03748245e+09 1.03748249e+09 1.03748253e+09
 1.03748257e+09 1.03748262e+09 1.03748266e+09 1.03748270e+09
 1.03748274e+09 1.03748279e+09 1.03748283e+09 1.03748287e+09
 1.03748291e+09 1.03748296e+09 1.03748300e+09 1.03748304e+09
 1.03748309e+09 1.03748313e+09 1.03748317e+09 1.03748321e+09
 1.03748326e+09 1.03748330e+09 1.03748334e+09 1.03748338e+09
 1.03748343e+09 1.03748347e+09 1.03748351e+09 1.03748355e+09
 1.03748360e+09 1.03748364e+09 1.03748368e+09 1.03748372e+09
 1.03748377e+09 1.03748381e+09 1.03748385e+09 1.03748390e+09
 1.03748394e+09 1.03748398e+09 1.03748402e+09 1.03748407e+09
 1.03748411e+09 1.03748415e+09 1.03748419e+09 1.03748424e+09
 1.03748428e+09 1.03748432e+09 1.03748436e+09 1.03748441e+09
 1.03748445e+09 1.03748449e+09 1.03748454e+09 1.03748458e+09
 1.03748462e+09 1.03748466e+09 1.03748471e+09 1.03748475e+09
 1.03748479e+09 1.03748483e+09 1.03748488e+09 1.03748492e+09
 1.03748496e+09 1.03748500e+09 1.03748505e+09 1.03748509e+09
 1.03748513e+09 1.03748518e+09 1.03748522e+09 1.03748526e+09
 1.03748530e+09 1.03748535e+09 1.03748539e+09 1.03748543e+09
 1.03748547e+09 1.03748552e+09 1.03748556e+09 1.03748560e+09
 1.03748564e+09 1.03748569e+09 1.03748573e+09 1.03748577e+09
 1.03748581e+09 1.03748586e+09 1.03748590e+09 1.03748594e+09
 1.03748599e+09 1.03748603e+09 1.03748607e+09 1.03748611e+09
 1.03748616e+09 1.03748620e+09 1.03748624e+09 1.03748628e+09
 1.03748633e+09 1.03748637e+09 1.03748641e+09 1.03748645e+09
 1.03748650e+09 1.03748654e+09 1.03748658e+09 1.03748663e+09
 1.03748667e+09 1.03748671e+09 1.03748675e+09 1.03748680e+09
 1.03748684e+09 1.03748688e+09 1.03748692e+09 1.03748697e+09
 1.03748701e+09 1.03748705e+09 1.03748709e+09 1.03748714e+09
 1.03748718e+09 1.03748722e+09 1.03748727e+09 1.03748731e+09
 1.03748735e+09 1.03748739e+09 1.03748744e+09 1.03748748e+09
 1.03748752e+09 1.03748756e+09 1.03748761e+09 1.03748765e+09
 1.03748769e+09 1.03748773e+09 1.03748778e+09 1.03748782e+09
 1.03748786e+09 1.03748790e+09 1.03748795e+09 1.03748799e+09
 1.03748803e+09 1.03748808e+09 1.03748812e+09 1.03748816e+09
 1.03748820e+09 1.03748825e+09 1.03748829e+09 1.03748833e+09
 1.03748837e+09 1.03748842e+09 1.03748846e+09 1.03748850e+09
 1.03748854e+09 1.03748859e+09 1.03748863e+09 1.03748867e+09
 1.03748872e+09 1.03748876e+09 1.03748880e+09 1.03748884e+09
 1.03748889e+09 1.03748893e+09 1.03748897e+09 1.03748901e+09
 1.03748906e+09 1.03748910e+09 1.03748914e+09 1.03748918e+09
 1.03748923e+09 1.03748927e+09 1.03748931e+09 1.03748936e+09
 1.03748940e+09 1.03748944e+09 1.03748948e+09 1.03748953e+09
 1.03748957e+09 1.03748961e+09 1.03748965e+09 1.03748970e+09
 1.03748974e+09 1.03748978e+09 1.03748982e+09 1.03748987e+09
 1.03748991e+09 1.03748995e+09 1.03748999e+09 1.03749004e+09
 1.03749008e+09 1.03749012e+09 1.03749017e+09 1.03749021e+09
 1.03749025e+09 1.03749029e+09 1.03749034e+09 1.03749038e+09
 1.03749042e+09 1.03749046e+09 1.03749051e+09 1.03749055e+09
 1.03749059e+09 1.03749063e+09 1.03749068e+09 1.03749072e+09
 1.03749076e+09 1.03749081e+09 1.03749085e+09 1.03749089e+09
 1.03749093e+09 1.03749098e+09 1.03749102e+09 1.03749106e+09
 1.03749110e+09 1.03749115e+09 1.03749119e+09 1.03749123e+09
 1.03749127e+09 1.03749132e+09 1.03749136e+09 1.03749140e+09
 1.03749145e+09 1.03749149e+09 1.03749153e+09 1.03749157e+09
 1.03749162e+09 1.03749166e+09 1.03749170e+09 1.03749174e+09
 1.03749179e+09 1.03749183e+09 1.03749187e+09 1.03749191e+09
 1.03749196e+09 1.03749200e+09 1.03749204e+09 1.03749209e+09
 1.03749213e+09 1.03749217e+09 1.03749221e+09 1.03749226e+09
 1.03749230e+09 1.03749234e+09 1.03749238e+09 1.03749243e+09
 1.03749247e+09 1.03749251e+09 1.03749255e+09 1.03749260e+09
 1.03749264e+09 1.03749268e+09 1.03749272e+09 1.03749277e+09
 1.03749281e+09 1.03749285e+09 1.03749290e+09 1.03749294e+09
 1.03749298e+09 1.03749302e+09 1.03749307e+09 1.03749311e+09
 1.03749315e+09 1.03749319e+09 1.03749324e+09 1.03749328e+09
 1.03749332e+09 1.03749336e+09 1.03749341e+09 1.03749345e+09
 1.03749349e+09 1.03749354e+09 1.03749358e+09 1.03749362e+09
 1.03749366e+09 1.03749371e+09 1.03749375e+09 1.03749379e+09
 1.03749383e+09 1.03749388e+09 1.03749392e+09 1.03749396e+09
 1.03749400e+09 1.03749405e+09 1.03749409e+09 1.03749413e+09
 1.03749418e+09 1.03749422e+09 1.03749426e+09 1.03749430e+09
 1.03749435e+09 1.03749439e+09 1.03749443e+09 1.03749447e+09
 1.03749452e+09 1.03749456e+09 1.03749460e+09 1.03749464e+09
 1.03749469e+09 1.03749473e+09 1.03749477e+09 1.03749481e+09
 1.03749486e+09 1.03749490e+09 1.03749494e+09 1.03749499e+09
 1.03749503e+09 1.03749507e+09 1.03749511e+09 1.03749516e+09
 1.03749520e+09 1.03749524e+09 1.03749528e+09 1.03749533e+09
 1.03749537e+09 1.03749541e+09 1.03749545e+09 1.03749550e+09
 1.03749554e+09 1.03749558e+09 1.03749563e+09 1.03749567e+09
 1.03749571e+09 1.03749575e+09 1.03749580e+09 1.03749584e+09
 1.03749588e+09 1.03749592e+09 1.03749597e+09 1.03749601e+09
 1.03749605e+09 1.03749609e+09 1.03749614e+09 1.03749618e+09
 1.03749622e+09 1.03749627e+09 1.03749631e+09 1.03749635e+09
 1.03749639e+09 1.03749644e+09 1.03749648e+09 1.03749652e+09
 1.03749656e+09 1.03749661e+09 1.03749665e+09 1.03749669e+09
 1.03749673e+09 1.03749678e+09 1.03749682e+09 1.03749686e+09
 1.03749690e+09 1.03749695e+09 1.03749699e+09 1.03749703e+09
 1.03749708e+09 1.03749712e+09 1.03749716e+09 1.03749720e+09
 1.03749725e+09 1.03749729e+09 1.03749733e+09 1.03749737e+09
 1.03749742e+09 1.03749746e+09 1.03749750e+09 1.03749754e+09
 1.03749759e+09 1.03749763e+09 1.03749767e+09 1.03749772e+09
 1.03749776e+09 1.03749780e+09 1.03749784e+09 1.03749789e+09
 1.03749793e+09 1.03749797e+09 1.03749801e+09 1.03749806e+09
 1.03749810e+09 1.03749814e+09 1.03749818e+09 1.03749823e+09
 1.03749827e+09 1.03749831e+09 1.03749836e+09 1.03749840e+09
 1.03749844e+09 1.03749848e+09 1.03749853e+09 1.03749857e+09
 1.03749861e+09 1.03749865e+09 1.03749870e+09 1.03749874e+09
 1.03749878e+09 1.03749882e+09 1.03749887e+09 1.03749891e+09
 1.03749895e+09 1.03749899e+09 1.03749904e+09 1.03749908e+09
 1.03749912e+09 1.03749917e+09 1.03749921e+09 1.03749925e+09
 1.03749929e+09 1.03749934e+09 1.03749938e+09 1.03749942e+09
 1.03749946e+09 1.03749951e+09 1.03749955e+09 1.03749959e+09
 1.03749963e+09 1.03749968e+09 1.03749972e+09 1.03749976e+09
 1.03749981e+09 1.03749985e+09 1.03749989e+09 1.03749993e+09
 1.03749998e+09 1.03750002e+09 1.03750006e+09 1.03750010e+09
 1.03750015e+09 1.03750019e+09 1.03750023e+09 1.03750027e+09
 1.03750032e+09 1.03750036e+09 1.03750040e+09 1.03750045e+09
 1.03750049e+09 1.03750053e+09 1.03750057e+09 1.03750062e+09
 1.03750066e+09 1.03750070e+09 1.03750074e+09 1.03750079e+09
 1.03750083e+09 1.03750087e+09 1.03750091e+09 1.03750096e+09
 1.03750100e+09 1.03750104e+09 1.03750108e+09 1.03750113e+09
 1.03750117e+09 1.03750121e+09 1.03750126e+09 1.03750130e+09
 1.03750134e+09 1.03750138e+09 1.03750143e+09 1.03750147e+09
 1.03750151e+09 1.03750155e+09 1.03750160e+09 1.03750164e+09
 1.03750168e+09 1.03750172e+09 1.03750177e+09 1.03750181e+09
 1.03750185e+09 1.03750190e+09 1.03750194e+09 1.03750198e+09
 1.03750202e+09 1.03750207e+09 1.03750211e+09 1.03750215e+09
 1.03750219e+09 1.03750224e+09 1.03750228e+09 1.03750232e+09
 1.03750236e+09 1.03750241e+09 1.03750245e+09 1.03750249e+09
 1.03750254e+09 1.03750258e+09 1.03750262e+09 1.03750266e+09
 1.03750271e+09 1.03750275e+09 1.03750279e+09 1.03750283e+09
 1.03750288e+09 1.03750292e+09 1.03750296e+09 1.03750300e+09
 1.03750305e+09 1.03750309e+09 1.03750313e+09 1.03750318e+09
 1.03750322e+09 1.03750326e+09 1.03750330e+09 1.03750335e+09
 1.03750339e+09 1.03750343e+09 1.03750347e+09 1.03750352e+09
 1.03750356e+09 1.03750360e+09 1.03750364e+09 1.03750369e+09
 1.03750373e+09 1.03750377e+09 1.03750381e+09 1.03750386e+09
 1.03750390e+09 1.03750394e+09 1.03750399e+09 1.03750403e+09
 1.03750407e+09 1.03750411e+09 1.03750416e+09 1.03750420e+09
 1.03750424e+09 1.03750428e+09 1.03750433e+09 1.03750437e+09
 1.03750441e+09 1.03750445e+09 1.03750450e+09 1.03750454e+09
 1.03750458e+09 1.03750463e+09 1.03750467e+09 1.03750471e+09
 1.03750475e+09 1.03750480e+09 1.03750484e+09 1.03750488e+09
 1.03750492e+09 1.03750497e+09 1.03750501e+09 1.03750505e+09
 1.03750509e+09 1.03750514e+09 1.03750518e+09 1.03750522e+09
 1.03750527e+09 1.03750531e+09 1.03750535e+09 1.03750539e+09
 1.03750544e+09 1.03750548e+09 1.03750552e+09 1.03750556e+09
 1.03750561e+09 1.03750565e+09 1.03750569e+09 1.03750573e+09
 1.03750578e+09 1.03750582e+09 1.03750586e+09 1.03750590e+09
 1.03750595e+09 1.03750599e+09 1.03750603e+09 1.03750608e+09
 1.03750612e+09 1.03750616e+09 1.03750620e+09 1.03750625e+09
 1.03750629e+09 1.03750633e+09 1.03750637e+09 1.03750642e+09
 1.03750646e+09 1.03750650e+09 1.03750654e+09 1.03750659e+09
 1.03750663e+09 1.03750667e+09 1.03750672e+09 1.03750676e+09
 1.03750680e+09 1.03750684e+09 1.03750689e+09 1.03750693e+09
 1.03750697e+09 1.03750701e+09 1.03750706e+09 1.03750710e+09
 1.03750714e+09 1.03750718e+09 1.03750723e+09 1.03750727e+09
 1.03750731e+09 1.03750736e+09 1.03750740e+09 1.03750744e+09
 1.03750748e+09 1.03750753e+09 1.03750757e+09 1.03750761e+09
 1.03750765e+09 1.03750770e+09 1.03750774e+09 1.03750778e+09
 1.03750782e+09 1.03750787e+09 1.03750791e+09 1.03750795e+09
 1.03750799e+09 1.03750804e+09 1.03750808e+09 1.03750812e+09
 1.03750817e+09 1.03750821e+09 1.03750825e+09 1.03750829e+09
 1.03750834e+09 1.03750838e+09 1.03750842e+09 1.03750846e+09
 1.03750851e+09 1.03750855e+09 1.03750859e+09 1.03750863e+09
 1.03750868e+09 1.03750872e+09 1.03750876e+09 1.03750881e+09
 1.03750885e+09 1.03750889e+09 1.03750893e+09 1.03750898e+09
 1.03750902e+09 1.03750906e+09 1.03750910e+09 1.03750915e+09
 1.03750919e+09 1.03750923e+09 1.03750927e+09 1.03750932e+09
 1.03750936e+09 1.03750940e+09 1.03750945e+09 1.03750949e+09
 1.03750953e+09 1.03750957e+09 1.03750962e+09 1.03750966e+09
 1.03750970e+09 1.03750974e+09 1.03750979e+09 1.03750983e+09
 1.03750987e+09 1.03750991e+09 1.03750996e+09 1.03751000e+09
 1.03751004e+09 1.03751008e+09 1.03751013e+09 1.03751017e+09
 1.03751021e+09 1.03751026e+09 1.03751030e+09 1.03751034e+09
 1.03751038e+09 1.03751043e+09 1.03751047e+09 1.03751051e+09
 1.03751055e+09 1.03751060e+09 1.03751064e+09 1.03751068e+09
 1.03751072e+09 1.03751077e+09 1.03751081e+09 1.03751085e+09
 1.03751090e+09 1.03751094e+09 1.03751098e+09 1.03751102e+09
 1.03751107e+09 1.03751111e+09 1.03751115e+09 1.03751119e+09
 1.03751124e+09 1.03751128e+09 1.03751132e+09 1.03751136e+09
 1.03751141e+09 1.03751145e+09 1.03751149e+09 1.03751154e+09
 1.03751158e+09 1.03751162e+09 1.03751166e+09 1.03751171e+09
 1.03751175e+09 1.03751179e+09 1.03751183e+09 1.03751188e+09]
minRes = 0.07053841031634484
minResTime =  [1.03751166e+09]
