name =JUICE_ROI_CAL_5_0_11
flyby =  ['2032 NOV 16 05:53:16', '2032 NOV 17 05:53:16']
Observation TW =  <SpiceCell dtype = 1, length = 0, size = 2400, card = 4, is_set = 1, adjust = 0, init = 1, base = 1356596772976, data = 1356596773024>
Res(t) =  [3.71052841 3.71321112 3.71589362 3.7185759  3.72125795 3.72393978
 3.72662139 3.72930277 3.73198394 3.73466488 3.7373456  3.7400261
 3.74270638 3.74538644 3.74806627 3.75074588 3.75342528 3.75610445
 3.7587834  3.76146212 3.76414063 3.76681892 3.76949698 3.77217482
 3.77485245 3.77752985 3.78020703 3.78288398 3.78556072 3.78823724
 3.79091354 3.79358961 3.79626547 3.7989411  3.80161651 3.80429171
 3.80696668 3.80964143 3.81231596 3.81499027 3.81766436 3.82033823
 3.82301188 3.82568531 3.82835852 3.83103151 3.83370427 3.83637682
 3.83904915 3.84172126 3.84439315 3.84706482 3.84973627 3.85240749
 3.8550785  3.85774929 3.86041986 3.86309021 3.86576034 3.86843025
 3.87109994 3.87376942 3.87643867 3.8791077  3.88177652 3.88444511
 3.88711349 3.88978164 3.89244958 3.8951173  3.8977848  3.90045208
 3.90311914 3.90578598 3.9084526  3.91111901 3.91378519 3.91645116
 3.91911691 3.92178244 3.92444775 3.92711284 3.92977771 3.93244237
 3.93510681 3.93777103 3.94043503 3.94309881 3.94576237 3.94842572
 3.95108885 3.95375176 3.95641445 3.95907692 3.96173918 3.96440122
 3.96706304 3.96972464 3.97238602 3.97504719 3.97770814 3.98036887
 3.98302939 3.98568969 3.98834977 3.99100963 3.99366927 3.9963287
 3.99898791 4.0016469  4.00430568 4.00696424 4.00962258 4.01228071
 4.01493862 4.01759631 4.02025378 4.02291104 4.02556808 4.0282249
 4.03088151 4.0335379  4.03619408 4.03885004 4.04150578 4.0441613
 4.04681661 4.0494717  4.05212658 4.05478124 4.05743569 4.06008991
 4.06274393 4.06539772 4.0680513  4.07070467 4.07335781 4.07601075
 4.07866346 4.08131596 4.08396825 4.08662032 4.08927217 4.09192381
 4.09457524 4.09722645 4.09987744 4.10252822 4.10517878 4.10782913
 4.11047926 4.11312917 4.11577888 4.11842836 4.12107764 4.12372669
 4.12637553 4.12902416 4.13167257 4.13432077 4.13696876 4.13961653
 4.14226408 4.14491142 4.14755855 4.15020546 4.15285215 4.15549864
 4.1581449  4.16079096 4.1634368  4.16608243 4.16872784 4.17137304
 4.17401802 4.17666279 4.17930735 4.18195169 4.18459582 4.18723973
 4.18988344 4.19252693 4.1951702  4.19781326 4.20045611 4.20309874
 4.20574117 4.20838337 4.21102537 4.21366715 4.21630872 4.21895008
 4.22159122 4.22423215 4.22687287 4.22951337 4.23215366 4.23479374
 4.23743361 4.24007326 4.2427127  4.24535193 4.24799095 4.25062975
 4.25326834 4.25590672 4.25854489 4.26118284 4.26382059 4.26645812
 4.26909544 4.27173254 4.27436944 4.27700612 4.27964259 4.28227885
 4.2849149  4.28755074 4.29018636 4.29282177 4.29545697 4.29809196
 4.30072674 4.30336131 4.30599567 4.30862981 4.31126374 4.31389747
 4.31653098 4.31916428 4.32179737 4.32443025 4.32706291 4.32969537
 4.33232762 4.33495965 4.33759148 4.34022309 4.34285449 4.34548569
 4.34811667 4.35074744 4.353378   4.35600836 4.3586385  4.36126843
 4.36389815 4.36652766 4.36915696 4.37178605 4.37441494 4.37704361
 4.37967207 4.38230032 4.38492836 4.3875562  4.39018382 4.39281123
 4.39543844 4.39806543 4.40069222 4.40331879 4.40594516 4.40857132
 4.41119727 4.41382301 4.41644854 4.41907386 4.42169897 4.42432388
 4.42694857 4.42957306 4.43219733 4.4348214  4.43744526 4.44006892
 4.44269236 4.44531559 4.44793862 4.45056144 4.45318405 4.45580645
 4.45842864 4.46105063 4.46367241 4.46629397 4.46891534 4.47153649
 4.47415744 4.47677817 4.4793987  4.48201903 4.48463914 4.48725905
 4.48987875 4.49249824 4.49511752 4.4977366  4.50035547 4.50297414
 4.50559259 4.50821084 4.51082888 4.51344672 4.51606434 4.51868176
 4.52129898 4.52391599 4.52653279 4.52914938 4.53176577 4.53438195
 4.53699792 4.53961369 4.54222925 4.5448446  4.54745975 4.55007469
 4.55268943 4.55530396 4.55791828 4.5605324  4.56314631 4.56576002
 4.56837352 4.57098681 4.5735999  4.57621278 4.57882546 4.58143793
 4.5840502  4.58666226 4.58927411 4.59188576 4.59449721 4.59710844
 4.59971948 4.60233031 4.60494093 4.60755135 4.61016156 4.61277157
 4.61538137 4.61799097 4.62060037 4.62320955 4.62581854 4.62842732
 4.63103589 4.63364426 4.63625243 4.63886039 4.64146815 4.6440757
 4.64668305 4.6492902  4.65189714 4.65450388 4.65711041 4.65971674
 4.66232286 4.66492878 4.6675345  4.67014001 4.67274532 4.67535043
 4.67795533 4.68056003 4.68316453 4.68576882 4.68837291 4.69097679
 4.69358048 4.69618395 4.69878723 4.7013903  4.70399317 4.70659584
 4.7091983  4.71180057 4.71440262 4.71700448 4.71960613 4.72220758
 4.72480883 4.72740988 4.73001072 4.73261136 4.7352118  4.73781203
 4.74041207 4.7430119  4.74561153 4.74821095 4.75081018 4.7534092
 4.75600802 4.75860664 4.76120506 4.76380327 4.76640129 4.7689991
 4.77159671 4.77419412 4.77679133 4.77938833 4.78198514 4.78458174
 4.78717815 4.78977435 4.79237035 4.79496615 4.79756174 4.80015714
 4.80275234 4.80534733 4.80794213 4.81053672 4.81313111 4.8157253
 4.8183193  4.82091309 4.82350668 4.82610007 4.82869326 4.83128625
 4.83387904 4.83647162 4.83906401 4.8416562  4.84424819 4.84683998
 4.84943157 4.85202296 4.85461415 4.85720514 4.85979592 4.86238651
 4.8649769  4.8675671  4.87015709 4.87274688 4.87533647 4.87792586
 4.88051506 4.88310405 4.88569285 4.88828144 4.89086984 4.89345804
 4.89604604 4.89863384 4.90122144 4.90380884 4.90639605 4.90898305
 4.91156986 4.91415647 4.91674288 4.91932909 4.9219151  4.92450092
 4.92708653 4.92967195 4.93225717 4.93484219 4.93742702 4.94001164
 4.94259607 4.9451803  4.94776433 4.95034817 4.9529318  4.95551524
 4.95809848 4.96068153 4.96326437 4.96584702 4.96842947 4.97101173
 4.97359378 4.97617564 4.97875731 4.98133877 4.98392004 4.98650111
 4.98908199 4.99166266 4.99424314 4.99682343 4.99940351 5.0019834
 5.0045631  5.00714259 5.00972189 5.012301   5.01487991 5.01745862
 5.02003713 5.02261545 5.02519357 5.0277715  5.03034923 5.03292676
 5.0355041  5.03808125 5.04065819 5.04323494 5.0458115  5.04838786
 5.05096402 5.05353999 5.05611576 5.05869134 5.06126672 5.06384191
 5.0664169  5.06899169 5.07156629 5.0741407  5.07671491 5.07928892
 5.08186275 5.08443637 5.0870098  5.08958304 5.09215608 5.09472892
 5.09730158 5.09987403 5.10244629 5.10501836 5.10759024 5.11016192
 5.1127334  5.11530469 5.11787579 5.12044669 5.1230174  5.12558791
 5.12815823 5.13072836 5.13329829 5.13586803 5.13843757 5.14100692
 5.14357608 5.14614504 5.14871381 5.15128239 5.15385077 5.15641896
 5.15898696 5.16155476 5.16412237 5.16668979 5.16925701 5.17182404
 5.17439088 5.17695753 5.17952398 5.18209024 5.1846563  5.18722218
 5.18978786 5.19235334 5.19491864 5.19748374 5.20004865 5.20261337
 5.2051779  5.20774223 5.21030637 5.21287032 5.21543408 5.21799764
 5.22056101 5.22312419 5.22568718 5.22824998 5.23081258 5.233375
 5.23593722 5.23849925 5.24106109 5.24362274 5.24618419 5.24874545
 5.25130653 5.25386741 5.2564281  5.2589886  5.2615489  5.26410902
 5.26666895 5.26922868 5.27178823 5.27434758 5.27690674 5.27946571
 5.28202449 5.28458308 5.28714148 5.28969969 5.29225771 5.29481553
 5.29737317 5.29993062 5.30248787 5.30504494 5.30760182 5.3101585
 5.312715   5.31527131 5.31782742 5.32038335 5.32293908 5.32549463
 5.32804999 5.33060515 5.33316013 5.33571492 5.33826952 5.34082393
 5.34337814 5.34593217 5.34848602 5.35103967 5.35359313 5.3561464
 5.35869949 5.36125238 5.36380509 5.3663576  5.36890993 5.37146207
 5.37401402 5.37656578 5.37911736 5.38166874 5.38421994 5.38677095
 5.38932176 5.3918724  5.39442284 5.39697309 5.39952316 5.40207303
 5.40462272 5.40717223 5.40972154 5.41227066 5.4148196  5.41736835
 5.41991691 5.42246529 5.42501347 5.42756147 5.43010928 5.43265691
 5.43520434 5.43775159 5.44029865 5.44284553 5.44539222 5.44793872
 5.45048503 5.45303115 5.45557709 5.45812284 5.46066841 5.46321378
 5.46575898 5.46830398 5.4708488  5.47339343 5.47593787 5.47848213
 5.4810262  5.48357008 5.48611378 5.48865729 5.49120062 5.49374376
 5.49628671 5.49882948 5.50137206 5.50391445 5.50645666 5.50899868
 5.51154052 5.51408217 5.51662364 5.51916492 5.52170601 5.52424692
 5.52678764 5.52932818 5.53186853 5.5344087  5.53694868 5.53948847
 5.54202808 5.54456751 5.54710675 5.5496458  5.55218468 5.55472336
 5.55726186 5.55980018 5.56233831 5.56487625 5.56741401 5.56995159
 5.57248898 5.57502619 5.57756321 5.58010005 5.5826367  5.58517317
 5.58770946 5.59024556 5.59278148 5.59531721 5.59785276 5.60038813
 5.60292331 5.6054583  5.60799312 5.61052775 5.61306219 5.61559645
 5.61813053 5.62066443 5.62319814 5.62573167 5.62826501 5.63079817
 5.63333115 5.63586394 5.63839655 5.64092898 5.64346123 5.64599329
 5.64852517 5.65105686 5.65358838 5.65611971 5.65865085 5.66118182
 5.6637126  5.6662432  5.66877362 5.67130385 5.6738339  5.67636377
 5.67889346 5.68142296 5.68395229 5.68648143 5.68901038 5.69153916
 5.69406775 5.69659617 5.6991244  5.70165244 5.70418031 5.70670799
 5.7092355  5.71176282 5.71428996 5.71681691 5.71934369 5.72187028
 5.7243967  5.72692293 5.72944898 5.73197485 5.73450054 5.73702604
 5.73955137 5.74207651 5.74460148 5.74712626 5.74965086 5.75217528
 5.75469952 5.75722358 5.75974746 5.76227116 5.76479468 5.76731802
 5.76984117 5.77236415 5.77488694 5.77740956 5.77993199 5.78245425
 5.78497632 5.78749822 5.79001993 5.79254147 5.79506282 5.797584
 5.80010499 5.80262581 5.80514644 5.8076669  5.81018717 5.81270727
 5.81522719 5.81774692 5.82026648 5.82278586 5.82530506 5.82782408
 5.83034292 5.83286158 5.83538006 5.83789837 5.84041649 5.84293443
 5.8454522  5.84796979 5.8504872  5.85300443 5.85552148 5.85803835
 5.86055504 5.86307156 5.8655879  5.86810405 5.87062003 5.87313584
 5.87565146 5.8781669  5.88068217 5.88319726 5.88571217 5.8882269
 5.89074146 5.89325583 5.89577003 5.89828405 5.9007979  5.90331156
 5.90582505 5.90833836 5.91085149 5.91336445 5.91587722 5.91838982
 5.92090225 5.92341449 5.92592656 5.92843845 5.93095017 5.9334617
 5.93597306 5.93848424 5.94099525 5.94350608 5.94601673 5.9485272
 5.9510375  5.95354762 5.95605757 5.95856734 5.96107693 5.96358634
 5.96609558 5.96860465 5.97111353 5.97362224 5.97613077 5.97863913
 5.98114731 5.98365532 5.98616315 5.9886708  5.99117828 5.99368558
 5.9961927  5.99869965 6.00120643 6.00371303 6.00621945 6.0087257
 6.01123177 6.01373766 6.01624338 6.01874893 6.0212543  6.02375949
 6.02626451 6.02876936 6.03127402 6.03377852 6.03628284 6.03878698
 6.04129095 6.04379475 6.04629836 6.04880181 6.05130508 6.05380817
 6.05631109 6.05881384 6.06131641 6.06381881 6.06632103 6.06882308
 6.07132495 6.07382665 6.07632818 6.07882953 6.08133071 6.08383171
 6.08633254 6.0888332  6.09133368 6.09383398 6.09633412 6.09883408
 6.10133386 6.10383348 6.10633292 6.10883218 6.11133127 6.11383019
 6.11632894 6.11882751 6.12132591 6.12382413 6.12632218 6.12882006
 6.13131777 6.1338153  6.13631266 6.13880985 6.14130686 6.1438037
 6.14630037 6.14879686 6.15129319 6.15378934 6.15628531 6.15878112
 6.16127675 6.16377221 6.1662675  6.16876261 6.17125756 6.17375233
 6.17624693 6.17874135 6.18123561 6.18372969 6.1862236  6.18871734
 6.1912109  6.1937043  6.19619752 6.19869057 6.20118345 6.20367616
 6.20616869 6.20866106 6.21115325 6.21364527 6.21613712 6.2186288
 6.22112031 6.22361165 6.22610281 6.2285938  6.23108463 6.23357528
 6.23606576 6.23855607 6.24104621 6.24353618 6.24602597 6.2485156
 6.25100505 6.25349434 6.25598345 6.2584724  6.26096117 6.26344977
 6.26593821 6.26842647 6.27091456 6.27340248 6.27589023 6.27837781
 6.28086523 6.28335247 6.28583954 6.28832644]
t =  [1.03753641e+09 1.03753642e+09 1.03753644e+09 1.03753646e+09
 1.03753648e+09 1.03753650e+09 1.03753652e+09 1.03753654e+09
 1.03753656e+09 1.03753658e+09 1.03753660e+09 1.03753662e+09
 1.03753664e+09 1.03753666e+09 1.03753668e+09 1.03753669e+09
 1.03753671e+09 1.03753673e+09 1.03753675e+09 1.03753677e+09
 1.03753679e+09 1.03753681e+09 1.03753683e+09 1.03753685e+09
 1.03753687e+09 1.03753689e+09 1.03753691e+09 1.03753693e+09
 1.03753695e+09 1.03753696e+09 1.03753698e+09 1.03753700e+09
 1.03753702e+09 1.03753704e+09 1.03753706e+09 1.03753708e+09
 1.03753710e+09 1.03753712e+09 1.03753714e+09 1.03753716e+09
 1.03753718e+09 1.03753720e+09 1.03753721e+09 1.03753723e+09
 1.03753725e+09 1.03753727e+09 1.03753729e+09 1.03753731e+09
 1.03753733e+09 1.03753735e+09 1.03753737e+09 1.03753739e+09
 1.03753741e+09 1.03753743e+09 1.03753745e+09 1.03753747e+09
 1.03753748e+09 1.03753750e+09 1.03753752e+09 1.03753754e+09
 1.03753756e+09 1.03753758e+09 1.03753760e+09 1.03753762e+09
 1.03753764e+09 1.03753766e+09 1.03753768e+09 1.03753770e+09
 1.03753772e+09 1.03753774e+09 1.03753775e+09 1.03753777e+09
 1.03753779e+09 1.03753781e+09 1.03753783e+09 1.03753785e+09
 1.03753787e+09 1.03753789e+09 1.03753791e+09 1.03753793e+09
 1.03753795e+09 1.03753797e+09 1.03753799e+09 1.03753801e+09
 1.03753802e+09 1.03753804e+09 1.03753806e+09 1.03753808e+09
 1.03753810e+09 1.03753812e+09 1.03753814e+09 1.03753816e+09
 1.03753818e+09 1.03753820e+09 1.03753822e+09 1.03753824e+09
 1.03753826e+09 1.03753828e+09 1.03753829e+09 1.03753831e+09
 1.03753833e+09 1.03753835e+09 1.03753837e+09 1.03753839e+09
 1.03753841e+09 1.03753843e+09 1.03753845e+09 1.03753847e+09
 1.03753849e+09 1.03753851e+09 1.03753853e+09 1.03753855e+09
 1.03753856e+09 1.03753858e+09 1.03753860e+09 1.03753862e+09
 1.03753864e+09 1.03753866e+09 1.03753868e+09 1.03753870e+09
 1.03753872e+09 1.03753874e+09 1.03753876e+09 1.03753878e+09
 1.03753880e+09 1.03753882e+09 1.03753883e+09 1.03753885e+09
 1.03753887e+09 1.03753889e+09 1.03753891e+09 1.03753893e+09
 1.03753895e+09 1.03753897e+09 1.03753899e+09 1.03753901e+09
 1.03753903e+09 1.03753905e+09 1.03753907e+09 1.03753909e+09
 1.03753910e+09 1.03753912e+09 1.03753914e+09 1.03753916e+09
 1.03753918e+09 1.03753920e+09 1.03753922e+09 1.03753924e+09
 1.03753926e+09 1.03753928e+09 1.03753930e+09 1.03753932e+09
 1.03753934e+09 1.03753935e+09 1.03753937e+09 1.03753939e+09
 1.03753941e+09 1.03753943e+09 1.03753945e+09 1.03753947e+09
 1.03753949e+09 1.03753951e+09 1.03753953e+09 1.03753955e+09
 1.03753957e+09 1.03753959e+09 1.03753961e+09 1.03753962e+09
 1.03753964e+09 1.03753966e+09 1.03753968e+09 1.03753970e+09
 1.03753972e+09 1.03753974e+09 1.03753976e+09 1.03753978e+09
 1.03753980e+09 1.03753982e+09 1.03753984e+09 1.03753986e+09
 1.03753988e+09 1.03753989e+09 1.03753991e+09 1.03753993e+09
 1.03753995e+09 1.03753997e+09 1.03753999e+09 1.03754001e+09
 1.03754003e+09 1.03754005e+09 1.03754007e+09 1.03754009e+09
 1.03754011e+09 1.03754013e+09 1.03754015e+09 1.03754016e+09
 1.03754018e+09 1.03754020e+09 1.03754022e+09 1.03754024e+09
 1.03754026e+09 1.03754028e+09 1.03754030e+09 1.03754032e+09
 1.03754034e+09 1.03754036e+09 1.03754038e+09 1.03754040e+09
 1.03754042e+09 1.03754043e+09 1.03754045e+09 1.03754047e+09
 1.03754049e+09 1.03754051e+09 1.03754053e+09 1.03754055e+09
 1.03754057e+09 1.03754059e+09 1.03754061e+09 1.03754063e+09
 1.03754065e+09 1.03754067e+09 1.03754069e+09 1.03754070e+09
 1.03754072e+09 1.03754074e+09 1.03754076e+09 1.03754078e+09
 1.03754080e+09 1.03754082e+09 1.03754084e+09 1.03754086e+09
 1.03754088e+09 1.03754090e+09 1.03754092e+09 1.03754094e+09
 1.03754096e+09 1.03754097e+09 1.03754099e+09 1.03754101e+09
 1.03754103e+09 1.03754105e+09 1.03754107e+09 1.03754109e+09
 1.03754111e+09 1.03754113e+09 1.03754115e+09 1.03754117e+09
 1.03754119e+09 1.03754121e+09 1.03754123e+09 1.03754124e+09
 1.03754126e+09 1.03754128e+09 1.03754130e+09 1.03754132e+09
 1.03754134e+09 1.03754136e+09 1.03754138e+09 1.03754140e+09
 1.03754142e+09 1.03754144e+09 1.03754146e+09 1.03754148e+09
 1.03754149e+09 1.03754151e+09 1.03754153e+09 1.03754155e+09
 1.03754157e+09 1.03754159e+09 1.03754161e+09 1.03754163e+09
 1.03754165e+09 1.03754167e+09 1.03754169e+09 1.03754171e+09
 1.03754173e+09 1.03754175e+09 1.03754176e+09 1.03754178e+09
 1.03754180e+09 1.03754182e+09 1.03754184e+09 1.03754186e+09
 1.03754188e+09 1.03754190e+09 1.03754192e+09 1.03754194e+09
 1.03754196e+09 1.03754198e+09 1.03754200e+09 1.03754202e+09
 1.03754203e+09 1.03754205e+09 1.03754207e+09 1.03754209e+09
 1.03754211e+09 1.03754213e+09 1.03754215e+09 1.03754217e+09
 1.03754219e+09 1.03754221e+09 1.03754223e+09 1.03754225e+09
 1.03754227e+09 1.03754229e+09 1.03754230e+09 1.03754232e+09
 1.03754234e+09 1.03754236e+09 1.03754238e+09 1.03754240e+09
 1.03754242e+09 1.03754244e+09 1.03754246e+09 1.03754248e+09
 1.03754250e+09 1.03754252e+09 1.03754254e+09 1.03754256e+09
 1.03754257e+09 1.03754259e+09 1.03754261e+09 1.03754263e+09
 1.03754265e+09 1.03754267e+09 1.03754269e+09 1.03754271e+09
 1.03754273e+09 1.03754275e+09 1.03754277e+09 1.03754279e+09
 1.03754281e+09 1.03754283e+09 1.03754284e+09 1.03754286e+09
 1.03754288e+09 1.03754290e+09 1.03754292e+09 1.03754294e+09
 1.03754296e+09 1.03754298e+09 1.03754300e+09 1.03754302e+09
 1.03754304e+09 1.03754306e+09 1.03754308e+09 1.03754310e+09
 1.03754311e+09 1.03754313e+09 1.03754315e+09 1.03754317e+09
 1.03754319e+09 1.03754321e+09 1.03754323e+09 1.03754325e+09
 1.03754327e+09 1.03754329e+09 1.03754331e+09 1.03754333e+09
 1.03754335e+09 1.03754337e+09 1.03754338e+09 1.03754340e+09
 1.03754342e+09 1.03754344e+09 1.03754346e+09 1.03754348e+09
 1.03754350e+09 1.03754352e+09 1.03754354e+09 1.03754356e+09
 1.03754358e+09 1.03754360e+09 1.03754362e+09 1.03754363e+09
 1.03754365e+09 1.03754367e+09 1.03754369e+09 1.03754371e+09
 1.03754373e+09 1.03754375e+09 1.03754377e+09 1.03754379e+09
 1.03754381e+09 1.03754383e+09 1.03754385e+09 1.03754387e+09
 1.03754389e+09 1.03754390e+09 1.03754392e+09 1.03754394e+09
 1.03754396e+09 1.03754398e+09 1.03754400e+09 1.03754402e+09
 1.03754404e+09 1.03754406e+09 1.03754408e+09 1.03754410e+09
 1.03754412e+09 1.03754414e+09 1.03754416e+09 1.03754417e+09
 1.03754419e+09 1.03754421e+09 1.03754423e+09 1.03754425e+09
 1.03754427e+09 1.03754429e+09 1.03754431e+09 1.03754433e+09
 1.03754435e+09 1.03754437e+09 1.03754439e+09 1.03754441e+09
 1.03754443e+09 1.03754444e+09 1.03754446e+09 1.03754448e+09
 1.03754450e+09 1.03754452e+09 1.03754454e+09 1.03754456e+09
 1.03754458e+09 1.03754460e+09 1.03754462e+09 1.03754464e+09
 1.03754466e+09 1.03754468e+09 1.03754470e+09 1.03754471e+09
 1.03754473e+09 1.03754475e+09 1.03754477e+09 1.03754479e+09
 1.03754481e+09 1.03754483e+09 1.03754485e+09 1.03754487e+09
 1.03754489e+09 1.03754491e+09 1.03754493e+09 1.03754495e+09
 1.03754497e+09 1.03754498e+09 1.03754500e+09 1.03754502e+09
 1.03754504e+09 1.03754506e+09 1.03754508e+09 1.03754510e+09
 1.03754512e+09 1.03754514e+09 1.03754516e+09 1.03754518e+09
 1.03754520e+09 1.03754522e+09 1.03754524e+09 1.03754525e+09
 1.03754527e+09 1.03754529e+09 1.03754531e+09 1.03754533e+09
 1.03754535e+09 1.03754537e+09 1.03754539e+09 1.03754541e+09
 1.03754543e+09 1.03754545e+09 1.03754547e+09 1.03754549e+09
 1.03754551e+09 1.03754552e+09 1.03754554e+09 1.03754556e+09
 1.03754558e+09 1.03754560e+09 1.03754562e+09 1.03754564e+09
 1.03754566e+09 1.03754568e+09 1.03754570e+09 1.03754572e+09
 1.03754574e+09 1.03754576e+09 1.03754577e+09 1.03754579e+09
 1.03754581e+09 1.03754583e+09 1.03754585e+09 1.03754587e+09
 1.03754589e+09 1.03754591e+09 1.03754593e+09 1.03754595e+09
 1.03754597e+09 1.03754599e+09 1.03754601e+09 1.03754603e+09
 1.03754604e+09 1.03754606e+09 1.03754608e+09 1.03754610e+09
 1.03754612e+09 1.03754614e+09 1.03754616e+09 1.03754618e+09
 1.03754620e+09 1.03754622e+09 1.03754624e+09 1.03754626e+09
 1.03754628e+09 1.03754630e+09 1.03754631e+09 1.03754633e+09
 1.03754635e+09 1.03754637e+09 1.03754639e+09 1.03754641e+09
 1.03754643e+09 1.03754645e+09 1.03754647e+09 1.03754649e+09
 1.03754651e+09 1.03754653e+09 1.03754655e+09 1.03754657e+09
 1.03754658e+09 1.03754660e+09 1.03754662e+09 1.03754664e+09
 1.03754666e+09 1.03754668e+09 1.03754670e+09 1.03754672e+09
 1.03754674e+09 1.03754676e+09 1.03754678e+09 1.03754680e+09
 1.03754682e+09 1.03754684e+09 1.03754685e+09 1.03754687e+09
 1.03754689e+09 1.03754691e+09 1.03754693e+09 1.03754695e+09
 1.03754697e+09 1.03754699e+09 1.03754701e+09 1.03754703e+09
 1.03754705e+09 1.03754707e+09 1.03754709e+09 1.03754711e+09
 1.03754712e+09 1.03754714e+09 1.03754716e+09 1.03754718e+09
 1.03754720e+09 1.03754722e+09 1.03754724e+09 1.03754726e+09
 1.03754728e+09 1.03754730e+09 1.03754732e+09 1.03754734e+09
 1.03754736e+09 1.03754738e+09 1.03754739e+09 1.03754741e+09
 1.03754743e+09 1.03754745e+09 1.03754747e+09 1.03754749e+09
 1.03754751e+09 1.03754753e+09 1.03754755e+09 1.03754757e+09
 1.03754759e+09 1.03754761e+09 1.03754763e+09 1.03754765e+09
 1.03754766e+09 1.03754768e+09 1.03754770e+09 1.03754772e+09
 1.03754774e+09 1.03754776e+09 1.03754778e+09 1.03754780e+09
 1.03754782e+09 1.03754784e+09 1.03754786e+09 1.03754788e+09
 1.03754790e+09 1.03754791e+09 1.03754793e+09 1.03754795e+09
 1.03754797e+09 1.03754799e+09 1.03754801e+09 1.03754803e+09
 1.03754805e+09 1.03754807e+09 1.03754809e+09 1.03754811e+09
 1.03754813e+09 1.03754815e+09 1.03754817e+09 1.03754818e+09
 1.03754820e+09 1.03754822e+09 1.03754824e+09 1.03754826e+09
 1.03754828e+09 1.03754830e+09 1.03754832e+09 1.03754834e+09
 1.03754836e+09 1.03754838e+09 1.03754840e+09 1.03754842e+09
 1.03754844e+09 1.03754845e+09 1.03754847e+09 1.03754849e+09
 1.03754851e+09 1.03754853e+09 1.03754855e+09 1.03754857e+09
 1.03754859e+09 1.03754861e+09 1.03754863e+09 1.03754865e+09
 1.03754867e+09 1.03754869e+09 1.03754871e+09 1.03754872e+09
 1.03754874e+09 1.03754876e+09 1.03754878e+09 1.03754880e+09
 1.03754882e+09 1.03754884e+09 1.03754886e+09 1.03754888e+09
 1.03754890e+09 1.03754892e+09 1.03754894e+09 1.03754896e+09
 1.03754898e+09 1.03754899e+09 1.03754901e+09 1.03754903e+09
 1.03754905e+09 1.03754907e+09 1.03754909e+09 1.03754911e+09
 1.03754913e+09 1.03754915e+09 1.03754917e+09 1.03754919e+09
 1.03754921e+09 1.03754923e+09 1.03754925e+09 1.03754926e+09
 1.03754928e+09 1.03754930e+09 1.03754932e+09 1.03754934e+09
 1.03754936e+09 1.03754938e+09 1.03754940e+09 1.03754942e+09
 1.03754944e+09 1.03754946e+09 1.03754948e+09 1.03754950e+09
 1.03754952e+09 1.03754953e+09 1.03754955e+09 1.03754957e+09
 1.03754959e+09 1.03754961e+09 1.03754963e+09 1.03754965e+09
 1.03754967e+09 1.03754969e+09 1.03754971e+09 1.03754973e+09
 1.03754975e+09 1.03754977e+09 1.03754979e+09 1.03754980e+09
 1.03754982e+09 1.03754984e+09 1.03754986e+09 1.03754988e+09
 1.03754990e+09 1.03754992e+09 1.03754994e+09 1.03754996e+09
 1.03754998e+09 1.03755000e+09 1.03755002e+09 1.03755004e+09
 1.03755005e+09 1.03755007e+09 1.03755009e+09 1.03755011e+09
 1.03755013e+09 1.03755015e+09 1.03755017e+09 1.03755019e+09
 1.03755021e+09 1.03755023e+09 1.03755025e+09 1.03755027e+09
 1.03755029e+09 1.03755031e+09 1.03755032e+09 1.03755034e+09
 1.03755036e+09 1.03755038e+09 1.03755040e+09 1.03755042e+09
 1.03755044e+09 1.03755046e+09 1.03755048e+09 1.03755050e+09
 1.03755052e+09 1.03755054e+09 1.03755056e+09 1.03755058e+09
 1.03755059e+09 1.03755061e+09 1.03755063e+09 1.03755065e+09
 1.03755067e+09 1.03755069e+09 1.03755071e+09 1.03755073e+09
 1.03755075e+09 1.03755077e+09 1.03755079e+09 1.03755081e+09
 1.03755083e+09 1.03755085e+09 1.03755086e+09 1.03755088e+09
 1.03755090e+09 1.03755092e+09 1.03755094e+09 1.03755096e+09
 1.03755098e+09 1.03755100e+09 1.03755102e+09 1.03755104e+09
 1.03755106e+09 1.03755108e+09 1.03755110e+09 1.03755112e+09
 1.03755113e+09 1.03755115e+09 1.03755117e+09 1.03755119e+09
 1.03755121e+09 1.03755123e+09 1.03755125e+09 1.03755127e+09
 1.03755129e+09 1.03755131e+09 1.03755133e+09 1.03755135e+09
 1.03755137e+09 1.03755139e+09 1.03755140e+09 1.03755142e+09
 1.03755144e+09 1.03755146e+09 1.03755148e+09 1.03755150e+09
 1.03755152e+09 1.03755154e+09 1.03755156e+09 1.03755158e+09
 1.03755160e+09 1.03755162e+09 1.03755164e+09 1.03755166e+09
 1.03755167e+09 1.03755169e+09 1.03755171e+09 1.03755173e+09
 1.03755175e+09 1.03755177e+09 1.03755179e+09 1.03755181e+09
 1.03755183e+09 1.03755185e+09 1.03755187e+09 1.03755189e+09
 1.03755191e+09 1.03755193e+09 1.03755194e+09 1.03755196e+09
 1.03755198e+09 1.03755200e+09 1.03755202e+09 1.03755204e+09
 1.03755206e+09 1.03755208e+09 1.03755210e+09 1.03755212e+09
 1.03755214e+09 1.03755216e+09 1.03755218e+09 1.03755219e+09
 1.03755221e+09 1.03755223e+09 1.03755225e+09 1.03755227e+09
 1.03755229e+09 1.03755231e+09 1.03755233e+09 1.03755235e+09
 1.03755237e+09 1.03755239e+09 1.03755241e+09 1.03755243e+09
 1.03755245e+09 1.03755246e+09 1.03755248e+09 1.03755250e+09
 1.03755252e+09 1.03755254e+09 1.03755256e+09 1.03755258e+09
 1.03755260e+09 1.03755262e+09 1.03755264e+09 1.03755266e+09
 1.03755268e+09 1.03755270e+09 1.03755272e+09 1.03755273e+09
 1.03755275e+09 1.03755277e+09 1.03755279e+09 1.03755281e+09
 1.03755283e+09 1.03755285e+09 1.03755287e+09 1.03755289e+09
 1.03755291e+09 1.03755293e+09 1.03755295e+09 1.03755297e+09
 1.03755299e+09 1.03755300e+09 1.03755302e+09 1.03755304e+09
 1.03755306e+09 1.03755308e+09 1.03755310e+09 1.03755312e+09
 1.03755314e+09 1.03755316e+09 1.03755318e+09 1.03755320e+09
 1.03755322e+09 1.03755324e+09 1.03755326e+09 1.03755327e+09
 1.03755329e+09 1.03755331e+09 1.03755333e+09 1.03755335e+09
 1.03755337e+09 1.03755339e+09 1.03755341e+09 1.03755343e+09
 1.03755345e+09 1.03755347e+09 1.03755349e+09 1.03755351e+09
 1.03755353e+09 1.03755354e+09 1.03755356e+09 1.03755358e+09
 1.03755360e+09 1.03755362e+09 1.03755364e+09 1.03755366e+09
 1.03755368e+09 1.03755370e+09 1.03755372e+09 1.03755374e+09
 1.03755376e+09 1.03755378e+09 1.03755380e+09 1.03755381e+09
 1.03755383e+09 1.03755385e+09 1.03755387e+09 1.03755389e+09
 1.03755391e+09 1.03755393e+09 1.03755395e+09 1.03755397e+09
 1.03755399e+09 1.03755401e+09 1.03755403e+09 1.03755405e+09
 1.03755407e+09 1.03755408e+09 1.03755410e+09 1.03755412e+09
 1.03755414e+09 1.03755416e+09 1.03755418e+09 1.03755420e+09
 1.03755422e+09 1.03755424e+09 1.03755426e+09 1.03755428e+09
 1.03755430e+09 1.03755432e+09 1.03755433e+09 1.03755435e+09
 1.03755437e+09 1.03755439e+09 1.03755441e+09 1.03755443e+09
 1.03755445e+09 1.03755447e+09 1.03755449e+09 1.03755451e+09
 1.03755453e+09 1.03755455e+09 1.03755457e+09 1.03755459e+09
 1.03755460e+09 1.03755462e+09 1.03755464e+09 1.03755466e+09
 1.03755468e+09 1.03755470e+09 1.03755472e+09 1.03755474e+09
 1.03755476e+09 1.03755478e+09 1.03755480e+09 1.03755482e+09
 1.03755484e+09 1.03755486e+09 1.03755487e+09 1.03755489e+09
 1.03755491e+09 1.03755493e+09 1.03755495e+09 1.03755497e+09
 1.03755499e+09 1.03755501e+09 1.03755503e+09 1.03755505e+09
 1.03755507e+09 1.03755509e+09 1.03755511e+09 1.03755513e+09
 1.03755514e+09 1.03755516e+09 1.03755518e+09 1.03755520e+09
 1.03755522e+09 1.03755524e+09 1.03755526e+09 1.03755528e+09
 1.03755530e+09 1.03755532e+09 1.03755534e+09 1.03755536e+09
 1.03755538e+09 1.03755540e+09 1.03755541e+09 1.03755543e+09
 1.03755545e+09 1.03755547e+09 1.03755549e+09 1.03755551e+09
 1.03755553e+09 1.03755555e+09 1.03755557e+09 1.03755559e+09
 1.03755561e+09 1.03755563e+09 1.03755565e+09 1.03755567e+09]
minRes = 3.7105284066097552
minResTime =  [1.03753641e+09]
