name =JUICE_ROI_CAL_5_0_03
flyby =  ['2032 DEC 27 21:06:34', '2032 DEC 28 21:06:34']
Observation TW =  <SpiceCell dtype = 1, length = 0, size = 2400, card = 4, is_set = 1, adjust = 0, init = 1, base = 1356594612432, data = 1356594612480>
Res(t) =  [3.45378568 3.4502836  3.44678172 3.44328004 3.43977856 3.43627728
 3.43277619 3.4292753  3.42577461 3.42227412 3.41877382 3.41527372
 3.41177381 3.40827411 3.4047746  3.40127528 3.39777616 3.39427724
 3.39077851 3.38727998 3.38378165 3.38028351 3.37678556 3.37328781
 3.36979026 3.3662929  3.36279574 3.35929877 3.35580199 3.35230541
 3.34880902 3.34531283 3.34181683 3.33832103 3.33482542 3.33133
 3.32783477 3.32433974 3.32084491 3.31735026 3.31385581 3.31036155
 3.30686748 3.30337361 3.29987993 3.29638643 3.29289314 3.28940003
 3.28590712 3.28241439 3.27892186 3.27542952 3.27193737 3.26844541
 3.26495365 3.26146207 3.25797068 3.25447949 3.25098848 3.24749767
 3.24400704 3.24051661 3.23702636 3.23353631 3.23004644 3.22655676
 3.22306728 3.21957798 3.21608887 3.21259995 3.20911121 3.20562267
 3.20213431 3.19864615 3.19515817 3.19167038 3.18818277 3.18469536
 3.18120813 3.17772109 3.17423423 3.17074757 3.16726109 3.16377479
 3.16028869 3.15680277 3.15331703 3.14983148 3.14634612 3.14286095
 3.13937596 3.13589115 3.13240654 3.1289221  3.12543786 3.12195379
 3.11846992 3.11498622 3.11150271 3.10801939 3.10453625 3.1010533
 3.09757052 3.09408794 3.09060553 3.08712332 3.08364128 3.08015943
 3.07667776 3.07319627 3.06971497 3.06623385 3.06275291 3.05927215
 3.05579158 3.05231119 3.04883098 3.04535096 3.04187111 3.03839145
 3.03491197 3.03143267 3.02795355 3.02447461 3.02099586 3.01751728
 3.01403889 3.01056067 3.00708264 3.00360478 3.00012711 2.99664962
 2.9931723  2.98969517 2.98621821 2.98274144 2.97926484 2.97578843
 2.97231219 2.96883613 2.96536025 2.96188455 2.95840902 2.95493368
 2.95145851 2.94798352 2.94450871 2.94103408 2.93755962 2.93408534
 2.93061124 2.92713732 2.92366357 2.92019    2.91671661 2.91324339
 2.90977035 2.90629749 2.9028248  2.89935229 2.89587995 2.89240779
 2.8889358  2.885464   2.88199236 2.8785209  2.87504962 2.87157851
 2.86810757 2.86463681 2.86116623 2.85769582 2.85422558 2.85075551
 2.84728562 2.84381591 2.84034637 2.836877   2.8334078  2.82993878
 2.82646993 2.82300125 2.81953275 2.81606441 2.81259626 2.80912827
 2.80566045 2.80219281 2.79872534 2.79525804 2.79179091 2.78832395
 2.78485717 2.78139055 2.77792411 2.77445784 2.77099173 2.7675258
 2.76406004 2.76059445 2.75712903 2.75366378 2.7501987  2.74673378
 2.74326904 2.73980447 2.73634007 2.73287583 2.72941177 2.72594787
 2.72248414 2.71902058 2.71555719 2.71209396 2.70863091 2.70516802
 2.7017053  2.69824275 2.69478036 2.69131815 2.6878561  2.68439421
 2.6809325  2.67747095 2.67400956 2.67054835 2.6670873  2.66362641
 2.66016569 2.65670514 2.65324475 2.64978453 2.64632448 2.64286458
 2.63940486 2.6359453  2.6324859  2.62902667 2.6255676  2.6221087
 2.61864996 2.61519139 2.61173298 2.60827473 2.60481665 2.60135873
 2.59790097 2.59444338 2.59098595 2.58752869 2.58407158 2.58061464
 2.57715786 2.57370124 2.57024479 2.5667885  2.56333237 2.5598764
 2.55642059 2.55296494 2.54950946 2.54605414 2.54259897 2.53914397
 2.53568913 2.53223445 2.52877993 2.52532557 2.52187137 2.51841733
 2.51496345 2.51150973 2.50805617 2.50460277 2.50114953 2.49769644
 2.49424352 2.49079075 2.48733815 2.4838857  2.48043341 2.47698128
 2.4735293  2.47007749 2.46662583 2.46317433 2.45972298 2.4562718
 2.45282077 2.4493699  2.44591918 2.44246862 2.43901822 2.43556798
 2.43211789 2.42866795 2.42521818 2.42176856 2.41831909 2.41486978
 2.41142062 2.40797163 2.40452278 2.40107409 2.39762556 2.39417718
 2.39072895 2.38728088 2.38383296 2.3803852  2.37693759 2.37349013
 2.37004283 2.36659568 2.36314868 2.35970184 2.35625515 2.35280861
 2.34936223 2.345916   2.34246992 2.33902399 2.33557822 2.33213259
 2.32868712 2.3252418  2.32179663 2.31835162 2.31490675 2.31146203
 2.30801747 2.30457306 2.30112879 2.29768468 2.29424072 2.29079691
 2.28735324 2.28390973 2.28046637 2.27702316 2.27358009 2.27013718
 2.26669441 2.26325179 2.25980933 2.25636701 2.25292483 2.24948281
 2.24604094 2.24259921 2.23915763 2.2357162  2.23227492 2.22883378
 2.22539279 2.22195195 2.21851125 2.21507071 2.2116303  2.20819005
 2.20474994 2.20130998 2.19787016 2.19443049 2.19099096 2.18755158
 2.18411235 2.18067326 2.17723432 2.17379552 2.17035686 2.16691835
 2.16347999 2.16004177 2.15660369 2.15316576 2.14972797 2.14629032
 2.14285282 2.13941547 2.13597825 2.13254118 2.12910425 2.12566746
 2.12223082 2.11879432 2.11535796 2.11192175 2.10848567 2.10504974
 2.10161395 2.0981783  2.09474279 2.09130743 2.0878722  2.08443712
 2.08100217 2.07756737 2.07413271 2.07069819 2.0672638  2.06382956
 2.06039546 2.0569615  2.05352768 2.05009399 2.04666045 2.04322704
 2.03979378 2.03636065 2.03292766 2.02949481 2.0260621  2.02262953
 2.01919709 2.0157648  2.01233264 2.00890061 2.00546873 2.00203698
 1.99860537 1.9951739  1.99174256 1.98831136 1.9848803  1.98144937
 1.97801858 1.97458793 1.97115741 1.96772703 1.96429678 1.96086667
 1.95743669 1.95400685 1.95057714 1.94714757 1.94371813 1.94028883
 1.93685966 1.93343063 1.93000173 1.92657296 1.92314433 1.91971583
 1.91628746 1.91285923 1.90943113 1.90600316 1.90257533 1.89914763
 1.89572006 1.89229262 1.88886532 1.88543815 1.88201111 1.8785842
 1.87515742 1.87173077 1.86830426 1.86487788 1.86145162 1.8580255
 1.85459951 1.85117365 1.84774792 1.84432232 1.84089685 1.83747151
 1.8340463  1.83062121 1.82719626 1.82377144 1.82034674 1.81692218
 1.81349774 1.81007343 1.80664926 1.8032252  1.79980128 1.79637749
 1.79295382 1.78953028 1.78610687 1.78268358 1.77926042 1.77583739
 1.77241449 1.76899171 1.76556906 1.76214653 1.75872414 1.75530186
 1.75187972 1.7484577  1.7450358  1.74161403 1.73819239 1.73477087
 1.73134947 1.7279282  1.72450706 1.72108604 1.71766514 1.71424437
 1.71082372 1.7074032  1.7039828  1.70056252 1.69714237 1.69372234
 1.69030243 1.68688265 1.68346299 1.68004345 1.67662403 1.67320474
 1.66978557 1.66636652 1.66294759 1.65952878 1.6561101  1.65269153
 1.64927309 1.64585477 1.64243657 1.63901849 1.63560053 1.63218269
 1.62876497 1.62534737 1.6219299  1.61851254 1.6150953  1.61167818
 1.60826118 1.6048443  1.60142754 1.59801089 1.59459437 1.59117796
 1.58776167 1.5843455  1.58092945 1.57751352 1.5740977  1.57068201
 1.56726642 1.56385096 1.56043561 1.55702039 1.55360527 1.55019028
 1.5467754  1.54336063 1.53994599 1.53653146 1.53311704 1.52970274
 1.52628856 1.52287449 1.51946054 1.5160467  1.51263298 1.50921937
 1.50580588 1.5023925  1.49897923 1.49556608 1.49215305 1.48874012
 1.48532731 1.48191462 1.47850204 1.47508957 1.47167721 1.46826497
 1.46485284 1.46144082 1.45802892 1.45461713 1.45120545 1.44779388
 1.44438242 1.44097108 1.43755985 1.43414872 1.43073771 1.42732681
 1.42391603 1.42050535 1.41709478 1.41368433 1.41027398 1.40686374
 1.40345362 1.4000436  1.3966337  1.3932239  1.38981422 1.38640464
 1.38299517 1.37958581 1.37617656 1.37276742 1.36935838 1.36594946
 1.36254064 1.35913194 1.35572333 1.35231484 1.34890646 1.34549818
 1.34209001 1.33868195 1.33527399 1.33186614 1.3284584  1.32505077
 1.32164324 1.31823582 1.3148285  1.31142129 1.30801419 1.30460719
 1.3012003  1.29779351 1.29438683 1.29098025 1.28757378 1.28416741
 1.28076115 1.27735499 1.27394894 1.27054299 1.26713715 1.26373141
 1.26032577 1.25692024 1.25351482 1.25010949 1.24670427 1.24329915
 1.23989414 1.23648923 1.23308442 1.22967971 1.22627511 1.22287061
 1.21946621 1.21606191 1.21265772 1.20925363 1.20584964 1.20244575
 1.19904196 1.19563828 1.1922347  1.18883121 1.18542783 1.18202455
 1.17862137 1.17521829 1.17181532 1.16841244 1.16500966 1.16160698
 1.15820441 1.15480193 1.15139955 1.14799728 1.1445951  1.14119302
 1.13779104 1.13438917 1.13098739 1.12758571 1.12418412 1.12078264
 1.11738126 1.11397997 1.11057879 1.1071777  1.10377671 1.10037582
 1.09697503 1.09357433 1.09017374 1.08677324 1.08337284 1.07997254
 1.07657233 1.07317223 1.06977222 1.0663723  1.06297249 1.05957277
 1.05617315 1.05277363 1.0493742  1.04597487 1.04257564 1.0391765
 1.03577746 1.03237852 1.02897968 1.02558093 1.02218228 1.01878372
 1.01538526 1.0119869  1.00858863 1.00519046 1.00179239 0.99839441
 0.99499652 0.99159874 0.98820105 0.98480345 0.98140596 0.97800855
 0.97461125 0.97121404 0.96781692 0.96441991 0.96102298 0.95762616
 0.95422943 0.95083279 0.94743625 0.94403981 0.94064346 0.93724721
 0.93385105 0.93045499 0.92705903 0.92366316 0.92026739 0.91687171
 0.91347613 0.91008065 0.90668526 0.90328997 0.89989477 0.89649967
 0.89310467 0.88970976 0.88631495 0.88292024 0.87952562 0.8761311
 0.87273668 0.86934235 0.86594812 0.86255399 0.85915995 0.85576601
 0.85237217 0.84897843 0.84558479 0.84219124 0.83879779 0.83540444
 0.83201119 0.82861803 0.82522498 0.82183202 0.81843917 0.81504641
 0.81165375 0.8082612  0.80486874 0.80147638 0.79808412 0.79469197
 0.79129991 0.78790796 0.78451611 0.78112436 0.77773271 0.77434117
 0.77094973 0.76755839 0.76416716 0.76077603 0.757385   0.75399408
 0.75060326 0.74721255 0.74382195 0.74043145 0.73704106 0.73365078
 0.73026061 0.72687054 0.72348058 0.72009074 0.716701   0.71331137
 0.70992186 0.70653246 0.70314317 0.69975399 0.69636493 0.69297598
 0.68958715 0.68619843 0.68280983 0.67942135 0.67603299 0.67264475
 0.66925662 0.66586862 0.66248074 0.65909298 0.65570535 0.65231784
 0.64893046 0.64554321 0.64215608 0.63876908 0.63538222 0.63199548
 0.62860888 0.62522241 0.62183608 0.61844988 0.61506382 0.6116779
 0.60829213 0.60490649 0.601521   0.59813566 0.59475046 0.59136541
 0.58798052 0.58459577 0.58121118 0.57782675 0.57444248 0.57105836
 0.56767441 0.56429062 0.56090701 0.55752356 0.55414028 0.55075717
 0.54737425 0.5439915  0.54060893 0.53722655 0.53512915 0.53174786
 0.52836679 0.52498592 0.52160527 0.51822483 0.51484461 0.51146461
 0.50808484 0.50470531 0.50132601 0.49794695 0.49456813 0.49118957
 0.48781126 0.4844332  0.48105542 0.4776779  0.47430066 0.47092369
 0.46754702 0.46417064 0.46079455 0.45741877 0.45404331 0.45066816
 0.44729334 0.44391885 0.4405447  0.43717091 0.43379747 0.4304244
 0.4270517  0.42367938 0.42030746 0.41693595 0.41356485 0.41019417
 0.40682393 0.40345414 0.4000848  0.39671594 0.39334756 0.38997968
 0.38661231 0.38324547 0.37987917 0.37651343 0.37314826 0.36978368
 0.36641971 0.36305637 0.35969367 0.35633164 0.35297029 0.34960966
 0.34624975 0.3428906  0.33953224 0.33617467 0.33281795 0.32946208
 0.3261071  0.32275305 0.31939996 0.31604785 0.31269677 0.30934675
 0.30599783 0.30265006 0.29930347 0.29595812 0.29261404 0.2892713
 0.28592994 0.28259002 0.2792516  0.27591474 0.2725795  0.26924596
 0.26591419 0.26258426 0.25925626 0.25593027 0.25260639 0.2492847
 0.24596532 0.24264835 0.23933391 0.23602212 0.23271311 0.22940703
 0.22610401 0.22280422 0.21950783 0.21621501 0.21292597 0.20964091
 0.20636005 0.20308363 0.19981191 0.19654517 0.19328369 0.19002781
 0.18677786 0.18353423 0.18029731 0.17706756 0.17384545 0.1706315
 0.16742627 0.1642304  0.16104455 0.15786947 0.15470598 0.15155498
 0.14841746 0.14529451 0.14218736 0.13909734 0.13602597 0.13297493
 0.12994609 0.12694157 0.12396376 0.12101535 0.11809942 0.11521945
 0.11237944 0.10958402 0.10683848 0.10414904 0.10152291 0.09896861
 0.09649622 0.09411777 0.09184774 0.08970373 0.08770735 0.08588548
 0.08427199 0.08291029 0.08185711 0.08118829 0.08100814 0.08146522
 0.08278067 0.08530307 0.08962546 0.09687091]
t =  [1.04106646e+09 1.04106651e+09 1.04106655e+09 1.04106659e+09
 1.04106663e+09 1.04106668e+09 1.04106672e+09 1.04106676e+09
 1.04106680e+09 1.04106685e+09 1.04106689e+09 1.04106693e+09
 1.04106697e+09 1.04106702e+09 1.04106706e+09 1.04106710e+09
 1.04106714e+09 1.04106719e+09 1.04106723e+09 1.04106727e+09
 1.04106731e+09 1.04106736e+09 1.04106740e+09 1.04106744e+09
 1.04106748e+09 1.04106753e+09 1.04106757e+09 1.04106761e+09
 1.04106765e+09 1.04106770e+09 1.04106774e+09 1.04106778e+09
 1.04106783e+09 1.04106787e+09 1.04106791e+09 1.04106795e+09
 1.04106800e+09 1.04106804e+09 1.04106808e+09 1.04106812e+09
 1.04106817e+09 1.04106821e+09 1.04106825e+09 1.04106829e+09
 1.04106834e+09 1.04106838e+09 1.04106842e+09 1.04106846e+09
 1.04106851e+09 1.04106855e+09 1.04106859e+09 1.04106863e+09
 1.04106868e+09 1.04106872e+09 1.04106876e+09 1.04106880e+09
 1.04106885e+09 1.04106889e+09 1.04106893e+09 1.04106897e+09
 1.04106902e+09 1.04106906e+09 1.04106910e+09 1.04106914e+09
 1.04106919e+09 1.04106923e+09 1.04106927e+09 1.04106931e+09
 1.04106936e+09 1.04106940e+09 1.04106944e+09 1.04106949e+09
 1.04106953e+09 1.04106957e+09 1.04106961e+09 1.04106966e+09
 1.04106970e+09 1.04106974e+09 1.04106978e+09 1.04106983e+09
 1.04106987e+09 1.04106991e+09 1.04106995e+09 1.04107000e+09
 1.04107004e+09 1.04107008e+09 1.04107012e+09 1.04107017e+09
 1.04107021e+09 1.04107025e+09 1.04107029e+09 1.04107034e+09
 1.04107038e+09 1.04107042e+09 1.04107046e+09 1.04107051e+09
 1.04107055e+09 1.04107059e+09 1.04107063e+09 1.04107068e+09
 1.04107072e+09 1.04107076e+09 1.04107080e+09 1.04107085e+09
 1.04107089e+09 1.04107093e+09 1.04107097e+09 1.04107102e+09
 1.04107106e+09 1.04107110e+09 1.04107115e+09 1.04107119e+09
 1.04107123e+09 1.04107127e+09 1.04107132e+09 1.04107136e+09
 1.04107140e+09 1.04107144e+09 1.04107149e+09 1.04107153e+09
 1.04107157e+09 1.04107161e+09 1.04107166e+09 1.04107170e+09
 1.04107174e+09 1.04107178e+09 1.04107183e+09 1.04107187e+09
 1.04107191e+09 1.04107195e+09 1.04107200e+09 1.04107204e+09
 1.04107208e+09 1.04107212e+09 1.04107217e+09 1.04107221e+09
 1.04107225e+09 1.04107229e+09 1.04107234e+09 1.04107238e+09
 1.04107242e+09 1.04107246e+09 1.04107251e+09 1.04107255e+09
 1.04107259e+09 1.04107263e+09 1.04107268e+09 1.04107272e+09
 1.04107276e+09 1.04107281e+09 1.04107285e+09 1.04107289e+09
 1.04107293e+09 1.04107298e+09 1.04107302e+09 1.04107306e+09
 1.04107310e+09 1.04107315e+09 1.04107319e+09 1.04107323e+09
 1.04107327e+09 1.04107332e+09 1.04107336e+09 1.04107340e+09
 1.04107344e+09 1.04107349e+09 1.04107353e+09 1.04107357e+09
 1.04107361e+09 1.04107366e+09 1.04107370e+09 1.04107374e+09
 1.04107378e+09 1.04107383e+09 1.04107387e+09 1.04107391e+09
 1.04107395e+09 1.04107400e+09 1.04107404e+09 1.04107408e+09
 1.04107412e+09 1.04107417e+09 1.04107421e+09 1.04107425e+09
 1.04107429e+09 1.04107434e+09 1.04107438e+09 1.04107442e+09
 1.04107447e+09 1.04107451e+09 1.04107455e+09 1.04107459e+09
 1.04107464e+09 1.04107468e+09 1.04107472e+09 1.04107476e+09
 1.04107481e+09 1.04107485e+09 1.04107489e+09 1.04107493e+09
 1.04107498e+09 1.04107502e+09 1.04107506e+09 1.04107510e+09
 1.04107515e+09 1.04107519e+09 1.04107523e+09 1.04107527e+09
 1.04107532e+09 1.04107536e+09 1.04107540e+09 1.04107544e+09
 1.04107549e+09 1.04107553e+09 1.04107557e+09 1.04107561e+09
 1.04107566e+09 1.04107570e+09 1.04107574e+09 1.04107578e+09
 1.04107583e+09 1.04107587e+09 1.04107591e+09 1.04107595e+09
 1.04107600e+09 1.04107604e+09 1.04107608e+09 1.04107613e+09
 1.04107617e+09 1.04107621e+09 1.04107625e+09 1.04107630e+09
 1.04107634e+09 1.04107638e+09 1.04107642e+09 1.04107647e+09
 1.04107651e+09 1.04107655e+09 1.04107659e+09 1.04107664e+09
 1.04107668e+09 1.04107672e+09 1.04107676e+09 1.04107681e+09
 1.04107685e+09 1.04107689e+09 1.04107693e+09 1.04107698e+09
 1.04107702e+09 1.04107706e+09 1.04107710e+09 1.04107715e+09
 1.04107719e+09 1.04107723e+09 1.04107727e+09 1.04107732e+09
 1.04107736e+09 1.04107740e+09 1.04107744e+09 1.04107749e+09
 1.04107753e+09 1.04107757e+09 1.04107761e+09 1.04107766e+09
 1.04107770e+09 1.04107774e+09 1.04107779e+09 1.04107783e+09
 1.04107787e+09 1.04107791e+09 1.04107796e+09 1.04107800e+09
 1.04107804e+09 1.04107808e+09 1.04107813e+09 1.04107817e+09
 1.04107821e+09 1.04107825e+09 1.04107830e+09 1.04107834e+09
 1.04107838e+09 1.04107842e+09 1.04107847e+09 1.04107851e+09
 1.04107855e+09 1.04107859e+09 1.04107864e+09 1.04107868e+09
 1.04107872e+09 1.04107876e+09 1.04107881e+09 1.04107885e+09
 1.04107889e+09 1.04107893e+09 1.04107898e+09 1.04107902e+09
 1.04107906e+09 1.04107910e+09 1.04107915e+09 1.04107919e+09
 1.04107923e+09 1.04107927e+09 1.04107932e+09 1.04107936e+09
 1.04107940e+09 1.04107945e+09 1.04107949e+09 1.04107953e+09
 1.04107957e+09 1.04107962e+09 1.04107966e+09 1.04107970e+09
 1.04107974e+09 1.04107979e+09 1.04107983e+09 1.04107987e+09
 1.04107991e+09 1.04107996e+09 1.04108000e+09 1.04108004e+09
 1.04108008e+09 1.04108013e+09 1.04108017e+09 1.04108021e+09
 1.04108025e+09 1.04108030e+09 1.04108034e+09 1.04108038e+09
 1.04108042e+09 1.04108047e+09 1.04108051e+09 1.04108055e+09
 1.04108059e+09 1.04108064e+09 1.04108068e+09 1.04108072e+09
 1.04108076e+09 1.04108081e+09 1.04108085e+09 1.04108089e+09
 1.04108093e+09 1.04108098e+09 1.04108102e+09 1.04108106e+09
 1.04108111e+09 1.04108115e+09 1.04108119e+09 1.04108123e+09
 1.04108128e+09 1.04108132e+09 1.04108136e+09 1.04108140e+09
 1.04108145e+09 1.04108149e+09 1.04108153e+09 1.04108157e+09
 1.04108162e+09 1.04108166e+09 1.04108170e+09 1.04108174e+09
 1.04108179e+09 1.04108183e+09 1.04108187e+09 1.04108191e+09
 1.04108196e+09 1.04108200e+09 1.04108204e+09 1.04108208e+09
 1.04108213e+09 1.04108217e+09 1.04108221e+09 1.04108225e+09
 1.04108230e+09 1.04108234e+09 1.04108238e+09 1.04108242e+09
 1.04108247e+09 1.04108251e+09 1.04108255e+09 1.04108259e+09
 1.04108264e+09 1.04108268e+09 1.04108272e+09 1.04108277e+09
 1.04108281e+09 1.04108285e+09 1.04108289e+09 1.04108294e+09
 1.04108298e+09 1.04108302e+09 1.04108306e+09 1.04108311e+09
 1.04108315e+09 1.04108319e+09 1.04108323e+09 1.04108328e+09
 1.04108332e+09 1.04108336e+09 1.04108340e+09 1.04108345e+09
 1.04108349e+09 1.04108353e+09 1.04108357e+09 1.04108362e+09
 1.04108366e+09 1.04108370e+09 1.04108374e+09 1.04108379e+09
 1.04108383e+09 1.04108387e+09 1.04108391e+09 1.04108396e+09
 1.04108400e+09 1.04108404e+09 1.04108408e+09 1.04108413e+09
 1.04108417e+09 1.04108421e+09 1.04108425e+09 1.04108430e+09
 1.04108434e+09 1.04108438e+09 1.04108443e+09 1.04108447e+09
 1.04108451e+09 1.04108455e+09 1.04108460e+09 1.04108464e+09
 1.04108468e+09 1.04108472e+09 1.04108477e+09 1.04108481e+09
 1.04108485e+09 1.04108489e+09 1.04108494e+09 1.04108498e+09
 1.04108502e+09 1.04108506e+09 1.04108511e+09 1.04108515e+09
 1.04108519e+09 1.04108523e+09 1.04108528e+09 1.04108532e+09
 1.04108536e+09 1.04108540e+09 1.04108545e+09 1.04108549e+09
 1.04108553e+09 1.04108557e+09 1.04108562e+09 1.04108566e+09
 1.04108570e+09 1.04108574e+09 1.04108579e+09 1.04108583e+09
 1.04108587e+09 1.04108591e+09 1.04108596e+09 1.04108600e+09
 1.04108604e+09 1.04108609e+09 1.04108613e+09 1.04108617e+09
 1.04108621e+09 1.04108626e+09 1.04108630e+09 1.04108634e+09
 1.04108638e+09 1.04108643e+09 1.04108647e+09 1.04108651e+09
 1.04108655e+09 1.04108660e+09 1.04108664e+09 1.04108668e+09
 1.04108672e+09 1.04108677e+09 1.04108681e+09 1.04108685e+09
 1.04108689e+09 1.04108694e+09 1.04108698e+09 1.04108702e+09
 1.04108706e+09 1.04108711e+09 1.04108715e+09 1.04108719e+09
 1.04108723e+09 1.04108728e+09 1.04108732e+09 1.04108736e+09
 1.04108740e+09 1.04108745e+09 1.04108749e+09 1.04108753e+09
 1.04108757e+09 1.04108762e+09 1.04108766e+09 1.04108770e+09
 1.04108775e+09 1.04108779e+09 1.04108783e+09 1.04108787e+09
 1.04108792e+09 1.04108796e+09 1.04108800e+09 1.04108804e+09
 1.04108809e+09 1.04108813e+09 1.04108817e+09 1.04108821e+09
 1.04108826e+09 1.04108830e+09 1.04108834e+09 1.04108838e+09
 1.04108843e+09 1.04108847e+09 1.04108851e+09 1.04108855e+09
 1.04108860e+09 1.04108864e+09 1.04108868e+09 1.04108872e+09
 1.04108877e+09 1.04108881e+09 1.04108885e+09 1.04108889e+09
 1.04108894e+09 1.04108898e+09 1.04108902e+09 1.04108906e+09
 1.04108911e+09 1.04108915e+09 1.04108919e+09 1.04108923e+09
 1.04108928e+09 1.04108932e+09 1.04108936e+09 1.04108941e+09
 1.04108945e+09 1.04108949e+09 1.04108953e+09 1.04108958e+09
 1.04108962e+09 1.04108966e+09 1.04108970e+09 1.04108975e+09
 1.04108979e+09 1.04108983e+09 1.04108987e+09 1.04108992e+09
 1.04108996e+09 1.04109000e+09 1.04109004e+09 1.04109009e+09
 1.04109013e+09 1.04109017e+09 1.04109021e+09 1.04109026e+09
 1.04109030e+09 1.04109034e+09 1.04109038e+09 1.04109043e+09
 1.04109047e+09 1.04109051e+09 1.04109055e+09 1.04109060e+09
 1.04109064e+09 1.04109068e+09 1.04109072e+09 1.04109077e+09
 1.04109081e+09 1.04109085e+09 1.04109089e+09 1.04109094e+09
 1.04109098e+09 1.04109102e+09 1.04109107e+09 1.04109111e+09
 1.04109115e+09 1.04109119e+09 1.04109124e+09 1.04109128e+09
 1.04109132e+09 1.04109136e+09 1.04109141e+09 1.04109145e+09
 1.04109149e+09 1.04109153e+09 1.04109158e+09 1.04109162e+09
 1.04109166e+09 1.04109170e+09 1.04109175e+09 1.04109179e+09
 1.04109183e+09 1.04109187e+09 1.04109192e+09 1.04109196e+09
 1.04109200e+09 1.04109204e+09 1.04109209e+09 1.04109213e+09
 1.04109217e+09 1.04109221e+09 1.04109226e+09 1.04109230e+09
 1.04109234e+09 1.04109238e+09 1.04109243e+09 1.04109247e+09
 1.04109251e+09 1.04109255e+09 1.04109260e+09 1.04109264e+09
 1.04109268e+09 1.04109273e+09 1.04109277e+09 1.04109281e+09
 1.04109285e+09 1.04109290e+09 1.04109294e+09 1.04109298e+09
 1.04109302e+09 1.04109307e+09 1.04109311e+09 1.04109315e+09
 1.04109319e+09 1.04109324e+09 1.04109328e+09 1.04109332e+09
 1.04109336e+09 1.04109341e+09 1.04109345e+09 1.04109349e+09
 1.04109353e+09 1.04109358e+09 1.04109362e+09 1.04109366e+09
 1.04109370e+09 1.04109375e+09 1.04109379e+09 1.04109383e+09
 1.04109387e+09 1.04109392e+09 1.04109396e+09 1.04109400e+09
 1.04109404e+09 1.04109409e+09 1.04109413e+09 1.04109417e+09
 1.04109421e+09 1.04109426e+09 1.04109430e+09 1.04109434e+09
 1.04109439e+09 1.04109443e+09 1.04109447e+09 1.04109451e+09
 1.04109456e+09 1.04109460e+09 1.04109464e+09 1.04109468e+09
 1.04109473e+09 1.04109477e+09 1.04109481e+09 1.04109485e+09
 1.04109490e+09 1.04109494e+09 1.04109498e+09 1.04109502e+09
 1.04109507e+09 1.04109511e+09 1.04109515e+09 1.04109519e+09
 1.04109524e+09 1.04109528e+09 1.04109532e+09 1.04109536e+09
 1.04109541e+09 1.04109545e+09 1.04109549e+09 1.04109553e+09
 1.04109558e+09 1.04109562e+09 1.04109566e+09 1.04109570e+09
 1.04109575e+09 1.04109579e+09 1.04109583e+09 1.04109587e+09
 1.04109592e+09 1.04109596e+09 1.04109600e+09 1.04109605e+09
 1.04109609e+09 1.04109613e+09 1.04109617e+09 1.04109622e+09
 1.04109626e+09 1.04109630e+09 1.04109634e+09 1.04109639e+09
 1.04109643e+09 1.04109647e+09 1.04109651e+09 1.04109656e+09
 1.04109660e+09 1.04109664e+09 1.04109668e+09 1.04109673e+09
 1.04109677e+09 1.04109681e+09 1.04109685e+09 1.04109690e+09
 1.04109694e+09 1.04109698e+09 1.04109702e+09 1.04109707e+09
 1.04109711e+09 1.04109715e+09 1.04109719e+09 1.04109724e+09
 1.04109728e+09 1.04109732e+09 1.04109736e+09 1.04109741e+09
 1.04109745e+09 1.04109749e+09 1.04109753e+09 1.04109758e+09
 1.04109762e+09 1.04109766e+09 1.04109771e+09 1.04109775e+09
 1.04109779e+09 1.04109783e+09 1.04109788e+09 1.04109792e+09
 1.04109796e+09 1.04109800e+09 1.04109805e+09 1.04109809e+09
 1.04109813e+09 1.04109817e+09 1.04109822e+09 1.04109826e+09
 1.04109830e+09 1.04109834e+09 1.04109839e+09 1.04109843e+09
 1.04109847e+09 1.04109851e+09 1.04109856e+09 1.04109860e+09
 1.04109864e+09 1.04109868e+09 1.04109873e+09 1.04109877e+09
 1.04109881e+09 1.04109885e+09 1.04109890e+09 1.04109894e+09
 1.04109898e+09 1.04109902e+09 1.04109907e+09 1.04109911e+09
 1.04109915e+09 1.04109919e+09 1.04109924e+09 1.04109928e+09
 1.04109932e+09 1.04109937e+09 1.04109941e+09 1.04109945e+09
 1.04109949e+09 1.04109954e+09 1.04109958e+09 1.04109962e+09
 1.04109966e+09 1.04109971e+09 1.04109975e+09 1.04109979e+09
 1.04109983e+09 1.04109988e+09 1.04109992e+09 1.04109996e+09
 1.04110000e+09 1.04110005e+09 1.04110009e+09 1.04110013e+09
 1.04110017e+09 1.04110022e+09 1.04110026e+09 1.04110030e+09
 1.04110034e+09 1.04110039e+09 1.04110043e+09 1.04110047e+09
 1.04110051e+09 1.04110056e+09 1.04110060e+09 1.04110064e+09
 1.04110068e+09 1.04110073e+09 1.04110077e+09 1.04110081e+09
 1.04110085e+09 1.04110090e+09 1.04110094e+09 1.04110098e+09
 1.04110103e+09 1.04110107e+09 1.04110111e+09 1.04110115e+09
 1.04110120e+09 1.04110124e+09 1.04110128e+09 1.04110132e+09
 1.04110137e+09 1.04110141e+09 1.04110145e+09 1.04110149e+09
 1.04110154e+09 1.04110158e+09 1.04110162e+09 1.04110166e+09
 1.04110171e+09 1.04110175e+09 1.04110179e+09 1.04110183e+09
 1.04110188e+09 1.04110192e+09 1.04110196e+09 1.04110200e+09
 1.04110205e+09 1.04110209e+09 1.04110213e+09 1.04110217e+09
 1.04110222e+09 1.04110226e+09 1.04110230e+09 1.04110234e+09
 1.04110239e+09 1.04110243e+09 1.04110247e+09 1.04110251e+09
 1.04110256e+09 1.04110260e+09 1.04110264e+09 1.04110268e+09
 1.04110273e+09 1.04110277e+09 1.04110281e+09 1.04110286e+09
 1.04110290e+09 1.04110294e+09 1.04110298e+09 1.04110303e+09
 1.04110307e+09 1.04110311e+09 1.04110315e+09 1.04110320e+09
 1.04110324e+09 1.04110328e+09 1.04110332e+09 1.04110337e+09
 1.04110341e+09 1.04110345e+09 1.04110349e+09 1.04110354e+09
 1.04110358e+09 1.04110362e+09 1.04110366e+09 1.04110371e+09
 1.04110375e+09 1.04110379e+09 1.04110383e+09 1.04110388e+09
 1.04110392e+09 1.04110396e+09 1.04110400e+09 1.04110405e+09
 1.04110409e+09 1.04110413e+09 1.04110417e+09 1.04110422e+09
 1.04110426e+09 1.04110430e+09 1.04110434e+09 1.04110439e+09
 1.04110443e+09 1.04110447e+09 1.04110452e+09 1.04110456e+09
 1.04110460e+09 1.04110464e+09 1.04110469e+09 1.04110473e+09
 1.04110477e+09 1.04110481e+09 1.04110486e+09 1.04110490e+09
 1.04110494e+09 1.04110498e+09 1.04110503e+09 1.04110507e+09
 1.04110511e+09 1.04110515e+09 1.04110520e+09 1.04110524e+09
 1.04110528e+09 1.04110532e+09 1.04110537e+09 1.04110541e+09
 1.04110545e+09 1.04110549e+09 1.04110554e+09 1.04110558e+09
 1.04110562e+09 1.04110566e+09 1.04110571e+09 1.04110575e+09
 1.04110579e+09 1.04110583e+09 1.04110588e+09 1.04110592e+09
 1.04110596e+09 1.04110600e+09 1.04110605e+09 1.04110609e+09
 1.04110613e+09 1.04110618e+09 1.04110622e+09 1.04110626e+09
 1.04110630e+09 1.04110635e+09 1.04110639e+09 1.04110643e+09
 1.04110647e+09 1.04110652e+09 1.04110656e+09 1.04110660e+09
 1.04110664e+09 1.04110669e+09 1.04110673e+09 1.04110677e+09
 1.04110681e+09 1.04110686e+09 1.04110690e+09 1.04110694e+09
 1.04110698e+09 1.04110703e+09 1.04110707e+09 1.04110711e+09
 1.04110715e+09 1.04110720e+09 1.04110724e+09 1.04110728e+09
 1.04110732e+09 1.04110737e+09 1.04110741e+09 1.04110745e+09
 1.04110749e+09 1.04110754e+09 1.04110758e+09 1.04110762e+09
 1.04110766e+09 1.04110771e+09 1.04110775e+09 1.04110779e+09
 1.04110784e+09 1.04110788e+09 1.04110792e+09 1.04110796e+09
 1.04110801e+09 1.04110805e+09 1.04110809e+09 1.04110813e+09
 1.04110818e+09 1.04110822e+09 1.04110826e+09 1.04110830e+09
 1.04110835e+09 1.04110839e+09 1.04110843e+09 1.04110847e+09
 1.04110852e+09 1.04110856e+09 1.04110860e+09 1.04110864e+09
 1.04110869e+09 1.04110873e+09 1.04110877e+09 1.04110881e+09
 1.04110886e+09 1.04110890e+09 1.04110894e+09 1.04110898e+09]
minRes = 0.08100813585126446
minResTime =  [1.04110877e+09]
