name =JUICE_ROI_CAL_3_0_02
flyby =  ['2033 JAN 13 13:32:12', '2033 JAN 14 13:32:12']
Observation TW =  <SpiceCell dtype = 1, length = 0, size = 2400, card = 4, is_set = 1, adjust = 0, init = 1, base = 1356595497664, data = 1356595497712>
Res(t) =  [0.09456589 0.0969191  0.09930461 0.10171936 0.1041607  0.10662625
 0.10911391 0.11162179 0.11414822 0.11669168 0.11925084 0.12182445
 0.12441143 0.12701076 0.12962154 0.13224294 0.13487421 0.13751465
 0.14016364 0.1428206  0.145485   0.14815634 0.15083418 0.1535181
 0.15620772 0.15890268 0.16160265 0.16430733 0.16701643 0.16972969
 0.17244687 0.17516772 0.17789205 0.18061964 0.18335032 0.1860839
 0.18882023 0.19155915 0.19430051 0.19704419 0.19979004 0.20253796
 0.20528783 0.20803954 0.21079299 0.21354809 0.21630476 0.21906289
 0.22182242 0.22458327 0.22734536 0.23010864 0.23287303 0.23563847
 0.23840491 0.24117229 0.24394056 0.24670967 0.24947957 0.25225022
 0.25502157 0.25779358 0.26056622 0.26333945 0.26611323 0.26888753
 0.27166232 0.27443756 0.27721322 0.27998929 0.28276573 0.28554251
 0.28831962 0.29109702 0.2938747  0.29665264 0.2994308  0.30220918
 0.30498776 0.30776651 0.31054542 0.31332448 0.31610366 0.31888295
 0.32166234 0.32444181 0.32722135 0.33000095 0.33278059 0.33556026
 0.33833994 0.34111964 0.34389933 0.34667901 0.34945867 0.35223829
 0.35501787 0.3577974  0.36057687 0.36335627 0.3661356  0.36891484
 0.37169399 0.37447304 0.37725199 0.38003082 0.38280954 0.38558813
 0.38836659 0.39114492 0.3939231  0.39670114 0.39947902 0.40225674
 0.4050343  0.4078117  0.41058892 0.41336597 0.41614283 0.41891951
 0.42169601 0.42447231 0.42724841 0.43002432 0.43280002 0.43557551
 0.4383508  0.44112587 0.44390072 0.44667536 0.44944977 0.45222396
 0.45499793 0.45777166 0.46054516 0.46331843 0.46609145 0.46886424
 0.47163679 0.47440909 0.47718115 0.47995296 0.48272452 0.48549583
 0.48826688 0.49103768 0.49380823 0.49657851 0.49934853 0.50211829
 0.50488779 0.50765703 0.51042599 0.51319469 0.51596312 0.51873128
 0.52149917 0.52426679 0.52703413 0.5298012  0.53256799 0.53533451
 0.53810074 0.5408667  0.54363237 0.54639777 0.54916288 0.55192771
 0.55469226 0.55745652 0.5602205  0.56298419 0.5657476  0.56851071
 0.57127354 0.57403608 0.57679833 0.57956029 0.58232195 0.58508333
 0.58784442 0.59060521 0.5933657  0.59612591 0.59888582 0.60164543
 0.60440476 0.60716378 0.60992251 0.61268094 0.61543907 0.61819691
 0.62095445 0.62371169 0.62646863 0.62922528 0.63198162 0.63473767
 0.63749341 0.64024886 0.643004   0.64575885 0.64851339 0.65126763
 0.65402157 0.65677521 0.65952855 0.66228158 0.66503431 0.66778674
 0.67053887 0.67329069 0.67604221 0.67879343 0.68154434 0.68429495
 0.68704526 0.68979526 0.69254496 0.69529435 0.69804344 0.70079223
 0.70354071 0.70628888 0.70903675 0.71178432 0.71453158 0.71727854
 0.72002519 0.72277153 0.72551758 0.72826331 0.73100874 0.73375387
 0.73649868 0.7392432  0.74198741 0.74473131 0.74747491 0.7502182
 0.75296118 0.75570386 0.75844624 0.7611883  0.76393007 0.76667152
 0.76941268 0.77215352 0.77489406 0.77763429 0.78037422 0.78311385
 0.78585316 0.78859217 0.79133088 0.79406928 0.79680737 0.79954516
 0.80228265 0.80501982 0.8077567  0.81049326 0.81322952 0.81596548
 0.81870113 0.82143647 0.82417151 0.82690625 0.82964068 0.8323748
 0.83510862 0.83784214 0.84057535 0.84330825 0.84604085 0.84877315
 0.85150514 0.85423683 0.85696821 0.85969928 0.86243006 0.86516052
 0.86789069 0.87062055 0.8733501  0.87607936 0.8788083  0.88153695
 0.88426529 0.88699332 0.88972106 0.89244848 0.89517561 0.89790243
 0.90062895 0.90335517 0.90608108 0.90880669 0.91153199 0.914257
 0.9169817  0.9197061  0.92243019 0.92515398 0.92787747 0.93060066
 0.93332355 0.93604613 0.93876841 0.94149039 0.94421207 0.94693344
 0.94965452 0.95237529 0.95509576 0.95781593 0.9605358  0.96325536
 0.96597463 0.96869359 0.97141226 0.97413062 0.97684868 0.97956644
 0.98228391 0.98500107 0.98771793 0.99043449 0.99315075 0.99586671
 0.99858237 1.00129773 1.00401279 1.00672755 1.00944201 1.01215617
 1.01487003 1.0175836  1.02029686 1.02300983 1.02572249 1.02843486
 1.03114693 1.0338587  1.04228709 1.04499755 1.0477077  1.05041755
 1.05312711 1.05583637 1.05854533 1.06125398 1.06396235 1.06667041
 1.06937817 1.07208564 1.07479281 1.07749968 1.08020625 1.08291253
 1.08561851 1.08832419 1.09102957 1.09373466 1.09643944 1.09914394
 1.10184813 1.10455203 1.10725563 1.10995894 1.11266195 1.11536466
 1.11806708 1.1207692  1.12347102 1.12617255 1.12887378 1.13157472
 1.13427536 1.13697571 1.13967576 1.14237551 1.14507498 1.14777414
 1.15047301 1.15317159 1.15586987 1.15856786 1.16126555 1.16396295
 1.16666006 1.16935687 1.17205338 1.17474961 1.17744553 1.18014117
 1.18283651 1.18553156 1.18822632 1.19092078 1.19361495 1.19630882
 1.19900241 1.2016957  1.2043887  1.2070814  1.20977382 1.21246594
 1.21515777 1.2178493  1.22054055 1.2232315  1.22592216 1.22861253
 1.23130261 1.2339924  1.23668189 1.23937109 1.24206001 1.24474863
 1.24743696 1.250125   1.25281275 1.25550021 1.25818738 1.26087426
 1.26356085 1.26624714 1.26893315 1.27161887 1.2743043  1.27698944
 1.27967428 1.28235884 1.28504311 1.28772709 1.29041079 1.29309419
 1.2957773  1.29846013 1.30114266 1.30382491 1.30650687 1.30918854
 1.31186992 1.31455101 1.31723182 1.31991233 1.32259256 1.3252725
 1.32795216 1.33063152 1.3333106  1.33598939 1.33866789 1.34134611
 1.34402404 1.34670168 1.34937903 1.3520561  1.35473288 1.35740938
 1.36008559 1.36276151 1.36543714 1.36811249 1.37078756 1.37346233
 1.37613682 1.37881103 1.38148495 1.38415858 1.38683193 1.38950499
 1.39217777 1.39485026 1.39752247 1.40019439 1.40286602 1.40553738
 1.40820844 1.41087923 1.41354972 1.41621994 1.41888987 1.42155951
 1.42422887 1.42689795 1.42956674 1.43223525 1.43490347 1.43757141
 1.44023907 1.44290644 1.44557353 1.44824034 1.45090686 1.4535731
 1.45623906 1.45890474 1.46157013 1.46423524 1.46690006 1.46956461
 1.47222887 1.47489285 1.47755654 1.48021996 1.48288309 1.48554594
 1.48820851 1.49087079 1.4935328  1.49619452 1.49885596 1.50151712
 1.504178   1.50683859 1.50949891 1.51215894 1.5148187  1.51747817
 1.52013736 1.52279627 1.5254549  1.52811325 1.53077132 1.53342911
 1.53608662 1.53874385 1.5414008  1.54405746 1.54671385 1.54936996
 1.55202579 1.55468134 1.55733661 1.5599916  1.56264631 1.56530074
 1.56795489 1.57060876 1.57326235 1.57591567 1.5785687  1.58122146
 1.58387394 1.58652614 1.58917806 1.5918297  1.59448106 1.59713215
 1.59978296 1.60243349 1.60508374 1.60773371 1.61038341 1.61303282
 1.61568196 1.61833083 1.62097941 1.62362772 1.62627575 1.6289235
 1.63157098 1.63421817 1.6368651  1.63951174 1.64215811 1.6448042
 1.64745001 1.65009555 1.65274081 1.6553858  1.65803051 1.66067494
 1.66331909 1.66596297 1.66860658 1.67124991 1.67389296 1.67653573
 1.67917823 1.68182046 1.68446241 1.68710408 1.68974548 1.69238661
 1.69502745 1.69766803 1.70030833 1.70294835 1.7055881  1.70822757
 1.71086677 1.71350569 1.71614434 1.71878272 1.72142082 1.72405865
 1.7266962  1.72933348 1.73197048 1.73460721 1.73724367 1.73987985
 1.74251576 1.74515139 1.74778676 1.75042184 1.75305666 1.7556912
 1.75832547 1.76095946 1.76359319 1.76622663 1.76885981 1.77149271
 1.77412534 1.7767577  1.77938979 1.7820216  1.78465314 1.78728441
 1.7899154  1.79254612 1.79517657 1.79780675 1.80043666 1.80306629
 1.80569566 1.80832475 1.81095357 1.81358212 1.81621039 1.8188384
 1.82146613 1.82409359 1.82672078 1.8293477  1.83197435 1.83460073
 1.83722684 1.83985267 1.84247824 1.84510353 1.84772856 1.85035331
 1.85297779 1.855602   1.85822595 1.86084962 1.86347302 1.86609615
 1.86871901 1.8713416  1.87396392 1.87658598 1.87920776 1.88182927
 1.88445051 1.88707149 1.88969219 1.89231263 1.89493279 1.89755269
 1.90017231 1.90279167 1.90541076 1.90802958 1.91064813 1.91326641
 1.91588443 1.91850217 1.92111965 1.92373686 1.9263538  1.92897047
 1.93158687 1.93420301 1.93681887 1.93943447 1.9420498  1.94466487
 1.94727966 1.94989419 1.95250845 1.95512244 1.95773617 1.96034962
 1.96296281 1.96557574 1.96818839 1.97080078 1.9734129  1.97602475
 1.97863634 1.98124766 1.98385871 1.9864695  1.98908002 1.99169027
 1.99430026 1.99690998 1.99951943 2.00212862 2.00473754 2.0073462
 2.00995459 2.01256271 2.01517057 2.01777816 2.02038548 2.02299254
 2.02559934 2.02820587 2.03081213 2.03341813 2.03602386 2.03862933
 2.04123453 2.04383946 2.04644413 2.04904854 2.05165268 2.05425656
 2.05686017 2.05946352 2.0620666  2.06466941 2.06727197 2.06987425
 2.07247628 2.07507804 2.07767953 2.08028076 2.08288173 2.08548243
 2.08808287 2.09068305 2.09328296 2.0958826  2.09848199 2.10108111
 2.10367996 2.10627855 2.10887688 2.11147495 2.11407275 2.11667029
 2.11926757 2.12186458 2.12446133 2.12705781 2.12965404 2.13225
 2.1348457  2.13744113 2.1400363  2.14263121 2.14522586 2.14782025
 2.15041437 2.15300823 2.15560183 2.15819516 2.16078824 2.16338105
 2.1659736  2.16856588 2.17115791 2.17374967 2.17634118 2.17893242
 2.18152339 2.18411411 2.18670457 2.18929476 2.1918847  2.19447437
 2.19706378 2.19965293 2.20224182 2.20483044 2.20741881 2.21000692
 2.21259476 2.21518235 2.21776967 2.22035673 2.22294353 2.22553008
 2.22811636 2.23070238 2.23328814 2.23587364 2.23845888 2.24104386
 2.24362858 2.24621304 2.24879724 2.25138118 2.25396486 2.25654828
 2.25913145 2.26171435 2.26429699 2.26687937 2.2694615  2.27204336
 2.27462497 2.27720631 2.2797874  2.28236823 2.28494879 2.2875291
 2.29010916 2.29268895 2.29526848 2.29784776 2.30042677 2.30300553
 2.30558403 2.30816227 2.31074025 2.31331798 2.31589544 2.31847265
 2.3210496  2.32362629 2.32620272 2.3287789  2.33135482 2.33393048
 2.33650588 2.33908102 2.34165591 2.34423054 2.34680491 2.34937903
 2.35195288 2.35452648 2.35709983 2.35967291 2.36224574 2.36481831
 2.36739063 2.36996268 2.37253448 2.37510603 2.37767731 2.38024835
 2.38281912 2.38538964 2.3879599  2.3905299  2.39309965 2.39566914
 2.39823838 2.40080736 2.40337608 2.40594455 2.40851276 2.41108072
 2.41364841 2.41621586 2.41878305 2.42134998 2.42391666 2.42648308
 2.42904924 2.43161515 2.43418081 2.43674621 2.43931135 2.44187624
 2.44444088 2.44700526 2.44956938 2.45213325 2.45469686 2.45726022
 2.45982333 2.46238618 2.46494877 2.46751111 2.4700732  2.47263503
 2.47519661 2.47775793 2.480319   2.48287982 2.48544038 2.48800068
 2.49056074 2.49312054 2.49568008 2.49823937 2.50079841 2.50335719
 2.50591572 2.508474   2.51103202 2.51358979 2.5161473  2.51870457
 2.52126158 2.52381833 2.52637483 2.52893108 2.53148708 2.53404282
 2.53659831 2.53915355 2.54170854 2.54426327 2.54681775 2.54937197
 2.55192595 2.55447967 2.55703314 2.55958636 2.56213932 2.56469203
 2.56724449 2.5697967  2.57234866 2.57490036 2.57745181 2.58000301
 2.58255396 2.58510466 2.5876551  2.59020529 2.59275523 2.59530492
 2.59785436 2.60040355 2.60295248 2.60550117 2.6080496  2.61059778
 2.61314571 2.61569339 2.61824082 2.62078799 2.62333492 2.6258816
 2.62842802 2.63097419 2.63352012 2.63606579 2.63861121 2.64115638
 2.6437013  2.64624597 2.64879039 2.65133456 2.65387848 2.65642215
 2.65896557 2.66150874 2.66405166 2.66659433 2.66913675 2.67167892
 2.67422084 2.67676251 2.67930393 2.6818451  2.68438602 2.68692669
 2.68946712 2.69200729 2.69454721 2.69708689 2.69962631 2.70216549
 2.70470442 2.7072431  2.70978153 2.71231971 2.71485764 2.71739532
 2.71993276 2.72246994 2.72500688 2.72754357 2.73008001 2.7326162
 2.73515214 2.73768784 2.74022328 2.74275848 2.74529343 2.74782813
 2.75036259 2.7528968  2.75543075 2.75796446]
t =  [1.04255186e+09 1.04255188e+09 1.04255190e+09 1.04255192e+09
 1.04255194e+09 1.04255195e+09 1.04255197e+09 1.04255199e+09
 1.04255201e+09 1.04255203e+09 1.04255205e+09 1.04255207e+09
 1.04255208e+09 1.04255210e+09 1.04255212e+09 1.04255214e+09
 1.04255216e+09 1.04255218e+09 1.04255220e+09 1.04255221e+09
 1.04255223e+09 1.04255225e+09 1.04255227e+09 1.04255229e+09
 1.04255231e+09 1.04255233e+09 1.04255235e+09 1.04255236e+09
 1.04255238e+09 1.04255240e+09 1.04255242e+09 1.04255244e+09
 1.04255246e+09 1.04255248e+09 1.04255249e+09 1.04255251e+09
 1.04255253e+09 1.04255255e+09 1.04255257e+09 1.04255259e+09
 1.04255261e+09 1.04255262e+09 1.04255264e+09 1.04255266e+09
 1.04255268e+09 1.04255270e+09 1.04255272e+09 1.04255274e+09
 1.04255275e+09 1.04255277e+09 1.04255279e+09 1.04255281e+09
 1.04255283e+09 1.04255285e+09 1.04255287e+09 1.04255289e+09
 1.04255290e+09 1.04255292e+09 1.04255294e+09 1.04255296e+09
 1.04255298e+09 1.04255300e+09 1.04255302e+09 1.04255303e+09
 1.04255305e+09 1.04255307e+09 1.04255309e+09 1.04255311e+09
 1.04255313e+09 1.04255315e+09 1.04255316e+09 1.04255318e+09
 1.04255320e+09 1.04255322e+09 1.04255324e+09 1.04255326e+09
 1.04255328e+09 1.04255329e+09 1.04255331e+09 1.04255333e+09
 1.04255335e+09 1.04255337e+09 1.04255339e+09 1.04255341e+09
 1.04255343e+09 1.04255344e+09 1.04255346e+09 1.04255348e+09
 1.04255350e+09 1.04255352e+09 1.04255354e+09 1.04255356e+09
 1.04255357e+09 1.04255359e+09 1.04255361e+09 1.04255363e+09
 1.04255365e+09 1.04255367e+09 1.04255369e+09 1.04255370e+09
 1.04255372e+09 1.04255374e+09 1.04255376e+09 1.04255378e+09
 1.04255380e+09 1.04255382e+09 1.04255383e+09 1.04255385e+09
 1.04255387e+09 1.04255389e+09 1.04255391e+09 1.04255393e+09
 1.04255395e+09 1.04255397e+09 1.04255398e+09 1.04255400e+09
 1.04255402e+09 1.04255404e+09 1.04255406e+09 1.04255408e+09
 1.04255410e+09 1.04255411e+09 1.04255413e+09 1.04255415e+09
 1.04255417e+09 1.04255419e+09 1.04255421e+09 1.04255423e+09
 1.04255424e+09 1.04255426e+09 1.04255428e+09 1.04255430e+09
 1.04255432e+09 1.04255434e+09 1.04255436e+09 1.04255437e+09
 1.04255439e+09 1.04255441e+09 1.04255443e+09 1.04255445e+09
 1.04255447e+09 1.04255449e+09 1.04255451e+09 1.04255452e+09
 1.04255454e+09 1.04255456e+09 1.04255458e+09 1.04255460e+09
 1.04255462e+09 1.04255464e+09 1.04255465e+09 1.04255467e+09
 1.04255469e+09 1.04255471e+09 1.04255473e+09 1.04255475e+09
 1.04255477e+09 1.04255478e+09 1.04255480e+09 1.04255482e+09
 1.04255484e+09 1.04255486e+09 1.04255488e+09 1.04255490e+09
 1.04255491e+09 1.04255493e+09 1.04255495e+09 1.04255497e+09
 1.04255499e+09 1.04255501e+09 1.04255503e+09 1.04255504e+09
 1.04255506e+09 1.04255508e+09 1.04255510e+09 1.04255512e+09
 1.04255514e+09 1.04255516e+09 1.04255518e+09 1.04255519e+09
 1.04255521e+09 1.04255523e+09 1.04255525e+09 1.04255527e+09
 1.04255529e+09 1.04255531e+09 1.04255532e+09 1.04255534e+09
 1.04255536e+09 1.04255538e+09 1.04255540e+09 1.04255542e+09
 1.04255544e+09 1.04255545e+09 1.04255547e+09 1.04255549e+09
 1.04255551e+09 1.04255553e+09 1.04255555e+09 1.04255557e+09
 1.04255558e+09 1.04255560e+09 1.04255562e+09 1.04255564e+09
 1.04255566e+09 1.04255568e+09 1.04255570e+09 1.04255572e+09
 1.04255573e+09 1.04255575e+09 1.04255577e+09 1.04255579e+09
 1.04255581e+09 1.04255583e+09 1.04255585e+09 1.04255586e+09
 1.04255588e+09 1.04255590e+09 1.04255592e+09 1.04255594e+09
 1.04255596e+09 1.04255598e+09 1.04255599e+09 1.04255601e+09
 1.04255603e+09 1.04255605e+09 1.04255607e+09 1.04255609e+09
 1.04255611e+09 1.04255612e+09 1.04255614e+09 1.04255616e+09
 1.04255618e+09 1.04255620e+09 1.04255622e+09 1.04255624e+09
 1.04255626e+09 1.04255627e+09 1.04255629e+09 1.04255631e+09
 1.04255633e+09 1.04255635e+09 1.04255637e+09 1.04255639e+09
 1.04255640e+09 1.04255642e+09 1.04255644e+09 1.04255646e+09
 1.04255648e+09 1.04255650e+09 1.04255652e+09 1.04255653e+09
 1.04255655e+09 1.04255657e+09 1.04255659e+09 1.04255661e+09
 1.04255663e+09 1.04255665e+09 1.04255666e+09 1.04255668e+09
 1.04255670e+09 1.04255672e+09 1.04255674e+09 1.04255676e+09
 1.04255678e+09 1.04255680e+09 1.04255681e+09 1.04255683e+09
 1.04255685e+09 1.04255687e+09 1.04255689e+09 1.04255691e+09
 1.04255693e+09 1.04255694e+09 1.04255696e+09 1.04255698e+09
 1.04255700e+09 1.04255702e+09 1.04255704e+09 1.04255706e+09
 1.04255707e+09 1.04255709e+09 1.04255711e+09 1.04255713e+09
 1.04255715e+09 1.04255717e+09 1.04255719e+09 1.04255720e+09
 1.04255722e+09 1.04255724e+09 1.04255726e+09 1.04255728e+09
 1.04255730e+09 1.04255732e+09 1.04255734e+09 1.04255735e+09
 1.04255737e+09 1.04255739e+09 1.04255741e+09 1.04255743e+09
 1.04255745e+09 1.04255747e+09 1.04255748e+09 1.04255750e+09
 1.04255752e+09 1.04255754e+09 1.04255756e+09 1.04255758e+09
 1.04255760e+09 1.04255761e+09 1.04255763e+09 1.04255765e+09
 1.04255767e+09 1.04255769e+09 1.04255771e+09 1.04255773e+09
 1.04255774e+09 1.04255776e+09 1.04255778e+09 1.04255780e+09
 1.04255782e+09 1.04255784e+09 1.04255786e+09 1.04255787e+09
 1.04255789e+09 1.04255791e+09 1.04255793e+09 1.04255795e+09
 1.04255797e+09 1.04255799e+09 1.04255801e+09 1.04255802e+09
 1.04255804e+09 1.04255806e+09 1.04255808e+09 1.04255810e+09
 1.04255812e+09 1.04255814e+09 1.04255815e+09 1.04255817e+09
 1.04255819e+09 1.04255821e+09 1.04255823e+09 1.04255825e+09
 1.04255827e+09 1.04255828e+09 1.04255830e+09 1.04255832e+09
 1.04255834e+09 1.04255836e+09 1.04255838e+09 1.04255840e+09
 1.04255841e+09 1.04255843e+09 1.04255845e+09 1.04255847e+09
 1.04255849e+09 1.04255851e+09 1.04255853e+09 1.04255855e+09
 1.04255856e+09 1.04255858e+09 1.04255860e+09 1.04255862e+09
 1.04255864e+09 1.04255866e+09 1.04255868e+09 1.04255869e+09
 1.04255871e+09 1.04255873e+09 1.04255875e+09 1.04255877e+09
 1.04255879e+09 1.04255881e+09 1.04255882e+09 1.04255884e+09
 1.04255886e+09 1.04255888e+09 1.04255890e+09 1.04255892e+09
 1.04255894e+09 1.04255895e+09 1.04255897e+09 1.04255899e+09
 1.04255901e+09 1.04255903e+09 1.04255905e+09 1.04255907e+09
 1.04255909e+09 1.04255910e+09 1.04255912e+09 1.04255914e+09
 1.04255916e+09 1.04255918e+09 1.04255920e+09 1.04255922e+09
 1.04255923e+09 1.04255925e+09 1.04255927e+09 1.04255929e+09
 1.04255931e+09 1.04255933e+09 1.04255935e+09 1.04255936e+09
 1.04255938e+09 1.04255940e+09 1.04255942e+09 1.04255944e+09
 1.04255946e+09 1.04255948e+09 1.04255949e+09 1.04255951e+09
 1.04255953e+09 1.04255955e+09 1.04255957e+09 1.04255959e+09
 1.04255961e+09 1.04255963e+09 1.04255964e+09 1.04255966e+09
 1.04255968e+09 1.04255970e+09 1.04255972e+09 1.04255974e+09
 1.04255976e+09 1.04255977e+09 1.04255979e+09 1.04255981e+09
 1.04255983e+09 1.04255985e+09 1.04255987e+09 1.04255989e+09
 1.04255990e+09 1.04255992e+09 1.04255994e+09 1.04255996e+09
 1.04255998e+09 1.04256000e+09 1.04256002e+09 1.04256003e+09
 1.04256005e+09 1.04256007e+09 1.04256009e+09 1.04256011e+09
 1.04256013e+09 1.04256015e+09 1.04256017e+09 1.04256018e+09
 1.04256020e+09 1.04256022e+09 1.04256024e+09 1.04256026e+09
 1.04256028e+09 1.04256030e+09 1.04256031e+09 1.04256033e+09
 1.04256035e+09 1.04256037e+09 1.04256039e+09 1.04256041e+09
 1.04256043e+09 1.04256044e+09 1.04256046e+09 1.04256048e+09
 1.04256050e+09 1.04256052e+09 1.04256054e+09 1.04256056e+09
 1.04256057e+09 1.04256059e+09 1.04256061e+09 1.04256063e+09
 1.04256065e+09 1.04256067e+09 1.04256069e+09 1.04256071e+09
 1.04256072e+09 1.04256074e+09 1.04256076e+09 1.04256078e+09
 1.04256080e+09 1.04256082e+09 1.04256084e+09 1.04256085e+09
 1.04256087e+09 1.04256089e+09 1.04256091e+09 1.04256093e+09
 1.04256095e+09 1.04256097e+09 1.04256098e+09 1.04256100e+09
 1.04256102e+09 1.04256104e+09 1.04256106e+09 1.04256108e+09
 1.04256110e+09 1.04256111e+09 1.04256113e+09 1.04256115e+09
 1.04256117e+09 1.04256119e+09 1.04256121e+09 1.04256123e+09
 1.04256124e+09 1.04256126e+09 1.04256128e+09 1.04256130e+09
 1.04256132e+09 1.04256134e+09 1.04256136e+09 1.04256138e+09
 1.04256139e+09 1.04256141e+09 1.04256143e+09 1.04256145e+09
 1.04256147e+09 1.04256149e+09 1.04256151e+09 1.04256152e+09
 1.04256154e+09 1.04256156e+09 1.04256158e+09 1.04256160e+09
 1.04256162e+09 1.04256164e+09 1.04256165e+09 1.04256167e+09
 1.04256169e+09 1.04256171e+09 1.04256173e+09 1.04256175e+09
 1.04256177e+09 1.04256178e+09 1.04256180e+09 1.04256182e+09
 1.04256184e+09 1.04256186e+09 1.04256188e+09 1.04256190e+09
 1.04256192e+09 1.04256193e+09 1.04256195e+09 1.04256197e+09
 1.04256199e+09 1.04256201e+09 1.04256203e+09 1.04256205e+09
 1.04256206e+09 1.04256208e+09 1.04256210e+09 1.04256212e+09
 1.04256214e+09 1.04256216e+09 1.04256218e+09 1.04256219e+09
 1.04256221e+09 1.04256223e+09 1.04256225e+09 1.04256227e+09
 1.04256229e+09 1.04256231e+09 1.04256232e+09 1.04256234e+09
 1.04256236e+09 1.04256238e+09 1.04256240e+09 1.04256242e+09
 1.04256244e+09 1.04256246e+09 1.04256247e+09 1.04256249e+09
 1.04256251e+09 1.04256253e+09 1.04256255e+09 1.04256257e+09
 1.04256259e+09 1.04256260e+09 1.04256262e+09 1.04256264e+09
 1.04256266e+09 1.04256268e+09 1.04256270e+09 1.04256272e+09
 1.04256273e+09 1.04256275e+09 1.04256277e+09 1.04256279e+09
 1.04256281e+09 1.04256283e+09 1.04256285e+09 1.04256286e+09
 1.04256288e+09 1.04256290e+09 1.04256292e+09 1.04256294e+09
 1.04256296e+09 1.04256298e+09 1.04256300e+09 1.04256301e+09
 1.04256303e+09 1.04256305e+09 1.04256307e+09 1.04256309e+09
 1.04256311e+09 1.04256313e+09 1.04256314e+09 1.04256316e+09
 1.04256318e+09 1.04256320e+09 1.04256322e+09 1.04256324e+09
 1.04256326e+09 1.04256327e+09 1.04256329e+09 1.04256331e+09
 1.04256333e+09 1.04256335e+09 1.04256337e+09 1.04256339e+09
 1.04256340e+09 1.04256342e+09 1.04256344e+09 1.04256346e+09
 1.04256348e+09 1.04256350e+09 1.04256352e+09 1.04256354e+09
 1.04256355e+09 1.04256357e+09 1.04256359e+09 1.04256361e+09
 1.04256363e+09 1.04256365e+09 1.04256367e+09 1.04256368e+09
 1.04256370e+09 1.04256372e+09 1.04256374e+09 1.04256376e+09
 1.04256378e+09 1.04256380e+09 1.04256381e+09 1.04256383e+09
 1.04256385e+09 1.04256387e+09 1.04256389e+09 1.04256391e+09
 1.04256393e+09 1.04256394e+09 1.04256396e+09 1.04256398e+09
 1.04256400e+09 1.04256402e+09 1.04256404e+09 1.04256406e+09
 1.04256407e+09 1.04256409e+09 1.04256411e+09 1.04256413e+09
 1.04256415e+09 1.04256417e+09 1.04256419e+09 1.04256421e+09
 1.04256422e+09 1.04256424e+09 1.04256426e+09 1.04256428e+09
 1.04256430e+09 1.04256432e+09 1.04256434e+09 1.04256435e+09
 1.04256437e+09 1.04256439e+09 1.04256441e+09 1.04256443e+09
 1.04256445e+09 1.04256447e+09 1.04256448e+09 1.04256450e+09
 1.04256452e+09 1.04256454e+09 1.04256456e+09 1.04256458e+09
 1.04256460e+09 1.04256461e+09 1.04256463e+09 1.04256465e+09
 1.04256467e+09 1.04256469e+09 1.04256471e+09 1.04256473e+09
 1.04256475e+09 1.04256476e+09 1.04256478e+09 1.04256480e+09
 1.04256482e+09 1.04256484e+09 1.04256486e+09 1.04256488e+09
 1.04256489e+09 1.04256491e+09 1.04256493e+09 1.04256495e+09
 1.04256497e+09 1.04256499e+09 1.04256501e+09 1.04256502e+09
 1.04256504e+09 1.04256506e+09 1.04256508e+09 1.04256510e+09
 1.04256512e+09 1.04256514e+09 1.04256515e+09 1.04256517e+09
 1.04256519e+09 1.04256521e+09 1.04256523e+09 1.04256525e+09
 1.04256527e+09 1.04256529e+09 1.04256530e+09 1.04256532e+09
 1.04256534e+09 1.04256536e+09 1.04256538e+09 1.04256540e+09
 1.04256542e+09 1.04256543e+09 1.04256545e+09 1.04256547e+09
 1.04256549e+09 1.04256551e+09 1.04256553e+09 1.04256555e+09
 1.04256556e+09 1.04256558e+09 1.04256560e+09 1.04256562e+09
 1.04256564e+09 1.04256566e+09 1.04256568e+09 1.04256569e+09
 1.04256571e+09 1.04256573e+09 1.04256575e+09 1.04256577e+09
 1.04256579e+09 1.04256581e+09 1.04256583e+09 1.04256584e+09
 1.04256586e+09 1.04256588e+09 1.04256590e+09 1.04256592e+09
 1.04256594e+09 1.04256596e+09 1.04256597e+09 1.04256599e+09
 1.04256601e+09 1.04256603e+09 1.04256605e+09 1.04256607e+09
 1.04256609e+09 1.04256610e+09 1.04256612e+09 1.04256614e+09
 1.04256616e+09 1.04256618e+09 1.04256620e+09 1.04256622e+09
 1.04256623e+09 1.04256625e+09 1.04256627e+09 1.04256629e+09
 1.04256631e+09 1.04256633e+09 1.04256635e+09 1.04256637e+09
 1.04256638e+09 1.04256640e+09 1.04256642e+09 1.04256644e+09
 1.04256646e+09 1.04256648e+09 1.04256650e+09 1.04256651e+09
 1.04256653e+09 1.04256655e+09 1.04256657e+09 1.04256659e+09
 1.04256661e+09 1.04256663e+09 1.04256664e+09 1.04256666e+09
 1.04256668e+09 1.04256670e+09 1.04256672e+09 1.04256674e+09
 1.04256676e+09 1.04256677e+09 1.04256679e+09 1.04256681e+09
 1.04256683e+09 1.04256685e+09 1.04256687e+09 1.04256689e+09
 1.04256691e+09 1.04256692e+09 1.04256694e+09 1.04256696e+09
 1.04256698e+09 1.04256700e+09 1.04256702e+09 1.04256704e+09
 1.04256705e+09 1.04256707e+09 1.04256709e+09 1.04256711e+09
 1.04256713e+09 1.04256715e+09 1.04256717e+09 1.04256718e+09
 1.04256720e+09 1.04256722e+09 1.04256724e+09 1.04256726e+09
 1.04256728e+09 1.04256730e+09 1.04256731e+09 1.04256733e+09
 1.04256735e+09 1.04256737e+09 1.04256739e+09 1.04256741e+09
 1.04256743e+09 1.04256744e+09 1.04256746e+09 1.04256748e+09
 1.04256750e+09 1.04256752e+09 1.04256754e+09 1.04256756e+09
 1.04256758e+09 1.04256759e+09 1.04256761e+09 1.04256763e+09
 1.04256765e+09 1.04256767e+09 1.04256769e+09 1.04256771e+09
 1.04256772e+09 1.04256774e+09 1.04256776e+09 1.04256778e+09
 1.04256780e+09 1.04256782e+09 1.04256784e+09 1.04256785e+09
 1.04256787e+09 1.04256789e+09 1.04256791e+09 1.04256793e+09
 1.04256795e+09 1.04256797e+09 1.04256798e+09 1.04256800e+09
 1.04256802e+09 1.04256804e+09 1.04256806e+09 1.04256808e+09
 1.04256810e+09 1.04256812e+09 1.04256813e+09 1.04256815e+09
 1.04256817e+09 1.04256819e+09 1.04256821e+09 1.04256823e+09
 1.04256825e+09 1.04256826e+09 1.04256828e+09 1.04256830e+09
 1.04256832e+09 1.04256834e+09 1.04256836e+09 1.04256838e+09
 1.04256839e+09 1.04256841e+09 1.04256843e+09 1.04256845e+09
 1.04256847e+09 1.04256849e+09 1.04256851e+09 1.04256852e+09
 1.04256854e+09 1.04256856e+09 1.04256858e+09 1.04256860e+09
 1.04256862e+09 1.04256864e+09 1.04256866e+09 1.04256867e+09
 1.04256869e+09 1.04256871e+09 1.04256873e+09 1.04256875e+09
 1.04256877e+09 1.04256879e+09 1.04256880e+09 1.04256882e+09
 1.04256884e+09 1.04256886e+09 1.04256888e+09 1.04256890e+09
 1.04256892e+09 1.04256893e+09 1.04256895e+09 1.04256897e+09
 1.04256899e+09 1.04256901e+09 1.04256903e+09 1.04256905e+09
 1.04256906e+09 1.04256908e+09 1.04256910e+09 1.04256912e+09
 1.04256914e+09 1.04256916e+09 1.04256918e+09 1.04256920e+09
 1.04256921e+09 1.04256923e+09 1.04256925e+09 1.04256927e+09
 1.04256929e+09 1.04256931e+09 1.04256933e+09 1.04256934e+09
 1.04256936e+09 1.04256938e+09 1.04256940e+09 1.04256942e+09
 1.04256944e+09 1.04256946e+09 1.04256947e+09 1.04256949e+09
 1.04256951e+09 1.04256953e+09 1.04256955e+09 1.04256957e+09
 1.04256959e+09 1.04256960e+09 1.04256962e+09 1.04256964e+09
 1.04256966e+09 1.04256968e+09 1.04256970e+09 1.04256972e+09
 1.04256974e+09 1.04256975e+09 1.04256977e+09 1.04256979e+09
 1.04256981e+09 1.04256983e+09 1.04256985e+09 1.04256987e+09
 1.04256988e+09 1.04256990e+09 1.04256992e+09 1.04256994e+09
 1.04256996e+09 1.04256998e+09 1.04257000e+09 1.04257001e+09
 1.04257003e+09 1.04257005e+09 1.04257007e+09 1.04257009e+09
 1.04257011e+09 1.04257013e+09 1.04257014e+09 1.04257016e+09
 1.04257018e+09 1.04257020e+09 1.04257022e+09 1.04257024e+09
 1.04257026e+09 1.04257027e+09 1.04257029e+09 1.04257031e+09
 1.04257033e+09 1.04257035e+09 1.04257037e+09 1.04257039e+09
 1.04257041e+09 1.04257042e+09 1.04257044e+09 1.04257046e+09]
minRes = 0.09456588950128608
minResTime =  [1.04255186e+09]
