name =JUICE_ROI_CAL_7_0_01
flyby =  ['2033 JAN 13 13:32:12', '2033 JAN 14 13:32:12']
Observation TW =  <SpiceCell dtype = 1, length = 0, size = 2400, card = 4, is_set = 1, adjust = 0, init = 1, base = 1356594748304, data = 1356594748352>
Res(t) =  [4.09614624 4.09193988 4.08773409 4.08352886 4.0793242  4.07512011
 4.07091658 4.06671362 4.06251123 4.0583094  4.05410814 4.04990744
 4.04570732 4.04150775 4.03730875 4.03311032 4.02891245 4.02471514
 4.0205184  4.01632223 4.01212661 4.00793156 4.00373708 3.99954316
 3.9953498  3.99115701 3.98696477 3.9827731  3.978582   3.97439145
 3.97020147 3.96601205 3.96182319 3.95763489 3.95344716 3.94925998
 3.94507337 3.94088731 3.93670182 3.93251689 3.92833251 3.9241487
 3.91996545 3.91578276 3.91160062 3.90741905 3.90323803 3.89905758
 3.89487768 3.89069834 3.88651956 3.88234133 3.87816367 3.87398656
 3.86981001 3.86563402 3.86145858 3.8572837  3.85310938 3.84893561
 3.84476241 3.84058975 3.83641765 3.83224611 3.82807513 3.8239047
 3.81973482 3.8155655  3.81139673 3.80722852 3.80306087 3.79889376
 3.79472722 3.79056122 3.78639578 3.78223089 3.77806656 3.77390278
 3.76973955 3.76557687 3.76141475 3.75725318 3.75309216 3.74893169
 3.74477178 3.74061242 3.7364536  3.73229534 3.72813763 3.72398047
 3.71982387 3.71566781 3.7115123  3.70735734 3.70320294 3.69904908
 3.69489577 3.69074301 3.6865908  3.68243914 3.67828803 3.67413746
 3.66998745 3.66583798 3.66168906 3.65754069 3.65339286 3.64924559
 3.64509886 3.64095267 3.63680704 3.63266195 3.62851741 3.62437341
 3.62022996 3.61608706 3.6119447  3.60780289 3.60366162 3.5995209
 3.59538072 3.59124109 3.587102   3.58296345 3.57882545 3.574688
 3.57055109 3.56641472 3.56227889 3.55814361 3.55400887 3.54987468
 3.54574103 3.54160792 3.53747535 3.53334332 3.52921184 3.5250809
 3.5209505  3.51682064 3.51269132 3.50856255 3.50443431 3.50030661
 3.49617946 3.49205285 3.48792677 3.48380124 3.47967624 3.47555179
 3.47142787 3.4673045  3.46318166 3.45905936 3.4549376  3.45081638
 3.4466957  3.44257555 3.43845594 3.43433687 3.43021834 3.42610035
 3.42198289 3.41786597 3.41374959 3.40963374 3.40551843 3.40140365
 3.39728941 3.39317571 3.38906254 3.38494991 3.38083782 3.37672625
 3.37261523 3.36850474 3.36439478 3.36028536 3.35617647 3.35206811
 3.34796029 3.34385301 3.33974625 3.33564003 3.33153435 3.32742919
 3.32332457 3.31922048 3.31511692 3.3110139  3.30691141 3.30280945
 3.29870802 3.29460712 3.29050675 3.28640692 3.28230762 3.27820884
 3.2741106  3.27001289 3.2659157  3.26181905 3.25772293 3.25362734
 3.24953227 3.24543774 3.24134373 3.23725026 3.23315731 3.22906489
 3.224973   3.22088164 3.2167908  3.21270049 3.20861072 3.20452146
 3.20043274 3.19634454 3.19225687 3.18816973 3.18408311 3.17999702
 3.17591146 3.17182642 3.1677419  3.16365792 3.15957446 3.15549152
 3.15140911 3.14732722 3.14324586 3.13916502 3.13508471 3.13100492
 3.12692566 3.12284692 3.1187687  3.11469101 3.11061384 3.10653719
 3.10246107 3.09838547 3.09431039 3.09023583 3.0861618  3.08208829
 3.0780153  3.07394283 3.06987088 3.06579946 3.06172855 3.05765817
 3.05358831 3.04951897 3.04545015 3.04138185 3.03731406 3.0332468
 3.02918006 3.02511384 3.02104814 3.01698296 3.01291829 3.00885415
 3.00479052 3.00072741 2.99666483 2.99260275 2.9885412  2.98448017
 2.98041965 2.97635965 2.97230016 2.9682412  2.96418275 2.96012482
 2.9560674  2.9520105  2.94795412 2.94389825 2.9398429  2.93578807
 2.93173375 2.92767994 2.92362666 2.91957388 2.91552162 2.91146988
 2.90741865 2.90336793 2.89931773 2.89526804 2.89121887 2.88717021
 2.88312206 2.87907443 2.87502731 2.8709807  2.86693461 2.86288902
 2.85884395 2.8547994  2.85075535 2.84671182 2.8426688  2.83862629
 2.83458429 2.8305428  2.82650182 2.82246136 2.8184214  2.81438196
 2.81034303 2.8063046  2.80226669 2.79822928 2.79419239 2.79015601
 2.78612013 2.78208476 2.77804991 2.77401556 2.76998172 2.76594839
 2.76191556 2.75788325 2.75385144 2.74982014 2.74578935 2.74175907
 2.73772929 2.73370002 2.72967126 2.72564301 2.72161526 2.71758801
 2.71356128 2.70953505 2.70550932 2.70148411 2.69745939 2.69343519
 2.68941148 2.68538829 2.6813656  2.67734341 2.67332173 2.66930055
 2.66527987 2.66125971 2.65724004 2.65322088 2.64920222 2.64518407
 2.64116641 2.63714927 2.63313262 2.62911648 2.62510084 2.6210857
 2.61707107 2.61305694 2.6090433  2.60503018 2.60101755 2.59700542
 2.5929938  2.58898268 2.58497205 2.58096193 2.57695231 2.57294319
 2.56893457 2.56492645 2.56091884 2.55691172 2.5529051  2.54889898
 2.54489336 2.54088823 2.53688361 2.53287949 2.52887586 2.52487274
 2.52087011 2.51686798 2.51286635 2.50886522 2.50486458 2.50086445
 2.49686481 2.49286566 2.48886702 2.48486887 2.48087122 2.47687406
 2.47287741 2.46888124 2.46488558 2.46089041 2.45689574 2.45290156
 2.44890788 2.44491469 2.440922   2.4369298  2.4329381  2.4289469
 2.42495618 2.42096597 2.41697625 2.41298702 2.40899828 2.40501004
 2.4010223  2.39703504 2.39304829 2.38906202 2.38507625 2.38109097
 2.37710618 2.37312189 2.36913809 2.36515478 2.36117196 2.35718964
 2.3532078  2.34922646 2.34524561 2.34126526 2.33728539 2.33330602
 2.32932713 2.32534874 2.32137084 2.31739343 2.31341651 2.30944008
 2.30546414 2.30148869 2.29751373 2.29353926 2.28956528 2.28559179
 2.28161879 2.27764628 2.27367425 2.26970272 2.26573167 2.26176112
 2.25779105 2.25382147 2.24985238 2.24588378 2.24191566 2.23794803
 2.23398089 2.23001424 2.22604808 2.2220824  2.21811721 2.21415251
 2.21018829 2.20622456 2.20226132 2.19829856 2.19433629 2.19037451
 2.18641321 2.1824524  2.17849208 2.17453224 2.17057288 2.16661401
 2.16265563 2.15869773 2.15474032 2.15078339 2.14682694 2.14287099
 2.13891551 2.13496052 2.13100601 2.12705199 2.12309845 2.1191454
 2.11519283 2.11124074 2.10728914 2.10333802 2.09938739 2.09543723
 2.09148756 2.08753838 2.08358967 2.07964145 2.07569371 2.07174645
 2.06779968 2.06385339 2.05990758 2.05596225 2.0520174  2.04807304
 2.04412916 2.04018576 2.03624284 2.0323004  2.02835844 2.02441696
 2.02047597 2.01653545 2.01259542 2.00865587 2.00471679 2.0007782
 1.99684009 1.99290246 1.98896531 1.98502864 1.98109244 1.97715673
 1.9732215  1.96928675 1.96535248 1.96141868 1.95748537 1.95355253
 1.94962018 1.9456883  1.9417569  1.93782598 1.93389554 1.92996558
 1.9260361  1.92210709 1.91817857 1.91425052 1.91032295 1.90639586
 1.90246924 1.89854311 1.89461745 1.89069227 1.88676756 1.88284334
 1.87891959 1.87499632 1.87107353 1.86715121 1.86322937 1.85930801
 1.85538713 1.85146672 1.84754679 1.84362734 1.83970836 1.83578986
 1.83187184 1.82795429 1.82403722 1.82012063 1.81620451 1.81228887
 1.8083737  1.80445901 1.8005448  1.79663106 1.7927178  1.78880502
 1.78489271 1.78098088 1.77706952 1.77315864 1.76924823 1.7653383
 1.76142885 1.75751987 1.75361136 1.74970334 1.74579578 1.74188871
 1.7379821  1.73407598 1.73017033 1.72626515 1.72236045 1.71845622
 1.71455247 1.7106492  1.7067464  1.70284407 1.69894222 1.69504085
 1.69113995 1.68723952 1.68333958 1.6794401  1.6755411  1.67164258
 1.66774453 1.66384695 1.65994985 1.65605323 1.65215708 1.6482614
 1.6443662  1.64047148 1.63657723 1.63268345 1.62879015 1.62489733
 1.62100498 1.6171131  1.6132217  1.60933078 1.60544033 1.60155036
 1.59766086 1.59377183 1.58988328 1.58599521 1.58210761 1.57822049
 1.57433385 1.57044767 1.56656198 1.56267676 1.55879201 1.55490775
 1.55102395 1.54714064 1.54325779 1.53937543 1.53549354 1.53161213
 1.52773119 1.52385073 1.51997075 1.51609124 1.51221221 1.50833366
 1.50445558 1.50057798 1.49670085 1.49282421 1.48894804 1.48507235
 1.48119713 1.4773224  1.47344814 1.46957436 1.46570105 1.46182823
 1.45795588 1.45408401 1.45021262 1.44634171 1.44247128 1.43860133
 1.43473186 1.43086286 1.42699435 1.42312631 1.41925876 1.41539168
 1.41152509 1.40765897 1.40379334 1.39992819 1.39606352 1.39219933
 1.38833562 1.38447239 1.38060965 1.37674738 1.3728856  1.36902431
 1.36516349 1.36130316 1.35744332 1.35358395 1.34972508 1.34586668
 1.34200877 1.33815135 1.33429441 1.33043795 1.32658199 1.3227265
 1.31887151 1.315017   1.31116298 1.30730945 1.3034564  1.29960385
 1.29575178 1.2919002  1.28804911 1.28419851 1.2803484  1.27649879
 1.27264966 1.26880102 1.26495288 1.26110523 1.25725807 1.25341141
 1.24956524 1.24571956 1.24187438 1.23802969 1.2341855  1.23034181
 1.22649861 1.22265592 1.21881371 1.21497201 1.21113081 1.20729011
 1.2034499  1.1996102  1.195771   1.1919323  1.18809411 1.18425642
 1.18041923 1.17658255 1.17274637 1.1689107  1.16507553 1.16124088
 1.15740673 1.15357309 1.14973996 1.14590735 1.14207524 1.13824365
 1.13441257 1.130582   1.12675195 1.12292242 1.1190934  1.1152649
 1.11143692 1.10760946 1.10378252 1.0999561  1.0961302  1.09230483
 1.08847998 1.08465566 1.08083186 1.0770086  1.07318586 1.06936365
 1.06554197 1.06172083 1.05790022 1.05408014 1.05026061 1.0464416
 1.04262314 1.03880522 1.03498784 1.03117101 1.02735471 1.02353897
 1.01972377 1.01590912 1.01209502 1.00828147 1.00446848 1.00065604
 0.99684416 0.99303284 0.98922208 0.98541188 0.98160224 0.97779317
 0.97398467 0.97017674 0.96636938 0.96256259 0.95875638 0.95495074
 0.95114569 0.94734121 0.94353732 0.93973402 0.93593131 0.93212918
 0.92832765 0.92452672 0.92072638 0.91692664 0.91312751 0.90932898
 0.90553106 0.90173376 0.89793706 0.89414099 0.89034553 0.8865507
 0.88275649 0.87896291 0.87516996 0.87137765 0.86758597 0.86379494
 0.86000455 0.85621482 0.85242573 0.8486373  0.84484953 0.84106243
 0.83727599 0.83349022 0.82970513 0.82592072 0.82213699 0.81835395
 0.8145716  0.81078996 0.80700901 0.80322877 0.79944924 0.79567043
 0.79189234 0.78811498 0.78433836 0.78056246 0.77678732 0.77301292
 0.76923928 0.7654664  0.76169428 0.75792294 0.75415239 0.75038261
 0.74661363 0.74284546 0.73907809 0.73531153 0.7315458  0.72778089
 0.72401683 0.72025361 0.71649125 0.71272974 0.70896911 0.70520936
 0.7014505  0.69769254 0.69393548 0.69017935 0.68642414 0.68266987
 0.67891655 0.67516419 0.67141281 0.66979521 0.6660471  0.66230003
 0.65855399 0.65480901 0.65106509 0.64732226 0.64358052 0.63983989
 0.6361004  0.63236204 0.62862484 0.62488881 0.62115398 0.61742036
 0.61368796 0.60995682 0.60622693 0.60249833 0.59877104 0.59504507
 0.59132046 0.58759721 0.58387535 0.58015492 0.57643592 0.5727184
 0.56900236 0.56528785 0.56157488 0.55786349 0.55415371 0.55044556
 0.54673908 0.5430343  0.53933126 0.53562999 0.53193053 0.52823291
 0.52453717 0.52084336 0.51715151 0.51346167 0.50977388 0.50608819
 0.50240465 0.49872331 0.49504422 0.49136743 0.487693   0.48402098
 0.48035145 0.47668445 0.47302006 0.46935834 0.46569936 0.46204321
 0.45838994 0.45473965 0.45109242 0.44744832 0.44380746 0.44016993
 0.43653583 0.43290525 0.42927831 0.42565512 0.42203579 0.41842045
 0.41480923 0.41120227 0.40759969 0.40400166 0.40040833 0.39681986
 0.39323642 0.38965819 0.38608536 0.38251814 0.37895673 0.37540135
 0.37185224 0.36830964 0.36477382 0.36124505 0.35772361 0.35420982
 0.35070401 0.34720652 0.34371771 0.34023798 0.33676774 0.33330743
 0.32985752 0.32641852 0.32299095 0.31957539 0.31617245 0.31278277
 0.30940708 0.3060461  0.30270067 0.29937164 0.29605996 0.29276663
 0.28949277 0.28623954 0.28300825 0.27980029 0.27661719 0.2734606
 0.27033234 0.26723441 0.26416898 0.26113846 0.25814551 0.25519304
 0.25228431 0.24942295 0.24661297 0.2438589  0.24116581 0.23853941
 0.23598618 0.23351349 0.23112974 0.22884459 0.22666918 0.22461645
 0.22270154 0.22094223 0.21935965 0.21797905 0.21683091 0.21595247
 0.21538967 0.21520001 0.21545654 0.21625372]
t =  [1.04250938e+09 1.04250942e+09 1.04250946e+09 1.04250950e+09
 1.04250954e+09 1.04250958e+09 1.04250962e+09 1.04250966e+09
 1.04250970e+09 1.04250974e+09 1.04250979e+09 1.04250983e+09
 1.04250987e+09 1.04250991e+09 1.04250995e+09 1.04250999e+09
 1.04251003e+09 1.04251007e+09 1.04251011e+09 1.04251015e+09
 1.04251019e+09 1.04251023e+09 1.04251027e+09 1.04251031e+09
 1.04251035e+09 1.04251039e+09 1.04251043e+09 1.04251047e+09
 1.04251051e+09 1.04251055e+09 1.04251059e+09 1.04251063e+09
 1.04251067e+09 1.04251071e+09 1.04251076e+09 1.04251080e+09
 1.04251084e+09 1.04251088e+09 1.04251092e+09 1.04251096e+09
 1.04251100e+09 1.04251104e+09 1.04251108e+09 1.04251112e+09
 1.04251116e+09 1.04251120e+09 1.04251124e+09 1.04251128e+09
 1.04251132e+09 1.04251136e+09 1.04251140e+09 1.04251144e+09
 1.04251148e+09 1.04251152e+09 1.04251156e+09 1.04251160e+09
 1.04251164e+09 1.04251168e+09 1.04251173e+09 1.04251177e+09
 1.04251181e+09 1.04251185e+09 1.04251189e+09 1.04251193e+09
 1.04251197e+09 1.04251201e+09 1.04251205e+09 1.04251209e+09
 1.04251213e+09 1.04251217e+09 1.04251221e+09 1.04251225e+09
 1.04251229e+09 1.04251233e+09 1.04251237e+09 1.04251241e+09
 1.04251245e+09 1.04251249e+09 1.04251253e+09 1.04251257e+09
 1.04251261e+09 1.04251265e+09 1.04251270e+09 1.04251274e+09
 1.04251278e+09 1.04251282e+09 1.04251286e+09 1.04251290e+09
 1.04251294e+09 1.04251298e+09 1.04251302e+09 1.04251306e+09
 1.04251310e+09 1.04251314e+09 1.04251318e+09 1.04251322e+09
 1.04251326e+09 1.04251330e+09 1.04251334e+09 1.04251338e+09
 1.04251342e+09 1.04251346e+09 1.04251350e+09 1.04251354e+09
 1.04251358e+09 1.04251362e+09 1.04251366e+09 1.04251371e+09
 1.04251375e+09 1.04251379e+09 1.04251383e+09 1.04251387e+09
 1.04251391e+09 1.04251395e+09 1.04251399e+09 1.04251403e+09
 1.04251407e+09 1.04251411e+09 1.04251415e+09 1.04251419e+09
 1.04251423e+09 1.04251427e+09 1.04251431e+09 1.04251435e+09
 1.04251439e+09 1.04251443e+09 1.04251447e+09 1.04251451e+09
 1.04251455e+09 1.04251459e+09 1.04251463e+09 1.04251468e+09
 1.04251472e+09 1.04251476e+09 1.04251480e+09 1.04251484e+09
 1.04251488e+09 1.04251492e+09 1.04251496e+09 1.04251500e+09
 1.04251504e+09 1.04251508e+09 1.04251512e+09 1.04251516e+09
 1.04251520e+09 1.04251524e+09 1.04251528e+09 1.04251532e+09
 1.04251536e+09 1.04251540e+09 1.04251544e+09 1.04251548e+09
 1.04251552e+09 1.04251556e+09 1.04251560e+09 1.04251565e+09
 1.04251569e+09 1.04251573e+09 1.04251577e+09 1.04251581e+09
 1.04251585e+09 1.04251589e+09 1.04251593e+09 1.04251597e+09
 1.04251601e+09 1.04251605e+09 1.04251609e+09 1.04251613e+09
 1.04251617e+09 1.04251621e+09 1.04251625e+09 1.04251629e+09
 1.04251633e+09 1.04251637e+09 1.04251641e+09 1.04251645e+09
 1.04251649e+09 1.04251653e+09 1.04251657e+09 1.04251662e+09
 1.04251666e+09 1.04251670e+09 1.04251674e+09 1.04251678e+09
 1.04251682e+09 1.04251686e+09 1.04251690e+09 1.04251694e+09
 1.04251698e+09 1.04251702e+09 1.04251706e+09 1.04251710e+09
 1.04251714e+09 1.04251718e+09 1.04251722e+09 1.04251726e+09
 1.04251730e+09 1.04251734e+09 1.04251738e+09 1.04251742e+09
 1.04251746e+09 1.04251750e+09 1.04251754e+09 1.04251759e+09
 1.04251763e+09 1.04251767e+09 1.04251771e+09 1.04251775e+09
 1.04251779e+09 1.04251783e+09 1.04251787e+09 1.04251791e+09
 1.04251795e+09 1.04251799e+09 1.04251803e+09 1.04251807e+09
 1.04251811e+09 1.04251815e+09 1.04251819e+09 1.04251823e+09
 1.04251827e+09 1.04251831e+09 1.04251835e+09 1.04251839e+09
 1.04251843e+09 1.04251847e+09 1.04251851e+09 1.04251855e+09
 1.04251860e+09 1.04251864e+09 1.04251868e+09 1.04251872e+09
 1.04251876e+09 1.04251880e+09 1.04251884e+09 1.04251888e+09
 1.04251892e+09 1.04251896e+09 1.04251900e+09 1.04251904e+09
 1.04251908e+09 1.04251912e+09 1.04251916e+09 1.04251920e+09
 1.04251924e+09 1.04251928e+09 1.04251932e+09 1.04251936e+09
 1.04251940e+09 1.04251944e+09 1.04251948e+09 1.04251952e+09
 1.04251957e+09 1.04251961e+09 1.04251965e+09 1.04251969e+09
 1.04251973e+09 1.04251977e+09 1.04251981e+09 1.04251985e+09
 1.04251989e+09 1.04251993e+09 1.04251997e+09 1.04252001e+09
 1.04252005e+09 1.04252009e+09 1.04252013e+09 1.04252017e+09
 1.04252021e+09 1.04252025e+09 1.04252029e+09 1.04252033e+09
 1.04252037e+09 1.04252041e+09 1.04252045e+09 1.04252049e+09
 1.04252054e+09 1.04252058e+09 1.04252062e+09 1.04252066e+09
 1.04252070e+09 1.04252074e+09 1.04252078e+09 1.04252082e+09
 1.04252086e+09 1.04252090e+09 1.04252094e+09 1.04252098e+09
 1.04252102e+09 1.04252106e+09 1.04252110e+09 1.04252114e+09
 1.04252118e+09 1.04252122e+09 1.04252126e+09 1.04252130e+09
 1.04252134e+09 1.04252138e+09 1.04252142e+09 1.04252146e+09
 1.04252151e+09 1.04252155e+09 1.04252159e+09 1.04252163e+09
 1.04252167e+09 1.04252171e+09 1.04252175e+09 1.04252179e+09
 1.04252183e+09 1.04252187e+09 1.04252191e+09 1.04252195e+09
 1.04252199e+09 1.04252203e+09 1.04252207e+09 1.04252211e+09
 1.04252215e+09 1.04252219e+09 1.04252223e+09 1.04252227e+09
 1.04252231e+09 1.04252235e+09 1.04252239e+09 1.04252243e+09
 1.04252247e+09 1.04252252e+09 1.04252256e+09 1.04252260e+09
 1.04252264e+09 1.04252268e+09 1.04252272e+09 1.04252276e+09
 1.04252280e+09 1.04252284e+09 1.04252288e+09 1.04252292e+09
 1.04252296e+09 1.04252300e+09 1.04252304e+09 1.04252308e+09
 1.04252312e+09 1.04252316e+09 1.04252320e+09 1.04252324e+09
 1.04252328e+09 1.04252332e+09 1.04252336e+09 1.04252340e+09
 1.04252344e+09 1.04252349e+09 1.04252353e+09 1.04252357e+09
 1.04252361e+09 1.04252365e+09 1.04252369e+09 1.04252373e+09
 1.04252377e+09 1.04252381e+09 1.04252385e+09 1.04252389e+09
 1.04252393e+09 1.04252397e+09 1.04252401e+09 1.04252405e+09
 1.04252409e+09 1.04252413e+09 1.04252417e+09 1.04252421e+09
 1.04252425e+09 1.04252429e+09 1.04252433e+09 1.04252437e+09
 1.04252441e+09 1.04252446e+09 1.04252450e+09 1.04252454e+09
 1.04252458e+09 1.04252462e+09 1.04252466e+09 1.04252470e+09
 1.04252474e+09 1.04252478e+09 1.04252482e+09 1.04252486e+09
 1.04252490e+09 1.04252494e+09 1.04252498e+09 1.04252502e+09
 1.04252506e+09 1.04252510e+09 1.04252514e+09 1.04252518e+09
 1.04252522e+09 1.04252526e+09 1.04252530e+09 1.04252534e+09
 1.04252538e+09 1.04252543e+09 1.04252547e+09 1.04252551e+09
 1.04252555e+09 1.04252559e+09 1.04252563e+09 1.04252567e+09
 1.04252571e+09 1.04252575e+09 1.04252579e+09 1.04252583e+09
 1.04252587e+09 1.04252591e+09 1.04252595e+09 1.04252599e+09
 1.04252603e+09 1.04252607e+09 1.04252611e+09 1.04252615e+09
 1.04252619e+09 1.04252623e+09 1.04252627e+09 1.04252631e+09
 1.04252635e+09 1.04252640e+09 1.04252644e+09 1.04252648e+09
 1.04252652e+09 1.04252656e+09 1.04252660e+09 1.04252664e+09
 1.04252668e+09 1.04252672e+09 1.04252676e+09 1.04252680e+09
 1.04252684e+09 1.04252688e+09 1.04252692e+09 1.04252696e+09
 1.04252700e+09 1.04252704e+09 1.04252708e+09 1.04252712e+09
 1.04252716e+09 1.04252720e+09 1.04252724e+09 1.04252728e+09
 1.04252732e+09 1.04252736e+09 1.04252741e+09 1.04252745e+09
 1.04252749e+09 1.04252753e+09 1.04252757e+09 1.04252761e+09
 1.04252765e+09 1.04252769e+09 1.04252773e+09 1.04252777e+09
 1.04252781e+09 1.04252785e+09 1.04252789e+09 1.04252793e+09
 1.04252797e+09 1.04252801e+09 1.04252805e+09 1.04252809e+09
 1.04252813e+09 1.04252817e+09 1.04252821e+09 1.04252825e+09
 1.04252829e+09 1.04252833e+09 1.04252838e+09 1.04252842e+09
 1.04252846e+09 1.04252850e+09 1.04252854e+09 1.04252858e+09
 1.04252862e+09 1.04252866e+09 1.04252870e+09 1.04252874e+09
 1.04252878e+09 1.04252882e+09 1.04252886e+09 1.04252890e+09
 1.04252894e+09 1.04252898e+09 1.04252902e+09 1.04252906e+09
 1.04252910e+09 1.04252914e+09 1.04252918e+09 1.04252922e+09
 1.04252926e+09 1.04252930e+09 1.04252935e+09 1.04252939e+09
 1.04252943e+09 1.04252947e+09 1.04252951e+09 1.04252955e+09
 1.04252959e+09 1.04252963e+09 1.04252967e+09 1.04252971e+09
 1.04252975e+09 1.04252979e+09 1.04252983e+09 1.04252987e+09
 1.04252991e+09 1.04252995e+09 1.04252999e+09 1.04253003e+09
 1.04253007e+09 1.04253011e+09 1.04253015e+09 1.04253019e+09
 1.04253023e+09 1.04253027e+09 1.04253032e+09 1.04253036e+09
 1.04253040e+09 1.04253044e+09 1.04253048e+09 1.04253052e+09
 1.04253056e+09 1.04253060e+09 1.04253064e+09 1.04253068e+09
 1.04253072e+09 1.04253076e+09 1.04253080e+09 1.04253084e+09
 1.04253088e+09 1.04253092e+09 1.04253096e+09 1.04253100e+09
 1.04253104e+09 1.04253108e+09 1.04253112e+09 1.04253116e+09
 1.04253120e+09 1.04253124e+09 1.04253128e+09 1.04253133e+09
 1.04253137e+09 1.04253141e+09 1.04253145e+09 1.04253149e+09
 1.04253153e+09 1.04253157e+09 1.04253161e+09 1.04253165e+09
 1.04253169e+09 1.04253173e+09 1.04253177e+09 1.04253181e+09
 1.04253185e+09 1.04253189e+09 1.04253193e+09 1.04253197e+09
 1.04253201e+09 1.04253205e+09 1.04253209e+09 1.04253213e+09
 1.04253217e+09 1.04253221e+09 1.04253225e+09 1.04253230e+09
 1.04253234e+09 1.04253238e+09 1.04253242e+09 1.04253246e+09
 1.04253250e+09 1.04253254e+09 1.04253258e+09 1.04253262e+09
 1.04253266e+09 1.04253270e+09 1.04253274e+09 1.04253278e+09
 1.04253282e+09 1.04253286e+09 1.04253290e+09 1.04253294e+09
 1.04253298e+09 1.04253302e+09 1.04253306e+09 1.04253310e+09
 1.04253314e+09 1.04253318e+09 1.04253322e+09 1.04253327e+09
 1.04253331e+09 1.04253335e+09 1.04253339e+09 1.04253343e+09
 1.04253347e+09 1.04253351e+09 1.04253355e+09 1.04253359e+09
 1.04253363e+09 1.04253367e+09 1.04253371e+09 1.04253375e+09
 1.04253379e+09 1.04253383e+09 1.04253387e+09 1.04253391e+09
 1.04253395e+09 1.04253399e+09 1.04253403e+09 1.04253407e+09
 1.04253411e+09 1.04253415e+09 1.04253419e+09 1.04253424e+09
 1.04253428e+09 1.04253432e+09 1.04253436e+09 1.04253440e+09
 1.04253444e+09 1.04253448e+09 1.04253452e+09 1.04253456e+09
 1.04253460e+09 1.04253464e+09 1.04253468e+09 1.04253472e+09
 1.04253476e+09 1.04253480e+09 1.04253484e+09 1.04253488e+09
 1.04253492e+09 1.04253496e+09 1.04253500e+09 1.04253504e+09
 1.04253508e+09 1.04253512e+09 1.04253516e+09 1.04253521e+09
 1.04253525e+09 1.04253529e+09 1.04253533e+09 1.04253537e+09
 1.04253541e+09 1.04253545e+09 1.04253549e+09 1.04253553e+09
 1.04253557e+09 1.04253561e+09 1.04253565e+09 1.04253569e+09
 1.04253573e+09 1.04253577e+09 1.04253581e+09 1.04253585e+09
 1.04253589e+09 1.04253593e+09 1.04253597e+09 1.04253601e+09
 1.04253605e+09 1.04253609e+09 1.04253613e+09 1.04253617e+09
 1.04253622e+09 1.04253626e+09 1.04253630e+09 1.04253634e+09
 1.04253638e+09 1.04253642e+09 1.04253646e+09 1.04253650e+09
 1.04253654e+09 1.04253658e+09 1.04253662e+09 1.04253666e+09
 1.04253670e+09 1.04253674e+09 1.04253678e+09 1.04253682e+09
 1.04253686e+09 1.04253690e+09 1.04253694e+09 1.04253698e+09
 1.04253702e+09 1.04253706e+09 1.04253710e+09 1.04253714e+09
 1.04253719e+09 1.04253723e+09 1.04253727e+09 1.04253731e+09
 1.04253735e+09 1.04253739e+09 1.04253743e+09 1.04253747e+09
 1.04253751e+09 1.04253755e+09 1.04253759e+09 1.04253763e+09
 1.04253767e+09 1.04253771e+09 1.04253775e+09 1.04253779e+09
 1.04253783e+09 1.04253787e+09 1.04253791e+09 1.04253795e+09
 1.04253799e+09 1.04253803e+09 1.04253807e+09 1.04253811e+09
 1.04253816e+09 1.04253820e+09 1.04253824e+09 1.04253828e+09
 1.04253832e+09 1.04253836e+09 1.04253840e+09 1.04253844e+09
 1.04253848e+09 1.04253852e+09 1.04253856e+09 1.04253860e+09
 1.04253864e+09 1.04253868e+09 1.04253872e+09 1.04253876e+09
 1.04253880e+09 1.04253884e+09 1.04253888e+09 1.04253892e+09
 1.04253896e+09 1.04253900e+09 1.04253904e+09 1.04253908e+09
 1.04253913e+09 1.04253917e+09 1.04253921e+09 1.04253925e+09
 1.04253929e+09 1.04253933e+09 1.04253937e+09 1.04253941e+09
 1.04253945e+09 1.04253949e+09 1.04253953e+09 1.04253957e+09
 1.04253961e+09 1.04253965e+09 1.04253969e+09 1.04253973e+09
 1.04253977e+09 1.04253981e+09 1.04253985e+09 1.04253989e+09
 1.04253993e+09 1.04253997e+09 1.04254001e+09 1.04254005e+09
 1.04254009e+09 1.04254014e+09 1.04254018e+09 1.04254022e+09
 1.04254026e+09 1.04254030e+09 1.04254034e+09 1.04254038e+09
 1.04254042e+09 1.04254046e+09 1.04254050e+09 1.04254054e+09
 1.04254058e+09 1.04254062e+09 1.04254066e+09 1.04254070e+09
 1.04254074e+09 1.04254078e+09 1.04254082e+09 1.04254086e+09
 1.04254090e+09 1.04254094e+09 1.04254098e+09 1.04254102e+09
 1.04254106e+09 1.04254111e+09 1.04254115e+09 1.04254119e+09
 1.04254123e+09 1.04254127e+09 1.04254131e+09 1.04254135e+09
 1.04254139e+09 1.04254143e+09 1.04254147e+09 1.04254151e+09
 1.04254155e+09 1.04254159e+09 1.04254163e+09 1.04254167e+09
 1.04254171e+09 1.04254175e+09 1.04254179e+09 1.04254183e+09
 1.04254187e+09 1.04254191e+09 1.04254195e+09 1.04254199e+09
 1.04254203e+09 1.04254208e+09 1.04254212e+09 1.04254216e+09
 1.04254220e+09 1.04254224e+09 1.04254228e+09 1.04254232e+09
 1.04254236e+09 1.04254240e+09 1.04254244e+09 1.04254248e+09
 1.04254252e+09 1.04254256e+09 1.04254260e+09 1.04254264e+09
 1.04254268e+09 1.04254272e+09 1.04254276e+09 1.04254280e+09
 1.04254284e+09 1.04254288e+09 1.04254292e+09 1.04254296e+09
 1.04254300e+09 1.04254305e+09 1.04254309e+09 1.04254313e+09
 1.04254317e+09 1.04254321e+09 1.04254325e+09 1.04254329e+09
 1.04254333e+09 1.04254337e+09 1.04254341e+09 1.04254345e+09
 1.04254349e+09 1.04254353e+09 1.04254357e+09 1.04254361e+09
 1.04254365e+09 1.04254369e+09 1.04254373e+09 1.04254377e+09
 1.04254381e+09 1.04254385e+09 1.04254389e+09 1.04254393e+09
 1.04254397e+09 1.04254402e+09 1.04254406e+09 1.04254410e+09
 1.04254414e+09 1.04254418e+09 1.04254422e+09 1.04254426e+09
 1.04254430e+09 1.04254434e+09 1.04254438e+09 1.04254442e+09
 1.04254446e+09 1.04254450e+09 1.04254454e+09 1.04254458e+09
 1.04254462e+09 1.04254466e+09 1.04254470e+09 1.04254474e+09
 1.04254478e+09 1.04254482e+09 1.04254486e+09 1.04254490e+09
 1.04254494e+09 1.04254498e+09 1.04254503e+09 1.04254507e+09
 1.04254511e+09 1.04254515e+09 1.04254519e+09 1.04254523e+09
 1.04254527e+09 1.04254531e+09 1.04254535e+09 1.04254539e+09
 1.04254543e+09 1.04254547e+09 1.04254551e+09 1.04254555e+09
 1.04254559e+09 1.04254563e+09 1.04254567e+09 1.04254571e+09
 1.04254575e+09 1.04254579e+09 1.04254583e+09 1.04254587e+09
 1.04254591e+09 1.04254595e+09 1.04254600e+09 1.04254604e+09
 1.04254608e+09 1.04254612e+09 1.04254616e+09 1.04254620e+09
 1.04254624e+09 1.04254628e+09 1.04254632e+09 1.04254636e+09
 1.04254640e+09 1.04254644e+09 1.04254648e+09 1.04254652e+09
 1.04254656e+09 1.04254660e+09 1.04254664e+09 1.04254668e+09
 1.04254672e+09 1.04254676e+09 1.04254680e+09 1.04254684e+09
 1.04254688e+09 1.04254692e+09 1.04254697e+09 1.04254701e+09
 1.04254705e+09 1.04254709e+09 1.04254713e+09 1.04254717e+09
 1.04254721e+09 1.04254725e+09 1.04254729e+09 1.04254733e+09
 1.04254737e+09 1.04254741e+09 1.04254745e+09 1.04254749e+09
 1.04254753e+09 1.04254757e+09 1.04254761e+09 1.04254765e+09
 1.04254769e+09 1.04254773e+09 1.04254777e+09 1.04254781e+09
 1.04254785e+09 1.04254789e+09 1.04254794e+09 1.04254798e+09
 1.04254802e+09 1.04254806e+09 1.04254810e+09 1.04254814e+09
 1.04254818e+09 1.04254822e+09 1.04254826e+09 1.04254830e+09
 1.04254834e+09 1.04254838e+09 1.04254842e+09 1.04254846e+09
 1.04254850e+09 1.04254854e+09 1.04254858e+09 1.04254862e+09
 1.04254866e+09 1.04254870e+09 1.04254874e+09 1.04254878e+09
 1.04254882e+09 1.04254886e+09 1.04254891e+09 1.04254895e+09
 1.04254899e+09 1.04254903e+09 1.04254907e+09 1.04254911e+09
 1.04254915e+09 1.04254919e+09 1.04254923e+09 1.04254927e+09
 1.04254931e+09 1.04254935e+09 1.04254939e+09 1.04254943e+09
 1.04254947e+09 1.04254951e+09 1.04254955e+09 1.04254959e+09
 1.04254963e+09 1.04254967e+09 1.04254971e+09 1.04254975e+09]
minRes = 0.21520000712335982
minResTime =  [1.04254967e+09]
