name =JUICE_ROI_CAL_6_1_09
flyby =  ['2032 SEP 27 04:26:36', '2032 SEP 28 04:26:36']
Observation TW =  <SpiceCell dtype = 1, length = 0, size = 2200, card = 2, is_set = 1, adjust = 0, init = 1, base = 1356598651776, data = 1356598651824>
Res(t) =  [1.59288433 1.59130202 1.58971978 1.58813762 1.58655552 1.5849735
 1.58339154 1.58180966 1.58022785 1.57864611 1.57706444 1.57548284
 1.57390131 1.57231985 1.57073847 1.56915715 1.5675759  1.56599473
 1.56441362 1.56283259 1.56125162 1.55967073 1.55808991 1.55650915
 1.55492847 1.55334786 1.55176732 1.55018684 1.54860644 1.54702611
 1.54544585 1.54386565 1.54228553 1.54070548 1.5391255  1.53754558
 1.53596574 1.53438596 1.53280626 1.53122662 1.52964706 1.52806756
 1.52648814 1.52490878 1.52332949 1.52175027 1.52017112 1.51859204
 1.51701303 1.51543409 1.51385522 1.51227641 1.51069768 1.50911901
 1.50754041 1.50596189 1.50438343 1.50280503 1.50122671 1.49964846
 1.49807027 1.49649216 1.49491411 1.49333613 1.49175822 1.49018038
 1.4886026  1.48702489 1.48544726 1.48386969 1.48229218 1.48071475
 1.47913739 1.47756009 1.47598286 1.4744057  1.4728286  1.47125158
 1.46967462 1.46809773 1.46652091 1.46494415 1.46336746 1.46179084
 1.46021429 1.45863781 1.45706139 1.45548504 1.45390876 1.45233254
 1.45075639 1.44918031 1.4476043  1.44602835 1.44445247 1.44287666
 1.44130091 1.43972524 1.43814962 1.43657408 1.4349986  1.43342319
 1.43184785 1.43027257 1.42869736 1.42712221 1.42554714 1.42397212
 1.42239718 1.4208223  1.41924749 1.41767274 1.41609806 1.41452345
 1.4129489  1.41137442 1.40980001 1.40822566 1.40665138 1.40507716
 1.40350301 1.40192892 1.4003549  1.39878095 1.39720706 1.39563324
 1.39405949 1.3924858  1.39091217 1.38933861 1.38776512 1.38619169
 1.38461833 1.38304503 1.3814718  1.37989863 1.37832553 1.37675249
 1.37517952 1.37360662 1.37203378 1.370461   1.36888829 1.36731564
 1.36574306 1.36417055 1.3625981  1.36102571 1.35945339 1.35788113
 1.35630894 1.35473681 1.35316475 1.35159275 1.35002081 1.34844895
 1.34687714 1.3453054  1.34373372 1.34216211 1.34059056 1.33901908
 1.33744766 1.3358763  1.33430501 1.33273378 1.33116262 1.32959152
 1.32802049 1.32644951 1.32487861 1.32330776 1.32173698 1.32016626
 1.31859561 1.31702502 1.3154545  1.31388403 1.31231364 1.3107433
 1.30917303 1.30760282 1.30603267 1.30446259 1.30289257 1.30132262
 1.29975273 1.2981829  1.29661313 1.29504343 1.29347379 1.29190421
 1.2903347  1.28876524 1.28719586 1.28562653 1.28405727 1.28248807
 1.28091893 1.27934985 1.27778084 1.27621189 1.274643   1.27307418
 1.27150542 1.26993672 1.26836808 1.2667995  1.26523099 1.26366254
 1.26209415 1.26052583 1.25895756 1.25738936 1.25582122 1.25425314
 1.25268512 1.25111717 1.24954928 1.24798145 1.24641368 1.24484597
 1.24327832 1.24171074 1.24014322 1.23857576 1.23700836 1.23544102
 1.23387375 1.23230653 1.23073938 1.22917229 1.22760526 1.22603829
 1.22447138 1.22290453 1.22133775 1.21977102 1.21820436 1.21663776
 1.21507122 1.21350474 1.21193832 1.21037196 1.20880566 1.20723942
 1.20567325 1.20410713 1.20254108 1.20097508 1.19940915 1.19784328
 1.19627747 1.19471172 1.19314602 1.19158039 1.19001482 1.18844931
 1.18688387 1.18531848 1.18375315 1.18218788 1.18062267 1.17905752
 1.17749243 1.17592741 1.17436244 1.17279753 1.17123268 1.16966789
 1.16810317 1.1665385  1.16497389 1.16340934 1.16184485 1.16028042
 1.15871605 1.15715174 1.15558749 1.1540233  1.15245917 1.1508951
 1.14933109 1.14776713 1.14620324 1.14463941 1.14307563 1.14151192
 1.13994826 1.13838466 1.13682113 1.13525765 1.13369423 1.13213087
 1.13056757 1.12900432 1.12744114 1.12587802 1.12431495 1.12275194
 1.121189   1.11962611 1.11806328 1.11650051 1.11493779 1.11337514
 1.11181254 1.11025001 1.10868753 1.10712511 1.10556275 1.10400045
 1.1024382  1.10087602 1.09931389 1.09775182 1.09618981 1.09462786
 1.09306596 1.09150413 1.08994235 1.08838063 1.08681897 1.08525736
 1.08369582 1.08213433 1.0805729  1.07901153 1.07745021 1.07588896
 1.07432776 1.07276662 1.07120554 1.06964451 1.06808355 1.06652264
 1.06496179 1.06340099 1.06184026 1.06027958 1.05871896 1.0571584
 1.05559789 1.05403744 1.05247705 1.05091672 1.04935644 1.04779622
 1.04623606 1.04467596 1.04311591 1.04155592 1.03999599 1.03843611
 1.03687629 1.03531653 1.03375683 1.03219718 1.03063759 1.02907806
 1.02751858 1.02595917 1.0243998  1.0228405  1.02128125 1.01972206
 1.01816293 1.01660385 1.01504483 1.01348586 1.01192696 1.01036811
 1.00880931 1.00725058 1.00569189 1.00413327 1.0025747  1.00101619
 0.99945774 0.99789934 0.996341   0.99478271 0.99322449 0.99166631
 0.9901082  0.98855014 0.98699214 0.98543419 0.9838763  0.98231847
 0.98076069 0.97920297 0.9776453  0.97608769 0.97453014 0.97297264
 0.9714152  0.96985782 0.96830049 0.96674322 0.965186   0.96362884
 0.96207173 0.96051469 0.95895769 0.95740076 0.95584388 0.95428705
 0.95273028 0.95117357 0.94961691 0.94806031 0.94650377 0.94494728
 0.94339084 0.94183446 0.94027814 0.93872187 0.93716566 0.93560951
 0.93405341 0.93249736 0.93094138 0.92938544 0.92782957 0.92627374
 0.92471798 0.92316227 0.92160661 0.92005101 0.91849547 0.91693998
 0.91538455 0.91382917 0.91227385 0.91071858 0.90916337 0.90760822
 0.90605312 0.90449807 0.90294308 0.90138815 0.89983327 0.89827845
 0.89672368 0.89516897 0.89361431 0.89205971 0.89050516 0.88895067
 0.88739624 0.88584186 0.88428753 0.88273326 0.88117905 0.87962489
 0.87807078 0.87651674 0.87496274 0.8734088  0.87185492 0.87030109
 0.86874732 0.8671936  0.86563994 0.86408634 0.86253278 0.86097929
 0.85942585 0.85787246 0.85631913 0.85476586 0.85321264 0.85165947
 0.85010636 0.84855331 0.84700031 0.84544737 0.84389448 0.84234165
 0.84078887 0.83923614 0.83768348 0.83613087 0.83457831 0.83302581
 0.83147336 0.82992097 0.82836863 0.82681635 0.82526413 0.82371196
 0.82215985 0.82060779 0.81905578 0.81750383 0.81595194 0.8144001
 0.81284832 0.8112966  0.80974492 0.80819331 0.80664175 0.80509024
 0.80353879 0.8019874  0.80043606 0.79888478 0.79733355 0.79578238
 0.79423126 0.7926802  0.7911292  0.78957825 0.78802736 0.78647652
 0.78492574 0.78337501 0.78182434 0.78027372 0.77872317 0.77717266
 0.77562222 0.77407182 0.77252149 0.77097121 0.76942099 0.76787082
 0.76632071 0.76477065 0.76322065 0.76167071 0.76012082 0.75857099
 0.75702122 0.7554715  0.75392184 0.75237223 0.75082268 0.74927319
 0.74772375 0.74617437 0.74462505 0.74307579 0.74152658 0.73997742
 0.73842833 0.73687929 0.7353303  0.73378138 0.73223251 0.7306837
 0.72913494 0.72758624 0.7260376  0.72448902 0.72294049 0.72139202
 0.71984361 0.71829526 0.71674696 0.71519872 0.71365054 0.71210242
 0.71055435 0.70900634 0.70745839 0.7059105  0.70436266 0.70281489
 0.70126717 0.69971951 0.69817191 0.69662436 0.69507688 0.69352945
 0.69198208 0.69043477 0.68888752 0.68734033 0.6857932  0.68424612
 0.68269911 0.68115215 0.67960525 0.67805842 0.67651164 0.67496492
 0.67341826 0.67187166 0.67032512 0.66877864 0.66723222 0.66568586
 0.66413956 0.66259332 0.66104715 0.65950103 0.65795497 0.65640897
 0.65486304 0.65331716 0.65177135 0.6502256  0.64867991 0.64713428
 0.64558871 0.6440432  0.64249776 0.64095237 0.63940705 0.6378618
 0.6363166  0.63477147 0.6332264  0.63168139 0.63013644 0.62859156
 0.62704674 0.62550199 0.62395729 0.62241267 0.6208681  0.6193236
 0.61777916 0.61623479 0.61469049 0.61314624 0.61160206 0.61005795
 0.6085139  0.60696992 0.60542601 0.60388215 0.60233837 0.60079465
 0.599251   0.59770741 0.59616389 0.59462044 0.59307705 0.59153373
 0.58999048 0.5884473  0.58690419 0.58536114 0.58381816 0.58227525
 0.58073241 0.57918964 0.57764694 0.5761043  0.57456174 0.57301925
 0.57147682 0.56993447 0.56839219 0.56684998 0.56530784 0.56376578
 0.56222378 0.56068186 0.55914001 0.55759823 0.55605652 0.55451489
 0.55297333 0.55208047 0.55053911 0.54899783 0.54745663 0.5459155
 0.54437445 0.54283348 0.54129258 0.53975176 0.53821102 0.53667036
 0.53512978 0.53358928 0.53204885 0.53050851 0.52896825 0.52742806
 0.52588796 0.52434794 0.52280801 0.52126815 0.51972838 0.51818869
 0.51664909 0.51510957 0.51357013 0.51203078 0.51049152 0.50895234
 0.50741325 0.50587424 0.50433533 0.5027965  0.50125776 0.49971911
 0.49818055 0.49664207 0.49510369 0.4935654  0.49202721 0.4904891
 0.48895109 0.48741317 0.48587535 0.48433762 0.48279998 0.48126244
 0.479725   0.47818766 0.47665041 0.47511326 0.47357622 0.47203927
 0.47050242 0.46896567 0.46742903 0.46589249 0.46435605 0.46281971
 0.46128348 0.45974736 0.45821134 0.45667543 0.45513963 0.45360394
 0.45206836 0.45053289 0.44899753 0.44746228 0.44592715 0.44439213
 0.44285722 0.44132243 0.43978776 0.43825321 0.43671877 0.43518446
 0.43365027 0.4321162  0.43058225 0.42904842 0.42751473 0.42598115
 0.42444771 0.42291439 0.42138121 0.41984815 0.41831523 0.41678244
 0.41524979 0.41371727 0.41218489 0.41065265 0.40912054 0.40758858
 0.40605677 0.40452509 0.40299356 0.40146218 0.39993095 0.39839986
 0.39686893 0.39533815 0.39380753 0.39227706 0.39074675 0.3892166
 0.38768661 0.38615679 0.38462713 0.38309763 0.38156831 0.38003915
 0.37851017 0.37698136 0.37545273 0.37392428 0.372396   0.37086791
 0.36934    0.36781228 0.36628475 0.36475741 0.36323027 0.36170332
 0.36017656 0.35865001 0.35712366 0.35559752 0.35407158 0.35254586
 0.35102035 0.34949506 0.34796998 0.34644513 0.3449205  0.3433961
 0.34187193 0.340348   0.3388243  0.33730084 0.33577763 0.33425466
 0.33273195 0.33120949 0.32968728 0.32816534 0.32664366 0.32512225
 0.32360111 0.32208025 0.32055967 0.31903938 0.31751937 0.31599966
 0.31448025 0.31296113 0.31144233 0.30992384 0.30840566 0.3068878
 0.30537027 0.30385308 0.30233621 0.3008197  0.29930353 0.29778771
 0.29627225 0.29475716 0.29324244 0.29172809 0.29021413 0.28870056
 0.28718739 0.28567462 0.28416226 0.28265032 0.28113881 0.27962773
 0.27811709 0.27660689 0.27509716 0.27358789 0.27207909 0.27057077
 0.26906295 0.26755562 0.26604881 0.26454251 0.26303674 0.26153152
 0.26002684 0.25852272 0.25701917 0.25551621 0.25401384 0.25251208
 0.25101094 0.24951042 0.24801055 0.24651134 0.2450128  0.24351495
 0.24201779 0.24052135 0.23902564 0.23753068 0.23603647 0.23454305
 0.23305042 0.23155861 0.23006762 0.22857749 0.22708823 0.22559985
 0.22411239 0.22262586 0.22114028 0.21965568 0.21817208 0.2166895
 0.21520797 0.21372752 0.21224816 0.21076994 0.20929287 0.20781698
 0.20634231 0.20486889 0.20339674 0.20192591 0.20045643 0.19898833
 0.19752165 0.19605642 0.1945927  0.19313051 0.19166991 0.19021093
 0.18875363 0.18729804 0.18584423 0.18439223 0.18294211 0.18149392
 0.18004772 0.17860357 0.17716152 0.17572165 0.17428402 0.17284871
 0.17141578 0.16998531 0.16855738 0.16713208 0.16570949 0.1642897
 0.16287281 0.16145891 0.16004811 0.15864051 0.15723623 0.15583539
 0.15443811 0.15304451 0.15165474 0.15026894 0.14888725 0.14750983
 0.14613686 0.14476849 0.14340492 0.14204633 0.14069292 0.13934492
 0.13800254 0.13666603 0.13533562 0.13401159 0.13269421 0.13138379
 0.13008063 0.12878507 0.12749746 0.12621817 0.12494761 0.1236862
 0.12243438 0.12119265 0.11996151 0.11874151 0.11753324 0.11633734
 0.11515446 0.11398535 0.11283077 0.11169156 0.11056863 0.10946295
 0.10837558 0.10730765 0.10626041 0.1052352  0.10423349 0.10325688
 0.10230711 0.10138611 0.10049598 0.09963904 0.09881786 0.09803527
 0.09729442 0.09659883 0.09595243 0.09535963 0.0948254  0.09435538
 0.09395596 0.09363448 0.09339935 0.09326032 0.09322874 0.09331793
 0.09354365 0.09392472 0.09448383 0.09524866 0.09625341 0.09754096
 0.09916595 0.10119938 0.10373553 0.10690301]
t =  [1.03316753e+09 1.03316754e+09 1.03316756e+09 1.03316758e+09
 1.03316760e+09 1.03316762e+09 1.03316764e+09 1.03316766e+09
 1.03316768e+09 1.03316770e+09 1.03316772e+09 1.03316773e+09
 1.03316775e+09 1.03316777e+09 1.03316779e+09 1.03316781e+09
 1.03316783e+09 1.03316785e+09 1.03316787e+09 1.03316789e+09
 1.03316791e+09 1.03316792e+09 1.03316794e+09 1.03316796e+09
 1.03316798e+09 1.03316800e+09 1.03316802e+09 1.03316804e+09
 1.03316806e+09 1.03316808e+09 1.03316810e+09 1.03316811e+09
 1.03316813e+09 1.03316815e+09 1.03316817e+09 1.03316819e+09
 1.03316821e+09 1.03316823e+09 1.03316825e+09 1.03316827e+09
 1.03316829e+09 1.03316830e+09 1.03316832e+09 1.03316834e+09
 1.03316836e+09 1.03316838e+09 1.03316840e+09 1.03316842e+09
 1.03316844e+09 1.03316846e+09 1.03316848e+09 1.03316849e+09
 1.03316851e+09 1.03316853e+09 1.03316855e+09 1.03316857e+09
 1.03316859e+09 1.03316861e+09 1.03316863e+09 1.03316865e+09
 1.03316867e+09 1.03316868e+09 1.03316870e+09 1.03316872e+09
 1.03316874e+09 1.03316876e+09 1.03316878e+09 1.03316880e+09
 1.03316882e+09 1.03316884e+09 1.03316886e+09 1.03316888e+09
 1.03316889e+09 1.03316891e+09 1.03316893e+09 1.03316895e+09
 1.03316897e+09 1.03316899e+09 1.03316901e+09 1.03316903e+09
 1.03316905e+09 1.03316907e+09 1.03316908e+09 1.03316910e+09
 1.03316912e+09 1.03316914e+09 1.03316916e+09 1.03316918e+09
 1.03316920e+09 1.03316922e+09 1.03316924e+09 1.03316926e+09
 1.03316927e+09 1.03316929e+09 1.03316931e+09 1.03316933e+09
 1.03316935e+09 1.03316937e+09 1.03316939e+09 1.03316941e+09
 1.03316943e+09 1.03316945e+09 1.03316946e+09 1.03316948e+09
 1.03316950e+09 1.03316952e+09 1.03316954e+09 1.03316956e+09
 1.03316958e+09 1.03316960e+09 1.03316962e+09 1.03316964e+09
 1.03316965e+09 1.03316967e+09 1.03316969e+09 1.03316971e+09
 1.03316973e+09 1.03316975e+09 1.03316977e+09 1.03316979e+09
 1.03316981e+09 1.03316983e+09 1.03316984e+09 1.03316986e+09
 1.03316988e+09 1.03316990e+09 1.03316992e+09 1.03316994e+09
 1.03316996e+09 1.03316998e+09 1.03317000e+09 1.03317002e+09
 1.03317003e+09 1.03317005e+09 1.03317007e+09 1.03317009e+09
 1.03317011e+09 1.03317013e+09 1.03317015e+09 1.03317017e+09
 1.03317019e+09 1.03317021e+09 1.03317022e+09 1.03317024e+09
 1.03317026e+09 1.03317028e+09 1.03317030e+09 1.03317032e+09
 1.03317034e+09 1.03317036e+09 1.03317038e+09 1.03317040e+09
 1.03317042e+09 1.03317043e+09 1.03317045e+09 1.03317047e+09
 1.03317049e+09 1.03317051e+09 1.03317053e+09 1.03317055e+09
 1.03317057e+09 1.03317059e+09 1.03317061e+09 1.03317062e+09
 1.03317064e+09 1.03317066e+09 1.03317068e+09 1.03317070e+09
 1.03317072e+09 1.03317074e+09 1.03317076e+09 1.03317078e+09
 1.03317080e+09 1.03317081e+09 1.03317083e+09 1.03317085e+09
 1.03317087e+09 1.03317089e+09 1.03317091e+09 1.03317093e+09
 1.03317095e+09 1.03317097e+09 1.03317099e+09 1.03317100e+09
 1.03317102e+09 1.03317104e+09 1.03317106e+09 1.03317108e+09
 1.03317110e+09 1.03317112e+09 1.03317114e+09 1.03317116e+09
 1.03317118e+09 1.03317119e+09 1.03317121e+09 1.03317123e+09
 1.03317125e+09 1.03317127e+09 1.03317129e+09 1.03317131e+09
 1.03317133e+09 1.03317135e+09 1.03317137e+09 1.03317138e+09
 1.03317140e+09 1.03317142e+09 1.03317144e+09 1.03317146e+09
 1.03317148e+09 1.03317150e+09 1.03317152e+09 1.03317154e+09
 1.03317156e+09 1.03317157e+09 1.03317159e+09 1.03317161e+09
 1.03317163e+09 1.03317165e+09 1.03317167e+09 1.03317169e+09
 1.03317171e+09 1.03317173e+09 1.03317175e+09 1.03317177e+09
 1.03317178e+09 1.03317180e+09 1.03317182e+09 1.03317184e+09
 1.03317186e+09 1.03317188e+09 1.03317190e+09 1.03317192e+09
 1.03317194e+09 1.03317196e+09 1.03317197e+09 1.03317199e+09
 1.03317201e+09 1.03317203e+09 1.03317205e+09 1.03317207e+09
 1.03317209e+09 1.03317211e+09 1.03317213e+09 1.03317215e+09
 1.03317216e+09 1.03317218e+09 1.03317220e+09 1.03317222e+09
 1.03317224e+09 1.03317226e+09 1.03317228e+09 1.03317230e+09
 1.03317232e+09 1.03317234e+09 1.03317235e+09 1.03317237e+09
 1.03317239e+09 1.03317241e+09 1.03317243e+09 1.03317245e+09
 1.03317247e+09 1.03317249e+09 1.03317251e+09 1.03317253e+09
 1.03317254e+09 1.03317256e+09 1.03317258e+09 1.03317260e+09
 1.03317262e+09 1.03317264e+09 1.03317266e+09 1.03317268e+09
 1.03317270e+09 1.03317272e+09 1.03317273e+09 1.03317275e+09
 1.03317277e+09 1.03317279e+09 1.03317281e+09 1.03317283e+09
 1.03317285e+09 1.03317287e+09 1.03317289e+09 1.03317291e+09
 1.03317292e+09 1.03317294e+09 1.03317296e+09 1.03317298e+09
 1.03317300e+09 1.03317302e+09 1.03317304e+09 1.03317306e+09
 1.03317308e+09 1.03317310e+09 1.03317311e+09 1.03317313e+09
 1.03317315e+09 1.03317317e+09 1.03317319e+09 1.03317321e+09
 1.03317323e+09 1.03317325e+09 1.03317327e+09 1.03317329e+09
 1.03317331e+09 1.03317332e+09 1.03317334e+09 1.03317336e+09
 1.03317338e+09 1.03317340e+09 1.03317342e+09 1.03317344e+09
 1.03317346e+09 1.03317348e+09 1.03317350e+09 1.03317351e+09
 1.03317353e+09 1.03317355e+09 1.03317357e+09 1.03317359e+09
 1.03317361e+09 1.03317363e+09 1.03317365e+09 1.03317367e+09
 1.03317369e+09 1.03317370e+09 1.03317372e+09 1.03317374e+09
 1.03317376e+09 1.03317378e+09 1.03317380e+09 1.03317382e+09
 1.03317384e+09 1.03317386e+09 1.03317388e+09 1.03317389e+09
 1.03317391e+09 1.03317393e+09 1.03317395e+09 1.03317397e+09
 1.03317399e+09 1.03317401e+09 1.03317403e+09 1.03317405e+09
 1.03317407e+09 1.03317408e+09 1.03317410e+09 1.03317412e+09
 1.03317414e+09 1.03317416e+09 1.03317418e+09 1.03317420e+09
 1.03317422e+09 1.03317424e+09 1.03317426e+09 1.03317427e+09
 1.03317429e+09 1.03317431e+09 1.03317433e+09 1.03317435e+09
 1.03317437e+09 1.03317439e+09 1.03317441e+09 1.03317443e+09
 1.03317445e+09 1.03317446e+09 1.03317448e+09 1.03317450e+09
 1.03317452e+09 1.03317454e+09 1.03317456e+09 1.03317458e+09
 1.03317460e+09 1.03317462e+09 1.03317464e+09 1.03317465e+09
 1.03317467e+09 1.03317469e+09 1.03317471e+09 1.03317473e+09
 1.03317475e+09 1.03317477e+09 1.03317479e+09 1.03317481e+09
 1.03317483e+09 1.03317485e+09 1.03317486e+09 1.03317488e+09
 1.03317490e+09 1.03317492e+09 1.03317494e+09 1.03317496e+09
 1.03317498e+09 1.03317500e+09 1.03317502e+09 1.03317504e+09
 1.03317505e+09 1.03317507e+09 1.03317509e+09 1.03317511e+09
 1.03317513e+09 1.03317515e+09 1.03317517e+09 1.03317519e+09
 1.03317521e+09 1.03317523e+09 1.03317524e+09 1.03317526e+09
 1.03317528e+09 1.03317530e+09 1.03317532e+09 1.03317534e+09
 1.03317536e+09 1.03317538e+09 1.03317540e+09 1.03317542e+09
 1.03317543e+09 1.03317545e+09 1.03317547e+09 1.03317549e+09
 1.03317551e+09 1.03317553e+09 1.03317555e+09 1.03317557e+09
 1.03317559e+09 1.03317561e+09 1.03317562e+09 1.03317564e+09
 1.03317566e+09 1.03317568e+09 1.03317570e+09 1.03317572e+09
 1.03317574e+09 1.03317576e+09 1.03317578e+09 1.03317580e+09
 1.03317581e+09 1.03317583e+09 1.03317585e+09 1.03317587e+09
 1.03317589e+09 1.03317591e+09 1.03317593e+09 1.03317595e+09
 1.03317597e+09 1.03317599e+09 1.03317600e+09 1.03317602e+09
 1.03317604e+09 1.03317606e+09 1.03317608e+09 1.03317610e+09
 1.03317612e+09 1.03317614e+09 1.03317616e+09 1.03317618e+09
 1.03317620e+09 1.03317621e+09 1.03317623e+09 1.03317625e+09
 1.03317627e+09 1.03317629e+09 1.03317631e+09 1.03317633e+09
 1.03317635e+09 1.03317637e+09 1.03317639e+09 1.03317640e+09
 1.03317642e+09 1.03317644e+09 1.03317646e+09 1.03317648e+09
 1.03317650e+09 1.03317652e+09 1.03317654e+09 1.03317656e+09
 1.03317658e+09 1.03317659e+09 1.03317661e+09 1.03317663e+09
 1.03317665e+09 1.03317667e+09 1.03317669e+09 1.03317671e+09
 1.03317673e+09 1.03317675e+09 1.03317677e+09 1.03317678e+09
 1.03317680e+09 1.03317682e+09 1.03317684e+09 1.03317686e+09
 1.03317688e+09 1.03317690e+09 1.03317692e+09 1.03317694e+09
 1.03317696e+09 1.03317697e+09 1.03317699e+09 1.03317701e+09
 1.03317703e+09 1.03317705e+09 1.03317707e+09 1.03317709e+09
 1.03317711e+09 1.03317713e+09 1.03317715e+09 1.03317716e+09
 1.03317718e+09 1.03317720e+09 1.03317722e+09 1.03317724e+09
 1.03317726e+09 1.03317728e+09 1.03317730e+09 1.03317732e+09
 1.03317734e+09 1.03317735e+09 1.03317737e+09 1.03317739e+09
 1.03317741e+09 1.03317743e+09 1.03317745e+09 1.03317747e+09
 1.03317749e+09 1.03317751e+09 1.03317753e+09 1.03317754e+09
 1.03317756e+09 1.03317758e+09 1.03317760e+09 1.03317762e+09
 1.03317764e+09 1.03317766e+09 1.03317768e+09 1.03317770e+09
 1.03317772e+09 1.03317774e+09 1.03317775e+09 1.03317777e+09
 1.03317779e+09 1.03317781e+09 1.03317783e+09 1.03317785e+09
 1.03317787e+09 1.03317789e+09 1.03317791e+09 1.03317793e+09
 1.03317794e+09 1.03317796e+09 1.03317798e+09 1.03317800e+09
 1.03317802e+09 1.03317804e+09 1.03317806e+09 1.03317808e+09
 1.03317810e+09 1.03317812e+09 1.03317813e+09 1.03317815e+09
 1.03317817e+09 1.03317819e+09 1.03317821e+09 1.03317823e+09
 1.03317825e+09 1.03317827e+09 1.03317829e+09 1.03317831e+09
 1.03317832e+09 1.03317834e+09 1.03317836e+09 1.03317838e+09
 1.03317840e+09 1.03317842e+09 1.03317844e+09 1.03317846e+09
 1.03317848e+09 1.03317850e+09 1.03317851e+09 1.03317853e+09
 1.03317855e+09 1.03317857e+09 1.03317859e+09 1.03317861e+09
 1.03317863e+09 1.03317865e+09 1.03317867e+09 1.03317869e+09
 1.03317870e+09 1.03317872e+09 1.03317874e+09 1.03317876e+09
 1.03317878e+09 1.03317880e+09 1.03317882e+09 1.03317884e+09
 1.03317886e+09 1.03317888e+09 1.03317889e+09 1.03317891e+09
 1.03317893e+09 1.03317895e+09 1.03317897e+09 1.03317899e+09
 1.03317901e+09 1.03317903e+09 1.03317905e+09 1.03317907e+09
 1.03317908e+09 1.03317910e+09 1.03317912e+09 1.03317914e+09
 1.03317916e+09 1.03317918e+09 1.03317920e+09 1.03317922e+09
 1.03317924e+09 1.03317926e+09 1.03317928e+09 1.03317929e+09
 1.03317931e+09 1.03317933e+09 1.03317935e+09 1.03317937e+09
 1.03317939e+09 1.03317941e+09 1.03317943e+09 1.03317945e+09
 1.03317947e+09 1.03317948e+09 1.03317950e+09 1.03317952e+09
 1.03317954e+09 1.03317956e+09 1.03317958e+09 1.03317960e+09
 1.03317962e+09 1.03317964e+09 1.03317966e+09 1.03317967e+09
 1.03317969e+09 1.03317971e+09 1.03317973e+09 1.03317975e+09
 1.03317977e+09 1.03317979e+09 1.03317981e+09 1.03317983e+09
 1.03317985e+09 1.03317986e+09 1.03317988e+09 1.03317990e+09
 1.03317992e+09 1.03317994e+09 1.03317996e+09 1.03317998e+09
 1.03318000e+09 1.03318002e+09 1.03318004e+09 1.03318005e+09
 1.03318007e+09 1.03318009e+09 1.03318011e+09 1.03318013e+09
 1.03318015e+09 1.03318017e+09 1.03318019e+09 1.03318021e+09
 1.03318023e+09 1.03318024e+09 1.03318026e+09 1.03318028e+09
 1.03318030e+09 1.03318032e+09 1.03318034e+09 1.03318036e+09
 1.03318038e+09 1.03318040e+09 1.03318042e+09 1.03318043e+09
 1.03318045e+09 1.03318047e+09 1.03318049e+09 1.03318051e+09
 1.03318053e+09 1.03318055e+09 1.03318057e+09 1.03318059e+09
 1.03318061e+09 1.03318062e+09 1.03318064e+09 1.03318066e+09
 1.03318068e+09 1.03318070e+09 1.03318072e+09 1.03318074e+09
 1.03318076e+09 1.03318078e+09 1.03318080e+09 1.03318082e+09
 1.03318083e+09 1.03318085e+09 1.03318087e+09 1.03318089e+09
 1.03318091e+09 1.03318093e+09 1.03318095e+09 1.03318097e+09
 1.03318099e+09 1.03318101e+09 1.03318102e+09 1.03318104e+09
 1.03318106e+09 1.03318108e+09 1.03318110e+09 1.03318112e+09
 1.03318114e+09 1.03318116e+09 1.03318118e+09 1.03318120e+09
 1.03318121e+09 1.03318123e+09 1.03318125e+09 1.03318127e+09
 1.03318129e+09 1.03318131e+09 1.03318133e+09 1.03318135e+09
 1.03318137e+09 1.03318139e+09 1.03318140e+09 1.03318142e+09
 1.03318144e+09 1.03318146e+09 1.03318148e+09 1.03318150e+09
 1.03318152e+09 1.03318154e+09 1.03318156e+09 1.03318158e+09
 1.03318159e+09 1.03318161e+09 1.03318163e+09 1.03318165e+09
 1.03318167e+09 1.03318169e+09 1.03318171e+09 1.03318173e+09
 1.03318175e+09 1.03318177e+09 1.03318178e+09 1.03318180e+09
 1.03318182e+09 1.03318184e+09 1.03318186e+09 1.03318188e+09
 1.03318190e+09 1.03318192e+09 1.03318194e+09 1.03318196e+09
 1.03318197e+09 1.03318199e+09 1.03318201e+09 1.03318203e+09
 1.03318205e+09 1.03318207e+09 1.03318209e+09 1.03318211e+09
 1.03318213e+09 1.03318215e+09 1.03318217e+09 1.03318218e+09
 1.03318220e+09 1.03318222e+09 1.03318224e+09 1.03318226e+09
 1.03318228e+09 1.03318230e+09 1.03318232e+09 1.03318234e+09
 1.03318236e+09 1.03318237e+09 1.03318239e+09 1.03318241e+09
 1.03318243e+09 1.03318245e+09 1.03318247e+09 1.03318249e+09
 1.03318251e+09 1.03318253e+09 1.03318255e+09 1.03318256e+09
 1.03318258e+09 1.03318260e+09 1.03318262e+09 1.03318264e+09
 1.03318266e+09 1.03318268e+09 1.03318270e+09 1.03318272e+09
 1.03318274e+09 1.03318275e+09 1.03318277e+09 1.03318279e+09
 1.03318281e+09 1.03318283e+09 1.03318285e+09 1.03318287e+09
 1.03318289e+09 1.03318291e+09 1.03318293e+09 1.03318294e+09
 1.03318296e+09 1.03318298e+09 1.03318300e+09 1.03318302e+09
 1.03318304e+09 1.03318306e+09 1.03318308e+09 1.03318310e+09
 1.03318312e+09 1.03318313e+09 1.03318315e+09 1.03318317e+09
 1.03318319e+09 1.03318321e+09 1.03318323e+09 1.03318325e+09
 1.03318327e+09 1.03318329e+09 1.03318331e+09 1.03318332e+09
 1.03318334e+09 1.03318336e+09 1.03318338e+09 1.03318340e+09
 1.03318342e+09 1.03318344e+09 1.03318346e+09 1.03318348e+09
 1.03318350e+09 1.03318351e+09 1.03318353e+09 1.03318355e+09
 1.03318357e+09 1.03318359e+09 1.03318361e+09 1.03318363e+09
 1.03318365e+09 1.03318367e+09 1.03318369e+09 1.03318371e+09
 1.03318372e+09 1.03318374e+09 1.03318376e+09 1.03318378e+09
 1.03318380e+09 1.03318382e+09 1.03318384e+09 1.03318386e+09
 1.03318388e+09 1.03318390e+09 1.03318391e+09 1.03318393e+09
 1.03318395e+09 1.03318397e+09 1.03318399e+09 1.03318401e+09
 1.03318403e+09 1.03318405e+09 1.03318407e+09 1.03318409e+09
 1.03318410e+09 1.03318412e+09 1.03318414e+09 1.03318416e+09
 1.03318418e+09 1.03318420e+09 1.03318422e+09 1.03318424e+09
 1.03318426e+09 1.03318428e+09 1.03318429e+09 1.03318431e+09
 1.03318433e+09 1.03318435e+09 1.03318437e+09 1.03318439e+09
 1.03318441e+09 1.03318443e+09 1.03318445e+09 1.03318447e+09
 1.03318448e+09 1.03318450e+09 1.03318452e+09 1.03318454e+09
 1.03318456e+09 1.03318458e+09 1.03318460e+09 1.03318462e+09
 1.03318464e+09 1.03318466e+09 1.03318467e+09 1.03318469e+09
 1.03318471e+09 1.03318473e+09 1.03318475e+09 1.03318477e+09
 1.03318479e+09 1.03318481e+09 1.03318483e+09 1.03318485e+09
 1.03318486e+09 1.03318488e+09 1.03318490e+09 1.03318492e+09
 1.03318494e+09 1.03318496e+09 1.03318498e+09 1.03318500e+09
 1.03318502e+09 1.03318504e+09 1.03318505e+09 1.03318507e+09
 1.03318509e+09 1.03318511e+09 1.03318513e+09 1.03318515e+09
 1.03318517e+09 1.03318519e+09 1.03318521e+09 1.03318523e+09
 1.03318525e+09 1.03318526e+09 1.03318528e+09 1.03318530e+09
 1.03318532e+09 1.03318534e+09 1.03318536e+09 1.03318538e+09
 1.03318540e+09 1.03318542e+09 1.03318544e+09 1.03318545e+09
 1.03318547e+09 1.03318549e+09 1.03318551e+09 1.03318553e+09
 1.03318555e+09 1.03318557e+09 1.03318559e+09 1.03318561e+09
 1.03318563e+09 1.03318564e+09 1.03318566e+09 1.03318568e+09
 1.03318570e+09 1.03318572e+09 1.03318574e+09 1.03318576e+09
 1.03318578e+09 1.03318580e+09 1.03318582e+09 1.03318583e+09
 1.03318585e+09 1.03318587e+09 1.03318589e+09 1.03318591e+09
 1.03318593e+09 1.03318595e+09 1.03318597e+09 1.03318599e+09
 1.03318601e+09 1.03318602e+09 1.03318604e+09 1.03318606e+09
 1.03318608e+09 1.03318610e+09 1.03318612e+09 1.03318614e+09
 1.03318616e+09 1.03318618e+09 1.03318620e+09 1.03318621e+09
 1.03318623e+09 1.03318625e+09 1.03318627e+09 1.03318629e+09
 1.03318631e+09 1.03318633e+09 1.03318635e+09 1.03318637e+09
 1.03318639e+09 1.03318640e+09 1.03318642e+09 1.03318644e+09
 1.03318646e+09 1.03318648e+09 1.03318650e+09 1.03318652e+09]
minRes = 0.09322873955482977
minResTime =  [1.03318631e+09]
