name =JUICE_ROI_CAL_1_0_02
flyby =  ['2032 DEC 27 21:06:34', '2032 DEC 28 21:06:34']
Observation TW =  <SpiceCell dtype = 1, length = 0, size = 2400, card = 4, is_set = 1, adjust = 0, init = 1, base = 1356594678944, data = 1356594678992>
Res(t) =  [3.73158812 3.73027931 3.72897049 3.72766167 3.72635285 3.72504403
 3.7237352  3.72242637 3.72111754 3.7198087  3.71849987 3.71719103
 3.71588219 3.71457334 3.7132645  3.71195565 3.7106468  3.70933794
 3.70802909 3.70672023 3.70541137 3.7041025  3.70279364 3.70148477
 3.7001759  3.69886702 3.69755814 3.69624926 3.69494038 3.6936315
 3.69232261 3.69101372 3.68970483 3.68839593 3.68708704 3.68577814
 3.68446923 3.68316033 3.68185142 3.68054251 3.6792336  3.67792468
 3.67661576 3.67530684 3.67399791 3.67268899 3.67138006 3.67007113
 3.66876219 3.66745325 3.66614431 3.66483537 3.66352642 3.66221748
 3.66090852 3.65959957 3.65829061 3.65698165 3.65567269 3.65436373
 3.65305476 3.65174579 3.65043681 3.64912784 3.64781886 3.64650988
 3.64520089 3.6438919  3.64258291 3.64127392 3.63996492 3.63865592
 3.63734692 3.63603792 3.63472891 3.6334199  3.63211088 3.63080187
 3.62949285 3.62818383 3.6268748  3.62556577 3.62425674 3.62294771
 3.62163867 3.62032963 3.61902059 3.61771154 3.61640249 3.61509344
 3.61378439 3.61247533 3.61116627 3.6098572  3.60854814 3.60723907
 3.60593    3.60462092 3.60331184 3.60200276 3.60069367 3.59938459
 3.59807549 3.5967664  3.5954573  3.5941482  3.5928391  3.59152999
 3.59022088 3.58891177 3.58760266 3.58629354 3.58498441 3.58367529
 3.58236616 3.58105703 3.57974789 3.57843876 3.57712962 3.57582047
 3.57451132 3.57320217 3.57189302 3.57058386 3.5692747  3.56796554
 3.56665637 3.5653472  3.56403803 3.56272886 3.56141968 3.56011049
 3.55880131 3.55749212 3.55618293 3.55487373 3.55356453 3.55225533
 3.55094612 3.54963691 3.5483277  3.54701849 3.54570927 3.54440005
 3.54309082 3.54178159 3.54047236 3.53916312 3.53785388 3.53654464
 3.5352354  3.53392615 3.53261689 3.53130764 3.52999838 3.52868912
 3.52737985 3.52607058 3.52476131 3.52345203 3.52214275 3.52083347
 3.51952418 3.51821489 3.5169056  3.5155963  3.514287   3.5129777
 3.51166839 3.51035908 3.50904976 3.50774045 3.50643113 3.5051218
 3.50381247 3.50250314 3.5011938  3.49988446 3.49857512 3.49726578
 3.49595643 3.49464707 3.49333771 3.49202835 3.49071899 3.48940962
 3.48810025 3.48679088 3.4854815  3.48417211 3.48286273 3.48155334
 3.48024395 3.47893455 3.47762515 3.47631574 3.47500634 3.47369692
 3.47238751 3.47107809 3.46976867 3.46845924 3.46714981 3.46584038
 3.46453094 3.4632215  3.46191205 3.4606026  3.45929315 3.45798369
 3.45667423 3.45536477 3.4540553  3.45274583 3.45143636 3.45012688
 3.44881739 3.44750791 3.44619842 3.44488892 3.44357942 3.44226992
 3.44096042 3.43965091 3.43834139 3.43703187 3.43572235 3.43441283
 3.4331033  3.43179377 3.43048423 3.42917469 3.42786514 3.42655559
 3.42524604 3.42393649 3.42262693 3.42131736 3.42000779 3.41869822
 3.41738864 3.41607906 3.41476948 3.41345989 3.4121503  3.4108407
 3.4095311  3.4082215  3.40691189 3.40560228 3.40429266 3.40298304
 3.40167342 3.40036379 3.39905415 3.39774452 3.39643488 3.39512523
 3.39381558 3.39250593 3.39119627 3.38988661 3.38857695 3.38726728
 3.3859576  3.38464793 3.38333824 3.38202856 3.38071887 3.37940917
 3.37809947 3.37678977 3.37548007 3.37417035 3.37286064 3.37155092
 3.3702412  3.36893147 3.36762174 3.366312   3.36500226 3.36369251
 3.36238276 3.36107301 3.35976325 3.35845349 3.35714373 3.35583396
 3.35452418 3.3532144  3.35190462 3.35059483 3.34928504 3.34797524
 3.34666544 3.34535564 3.34404583 3.34273601 3.3414262  3.34011637
 3.33880655 3.33749672 3.33618688 3.33487704 3.3335672  3.33225735
 3.33094749 3.32963764 3.32832777 3.32701791 3.32570804 3.32439816
 3.32308828 3.3217784  3.32046851 3.31915862 3.31784872 3.31653882
 3.31522891 3.313919   3.31260908 3.31129916 3.30998924 3.30867931
 3.30736938 3.30605944 3.30474949 3.30343955 3.30212959 3.30081964
 3.29950968 3.29819971 3.29688974 3.29557977 3.29426979 3.2929598
 3.29164981 3.29033982 3.28902982 3.28771982 3.28640981 3.2850998
 3.28378978 3.28247976 3.28116974 3.27985971 3.27854967 3.27723963
 3.27592959 3.27461954 3.27330948 3.27199943 3.27068936 3.26937929
 3.26806922 3.26675914 3.26544906 3.26413897 3.26282888 3.26151878
 3.26020868 3.25889858 3.25758847 3.25627835 3.25496823 3.2536581
 3.25234797 3.25103784 3.2497277  3.24841755 3.2471074  3.24579725
 3.24448709 3.24317693 3.24186676 3.24055658 3.2392464  3.23793622
 3.23662603 3.23531584 3.23400564 3.23269544 3.23138523 3.23007501
 3.22876479 3.22745457 3.22614434 3.22483411 3.22352387 3.22221363
 3.22090338 3.21959313 3.21828287 3.21697261 3.21566234 3.21435207
 3.21304179 3.2117315  3.21042122 3.20911092 3.20780062 3.20649032
 3.20518001 3.2038697  3.20255938 3.20124906 3.19993873 3.19862839
 3.19731805 3.19600771 3.19469736 3.19338701 3.19207665 3.19076628
 3.18945591 3.18814554 3.18683516 3.18552477 3.18421438 3.18290399
 3.18159358 3.18028318 3.17897277 3.17766235 3.17635193 3.1750415
 3.17373107 3.17242063 3.17111019 3.16979974 3.16848929 3.16717883
 3.16586837 3.1645579  3.16324742 3.16193694 3.16062646 3.15931597
 3.15800547 3.15669497 3.15538446 3.15407395 3.15276344 3.15145291
 3.15014239 3.14883185 3.14752131 3.14621077 3.14490022 3.14358967
 3.14227911 3.14096854 3.13965797 3.13834739 3.13703681 3.13572623
 3.13441563 3.13310504 3.13179443 3.13048382 3.12917321 3.12786259
 3.12655196 3.12524133 3.1239307  3.12262005 3.12130941 3.11999875
 3.1186881  3.11737743 3.11606676 3.11475609 3.11344541 3.11213472
 3.11082403 3.10951333 3.10820263 3.10689192 3.10558121 3.10427049
 3.10295976 3.10164903 3.10033829 3.09902755 3.0977168  3.09640605
 3.09509529 3.09378453 3.09247376 3.09116298 3.0898522  3.08854141
 3.08723062 3.08591982 3.08460901 3.0832982  3.08198739 3.08067657
 3.07936574 3.0780549  3.07674407 3.07543322 3.07412237 3.07281151
 3.07150065 3.07018978 3.06887891 3.06756803 3.06625714 3.06494625
 3.06363536 3.06232445 3.06101355 3.05970263 3.05839171 3.05708078
 3.05576985 3.05445891 3.05314797 3.05183702 3.05052607 3.0492151
 3.04790414 3.04659316 3.04528218 3.0439712  3.04266021 3.04134921
 3.04003821 3.0387272  3.03741618 3.03610516 3.03479414 3.0334831
 3.03217206 3.03086102 3.02954997 3.02823891 3.02692785 3.02561678
 3.0243057  3.02299462 3.02168354 3.02037244 3.01906134 3.01775024
 3.01643913 3.01512801 3.01381689 3.01250576 3.01119462 3.00988348
 3.00857233 3.00726118 3.00595002 3.00463885 3.00332768 3.0020165
 3.00070532 2.99939412 2.99808293 2.99677172 2.99546051 2.9941493
 2.99283808 2.99152685 2.99021561 2.98890437 2.98759313 2.98628187
 2.98497061 2.98365935 2.98234808 2.9810368  2.97972551 2.97841422
 2.97710293 2.97579162 2.97448031 2.973169   2.97185767 2.97054635
 2.96923501 2.96792367 2.96661232 2.96530097 2.96398961 2.96267824
 2.96136687 2.96005549 2.9587441  2.95743271 2.95612131 2.9548099
 2.95349849 2.95218708 2.95087565 2.94956422 2.94825278 2.94694134
 2.94562989 2.94431843 2.94300697 2.9416955  2.94038402 2.93907254
 2.93776105 2.93644955 2.93513805 2.93382654 2.93251503 2.93120351
 2.92989198 2.92858044 2.9272689  2.92595735 2.9246458  2.92333424
 2.92202267 2.92071109 2.91939951 2.91808793 2.91677633 2.91546473
 2.91415312 2.91284151 2.91152989 2.91021826 2.90890662 2.90759498
 2.90628334 2.90497168 2.90366002 2.90234835 2.90103668 2.899725
 2.89841331 2.89710161 2.89578991 2.8944782  2.89316649 2.89185477
 2.89054304 2.8892313  2.88791956 2.88660781 2.88529606 2.8839843
 2.88267253 2.88136075 2.88004897 2.87873718 2.87742538 2.87611358
 2.87480177 2.87348995 2.87217813 2.87086629 2.86955446 2.86824261
 2.86693076 2.8656189  2.86430704 2.86299516 2.86168328 2.8603714
 2.8590595  2.8577476  2.8564357  2.85512378 2.85381186 2.85249993
 2.851188   2.84987606 2.84856411 2.84725215 2.84594019 2.84462822
 2.84331624 2.84200426 2.84069227 2.83938027 2.83806826 2.83675625
 2.83544423 2.8341322  2.83282017 2.83150813 2.83019608 2.82888402
 2.82757196 2.82625989 2.82494782 2.82363573 2.82232364 2.82101154
 2.81969944 2.81838733 2.81707521 2.81576308 2.81445095 2.81313881
 2.81182666 2.8105145  2.80920234 2.80789017 2.80657799 2.80526581
 2.80395362 2.80264142 2.80132921 2.800017   2.79870478 2.79739255
 2.79608031 2.79476807 2.79345582 2.79214356 2.7908313  2.78951902
 2.78820675 2.78689446 2.78558216 2.78426986 2.78295755 2.78164524
 2.78033291 2.77902058 2.77770824 2.7763959  2.77508355 2.77377118
 2.77245882 2.77114644 2.76983406 2.76852167 2.76720927 2.76589686
 2.76458445 2.76327203 2.7619596  2.76064717 2.75933472 2.75802227
 2.75670981 2.75539735 2.75408488 2.7527724  2.75145991 2.75014741
 2.74883491 2.7475224  2.74620988 2.74489735 2.74358482 2.74227228
 2.74095973 2.73964717 2.73833461 2.73702204 2.73570946 2.73439687
 2.73308427 2.73177167 2.73045906 2.72914644 2.72783382 2.72652118
 2.72520854 2.72389589 2.72258324 2.72127057 2.7199579  2.71864522
 2.71733254 2.71601984 2.71470714 2.71339443 2.71208171 2.71076898
 2.70945625 2.70814351 2.70683076 2.705518   2.70420523 2.70289246
 2.70157968 2.70026689 2.69895409 2.69764129 2.69632848 2.69501566
 2.69370283 2.69238999 2.69107715 2.6897643  2.68845144 2.68713857
 2.68582569 2.68451281 2.68319992 2.68188702 2.68057411 2.67926119
 2.67794827 2.67663534 2.6753224  2.67400945 2.6726965  2.67138353
 2.67007056 2.66875758 2.6674446  2.6661316  2.6648186  2.66350558
 2.66219256 2.66087954 2.6595665  2.65825346 2.6569404  2.65562734
 2.65431427 2.6530012  2.65168811 2.65037502 2.64906192 2.64774881
 2.64643569 2.64512257 2.64380943 2.64249629 2.64118314 2.63986998
 2.63855682 2.63724364 2.63593046 2.63461727 2.63330407 2.63199086
 2.63067765 2.62936442 2.62805119 2.62673795 2.6254247  2.62411144
 2.62279818 2.6214849  2.62017162 2.61885833 2.61754503 2.61623172
 2.61491841 2.61360508 2.61229175 2.61097841 2.60966506 2.6083517
 2.60703834 2.60572496 2.60441158 2.60309819 2.60178479 2.60047138
 2.59915797 2.59784454 2.59653111 2.59521767 2.59390422 2.59259076
 2.59127729 2.58996382 2.58865033 2.58733684 2.58602334 2.58470983
 2.58339631 2.58208278 2.58076925 2.5794557  2.57814215 2.57682859
 2.57551502 2.57420144 2.57288786 2.57157426 2.57026066 2.56894704
 2.56763342 2.56631979 2.56500615 2.56369251 2.56237885 2.56106519
 2.55975151 2.55843783 2.55712414 2.55581044 2.55449673 2.55318302
 2.55186929 2.55055556 2.54924181 2.54792806 2.5466143  2.54530053
 2.54398675 2.54267297 2.54135917 2.54004537 2.53873156 2.53741773
 2.5361039  2.53479006 2.53347621 2.53216236 2.53084849 2.52953462
 2.52822073 2.52690684 2.52559294 2.52427903 2.52296511 2.52165118
 2.52033724 2.5190233  2.51770934 2.51639538 2.51508141 2.51376742
 2.51245343 2.51113943 2.50982543 2.50851141 2.50719738 2.50588335
 2.5045693  2.50325525 2.50194118 2.50062711 2.49931303 2.49799894
 2.49668484 2.49537074 2.49405662 2.49274249 2.49142836 2.49011421
 2.48880006 2.4874859  2.48617173 2.48485755 2.48354336 2.48222916
 2.48091495 2.47960073 2.47828651 2.47697227 2.47565803 2.47434377
 2.47302951 2.47171524 2.47040095 2.46908666 2.46777236 2.46645805
 2.46514374 2.46382941 2.46251507 2.46120073 2.45988637 2.45857201
 2.45725763 2.45594325 2.45462886 2.45331445 2.45200004 2.45068562
 2.44937119 2.44805675 2.4467423  2.44542785 2.44411338 2.4427989
 2.44148441 2.44016992 2.43885541 2.4375409  2.43622638 2.43491184
 2.4335973  2.43228275 2.43096819 2.42965362 2.42833904 2.42702445
 2.42570985 2.42439524 2.42308062 2.42176599]
t =  [1.04106646e+09 1.04106648e+09 1.04106649e+09 1.04106651e+09
 1.04106652e+09 1.04106654e+09 1.04106655e+09 1.04106657e+09
 1.04106658e+09 1.04106660e+09 1.04106662e+09 1.04106663e+09
 1.04106665e+09 1.04106666e+09 1.04106668e+09 1.04106669e+09
 1.04106671e+09 1.04106672e+09 1.04106674e+09 1.04106675e+09
 1.04106677e+09 1.04106678e+09 1.04106680e+09 1.04106681e+09
 1.04106683e+09 1.04106684e+09 1.04106686e+09 1.04106687e+09
 1.04106689e+09 1.04106690e+09 1.04106692e+09 1.04106693e+09
 1.04106695e+09 1.04106696e+09 1.04106698e+09 1.04106700e+09
 1.04106701e+09 1.04106703e+09 1.04106704e+09 1.04106706e+09
 1.04106707e+09 1.04106709e+09 1.04106710e+09 1.04106712e+09
 1.04106713e+09 1.04106715e+09 1.04106716e+09 1.04106718e+09
 1.04106719e+09 1.04106721e+09 1.04106722e+09 1.04106724e+09
 1.04106725e+09 1.04106727e+09 1.04106728e+09 1.04106730e+09
 1.04106731e+09 1.04106733e+09 1.04106734e+09 1.04106736e+09
 1.04106737e+09 1.04106739e+09 1.04106741e+09 1.04106742e+09
 1.04106744e+09 1.04106745e+09 1.04106747e+09 1.04106748e+09
 1.04106750e+09 1.04106751e+09 1.04106753e+09 1.04106754e+09
 1.04106756e+09 1.04106757e+09 1.04106759e+09 1.04106760e+09
 1.04106762e+09 1.04106763e+09 1.04106765e+09 1.04106766e+09
 1.04106768e+09 1.04106769e+09 1.04106771e+09 1.04106772e+09
 1.04106774e+09 1.04106775e+09 1.04106777e+09 1.04106779e+09
 1.04106780e+09 1.04106782e+09 1.04106783e+09 1.04106785e+09
 1.04106786e+09 1.04106788e+09 1.04106789e+09 1.04106791e+09
 1.04106792e+09 1.04106794e+09 1.04106795e+09 1.04106797e+09
 1.04106798e+09 1.04106800e+09 1.04106801e+09 1.04106803e+09
 1.04106804e+09 1.04106806e+09 1.04106807e+09 1.04106809e+09
 1.04106810e+09 1.04106812e+09 1.04106813e+09 1.04106815e+09
 1.04106817e+09 1.04106818e+09 1.04106820e+09 1.04106821e+09
 1.04106823e+09 1.04106824e+09 1.04106826e+09 1.04106827e+09
 1.04106829e+09 1.04106830e+09 1.04106832e+09 1.04106833e+09
 1.04106835e+09 1.04106836e+09 1.04106838e+09 1.04106839e+09
 1.04106841e+09 1.04106842e+09 1.04106844e+09 1.04106845e+09
 1.04106847e+09 1.04106848e+09 1.04106850e+09 1.04106851e+09
 1.04106853e+09 1.04106854e+09 1.04106856e+09 1.04106858e+09
 1.04106859e+09 1.04106861e+09 1.04106862e+09 1.04106864e+09
 1.04106865e+09 1.04106867e+09 1.04106868e+09 1.04106870e+09
 1.04106871e+09 1.04106873e+09 1.04106874e+09 1.04106876e+09
 1.04106877e+09 1.04106879e+09 1.04106880e+09 1.04106882e+09
 1.04106883e+09 1.04106885e+09 1.04106886e+09 1.04106888e+09
 1.04106889e+09 1.04106891e+09 1.04106892e+09 1.04106894e+09
 1.04106896e+09 1.04106897e+09 1.04106899e+09 1.04106900e+09
 1.04106902e+09 1.04106903e+09 1.04106905e+09 1.04106906e+09
 1.04106908e+09 1.04106909e+09 1.04106911e+09 1.04106912e+09
 1.04106914e+09 1.04106915e+09 1.04106917e+09 1.04106918e+09
 1.04106920e+09 1.04106921e+09 1.04106923e+09 1.04106924e+09
 1.04106926e+09 1.04106927e+09 1.04106929e+09 1.04106930e+09
 1.04106932e+09 1.04106934e+09 1.04106935e+09 1.04106937e+09
 1.04106938e+09 1.04106940e+09 1.04106941e+09 1.04106943e+09
 1.04106944e+09 1.04106946e+09 1.04106947e+09 1.04106949e+09
 1.04106950e+09 1.04106952e+09 1.04106953e+09 1.04106955e+09
 1.04106956e+09 1.04106958e+09 1.04106959e+09 1.04106961e+09
 1.04106962e+09 1.04106964e+09 1.04106965e+09 1.04106967e+09
 1.04106968e+09 1.04106970e+09 1.04106971e+09 1.04106973e+09
 1.04106975e+09 1.04106976e+09 1.04106978e+09 1.04106979e+09
 1.04106981e+09 1.04106982e+09 1.04106984e+09 1.04106985e+09
 1.04106987e+09 1.04106988e+09 1.04106990e+09 1.04106991e+09
 1.04106993e+09 1.04106994e+09 1.04106996e+09 1.04106997e+09
 1.04106999e+09 1.04107000e+09 1.04107002e+09 1.04107003e+09
 1.04107005e+09 1.04107006e+09 1.04107008e+09 1.04107009e+09
 1.04107011e+09 1.04107013e+09 1.04107014e+09 1.04107016e+09
 1.04107017e+09 1.04107019e+09 1.04107020e+09 1.04107022e+09
 1.04107023e+09 1.04107025e+09 1.04107026e+09 1.04107028e+09
 1.04107029e+09 1.04107031e+09 1.04107032e+09 1.04107034e+09
 1.04107035e+09 1.04107037e+09 1.04107038e+09 1.04107040e+09
 1.04107041e+09 1.04107043e+09 1.04107044e+09 1.04107046e+09
 1.04107047e+09 1.04107049e+09 1.04107051e+09 1.04107052e+09
 1.04107054e+09 1.04107055e+09 1.04107057e+09 1.04107058e+09
 1.04107060e+09 1.04107061e+09 1.04107063e+09 1.04107064e+09
 1.04107066e+09 1.04107067e+09 1.04107069e+09 1.04107070e+09
 1.04107072e+09 1.04107073e+09 1.04107075e+09 1.04107076e+09
 1.04107078e+09 1.04107079e+09 1.04107081e+09 1.04107082e+09
 1.04107084e+09 1.04107085e+09 1.04107087e+09 1.04107088e+09
 1.04107090e+09 1.04107092e+09 1.04107093e+09 1.04107095e+09
 1.04107096e+09 1.04107098e+09 1.04107099e+09 1.04107101e+09
 1.04107102e+09 1.04107104e+09 1.04107105e+09 1.04107107e+09
 1.04107108e+09 1.04107110e+09 1.04107111e+09 1.04107113e+09
 1.04107114e+09 1.04107116e+09 1.04107117e+09 1.04107119e+09
 1.04107120e+09 1.04107122e+09 1.04107123e+09 1.04107125e+09
 1.04107126e+09 1.04107128e+09 1.04107130e+09 1.04107131e+09
 1.04107133e+09 1.04107134e+09 1.04107136e+09 1.04107137e+09
 1.04107139e+09 1.04107140e+09 1.04107142e+09 1.04107143e+09
 1.04107145e+09 1.04107146e+09 1.04107148e+09 1.04107149e+09
 1.04107151e+09 1.04107152e+09 1.04107154e+09 1.04107155e+09
 1.04107157e+09 1.04107158e+09 1.04107160e+09 1.04107161e+09
 1.04107163e+09 1.04107164e+09 1.04107166e+09 1.04107168e+09
 1.04107169e+09 1.04107171e+09 1.04107172e+09 1.04107174e+09
 1.04107175e+09 1.04107177e+09 1.04107178e+09 1.04107180e+09
 1.04107181e+09 1.04107183e+09 1.04107184e+09 1.04107186e+09
 1.04107187e+09 1.04107189e+09 1.04107190e+09 1.04107192e+09
 1.04107193e+09 1.04107195e+09 1.04107196e+09 1.04107198e+09
 1.04107199e+09 1.04107201e+09 1.04107202e+09 1.04107204e+09
 1.04107206e+09 1.04107207e+09 1.04107209e+09 1.04107210e+09
 1.04107212e+09 1.04107213e+09 1.04107215e+09 1.04107216e+09
 1.04107218e+09 1.04107219e+09 1.04107221e+09 1.04107222e+09
 1.04107224e+09 1.04107225e+09 1.04107227e+09 1.04107228e+09
 1.04107230e+09 1.04107231e+09 1.04107233e+09 1.04107234e+09
 1.04107236e+09 1.04107237e+09 1.04107239e+09 1.04107240e+09
 1.04107242e+09 1.04107243e+09 1.04107245e+09 1.04107247e+09
 1.04107248e+09 1.04107250e+09 1.04107251e+09 1.04107253e+09
 1.04107254e+09 1.04107256e+09 1.04107257e+09 1.04107259e+09
 1.04107260e+09 1.04107262e+09 1.04107263e+09 1.04107265e+09
 1.04107266e+09 1.04107268e+09 1.04107269e+09 1.04107271e+09
 1.04107272e+09 1.04107274e+09 1.04107275e+09 1.04107277e+09
 1.04107278e+09 1.04107280e+09 1.04107281e+09 1.04107283e+09
 1.04107285e+09 1.04107286e+09 1.04107288e+09 1.04107289e+09
 1.04107291e+09 1.04107292e+09 1.04107294e+09 1.04107295e+09
 1.04107297e+09 1.04107298e+09 1.04107300e+09 1.04107301e+09
 1.04107303e+09 1.04107304e+09 1.04107306e+09 1.04107307e+09
 1.04107309e+09 1.04107310e+09 1.04107312e+09 1.04107313e+09
 1.04107315e+09 1.04107316e+09 1.04107318e+09 1.04107319e+09
 1.04107321e+09 1.04107323e+09 1.04107324e+09 1.04107326e+09
 1.04107327e+09 1.04107329e+09 1.04107330e+09 1.04107332e+09
 1.04107333e+09 1.04107335e+09 1.04107336e+09 1.04107338e+09
 1.04107339e+09 1.04107341e+09 1.04107342e+09 1.04107344e+09
 1.04107345e+09 1.04107347e+09 1.04107348e+09 1.04107350e+09
 1.04107351e+09 1.04107353e+09 1.04107354e+09 1.04107356e+09
 1.04107357e+09 1.04107359e+09 1.04107360e+09 1.04107362e+09
 1.04107364e+09 1.04107365e+09 1.04107367e+09 1.04107368e+09
 1.04107370e+09 1.04107371e+09 1.04107373e+09 1.04107374e+09
 1.04107376e+09 1.04107377e+09 1.04107379e+09 1.04107380e+09
 1.04107382e+09 1.04107383e+09 1.04107385e+09 1.04107386e+09
 1.04107388e+09 1.04107389e+09 1.04107391e+09 1.04107392e+09
 1.04107394e+09 1.04107395e+09 1.04107397e+09 1.04107398e+09
 1.04107400e+09 1.04107402e+09 1.04107403e+09 1.04107405e+09
 1.04107406e+09 1.04107408e+09 1.04107409e+09 1.04107411e+09
 1.04107412e+09 1.04107414e+09 1.04107415e+09 1.04107417e+09
 1.04107418e+09 1.04107420e+09 1.04107421e+09 1.04107423e+09
 1.04107424e+09 1.04107426e+09 1.04107427e+09 1.04107429e+09
 1.04107430e+09 1.04107432e+09 1.04107433e+09 1.04107435e+09
 1.04107436e+09 1.04107438e+09 1.04107440e+09 1.04107441e+09
 1.04107443e+09 1.04107444e+09 1.04107446e+09 1.04107447e+09
 1.04107449e+09 1.04107450e+09 1.04107452e+09 1.04107453e+09
 1.04107455e+09 1.04107456e+09 1.04107458e+09 1.04107459e+09
 1.04107461e+09 1.04107462e+09 1.04107464e+09 1.04107465e+09
 1.04107467e+09 1.04107468e+09 1.04107470e+09 1.04107471e+09
 1.04107473e+09 1.04107474e+09 1.04107476e+09 1.04107477e+09
 1.04107479e+09 1.04107481e+09 1.04107482e+09 1.04107484e+09
 1.04107485e+09 1.04107487e+09 1.04107488e+09 1.04107490e+09
 1.04107491e+09 1.04107493e+09 1.04107494e+09 1.04107496e+09
 1.04107497e+09 1.04107499e+09 1.04107500e+09 1.04107502e+09
 1.04107503e+09 1.04107505e+09 1.04107506e+09 1.04107508e+09
 1.04107509e+09 1.04107511e+09 1.04107512e+09 1.04107514e+09
 1.04107515e+09 1.04107517e+09 1.04107519e+09 1.04107520e+09
 1.04107522e+09 1.04107523e+09 1.04107525e+09 1.04107526e+09
 1.04107528e+09 1.04107529e+09 1.04107531e+09 1.04107532e+09
 1.04107534e+09 1.04107535e+09 1.04107537e+09 1.04107538e+09
 1.04107540e+09 1.04107541e+09 1.04107543e+09 1.04107544e+09
 1.04107546e+09 1.04107547e+09 1.04107549e+09 1.04107550e+09
 1.04107552e+09 1.04107553e+09 1.04107555e+09 1.04107557e+09
 1.04107558e+09 1.04107560e+09 1.04107561e+09 1.04107563e+09
 1.04107564e+09 1.04107566e+09 1.04107567e+09 1.04107569e+09
 1.04107570e+09 1.04107572e+09 1.04107573e+09 1.04107575e+09
 1.04107576e+09 1.04107578e+09 1.04107579e+09 1.04107581e+09
 1.04107582e+09 1.04107584e+09 1.04107585e+09 1.04107587e+09
 1.04107588e+09 1.04107590e+09 1.04107591e+09 1.04107593e+09
 1.04107594e+09 1.04107596e+09 1.04107598e+09 1.04107599e+09
 1.04107601e+09 1.04107602e+09 1.04107604e+09 1.04107605e+09
 1.04107607e+09 1.04107608e+09 1.04107610e+09 1.04107611e+09
 1.04107613e+09 1.04107614e+09 1.04107616e+09 1.04107617e+09
 1.04107619e+09 1.04107620e+09 1.04107622e+09 1.04107623e+09
 1.04107625e+09 1.04107626e+09 1.04107628e+09 1.04107629e+09
 1.04107631e+09 1.04107632e+09 1.04107634e+09 1.04107636e+09
 1.04107637e+09 1.04107639e+09 1.04107640e+09 1.04107642e+09
 1.04107643e+09 1.04107645e+09 1.04107646e+09 1.04107648e+09
 1.04107649e+09 1.04107651e+09 1.04107652e+09 1.04107654e+09
 1.04107655e+09 1.04107657e+09 1.04107658e+09 1.04107660e+09
 1.04107661e+09 1.04107663e+09 1.04107664e+09 1.04107666e+09
 1.04107667e+09 1.04107669e+09 1.04107670e+09 1.04107672e+09
 1.04107674e+09 1.04107675e+09 1.04107677e+09 1.04107678e+09
 1.04107680e+09 1.04107681e+09 1.04107683e+09 1.04107684e+09
 1.04107686e+09 1.04107687e+09 1.04107689e+09 1.04107690e+09
 1.04107692e+09 1.04107693e+09 1.04107695e+09 1.04107696e+09
 1.04107698e+09 1.04107699e+09 1.04107701e+09 1.04107702e+09
 1.04107704e+09 1.04107705e+09 1.04107707e+09 1.04107708e+09
 1.04107710e+09 1.04107712e+09 1.04107713e+09 1.04107715e+09
 1.04107716e+09 1.04107718e+09 1.04107719e+09 1.04107721e+09
 1.04107722e+09 1.04107724e+09 1.04107725e+09 1.04107727e+09
 1.04107728e+09 1.04107730e+09 1.04107731e+09 1.04107733e+09
 1.04107734e+09 1.04107736e+09 1.04107737e+09 1.04107739e+09
 1.04107740e+09 1.04107742e+09 1.04107743e+09 1.04107745e+09
 1.04107746e+09 1.04107748e+09 1.04107749e+09 1.04107751e+09
 1.04107753e+09 1.04107754e+09 1.04107756e+09 1.04107757e+09
 1.04107759e+09 1.04107760e+09 1.04107762e+09 1.04107763e+09
 1.04107765e+09 1.04107766e+09 1.04107768e+09 1.04107769e+09
 1.04107771e+09 1.04107772e+09 1.04107774e+09 1.04107775e+09
 1.04107777e+09 1.04107778e+09 1.04107780e+09 1.04107781e+09
 1.04107783e+09 1.04107784e+09 1.04107786e+09 1.04107787e+09
 1.04107789e+09 1.04107791e+09 1.04107792e+09 1.04107794e+09
 1.04107795e+09 1.04107797e+09 1.04107798e+09 1.04107800e+09
 1.04107801e+09 1.04107803e+09 1.04107804e+09 1.04107806e+09
 1.04107807e+09 1.04107809e+09 1.04107810e+09 1.04107812e+09
 1.04107813e+09 1.04107815e+09 1.04107816e+09 1.04107818e+09
 1.04107819e+09 1.04107821e+09 1.04107822e+09 1.04107824e+09
 1.04107825e+09 1.04107827e+09 1.04107829e+09 1.04107830e+09
 1.04107832e+09 1.04107833e+09 1.04107835e+09 1.04107836e+09
 1.04107838e+09 1.04107839e+09 1.04107841e+09 1.04107842e+09
 1.04107844e+09 1.04107845e+09 1.04107847e+09 1.04107848e+09
 1.04107850e+09 1.04107851e+09 1.04107853e+09 1.04107854e+09
 1.04107856e+09 1.04107857e+09 1.04107859e+09 1.04107860e+09
 1.04107862e+09 1.04107863e+09 1.04107865e+09 1.04107866e+09
 1.04107868e+09 1.04107870e+09 1.04107871e+09 1.04107873e+09
 1.04107874e+09 1.04107876e+09 1.04107877e+09 1.04107879e+09
 1.04107880e+09 1.04107882e+09 1.04107883e+09 1.04107885e+09
 1.04107886e+09 1.04107888e+09 1.04107889e+09 1.04107891e+09
 1.04107892e+09 1.04107894e+09 1.04107895e+09 1.04107897e+09
 1.04107898e+09 1.04107900e+09 1.04107901e+09 1.04107903e+09
 1.04107904e+09 1.04107906e+09 1.04107908e+09 1.04107909e+09
 1.04107911e+09 1.04107912e+09 1.04107914e+09 1.04107915e+09
 1.04107917e+09 1.04107918e+09 1.04107920e+09 1.04107921e+09
 1.04107923e+09 1.04107924e+09 1.04107926e+09 1.04107927e+09
 1.04107929e+09 1.04107930e+09 1.04107932e+09 1.04107933e+09
 1.04107935e+09 1.04107936e+09 1.04107938e+09 1.04107939e+09
 1.04107941e+09 1.04107942e+09 1.04107944e+09 1.04107946e+09
 1.04107947e+09 1.04107949e+09 1.04107950e+09 1.04107952e+09
 1.04107953e+09 1.04107955e+09 1.04107956e+09 1.04107958e+09
 1.04107959e+09 1.04107961e+09 1.04107962e+09 1.04107964e+09
 1.04107965e+09 1.04107967e+09 1.04107968e+09 1.04107970e+09
 1.04107971e+09 1.04107973e+09 1.04107974e+09 1.04107976e+09
 1.04107977e+09 1.04107979e+09 1.04107980e+09 1.04107982e+09
 1.04107983e+09 1.04107985e+09 1.04107987e+09 1.04107988e+09
 1.04107990e+09 1.04107991e+09 1.04107993e+09 1.04107994e+09
 1.04107996e+09 1.04107997e+09 1.04107999e+09 1.04108000e+09
 1.04108002e+09 1.04108003e+09 1.04108005e+09 1.04108006e+09
 1.04108008e+09 1.04108009e+09 1.04108011e+09 1.04108012e+09
 1.04108014e+09 1.04108015e+09 1.04108017e+09 1.04108018e+09
 1.04108020e+09 1.04108021e+09 1.04108023e+09 1.04108025e+09
 1.04108026e+09 1.04108028e+09 1.04108029e+09 1.04108031e+09
 1.04108032e+09 1.04108034e+09 1.04108035e+09 1.04108037e+09
 1.04108038e+09 1.04108040e+09 1.04108041e+09 1.04108043e+09
 1.04108044e+09 1.04108046e+09 1.04108047e+09 1.04108049e+09
 1.04108050e+09 1.04108052e+09 1.04108053e+09 1.04108055e+09
 1.04108056e+09 1.04108058e+09 1.04108059e+09 1.04108061e+09
 1.04108063e+09 1.04108064e+09 1.04108066e+09 1.04108067e+09
 1.04108069e+09 1.04108070e+09 1.04108072e+09 1.04108073e+09
 1.04108075e+09 1.04108076e+09 1.04108078e+09 1.04108079e+09
 1.04108081e+09 1.04108082e+09 1.04108084e+09 1.04108085e+09
 1.04108087e+09 1.04108088e+09 1.04108090e+09 1.04108091e+09
 1.04108093e+09 1.04108094e+09 1.04108096e+09 1.04108097e+09
 1.04108099e+09 1.04108100e+09 1.04108102e+09 1.04108104e+09
 1.04108105e+09 1.04108107e+09 1.04108108e+09 1.04108110e+09
 1.04108111e+09 1.04108113e+09 1.04108114e+09 1.04108116e+09
 1.04108117e+09 1.04108119e+09 1.04108120e+09 1.04108122e+09
 1.04108123e+09 1.04108125e+09 1.04108126e+09 1.04108128e+09
 1.04108129e+09 1.04108131e+09 1.04108132e+09 1.04108134e+09
 1.04108135e+09 1.04108137e+09 1.04108138e+09 1.04108140e+09
 1.04108142e+09 1.04108143e+09 1.04108145e+09 1.04108146e+09
 1.04108148e+09 1.04108149e+09 1.04108151e+09 1.04108152e+09
 1.04108154e+09 1.04108155e+09 1.04108157e+09 1.04108158e+09
 1.04108160e+09 1.04108161e+09 1.04108163e+09 1.04108164e+09]
minRes = 2.4217659903888715
minResTime =  [1.04108164e+09]
