name =JUICE_ROI_CAL_4_3_01
flyby =  ['2032 DEC 27 21:06:34', '2032 DEC 28 21:06:34']
Observation TW =  <SpiceCell dtype = 1, length = 0, size = 2400, card = 4, is_set = 1, adjust = 0, init = 1, base = 1356596338096, data = 1356596338144>
Res(t) =  [3.77423156 3.77047967 3.76672793 3.76297633 3.75922487 3.75547355
 3.75172238 3.74797134 3.74422045 3.74046969 3.73671908 3.7329686
 3.72921827 3.72546808 3.72171802 3.71796811 3.71421833 3.7104687
 3.7067192  3.70296984 3.69922062 3.69547154 3.6917226  3.6879738
 3.68422514 3.68047661 3.67672822 3.67297997 3.66923185 3.66548388
 3.66173604 3.65798834 3.65424077 3.65049334 3.64674605 3.6429989
 3.63925188 3.635505   3.63175825 3.62801164 3.62426516 3.62051882
 3.61677262 3.61302655 3.60928062 3.60553482 3.60178915 3.59804362
 3.59429823 3.59055297 3.58680784 3.58306285 3.57931799 3.57557326
 3.57182867 3.56808421 3.56433989 3.56059569 3.55685163 3.55310771
 3.54936391 3.54562025 3.54187672 3.53813332 3.53439006 3.53064692
 3.52690392 3.52316105 3.51941831 3.5156757  3.51193322 3.50819087
 3.50444866 3.50070657 3.49696461 3.49322279 3.48948109 3.48573953
 3.48199809 3.47825678 3.4745156  3.47077456 3.46703364 3.46329285
 3.45955218 3.45581165 3.45207125 3.44833097 3.44459082 3.4408508
 3.43711091 3.43337114 3.4296315  3.42589199 3.42215261 3.41841335
 3.41467422 3.41093522 3.40719634 3.40345759 3.39971897 3.39598047
 3.3922421  3.38850385 3.38476573 3.38102774 3.37728987 3.37355212
 3.3698145  3.366077   3.36233963 3.35860238 3.35486526 3.35112826
 3.34739139 3.34365464 3.33991801 3.33618151 3.33244513 3.32870887
 3.32497273 3.32123672 3.31750083 3.31376507 3.31002942 3.3062939
 3.3025585  3.29882322 3.29508806 3.29135303 3.28761811 3.28388332
 3.28014865 3.2764141  3.27267967 3.26894536 3.26521117 3.2614771
 3.25774315 3.25400932 3.25027562 3.24654203 3.24280856 3.2390752
 3.23534197 3.23160886 3.22787587 3.22414299 3.22041023 3.2166776
 3.21294508 3.20921267 3.20548039 3.20174822 3.19801617 3.19428424
 3.19055242 3.18682073 3.18308915 3.17935768 3.17562633 3.1718951
 3.16816399 3.16443299 3.1607021  3.15697134 3.15324068 3.14951015
 3.14577973 3.14204942 3.13831923 3.13458915 3.13085919 3.12712934
 3.12339961 3.11966999 3.11594048 3.11221109 3.10848182 3.10475265
 3.1010236  3.09729466 3.09356584 3.08983713 3.08610853 3.08238004
 3.07865166 3.0749234  3.07119525 3.06746721 3.06373929 3.06001147
 3.05628377 3.05255617 3.04882869 3.04510132 3.04137406 3.03764691
 3.03391987 3.03019294 3.02646612 3.02273942 3.01901282 3.01528633
 3.01155995 3.00783368 3.00410751 3.00038146 2.99665552 2.99292968
 2.98920395 2.98547834 2.98175283 2.97802742 2.97430213 2.97057694
 2.96685186 2.96312689 2.95940202 2.95567726 2.95195261 2.94822807
 2.94450363 2.9407793  2.93705507 2.93333095 2.92960694 2.92588303
 2.92215923 2.91843553 2.91471194 2.91098845 2.90726507 2.90354179
 2.89981862 2.89609555 2.89237258 2.88864972 2.88492696 2.88120431
 2.87748176 2.87375932 2.87003697 2.86631473 2.8625926  2.85887056
 2.85514863 2.8514268  2.84770508 2.84398345 2.84026193 2.83654051
 2.83281919 2.82909797 2.82537685 2.82165584 2.81793492 2.81421411
 2.8104934  2.80677278 2.80305227 2.79933186 2.79561154 2.79189133
 2.78817122 2.78445121 2.78073129 2.77701148 2.77329176 2.76957214
 2.76585262 2.7621332  2.75841388 2.75469466 2.75097553 2.7472565
 2.74353757 2.73981874 2.73610001 2.73238137 2.72866283 2.72494438
 2.72122603 2.71750778 2.71378963 2.71007157 2.70635361 2.70263574
 2.69891797 2.69520029 2.69148271 2.68776523 2.68404784 2.68033054
 2.67661334 2.67289624 2.66917923 2.66546231 2.66174549 2.65802876
 2.65431212 2.65059558 2.64687913 2.64316278 2.63944651 2.63573034
 2.63201427 2.62829828 2.62458239 2.62086659 2.61715088 2.61343527
 2.60971975 2.60600431 2.60228897 2.59857372 2.59485856 2.5911435
 2.58742852 2.58371363 2.57999884 2.57628413 2.57256952 2.56885499
 2.56514056 2.56142621 2.55771195 2.55399779 2.55028371 2.54656972
 2.54285582 2.53914201 2.53542828 2.53171465 2.5280011  2.52428764
 2.52057427 2.51686099 2.51314779 2.50943468 2.50572166 2.50200873
 2.49829588 2.49458312 2.49087044 2.48715785 2.48344535 2.47973294
 2.4760206  2.47230836 2.4685962  2.46488413 2.46117214 2.45746023
 2.45374841 2.45003668 2.44632503 2.44261346 2.43890198 2.43519058
 2.43147927 2.42776804 2.42405689 2.42034583 2.41663485 2.41292395
 2.40921314 2.40550241 2.40179176 2.39808119 2.3943707  2.3906603
 2.38694998 2.38323974 2.37952958 2.37581951 2.37210951 2.3683996
 2.36468976 2.36098001 2.35727034 2.35356075 2.34985124 2.3461418
 2.34243245 2.33872318 2.33501399 2.33130487 2.32759584 2.32388688
 2.32017801 2.31646921 2.31276049 2.30905185 2.30534329 2.3016348
 2.2979264  2.29421807 2.29050982 2.28680164 2.28309355 2.27938553
 2.27567758 2.27196972 2.26826193 2.26455421 2.26084658 2.25713902
 2.25343153 2.24972412 2.24601679 2.24230953 2.23860235 2.23489524
 2.2311882  2.22748124 2.22377436 2.22006755 2.21636082 2.21265415
 2.20894757 2.20524105 2.20153461 2.19782825 2.19412195 2.19041573
 2.18670958 2.18300351 2.17929751 2.17559158 2.17188572 2.16817993
 2.16447422 2.16076858 2.15706301 2.15335751 2.14965208 2.14594673
 2.14224144 2.13853622 2.13483108 2.13112601 2.127421   2.12371607
 2.12001121 2.11630641 2.11260169 2.10889703 2.10519245 2.10148793
 2.09778349 2.09407911 2.0903748  2.08667056 2.08296638 2.07926228
 2.07555824 2.07185427 2.06815037 2.06444654 2.06074277 2.05703907
 2.05333544 2.04963187 2.04592837 2.04222494 2.03852158 2.03481828
 2.03111504 2.02741187 2.02370877 2.02000573 2.01630276 2.01259986
 2.00889701 2.00519424 2.00149153 1.99778888 1.9940863  1.99038378
 1.98668132 1.98297893 1.97927661 1.97557434 1.97187214 1.96817001
 1.96446793 1.96076592 1.95706397 1.95336209 1.94966027 1.94595851
 1.94225681 1.93855517 1.9348536  1.93115208 1.92745063 1.92374924
 1.92004791 1.91634664 1.91264544 1.90894429 1.90524321 1.90154218
 1.89784121 1.89414031 1.89043946 1.88673868 1.88303795 1.87933729
 1.87563668 1.87193613 1.86823564 1.86453521 1.86083484 1.85713452
 1.85343427 1.84973407 1.84603393 1.84233385 1.83863383 1.83493386
 1.83123395 1.8275341  1.82383431 1.82013457 1.81643489 1.81273527
 1.8090357  1.80533619 1.80163673 1.79793733 1.79423799 1.7905387
 1.78683947 1.78314029 1.77944117 1.7757421  1.77204309 1.76834413
 1.76464523 1.76094638 1.75724759 1.75354885 1.74985016 1.74615153
 1.74245295 1.73875443 1.73505596 1.73135754 1.72765917 1.72396086
 1.7202626  1.71656439 1.71286624 1.70916814 1.70547009 1.70177209
 1.69807414 1.69437625 1.6906784  1.68698061 1.68328287 1.67958518
 1.67588755 1.67218996 1.66849242 1.66479494 1.6610975  1.65740012
 1.65370278 1.6500055  1.64630826 1.64261108 1.63891394 1.63521685
 1.63151982 1.62782283 1.62412589 1.620429   1.61673216 1.61303536
 1.60933862 1.60564192 1.60194528 1.59824868 1.59455212 1.59085562
 1.58715916 1.58346275 1.57976639 1.57607008 1.57237381 1.56867759
 1.56498141 1.56128529 1.55758921 1.55389317 1.55019718 1.54650124
 1.54280535 1.5391095  1.53541369 1.53171794 1.52802222 1.52432656
 1.52063093 1.51693536 1.51323982 1.50954434 1.5058489  1.5021535
 1.49845814 1.49476284 1.49106757 1.48737235 1.48367718 1.47998204
 1.47628696 1.47259191 1.46889691 1.46520195 1.46150704 1.45781217
 1.45411734 1.45042256 1.44672782 1.44303312 1.43933846 1.43564385
 1.43194928 1.42825475 1.42456026 1.42086582 1.41717142 1.41347706
 1.40978274 1.40608847 1.40239423 1.39870004 1.39500589 1.39131178
 1.38761771 1.38392368 1.3802297  1.37653575 1.37284185 1.36914799
 1.36545417 1.36176039 1.35806665 1.35437295 1.35067929 1.34698567
 1.34329209 1.33959855 1.33590506 1.3322116  1.32851818 1.3248248
 1.32113147 1.31743817 1.31374491 1.31005169 1.30635852 1.30266538
 1.29897228 1.29527922 1.2915862  1.28789322 1.28420028 1.28050738
 1.27681452 1.27312169 1.26942891 1.26573617 1.26204346 1.25835079
 1.25465817 1.25096558 1.24727303 1.24358052 1.23988805 1.23619562
 1.23250323 1.22881088 1.22511856 1.22142629 1.21773405 1.21404185
 1.21034969 1.20665757 1.20296549 1.19927345 1.19558145 1.19188949
 1.18819756 1.18450568 1.18081383 1.17712203 1.17343026 1.16973853
 1.16604684 1.16235519 1.15866358 1.15497201 1.15128048 1.14758899
 1.14389753 1.14020612 1.13651475 1.13282342 1.12913212 1.12544087
 1.12174966 1.11805848 1.11436735 1.11067626 1.10698521 1.10329419
 1.09960322 1.09591229 1.09222141 1.08853056 1.08483975 1.08114899
 1.07745826 1.07376758 1.07007694 1.06638634 1.06269579 1.05900527
 1.0553148  1.05162437 1.04793399 1.04424365 1.04055335 1.03686309
 1.03317288 1.02948272 1.02579259 1.02210251 1.01841248 1.01472249
 1.01103255 1.00734265 1.0036528  0.999963   0.99627324 0.99258353
 0.98889386 0.98520424 0.98151467 0.97782515 0.97413568 0.97044626
 0.96675688 0.96306756 0.95937829 0.95568906 0.95199989 0.94831077
 0.9446217  0.94093268 0.93724372 0.93355481 0.92986596 0.92617715
 0.92248841 0.91879972 0.91511108 0.9114225  0.90773398 0.90404552
 0.90035711 0.89666877 0.89298048 0.88929225 0.88560409 0.88191599
 0.87822795 0.87453997 0.87085206 0.86716421 0.86347643 0.85978871
 0.85610106 0.85241348 0.84872597 0.84503853 0.84135116 0.83766386
 0.83397664 0.83028949 0.82660241 0.82291541 0.81922849 0.81554165
 0.81185488 0.8081682  0.80448159 0.80079507 0.79710864 0.79342229
 0.78973603 0.78604985 0.78236377 0.77867777 0.77499187 0.77130606
 0.76762035 0.76393474 0.76024922 0.75656381 0.7528785  0.74919329
 0.74550819 0.74182319 0.73813831 0.73445353 0.73076887 0.72708433
 0.7233999  0.7197156  0.71603141 0.71234735 0.70866342 0.70497961
 0.70129594 0.6976124  0.693929   0.69024574 0.68656262 0.68287964
 0.67919682 0.67551414 0.67183162 0.66814925 0.66446705 0.66078501
 0.65710313 0.65342143 0.6497399  0.64605855 0.64237738 0.63869639
 0.6350156  0.631335   0.6276546  0.6239744  0.6202944  0.61661462
 0.61293505 0.60925571 0.60660279 0.60292418 0.59924582 0.59556771
 0.59188985 0.58821224 0.58453491 0.58085785 0.57718106 0.57350457
 0.56982836 0.56615246 0.56247686 0.55880158 0.55512662 0.55145199
 0.54777769 0.54410375 0.54043016 0.53675694 0.5330841  0.52941163
 0.52573957 0.52206791 0.51839666 0.51472584 0.51105547 0.50738554
 0.50371607 0.50004708 0.49637858 0.49271059 0.4890431  0.48537616
 0.48170975 0.47804391 0.47437865 0.47071398 0.46704993 0.46338651
 0.45972374 0.45606163 0.45240022 0.44873952 0.44507954 0.44142033
 0.43776189 0.43410426 0.43044745 0.4267915  0.42313644 0.41948228
 0.41582907 0.41217683 0.40852559 0.40487539 0.40122627 0.39757825
 0.39393139 0.39028571 0.38664127 0.3829981  0.37935625 0.37571577
 0.3720767  0.36843911 0.36480304 0.36116856 0.35753571 0.35390457
 0.3502752  0.34664768 0.34302206 0.33939844 0.33577689 0.33215749
 0.32854034 0.32492553 0.32131315 0.31770331 0.31409613 0.31049172
 0.30689019 0.30329169 0.29969634 0.2961043  0.29251572 0.28893076
 0.28534959 0.2817724  0.27819939 0.27463076 0.27106675 0.26750757
 0.26395349 0.26040478 0.25686173 0.25332464 0.24979386 0.24626972
 0.24275262 0.23924297 0.23574122 0.23224783 0.22876332 0.22528826
 0.22182325 0.21836894 0.21492604 0.21149534 0.20807768 0.20467398
 0.20128525 0.1979126  0.19455726 0.19122057 0.187904   0.1846092
 0.181338   0.17809242 0.17487472 0.17168745 0.16853345 0.16541592
 0.16233852 0.15930535 0.15632115 0.15339131 0.15052205 0.14772061
 0.14499538 0.14235625 0.13981487 0.13738515 0.13508379 0.13293105
 0.13095183 0.12917703 0.12764563 0.12640758 0.12552811 0.12509443
 0.12522624 0.12609335 0.12794655 0.13117576]
t =  [1.04106646e+09 1.04106651e+09 1.04106655e+09 1.04106659e+09
 1.04106663e+09 1.04106667e+09 1.04106672e+09 1.04106676e+09
 1.04106680e+09 1.04106684e+09 1.04106689e+09 1.04106693e+09
 1.04106697e+09 1.04106701e+09 1.04106706e+09 1.04106710e+09
 1.04106714e+09 1.04106718e+09 1.04106723e+09 1.04106727e+09
 1.04106731e+09 1.04106735e+09 1.04106739e+09 1.04106744e+09
 1.04106748e+09 1.04106752e+09 1.04106756e+09 1.04106761e+09
 1.04106765e+09 1.04106769e+09 1.04106773e+09 1.04106778e+09
 1.04106782e+09 1.04106786e+09 1.04106790e+09 1.04106795e+09
 1.04106799e+09 1.04106803e+09 1.04106807e+09 1.04106811e+09
 1.04106816e+09 1.04106820e+09 1.04106824e+09 1.04106828e+09
 1.04106833e+09 1.04106837e+09 1.04106841e+09 1.04106845e+09
 1.04106850e+09 1.04106854e+09 1.04106858e+09 1.04106862e+09
 1.04106866e+09 1.04106871e+09 1.04106875e+09 1.04106879e+09
 1.04106883e+09 1.04106888e+09 1.04106892e+09 1.04106896e+09
 1.04106900e+09 1.04106905e+09 1.04106909e+09 1.04106913e+09
 1.04106917e+09 1.04106922e+09 1.04106926e+09 1.04106930e+09
 1.04106934e+09 1.04106938e+09 1.04106943e+09 1.04106947e+09
 1.04106951e+09 1.04106955e+09 1.04106960e+09 1.04106964e+09
 1.04106968e+09 1.04106972e+09 1.04106977e+09 1.04106981e+09
 1.04106985e+09 1.04106989e+09 1.04106993e+09 1.04106998e+09
 1.04107002e+09 1.04107006e+09 1.04107010e+09 1.04107015e+09
 1.04107019e+09 1.04107023e+09 1.04107027e+09 1.04107032e+09
 1.04107036e+09 1.04107040e+09 1.04107044e+09 1.04107049e+09
 1.04107053e+09 1.04107057e+09 1.04107061e+09 1.04107065e+09
 1.04107070e+09 1.04107074e+09 1.04107078e+09 1.04107082e+09
 1.04107087e+09 1.04107091e+09 1.04107095e+09 1.04107099e+09
 1.04107104e+09 1.04107108e+09 1.04107112e+09 1.04107116e+09
 1.04107121e+09 1.04107125e+09 1.04107129e+09 1.04107133e+09
 1.04107137e+09 1.04107142e+09 1.04107146e+09 1.04107150e+09
 1.04107154e+09 1.04107159e+09 1.04107163e+09 1.04107167e+09
 1.04107171e+09 1.04107176e+09 1.04107180e+09 1.04107184e+09
 1.04107188e+09 1.04107192e+09 1.04107197e+09 1.04107201e+09
 1.04107205e+09 1.04107209e+09 1.04107214e+09 1.04107218e+09
 1.04107222e+09 1.04107226e+09 1.04107231e+09 1.04107235e+09
 1.04107239e+09 1.04107243e+09 1.04107248e+09 1.04107252e+09
 1.04107256e+09 1.04107260e+09 1.04107264e+09 1.04107269e+09
 1.04107273e+09 1.04107277e+09 1.04107281e+09 1.04107286e+09
 1.04107290e+09 1.04107294e+09 1.04107298e+09 1.04107303e+09
 1.04107307e+09 1.04107311e+09 1.04107315e+09 1.04107320e+09
 1.04107324e+09 1.04107328e+09 1.04107332e+09 1.04107336e+09
 1.04107341e+09 1.04107345e+09 1.04107349e+09 1.04107353e+09
 1.04107358e+09 1.04107362e+09 1.04107366e+09 1.04107370e+09
 1.04107375e+09 1.04107379e+09 1.04107383e+09 1.04107387e+09
 1.04107391e+09 1.04107396e+09 1.04107400e+09 1.04107404e+09
 1.04107408e+09 1.04107413e+09 1.04107417e+09 1.04107421e+09
 1.04107425e+09 1.04107430e+09 1.04107434e+09 1.04107438e+09
 1.04107442e+09 1.04107447e+09 1.04107451e+09 1.04107455e+09
 1.04107459e+09 1.04107463e+09 1.04107468e+09 1.04107472e+09
 1.04107476e+09 1.04107480e+09 1.04107485e+09 1.04107489e+09
 1.04107493e+09 1.04107497e+09 1.04107502e+09 1.04107506e+09
 1.04107510e+09 1.04107514e+09 1.04107518e+09 1.04107523e+09
 1.04107527e+09 1.04107531e+09 1.04107535e+09 1.04107540e+09
 1.04107544e+09 1.04107548e+09 1.04107552e+09 1.04107557e+09
 1.04107561e+09 1.04107565e+09 1.04107569e+09 1.04107574e+09
 1.04107578e+09 1.04107582e+09 1.04107586e+09 1.04107590e+09
 1.04107595e+09 1.04107599e+09 1.04107603e+09 1.04107607e+09
 1.04107612e+09 1.04107616e+09 1.04107620e+09 1.04107624e+09
 1.04107629e+09 1.04107633e+09 1.04107637e+09 1.04107641e+09
 1.04107646e+09 1.04107650e+09 1.04107654e+09 1.04107658e+09
 1.04107662e+09 1.04107667e+09 1.04107671e+09 1.04107675e+09
 1.04107679e+09 1.04107684e+09 1.04107688e+09 1.04107692e+09
 1.04107696e+09 1.04107701e+09 1.04107705e+09 1.04107709e+09
 1.04107713e+09 1.04107717e+09 1.04107722e+09 1.04107726e+09
 1.04107730e+09 1.04107734e+09 1.04107739e+09 1.04107743e+09
 1.04107747e+09 1.04107751e+09 1.04107756e+09 1.04107760e+09
 1.04107764e+09 1.04107768e+09 1.04107773e+09 1.04107777e+09
 1.04107781e+09 1.04107785e+09 1.04107789e+09 1.04107794e+09
 1.04107798e+09 1.04107802e+09 1.04107806e+09 1.04107811e+09
 1.04107815e+09 1.04107819e+09 1.04107823e+09 1.04107828e+09
 1.04107832e+09 1.04107836e+09 1.04107840e+09 1.04107845e+09
 1.04107849e+09 1.04107853e+09 1.04107857e+09 1.04107861e+09
 1.04107866e+09 1.04107870e+09 1.04107874e+09 1.04107878e+09
 1.04107883e+09 1.04107887e+09 1.04107891e+09 1.04107895e+09
 1.04107900e+09 1.04107904e+09 1.04107908e+09 1.04107912e+09
 1.04107916e+09 1.04107921e+09 1.04107925e+09 1.04107929e+09
 1.04107933e+09 1.04107938e+09 1.04107942e+09 1.04107946e+09
 1.04107950e+09 1.04107955e+09 1.04107959e+09 1.04107963e+09
 1.04107967e+09 1.04107972e+09 1.04107976e+09 1.04107980e+09
 1.04107984e+09 1.04107988e+09 1.04107993e+09 1.04107997e+09
 1.04108001e+09 1.04108005e+09 1.04108010e+09 1.04108014e+09
 1.04108018e+09 1.04108022e+09 1.04108027e+09 1.04108031e+09
 1.04108035e+09 1.04108039e+09 1.04108043e+09 1.04108048e+09
 1.04108052e+09 1.04108056e+09 1.04108060e+09 1.04108065e+09
 1.04108069e+09 1.04108073e+09 1.04108077e+09 1.04108082e+09
 1.04108086e+09 1.04108090e+09 1.04108094e+09 1.04108099e+09
 1.04108103e+09 1.04108107e+09 1.04108111e+09 1.04108115e+09
 1.04108120e+09 1.04108124e+09 1.04108128e+09 1.04108132e+09
 1.04108137e+09 1.04108141e+09 1.04108145e+09 1.04108149e+09
 1.04108154e+09 1.04108158e+09 1.04108162e+09 1.04108166e+09
 1.04108171e+09 1.04108175e+09 1.04108179e+09 1.04108183e+09
 1.04108187e+09 1.04108192e+09 1.04108196e+09 1.04108200e+09
 1.04108204e+09 1.04108209e+09 1.04108213e+09 1.04108217e+09
 1.04108221e+09 1.04108226e+09 1.04108230e+09 1.04108234e+09
 1.04108238e+09 1.04108242e+09 1.04108247e+09 1.04108251e+09
 1.04108255e+09 1.04108259e+09 1.04108264e+09 1.04108268e+09
 1.04108272e+09 1.04108276e+09 1.04108281e+09 1.04108285e+09
 1.04108289e+09 1.04108293e+09 1.04108298e+09 1.04108302e+09
 1.04108306e+09 1.04108310e+09 1.04108314e+09 1.04108319e+09
 1.04108323e+09 1.04108327e+09 1.04108331e+09 1.04108336e+09
 1.04108340e+09 1.04108344e+09 1.04108348e+09 1.04108353e+09
 1.04108357e+09 1.04108361e+09 1.04108365e+09 1.04108369e+09
 1.04108374e+09 1.04108378e+09 1.04108382e+09 1.04108386e+09
 1.04108391e+09 1.04108395e+09 1.04108399e+09 1.04108403e+09
 1.04108408e+09 1.04108412e+09 1.04108416e+09 1.04108420e+09
 1.04108425e+09 1.04108429e+09 1.04108433e+09 1.04108437e+09
 1.04108441e+09 1.04108446e+09 1.04108450e+09 1.04108454e+09
 1.04108458e+09 1.04108463e+09 1.04108467e+09 1.04108471e+09
 1.04108475e+09 1.04108480e+09 1.04108484e+09 1.04108488e+09
 1.04108492e+09 1.04108497e+09 1.04108501e+09 1.04108505e+09
 1.04108509e+09 1.04108513e+09 1.04108518e+09 1.04108522e+09
 1.04108526e+09 1.04108530e+09 1.04108535e+09 1.04108539e+09
 1.04108543e+09 1.04108547e+09 1.04108552e+09 1.04108556e+09
 1.04108560e+09 1.04108564e+09 1.04108568e+09 1.04108573e+09
 1.04108577e+09 1.04108581e+09 1.04108585e+09 1.04108590e+09
 1.04108594e+09 1.04108598e+09 1.04108602e+09 1.04108607e+09
 1.04108611e+09 1.04108615e+09 1.04108619e+09 1.04108624e+09
 1.04108628e+09 1.04108632e+09 1.04108636e+09 1.04108640e+09
 1.04108645e+09 1.04108649e+09 1.04108653e+09 1.04108657e+09
 1.04108662e+09 1.04108666e+09 1.04108670e+09 1.04108674e+09
 1.04108679e+09 1.04108683e+09 1.04108687e+09 1.04108691e+09
 1.04108696e+09 1.04108700e+09 1.04108704e+09 1.04108708e+09
 1.04108712e+09 1.04108717e+09 1.04108721e+09 1.04108725e+09
 1.04108729e+09 1.04108734e+09 1.04108738e+09 1.04108742e+09
 1.04108746e+09 1.04108751e+09 1.04108755e+09 1.04108759e+09
 1.04108763e+09 1.04108767e+09 1.04108772e+09 1.04108776e+09
 1.04108780e+09 1.04108784e+09 1.04108789e+09 1.04108793e+09
 1.04108797e+09 1.04108801e+09 1.04108806e+09 1.04108810e+09
 1.04108814e+09 1.04108818e+09 1.04108823e+09 1.04108827e+09
 1.04108831e+09 1.04108835e+09 1.04108839e+09 1.04108844e+09
 1.04108848e+09 1.04108852e+09 1.04108856e+09 1.04108861e+09
 1.04108865e+09 1.04108869e+09 1.04108873e+09 1.04108878e+09
 1.04108882e+09 1.04108886e+09 1.04108890e+09 1.04108894e+09
 1.04108899e+09 1.04108903e+09 1.04108907e+09 1.04108911e+09
 1.04108916e+09 1.04108920e+09 1.04108924e+09 1.04108928e+09
 1.04108933e+09 1.04108937e+09 1.04108941e+09 1.04108945e+09
 1.04108950e+09 1.04108954e+09 1.04108958e+09 1.04108962e+09
 1.04108966e+09 1.04108971e+09 1.04108975e+09 1.04108979e+09
 1.04108983e+09 1.04108988e+09 1.04108992e+09 1.04108996e+09
 1.04109000e+09 1.04109005e+09 1.04109009e+09 1.04109013e+09
 1.04109017e+09 1.04109022e+09 1.04109026e+09 1.04109030e+09
 1.04109034e+09 1.04109038e+09 1.04109043e+09 1.04109047e+09
 1.04109051e+09 1.04109055e+09 1.04109060e+09 1.04109064e+09
 1.04109068e+09 1.04109072e+09 1.04109077e+09 1.04109081e+09
 1.04109085e+09 1.04109089e+09 1.04109093e+09 1.04109098e+09
 1.04109102e+09 1.04109106e+09 1.04109110e+09 1.04109115e+09
 1.04109119e+09 1.04109123e+09 1.04109127e+09 1.04109132e+09
 1.04109136e+09 1.04109140e+09 1.04109144e+09 1.04109149e+09
 1.04109153e+09 1.04109157e+09 1.04109161e+09 1.04109165e+09
 1.04109170e+09 1.04109174e+09 1.04109178e+09 1.04109182e+09
 1.04109187e+09 1.04109191e+09 1.04109195e+09 1.04109199e+09
 1.04109204e+09 1.04109208e+09 1.04109212e+09 1.04109216e+09
 1.04109221e+09 1.04109225e+09 1.04109229e+09 1.04109233e+09
 1.04109237e+09 1.04109242e+09 1.04109246e+09 1.04109250e+09
 1.04109254e+09 1.04109259e+09 1.04109263e+09 1.04109267e+09
 1.04109271e+09 1.04109276e+09 1.04109280e+09 1.04109284e+09
 1.04109288e+09 1.04109292e+09 1.04109297e+09 1.04109301e+09
 1.04109305e+09 1.04109309e+09 1.04109314e+09 1.04109318e+09
 1.04109322e+09 1.04109326e+09 1.04109331e+09 1.04109335e+09
 1.04109339e+09 1.04109343e+09 1.04109348e+09 1.04109352e+09
 1.04109356e+09 1.04109360e+09 1.04109364e+09 1.04109369e+09
 1.04109373e+09 1.04109377e+09 1.04109381e+09 1.04109386e+09
 1.04109390e+09 1.04109394e+09 1.04109398e+09 1.04109403e+09
 1.04109407e+09 1.04109411e+09 1.04109415e+09 1.04109419e+09
 1.04109424e+09 1.04109428e+09 1.04109432e+09 1.04109436e+09
 1.04109441e+09 1.04109445e+09 1.04109449e+09 1.04109453e+09
 1.04109458e+09 1.04109462e+09 1.04109466e+09 1.04109470e+09
 1.04109475e+09 1.04109479e+09 1.04109483e+09 1.04109487e+09
 1.04109491e+09 1.04109496e+09 1.04109500e+09 1.04109504e+09
 1.04109508e+09 1.04109513e+09 1.04109517e+09 1.04109521e+09
 1.04109525e+09 1.04109530e+09 1.04109534e+09 1.04109538e+09
 1.04109542e+09 1.04109547e+09 1.04109551e+09 1.04109555e+09
 1.04109559e+09 1.04109563e+09 1.04109568e+09 1.04109572e+09
 1.04109576e+09 1.04109580e+09 1.04109585e+09 1.04109589e+09
 1.04109593e+09 1.04109597e+09 1.04109602e+09 1.04109606e+09
 1.04109610e+09 1.04109614e+09 1.04109618e+09 1.04109623e+09
 1.04109627e+09 1.04109631e+09 1.04109635e+09 1.04109640e+09
 1.04109644e+09 1.04109648e+09 1.04109652e+09 1.04109657e+09
 1.04109661e+09 1.04109665e+09 1.04109669e+09 1.04109674e+09
 1.04109678e+09 1.04109682e+09 1.04109686e+09 1.04109690e+09
 1.04109695e+09 1.04109699e+09 1.04109703e+09 1.04109707e+09
 1.04109712e+09 1.04109716e+09 1.04109720e+09 1.04109724e+09
 1.04109729e+09 1.04109733e+09 1.04109737e+09 1.04109741e+09
 1.04109746e+09 1.04109750e+09 1.04109754e+09 1.04109758e+09
 1.04109762e+09 1.04109767e+09 1.04109771e+09 1.04109775e+09
 1.04109779e+09 1.04109784e+09 1.04109788e+09 1.04109792e+09
 1.04109796e+09 1.04109801e+09 1.04109805e+09 1.04109809e+09
 1.04109813e+09 1.04109817e+09 1.04109822e+09 1.04109826e+09
 1.04109830e+09 1.04109834e+09 1.04109839e+09 1.04109843e+09
 1.04109847e+09 1.04109851e+09 1.04109856e+09 1.04109860e+09
 1.04109864e+09 1.04109868e+09 1.04109873e+09 1.04109877e+09
 1.04109881e+09 1.04109885e+09 1.04109889e+09 1.04109894e+09
 1.04109898e+09 1.04109902e+09 1.04109906e+09 1.04109911e+09
 1.04109915e+09 1.04109919e+09 1.04109923e+09 1.04109928e+09
 1.04109932e+09 1.04109936e+09 1.04109940e+09 1.04109944e+09
 1.04109949e+09 1.04109953e+09 1.04109957e+09 1.04109961e+09
 1.04109966e+09 1.04109970e+09 1.04109974e+09 1.04109978e+09
 1.04109983e+09 1.04109987e+09 1.04109991e+09 1.04109995e+09
 1.04110000e+09 1.04110004e+09 1.04110008e+09 1.04110012e+09
 1.04110016e+09 1.04110021e+09 1.04110025e+09 1.04110029e+09
 1.04110033e+09 1.04110038e+09 1.04110042e+09 1.04110046e+09
 1.04110050e+09 1.04110055e+09 1.04110059e+09 1.04110063e+09
 1.04110067e+09 1.04110072e+09 1.04110076e+09 1.04110080e+09
 1.04110084e+09 1.04110088e+09 1.04110093e+09 1.04110097e+09
 1.04110101e+09 1.04110105e+09 1.04110110e+09 1.04110114e+09
 1.04110118e+09 1.04110122e+09 1.04110127e+09 1.04110131e+09
 1.04110135e+09 1.04110139e+09 1.04110143e+09 1.04110148e+09
 1.04110152e+09 1.04110156e+09 1.04110160e+09 1.04110165e+09
 1.04110169e+09 1.04110173e+09 1.04110177e+09 1.04110182e+09
 1.04110186e+09 1.04110190e+09 1.04110194e+09 1.04110199e+09
 1.04110203e+09 1.04110207e+09 1.04110211e+09 1.04110215e+09
 1.04110220e+09 1.04110224e+09 1.04110228e+09 1.04110232e+09
 1.04110237e+09 1.04110241e+09 1.04110245e+09 1.04110249e+09
 1.04110254e+09 1.04110258e+09 1.04110262e+09 1.04110266e+09
 1.04110271e+09 1.04110275e+09 1.04110279e+09 1.04110283e+09
 1.04110287e+09 1.04110292e+09 1.04110296e+09 1.04110300e+09
 1.04110304e+09 1.04110309e+09 1.04110313e+09 1.04110317e+09
 1.04110321e+09 1.04110326e+09 1.04110330e+09 1.04110334e+09
 1.04110338e+09 1.04110342e+09 1.04110347e+09 1.04110351e+09
 1.04110355e+09 1.04110359e+09 1.04110364e+09 1.04110368e+09
 1.04110372e+09 1.04110376e+09 1.04110381e+09 1.04110385e+09
 1.04110389e+09 1.04110393e+09 1.04110398e+09 1.04110402e+09
 1.04110406e+09 1.04110410e+09 1.04110414e+09 1.04110419e+09
 1.04110423e+09 1.04110427e+09 1.04110431e+09 1.04110436e+09
 1.04110440e+09 1.04110444e+09 1.04110448e+09 1.04110453e+09
 1.04110457e+09 1.04110461e+09 1.04110465e+09 1.04110469e+09
 1.04110474e+09 1.04110478e+09 1.04110482e+09 1.04110486e+09
 1.04110491e+09 1.04110495e+09 1.04110499e+09 1.04110503e+09
 1.04110508e+09 1.04110512e+09 1.04110516e+09 1.04110520e+09
 1.04110525e+09 1.04110529e+09 1.04110533e+09 1.04110537e+09
 1.04110541e+09 1.04110546e+09 1.04110550e+09 1.04110554e+09
 1.04110558e+09 1.04110563e+09 1.04110567e+09 1.04110571e+09
 1.04110575e+09 1.04110580e+09 1.04110584e+09 1.04110588e+09
 1.04110592e+09 1.04110597e+09 1.04110601e+09 1.04110605e+09
 1.04110609e+09 1.04110613e+09 1.04110618e+09 1.04110622e+09
 1.04110626e+09 1.04110630e+09 1.04110635e+09 1.04110639e+09
 1.04110643e+09 1.04110647e+09 1.04110652e+09 1.04110656e+09
 1.04110660e+09 1.04110664e+09 1.04110668e+09 1.04110673e+09
 1.04110677e+09 1.04110681e+09 1.04110685e+09 1.04110690e+09
 1.04110694e+09 1.04110698e+09 1.04110702e+09 1.04110707e+09
 1.04110711e+09 1.04110715e+09 1.04110719e+09 1.04110724e+09
 1.04110728e+09 1.04110732e+09 1.04110736e+09 1.04110740e+09
 1.04110745e+09 1.04110749e+09 1.04110753e+09 1.04110757e+09
 1.04110762e+09 1.04110766e+09 1.04110770e+09 1.04110774e+09
 1.04110779e+09 1.04110783e+09 1.04110787e+09 1.04110791e+09
 1.04110796e+09 1.04110800e+09 1.04110804e+09 1.04110808e+09
 1.04110812e+09 1.04110817e+09 1.04110821e+09 1.04110825e+09
 1.04110829e+09 1.04110834e+09 1.04110838e+09 1.04110842e+09
 1.04110846e+09 1.04110851e+09 1.04110855e+09 1.04110859e+09
 1.04110863e+09 1.04110867e+09 1.04110872e+09 1.04110876e+09]
minRes = 0.12509442990079286
minResTime =  [1.04110859e+09]
