name =JUICE_ROI_CAL_7_0_08
flyby =  ['2033 JAN 13 13:32:12', '2033 JAN 14 13:32:12']
Observation TW =  <SpiceCell dtype = 1, length = 0, size = 2200, card = 2, is_set = 1, adjust = 0, init = 1, base = 2300941777456, data = 2300941777504>
Res(t) =  [4.99702769 4.9924966  4.98796477 4.98343222 4.97889894 4.97436492
 4.96983017 4.96529469 4.96075847 4.95622153 4.95168384 4.94714542
 4.94260627 4.93806637 4.93352574 4.92898438 4.92444227 4.91989943
 4.91535585 4.91081153 4.90626646 4.90172066 4.89717412 4.89262683
 4.8880788  4.88353003 4.87898051 4.87443025 4.86987925 4.8653275
 4.860775   4.85622176 4.85166777 4.84711303 4.84255755 4.83800132
 4.83344433 4.8288866  4.82432812 4.81976888 4.8152089  4.81064816
 4.80608667 4.80152442 4.79696142 4.79239767 4.78783316 4.7832679
 4.77870188 4.77413511 4.76956757 4.76499928 4.76043023 4.75586042
 4.75128986 4.74671853 4.74214644 4.73757359 4.73299998 4.7284256
 4.72385046 4.71927456 4.7146979  4.71012047 4.70554227 4.70096331
 4.69638358 4.69180309 4.68722182 4.68263979 4.67805699 4.67347342
 4.66888908 4.66430397 4.65971809 4.65513143 4.65054401 4.64595581
 4.64136684 4.63677709 4.63218657 4.62759527 4.6230032  4.61841035
 4.61381672 4.60922232 4.60462713 4.60003117 4.59543443 4.59083691
 4.58623861 4.58163953 4.57703966 4.57243901 4.56783758 4.56323537
 4.55863237 4.55402858 4.54942401 4.54481866 4.54021252 4.53560559
 4.53099787 4.52638936 4.52178007 4.51716998 4.51255911 4.50794744
 4.50333498 4.49872173 4.49410769 4.48949285 4.48487722 4.4802608
 4.47564358 4.47102556 4.46640675 4.46178714 4.45716673 4.45254553
 4.44792352 4.44330072 4.43867712 4.43405271 4.42942751 4.4248015
 4.42017469 4.41554707 4.41091865 4.40628943 4.40165941 4.39702857
 4.39239693 4.38776449 4.38313123 4.37849717 4.3738623  4.36922662
 4.36459013 4.35995283 4.35531472 4.35067579 4.34603605 4.3413955
 4.33675414 4.33211196 4.32746897 4.32282516 4.31818053 4.31353509
 4.30888883 4.30424175 4.29959385 4.29494514 4.2902956  4.28564524
 4.28099406 4.27634206 4.27168923 4.26703559 4.26238111 4.25772582
 4.2530697  4.24841275 4.24375497 4.23909637 4.23443694 4.22977669
 4.2251156  4.22045368 4.21579094 4.21112736 4.20646295 4.2017977
 4.19713163 4.19246472 4.18779698 4.1831284  4.17845898 4.17378873
 4.16911765 4.16444572 4.15977296 4.15509936 4.15042491 4.14574963
 4.14107351 4.13639655 4.13171874 4.12704009 4.1223606  4.11768026
 4.11299908 4.10831705 4.10363418 4.09895046 4.09426589 4.08958047
 4.08489421 4.0802071  4.07551913 4.07083032 4.06614065 4.06145013
 4.05675876 4.05206654 4.04737346 4.04267952 4.03798473 4.03328909
 4.02859259 4.02389523 4.01919701 4.01449793 4.00979799 4.0050972
 4.00039554 3.99569302 3.99098964 3.9862854  3.98158029 3.97687431
 3.97216748 3.96745977 3.96275121 3.95804177 3.95333147 3.94862029
 3.94390825 3.93919534 3.93448156 3.92976691 3.92505138 3.92033499
 3.91561772 3.91089957 3.90618055 3.90146066 3.89673989 3.89201824
 3.88729572 3.88257232 3.87784804 3.87312288 3.86839684 3.86366991
 3.85894211 3.85421343 3.84948386 3.84475341 3.84002207 3.83528985
 3.83055674 3.82582275 3.82108787 3.8163521  3.81161545 3.8068779
 3.80213946 3.79740014 3.79265992 3.78791881 3.78317681 3.77843391
 3.77369012 3.76894543 3.76419985 3.75945337 3.754706   3.74995773
 3.74520856 3.74045848 3.73570751 3.73095564 3.72620287 3.7214492
 3.71669462 3.71193914 3.70718275 3.70242546 3.69766727 3.69290816
 3.68814815 3.68338723 3.67862541 3.67386267 3.66909903 3.66433447
 3.659569   3.65480262 3.65003533 3.64526712 3.640498   3.63572796
 3.63095701 3.62618514 3.62141235 3.61663864 3.61186402 3.60708847
 3.60231201 3.59753462 3.59275632 3.58797709 3.58319693 3.57841585
 3.57363385 3.56885092 3.56406707 3.55928229 3.55449658 3.54970994
 3.54492237 3.54013387 3.53534444 3.53055408 3.52576279 3.52097057
 3.51617741 3.51138331 3.50658828 3.50179232 3.49699541 3.49219757
 3.48739879 3.48259908 3.47779842 3.47299682 3.46819428 3.4633908
 3.45858637 3.453781   3.44897469 3.44416743 3.43935922 3.43455007
 3.42973997 3.42492892 3.42011693 3.41530398 3.41049008 3.40567523
 3.40085943 3.39604267 3.39122497 3.3864063  3.38158668 3.37676611
 3.37194458 3.36712209 3.36229864 3.35747423 3.35264887 3.34782254
 3.34299525 3.338167   3.33333778 3.3285076  3.32367646 3.31884435
 3.31401127 3.30917723 3.30434221 3.29950623 3.29466928 3.28983136
 3.28499247 3.28015261 3.27531177 3.27046996 3.26562718 3.26078342
 3.25593868 3.25109297 3.24624628 3.24139861 3.23654997 3.23170034
 3.22684973 3.22199814 3.21714557 3.21229201 3.20743747 3.20258195
 3.19772544 3.19286794 3.18800946 3.18314999 3.17828953 3.17342807
 3.16856563 3.1637022  3.15883778 3.15397236 3.14910595 3.14423854
 3.13937014 3.13450074 3.12963034 3.12475895 3.11988655 3.11501316
 3.11013877 3.10526337 3.10038698 3.09550958 3.09063117 3.08575177
 3.08087135 3.07598993 3.0711075  3.06622407 3.06133962 3.05645417
 3.05156771 3.04668023 3.04179174 3.03690224 3.03201172 3.02712019
 3.02222765 3.01733408 3.0124395  3.0075439  3.00264729 2.99774965
 2.99285099 2.98795131 2.98305061 2.97814888 2.97324613 2.96834235
 2.96343755 2.95853172 2.95362487 2.94871698 2.94380807 2.93889812
 2.93398715 2.92907514 2.9241621  2.91924802 2.91433291 2.90941677
 2.90449959 2.89958137 2.89466211 2.88974181 2.88482048 2.8798981
 2.87497468 2.87005022 2.86512472 2.86019817 2.85527057 2.85034193
 2.84541224 2.84048151 2.83554972 2.83061689 2.825683   2.82074806
 2.81581208 2.81087503 2.80593694 2.80099778 2.79605758 2.79111631
 2.78617399 2.78123061 2.77628617 2.77134066 2.7663941  2.76144647
 2.75649778 2.75154803 2.74659721 2.74164533 2.73669238 2.73173836
 2.72678327 2.72182711 2.71686988 2.71191158 2.70695221 2.70199176
 2.69703024 2.69206764 2.68710397 2.68213922 2.67717339 2.67220649
 2.6672385  2.66226943 2.65729928 2.65232805 2.64735573 2.64238233
 2.63740785 2.63243227 2.62745561 2.62247786 2.61749903 2.6125191
 2.60753808 2.60255596 2.59757276 2.59258846 2.58760306 2.58261657
 2.57762898 2.5726403  2.56765051 2.56265963 2.55766764 2.55267455
 2.54768036 2.54268507 2.53768867 2.53269116 2.52769255 2.52269283
 2.517692   2.51269007 2.50768702 2.50268286 2.49767758 2.4926712
 2.4876637  2.48265508 2.47764535 2.4726345  2.46762253 2.46260944
 2.45759523 2.4525799  2.44756345 2.44254587 2.43752717 2.43250734
 2.42748639 2.42246431 2.4174411  2.41241676 2.40739129 2.40236469
 2.39733695 2.39230808 2.38727808 2.38224695 2.37721467 2.37218126
 2.36714671 2.36211102 2.35707419 2.35203621 2.3469971  2.34195684
 2.33691543 2.33187288 2.32682918 2.32178434 2.31673834 2.3116912
 2.3066429  2.30159346 2.29654286 2.2914911  2.28643819 2.28138412
 2.2763289  2.27127252 2.26621497 2.26115627 2.25609641 2.25103538
 2.24597319 2.24090983 2.23584531 2.23077962 2.22571276 2.22064474
 2.21557554 2.21050517 2.20543363 2.20036092 2.19528703 2.19021197
 2.18513573 2.18005831 2.17497971 2.16989994 2.16481898 2.15973684
 2.15465351 2.14956901 2.14448331 2.13939643 2.13430837 2.12921911
 2.12412866 2.11903703 2.1139442  2.10885017 2.10375496 2.09865854
 2.09356094 2.08846213 2.08336212 2.07826092 2.07315851 2.0680549
 2.06295009 2.05784407 2.05273685 2.04762842 2.04251878 2.03740793
 2.03229588 2.02718261 2.02206813 2.01695243 2.01183552 2.0067174
 2.00159805 1.99647749 1.99135571 1.98623271 1.98110849 1.97598304
 1.97085637 1.96572847 1.96059935 1.955469   1.95033742 1.94520461
 1.94007057 1.93493529 1.92979879 1.92466104 1.91952206 1.91438185
 1.90924039 1.9040977  1.89895376 1.89380858 1.88866216 1.8835145
 1.87836559 1.87321543 1.86806402 1.86291136 1.85775745 1.85260229
 1.84744588 1.84228821 1.83712929 1.83196911 1.82680767 1.82164497
 1.81648101 1.81131579 1.8061493  1.80098156 1.79581254 1.79064226
 1.78547071 1.78029789 1.77512379 1.76994843 1.76477179 1.75959388
 1.75441469 1.74923422 1.74405248 1.73886945 1.73368515 1.72849956
 1.72331269 1.71812453 1.71293508 1.70774435 1.70255233 1.69735901
 1.69216441 1.68696851 1.68177132 1.67657283 1.67137304 1.66617196
 1.66096957 1.65576588 1.65056089 1.6453546  1.640147   1.63493809
 1.62972788 1.62451635 1.61930352 1.61408937 1.60887391 1.60365713
 1.59843904 1.59321963 1.58799889 1.58277684 1.57755347 1.57232877
 1.56710274 1.56187539 1.55664671 1.55141671 1.54618537 1.54095269
 1.53571869 1.53048335 1.52524667 1.52000865 1.5147693  1.5095286
 1.50428656 1.49904317 1.49379844 1.48855237 1.48330494 1.47805616
 1.47280603 1.46755455 1.46230172 1.45704752 1.45179197 1.44653506
 1.44127679 1.43601716 1.43075616 1.4254938  1.42023006 1.41496496
 1.40969849 1.40443065 1.39916144 1.39389084 1.38861888 1.38334553
 1.3780708  1.3727947  1.3675172  1.36223833 1.35695807 1.35167641
 1.34639337 1.34110894 1.33582311 1.33053589 1.32524728 1.31995726
 1.31466584 1.30937303 1.30407881 1.29878318 1.29348615 1.28818771
 1.28288785 1.27758659 1.27228391 1.26697982 1.26167431 1.25636738
 1.25105903 1.24574925 1.24043806 1.23512543 1.22981138 1.2244959
 1.21917898 1.21386063 1.20854085 1.20321963 1.19789697 1.19257287
 1.18724732 1.18192033 1.1765919  1.17126201 1.16593068 1.16059789
 1.15526365 1.14992795 1.14459079 1.13925217 1.13391209 1.12857054
 1.12322753 1.11788305 1.1125371  1.10718967 1.10184078 1.0964904
 1.09113854 1.08578521 1.08043039 1.07507409 1.0697163  1.06435701
 1.05899624 1.05363398 1.04827021 1.04290495 1.03753819 1.03216993
 1.02680016 1.02142889 1.0160561  1.01068181 1.005306   0.99992867
 0.99454983 0.98916946 0.98378757 0.97840416 0.97301922 0.96763274
 0.96224474 0.9568552  0.95146412 0.9460715  0.94067734 0.93528164
 0.92988439 0.92448558 0.91908523 0.91368331 0.90827985 0.90287482
 0.89746822 0.89206007 0.88665034 0.88123904 0.87582617 0.86997736
 0.86456167 0.8591444  0.85372557 0.84830516 0.84288317 0.83745961
 0.83203446 0.82660773 0.82117941 0.8157495  0.810318   0.8048849
 0.79945021 0.79401392 0.78857602 0.78313651 0.7776954  0.77225268
 0.76680834 0.76136239 0.75591481 0.75046561 0.74501479 0.73956234
 0.73410826 0.72865254 0.72319518 0.71773619 0.71227555 0.70681326
 0.70134933 0.69588375 0.6904165  0.6849476  0.67947704 0.67400482
 0.66853093 0.66305536 0.65757813 0.65209921 0.64661862 0.64113634
 0.63565238 0.63016673 0.62467939 0.61919035 0.61369961 0.60820717
 0.60271303 0.59721717 0.59171961 0.58622033 0.58071934 0.57521662
 0.56971218 0.56420602 0.55869812 0.55318849 0.54767713 0.54216402
 0.53664918 0.53113259 0.52561425 0.52009416 0.51457232 0.50904872
 0.50352337 0.49799625 0.49246738 0.48693673 0.48140432 0.47587014
 0.47033418 0.46479645 0.45925695 0.45371567 0.44817261 0.44262777
 0.43708115 0.43153275 0.42598256 0.4204306  0.41487685 0.40932132
 0.40376401 0.39820493 0.39264406 0.38708142 0.38151701 0.37595083
 0.37038288 0.36481318 0.35924171 0.3536685  0.34809355 0.34251687
 0.33693846 0.33135834 0.32577651 0.320193   0.31460782 0.30902097
 0.30343249 0.2978424  0.2922507  0.28665744 0.28106264 0.27546633
 0.26986854 0.26426933 0.25866872 0.25306677 0.24746353 0.24185906
 0.23625343 0.23064671 0.22503899 0.21943035 0.21382091 0.20821077
 0.20260007 0.19698895 0.19137756 0.18576611 0.18015479 0.17454383
 0.1689335  0.1633241  0.15771596 0.15210949 0.14650512 0.14090337
 0.13530482 0.12971015 0.12412016 0.11853578 0.11295808 0.10738834
 0.10182808 0.09627912 0.09074362 0.08522424 0.0797242  0.07424749
 0.06879912 0.06338538 0.05801442 0.05269683 0.04744676 0.04228348
 0.03723396 0.03233718 0.02765147 0.02326792 0.01933515 0.01610561
 0.01401501 0.01378656 0.01654    0.02430668]
t =  [1.04250800e+09 1.04250804e+09 1.04250809e+09 1.04250813e+09
 1.04250817e+09 1.04250822e+09 1.04250826e+09 1.04250830e+09
 1.04250835e+09 1.04250839e+09 1.04250843e+09 1.04250848e+09
 1.04250852e+09 1.04250856e+09 1.04250860e+09 1.04250865e+09
 1.04250869e+09 1.04250873e+09 1.04250878e+09 1.04250882e+09
 1.04250886e+09 1.04250891e+09 1.04250895e+09 1.04250899e+09
 1.04250904e+09 1.04250908e+09 1.04250912e+09 1.04250917e+09
 1.04250921e+09 1.04250925e+09 1.04250930e+09 1.04250934e+09
 1.04250938e+09 1.04250942e+09 1.04250947e+09 1.04250951e+09
 1.04250955e+09 1.04250960e+09 1.04250964e+09 1.04250968e+09
 1.04250973e+09 1.04250977e+09 1.04250981e+09 1.04250986e+09
 1.04250990e+09 1.04250994e+09 1.04250999e+09 1.04251003e+09
 1.04251007e+09 1.04251011e+09 1.04251016e+09 1.04251020e+09
 1.04251024e+09 1.04251029e+09 1.04251033e+09 1.04251037e+09
 1.04251042e+09 1.04251046e+09 1.04251050e+09 1.04251055e+09
 1.04251059e+09 1.04251063e+09 1.04251068e+09 1.04251072e+09
 1.04251076e+09 1.04251080e+09 1.04251085e+09 1.04251089e+09
 1.04251093e+09 1.04251098e+09 1.04251102e+09 1.04251106e+09
 1.04251111e+09 1.04251115e+09 1.04251119e+09 1.04251124e+09
 1.04251128e+09 1.04251132e+09 1.04251137e+09 1.04251141e+09
 1.04251145e+09 1.04251149e+09 1.04251154e+09 1.04251158e+09
 1.04251162e+09 1.04251167e+09 1.04251171e+09 1.04251175e+09
 1.04251180e+09 1.04251184e+09 1.04251188e+09 1.04251193e+09
 1.04251197e+09 1.04251201e+09 1.04251206e+09 1.04251210e+09
 1.04251214e+09 1.04251218e+09 1.04251223e+09 1.04251227e+09
 1.04251231e+09 1.04251236e+09 1.04251240e+09 1.04251244e+09
 1.04251249e+09 1.04251253e+09 1.04251257e+09 1.04251262e+09
 1.04251266e+09 1.04251270e+09 1.04251275e+09 1.04251279e+09
 1.04251283e+09 1.04251287e+09 1.04251292e+09 1.04251296e+09
 1.04251300e+09 1.04251305e+09 1.04251309e+09 1.04251313e+09
 1.04251318e+09 1.04251322e+09 1.04251326e+09 1.04251331e+09
 1.04251335e+09 1.04251339e+09 1.04251344e+09 1.04251348e+09
 1.04251352e+09 1.04251356e+09 1.04251361e+09 1.04251365e+09
 1.04251369e+09 1.04251374e+09 1.04251378e+09 1.04251382e+09
 1.04251387e+09 1.04251391e+09 1.04251395e+09 1.04251400e+09
 1.04251404e+09 1.04251408e+09 1.04251413e+09 1.04251417e+09
 1.04251421e+09 1.04251425e+09 1.04251430e+09 1.04251434e+09
 1.04251438e+09 1.04251443e+09 1.04251447e+09 1.04251451e+09
 1.04251456e+09 1.04251460e+09 1.04251464e+09 1.04251469e+09
 1.04251473e+09 1.04251477e+09 1.04251482e+09 1.04251486e+09
 1.04251490e+09 1.04251494e+09 1.04251499e+09 1.04251503e+09
 1.04251507e+09 1.04251512e+09 1.04251516e+09 1.04251520e+09
 1.04251525e+09 1.04251529e+09 1.04251533e+09 1.04251538e+09
 1.04251542e+09 1.04251546e+09 1.04251551e+09 1.04251555e+09
 1.04251559e+09 1.04251563e+09 1.04251568e+09 1.04251572e+09
 1.04251576e+09 1.04251581e+09 1.04251585e+09 1.04251589e+09
 1.04251594e+09 1.04251598e+09 1.04251602e+09 1.04251607e+09
 1.04251611e+09 1.04251615e+09 1.04251620e+09 1.04251624e+09
 1.04251628e+09 1.04251633e+09 1.04251637e+09 1.04251641e+09
 1.04251645e+09 1.04251650e+09 1.04251654e+09 1.04251658e+09
 1.04251663e+09 1.04251667e+09 1.04251671e+09 1.04251676e+09
 1.04251680e+09 1.04251684e+09 1.04251689e+09 1.04251693e+09
 1.04251697e+09 1.04251702e+09 1.04251706e+09 1.04251710e+09
 1.04251714e+09 1.04251719e+09 1.04251723e+09 1.04251727e+09
 1.04251732e+09 1.04251736e+09 1.04251740e+09 1.04251745e+09
 1.04251749e+09 1.04251753e+09 1.04251758e+09 1.04251762e+09
 1.04251766e+09 1.04251771e+09 1.04251775e+09 1.04251779e+09
 1.04251783e+09 1.04251788e+09 1.04251792e+09 1.04251796e+09
 1.04251801e+09 1.04251805e+09 1.04251809e+09 1.04251814e+09
 1.04251818e+09 1.04251822e+09 1.04251827e+09 1.04251831e+09
 1.04251835e+09 1.04251840e+09 1.04251844e+09 1.04251848e+09
 1.04251852e+09 1.04251857e+09 1.04251861e+09 1.04251865e+09
 1.04251870e+09 1.04251874e+09 1.04251878e+09 1.04251883e+09
 1.04251887e+09 1.04251891e+09 1.04251896e+09 1.04251900e+09
 1.04251904e+09 1.04251909e+09 1.04251913e+09 1.04251917e+09
 1.04251921e+09 1.04251926e+09 1.04251930e+09 1.04251934e+09
 1.04251939e+09 1.04251943e+09 1.04251947e+09 1.04251952e+09
 1.04251956e+09 1.04251960e+09 1.04251965e+09 1.04251969e+09
 1.04251973e+09 1.04251978e+09 1.04251982e+09 1.04251986e+09
 1.04251990e+09 1.04251995e+09 1.04251999e+09 1.04252003e+09
 1.04252008e+09 1.04252012e+09 1.04252016e+09 1.04252021e+09
 1.04252025e+09 1.04252029e+09 1.04252034e+09 1.04252038e+09
 1.04252042e+09 1.04252047e+09 1.04252051e+09 1.04252055e+09
 1.04252059e+09 1.04252064e+09 1.04252068e+09 1.04252072e+09
 1.04252077e+09 1.04252081e+09 1.04252085e+09 1.04252090e+09
 1.04252094e+09 1.04252098e+09 1.04252103e+09 1.04252107e+09
 1.04252111e+09 1.04252116e+09 1.04252120e+09 1.04252124e+09
 1.04252128e+09 1.04252133e+09 1.04252137e+09 1.04252141e+09
 1.04252146e+09 1.04252150e+09 1.04252154e+09 1.04252159e+09
 1.04252163e+09 1.04252167e+09 1.04252172e+09 1.04252176e+09
 1.04252180e+09 1.04252185e+09 1.04252189e+09 1.04252193e+09
 1.04252197e+09 1.04252202e+09 1.04252206e+09 1.04252210e+09
 1.04252215e+09 1.04252219e+09 1.04252223e+09 1.04252228e+09
 1.04252232e+09 1.04252236e+09 1.04252241e+09 1.04252245e+09
 1.04252249e+09 1.04252254e+09 1.04252258e+09 1.04252262e+09
 1.04252266e+09 1.04252271e+09 1.04252275e+09 1.04252279e+09
 1.04252284e+09 1.04252288e+09 1.04252292e+09 1.04252297e+09
 1.04252301e+09 1.04252305e+09 1.04252310e+09 1.04252314e+09
 1.04252318e+09 1.04252323e+09 1.04252327e+09 1.04252331e+09
 1.04252336e+09 1.04252340e+09 1.04252344e+09 1.04252348e+09
 1.04252353e+09 1.04252357e+09 1.04252361e+09 1.04252366e+09
 1.04252370e+09 1.04252374e+09 1.04252379e+09 1.04252383e+09
 1.04252387e+09 1.04252392e+09 1.04252396e+09 1.04252400e+09
 1.04252405e+09 1.04252409e+09 1.04252413e+09 1.04252417e+09
 1.04252422e+09 1.04252426e+09 1.04252430e+09 1.04252435e+09
 1.04252439e+09 1.04252443e+09 1.04252448e+09 1.04252452e+09
 1.04252456e+09 1.04252461e+09 1.04252465e+09 1.04252469e+09
 1.04252474e+09 1.04252478e+09 1.04252482e+09 1.04252486e+09
 1.04252491e+09 1.04252495e+09 1.04252499e+09 1.04252504e+09
 1.04252508e+09 1.04252512e+09 1.04252517e+09 1.04252521e+09
 1.04252525e+09 1.04252530e+09 1.04252534e+09 1.04252538e+09
 1.04252543e+09 1.04252547e+09 1.04252551e+09 1.04252555e+09
 1.04252560e+09 1.04252564e+09 1.04252568e+09 1.04252573e+09
 1.04252577e+09 1.04252581e+09 1.04252586e+09 1.04252590e+09
 1.04252594e+09 1.04252599e+09 1.04252603e+09 1.04252607e+09
 1.04252612e+09 1.04252616e+09 1.04252620e+09 1.04252624e+09
 1.04252629e+09 1.04252633e+09 1.04252637e+09 1.04252642e+09
 1.04252646e+09 1.04252650e+09 1.04252655e+09 1.04252659e+09
 1.04252663e+09 1.04252668e+09 1.04252672e+09 1.04252676e+09
 1.04252681e+09 1.04252685e+09 1.04252689e+09 1.04252693e+09
 1.04252698e+09 1.04252702e+09 1.04252706e+09 1.04252711e+09
 1.04252715e+09 1.04252719e+09 1.04252724e+09 1.04252728e+09
 1.04252732e+09 1.04252737e+09 1.04252741e+09 1.04252745e+09
 1.04252750e+09 1.04252754e+09 1.04252758e+09 1.04252762e+09
 1.04252767e+09 1.04252771e+09 1.04252775e+09 1.04252780e+09
 1.04252784e+09 1.04252788e+09 1.04252793e+09 1.04252797e+09
 1.04252801e+09 1.04252806e+09 1.04252810e+09 1.04252814e+09
 1.04252819e+09 1.04252823e+09 1.04252827e+09 1.04252831e+09
 1.04252836e+09 1.04252840e+09 1.04252844e+09 1.04252849e+09
 1.04252853e+09 1.04252857e+09 1.04252862e+09 1.04252866e+09
 1.04252870e+09 1.04252875e+09 1.04252879e+09 1.04252883e+09
 1.04252888e+09 1.04252892e+09 1.04252896e+09 1.04252900e+09
 1.04252905e+09 1.04252909e+09 1.04252913e+09 1.04252918e+09
 1.04252922e+09 1.04252926e+09 1.04252931e+09 1.04252935e+09
 1.04252939e+09 1.04252944e+09 1.04252948e+09 1.04252952e+09
 1.04252957e+09 1.04252961e+09 1.04252965e+09 1.04252969e+09
 1.04252974e+09 1.04252978e+09 1.04252982e+09 1.04252987e+09
 1.04252991e+09 1.04252995e+09 1.04253000e+09 1.04253004e+09
 1.04253008e+09 1.04253013e+09 1.04253017e+09 1.04253021e+09
 1.04253026e+09 1.04253030e+09 1.04253034e+09 1.04253039e+09
 1.04253043e+09 1.04253047e+09 1.04253051e+09 1.04253056e+09
 1.04253060e+09 1.04253064e+09 1.04253069e+09 1.04253073e+09
 1.04253077e+09 1.04253082e+09 1.04253086e+09 1.04253090e+09
 1.04253095e+09 1.04253099e+09 1.04253103e+09 1.04253108e+09
 1.04253112e+09 1.04253116e+09 1.04253120e+09 1.04253125e+09
 1.04253129e+09 1.04253133e+09 1.04253138e+09 1.04253142e+09
 1.04253146e+09 1.04253151e+09 1.04253155e+09 1.04253159e+09
 1.04253164e+09 1.04253168e+09 1.04253172e+09 1.04253177e+09
 1.04253181e+09 1.04253185e+09 1.04253189e+09 1.04253194e+09
 1.04253198e+09 1.04253202e+09 1.04253207e+09 1.04253211e+09
 1.04253215e+09 1.04253220e+09 1.04253224e+09 1.04253228e+09
 1.04253233e+09 1.04253237e+09 1.04253241e+09 1.04253246e+09
 1.04253250e+09 1.04253254e+09 1.04253258e+09 1.04253263e+09
 1.04253267e+09 1.04253271e+09 1.04253276e+09 1.04253280e+09
 1.04253284e+09 1.04253289e+09 1.04253293e+09 1.04253297e+09
 1.04253302e+09 1.04253306e+09 1.04253310e+09 1.04253315e+09
 1.04253319e+09 1.04253323e+09 1.04253327e+09 1.04253332e+09
 1.04253336e+09 1.04253340e+09 1.04253345e+09 1.04253349e+09
 1.04253353e+09 1.04253358e+09 1.04253362e+09 1.04253366e+09
 1.04253371e+09 1.04253375e+09 1.04253379e+09 1.04253384e+09
 1.04253388e+09 1.04253392e+09 1.04253396e+09 1.04253401e+09
 1.04253405e+09 1.04253409e+09 1.04253414e+09 1.04253418e+09
 1.04253422e+09 1.04253427e+09 1.04253431e+09 1.04253435e+09
 1.04253440e+09 1.04253444e+09 1.04253448e+09 1.04253453e+09
 1.04253457e+09 1.04253461e+09 1.04253465e+09 1.04253470e+09
 1.04253474e+09 1.04253478e+09 1.04253483e+09 1.04253487e+09
 1.04253491e+09 1.04253496e+09 1.04253500e+09 1.04253504e+09
 1.04253509e+09 1.04253513e+09 1.04253517e+09 1.04253522e+09
 1.04253526e+09 1.04253530e+09 1.04253534e+09 1.04253539e+09
 1.04253543e+09 1.04253547e+09 1.04253552e+09 1.04253556e+09
 1.04253560e+09 1.04253565e+09 1.04253569e+09 1.04253573e+09
 1.04253578e+09 1.04253582e+09 1.04253586e+09 1.04253591e+09
 1.04253595e+09 1.04253599e+09 1.04253603e+09 1.04253608e+09
 1.04253612e+09 1.04253616e+09 1.04253621e+09 1.04253625e+09
 1.04253629e+09 1.04253634e+09 1.04253638e+09 1.04253642e+09
 1.04253647e+09 1.04253651e+09 1.04253655e+09 1.04253660e+09
 1.04253664e+09 1.04253668e+09 1.04253672e+09 1.04253677e+09
 1.04253681e+09 1.04253685e+09 1.04253690e+09 1.04253694e+09
 1.04253698e+09 1.04253703e+09 1.04253707e+09 1.04253711e+09
 1.04253716e+09 1.04253720e+09 1.04253724e+09 1.04253729e+09
 1.04253733e+09 1.04253737e+09 1.04253741e+09 1.04253746e+09
 1.04253750e+09 1.04253754e+09 1.04253759e+09 1.04253763e+09
 1.04253767e+09 1.04253772e+09 1.04253776e+09 1.04253780e+09
 1.04253785e+09 1.04253789e+09 1.04253793e+09 1.04253798e+09
 1.04253802e+09 1.04253806e+09 1.04253811e+09 1.04253815e+09
 1.04253819e+09 1.04253823e+09 1.04253828e+09 1.04253832e+09
 1.04253836e+09 1.04253841e+09 1.04253845e+09 1.04253849e+09
 1.04253854e+09 1.04253858e+09 1.04253862e+09 1.04253867e+09
 1.04253871e+09 1.04253875e+09 1.04253880e+09 1.04253884e+09
 1.04253888e+09 1.04253892e+09 1.04253897e+09 1.04253901e+09
 1.04253905e+09 1.04253910e+09 1.04253914e+09 1.04253918e+09
 1.04253923e+09 1.04253927e+09 1.04253931e+09 1.04253936e+09
 1.04253940e+09 1.04253944e+09 1.04253949e+09 1.04253953e+09
 1.04253957e+09 1.04253961e+09 1.04253966e+09 1.04253970e+09
 1.04253974e+09 1.04253979e+09 1.04253983e+09 1.04253987e+09
 1.04253992e+09 1.04253996e+09 1.04254000e+09 1.04254005e+09
 1.04254009e+09 1.04254013e+09 1.04254018e+09 1.04254022e+09
 1.04254026e+09 1.04254030e+09 1.04254035e+09 1.04254039e+09
 1.04254043e+09 1.04254048e+09 1.04254052e+09 1.04254056e+09
 1.04254061e+09 1.04254065e+09 1.04254069e+09 1.04254074e+09
 1.04254078e+09 1.04254082e+09 1.04254087e+09 1.04254091e+09
 1.04254095e+09 1.04254099e+09 1.04254104e+09 1.04254108e+09
 1.04254112e+09 1.04254117e+09 1.04254121e+09 1.04254125e+09
 1.04254130e+09 1.04254134e+09 1.04254138e+09 1.04254143e+09
 1.04254147e+09 1.04254151e+09 1.04254156e+09 1.04254160e+09
 1.04254164e+09 1.04254168e+09 1.04254173e+09 1.04254177e+09
 1.04254181e+09 1.04254186e+09 1.04254190e+09 1.04254194e+09
 1.04254199e+09 1.04254203e+09 1.04254207e+09 1.04254212e+09
 1.04254216e+09 1.04254220e+09 1.04254225e+09 1.04254229e+09
 1.04254233e+09 1.04254237e+09 1.04254242e+09 1.04254246e+09
 1.04254250e+09 1.04254255e+09 1.04254259e+09 1.04254263e+09
 1.04254268e+09 1.04254272e+09 1.04254276e+09 1.04254281e+09
 1.04254285e+09 1.04254289e+09 1.04254294e+09 1.04254298e+09
 1.04254302e+09 1.04254306e+09 1.04254311e+09 1.04254315e+09
 1.04254319e+09 1.04254324e+09 1.04254328e+09 1.04254332e+09
 1.04254337e+09 1.04254341e+09 1.04254345e+09 1.04254350e+09
 1.04254354e+09 1.04254358e+09 1.04254363e+09 1.04254367e+09
 1.04254371e+09 1.04254375e+09 1.04254380e+09 1.04254384e+09
 1.04254388e+09 1.04254393e+09 1.04254397e+09 1.04254401e+09
 1.04254406e+09 1.04254410e+09 1.04254414e+09 1.04254419e+09
 1.04254423e+09 1.04254427e+09 1.04254432e+09 1.04254436e+09
 1.04254440e+09 1.04254444e+09 1.04254449e+09 1.04254453e+09
 1.04254457e+09 1.04254462e+09 1.04254466e+09 1.04254470e+09
 1.04254475e+09 1.04254479e+09 1.04254483e+09 1.04254488e+09
 1.04254492e+09 1.04254496e+09 1.04254501e+09 1.04254505e+09
 1.04254509e+09 1.04254514e+09 1.04254518e+09 1.04254522e+09
 1.04254526e+09 1.04254531e+09 1.04254535e+09 1.04254539e+09
 1.04254544e+09 1.04254548e+09 1.04254552e+09 1.04254557e+09
 1.04254561e+09 1.04254565e+09 1.04254570e+09 1.04254574e+09
 1.04254578e+09 1.04254583e+09 1.04254587e+09 1.04254591e+09
 1.04254595e+09 1.04254600e+09 1.04254604e+09 1.04254608e+09
 1.04254613e+09 1.04254617e+09 1.04254621e+09 1.04254626e+09
 1.04254630e+09 1.04254634e+09 1.04254639e+09 1.04254643e+09
 1.04254647e+09 1.04254652e+09 1.04254656e+09 1.04254660e+09
 1.04254664e+09 1.04254669e+09 1.04254673e+09 1.04254677e+09
 1.04254682e+09 1.04254686e+09 1.04254690e+09 1.04254695e+09
 1.04254699e+09 1.04254703e+09 1.04254708e+09 1.04254712e+09
 1.04254716e+09 1.04254721e+09 1.04254725e+09 1.04254729e+09
 1.04254733e+09 1.04254738e+09 1.04254742e+09 1.04254746e+09
 1.04254751e+09 1.04254755e+09 1.04254759e+09 1.04254764e+09
 1.04254768e+09 1.04254772e+09 1.04254777e+09 1.04254781e+09
 1.04254785e+09 1.04254790e+09 1.04254794e+09 1.04254798e+09
 1.04254802e+09 1.04254807e+09 1.04254811e+09 1.04254815e+09
 1.04254820e+09 1.04254824e+09 1.04254828e+09 1.04254833e+09
 1.04254837e+09 1.04254841e+09 1.04254846e+09 1.04254850e+09
 1.04254854e+09 1.04254859e+09 1.04254863e+09 1.04254867e+09
 1.04254871e+09 1.04254876e+09 1.04254880e+09 1.04254884e+09
 1.04254889e+09 1.04254893e+09 1.04254897e+09 1.04254902e+09
 1.04254906e+09 1.04254910e+09 1.04254915e+09 1.04254919e+09
 1.04254923e+09 1.04254928e+09 1.04254932e+09 1.04254936e+09
 1.04254940e+09 1.04254945e+09 1.04254949e+09 1.04254953e+09
 1.04254958e+09 1.04254962e+09 1.04254966e+09 1.04254971e+09
 1.04254975e+09 1.04254979e+09 1.04254984e+09 1.04254988e+09
 1.04254992e+09 1.04254997e+09 1.04255001e+09 1.04255005e+09
 1.04255009e+09 1.04255014e+09 1.04255018e+09 1.04255022e+09
 1.04255027e+09 1.04255031e+09 1.04255035e+09 1.04255040e+09
 1.04255044e+09 1.04255048e+09 1.04255053e+09 1.04255057e+09
 1.04255061e+09 1.04255066e+09 1.04255070e+09 1.04255074e+09
 1.04255078e+09 1.04255083e+09 1.04255087e+09 1.04255091e+09
 1.04255096e+09 1.04255100e+09 1.04255104e+09 1.04255109e+09]
minRes = 0.01378656457085905
minResTime =  [1.042551e+09]
