name =JUICE_ROI_CAL_1_0_02
flyby =  ['2033 JAN 13 13:32:12', '2033 JAN 14 13:32:12']
Observation TW =  <SpiceCell dtype = 1, length = 0, size = 2200, card = 2, is_set = 1, adjust = 0, init = 1, base = 2300938852896, data = 2300938852944>
Res(t) =  [3.6113185  3.60930068 3.60728286 3.60526502 3.60324718 3.60122933
 3.59921147 3.5971936  3.59517572 3.59315783 3.59113994 3.58912203
 3.58710412 3.58508619 3.58306826 3.58105032 3.57903237 3.57701441
 3.57499644 3.57297846 3.57096047 3.56894248 3.56692447 3.56490646
 3.56288843 3.5608704  3.55885236 3.55683431 3.55481624 3.55279817
 3.55078009 3.54876201 3.54674391 3.5447258  3.54270768 3.54068956
 3.53867142 3.53665328 3.53463512 3.53261696 3.53059878 3.5285806
 3.52656241 3.52454421 3.522526   3.52050778 3.51848954 3.51647131
 3.51445306 3.5124348  3.51041653 3.50839825 3.50637996 3.50436167
 3.50234336 3.50032504 3.49830672 3.49628838 3.49427004 3.49225168
 3.49023332 3.48821494 3.48619656 3.48417816 3.48215976 3.48014135
 3.47812292 3.47610449 3.47408605 3.4720676  3.47004913 3.46803066
 3.46601218 3.46399369 3.46197519 3.45995667 3.45793815 3.45591962
 3.45390108 3.45188253 3.44986397 3.4478454  3.44582681 3.44380822
 3.44178962 3.43977101 3.43775239 3.43573376 3.43371512 3.43169646
 3.4296778  3.42765913 3.42564045 3.42362176 3.42160305 3.41958434
 3.41756562 3.41554689 3.41352814 3.41150939 3.40949063 3.40747185
 3.40545307 3.40343427 3.40141547 3.39939665 3.39737783 3.39535899
 3.39334015 3.39132129 3.38930242 3.38728355 3.38526466 3.38324576
 3.38122685 3.37920793 3.377189   3.37517006 3.37315111 3.37113215
 3.36911318 3.3670942  3.36507521 3.36305621 3.36103719 3.35901817
 3.35699913 3.35498009 3.35296103 3.35094197 3.34892289 3.3469038
 3.3448847  3.34286559 3.34084647 3.33882734 3.3368082  3.33478905
 3.33276988 3.33075071 3.32873153 3.32671233 3.32469312 3.32267391
 3.32065468 3.31863544 3.31661619 3.31459693 3.31257766 3.31055838
 3.30853908 3.30651978 3.30450046 3.30248114 3.3004618  3.29844245
 3.29642309 3.29440372 3.29238434 3.29036495 3.28834555 3.28632613
 3.28430671 3.28228727 3.28026782 3.27824836 3.27622889 3.27420941
 3.27218992 3.27017041 3.2681509  3.26613137 3.26411183 3.26209229
 3.26007273 3.25805315 3.25603357 3.25401398 3.25199437 3.24997476
 3.24795513 3.24593549 3.24391584 3.24189617 3.2398765  3.23785682
 3.23583712 3.23381741 3.23179769 3.22977796 3.22775822 3.22573846
 3.2237187  3.22169892 3.21967913 3.21765933 3.21563952 3.2136197
 3.21159986 3.20958002 3.20756016 3.20554029 3.20352041 3.20150051
 3.19948061 3.19746069 3.19544076 3.19342082 3.19140087 3.1893809
 3.18736093 3.18534094 3.18332094 3.18130093 3.17928091 3.17726087
 3.17524083 3.17322077 3.1712007  3.16918061 3.16716052 3.16514041
 3.16312029 3.16110016 3.15908002 3.15705987 3.1550397  3.15301952
 3.15099933 3.14897913 3.14695891 3.14493869 3.14291845 3.1408982
 3.13887793 3.13685766 3.13483737 3.13281707 3.13079676 3.12877644
 3.1267561  3.12473575 3.12271539 3.12069502 3.11867463 3.11665423
 3.11463382 3.1126134  3.11059296 3.10857252 3.10655206 3.10453159
 3.1025111  3.1004906  3.09847009 3.09644957 3.09442904 3.09240849
 3.09038793 3.08836736 3.08634678 3.08432618 3.08230557 3.08028495
 3.07826431 3.07624367 3.07422301 3.07220233 3.07018165 3.06816095
 3.06614024 3.06411952 3.06209878 3.06007803 3.05805727 3.0560365
 3.05401571 3.05199491 3.0499741  3.04795327 3.04593243 3.04391158
 3.04189072 3.03986984 3.03784895 3.03582805 3.03380713 3.03178621
 3.02976526 3.02774431 3.02572334 3.02370236 3.02168137 3.01966036
 3.01763934 3.01561831 3.01359726 3.01157621 3.00955513 3.00753405
 3.00551295 3.00349184 3.00147072 2.99944958 2.99742843 2.99540726
 2.99338609 2.9913649  2.98934369 2.98732247 2.98530124 2.98328
 2.98125874 2.97923747 2.97721619 2.97519489 2.97317358 2.97115226
 2.96913092 2.96710957 2.96508821 2.96306683 2.96104544 2.95902403
 2.95700262 2.95498118 2.95295974 2.95093828 2.94891681 2.94689532
 2.94487382 2.94285231 2.94083078 2.93880924 2.93678769 2.93476612
 2.93274454 2.93072295 2.92870134 2.92667972 2.92465808 2.92263643
 2.92061477 2.91859309 2.9165714  2.91454969 2.91252797 2.91050624
 2.90848449 2.90646273 2.90444096 2.90241917 2.90039737 2.89837555
 2.89635372 2.89433188 2.89231002 2.89028815 2.88826626 2.88624436
 2.88422244 2.88220052 2.88017857 2.87815662 2.87613464 2.87411266
 2.87209066 2.87006865 2.86804662 2.86602458 2.86400252 2.86198045
 2.85995837 2.85793627 2.85591415 2.85389203 2.85186989 2.84984773
 2.84782556 2.84580337 2.84378118 2.84175896 2.83973673 2.83771449
 2.83569223 2.83366996 2.83164768 2.82962538 2.82760306 2.82558073
 2.82355839 2.82153603 2.81951366 2.81749127 2.81546887 2.81344645
 2.81142402 2.80940157 2.80737911 2.80535664 2.80333415 2.80131164
 2.79928912 2.79726659 2.79524404 2.79322148 2.7911989  2.78917631
 2.7871537  2.78513107 2.78310844 2.78108578 2.77906312 2.77704043
 2.77501774 2.77299502 2.7709723  2.76894955 2.7669268  2.76490402
 2.76288124 2.76085843 2.75883562 2.75681278 2.75478994 2.75276707
 2.7507442  2.7487213  2.74669839 2.74467547 2.74265253 2.74062958
 2.73860661 2.73658363 2.73456063 2.73253761 2.73051458 2.72849154
 2.72646848 2.7244454  2.72242231 2.7203992  2.71837608 2.71635294
 2.71432979 2.71230662 2.71028344 2.70826024 2.70623702 2.70421379
 2.70219055 2.70016729 2.69814401 2.69612072 2.69409741 2.69207409
 2.69005075 2.68802739 2.68600402 2.68398064 2.68195724 2.67993382
 2.67791039 2.67588694 2.67386347 2.67183999 2.6698165  2.66779298
 2.66576946 2.66374591 2.66172235 2.65969878 2.65767519 2.65565158
 2.65362796 2.65160432 2.64958067 2.64755699 2.64553331 2.64350961
 2.64148589 2.63946215 2.6374384  2.63541464 2.63339085 2.63136705
 2.62934324 2.62731941 2.62529556 2.6232717  2.62124782 2.61922392
 2.61720001 2.61517608 2.61315214 2.61112818 2.6091042  2.60708021
 2.6050562  2.60303217 2.60100813 2.59898407 2.59696    2.5949359
 2.5929118  2.59088767 2.58886353 2.58683937 2.5848152  2.58279101
 2.5807668  2.57874258 2.57671834 2.57469409 2.57266981 2.57064552
 2.56862122 2.56659689 2.56457255 2.5625482  2.56052383 2.55849944
 2.55647503 2.55445061 2.55242617 2.55040171 2.54837724 2.54635275
 2.54432824 2.54230372 2.54027918 2.53825462 2.53623005 2.53420546
 2.53218085 2.53015622 2.52813158 2.52610692 2.52408225 2.52205755
 2.52003284 2.51800812 2.51598337 2.51395861 2.51193384 2.50990904
 2.50788423 2.5058594  2.50383455 2.50180969 2.49978481 2.49775991
 2.49573499 2.49371006 2.49168511 2.48966014 2.48763516 2.48561016
 2.48358514 2.4815601  2.47953505 2.47750998 2.47548489 2.47345978
 2.47143466 2.46940952 2.46738436 2.46535918 2.46333399 2.46130878
 2.45928355 2.4572583  2.45523304 2.45320776 2.45118246 2.44915714
 2.44713181 2.44510646 2.44308109 2.4410557  2.43903029 2.43700487
 2.43497943 2.43295397 2.4309285  2.428903   2.42687749 2.42485196
 2.42282641 2.42080085 2.41877527 2.41674967 2.41472405 2.41269841
 2.41067275 2.40864708 2.40662139 2.40459568 2.40256995 2.40054421
 2.39851845 2.39649267 2.39446687 2.39244105 2.39041521 2.38838936
 2.38636349 2.3843376  2.38231169 2.38028576 2.37825982 2.37623386
 2.37420787 2.37218187 2.37015586 2.36812982 2.36610377 2.36407769
 2.3620516  2.36002549 2.35799936 2.35597322 2.35394705 2.35192087
 2.34989467 2.34786844 2.34584221 2.34381595 2.34178967 2.33976338
 2.33773706 2.33571073 2.33368438 2.33165801 2.32963162 2.32760522
 2.32557879 2.32355235 2.32152588 2.3194994  2.3174729  2.31544638
 2.31341984 2.31139328 2.30936671 2.30734011 2.3053135  2.30328687
 2.30126022 2.29923355 2.29720686 2.29518015 2.29315342 2.29112667
 2.28909991 2.28707312 2.28504632 2.2830195  2.28099265 2.27896579
 2.27693891 2.27491201 2.2728851  2.27085816 2.2688312  2.26680422
 2.26477723 2.26275021 2.26072318 2.25869613 2.25666905 2.25464196
 2.25261485 2.25058772 2.24856057 2.2465334  2.24450621 2.242479
 2.24045177 2.23842452 2.23639726 2.23436997 2.23234266 2.23031534
 2.22828799 2.22626063 2.22423324 2.22220584 2.22017841 2.21815097
 2.21612351 2.21409602 2.21206852 2.210041   2.20801346 2.20598589
 2.20395831 2.20193071 2.19990309 2.19787545 2.19584778 2.1938201
 2.1917924  2.18976468 2.18773694 2.18570918 2.1836814  2.18165359
 2.17962577 2.17759793 2.17557007 2.17354219 2.17151429 2.16948636
 2.16745842 2.16543046 2.16340248 2.16137447 2.15934645 2.15731841
 2.15529034 2.15326226 2.15123416 2.14920603 2.14717789 2.14514972
 2.14312154 2.14109333 2.1390651  2.13703686 2.13500859 2.1329803
 2.13095199 2.12892367 2.12689532 2.12486695 2.12283856 2.12081015
 2.11878171 2.11675326 2.11472479 2.1126963  2.11066778 2.10863925
 2.10661069 2.10458211 2.10255352 2.1005249  2.09849626 2.0964676
 2.09443892 2.09241022 2.0903815  2.08835275 2.08632399 2.0842952
 2.0822664  2.08023757 2.07820872 2.07617985 2.07415096 2.07212205
 2.07009312 2.06806417 2.06603519 2.0640062  2.06197718 2.05994814
 2.05791908 2.05589    2.0538609  2.05183178 2.04980264 2.04777347
 2.04574428 2.04371508 2.04168585 2.0396566  2.03762732 2.03559803
 2.03356872 2.03153938 2.02951002 2.02748064 2.02545124 2.02342182
 2.02139238 2.01936291 2.01733342 2.01530392 2.01327439 2.01124483
 2.00921526 2.00718567 2.00515605 2.00312641 2.00109675 1.99906707
 1.99703736 1.99500764 1.99297789 1.99094812 1.98891833 1.98688852
 1.98485868 1.98282883 1.98079895 1.97876905 1.97673912 1.97470918
 1.97267921 1.97064922 1.96861921 1.96658918 1.96455913 1.96252905
 1.96049895 1.95846883 1.95643868 1.95440852 1.95237833 1.95034812
 1.94831789 1.94628763 1.94425736 1.94222706 1.94019674 1.93816639
 1.93613603 1.93410564 1.93207523 1.93004479 1.92801434 1.92598386
 1.92395336 1.92192283 1.91989229 1.91786172 1.91583113 1.91380052
 1.91176988 1.90973922 1.90770854 1.90567784 1.90364711 1.90161636
 1.89958559 1.89755479 1.89552397 1.89349313 1.89146227 1.88943138
 1.88740047 1.88536954 1.88333859 1.88130761 1.87927661 1.87724559
 1.87521454 1.87318347 1.87115238 1.86912126 1.86709012 1.86505896
 1.86302778 1.86099657 1.85896534 1.85693408 1.8549028  1.8528715
 1.85084018 1.84880883 1.84677746 1.84474607 1.84271465 1.84068321
 1.83865175 1.83662026 1.83458875 1.83255722 1.83052566 1.82849408
 1.82646248 1.82443085 1.8223992  1.82036752 1.81833583 1.8163041
 1.81427236 1.81224059 1.8102088  1.80817698 1.80614514 1.80411328
 1.80208139 1.80004948 1.79801755 1.79598559 1.79395361 1.7919216
 1.78988957 1.78785752 1.78582544 1.78379334 1.78176121 1.77972906
 1.77769689 1.77566469 1.77363247 1.77160023 1.76956796 1.76753566
 1.76550335 1.76347101 1.76143864 1.75940625 1.75737384 1.7553414
 1.75330894 1.75127645 1.74924394 1.74721141 1.74517885 1.74314626
 1.74111366 1.73908102 1.73704837 1.73501569 1.73298298 1.73095025
 1.7289175  1.72688472 1.72485192 1.72281909 1.72078624 1.71875336
 1.71672046 1.71468753 1.71265458 1.71062161 1.70858861 1.70655559
 1.70452254 1.70248946 1.70045637 1.69842324 1.69639009 1.69435692
 1.69232372 1.6902905  1.68825726 1.68622398 1.68419069 1.68215736
 1.68012402 1.67809065 1.67605725 1.67402383 1.67199038 1.66995691
 1.66792341 1.66588989 1.66385634 1.66182277 1.65978917 1.65775555
 1.6557219  1.65368823 1.65165453 1.64962081 1.64758706 1.64555329
 1.64351949 1.64148566 1.63945181 1.63741794 1.63538404 1.63335011
 1.63131616 1.62928218 1.62724818 1.62521415 1.6231801  1.62114602
 1.61911192 1.61707779 1.61504363 1.61300945 1.61097524 1.60894101
 1.60690675 1.60487247 1.60283816 1.60080382 1.59876946 1.59673508
 1.59470066 1.59266622 1.59063176 1.58859727]
t =  [1.04250800e+09 1.04250803e+09 1.04250805e+09 1.04250807e+09
 1.04250810e+09 1.04250812e+09 1.04250815e+09 1.04250817e+09
 1.04250819e+09 1.04250822e+09 1.04250824e+09 1.04250827e+09
 1.04250829e+09 1.04250832e+09 1.04250834e+09 1.04250836e+09
 1.04250839e+09 1.04250841e+09 1.04250844e+09 1.04250846e+09
 1.04250849e+09 1.04250851e+09 1.04250853e+09 1.04250856e+09
 1.04250858e+09 1.04250861e+09 1.04250863e+09 1.04250865e+09
 1.04250868e+09 1.04250870e+09 1.04250873e+09 1.04250875e+09
 1.04250878e+09 1.04250880e+09 1.04250882e+09 1.04250885e+09
 1.04250887e+09 1.04250890e+09 1.04250892e+09 1.04250895e+09
 1.04250897e+09 1.04250899e+09 1.04250902e+09 1.04250904e+09
 1.04250907e+09 1.04250909e+09 1.04250911e+09 1.04250914e+09
 1.04250916e+09 1.04250919e+09 1.04250921e+09 1.04250924e+09
 1.04250926e+09 1.04250928e+09 1.04250931e+09 1.04250933e+09
 1.04250936e+09 1.04250938e+09 1.04250941e+09 1.04250943e+09
 1.04250945e+09 1.04250948e+09 1.04250950e+09 1.04250953e+09
 1.04250955e+09 1.04250957e+09 1.04250960e+09 1.04250962e+09
 1.04250965e+09 1.04250967e+09 1.04250970e+09 1.04250972e+09
 1.04250974e+09 1.04250977e+09 1.04250979e+09 1.04250982e+09
 1.04250984e+09 1.04250986e+09 1.04250989e+09 1.04250991e+09
 1.04250994e+09 1.04250996e+09 1.04250999e+09 1.04251001e+09
 1.04251003e+09 1.04251006e+09 1.04251008e+09 1.04251011e+09
 1.04251013e+09 1.04251016e+09 1.04251018e+09 1.04251020e+09
 1.04251023e+09 1.04251025e+09 1.04251028e+09 1.04251030e+09
 1.04251032e+09 1.04251035e+09 1.04251037e+09 1.04251040e+09
 1.04251042e+09 1.04251045e+09 1.04251047e+09 1.04251049e+09
 1.04251052e+09 1.04251054e+09 1.04251057e+09 1.04251059e+09
 1.04251062e+09 1.04251064e+09 1.04251066e+09 1.04251069e+09
 1.04251071e+09 1.04251074e+09 1.04251076e+09 1.04251078e+09
 1.04251081e+09 1.04251083e+09 1.04251086e+09 1.04251088e+09
 1.04251091e+09 1.04251093e+09 1.04251095e+09 1.04251098e+09
 1.04251100e+09 1.04251103e+09 1.04251105e+09 1.04251108e+09
 1.04251110e+09 1.04251112e+09 1.04251115e+09 1.04251117e+09
 1.04251120e+09 1.04251122e+09 1.04251124e+09 1.04251127e+09
 1.04251129e+09 1.04251132e+09 1.04251134e+09 1.04251137e+09
 1.04251139e+09 1.04251141e+09 1.04251144e+09 1.04251146e+09
 1.04251149e+09 1.04251151e+09 1.04251153e+09 1.04251156e+09
 1.04251158e+09 1.04251161e+09 1.04251163e+09 1.04251166e+09
 1.04251168e+09 1.04251170e+09 1.04251173e+09 1.04251175e+09
 1.04251178e+09 1.04251180e+09 1.04251183e+09 1.04251185e+09
 1.04251187e+09 1.04251190e+09 1.04251192e+09 1.04251195e+09
 1.04251197e+09 1.04251199e+09 1.04251202e+09 1.04251204e+09
 1.04251207e+09 1.04251209e+09 1.04251212e+09 1.04251214e+09
 1.04251216e+09 1.04251219e+09 1.04251221e+09 1.04251224e+09
 1.04251226e+09 1.04251229e+09 1.04251231e+09 1.04251233e+09
 1.04251236e+09 1.04251238e+09 1.04251241e+09 1.04251243e+09
 1.04251245e+09 1.04251248e+09 1.04251250e+09 1.04251253e+09
 1.04251255e+09 1.04251258e+09 1.04251260e+09 1.04251262e+09
 1.04251265e+09 1.04251267e+09 1.04251270e+09 1.04251272e+09
 1.04251275e+09 1.04251277e+09 1.04251279e+09 1.04251282e+09
 1.04251284e+09 1.04251287e+09 1.04251289e+09 1.04251291e+09
 1.04251294e+09 1.04251296e+09 1.04251299e+09 1.04251301e+09
 1.04251304e+09 1.04251306e+09 1.04251308e+09 1.04251311e+09
 1.04251313e+09 1.04251316e+09 1.04251318e+09 1.04251321e+09
 1.04251323e+09 1.04251325e+09 1.04251328e+09 1.04251330e+09
 1.04251333e+09 1.04251335e+09 1.04251337e+09 1.04251340e+09
 1.04251342e+09 1.04251345e+09 1.04251347e+09 1.04251350e+09
 1.04251352e+09 1.04251354e+09 1.04251357e+09 1.04251359e+09
 1.04251362e+09 1.04251364e+09 1.04251366e+09 1.04251369e+09
 1.04251371e+09 1.04251374e+09 1.04251376e+09 1.04251379e+09
 1.04251381e+09 1.04251383e+09 1.04251386e+09 1.04251388e+09
 1.04251391e+09 1.04251393e+09 1.04251396e+09 1.04251398e+09
 1.04251400e+09 1.04251403e+09 1.04251405e+09 1.04251408e+09
 1.04251410e+09 1.04251412e+09 1.04251415e+09 1.04251417e+09
 1.04251420e+09 1.04251422e+09 1.04251425e+09 1.04251427e+09
 1.04251429e+09 1.04251432e+09 1.04251434e+09 1.04251437e+09
 1.04251439e+09 1.04251442e+09 1.04251444e+09 1.04251446e+09
 1.04251449e+09 1.04251451e+09 1.04251454e+09 1.04251456e+09
 1.04251458e+09 1.04251461e+09 1.04251463e+09 1.04251466e+09
 1.04251468e+09 1.04251471e+09 1.04251473e+09 1.04251475e+09
 1.04251478e+09 1.04251480e+09 1.04251483e+09 1.04251485e+09
 1.04251488e+09 1.04251490e+09 1.04251492e+09 1.04251495e+09
 1.04251497e+09 1.04251500e+09 1.04251502e+09 1.04251504e+09
 1.04251507e+09 1.04251509e+09 1.04251512e+09 1.04251514e+09
 1.04251517e+09 1.04251519e+09 1.04251521e+09 1.04251524e+09
 1.04251526e+09 1.04251529e+09 1.04251531e+09 1.04251534e+09
 1.04251536e+09 1.04251538e+09 1.04251541e+09 1.04251543e+09
 1.04251546e+09 1.04251548e+09 1.04251550e+09 1.04251553e+09
 1.04251555e+09 1.04251558e+09 1.04251560e+09 1.04251563e+09
 1.04251565e+09 1.04251567e+09 1.04251570e+09 1.04251572e+09
 1.04251575e+09 1.04251577e+09 1.04251579e+09 1.04251582e+09
 1.04251584e+09 1.04251587e+09 1.04251589e+09 1.04251592e+09
 1.04251594e+09 1.04251596e+09 1.04251599e+09 1.04251601e+09
 1.04251604e+09 1.04251606e+09 1.04251609e+09 1.04251611e+09
 1.04251613e+09 1.04251616e+09 1.04251618e+09 1.04251621e+09
 1.04251623e+09 1.04251625e+09 1.04251628e+09 1.04251630e+09
 1.04251633e+09 1.04251635e+09 1.04251638e+09 1.04251640e+09
 1.04251642e+09 1.04251645e+09 1.04251647e+09 1.04251650e+09
 1.04251652e+09 1.04251655e+09 1.04251657e+09 1.04251659e+09
 1.04251662e+09 1.04251664e+09 1.04251667e+09 1.04251669e+09
 1.04251671e+09 1.04251674e+09 1.04251676e+09 1.04251679e+09
 1.04251681e+09 1.04251684e+09 1.04251686e+09 1.04251688e+09
 1.04251691e+09 1.04251693e+09 1.04251696e+09 1.04251698e+09
 1.04251701e+09 1.04251703e+09 1.04251705e+09 1.04251708e+09
 1.04251710e+09 1.04251713e+09 1.04251715e+09 1.04251717e+09
 1.04251720e+09 1.04251722e+09 1.04251725e+09 1.04251727e+09
 1.04251730e+09 1.04251732e+09 1.04251734e+09 1.04251737e+09
 1.04251739e+09 1.04251742e+09 1.04251744e+09 1.04251747e+09
 1.04251749e+09 1.04251751e+09 1.04251754e+09 1.04251756e+09
 1.04251759e+09 1.04251761e+09 1.04251763e+09 1.04251766e+09
 1.04251768e+09 1.04251771e+09 1.04251773e+09 1.04251776e+09
 1.04251778e+09 1.04251780e+09 1.04251783e+09 1.04251785e+09
 1.04251788e+09 1.04251790e+09 1.04251792e+09 1.04251795e+09
 1.04251797e+09 1.04251800e+09 1.04251802e+09 1.04251805e+09
 1.04251807e+09 1.04251809e+09 1.04251812e+09 1.04251814e+09
 1.04251817e+09 1.04251819e+09 1.04251822e+09 1.04251824e+09
 1.04251826e+09 1.04251829e+09 1.04251831e+09 1.04251834e+09
 1.04251836e+09 1.04251838e+09 1.04251841e+09 1.04251843e+09
 1.04251846e+09 1.04251848e+09 1.04251851e+09 1.04251853e+09
 1.04251855e+09 1.04251858e+09 1.04251860e+09 1.04251863e+09
 1.04251865e+09 1.04251868e+09 1.04251870e+09 1.04251872e+09
 1.04251875e+09 1.04251877e+09 1.04251880e+09 1.04251882e+09
 1.04251884e+09 1.04251887e+09 1.04251889e+09 1.04251892e+09
 1.04251894e+09 1.04251897e+09 1.04251899e+09 1.04251901e+09
 1.04251904e+09 1.04251906e+09 1.04251909e+09 1.04251911e+09
 1.04251914e+09 1.04251916e+09 1.04251918e+09 1.04251921e+09
 1.04251923e+09 1.04251926e+09 1.04251928e+09 1.04251930e+09
 1.04251933e+09 1.04251935e+09 1.04251938e+09 1.04251940e+09
 1.04251943e+09 1.04251945e+09 1.04251947e+09 1.04251950e+09
 1.04251952e+09 1.04251955e+09 1.04251957e+09 1.04251959e+09
 1.04251962e+09 1.04251964e+09 1.04251967e+09 1.04251969e+09
 1.04251972e+09 1.04251974e+09 1.04251976e+09 1.04251979e+09
 1.04251981e+09 1.04251984e+09 1.04251986e+09 1.04251989e+09
 1.04251991e+09 1.04251993e+09 1.04251996e+09 1.04251998e+09
 1.04252001e+09 1.04252003e+09 1.04252005e+09 1.04252008e+09
 1.04252010e+09 1.04252013e+09 1.04252015e+09 1.04252018e+09
 1.04252020e+09 1.04252022e+09 1.04252025e+09 1.04252027e+09
 1.04252030e+09 1.04252032e+09 1.04252035e+09 1.04252037e+09
 1.04252039e+09 1.04252042e+09 1.04252044e+09 1.04252047e+09
 1.04252049e+09 1.04252051e+09 1.04252054e+09 1.04252056e+09
 1.04252059e+09 1.04252061e+09 1.04252064e+09 1.04252066e+09
 1.04252068e+09 1.04252071e+09 1.04252073e+09 1.04252076e+09
 1.04252078e+09 1.04252081e+09 1.04252083e+09 1.04252085e+09
 1.04252088e+09 1.04252090e+09 1.04252093e+09 1.04252095e+09
 1.04252097e+09 1.04252100e+09 1.04252102e+09 1.04252105e+09
 1.04252107e+09 1.04252110e+09 1.04252112e+09 1.04252114e+09
 1.04252117e+09 1.04252119e+09 1.04252122e+09 1.04252124e+09
 1.04252127e+09 1.04252129e+09 1.04252131e+09 1.04252134e+09
 1.04252136e+09 1.04252139e+09 1.04252141e+09 1.04252143e+09
 1.04252146e+09 1.04252148e+09 1.04252151e+09 1.04252153e+09
 1.04252156e+09 1.04252158e+09 1.04252160e+09 1.04252163e+09
 1.04252165e+09 1.04252168e+09 1.04252170e+09 1.04252172e+09
 1.04252175e+09 1.04252177e+09 1.04252180e+09 1.04252182e+09
 1.04252185e+09 1.04252187e+09 1.04252189e+09 1.04252192e+09
 1.04252194e+09 1.04252197e+09 1.04252199e+09 1.04252202e+09
 1.04252204e+09 1.04252206e+09 1.04252209e+09 1.04252211e+09
 1.04252214e+09 1.04252216e+09 1.04252218e+09 1.04252221e+09
 1.04252223e+09 1.04252226e+09 1.04252228e+09 1.04252231e+09
 1.04252233e+09 1.04252235e+09 1.04252238e+09 1.04252240e+09
 1.04252243e+09 1.04252245e+09 1.04252248e+09 1.04252250e+09
 1.04252252e+09 1.04252255e+09 1.04252257e+09 1.04252260e+09
 1.04252262e+09 1.04252264e+09 1.04252267e+09 1.04252269e+09
 1.04252272e+09 1.04252274e+09 1.04252277e+09 1.04252279e+09
 1.04252281e+09 1.04252284e+09 1.04252286e+09 1.04252289e+09
 1.04252291e+09 1.04252294e+09 1.04252296e+09 1.04252298e+09
 1.04252301e+09 1.04252303e+09 1.04252306e+09 1.04252308e+09
 1.04252310e+09 1.04252313e+09 1.04252315e+09 1.04252318e+09
 1.04252320e+09 1.04252323e+09 1.04252325e+09 1.04252327e+09
 1.04252330e+09 1.04252332e+09 1.04252335e+09 1.04252337e+09
 1.04252340e+09 1.04252342e+09 1.04252344e+09 1.04252347e+09
 1.04252349e+09 1.04252352e+09 1.04252354e+09 1.04252356e+09
 1.04252359e+09 1.04252361e+09 1.04252364e+09 1.04252366e+09
 1.04252369e+09 1.04252371e+09 1.04252373e+09 1.04252376e+09
 1.04252378e+09 1.04252381e+09 1.04252383e+09 1.04252385e+09
 1.04252388e+09 1.04252390e+09 1.04252393e+09 1.04252395e+09
 1.04252398e+09 1.04252400e+09 1.04252402e+09 1.04252405e+09
 1.04252407e+09 1.04252410e+09 1.04252412e+09 1.04252415e+09
 1.04252417e+09 1.04252419e+09 1.04252422e+09 1.04252424e+09
 1.04252427e+09 1.04252429e+09 1.04252431e+09 1.04252434e+09
 1.04252436e+09 1.04252439e+09 1.04252441e+09 1.04252444e+09
 1.04252446e+09 1.04252448e+09 1.04252451e+09 1.04252453e+09
 1.04252456e+09 1.04252458e+09 1.04252461e+09 1.04252463e+09
 1.04252465e+09 1.04252468e+09 1.04252470e+09 1.04252473e+09
 1.04252475e+09 1.04252477e+09 1.04252480e+09 1.04252482e+09
 1.04252485e+09 1.04252487e+09 1.04252490e+09 1.04252492e+09
 1.04252494e+09 1.04252497e+09 1.04252499e+09 1.04252502e+09
 1.04252504e+09 1.04252507e+09 1.04252509e+09 1.04252511e+09
 1.04252514e+09 1.04252516e+09 1.04252519e+09 1.04252521e+09
 1.04252523e+09 1.04252526e+09 1.04252528e+09 1.04252531e+09
 1.04252533e+09 1.04252536e+09 1.04252538e+09 1.04252540e+09
 1.04252543e+09 1.04252545e+09 1.04252548e+09 1.04252550e+09
 1.04252553e+09 1.04252555e+09 1.04252557e+09 1.04252560e+09
 1.04252562e+09 1.04252565e+09 1.04252567e+09 1.04252569e+09
 1.04252572e+09 1.04252574e+09 1.04252577e+09 1.04252579e+09
 1.04252582e+09 1.04252584e+09 1.04252586e+09 1.04252589e+09
 1.04252591e+09 1.04252594e+09 1.04252596e+09 1.04252598e+09
 1.04252601e+09 1.04252603e+09 1.04252606e+09 1.04252608e+09
 1.04252611e+09 1.04252613e+09 1.04252615e+09 1.04252618e+09
 1.04252620e+09 1.04252623e+09 1.04252625e+09 1.04252628e+09
 1.04252630e+09 1.04252632e+09 1.04252635e+09 1.04252637e+09
 1.04252640e+09 1.04252642e+09 1.04252644e+09 1.04252647e+09
 1.04252649e+09 1.04252652e+09 1.04252654e+09 1.04252657e+09
 1.04252659e+09 1.04252661e+09 1.04252664e+09 1.04252666e+09
 1.04252669e+09 1.04252671e+09 1.04252674e+09 1.04252676e+09
 1.04252678e+09 1.04252681e+09 1.04252683e+09 1.04252686e+09
 1.04252688e+09 1.04252690e+09 1.04252693e+09 1.04252695e+09
 1.04252698e+09 1.04252700e+09 1.04252703e+09 1.04252705e+09
 1.04252707e+09 1.04252710e+09 1.04252712e+09 1.04252715e+09
 1.04252717e+09 1.04252720e+09 1.04252722e+09 1.04252724e+09
 1.04252727e+09 1.04252729e+09 1.04252732e+09 1.04252734e+09
 1.04252736e+09 1.04252739e+09 1.04252741e+09 1.04252744e+09
 1.04252746e+09 1.04252749e+09 1.04252751e+09 1.04252753e+09
 1.04252756e+09 1.04252758e+09 1.04252761e+09 1.04252763e+09
 1.04252765e+09 1.04252768e+09 1.04252770e+09 1.04252773e+09
 1.04252775e+09 1.04252778e+09 1.04252780e+09 1.04252782e+09
 1.04252785e+09 1.04252787e+09 1.04252790e+09 1.04252792e+09
 1.04252795e+09 1.04252797e+09 1.04252799e+09 1.04252802e+09
 1.04252804e+09 1.04252807e+09 1.04252809e+09 1.04252811e+09
 1.04252814e+09 1.04252816e+09 1.04252819e+09 1.04252821e+09
 1.04252824e+09 1.04252826e+09 1.04252828e+09 1.04252831e+09
 1.04252833e+09 1.04252836e+09 1.04252838e+09 1.04252841e+09
 1.04252843e+09 1.04252845e+09 1.04252848e+09 1.04252850e+09
 1.04252853e+09 1.04252855e+09 1.04252857e+09 1.04252860e+09
 1.04252862e+09 1.04252865e+09 1.04252867e+09 1.04252870e+09
 1.04252872e+09 1.04252874e+09 1.04252877e+09 1.04252879e+09
 1.04252882e+09 1.04252884e+09 1.04252887e+09 1.04252889e+09
 1.04252891e+09 1.04252894e+09 1.04252896e+09 1.04252899e+09
 1.04252901e+09 1.04252903e+09 1.04252906e+09 1.04252908e+09
 1.04252911e+09 1.04252913e+09 1.04252916e+09 1.04252918e+09
 1.04252920e+09 1.04252923e+09 1.04252925e+09 1.04252928e+09
 1.04252930e+09 1.04252933e+09 1.04252935e+09 1.04252937e+09
 1.04252940e+09 1.04252942e+09 1.04252945e+09 1.04252947e+09
 1.04252949e+09 1.04252952e+09 1.04252954e+09 1.04252957e+09
 1.04252959e+09 1.04252962e+09 1.04252964e+09 1.04252966e+09
 1.04252969e+09 1.04252971e+09 1.04252974e+09 1.04252976e+09
 1.04252978e+09 1.04252981e+09 1.04252983e+09 1.04252986e+09
 1.04252988e+09 1.04252991e+09 1.04252993e+09 1.04252995e+09
 1.04252998e+09 1.04253000e+09 1.04253003e+09 1.04253005e+09
 1.04253008e+09 1.04253010e+09 1.04253012e+09 1.04253015e+09
 1.04253017e+09 1.04253020e+09 1.04253022e+09 1.04253024e+09
 1.04253027e+09 1.04253029e+09 1.04253032e+09 1.04253034e+09
 1.04253037e+09 1.04253039e+09 1.04253041e+09 1.04253044e+09
 1.04253046e+09 1.04253049e+09 1.04253051e+09 1.04253054e+09
 1.04253056e+09 1.04253058e+09 1.04253061e+09 1.04253063e+09
 1.04253066e+09 1.04253068e+09 1.04253070e+09 1.04253073e+09
 1.04253075e+09 1.04253078e+09 1.04253080e+09 1.04253083e+09
 1.04253085e+09 1.04253087e+09 1.04253090e+09 1.04253092e+09
 1.04253095e+09 1.04253097e+09 1.04253100e+09 1.04253102e+09
 1.04253104e+09 1.04253107e+09 1.04253109e+09 1.04253112e+09
 1.04253114e+09 1.04253116e+09 1.04253119e+09 1.04253121e+09
 1.04253124e+09 1.04253126e+09 1.04253129e+09 1.04253131e+09
 1.04253133e+09 1.04253136e+09 1.04253138e+09 1.04253141e+09
 1.04253143e+09 1.04253146e+09 1.04253148e+09 1.04253150e+09
 1.04253153e+09 1.04253155e+09 1.04253158e+09 1.04253160e+09
 1.04253162e+09 1.04253165e+09 1.04253167e+09 1.04253170e+09
 1.04253172e+09 1.04253175e+09 1.04253177e+09 1.04253179e+09
 1.04253182e+09 1.04253184e+09 1.04253187e+09 1.04253189e+09
 1.04253191e+09 1.04253194e+09 1.04253196e+09 1.04253199e+09
 1.04253201e+09 1.04253204e+09 1.04253206e+09 1.04253208e+09
 1.04253211e+09 1.04253213e+09 1.04253216e+09 1.04253218e+09]
minRes = 1.5885972692607717
minResTime =  [1.04253218e+09]
