name =JUICE_ROI_CAL_7_0_04
flyby =  ['2033 JAN 13 13:32:12', '2033 JAN 14 13:32:12']
Observation TW =  <SpiceCell dtype = 1, length = 0, size = 2200, card = 2, is_set = 1, adjust = 0, init = 1, base = 2300939172672, data = 2300939172720>
Res(t) =  [4.36097402 4.35675998 4.35254576 4.34833136 4.34411679 4.33990204
 4.33568711 4.331472   4.32725671 4.32304124 4.31882559 4.31460977
 4.31039376 4.30617758 4.30196121 4.29774466 4.29352793 4.28931103
 4.28509394 4.28087667 4.27665921 4.27244158 4.26822377 4.26400577
 4.25978759 4.25556923 4.25135069 4.24713196 4.24291305 4.23869396
 4.23447469 4.23025523 4.22603559 4.22181576 4.21759575 4.21337556
 4.20915518 4.20493462 4.20071387 4.19649294 4.19227183 4.18805052
 4.18382904 4.17960736 4.1753855  4.17116346 4.16694123 4.16271881
 4.15849621 4.15427342 4.15005044 4.14582727 4.14160392 4.13738038
 4.13315665 4.12893274 4.12470863 4.12048434 4.11625986 4.11203519
 4.10781033 4.10358528 4.09936005 4.09513462 4.09090901 4.0866832
 4.0824572  4.07823102 4.07400464 4.06977807 4.06555132 4.06132437
 4.05709723 4.05286989 4.04864237 4.04441466 4.04018675 4.03595865
 4.03173036 4.02750187 4.02327319 4.01904432 4.01481526 4.010586
 4.00635655 4.00212691 3.99789707 3.99366704 3.98943681 3.98520639
 3.98097577 3.97674496 3.97251396 3.96828275 3.96405136 3.95981976
 3.95558797 3.95135599 3.94712381 3.94289143 3.93865885 3.93442608
 3.93019311 3.92595995 3.92172658 3.91749302 3.91325926 3.9090253
 3.90479115 3.90055679 3.89632224 3.89208749 3.88785254 3.88361739
 3.87938204 3.87514649 3.87091074 3.86667479 3.86243863 3.85820228
 3.85396573 3.84972898 3.84549202 3.84125487 3.83701751 3.83277995
 3.82854219 3.82430423 3.82006607 3.8158277  3.81158913 3.80735035
 3.80311138 3.7988722  3.79463281 3.79039323 3.78615344 3.78191344
 3.77767324 3.77343284 3.76919223 3.76495141 3.76071039 3.75646917
 3.75222774 3.7479861  3.74374426 3.73950221 3.73525995 3.73101749
 3.72677482 3.72253195 3.71828886 3.71404557 3.70980208 3.70555837
 3.70131446 3.69707033 3.692826   3.68858146 3.68433671 3.68009176
 3.67584659 3.67160121 3.66735563 3.66310983 3.65886382 3.65461761
 3.65037118 3.64612454 3.64187769 3.63763063 3.63338336 3.62913588
 3.62488818 3.62064027 3.61639215 3.61214382 3.60789528 3.60364652
 3.59939755 3.59514837 3.59089897 3.58664936 3.58239953 3.57814949
 3.57389924 3.56964877 3.56539809 3.56114719 3.55689608 3.55264475
 3.5483932  3.54414144 3.53988947 3.53563727 3.53138487 3.52713224
 3.5228794  3.51862634 3.51437306 3.51011957 3.50586585 3.50161192
 3.49735778 3.49310341 3.48884882 3.48459402 3.480339   3.47608375
 3.47182829 3.46757261 3.46331671 3.45906059 3.45480425 3.45054768
 3.4462909  3.4420339  3.43777667 3.43351922 3.42926155 3.42500366
 3.42074555 3.41648722 3.41222866 3.40796988 3.40371088 3.39945165
 3.3951922  3.39093253 3.38667263 3.38241251 3.37815217 3.3738916
 3.3696308  3.36536978 3.36110854 3.35684707 3.35258538 3.34832346
 3.34406131 3.33979894 3.33553634 3.33127351 3.32701046 3.32274718
 3.31848367 3.31421994 3.30995597 3.30569178 3.30142737 3.29716272
 3.29289784 3.28863274 3.2843674  3.28010184 3.27583605 3.27157003
 3.26730377 3.26303729 3.25877058 3.25450364 3.25023646 3.24596906
 3.24170142 3.23743355 3.23316545 3.22889712 3.22462856 3.22035976
 3.21609073 3.21182147 3.20755197 3.20328224 3.19901228 3.19474209
 3.19047166 3.18620099 3.18193009 3.17765896 3.17338759 3.16911599
 3.16484415 3.16057207 3.15629976 3.15202722 3.14775444 3.14348142
 3.13920816 3.13493467 3.13066094 3.12638697 3.12211277 3.11783832
 3.11356364 3.10928872 3.10501356 3.10073817 3.09646253 3.09218666
 3.08791054 3.08363419 3.07935759 3.07508076 3.07080368 3.06652637
 3.06224881 3.05797101 3.05369297 3.04941469 3.04513617 3.04085741
 3.0365784  3.03229915 3.02801966 3.02373992 3.01945994 3.01517972
 3.01089926 3.00661855 3.00233759 2.9980564  2.99377495 2.98949326
 2.98521133 2.98092915 2.97664673 2.97236406 2.96808115 2.96379798
 2.95951458 2.95523092 2.95094702 2.94666287 2.94237847 2.93809383
 2.93380894 2.9295238  2.92523841 2.92095277 2.91666688 2.91238075
 2.90809436 2.90380773 2.89952084 2.89523371 2.89094632 2.88665869
 2.8823708  2.87808267 2.87379428 2.86950564 2.86521674 2.8609276
 2.8566382  2.85234856 2.84805865 2.8437685  2.83947809 2.83518743
 2.83089652 2.82660535 2.82231392 2.81802224 2.81373031 2.80943813
 2.80514568 2.80085298 2.79656003 2.79226682 2.78797336 2.78367963
 2.77938565 2.77509142 2.77079692 2.76650217 2.76220717 2.7579119
 2.75361638 2.74932059 2.74502455 2.74072825 2.73643169 2.73213487
 2.7278378  2.72354046 2.71924286 2.714945   2.71064688 2.7063485
 2.70204986 2.69775096 2.69345179 2.68915236 2.68485268 2.68055272
 2.67625251 2.67195203 2.66765129 2.66335029 2.65904902 2.65474749
 2.6504457  2.64614364 2.64184131 2.63753872 2.63323587 2.62893275
 2.62462936 2.62032571 2.6160218  2.61171761 2.60741316 2.60310844
 2.59880346 2.5944982  2.59019268 2.58588689 2.58158084 2.57727451
 2.57296792 2.56866105 2.56435392 2.56004652 2.55573885 2.55143091
 2.54712269 2.54281421 2.53850545 2.53419643 2.52988713 2.52557756
 2.52126772 2.51695761 2.51264723 2.50833657 2.50402564 2.49971443
 2.49540296 2.4910912  2.48677918 2.48246688 2.47815431 2.47384146
 2.46952833 2.46521493 2.46090126 2.45658731 2.45227308 2.44795857
 2.44364379 2.43932874 2.4350134  2.43069779 2.4263819  2.42206573
 2.41774928 2.41343256 2.40911556 2.40479827 2.40048071 2.39616287
 2.39184474 2.38752634 2.38320766 2.3788887  2.37456945 2.37024992
 2.36593012 2.36161003 2.35728966 2.352969   2.34864807 2.34432685
 2.34000534 2.33568356 2.33136149 2.32703913 2.32271649 2.31839357
 2.31407036 2.30974687 2.30542309 2.30109902 2.29677467 2.29245003
 2.28812511 2.2837999  2.2794744  2.27514862 2.27082254 2.26649618
 2.26216953 2.2578426  2.25351537 2.24918785 2.24486005 2.24053195
 2.23620357 2.23187489 2.22754593 2.22321667 2.21888712 2.21455728
 2.21022715 2.20589673 2.20156602 2.19723501 2.19290371 2.18857211
 2.18424023 2.17990805 2.17557557 2.1712428  2.16690974 2.16257638
 2.15824273 2.15390878 2.14957453 2.14523999 2.14090515 2.13657002
 2.13223459 2.12789886 2.12356283 2.11922651 2.11488989 2.11055297
 2.10621575 2.10187823 2.09754041 2.0932023  2.08886388 2.08452516
 2.08018615 2.07584683 2.07150721 2.06716729 2.06282707 2.05848654
 2.05414571 2.04980458 2.04546315 2.04112142 2.03677938 2.03243703
 2.02809439 2.02375143 2.01940818 2.01506462 2.01072075 2.00637658
 2.0020321  1.99768731 1.99334222 1.98899682 1.98465112 1.9803051
 1.97595878 1.97161215 1.96726522 1.96291797 1.95857041 1.95422255
 1.94987437 1.94552589 1.94117709 1.93682799 1.93247857 1.92812884
 1.9237788  1.91942845 1.91507779 1.91072681 1.90637552 1.90202392
 1.897672   1.89331977 1.88896723 1.88461437 1.88026119 1.87590771
 1.8715539  1.86719978 1.86284534 1.85849059 1.85413552 1.84978013
 1.84542443 1.84106841 1.83671207 1.83235541 1.82799843 1.82364114
 1.81928352 1.81492558 1.81056733 1.80620875 1.80184985 1.79749064
 1.7931311  1.78877123 1.78441105 1.78005054 1.77568972 1.77132856
 1.76696709 1.76260529 1.75824317 1.75388072 1.74951794 1.74515485
 1.74079142 1.73642767 1.7320636  1.72769919 1.72333447 1.71896941
 1.71460402 1.71023831 1.70587227 1.7015059  1.69713921 1.69277218
 1.68840482 1.68403713 1.67966912 1.67530077 1.67093209 1.66656308
 1.66219373 1.65782406 1.65345405 1.64908371 1.64471304 1.64034203
 1.63597069 1.63159901 1.627227   1.62285466 1.61848197 1.61410896
 1.6097356  1.60536191 1.60098789 1.59661352 1.59223882 1.58786378
 1.5834884  1.57911269 1.57473663 1.57036024 1.5659835  1.56160643
 1.55722901 1.55285125 1.54847315 1.54409471 1.53971593 1.5353368
 1.53095734 1.52657752 1.52219737 1.51781687 1.51343603 1.50905484
 1.5046733  1.50029142 1.4959092  1.49152663 1.48714371 1.48276044
 1.47837683 1.47399287 1.46960856 1.4652239  1.46083889 1.45645353
 1.45206782 1.44768177 1.44329536 1.4389086  1.43452149 1.43013402
 1.42574621 1.42135804 1.41696952 1.41258064 1.40819141 1.40380183
 1.39941189 1.3950216  1.39063095 1.38623994 1.38184858 1.37745686
 1.37306478 1.36867235 1.36427956 1.35988641 1.3554929  1.35109903
 1.3467048  1.34231021 1.33791526 1.33351995 1.32912428 1.32472824
 1.32033185 1.31593509 1.31153796 1.30714048 1.30274262 1.29834441
 1.29394583 1.28954688 1.28514757 1.28074789 1.27634785 1.27194743
 1.26754665 1.2631455  1.25874399 1.2543421  1.24993985 1.24553722
 1.24113423 1.23673086 1.23232712 1.22792301 1.22351853 1.21911368
 1.21470845 1.21030285 1.20589687 1.20149052 1.1970838  1.1926767
 1.18826922 1.18386137 1.17945314 1.17504454 1.17063555 1.16622619
 1.16181645 1.15740633 1.15299583 1.14858495 1.14417369 1.13976205
 1.13535003 1.13093762 1.12652483 1.12211166 1.11769811 1.11328417
 1.10886985 1.10445514 1.10004005 1.09562457 1.09120871 1.08679246
 1.08237582 1.07795879 1.07354137 1.06912357 1.06470538 1.06028679
 1.05586782 1.05144846 1.0470287  1.04260855 1.03818801 1.03376708
 1.02934575 1.02492403 1.02050192 1.01607941 1.01165651 1.00723321
 1.00280951 0.99838542 0.99396093 0.98953604 0.98511075 0.98068507
 0.97625898 0.9718325  0.96740562 0.96297833 0.95855064 0.95412256
 0.94969406 0.94526517 0.94083587 0.93640617 0.93197607 0.92754556
 0.92311464 0.91868332 0.9142516  0.90981946 0.90538692 0.90095397
 0.89652061 0.89208685 0.88765267 0.88321809 0.87878309 0.87434768
 0.86991187 0.86547564 0.861039   0.85660194 0.85216448 0.8477266
 0.8432883  0.8388496  0.83441047 0.82997093 0.82553098 0.82109061
 0.81664982 0.81220862 0.807767   0.80332496 0.7988825  0.79443963
 0.78999633 0.78555262 0.78110849 0.77666393 0.77221896 0.76777357
 0.76332775 0.75888151 0.75443485 0.74998777 0.74554027 0.74109234
 0.736644   0.73219522 0.72774603 0.72329641 0.71884637 0.71498016
 0.71052945 0.70607833 0.70162678 0.69717481 0.69272243 0.68826962
 0.6838164  0.67936275 0.67490869 0.67045421 0.66599931 0.66154399
 0.65708825 0.65263209 0.64817552 0.64371853 0.63926112 0.63480329
 0.63034505 0.62588639 0.62142732 0.61696783 0.61250793 0.60804762
 0.60358689 0.59912575 0.59466421 0.59020225 0.58573988 0.58127711
 0.57681393 0.57235034 0.56788636 0.56342197 0.55895718 0.55449199
 0.5500264  0.54556042 0.54109405 0.53662728 0.53216013 0.52769259
 0.52322467 0.51875637 0.51428769 0.50981863 0.5053492  0.5008794
 0.49640924 0.49193872 0.48746784 0.48299661 0.47852503 0.4740531
 0.46958084 0.46510824 0.46063532 0.45616207 0.45168851 0.44721464
 0.44274047 0.438266   0.43379125 0.42931622 0.42484092 0.42036535
 0.41588954 0.41141349 0.40693721 0.40246071 0.397984   0.39350711
 0.38903003 0.38455279 0.38007541 0.37559789 0.37112026 0.36664253
 0.36216472 0.35768687 0.35320898 0.34873108 0.34425319 0.33977536
 0.33529759 0.33081992 0.3263424  0.32186504 0.31738789 0.31291098
 0.30843437 0.30395808 0.29948219 0.29500672 0.29053175 0.28605733
 0.28158353 0.27711041 0.27263804 0.26816652 0.26369592 0.25922634
 0.25475788 0.25029065 0.24582476 0.24136035 0.23689755 0.23243652
 0.22797741 0.2235204  0.2190657  0.21461351 0.21016407 0.20571764
 0.20127449 0.19683493 0.19239931 0.18796801 0.18354143 0.17912005
 0.17470438 0.17029498 0.16589251 0.16149769 0.15711131 0.1527343
 0.14836768 0.14401261 0.13967044 0.13534268 0.13103107 0.12673764
 0.12246469 0.11821496 0.1139916  0.10979834 0.10563961 0.10152065
 0.09744779 0.09342865 0.08947256 0.08559099 0.08179822 0.07811222
 0.07455592 0.07115901 0.06796053 0.06501292 0.06238825 0.06018845
 0.05856307 0.05774239 0.0581056  0.06034128]
t =  [1.04250800e+09 1.04250804e+09 1.04250809e+09 1.04250813e+09
 1.04250817e+09 1.04250822e+09 1.04250826e+09 1.04250830e+09
 1.04250834e+09 1.04250839e+09 1.04250843e+09 1.04250847e+09
 1.04250852e+09 1.04250856e+09 1.04250860e+09 1.04250864e+09
 1.04250869e+09 1.04250873e+09 1.04250877e+09 1.04250881e+09
 1.04250886e+09 1.04250890e+09 1.04250894e+09 1.04250899e+09
 1.04250903e+09 1.04250907e+09 1.04250911e+09 1.04250916e+09
 1.04250920e+09 1.04250924e+09 1.04250929e+09 1.04250933e+09
 1.04250937e+09 1.04250941e+09 1.04250946e+09 1.04250950e+09
 1.04250954e+09 1.04250959e+09 1.04250963e+09 1.04250967e+09
 1.04250971e+09 1.04250976e+09 1.04250980e+09 1.04250984e+09
 1.04250989e+09 1.04250993e+09 1.04250997e+09 1.04251001e+09
 1.04251006e+09 1.04251010e+09 1.04251014e+09 1.04251018e+09
 1.04251023e+09 1.04251027e+09 1.04251031e+09 1.04251036e+09
 1.04251040e+09 1.04251044e+09 1.04251048e+09 1.04251053e+09
 1.04251057e+09 1.04251061e+09 1.04251066e+09 1.04251070e+09
 1.04251074e+09 1.04251078e+09 1.04251083e+09 1.04251087e+09
 1.04251091e+09 1.04251096e+09 1.04251100e+09 1.04251104e+09
 1.04251108e+09 1.04251113e+09 1.04251117e+09 1.04251121e+09
 1.04251126e+09 1.04251130e+09 1.04251134e+09 1.04251138e+09
 1.04251143e+09 1.04251147e+09 1.04251151e+09 1.04251156e+09
 1.04251160e+09 1.04251164e+09 1.04251168e+09 1.04251173e+09
 1.04251177e+09 1.04251181e+09 1.04251185e+09 1.04251190e+09
 1.04251194e+09 1.04251198e+09 1.04251203e+09 1.04251207e+09
 1.04251211e+09 1.04251215e+09 1.04251220e+09 1.04251224e+09
 1.04251228e+09 1.04251233e+09 1.04251237e+09 1.04251241e+09
 1.04251245e+09 1.04251250e+09 1.04251254e+09 1.04251258e+09
 1.04251263e+09 1.04251267e+09 1.04251271e+09 1.04251275e+09
 1.04251280e+09 1.04251284e+09 1.04251288e+09 1.04251293e+09
 1.04251297e+09 1.04251301e+09 1.04251305e+09 1.04251310e+09
 1.04251314e+09 1.04251318e+09 1.04251323e+09 1.04251327e+09
 1.04251331e+09 1.04251335e+09 1.04251340e+09 1.04251344e+09
 1.04251348e+09 1.04251352e+09 1.04251357e+09 1.04251361e+09
 1.04251365e+09 1.04251370e+09 1.04251374e+09 1.04251378e+09
 1.04251382e+09 1.04251387e+09 1.04251391e+09 1.04251395e+09
 1.04251400e+09 1.04251404e+09 1.04251408e+09 1.04251412e+09
 1.04251417e+09 1.04251421e+09 1.04251425e+09 1.04251430e+09
 1.04251434e+09 1.04251438e+09 1.04251442e+09 1.04251447e+09
 1.04251451e+09 1.04251455e+09 1.04251460e+09 1.04251464e+09
 1.04251468e+09 1.04251472e+09 1.04251477e+09 1.04251481e+09
 1.04251485e+09 1.04251490e+09 1.04251494e+09 1.04251498e+09
 1.04251502e+09 1.04251507e+09 1.04251511e+09 1.04251515e+09
 1.04251519e+09 1.04251524e+09 1.04251528e+09 1.04251532e+09
 1.04251537e+09 1.04251541e+09 1.04251545e+09 1.04251549e+09
 1.04251554e+09 1.04251558e+09 1.04251562e+09 1.04251567e+09
 1.04251571e+09 1.04251575e+09 1.04251579e+09 1.04251584e+09
 1.04251588e+09 1.04251592e+09 1.04251597e+09 1.04251601e+09
 1.04251605e+09 1.04251609e+09 1.04251614e+09 1.04251618e+09
 1.04251622e+09 1.04251627e+09 1.04251631e+09 1.04251635e+09
 1.04251639e+09 1.04251644e+09 1.04251648e+09 1.04251652e+09
 1.04251656e+09 1.04251661e+09 1.04251665e+09 1.04251669e+09
 1.04251674e+09 1.04251678e+09 1.04251682e+09 1.04251686e+09
 1.04251691e+09 1.04251695e+09 1.04251699e+09 1.04251704e+09
 1.04251708e+09 1.04251712e+09 1.04251716e+09 1.04251721e+09
 1.04251725e+09 1.04251729e+09 1.04251734e+09 1.04251738e+09
 1.04251742e+09 1.04251746e+09 1.04251751e+09 1.04251755e+09
 1.04251759e+09 1.04251764e+09 1.04251768e+09 1.04251772e+09
 1.04251776e+09 1.04251781e+09 1.04251785e+09 1.04251789e+09
 1.04251794e+09 1.04251798e+09 1.04251802e+09 1.04251806e+09
 1.04251811e+09 1.04251815e+09 1.04251819e+09 1.04251823e+09
 1.04251828e+09 1.04251832e+09 1.04251836e+09 1.04251841e+09
 1.04251845e+09 1.04251849e+09 1.04251853e+09 1.04251858e+09
 1.04251862e+09 1.04251866e+09 1.04251871e+09 1.04251875e+09
 1.04251879e+09 1.04251883e+09 1.04251888e+09 1.04251892e+09
 1.04251896e+09 1.04251901e+09 1.04251905e+09 1.04251909e+09
 1.04251913e+09 1.04251918e+09 1.04251922e+09 1.04251926e+09
 1.04251931e+09 1.04251935e+09 1.04251939e+09 1.04251943e+09
 1.04251948e+09 1.04251952e+09 1.04251956e+09 1.04251961e+09
 1.04251965e+09 1.04251969e+09 1.04251973e+09 1.04251978e+09
 1.04251982e+09 1.04251986e+09 1.04251990e+09 1.04251995e+09
 1.04251999e+09 1.04252003e+09 1.04252008e+09 1.04252012e+09
 1.04252016e+09 1.04252020e+09 1.04252025e+09 1.04252029e+09
 1.04252033e+09 1.04252038e+09 1.04252042e+09 1.04252046e+09
 1.04252050e+09 1.04252055e+09 1.04252059e+09 1.04252063e+09
 1.04252068e+09 1.04252072e+09 1.04252076e+09 1.04252080e+09
 1.04252085e+09 1.04252089e+09 1.04252093e+09 1.04252098e+09
 1.04252102e+09 1.04252106e+09 1.04252110e+09 1.04252115e+09
 1.04252119e+09 1.04252123e+09 1.04252128e+09 1.04252132e+09
 1.04252136e+09 1.04252140e+09 1.04252145e+09 1.04252149e+09
 1.04252153e+09 1.04252157e+09 1.04252162e+09 1.04252166e+09
 1.04252170e+09 1.04252175e+09 1.04252179e+09 1.04252183e+09
 1.04252187e+09 1.04252192e+09 1.04252196e+09 1.04252200e+09
 1.04252205e+09 1.04252209e+09 1.04252213e+09 1.04252217e+09
 1.04252222e+09 1.04252226e+09 1.04252230e+09 1.04252235e+09
 1.04252239e+09 1.04252243e+09 1.04252247e+09 1.04252252e+09
 1.04252256e+09 1.04252260e+09 1.04252265e+09 1.04252269e+09
 1.04252273e+09 1.04252277e+09 1.04252282e+09 1.04252286e+09
 1.04252290e+09 1.04252295e+09 1.04252299e+09 1.04252303e+09
 1.04252307e+09 1.04252312e+09 1.04252316e+09 1.04252320e+09
 1.04252324e+09 1.04252329e+09 1.04252333e+09 1.04252337e+09
 1.04252342e+09 1.04252346e+09 1.04252350e+09 1.04252354e+09
 1.04252359e+09 1.04252363e+09 1.04252367e+09 1.04252372e+09
 1.04252376e+09 1.04252380e+09 1.04252384e+09 1.04252389e+09
 1.04252393e+09 1.04252397e+09 1.04252402e+09 1.04252406e+09
 1.04252410e+09 1.04252414e+09 1.04252419e+09 1.04252423e+09
 1.04252427e+09 1.04252432e+09 1.04252436e+09 1.04252440e+09
 1.04252444e+09 1.04252449e+09 1.04252453e+09 1.04252457e+09
 1.04252461e+09 1.04252466e+09 1.04252470e+09 1.04252474e+09
 1.04252479e+09 1.04252483e+09 1.04252487e+09 1.04252491e+09
 1.04252496e+09 1.04252500e+09 1.04252504e+09 1.04252509e+09
 1.04252513e+09 1.04252517e+09 1.04252521e+09 1.04252526e+09
 1.04252530e+09 1.04252534e+09 1.04252539e+09 1.04252543e+09
 1.04252547e+09 1.04252551e+09 1.04252556e+09 1.04252560e+09
 1.04252564e+09 1.04252569e+09 1.04252573e+09 1.04252577e+09
 1.04252581e+09 1.04252586e+09 1.04252590e+09 1.04252594e+09
 1.04252599e+09 1.04252603e+09 1.04252607e+09 1.04252611e+09
 1.04252616e+09 1.04252620e+09 1.04252624e+09 1.04252628e+09
 1.04252633e+09 1.04252637e+09 1.04252641e+09 1.04252646e+09
 1.04252650e+09 1.04252654e+09 1.04252658e+09 1.04252663e+09
 1.04252667e+09 1.04252671e+09 1.04252676e+09 1.04252680e+09
 1.04252684e+09 1.04252688e+09 1.04252693e+09 1.04252697e+09
 1.04252701e+09 1.04252706e+09 1.04252710e+09 1.04252714e+09
 1.04252718e+09 1.04252723e+09 1.04252727e+09 1.04252731e+09
 1.04252736e+09 1.04252740e+09 1.04252744e+09 1.04252748e+09
 1.04252753e+09 1.04252757e+09 1.04252761e+09 1.04252766e+09
 1.04252770e+09 1.04252774e+09 1.04252778e+09 1.04252783e+09
 1.04252787e+09 1.04252791e+09 1.04252795e+09 1.04252800e+09
 1.04252804e+09 1.04252808e+09 1.04252813e+09 1.04252817e+09
 1.04252821e+09 1.04252825e+09 1.04252830e+09 1.04252834e+09
 1.04252838e+09 1.04252843e+09 1.04252847e+09 1.04252851e+09
 1.04252855e+09 1.04252860e+09 1.04252864e+09 1.04252868e+09
 1.04252873e+09 1.04252877e+09 1.04252881e+09 1.04252885e+09
 1.04252890e+09 1.04252894e+09 1.04252898e+09 1.04252903e+09
 1.04252907e+09 1.04252911e+09 1.04252915e+09 1.04252920e+09
 1.04252924e+09 1.04252928e+09 1.04252933e+09 1.04252937e+09
 1.04252941e+09 1.04252945e+09 1.04252950e+09 1.04252954e+09
 1.04252958e+09 1.04252962e+09 1.04252967e+09 1.04252971e+09
 1.04252975e+09 1.04252980e+09 1.04252984e+09 1.04252988e+09
 1.04252992e+09 1.04252997e+09 1.04253001e+09 1.04253005e+09
 1.04253010e+09 1.04253014e+09 1.04253018e+09 1.04253022e+09
 1.04253027e+09 1.04253031e+09 1.04253035e+09 1.04253040e+09
 1.04253044e+09 1.04253048e+09 1.04253052e+09 1.04253057e+09
 1.04253061e+09 1.04253065e+09 1.04253070e+09 1.04253074e+09
 1.04253078e+09 1.04253082e+09 1.04253087e+09 1.04253091e+09
 1.04253095e+09 1.04253100e+09 1.04253104e+09 1.04253108e+09
 1.04253112e+09 1.04253117e+09 1.04253121e+09 1.04253125e+09
 1.04253129e+09 1.04253134e+09 1.04253138e+09 1.04253142e+09
 1.04253147e+09 1.04253151e+09 1.04253155e+09 1.04253159e+09
 1.04253164e+09 1.04253168e+09 1.04253172e+09 1.04253177e+09
 1.04253181e+09 1.04253185e+09 1.04253189e+09 1.04253194e+09
 1.04253198e+09 1.04253202e+09 1.04253207e+09 1.04253211e+09
 1.04253215e+09 1.04253219e+09 1.04253224e+09 1.04253228e+09
 1.04253232e+09 1.04253237e+09 1.04253241e+09 1.04253245e+09
 1.04253249e+09 1.04253254e+09 1.04253258e+09 1.04253262e+09
 1.04253266e+09 1.04253271e+09 1.04253275e+09 1.04253279e+09
 1.04253284e+09 1.04253288e+09 1.04253292e+09 1.04253296e+09
 1.04253301e+09 1.04253305e+09 1.04253309e+09 1.04253314e+09
 1.04253318e+09 1.04253322e+09 1.04253326e+09 1.04253331e+09
 1.04253335e+09 1.04253339e+09 1.04253344e+09 1.04253348e+09
 1.04253352e+09 1.04253356e+09 1.04253361e+09 1.04253365e+09
 1.04253369e+09 1.04253374e+09 1.04253378e+09 1.04253382e+09
 1.04253386e+09 1.04253391e+09 1.04253395e+09 1.04253399e+09
 1.04253404e+09 1.04253408e+09 1.04253412e+09 1.04253416e+09
 1.04253421e+09 1.04253425e+09 1.04253429e+09 1.04253433e+09
 1.04253438e+09 1.04253442e+09 1.04253446e+09 1.04253451e+09
 1.04253455e+09 1.04253459e+09 1.04253463e+09 1.04253468e+09
 1.04253472e+09 1.04253476e+09 1.04253481e+09 1.04253485e+09
 1.04253489e+09 1.04253493e+09 1.04253498e+09 1.04253502e+09
 1.04253506e+09 1.04253511e+09 1.04253515e+09 1.04253519e+09
 1.04253523e+09 1.04253528e+09 1.04253532e+09 1.04253536e+09
 1.04253541e+09 1.04253545e+09 1.04253549e+09 1.04253553e+09
 1.04253558e+09 1.04253562e+09 1.04253566e+09 1.04253571e+09
 1.04253575e+09 1.04253579e+09 1.04253583e+09 1.04253588e+09
 1.04253592e+09 1.04253596e+09 1.04253600e+09 1.04253605e+09
 1.04253609e+09 1.04253613e+09 1.04253618e+09 1.04253622e+09
 1.04253626e+09 1.04253630e+09 1.04253635e+09 1.04253639e+09
 1.04253643e+09 1.04253648e+09 1.04253652e+09 1.04253656e+09
 1.04253660e+09 1.04253665e+09 1.04253669e+09 1.04253673e+09
 1.04253678e+09 1.04253682e+09 1.04253686e+09 1.04253690e+09
 1.04253695e+09 1.04253699e+09 1.04253703e+09 1.04253708e+09
 1.04253712e+09 1.04253716e+09 1.04253720e+09 1.04253725e+09
 1.04253729e+09 1.04253733e+09 1.04253738e+09 1.04253742e+09
 1.04253746e+09 1.04253750e+09 1.04253755e+09 1.04253759e+09
 1.04253763e+09 1.04253767e+09 1.04253772e+09 1.04253776e+09
 1.04253780e+09 1.04253785e+09 1.04253789e+09 1.04253793e+09
 1.04253797e+09 1.04253802e+09 1.04253806e+09 1.04253810e+09
 1.04253815e+09 1.04253819e+09 1.04253823e+09 1.04253827e+09
 1.04253832e+09 1.04253836e+09 1.04253840e+09 1.04253845e+09
 1.04253849e+09 1.04253853e+09 1.04253857e+09 1.04253862e+09
 1.04253866e+09 1.04253870e+09 1.04253875e+09 1.04253879e+09
 1.04253883e+09 1.04253887e+09 1.04253892e+09 1.04253896e+09
 1.04253900e+09 1.04253905e+09 1.04253909e+09 1.04253913e+09
 1.04253917e+09 1.04253922e+09 1.04253926e+09 1.04253930e+09
 1.04253934e+09 1.04253939e+09 1.04253943e+09 1.04253947e+09
 1.04253952e+09 1.04253956e+09 1.04253960e+09 1.04253964e+09
 1.04253969e+09 1.04253973e+09 1.04253977e+09 1.04253982e+09
 1.04253986e+09 1.04253990e+09 1.04253994e+09 1.04253999e+09
 1.04254003e+09 1.04254007e+09 1.04254012e+09 1.04254016e+09
 1.04254020e+09 1.04254024e+09 1.04254029e+09 1.04254033e+09
 1.04254037e+09 1.04254042e+09 1.04254046e+09 1.04254050e+09
 1.04254054e+09 1.04254059e+09 1.04254063e+09 1.04254067e+09
 1.04254071e+09 1.04254076e+09 1.04254080e+09 1.04254084e+09
 1.04254089e+09 1.04254093e+09 1.04254097e+09 1.04254101e+09
 1.04254106e+09 1.04254110e+09 1.04254114e+09 1.04254119e+09
 1.04254123e+09 1.04254127e+09 1.04254131e+09 1.04254136e+09
 1.04254140e+09 1.04254144e+09 1.04254149e+09 1.04254153e+09
 1.04254157e+09 1.04254161e+09 1.04254166e+09 1.04254170e+09
 1.04254174e+09 1.04254179e+09 1.04254183e+09 1.04254187e+09
 1.04254191e+09 1.04254196e+09 1.04254200e+09 1.04254204e+09
 1.04254209e+09 1.04254213e+09 1.04254217e+09 1.04254221e+09
 1.04254226e+09 1.04254230e+09 1.04254234e+09 1.04254238e+09
 1.04254243e+09 1.04254247e+09 1.04254251e+09 1.04254256e+09
 1.04254260e+09 1.04254264e+09 1.04254268e+09 1.04254273e+09
 1.04254277e+09 1.04254281e+09 1.04254286e+09 1.04254290e+09
 1.04254294e+09 1.04254298e+09 1.04254303e+09 1.04254307e+09
 1.04254311e+09 1.04254316e+09 1.04254320e+09 1.04254324e+09
 1.04254328e+09 1.04254333e+09 1.04254337e+09 1.04254341e+09
 1.04254346e+09 1.04254350e+09 1.04254354e+09 1.04254358e+09
 1.04254363e+09 1.04254367e+09 1.04254371e+09 1.04254376e+09
 1.04254380e+09 1.04254384e+09 1.04254388e+09 1.04254393e+09
 1.04254397e+09 1.04254401e+09 1.04254405e+09 1.04254410e+09
 1.04254414e+09 1.04254418e+09 1.04254423e+09 1.04254427e+09
 1.04254431e+09 1.04254435e+09 1.04254440e+09 1.04254444e+09
 1.04254448e+09 1.04254453e+09 1.04254457e+09 1.04254461e+09
 1.04254465e+09 1.04254470e+09 1.04254474e+09 1.04254478e+09
 1.04254483e+09 1.04254487e+09 1.04254491e+09 1.04254495e+09
 1.04254500e+09 1.04254504e+09 1.04254508e+09 1.04254513e+09
 1.04254517e+09 1.04254521e+09 1.04254525e+09 1.04254530e+09
 1.04254534e+09 1.04254538e+09 1.04254543e+09 1.04254547e+09
 1.04254551e+09 1.04254555e+09 1.04254560e+09 1.04254564e+09
 1.04254568e+09 1.04254572e+09 1.04254577e+09 1.04254581e+09
 1.04254585e+09 1.04254590e+09 1.04254594e+09 1.04254598e+09
 1.04254602e+09 1.04254607e+09 1.04254611e+09 1.04254615e+09
 1.04254620e+09 1.04254624e+09 1.04254628e+09 1.04254632e+09
 1.04254637e+09 1.04254641e+09 1.04254645e+09 1.04254650e+09
 1.04254654e+09 1.04254658e+09 1.04254662e+09 1.04254667e+09
 1.04254671e+09 1.04254675e+09 1.04254680e+09 1.04254684e+09
 1.04254688e+09 1.04254692e+09 1.04254697e+09 1.04254701e+09
 1.04254705e+09 1.04254709e+09 1.04254714e+09 1.04254718e+09
 1.04254722e+09 1.04254727e+09 1.04254731e+09 1.04254735e+09
 1.04254739e+09 1.04254744e+09 1.04254748e+09 1.04254752e+09
 1.04254757e+09 1.04254761e+09 1.04254765e+09 1.04254769e+09
 1.04254774e+09 1.04254778e+09 1.04254782e+09 1.04254787e+09
 1.04254791e+09 1.04254795e+09 1.04254799e+09 1.04254804e+09
 1.04254808e+09 1.04254812e+09 1.04254817e+09 1.04254821e+09
 1.04254825e+09 1.04254829e+09 1.04254834e+09 1.04254838e+09
 1.04254842e+09 1.04254847e+09 1.04254851e+09 1.04254855e+09
 1.04254859e+09 1.04254864e+09 1.04254868e+09 1.04254872e+09
 1.04254876e+09 1.04254881e+09 1.04254885e+09 1.04254889e+09
 1.04254894e+09 1.04254898e+09 1.04254902e+09 1.04254906e+09
 1.04254911e+09 1.04254915e+09 1.04254919e+09 1.04254924e+09
 1.04254928e+09 1.04254932e+09 1.04254936e+09 1.04254941e+09
 1.04254945e+09 1.04254949e+09 1.04254954e+09 1.04254958e+09
 1.04254962e+09 1.04254966e+09 1.04254971e+09 1.04254975e+09
 1.04254979e+09 1.04254984e+09 1.04254988e+09 1.04254992e+09
 1.04254996e+09 1.04255001e+09 1.04255005e+09 1.04255009e+09
 1.04255014e+09 1.04255018e+09 1.04255022e+09 1.04255026e+09
 1.04255031e+09 1.04255035e+09 1.04255039e+09 1.04255043e+09
 1.04255048e+09 1.04255052e+09 1.04255056e+09 1.04255061e+09
 1.04255065e+09 1.04255069e+09 1.04255073e+09 1.04255078e+09]
minRes = 0.057742393320766874
minResTime =  [1.04255069e+09]
